37.0,-483.0,930.0,12:23:36.922056
42.0,-479.0,931.0,12:23:36.930695
38.0,-483.0,927.0,12:23:36.940752
34.0,-482.0,929.0,12:23:36.953482
32.0,-484.0,931.0,12:23:36.973782
29.0,-481.0,932.0,12:23:37.004236
37.0,-478.0,926.0,12:23:37.010691
41.0,-476.0,930.0,12:23:37.048981
43.0,-474.0,932.0,12:23:37.059478
45.0,-478.0,930.0,12:23:37.068627
48.0,-475.0,928.0,12:23:37.078862
51.0,-477.0,925.0,12:23:37.099137
52.0,-478.0,929.0,12:23:37.108304
54.0,-479.0,926.0,12:23:37.118487
57.0,-474.0,924.0,12:23:37.137614
51.0,-473.0,927.0,12:23:37.147832
56.0,-477.0,930.0,12:23:37.158050
50.0,-473.0,935.0,12:23:37.167201
48.0,-471.0,931.0,12:23:37.177396
45.0,-478.0,929.0,12:23:37.197558
44.0,-476.0,930.0,12:23:37.206642
39.0,-477.0,932.0,12:23:37.216980
33.0,-472.0,931.0,12:23:37.226297
34.0,-476.0,934.0,12:23:37.236857
29.0,-478.0,935.0,12:23:37.246024
28.0,-476.0,931.0,12:23:37.256380
29.0,-479.0,935.0,12:23:37.266157
30.0,-482.0,930.0,12:23:37.276075
34.0,-481.0,926.0,12:23:37.295713
37.0,-480.0,930.0,12:23:37.306701
40.0,-481.0,931.0,12:23:37.334498
42.0,-478.0,926.0,12:23:37.344373
43.0,-476.0,931.0,12:23:37.374656
44.0,-482.0,926.0,12:23:37.395172
40.0,-479.0,928.0,12:23:37.403778
41.0,-482.0,929.0,12:23:37.423318
42.0,-481.0,930.0,12:23:37.433241
43.0,-483.0,929.0,12:23:37.464587
42.0,-482.0,926.0,12:23:37.473312
45.0,-478.0,930.0,12:23:37.493692
42.0,-479.0,928.0,12:23:37.503067
44.0,-473.0,926.0,12:23:37.532272
43.0,-475.0,936.0,12:23:37.552903
46.0,-474.0,935.0,12:23:37.562165
44.0,-470.0,933.0,12:23:37.571601
45.0,-471.0,932.0,12:23:37.601776
43.0,-477.0,928.0,12:23:37.640368
44.0,-479.0,924.0,12:23:37.651546
42.0,-478.0,927.0,12:23:37.660850
41.0,-480.0,928.0,12:23:37.670551
40.0,-479.0,927.0,12:23:37.690416
42.0,-478.0,925.0,12:23:37.709714
38.0,-480.0,929.0,12:23:37.719518
39.0,-483.0,936.0,12:23:37.730040
40.0,-478.0,927.0,12:23:37.749552
42.0,-480.0,929.0,12:23:37.770050
43.0,-479.0,931.0,12:23:37.778642
42.0,-477.0,930.0,12:23:37.789361
45.0,-476.0,932.0,12:23:37.799172
46.0,-477.0,929.0,12:23:37.808994
47.0,-474.0,930.0,12:23:37.828628
46.0,-471.0,931.0,12:23:37.838898
48.0,-476.0,928.0,12:23:37.848211
51.0,-473.0,930.0,12:23:37.867551
47.0,-475.0,934.0,12:23:37.878026
48.0,-474.0,926.0,12:23:37.887851
47.0,-478.0,932.0,12:23:37.919392
46.0,-474.0,926.0,12:23:37.943699
44.0,-477.0,927.0,12:23:37.946233
42.0,-480.0,932.0,12:23:37.965668
43.0,-481.0,931.0,12:23:37.976404
40.0,-476.0,933.0,12:23:37.985875
41.0,-478.0,932.0,12:23:37.995314
43.0,-477.0,934.0,12:23:38.005697
42.0,-475.0,933.0,12:23:38.015185
43.0,-479.0,931.0,12:23:38.044345
39.0,-478.0,930.0,12:23:38.054940
40.0,-474.0,935.0,12:23:38.065693
39.0,-478.0,932.0,12:23:38.074420
40.0,-474.0,929.0,12:23:38.084851
36.0,-480.0,933.0,12:23:38.100844
40.0,-479.0,935.0,12:23:38.104458
41.0,-481.0,929.0,12:23:38.120847
39.0,-479.0,928.0,12:23:38.124494
43.0,-478.0,929.0,12:23:38.133655
40.0,-479.0,932.0,12:23:38.144136
42.0,-474.0,935.0,12:23:38.163119
43.0,-475.0,930.0,12:23:38.183077
42.0,-473.0,932.0,12:23:38.193397
41.0,-475.0,931.0,12:23:38.203042
44.0,-471.0,933.0,12:23:38.212942
43.0,-477.0,930.0,12:23:38.223004
44.0,-478.0,929.0,12:23:38.239559
43.0,-476.0,932.0,12:23:38.273458
44.0,-473.0,930.0,12:23:38.283689
45.0,-472.0,931.0,12:23:38.303947
43.0,-474.0,933.0,12:23:38.311847
44.0,-472.0,932.0,12:23:38.320705
45.0,-476.0,930.0,12:23:38.344749
41.0,-478.0,933.0,12:23:38.354817
40.0,-477.0,927.0,12:23:38.361695
44.0,-478.0,926.0,12:23:38.372337
42.0,-477.0,927.0,12:23:38.380808
43.0,-484.0,930.0,12:23:38.399794
41.0,-481.0,929.0,12:23:38.440735
44.0,-478.0,928.0,12:23:38.499426
47.0,-479.0,929.0,12:23:38.508155
50.0,-475.0,931.0,12:23:38.528386
53.0,-478.0,927.0,12:23:38.555652
54.0,-476.0,928.0,12:23:38.567974
51.0,-477.0,930.0,12:23:38.606944
49.0,-481.0,926.0,12:23:38.638667
47.0,-479.0,928.0,12:23:38.659427
46.0,-484.0,931.0,12:23:38.669566
47.0,-485.0,926.0,12:23:38.679636
46.0,-482.0,929.0,12:23:38.730404
45.0,-480.0,927.0,12:23:38.735092
48.0,-479.0,929.0,12:23:38.750876
46.0,-478.0,932.0,12:23:38.769663
48.0,-479.0,928.0,12:23:38.789675
47.0,-477.0,930.0,12:23:38.794547
48.0,-475.0,926.0,12:23:38.809649
49.0,-479.0,931.0,12:23:38.819692
48.0,-473.0,930.0,12:23:38.840878
50.0,-472.0,934.0,12:23:38.853543
44.0,-476.0,928.0,12:23:38.883110
45.0,-474.0,931.0,12:23:38.893145
44.0,-477.0,928.0,12:23:38.911967
42.0,-480.0,930.0,12:23:38.922072
32.0,-477.0,934.0,12:23:38.941996
35.0,-480.0,930.0,12:23:38.953940
33.0,-478.0,935.0,12:23:38.971866
27.0,-474.0,934.0,12:23:39.004598
30.0,-471.0,937.0,12:23:39.014787
28.0,-472.0,936.0,12:23:39.024923
32.0,-480.0,939.0,12:23:39.057597
33.0,-478.0,933.0,12:23:39.066099
39.0,-477.0,930.0,12:23:39.080818
41.0,-476.0,932.0,12:23:39.103887
40.0,-480.0,931.0,12:23:39.116278
42.0,-475.0,933.0,12:23:39.119871
47.0,-480.0,930.0,12:23:39.136584
45.0,-475.0,928.0,12:23:39.139095
44.0,-478.0,927.0,12:23:39.165887
43.0,-480.0,929.0,12:23:39.169613
38.0,-481.0,930.0,12:23:39.188513
39.0,-483.0,926.0,12:23:39.198650
31.0,-480.0,928.0,12:23:39.209484
30.0,-484.0,930.0,12:23:39.228200
27.0,-480.0,931.0,12:23:39.238465
22.0,-477.0,937.0,12:23:39.268574
21.0,-475.0,936.0,12:23:39.277480
22.0,-474.0,938.0,12:23:39.296507
23.0,-471.0,936.0,12:23:39.312824
34.0,-476.0,937.0,12:23:39.329582
42.0,-472.0,935.0,12:23:39.339641
44.0,-473.0,932.0,12:23:39.349739
49.0,-471.0,930.0,12:23:39.365640
59.0,-473.0,929.0,12:23:39.375927
62.0,-469.0,930.0,12:23:39.385769
67.0,-472.0,929.0,12:23:39.405310
74.0,-468.0,930.0,12:23:39.420871
75.0,-469.0,925.0,12:23:39.425630
64.0,-473.0,928.0,12:23:39.435717
59.0,-471.0,927.0,12:23:39.451455
57.0,-470.0,928.0,12:23:39.470037
58.0,-472.0,930.0,12:23:39.480474
57.0,-470.0,928.0,12:23:39.482070
48.0,-473.0,931.0,12:23:39.504642
41.0,-470.0,932.0,12:23:39.532610
30.0,-480.0,935.0,12:23:39.548981
34.0,-478.0,932.0,12:23:39.555296
44.0,-472.0,931.0,12:23:39.562954
47.0,-474.0,930.0,12:23:39.583260
51.0,-475.0,931.0,12:23:39.593607
58.0,-474.0,929.0,12:23:39.620941
68.0,-475.0,927.0,12:23:39.665567
62.0,-466.0,931.0,12:23:39.683958
58.0,-472.0,929.0,12:23:39.710848
51.0,-480.0,934.0,12:23:39.721231
39.0,-476.0,932.0,12:23:39.744566
40.0,-472.0,937.0,12:23:39.770959
39.0,-471.0,933.0,12:23:39.780802
37.0,-477.0,934.0,12:23:39.790880
39.0,-470.0,941.0,12:23:39.817971
38.0,-471.0,942.0,12:23:39.825881
35.0,-467.0,940.0,12:23:39.863373
34.0,-472.0,942.0,12:23:39.877767
38.0,-474.0,929.0,12:23:39.886711
36.0,-477.0,930.0,12:23:39.889493
35.0,-482.0,935.0,12:23:39.908178
34.0,-487.0,926.0,12:23:39.934833
36.0,-488.0,925.0,12:23:39.948817
33.0,-492.0,926.0,12:23:39.958933
39.0,-493.0,925.0,12:23:39.979325
36.0,-491.0,920.0,12:23:39.989507
37.0,-490.0,924.0,12:23:39.999592
34.0,-487.0,925.0,12:23:40.007144
36.0,-483.0,934.0,12:23:40.049952
32.0,-485.0,927.0,12:23:40.051761
33.0,-479.0,926.0,12:23:40.061044
32.0,-480.0,936.0,12:23:40.081094
33.0,-475.0,935.0,12:23:40.098335
38.0,-469.0,932.0,12:23:40.111652
39.0,-465.0,937.0,12:23:40.130359
41.0,-468.0,936.0,12:23:40.154311
48.0,-466.0,928.0,12:23:40.178011
53.0,-470.0,937.0,12:23:40.187786
54.0,-473.0,929.0,12:23:40.208801
53.0,-479.0,928.0,12:23:40.253202
46.0,-476.0,930.0,12:23:40.273086
43.0,-473.0,933.0,12:23:40.283849
38.0,-476.0,932.0,12:23:40.304755
32.0,-480.0,934.0,12:23:40.331982
29.0,-483.0,933.0,12:23:40.341867
30.0,-484.0,928.0,12:23:40.351939
33.0,-486.0,933.0,12:23:40.362042
34.0,-488.0,930.0,12:23:40.372275
35.0,-490.0,928.0,12:23:40.381987
37.0,-489.0,929.0,12:23:40.391925
41.0,-485.0,925.0,12:23:40.410786
44.0,-480.0,927.0,12:23:40.440758
42.0,-477.0,931.0,12:23:40.450756
44.0,-478.0,930.0,12:23:40.471077
45.0,-477.0,929.0,12:23:40.480736
44.0,-474.0,931.0,12:23:40.500761
42.0,-479.0,933.0,12:23:40.510719
45.0,-475.0,934.0,12:23:40.527473
47.0,-474.0,931.0,12:23:40.529967
45.0,-471.0,926.0,12:23:40.547807
47.0,-469.0,939.0,12:23:40.568969
45.0,-472.0,933.0,12:23:40.579559
43.0,-471.0,932.0,12:23:40.591678
39.0,-476.0,930.0,12:23:40.618027
40.0,-474.0,929.0,12:23:40.638142
41.0,-475.0,932.0,12:23:40.639571
43.0,-474.0,930.0,12:23:40.669657
46.0,-473.0,931.0,12:23:40.679778
45.0,-471.0,932.0,12:23:40.709046
46.0,-469.0,931.0,12:23:40.720352
45.0,-466.0,934.0,12:23:40.727318
44.0,-473.0,931.0,12:23:40.740856
43.0,-475.0,930.0,12:23:40.760862
45.0,-477.0,932.0,12:23:40.766688
42.0,-476.0,930.0,12:23:40.799739
44.0,-474.0,931.0,12:23:40.815861
46.0,-471.0,934.0,12:23:40.840935
50.0,-475.0,929.0,12:23:40.844639
53.0,-473.0,925.0,12:23:40.857023
56.0,-474.0,931.0,12:23:40.876295
55.0,-478.0,925.0,12:23:40.897762
56.0,-480.0,926.0,12:23:40.908085
54.0,-485.0,925.0,12:23:40.933946
51.0,-487.0,924.0,12:23:40.953908
49.0,-483.0,925.0,12:23:40.963532
48.0,-478.0,927.0,12:23:40.982605
43.0,-481.0,935.0,12:23:41.002236
38.0,-482.0,932.0,12:23:41.013111
39.0,-485.0,928.0,12:23:41.062008
40.0,-487.0,926.0,12:23:41.071857
44.0,-485.0,921.0,12:23:41.081908
42.0,-482.0,927.0,12:23:41.091950
47.0,-481.0,930.0,12:23:41.101901
49.0,-482.0,928.0,12:23:41.111925
53.0,-478.0,926.0,12:23:41.130824
54.0,-475.0,931.0,12:23:41.151354
50.0,-472.0,932.0,12:23:41.160760
47.0,-471.0,934.0,12:23:41.179552
45.0,-472.0,930.0,12:23:41.197691
42.0,-471.0,937.0,12:23:41.200209
39.0,-470.0,934.0,12:23:41.216674
27.0,-468.0,939.0,12:23:41.239210
29.0,-471.0,941.0,12:23:41.268563
30.0,-473.0,936.0,12:23:41.278695
32.0,-477.0,938.0,12:23:41.288831
35.0,-475.0,936.0,12:23:41.299027
40.0,-483.0,929.0,12:23:41.309181
38.0,-480.0,931.0,12:23:41.319398
40.0,-477.0,925.0,12:23:41.329556
43.0,-478.0,930.0,12:23:41.339631
44.0,-482.0,931.0,12:23:41.349786
46.0,-479.0,928.0,12:23:41.359932
51.0,-484.0,924.0,12:23:41.379080
54.0,-476.0,923.0,12:23:41.380637
53.0,-474.0,927.0,12:23:41.400611
58.0,-473.0,929.0,12:23:41.407597
57.0,-470.0,930.0,12:23:41.420775
56.0,-469.0,934.0,12:23:41.426649
52.0,-474.0,925.0,12:23:41.446351
56.0,-473.0,926.0,12:23:41.466285
55.0,-472.0,932.0,12:23:41.480762
49.0,-478.0,931.0,12:23:41.489624
54.0,-476.0,929.0,12:23:41.500779
53.0,-473.0,927.0,12:23:41.509553
49.0,-483.0,928.0,12:23:41.520693
45.0,-476.0,926.0,12:23:41.529561
50.0,-474.0,933.0,12:23:41.550702
52.0,-472.0,930.0,12:23:41.559551
51.0,-474.0,928.0,12:23:41.569561
52.0,-476.0,932.0,12:23:41.590729
59.0,-437.0,937.0,12:23:41.594501
34.0,-500.0,918.0,12:23:41.610342
43.0,-484.0,926.0,12:23:41.614085
48.0,-482.0,929.0,12:23:41.625039
47.0,-478.0,928.0,12:23:41.638119
50.0,-473.0,929.0,12:23:41.644244
47.0,-475.0,932.0,12:23:41.657268
49.0,-479.0,927.0,12:23:41.663323
42.0,-474.0,924.0,12:23:41.676589
49.0,-485.0,933.0,12:23:41.693011
52.0,-475.0,930.0,12:23:41.707692
45.0,-474.0,934.0,12:23:41.718326
42.0,-476.0,929.0,12:23:41.724636
50.0,-470.0,927.0,12:23:41.734792
26.0,-486.0,945.0,12:23:41.741807
61.0,-479.0,937.0,12:23:41.757229
24.0,-482.0,935.0,12:23:41.769526
56.0,-472.0,927.0,12:23:41.773172
28.0,-475.0,937.0,12:23:41.781913
39.0,-469.0,936.0,12:23:41.791997
19.0,-472.0,946.0,12:23:41.801946
36.0,-473.0,938.0,12:23:41.811065
30.0,-488.0,940.0,12:23:41.820748
45.0,-489.0,929.0,12:23:41.837070
28.0,-494.0,936.0,12:23:41.840678
38.0,-474.0,932.0,12:23:41.851636
20.0,-480.0,938.0,12:23:41.867789
24.0,-483.0,933.0,12:23:41.870261
67.0,-491.0,936.0,12:23:41.916598
51.0,-498.0,954.0,12:23:41.923975
50.0,-475.0,943.0,12:23:41.933176
42.0,-476.0,944.0,12:23:41.942055
66.0,-464.0,918.0,12:23:41.950639
77.0,-469.0,899.0,12:23:41.962056
82.0,-484.0,930.0,12:23:41.972187
77.0,-477.0,952.0,12:23:41.985194
59.0,-476.0,940.0,12:23:41.991138
54.0,-461.0,935.0,12:23:42.004075
73.0,-454.0,931.0,12:23:42.012496
77.0,-437.0,920.0,12:23:42.019573
51.0,-432.0,931.0,12:23:42.030576
68.0,-441.0,950.0,12:23:42.045360
74.0,-450.0,954.0,12:23:42.053489
107.0,-444.0,944.0,12:23:42.061288
130.0,-468.0,929.0,12:23:42.070748
123.0,-460.0,914.0,12:23:42.090893
90.0,-448.0,929.0,12:23:42.105483
62.0,-442.0,951.0,12:23:42.110159
71.0,-433.0,935.0,12:23:42.129570
103.0,-432.0,923.0,12:23:42.139201
122.0,-439.0,916.0,12:23:42.147093
130.0,-446.0,933.0,12:23:42.157305
151.0,-457.0,947.0,12:23:42.166429
129.0,-452.0,946.0,12:23:42.176729
101.0,-445.0,920.0,12:23:42.186167
95.0,-455.0,910.0,12:23:42.196000
84.0,-452.0,941.0,12:23:42.206602
69.0,-455.0,957.0,12:23:42.218162
39.0,-464.0,954.0,12:23:42.226267
58.0,-458.0,929.0,12:23:42.236017
73.0,-464.0,907.0,12:23:42.245404
99.0,-458.0,912.0,12:23:42.257262
104.0,-468.0,932.0,12:23:42.269591
111.0,-465.0,948.0,12:23:42.280772
100.0,-461.0,930.0,12:23:42.293981
87.0,-466.0,904.0,12:23:42.304109
86.0,-471.0,901.0,12:23:42.320751
71.0,-490.0,919.0,12:23:42.324420
57.0,-503.0,936.0,12:23:42.334544
43.0,-498.0,933.0,12:23:42.343823
63.0,-485.0,922.0,12:23:42.354847
103.0,-471.0,907.0,12:23:42.365034
66.0,-483.0,886.0,12:23:42.375159
98.0,-510.0,891.0,12:23:42.385350
109.0,-513.0,929.0,12:23:42.395462
117.0,-522.0,951.0,12:23:42.405600
109.0,-519.0,933.0,12:23:42.415753
124.0,-492.0,885.0,12:23:42.425891
152.0,-489.0,897.0,12:23:42.446239
143.0,-475.0,898.0,12:23:42.456378
126.0,-466.0,901.0,12:23:42.471049
88.0,-460.0,894.0,12:23:42.486856
101.0,-455.0,892.0,12:23:42.495814
111.0,-464.0,913.0,12:23:42.507159
101.0,-472.0,904.0,12:23:42.527469
98.0,-464.0,910.0,12:23:42.531116
108.0,-471.0,913.0,12:23:42.542966
95.0,-477.0,901.0,12:23:42.557887
64.0,-487.0,905.0,12:23:42.560380
18.0,-496.0,913.0,12:23:42.578234
-98.0,-494.0,907.0,12:23:42.598566
-118.0,-512.0,901.0,12:23:42.599939
-131.0,-513.0,906.0,12:23:42.611536
-122.0,-541.0,919.0,12:23:42.619941
-101.0,-563.0,925.0,12:23:42.638975
-88.0,-555.0,927.0,12:23:42.649687
-97.0,-545.0,931.0,12:23:42.663241
-110.0,-526.0,928.0,12:23:42.669405
-123.0,-528.0,920.0,12:23:42.678695
-139.0,-526.0,928.0,12:23:42.689460
-147.0,-520.0,929.0,12:23:42.699070
-149.0,-533.0,923.0,12:23:42.720347
-155.0,-536.0,920.0,12:23:42.729909
-139.0,-540.0,922.0,12:23:42.737775
-119.0,-536.0,928.0,12:23:42.748334
-101.0,-528.0,926.0,12:23:42.758256
-95.0,-524.0,925.0,12:23:42.768127
-86.0,-525.0,933.0,12:23:42.780072
-79.0,-515.0,931.0,12:23:42.786918
-76.0,-509.0,922.0,12:23:42.799463
-67.0,-514.0,910.0,12:23:42.808803
-63.0,-518.0,921.0,12:23:42.818100
-72.0,-510.0,928.0,12:23:42.829824
-98.0,-503.0,942.0,12:23:42.837855
-68.0,-502.0,920.0,12:23:42.867070
-63.0,-508.0,913.0,12:23:42.877864
-50.0,-521.0,924.0,12:23:42.886028
-51.0,-533.0,932.0,12:23:42.895637
-58.0,-526.0,927.0,12:23:42.905517
-55.0,-508.0,923.0,12:23:42.916219
-47.0,-490.0,930.0,12:23:42.925768
-43.0,-476.0,938.0,12:23:42.940567
-50.0,-452.0,952.0,12:23:42.946083
-51.0,-425.0,957.0,12:23:42.954989
-37.0,-411.0,935.0,12:23:42.965133
-38.0,-414.0,922.0,12:23:42.975254
-52.0,-436.0,931.0,12:23:42.984271
-71.0,-455.0,940.0,12:23:42.994060
-83.0,-473.0,947.0,12:23:43.004808
-75.0,-489.0,941.0,12:23:43.019590
-48.0,-494.0,922.0,12:23:43.024418
-7.0,-491.0,913.0,12:23:43.036131
-1.0,-484.0,916.0,12:23:43.045206
-12.0,-477.0,920.0,12:23:43.055349
-23.0,-474.0,928.0,12:23:43.065494
-26.0,-473.0,938.0,12:23:43.075633
-48.0,-468.0,935.0,12:23:43.085811
-71.0,-478.0,927.0,12:23:43.095955
-66.0,-499.0,918.0,12:23:43.106088
-54.0,-508.0,906.0,12:23:43.116257
-45.0,-524.0,903.0,12:23:43.125218
-38.0,-547.0,915.0,12:23:43.142235
-25.0,-561.0,911.0,12:23:43.155673
-37.0,-562.0,905.0,12:23:43.167002
-57.0,-552.0,908.0,12:23:43.176068
-62.0,-543.0,923.0,12:23:43.187335
-66.0,-527.0,913.0,12:23:43.207619
-82.0,-522.0,921.0,12:23:43.211270
-89.0,-518.0,937.0,12:23:43.227895
-104.0,-496.0,917.0,12:23:43.248222
-112.0,-500.0,919.0,12:23:43.250738
-109.0,-503.0,932.0,12:23:43.268539
-107.0,-504.0,952.0,12:23:43.271089
-97.0,-503.0,929.0,12:23:43.288807
-60.0,-504.0,907.0,12:23:43.290177
-29.0,-500.0,926.0,12:23:43.310260
-35.0,-489.0,956.0,12:23:43.328512
-38.0,-484.0,974.0,12:23:43.329893
-42.0,-465.0,952.0,12:23:43.339868
-33.0,-448.0,926.0,12:23:43.349688
-32.0,-453.0,904.0,12:23:43.370023
-28.0,-468.0,968.0,12:23:43.400483
-15.0,-472.0,944.0,12:23:43.410820
-5.0,-489.0,910.0,12:23:43.420827
-14.0,-496.0,902.0,12:23:43.430856
-34.0,-498.0,916.0,12:23:43.440745
-49.0,-502.0,948.0,12:23:43.450754
-59.0,-503.0,970.0,12:23:43.460701
-54.0,-479.0,946.0,12:23:43.470692
-33.0,-450.0,917.0,12:23:43.480768
-17.0,-438.0,935.0,12:23:43.488388
-8.0,-449.0,972.0,12:23:43.496872
-14.0,-453.0,954.0,12:23:43.510821
32.0,-457.0,907.0,12:23:43.516828
85.0,-485.0,872.0,12:23:43.530742
19.0,-525.0,861.0,12:23:43.541425
64.0,-541.0,835.0,12:23:43.549574
43.0,-536.0,906.0,12:23:43.560791
32.0,-603.0,965.0,12:23:43.566679
22.0,-547.0,921.0,12:23:43.580736
-4.0,-470.0,882.0,12:23:43.589583
54.0,-444.0,863.0,12:23:43.599584
3.0,-455.0,910.0,12:23:43.609573
-55.0,-451.0,967.0,12:23:43.619766
-77.0,-436.0,970.0,12:23:43.629417
-66.0,-451.0,950.0,12:23:43.640762
-93.0,-461.0,925.0,12:23:43.645588
-92.0,-464.0,916.0,12:23:43.655403
-50.0,-454.0,945.0,12:23:43.665539
-20.0,-455.0,969.0,12:23:43.674552
-37.0,-458.0,938.0,12:23:43.684709
-29.0,-464.0,907.0,12:23:43.694910
-1.0,-463.0,917.0,12:23:43.705024
19.0,-482.0,932.0,12:23:43.715172
0.0,-499.0,949.0,12:23:43.725311
-3.0,-519.0,934.0,12:23:43.735492
1.0,-506.0,915.0,12:23:43.745614
-20.0,-496.0,910.0,12:23:43.755757
-56.0,-490.0,920.0,12:23:43.768967
-57.0,-503.0,923.0,12:23:43.779594
-18.0,-475.0,918.0,12:23:43.803063
6.0,-489.0,933.0,12:23:43.813241
40.0,-497.0,941.0,12:23:43.826846
49.0,-495.0,927.0,12:23:43.835803
41.0,-480.0,911.0,12:23:43.847125
47.0,-487.0,912.0,12:23:43.851883
49.0,-508.0,932.0,12:23:43.867436
11.0,-518.0,947.0,12:23:43.876410
-30.0,-501.0,936.0,12:23:43.886709
-33.0,-500.0,913.0,12:23:43.896806
-35.0,-505.0,912.0,12:23:43.906870
-13.0,-510.0,911.0,12:23:43.917025
6.0,-504.0,906.0,12:23:43.920783
30.0,-497.0,913.0,12:23:43.930705
48.0,-506.0,928.0,12:23:43.940769
63.0,-517.0,935.0,12:23:43.950904
64.0,-512.0,924.0,12:23:43.967867
55.0,-509.0,915.0,12:23:43.970541
31.0,-517.0,922.0,12:23:43.990386
11.0,-510.0,928.0,12:23:44.000615
12.0,-488.0,922.0,12:23:44.029859
94.0,-447.0,895.0,12:23:44.050156
131.0,-455.0,932.0,12:23:44.069480
214.0,-552.0,963.0,12:23:44.070878
31.0,-469.0,974.0,12:23:44.078978
205.0,-464.0,914.0,12:23:44.090780
222.0,-483.0,860.0,12:23:44.098899
154.0,-498.0,851.0,12:23:44.110804
69.0,-472.0,902.0,12:23:44.118920
126.0,-509.0,978.0,12:23:44.130885
60.0,-524.0,1022.0,12:23:44.137870
31.0,-516.0,927.0,12:23:44.150778
40.0,-483.0,830.0,12:23:44.161867
131.0,-489.0,832.0,12:23:44.170768
114.0,-501.0,925.0,12:23:44.180831
46.0,-511.0,988.0,12:23:44.190735
92.0,-508.0,968.0,12:23:44.200769
122.0,-499.0,910.0,12:23:44.210740
123.0,-490.0,841.0,12:23:44.220760
71.0,-491.0,854.0,12:23:44.226649
75.0,-500.0,943.0,12:23:44.240737
87.0,-505.0,1007.0,12:23:44.250739
44.0,-480.0,985.0,12:23:44.260750
40.0,-450.0,896.0,12:23:44.269611
80.0,-446.0,866.0,12:23:44.280756
113.0,-463.0,911.0,12:23:44.285585
106.0,-486.0,959.0,12:23:44.296071
107.0,-488.0,975.0,12:23:44.306216
116.0,-472.0,959.0,12:23:44.315244
113.0,-449.0,916.0,12:23:44.325378
70.0,-421.0,895.0,12:23:44.335557
78.0,-423.0,910.0,12:23:44.345686
87.0,-436.0,973.0,12:23:44.354684
86.0,-443.0,992.0,12:23:44.364846
57.0,-412.0,961.0,12:23:44.375003
84.0,-406.0,924.0,12:23:44.385147
126.0,-418.0,923.0,12:23:44.394086
144.0,-433.0,936.0,12:23:44.404777
132.0,-435.0,943.0,12:23:44.414750
98.0,-433.0,967.0,12:23:44.426050
80.0,-421.0,971.0,12:23:44.433925
42.0,-410.0,953.0,12:23:44.443807
32.0,-399.0,942.0,12:23:44.454048
44.0,-419.0,944.0,12:23:44.463571
84.0,-427.0,959.0,12:23:44.473485
101.0,-426.0,949.0,12:23:44.482824
144.0,-431.0,936.0,12:23:44.496817
173.0,-446.0,939.0,12:23:44.503004
195.0,-449.0,923.0,12:23:44.512364
187.0,-452.0,916.0,12:23:44.522445
184.0,-462.0,922.0,12:23:44.532826
148.0,-468.0,935.0,12:23:44.543770
109.0,-460.0,937.0,12:23:44.552803
78.0,-449.0,935.0,12:23:44.564429
75.0,-444.0,931.0,12:23:44.574720
93.0,-445.0,924.0,12:23:44.583887
134.0,-453.0,917.0,12:23:44.592599
180.0,-464.0,922.0,12:23:44.608453
216.0,-466.0,923.0,12:23:44.610951
230.0,-464.0,914.0,12:23:44.631031
216.0,-467.0,913.0,12:23:44.642762
184.0,-468.0,923.0,12:23:44.651373
132.0,-461.0,931.0,12:23:44.661010
70.0,-458.0,936.0,12:23:44.670138
28.0,-459.0,937.0,12:23:44.699860
48.0,-465.0,938.0,12:23:44.709976
90.0,-472.0,933.0,12:23:44.719573
110.0,-478.0,928.0,12:23:44.730289
99.0,-479.0,936.0,12:23:44.761013
69.0,-471.0,937.0,12:23:44.770863
70.0,-478.0,923.0,12:23:44.790746
71.0,-481.0,920.0,12:23:44.800141
143.0,-508.0,916.0,12:23:44.840765
139.0,-505.0,911.0,12:23:44.847840
143.0,-499.0,912.0,12:23:44.860858
114.0,-492.0,914.0,12:23:44.870746
77.0,-486.0,919.0,12:23:44.890736
79.0,-490.0,923.0,12:23:44.900771
86.0,-492.0,928.0,12:23:44.907739
85.0,-487.0,916.0,12:23:44.920756
100.0,-482.0,918.0,12:23:44.930773
116.0,-493.0,928.0,12:23:44.940764
124.0,-490.0,926.0,12:23:44.950770
112.0,-483.0,921.0,12:23:44.960796
113.0,-481.0,918.0,12:23:44.976394
112.0,-482.0,922.0,12:23:44.986377
102.0,-481.0,925.0,12:23:44.996536
114.0,-480.0,929.0,12:23:45.005515
117.0,-478.0,921.0,12:23:45.015643
116.0,-472.0,912.0,12:23:45.025794
110.0,-479.0,919.0,12:23:45.035984
109.0,-478.0,931.0,12:23:45.059603
95.0,-475.0,929.0,12:23:45.064787
88.0,-474.0,927.0,12:23:45.084331
97.0,-476.0,930.0,12:23:45.106854
109.0,-478.0,926.0,12:23:45.113927
118.0,-480.0,922.0,12:23:45.124166
133.0,-481.0,926.0,12:23:45.143081
110.0,-456.0,907.0,12:23:45.153058
97.0,-455.0,927.0,12:23:45.163503
128.0,-456.0,930.0,12:23:45.174335
109.0,-457.0,938.0,12:23:45.187067
115.0,-453.0,936.0,12:23:45.196011
112.0,-466.0,943.0,12:23:45.207375
143.0,-474.0,925.0,12:23:45.213249
131.0,-459.0,918.0,12:23:45.227675
146.0,-456.0,922.0,12:23:45.232437
132.0,-466.0,937.0,12:23:45.247975
101.0,-450.0,932.0,12:23:45.267108
115.0,-453.0,929.0,12:23:45.277396
107.0,-458.0,939.0,12:23:45.287463
121.0,-446.0,934.0,12:23:45.291202
98.0,-452.0,940.0,12:23:45.302152
111.0,-450.0,938.0,12:23:45.311203
110.0,-447.0,940.0,12:23:45.321337
127.0,-452.0,934.0,12:23:45.331689
103.0,-438.0,936.0,12:23:45.340572
99.0,-454.0,937.0,12:23:45.350716
98.0,-445.0,948.0,12:23:45.362847
95.0,-448.0,935.0,12:23:45.370259
82.0,-452.0,940.0,12:23:45.382913
83.0,-475.0,929.0,12:23:45.410454
99.0,-479.0,926.0,12:23:45.424290
112.0,-484.0,917.0,12:23:45.430902
125.0,-490.0,913.0,12:23:45.440832
110.0,-489.0,921.0,12:23:45.450985
100.0,-488.0,935.0,12:23:45.466584
82.0,-480.0,941.0,12:23:45.469094
77.0,-474.0,930.0,12:23:45.479217
53.0,-467.0,926.0,12:23:45.495623
69.0,-468.0,923.0,12:23:45.501749
55.0,-476.0,936.0,12:23:45.510707
67.0,-483.0,939.0,12:23:45.520838
98.0,-480.0,925.0,12:23:45.549605
111.0,-482.0,918.0,12:23:45.551134
118.0,-474.0,927.0,12:23:45.560840
113.0,-467.0,933.0,12:23:45.569436
114.0,-461.0,939.0,12:23:45.577633
124.0,-466.0,936.0,12:23:45.598092
102.0,-459.0,931.0,12:23:45.608504
105.0,-458.0,933.0,12:23:45.632997
101.0,-466.0,935.0,12:23:45.639327
97.0,-462.0,937.0,12:23:45.660024
106.0,-456.0,932.0,12:23:45.661429
96.0,-452.0,937.0,12:23:45.677864
85.0,-447.0,939.0,12:23:45.696270
94.0,-443.0,946.0,12:23:45.697653
91.0,-442.0,934.0,12:23:45.714906
81.0,-436.0,927.0,12:23:45.725395
90.0,-454.0,935.0,12:23:45.735655
98.0,-459.0,945.0,12:23:45.745555
92.0,-455.0,942.0,12:23:45.755532
103.0,-462.0,932.0,12:23:45.765522
109.0,-466.0,931.0,12:23:45.775166
107.0,-459.0,922.0,12:23:45.790430
98.0,-454.0,923.0,12:23:45.796648
94.0,-460.0,933.0,12:23:45.806517
89.0,-462.0,936.0,12:23:45.816446
75.0,-464.0,928.0,12:23:45.826588
76.0,-468.0,932.0,12:23:45.835897
91.0,-462.0,939.0,12:23:45.846895
87.0,-476.0,929.0,12:23:45.854922
86.0,-471.0,924.0,12:23:45.877391
77.0,-468.0,922.0,12:23:45.883266
78.0,-475.0,932.0,12:23:45.903683
66.0,-477.0,931.0,12:23:45.915885
59.0,-471.0,927.0,12:23:45.923226
64.0,-470.0,926.0,12:23:45.933128
67.0,-476.0,929.0,12:23:45.943389
72.0,-475.0,930.0,12:23:45.954051
79.0,-472.0,938.0,12:23:45.964313
90.0,-465.0,936.0,12:23:45.972150
79.0,-459.0,933.0,12:23:45.983462
75.0,-449.0,928.0,12:23:45.991414
65.0,-443.0,937.0,12:23:46.002335
53.0,-447.0,940.0,12:23:46.024479
49.0,-452.0,942.0,12:23:46.034059
50.0,-460.0,944.0,12:23:46.040874
38.0,-458.0,932.0,12:23:46.070947
35.0,-463.0,945.0,12:23:46.093512
30.0,-460.0,938.0,12:23:46.123121
20.0,-453.0,939.0,12:23:46.124504
2.0,-456.0,952.0,12:23:46.159543
-4.0,-466.0,944.0,12:23:46.160951
-7.0,-468.0,933.0,12:23:46.171759
-12.0,-467.0,948.0,12:23:46.189009
-7.0,-473.0,953.0,12:23:46.209682
2.0,-471.0,941.0,12:23:46.220797
0.0,-467.0,930.0,12:23:46.232616
3.0,-466.0,935.0,12:23:46.240755
-1.0,-472.0,940.0,12:23:46.251334
9.0,-484.0,941.0,12:23:46.263069
3.0,-482.0,938.0,12:23:46.283415
0.0,-481.0,930.0,12:23:46.296168
5.0,-478.0,931.0,12:23:46.297638
13.0,-486.0,932.0,12:23:46.319092
4.0,-484.0,931.0,12:23:46.320572
15.0,-482.0,925.0,12:23:46.331068
41.0,-488.0,933.0,12:23:46.354774
39.0,-478.0,929.0,12:23:46.373669
47.0,-468.0,927.0,12:23:46.375039
59.0,-464.0,932.0,12:23:46.379598
50.0,-457.0,927.0,12:23:46.409755
43.0,-454.0,934.0,12:23:46.411168
53.0,-459.0,942.0,12:23:46.432727
23.0,-453.0,938.0,12:23:46.439656
24.0,-458.0,927.0,12:23:46.441097
28.0,-456.0,922.0,12:23:46.455084
29.0,-457.0,930.0,12:23:46.459661
31.0,-462.0,928.0,12:23:46.472116
29.0,-477.0,930.0,12:23:46.486622
31.0,-478.0,922.0,12:23:46.505112
9.0,-477.0,927.0,12:23:46.520814
-36.0,-466.0,948.0,12:23:46.537168
-65.0,-458.0,952.0,12:23:46.551717
-68.0,-461.0,946.0,12:23:46.559904
-65.0,-466.0,941.0,12:23:46.575258
-59.0,-465.0,937.0,12:23:46.589593
-6.0,-510.0,926.0,12:23:46.614220
3.0,-507.0,919.0,12:23:46.628473
10.0,-510.0,917.0,12:23:46.640803
4.0,-518.0,913.0,12:23:46.647856
-3.0,-517.0,918.0,12:23:46.654040
-2.0,-521.0,921.0,12:23:46.669624
-15.0,-515.0,924.0,12:23:46.695759
-4.0,-517.0,920.0,12:23:46.698680
24.0,-540.0,925.0,12:23:46.704099
-89.0,-509.0,868.0,12:23:46.716227
-241.0,-476.0,886.0,12:23:46.739112
36.0,-568.0,986.0,12:23:46.740588
90.0,-562.0,903.0,12:23:46.751481
56.0,-497.0,794.0,12:23:46.766410
157.0,-547.0,955.0,12:23:46.781076
82.0,-559.0,969.0,12:23:46.791239
-3.0,-541.0,902.0,12:23:46.800221
-74.0,-478.0,894.0,12:23:46.820754
-152.0,-502.0,960.0,12:23:46.839571
-12.0,-548.0,976.0,12:23:46.859655
90.0,-536.0,902.0,12:23:46.861091
69.0,-493.0,849.0,12:23:46.879720
61.0,-502.0,870.0,12:23:46.881157
73.0,-508.0,934.0,12:23:46.890785
65.0,-503.0,954.0,12:23:46.900766
47.0,-495.0,929.0,12:23:46.912852
19.0,-496.0,912.0,12:23:46.923174
6.0,-478.0,909.0,12:23:46.933238
-59.0,-440.0,917.0,12:23:46.949606
-81.0,-434.0,945.0,12:23:46.951174
-28.0,-471.0,968.0,12:23:46.969530
34.0,-486.0,950.0,12:23:46.970957
22.0,-452.0,915.0,12:23:46.980736
-27.0,-434.0,924.0,12:23:46.990764
-48.0,-441.0,957.0,12:23:47.004066
-54.0,-454.0,962.0,12:23:47.007717
-56.0,-464.0,954.0,12:23:47.023255
-36.0,-473.0,941.0,12:23:47.026959
-31.0,-472.0,922.0,12:23:47.036847
-46.0,-466.0,910.0,12:23:47.046941
-25.0,-482.0,960.0,12:23:47.067152
9.0,-495.0,951.0,12:23:47.076208
17.0,-492.0,928.0,12:23:47.086381
-18.0,-480.0,913.0,12:23:47.105552
-64.0,-470.0,922.0,12:23:47.115727
-83.0,-487.0,937.0,12:23:47.125858
-78.0,-519.0,947.0,12:23:47.136013
-60.0,-502.0,912.0,12:23:47.156326
-18.0,-518.0,915.0,12:23:47.176594
-14.0,-526.0,926.0,12:23:47.186741
-15.0,-516.0,928.0,12:23:47.195699
-60.0,-504.0,925.0,12:23:47.217214
-95.0,-498.0,924.0,12:23:47.226685
-135.0,-491.0,935.0,12:23:47.237505
-144.0,-492.0,949.0,12:23:47.247663
-112.0,-500.0,944.0,12:23:47.257806
-81.0,-520.0,933.0,12:23:47.267958
-38.0,-529.0,909.0,12:23:47.277030
-8.0,-518.0,892.0,12:23:47.288616
17.0,-524.0,900.0,12:23:47.306487
21.0,-535.0,920.0,12:23:47.307858
14.0,-538.0,927.0,12:23:47.312677
10.0,-534.0,920.0,12:23:47.329117
-20.0,-521.0,918.0,12:23:47.332847
-62.0,-508.0,904.0,12:23:47.347905
-97.0,-493.0,913.0,12:23:47.354621
-86.0,-501.0,934.0,12:23:47.365593
-48.0,-508.0,936.0,12:23:47.375902
24.0,-506.0,902.0,12:23:47.391946
47.0,-498.0,907.0,12:23:47.410064
48.0,-486.0,919.0,12:23:47.419178
53.0,-482.0,926.0,12:23:47.421792
62.0,-481.0,923.0,12:23:47.431503
37.0,-468.0,918.0,12:23:47.450836
13.0,-460.0,919.0,12:23:47.460837
9.0,-467.0,936.0,12:23:47.473621
23.0,-469.0,941.0,12:23:47.480760
46.0,-462.0,927.0,12:23:47.490754
59.0,-451.0,914.0,12:23:47.511738
85.0,-449.0,916.0,12:23:47.519609
93.0,-446.0,934.0,12:23:47.520971
82.0,-437.0,942.0,12:23:47.539604
69.0,-431.0,941.0,12:23:47.555580
43.0,-426.0,927.0,12:23:47.558920
-2.0,-436.0,941.0,12:23:47.580746
-8.0,-440.0,954.0,12:23:47.590784
-4.0,-444.0,948.0,12:23:47.600766
15.0,-445.0,939.0,12:23:47.610781
35.0,-456.0,924.0,12:23:47.621959
60.0,-462.0,917.0,12:23:47.633369
66.0,-461.0,913.0,12:23:47.642433
57.0,-466.0,920.0,12:23:47.650738
37.0,-473.0,929.0,12:23:47.672809
21.0,-467.0,920.0,12:23:47.683031
11.0,-465.0,913.0,12:23:47.693102
9.0,-464.0,922.0,12:23:47.696869
2.0,-474.0,933.0,12:23:47.707819
-15.0,-477.0,948.0,12:23:47.716860
-7.0,-476.0,927.0,12:23:47.727014
12.0,-470.0,904.0,12:23:47.743931
-10.0,-488.0,914.0,12:23:47.756300
-37.0,-492.0,937.0,12:23:47.766476
-59.0,-494.0,951.0,12:23:47.776608
-75.0,-492.0,933.0,12:23:47.785626
-99.0,-493.0,915.0,12:23:47.795793
-102.0,-489.0,908.0,12:23:47.805956
-122.0,-500.0,926.0,12:23:47.816069
-115.0,-495.0,948.0,12:23:47.826229
-82.0,-498.0,931.0,12:23:47.846529
-40.0,-506.0,918.0,12:23:47.856675
-63.0,-510.0,909.0,12:23:47.877017
-62.0,-517.0,933.0,12:23:47.887126
-53.0,-527.0,942.0,12:23:47.897280
-75.0,-520.0,927.0,12:23:47.907426
-86.0,-510.0,899.0,12:23:47.917576
-73.0,-516.0,893.0,12:23:47.927727
-61.0,-520.0,912.0,12:23:47.937883
-74.0,-514.0,928.0,12:23:47.946855
-67.0,-509.0,933.0,12:23:47.962801
-36.0,-519.0,927.0,12:23:47.978497
-73.0,-499.0,923.0,12:23:47.983274
-85.0,-494.0,924.0,12:23:47.998756
-80.0,-493.0,916.0,12:23:48.003509
-83.0,-490.0,910.0,12:23:48.019076
-107.0,-489.0,921.0,12:23:48.022810
-106.0,-491.0,953.0,12:23:48.039452
-97.0,-495.0,963.0,12:23:48.041969
-66.0,-507.0,926.0,12:23:48.059636
-57.0,-499.0,891.0,12:23:48.062141
-30.0,-500.0,882.0,12:23:48.081140
-32.0,-494.0,918.0,12:23:48.082563
-44.0,-515.0,957.0,12:23:48.100294
-53.0,-504.0,952.0,12:23:48.101672
-42.0,-480.0,891.0,12:23:48.120782
-73.0,-481.0,926.0,12:23:48.140857
-47.0,-499.0,947.0,12:23:48.160745
-45.0,-491.0,908.0,12:23:48.179604
-44.0,-484.0,882.0,12:23:48.180986
-41.0,-491.0,897.0,12:23:48.191617
-51.0,-508.0,929.0,12:23:48.200805
-55.0,-510.0,941.0,12:23:48.210739
-63.0,-496.0,897.0,12:23:48.230866
-74.0,-492.0,899.0,12:23:48.239983
-75.0,-496.0,908.0,12:23:48.250776
-57.0,-518.0,930.0,12:23:48.261611
-44.0,-525.0,929.0,12:23:48.272851
-48.0,-518.0,909.0,12:23:48.283005
-49.0,-507.0,897.0,12:23:48.290901
-39.0,-501.0,896.0,12:23:48.300794
-38.0,-513.0,911.0,12:23:48.313437
-61.0,-508.0,926.0,12:23:48.330840
-72.0,-500.0,921.0,12:23:48.340798
-83.0,-495.0,912.0,12:23:48.350780
-88.0,-498.0,905.0,12:23:48.357908
-78.0,-509.0,908.0,12:23:48.374351
-71.0,-517.0,925.0,12:23:48.383351
-74.0,-516.0,928.0,12:23:48.394653
-71.0,-509.0,910.0,12:23:48.409024
-60.0,-512.0,907.0,12:23:48.421714
-68.0,-513.0,911.0,12:23:48.431853
-83.0,-512.0,917.0,12:23:48.447233
-87.0,-514.0,922.0,12:23:48.448642
-84.0,-512.0,926.0,12:23:48.456692
-76.0,-505.0,917.0,12:23:48.469623
-70.0,-500.0,909.0,12:23:48.480809
-55.0,-499.0,920.0,12:23:48.503085
-63.0,-496.0,921.0,12:23:48.509737
-57.0,-493.0,927.0,12:23:48.518892
-59.0,-492.0,926.0,12:23:48.525320
-70.0,-486.0,924.0,12:23:48.535851
-66.0,-485.0,910.0,12:23:48.545163
-111.0,-500.0,933.0,12:23:48.555694
-62.0,-475.0,919.0,12:23:48.565053
-96.0,-530.0,964.0,12:23:48.574359
-19.0,-489.0,927.0,12:23:48.584858
-114.0,-476.0,880.0,12:23:48.594223
-31.0,-480.0,881.0,12:23:48.604702
-26.0,-491.0,940.0,12:23:48.614087
-73.0,-494.0,960.0,12:23:48.624723
-72.0,-499.0,993.0,12:23:48.634075
-41.0,-522.0,970.0,12:23:48.643371
-49.0,-484.0,851.0,12:23:48.654008
-66.0,-483.0,837.0,12:23:48.663337
9.0,-526.0,915.0,12:23:48.673764
32.0,-556.0,974.0,12:23:48.683090
6.0,-509.0,958.0,12:23:48.693475
-13.0,-498.0,910.0,12:23:48.702872
0.0,-473.0,885.0,12:23:48.713340
-14.0,-444.0,904.0,12:23:48.722785
-35.0,-419.0,930.0,12:23:48.732123
-24.0,-405.0,956.0,12:23:48.742549
-6.0,-381.0,954.0,12:23:48.751968
-4.0,-330.0,931.0,12:23:48.762355
35.0,-321.0,936.0,12:23:48.771717
65.0,-337.0,961.0,12:23:48.782116
74.0,-351.0,967.0,12:23:48.791434
54.0,-378.0,958.0,12:23:48.801928
8.0,-393.0,932.0,12:23:48.811248
-31.0,-400.0,908.0,12:23:48.821753
-16.0,-435.0,919.0,12:23:48.831050
19.0,-463.0,939.0,12:23:48.841510
46.0,-465.0,932.0,12:23:48.850737
48.0,-450.0,909.0,12:23:48.861191
31.0,-451.0,890.0,12:23:48.870652
12.0,-426.0,878.0,12:23:48.881039
-7.0,-419.0,898.0,12:23:48.890314
-3.0,-435.0,935.0,12:23:48.899687
-11.0,-427.0,961.0,12:23:48.910233
14.0,-409.0,944.0,12:23:48.919549
-29.0,-392.0,935.0,12:23:48.929968
-34.0,-401.0,912.0,12:23:48.939391
-75.0,-391.0,910.0,12:23:48.949815
-109.0,-415.0,917.0,12:23:48.959123
-164.0,-432.0,920.0,12:23:48.969755
-190.0,-419.0,927.0,12:23:48.979122
-221.0,-439.0,943.0,12:23:48.988525
-216.0,-436.0,963.0,12:23:48.999023
-215.0,-454.0,971.0,12:23:49.008407
-260.0,-472.0,981.0,12:23:49.027978
-256.0,-488.0,1004.0,12:23:49.038542
-259.0,-506.0,1023.0,12:23:49.047879
-294.0,-534.0,1056.0,12:23:49.058320
-318.0,-543.0,1103.0,12:23:49.067753
-353.0,-566.0,1135.0,12:23:49.078236
-335.0,-574.0,1156.0,12:23:49.087134
-326.0,-589.0,1177.0,12:23:49.097561
-308.0,-600.0,1171.0,12:23:49.106897
-304.0,-602.0,1153.0,12:23:49.117472
-301.0,-608.0,1126.0,12:23:49.126875
-281.0,-636.0,1096.0,12:23:49.146400
-270.0,-658.0,1081.0,12:23:49.156984
-268.0,-651.0,1088.0,12:23:49.166314
-251.0,-668.0,1082.0,12:23:49.176726
-232.0,-673.0,1058.0,12:23:49.186131
-215.0,-685.0,1040.0,12:23:49.196510
-201.0,-688.0,1014.0,12:23:49.206029
-162.0,-693.0,1008.0,12:23:49.215418
-160.0,-678.0,985.0,12:23:49.225908
-190.0,-656.0,955.0,12:23:49.235188
-199.0,-632.0,935.0,12:23:49.245606
-180.0,-625.0,900.0,12:23:49.265263
-169.0,-598.0,889.0,12:23:49.274611
-131.0,-600.0,908.0,12:23:49.285153
-182.0,-604.0,896.0,12:23:49.294575
-136.0,-598.0,845.0,12:23:49.303970
-86.0,-564.0,784.0,12:23:49.314426
-47.0,-591.0,755.0,12:23:49.323817
-83.0,-565.0,709.0,12:23:49.334285
-52.0,-562.0,672.0,12:23:49.343570
-9.0,-533.0,673.0,12:23:49.354102
-20.0,-568.0,685.0,12:23:49.363444
-10.0,-554.0,692.0,12:23:49.373927
-2.0,-548.0,701.0,12:23:49.383234
-17.0,-527.0,702.0,12:23:49.393771
-26.0,-515.0,684.0,12:23:49.403112
-28.0,-510.0,663.0,12:23:49.412443
-15.0,-513.0,668.0,12:23:49.422931
12.0,-518.0,673.0,12:23:49.432204
1.0,-497.0,670.0,12:23:49.442637
-18.0,-460.0,678.0,12:23:49.451976
-35.0,-465.0,701.0,12:23:49.462473
-28.0,-470.0,710.0,12:23:49.471908
-48.0,-483.0,730.0,12:23:49.482326
-65.0,-479.0,753.0,12:23:49.491597
-85.0,-467.0,777.0,12:23:49.502043
-127.0,-469.0,812.0,12:23:49.521703
-137.0,-484.0,854.0,12:23:49.530978
-156.0,-477.0,868.0,12:23:49.541478
-183.0,-468.0,856.0,12:23:49.550799
-207.0,-463.0,846.0,12:23:49.561251
-229.0,-457.0,848.0,12:23:49.570712
-235.0,-462.0,846.0,12:23:49.580134
-229.0,-479.0,833.0,12:23:49.598414
-239.0,-486.0,827.0,12:23:49.601173
-253.0,-495.0,850.0,12:23:49.619742
-255.0,-494.0,819.0,12:23:49.630175
-249.0,-495.0,815.0,12:23:49.639555
-247.0,-520.0,794.0,12:23:49.650107
-72.0,-648.0,748.0,12:23:49.659492
77.0,-679.0,315.0,12:23:49.679099
-613.0,-595.0,583.0,12:23:49.688519
-514.0,-466.0,1070.0,12:23:49.698958
-55.0,-291.0,1045.0,12:23:49.708356
-8.0,-410.0,544.0,12:23:49.718857
-335.0,-554.0,407.0,12:23:49.728176
-520.0,-511.0,838.0,12:23:49.738640
-220.0,-359.0,1061.0,12:23:49.747923
-65.0,-407.0,797.0,12:23:49.758380
-150.0,-471.0,569.0,12:23:49.767725
-383.0,-430.0,710.0,12:23:49.778231
-257.0,-360.0,882.0,12:23:49.787592
-15.0,-482.0,858.0,12:23:49.796927
-70.0,-490.0,773.0,12:23:49.807467
-409.0,-441.0,866.0,12:23:49.816763
-305.0,-416.0,892.0,12:23:49.827165
-40.0,-457.0,885.0,12:23:49.836401
-124.0,-552.0,872.0,12:23:49.846804
-116.0,-700.0,1000.0,12:23:49.856166
-233.0,-759.0,1230.0,12:23:49.866614
-217.0,-410.0,1064.0,12:23:49.875886
1.0,-475.0,838.0,12:23:49.886318
4.0,-514.0,678.0,12:23:49.895567
-183.0,-355.0,820.0,12:23:49.906174
-273.0,-395.0,1027.0,12:23:49.915475
2.0,-579.0,947.0,12:23:49.926019
-88.0,-422.0,944.0,12:23:49.935388
-217.0,-260.0,930.0,12:23:49.945811
-285.0,-352.0,853.0,12:23:49.955189
-60.0,-506.0,799.0,12:23:49.964737
42.0,-501.0,864.0,12:23:49.975216
-48.0,-392.0,906.0,12:23:49.984600
-194.0,-444.0,776.0,12:23:49.995145
-171.0,-651.0,1072.0,12:23:50.013601
-89.0,-424.0,1086.0,12:23:50.024135
-93.0,-423.0,712.0,12:23:50.033519
-109.0,-495.0,770.0,12:23:50.044029
37.0,-1398.0,2047.0,12:23:50.053449
-220.0,-81.0,962.0,12:23:50.073043
-60.0,-379.0,368.0,12:23:50.083466
146.0,-703.0,155.0,12:23:50.093176
-328.0,-587.0,590.0,12:23:50.103578
-134.0,70.0,914.0,12:23:50.112971
-152.0,-211.0,570.0,12:23:50.122265
-30.0,-323.0,93.0,12:23:50.132860
-89.0,-434.0,507.0,12:23:50.142183
-485.0,-477.0,1213.0,12:23:50.152700
-549.0,-875.0,2047.0,12:23:50.162053
-450.0,-771.0,1878.0,12:23:50.172466
-336.0,-313.0,677.0,12:23:50.181905
-169.0,-250.0,286.0,12:23:50.191311
-181.0,-441.0,350.0,12:23:50.201900
-60.0,-335.0,529.0,12:23:50.211309
-121.0,-548.0,895.0,12:23:50.221859
-347.0,-744.0,1475.0,12:23:50.231120
-50.0,-750.0,1517.0,12:23:50.241661
9.0,-497.0,1055.0,12:23:50.250990
-83.0,-400.0,591.0,12:23:50.261399
-241.0,-378.0,439.0,12:23:50.270689
-382.0,-371.0,609.0,12:23:50.280075
-327.0,-444.0,993.0,12:23:50.290676
-400.0,-519.0,1325.0,12:23:50.299992
-179.0,-541.0,884.0,12:23:50.319690
-140.0,-429.0,709.0,12:23:50.330120
-131.0,-360.0,699.0,12:23:50.339527
-162.0,-404.0,823.0,12:23:50.350098
-217.0,-519.0,966.0,12:23:50.359527
-200.0,-575.0,1039.0,12:23:50.368839
-248.0,-538.0,1025.0,12:23:50.379508
-279.0,-472.0,936.0,12:23:50.388805
-260.0,-450.0,827.0,12:23:50.400850
-342.0,-429.0,781.0,12:23:50.408716
-367.0,-425.0,853.0,12:23:50.418085
-324.0,-451.0,962.0,12:23:50.428617
-246.0,-512.0,1000.0,12:23:50.438028
-150.0,-568.0,947.0,12:23:50.448559
-144.0,-537.0,872.0,12:23:50.457881
-192.0,-454.0,838.0,12:23:50.468399
-224.0,-382.0,861.0,12:23:50.480404
-280.0,-410.0,896.0,12:23:50.490795
-279.0,-500.0,927.0,12:23:50.498029
-262.0,-522.0,926.0,12:23:50.507411
-301.0,-488.0,929.0,12:23:50.516684
-328.0,-450.0,926.0,12:23:50.527145
-341.0,-436.0,887.0,12:23:50.536421
-317.0,-453.0,857.0,12:23:50.546843
-235.0,-478.0,868.0,12:23:50.556284
-186.0,-498.0,906.0,12:23:50.566702
-178.0,-520.0,926.0,12:23:50.575955
-210.0,-536.0,908.0,12:23:50.586399
-271.0,-501.0,879.0,12:23:50.595770
-283.0,-453.0,874.0,12:23:50.606331
-279.0,-450.0,880.0,12:23:50.615646
-287.0,-475.0,882.0,12:23:50.625091
-292.0,-518.0,892.0,12:23:50.635555
-320.0,-522.0,920.0,12:23:50.644849
-327.0,-489.0,930.0,12:23:50.655343
-328.0,-464.0,903.0,12:23:50.664704
-305.0,-471.0,867.0,12:23:50.675200
-257.0,-487.0,853.0,12:23:50.684495
-227.0,-497.0,875.0,12:23:50.695096
-230.0,-503.0,905.0,12:23:50.704456
-244.0,-517.0,922.0,12:23:50.714952
-269.0,-513.0,890.0,12:23:50.724337
-282.0,-489.0,862.0,12:23:50.733695
-290.0,-469.0,858.0,12:23:50.744113
-341.0,-531.0,957.0,12:23:50.763606
-397.0,-496.0,894.0,12:23:50.772996
-461.0,-447.0,891.0,12:23:50.783455
-407.0,-472.0,881.0,12:23:50.800119
-432.0,-473.0,889.0,12:23:50.804245
-322.0,-498.0,901.0,12:23:50.812435
-238.0,-527.0,903.0,12:23:50.823027
-217.0,-505.0,875.0,12:23:50.832337
-226.0,-486.0,866.0,12:23:50.842917
-213.0,-522.0,887.0,12:23:50.852268
-165.0,-530.0,866.0,12:23:50.862681
-206.0,-509.0,877.0,12:23:50.871926
-192.0,-490.0,856.0,12:23:50.882417
-234.0,-482.0,887.0,12:23:50.891753
-239.0,-494.0,905.0,12:23:50.902211
-256.0,-505.0,877.0,12:23:50.911643
-299.0,-481.0,874.0,12:23:50.920969
-321.0,-467.0,909.0,12:23:50.931376
-313.0,-455.0,908.0,12:23:50.940772
-301.0,-449.0,899.0,12:23:50.951294
-305.0,-452.0,886.0,12:23:50.960659
-310.0,-459.0,896.0,12:23:50.980247
-282.0,-479.0,910.0,12:23:50.990682
-285.0,-478.0,907.0,12:23:51.000010
-280.0,-466.0,887.0,12:23:51.010533
-273.0,-461.0,881.0,12:23:51.019898
-268.0,-459.0,882.0,12:23:51.030377
-259.0,-475.0,887.0,12:23:51.039694
-261.0,-488.0,898.0,12:23:51.049018
-268.0,-472.0,885.0,12:23:51.068633
-277.0,-479.0,876.0,12:23:51.079133
-276.0,-488.0,883.0,12:23:51.090400
-265.0,-486.0,891.0,12:23:51.098703
-282.0,-472.0,892.0,12:23:51.118279
-292.0,-473.0,881.0,12:23:51.128691
-304.0,-457.0,880.0,12:23:51.138025
-295.0,-462.0,890.0,12:23:51.148525
-298.0,-465.0,905.0,12:23:51.157868
-291.0,-480.0,902.0,12:23:51.168360
-284.0,-474.0,885.0,12:23:51.177746
-282.0,-473.0,891.0,12:23:51.206459
-269.0,-481.0,892.0,12:23:51.216939
-259.0,-483.0,886.0,12:23:51.227452
-262.0,-481.0,881.0,12:23:51.236768
-265.0,-486.0,878.0,12:23:51.247187
-275.0,-484.0,883.0,12:23:51.256566
-284.0,-482.0,888.0,12:23:51.267084
-287.0,-471.0,893.0,12:23:51.276329
-283.0,-474.0,887.0,12:23:51.286749
-281.0,-463.0,892.0,12:23:51.296163
-293.0,-467.0,891.0,12:23:51.305523
-299.0,-458.0,887.0,12:23:51.315972
-306.0,-457.0,894.0,12:23:51.325273
-303.0,-465.0,897.0,12:23:51.335680
-292.0,-473.0,904.0,12:23:51.345096
-295.0,-471.0,886.0,12:23:51.355521
-289.0,-472.0,881.0,12:23:51.364897
-291.0,-460.0,887.0,12:23:51.375384
-292.0,-475.0,892.0,12:23:51.384665
-284.0,-472.0,893.0,12:23:51.395163
-273.0,-455.0,890.0,12:23:51.404479
-282.0,-458.0,888.0,12:23:51.424095
-284.0,-454.0,896.0,12:23:51.434522
-292.0,-452.0,903.0,12:23:51.443979
-293.0,-446.0,896.0,12:23:51.453356
-297.0,-448.0,899.0,12:23:51.463817
-293.0,-461.0,891.0,12:23:51.473188
-287.0,-475.0,881.0,12:23:51.483669
-286.0,-485.0,876.0,12:23:51.492995
-281.0,-496.0,886.0,12:23:51.503427
-294.0,-495.0,892.0,12:23:51.512752
-296.0,-494.0,886.0,12:23:51.523248
-291.0,-486.0,884.0,12:23:51.532552
-286.0,-478.0,882.0,12:23:51.543088
-288.0,-471.0,888.0,12:23:51.552444
-290.0,-464.0,892.0,12:23:51.561774
-300.0,-458.0,894.0,12:23:51.572204
-305.0,-459.0,890.0,12:23:51.581492
-308.0,-461.0,892.0,12:23:51.591956
-300.0,-462.0,894.0,12:23:51.601930
-295.0,-468.0,889.0,12:23:51.611432
-293.0,-472.0,885.0,12:23:51.631089
-296.0,-474.0,892.0,12:23:51.650801
-295.0,-478.0,889.0,12:23:51.661341
-284.0,-482.0,893.0,12:23:51.670678
-288.0,-474.0,881.0,12:23:51.681075
-290.0,-464.0,889.0,12:23:51.690388
-297.0,-460.0,887.0,12:23:51.699772
-293.0,-450.0,895.0,12:23:51.710274
-295.0,-448.0,891.0,12:23:51.719665
-291.0,-452.0,894.0,12:23:51.730086
-284.0,-456.0,895.0,12:23:51.739449
-299.0,-451.0,884.0,12:23:51.758957
-301.0,-446.0,895.0,12:23:51.769487
-302.0,-443.0,897.0,12:23:51.778907
-309.0,-448.0,895.0,12:23:51.789434
-302.0,-433.0,897.0,12:23:51.798736
-306.0,-441.0,892.0,12:23:51.809331
-315.0,-433.0,898.0,12:23:51.818667
-322.0,-423.0,904.0,12:23:51.827985
-325.0,-434.0,901.0,12:23:51.838571
-315.0,-419.0,903.0,12:23:51.847926
-311.0,-421.0,895.0,12:23:51.858349
-309.0,-423.0,891.0,12:23:51.867663
-302.0,-422.0,899.0,12:23:51.878136
-303.0,-428.0,896.0,12:23:51.887479
-309.0,-433.0,898.0,12:23:51.897912
-306.0,-427.0,896.0,12:23:51.907267
-310.0,-425.0,898.0,12:23:51.917767
-317.0,-412.0,899.0,12:23:51.936160
-332.0,-411.0,906.0,12:23:51.946700
-338.0,-399.0,900.0,12:23:51.966258
-326.0,-401.0,906.0,12:23:51.985802
-323.0,-419.0,901.0,12:23:52.003772
-329.0,-411.0,903.0,12:23:52.007680
-342.0,-419.0,898.0,12:23:52.025043
-344.0,-411.0,900.0,12:23:52.035485
-349.0,-418.0,899.0,12:23:52.044872
-335.0,-430.0,904.0,12:23:52.055358
-328.0,-451.0,896.0,12:23:52.064666
-366.0,-423.0,886.0,12:23:52.075190
-350.0,-446.0,892.0,12:23:52.084508
-332.0,-451.0,901.0,12:23:52.094422
-373.0,-421.0,893.0,12:23:52.104901
-325.0,-467.0,890.0,12:23:52.114177
-334.0,-442.0,903.0,12:23:52.124608
-332.0,-444.0,898.0,12:23:52.134227
-344.0,-447.0,891.0,12:23:52.143509
-328.0,-452.0,896.0,12:23:52.154016
-322.0,-436.0,904.0,12:23:52.163390
-312.0,-457.0,891.0,12:23:52.173866
-317.0,-449.0,884.0,12:23:52.183160
-315.0,-434.0,891.0,12:23:52.193594
-317.0,-432.0,905.0,12:23:52.202961
-335.0,-424.0,899.0,12:23:52.213410
-345.0,-408.0,901.0,12:23:52.231844
-324.0,-406.0,906.0,12:23:52.242323
-339.0,-390.0,903.0,12:23:52.252776
-354.0,-389.0,911.0,12:23:52.281352
-368.0,-398.0,908.0,12:23:52.291942
-363.0,-391.0,901.0,12:23:52.320681
-373.0,-388.0,907.0,12:23:52.331207
-375.0,-386.0,915.0,12:23:52.340573
-356.0,-394.0,907.0,12:23:52.350979
-357.0,-398.0,904.0,12:23:52.360353
-345.0,-397.0,899.0,12:23:52.370852
-339.0,-401.0,904.0,12:23:52.380208
-338.0,-406.0,899.0,12:23:52.390686
-352.0,-393.0,906.0,12:23:52.400055
-337.0,-399.0,905.0,12:23:52.419777
-341.0,-396.0,901.0,12:23:52.430270
-347.0,-399.0,904.0,12:23:52.439616
-349.0,-393.0,903.0,12:23:52.450109
-360.0,-384.0,911.0,12:23:52.459499
-363.0,-381.0,907.0,12:23:52.468867
-362.0,-379.0,906.0,12:23:52.479474
-358.0,-381.0,907.0,12:23:52.488842
-360.0,-385.0,912.0,12:23:52.518684
-364.0,-387.0,910.0,12:23:52.528033
-359.0,-390.0,907.0,12:23:52.538551
-348.0,-393.0,904.0,12:23:52.558179
-346.0,-400.0,899.0,12:23:52.567478
-347.0,-398.0,905.0,12:23:52.577910
-352.0,-396.0,903.0,12:23:52.587303
-351.0,-392.0,908.0,12:23:52.597767
-352.0,-385.0,904.0,12:23:52.626467
-360.0,-376.0,907.0,12:23:52.636953
-369.0,-367.0,912.0,12:23:52.656472
-360.0,-331.0,882.0,12:23:52.666899
-351.0,-362.0,929.0,12:23:52.676359
-346.0,-340.0,943.0,12:23:52.685744
-257.0,-234.0,880.0,12:23:52.696232
-517.0,-396.0,871.0,12:23:52.705651
-343.0,-378.0,996.0,12:23:52.716240
-402.0,-342.0,983.0,12:23:52.725559
-361.0,-361.0,822.0,12:23:52.734945
-379.0,-406.0,825.0,12:23:52.745440
-414.0,-439.0,975.0,12:23:52.754724
-399.0,-522.0,999.0,12:23:52.764924
-417.0,-486.0,900.0,12:23:52.777906
-372.0,-460.0,830.0,12:23:52.785018
-286.0,-441.0,805.0,12:23:52.803696
-276.0,-443.0,827.0,12:23:52.805106
-260.0,-457.0,907.0,12:23:52.814580
-245.0,-461.0,973.0,12:23:52.823986
-265.0,-459.0,955.0,12:23:52.834387
-327.0,-419.0,886.0,12:23:52.843688
-364.0,-407.0,842.0,12:23:52.854137
-394.0,-396.0,852.0,12:23:52.863554
-418.0,-373.0,896.0,12:23:52.872993
-439.0,-377.0,932.0,12:23:52.883422
-452.0,-369.0,946.0,12:23:52.892886
-454.0,-353.0,953.0,12:23:52.903371
-431.0,-376.0,938.0,12:23:52.912671
-421.0,-369.0,890.0,12:23:52.923143
-385.0,-397.0,864.0,12:23:52.932411
-345.0,-423.0,873.0,12:23:52.942899
-367.0,-417.0,954.0,12:23:52.962376
-352.0,-409.0,937.0,12:23:52.971829
-348.0,-403.0,897.0,12:23:52.982372
-377.0,-401.0,878.0,12:23:53.001966
-385.0,-415.0,953.0,12:23:53.021451
-379.0,-424.0,927.0,12:23:53.030854
-367.0,-412.0,885.0,12:23:53.041307
-305.0,-401.0,900.0,12:23:53.060985
-294.0,-407.0,912.0,12:23:53.070316
-271.0,-406.0,916.0,12:23:53.080759
-228.0,-408.0,900.0,12:23:53.099613
-238.0,-405.0,890.0,12:23:53.110061
-300.0,-406.0,906.0,12:23:53.129790
-296.0,-418.0,919.0,12:23:53.140213
-276.0,-433.0,907.0,12:23:53.149558
-248.0,-439.0,887.0,12:23:53.158938
-213.0,-452.0,885.0,12:23:53.169499
-204.0,-449.0,892.0,12:23:53.178865
-195.0,-448.0,895.0,12:23:53.189440
-179.0,-457.0,897.0,12:23:53.206671
-173.0,-466.0,895.0,12:23:53.210010
-189.0,-460.0,882.0,12:23:53.218211
-238.0,-450.0,893.0,12:23:53.238067
-247.0,-449.0,902.0,12:23:53.248572
-240.0,-455.0,906.0,12:23:53.257938
-231.0,-454.0,890.0,12:23:53.277494
-237.0,-448.0,903.0,12:23:53.287944
-239.0,-454.0,894.0,12:23:53.307462
-235.0,-455.0,895.0,12:23:53.316863
-237.0,-453.0,899.0,12:23:53.327388
-252.0,-443.0,901.0,12:23:53.336642
-265.0,-437.0,903.0,12:23:53.347235
-259.0,-445.0,908.0,12:23:53.356537
-272.0,-442.0,896.0,12:23:53.376072
-271.0,-438.0,898.0,12:23:53.386578
-284.0,-433.0,905.0,12:23:53.395870
-277.0,-444.0,901.0,12:23:53.406343
-273.0,-441.0,894.0,12:23:53.415643
-264.0,-443.0,897.0,12:23:53.425130
-263.0,-438.0,894.0,12:23:53.435648
-267.0,-442.0,895.0,12:23:53.445057
-269.0,-435.0,893.0,12:23:53.484098
-284.0,-434.0,905.0,12:23:53.494528
-291.0,-431.0,900.0,12:23:53.504954
-285.0,-425.0,894.0,12:23:53.514228
-272.0,-427.0,897.0,12:23:53.524686
-265.0,-434.0,899.0,12:23:53.534059
-271.0,-439.0,895.0,12:23:53.543445
-278.0,-430.0,890.0,12:23:53.553990
-274.0,-436.0,902.0,12:23:53.563334
-237.0,-458.0,887.0,12:23:53.573801
-519.0,-420.0,1044.0,12:23:53.583081
-693.0,-336.0,887.0,12:23:53.593525
-809.0,-241.0,974.0,12:23:53.602905
-617.0,-383.0,918.0,12:23:53.613432
-775.0,-342.0,887.0,12:23:53.622806
-557.0,-406.0,904.0,12:23:53.632131
-381.0,-490.0,982.0,12:23:53.642642
-256.0,-447.0,924.0,12:23:53.651973
-246.0,-413.0,882.0,12:23:53.662394
-83.0,-527.0,884.0,12:23:53.671781
50.0,-552.0,792.0,12:23:53.682220
-110.0,-499.0,834.0,12:23:53.691558
-17.0,-487.0,836.0,12:23:53.701982
-169.0,-440.0,974.0,12:23:53.711368
-295.0,-452.0,992.0,12:23:53.721929
-363.0,-421.0,855.0,12:23:53.731239
-436.0,-350.0,822.0,12:23:53.740658
-336.0,-384.0,877.0,12:23:53.751070
-363.0,-417.0,968.0,12:23:53.760401
-491.0,-441.0,1001.0,12:23:53.770834
-367.0,-398.0,894.0,12:23:53.780232
-406.0,-361.0,883.0,12:23:53.790814
-385.0,-356.0,848.0,12:23:53.800123
-374.0,-445.0,894.0,12:23:53.810694
-239.0,-504.0,923.0,12:23:53.820066
-308.0,-476.0,940.0,12:23:53.829463
-247.0,-400.0,852.0,12:23:53.839958
-324.0,-384.0,902.0,12:23:53.849421
-216.0,-488.0,875.0,12:23:53.859852
-245.0,-522.0,870.0,12:23:53.869134
-302.0,-497.0,877.0,12:23:53.879652
-334.0,-455.0,884.0,12:23:53.888939
-372.0,-421.0,920.0,12:23:53.898285
-344.0,-445.0,908.0,12:23:53.908785
-337.0,-469.0,886.0,12:23:53.918151
-291.0,-457.0,881.0,12:23:53.928655
-318.0,-431.0,903.0,12:23:53.938072
-301.0,-430.0,892.0,12:23:53.948680
-354.0,-418.0,908.0,12:23:53.957984
-339.0,-430.0,899.0,12:23:53.967467
-355.0,-410.0,906.0,12:23:53.977975
-336.0,-432.0,905.0,12:23:53.987316
-317.0,-462.0,892.0,12:23:53.997837
-290.0,-474.0,884.0,12:23:54.007101
-298.0,-458.0,891.0,12:23:54.017150
-327.0,-422.0,905.0,12:23:54.027616
-318.0,-410.0,911.0,12:23:54.036886
-317.0,-441.0,901.0,12:23:54.046338
-284.0,-460.0,877.0,12:23:54.056875
-298.0,-461.0,886.0,12:23:54.066237
-309.0,-452.0,892.0,12:23:54.076819
-338.0,-432.0,897.0,12:23:54.086277
-339.0,-437.0,894.0,12:23:54.095577
-330.0,-439.0,905.0,12:23:54.106226
-292.0,-442.0,911.0,12:23:54.115617
-284.0,-434.0,897.0,12:23:54.126036
-293.0,-423.0,875.0,12:23:54.135419
-339.0,-400.0,881.0,12:23:54.144783
-359.0,-399.0,911.0,12:23:54.155244
-330.0,-416.0,946.0,12:23:54.164554
-357.0,-411.0,929.0,12:23:54.175097
-279.0,-417.0,862.0,12:23:54.184379
-333.0,-406.0,863.0,12:23:54.194825
-292.0,-413.0,879.0,12:23:54.204243
-333.0,-399.0,955.0,12:23:54.214742
-360.0,-388.0,952.0,12:23:54.224115
-366.0,-391.0,891.0,12:23:54.233494
-352.0,-379.0,861.0,12:23:54.244067
-346.0,-406.0,887.0,12:23:54.253407
-337.0,-421.0,917.0,12:23:54.263822
-351.0,-405.0,929.0,12:23:54.273174
-362.0,-388.0,914.0,12:23:54.283607
-355.0,-376.0,887.0,12:23:54.292985
-345.0,-383.0,891.0,12:23:54.303513
-313.0,-421.0,884.0,12:23:54.312910
-326.0,-427.0,907.0,12:23:54.323322
-348.0,-424.0,912.0,12:23:54.332687
-362.0,-407.0,906.0,12:23:54.341952
-360.0,-389.0,899.0,12:23:54.362553
-338.0,-399.0,889.0,12:23:54.371828
-340.0,-404.0,898.0,12:23:54.382382
-350.0,-398.0,904.0,12:23:54.391776
-374.0,-391.0,907.0,12:23:54.412414
-388.0,-378.0,901.0,12:23:54.421859
-368.0,-379.0,905.0,12:23:54.431273
-357.0,-388.0,909.0,12:23:54.440715
-356.0,-380.0,905.0,12:23:54.460301
-362.0,-367.0,902.0,12:23:54.470814
-383.0,-365.0,908.0,12:23:54.480133
-365.0,-385.0,905.0,12:23:54.490681
-348.0,-406.0,908.0,12:23:54.500104
-351.0,-410.0,897.0,12:23:54.510616
-352.0,-412.0,895.0,12:23:54.519994
-371.0,-392.0,900.0,12:23:54.529605
-387.0,-379.0,911.0,12:23:54.540061
-393.0,-380.0,916.0,12:23:54.549444
-399.0,-369.0,912.0,12:23:54.559867
-379.0,-382.0,905.0,12:23:54.569198
-369.0,-392.0,900.0,12:23:54.578660
-367.0,-396.0,895.0,12:23:54.589174
-373.0,-391.0,909.0,12:23:54.598632
-354.0,-404.0,915.0,12:23:54.609115
-355.0,-401.0,910.0,12:23:54.618501
-342.0,-404.0,893.0,12:23:54.628970
-323.0,-427.0,894.0,12:23:54.638358
-330.0,-410.0,899.0,12:23:54.647704
-356.0,-396.0,906.0,12:23:54.658101
-359.0,-399.0,909.0,12:23:54.667436
-352.0,-398.0,913.0,12:23:54.677896
-348.0,-395.0,899.0,12:23:54.687230
-332.0,-414.0,886.0,12:23:54.697635
-326.0,-418.0,901.0,12:23:54.706919
-334.0,-402.0,907.0,12:23:54.717432
-356.0,-397.0,903.0,12:23:54.737003
-350.0,-392.0,906.0,12:23:54.746324
-331.0,-404.0,899.0,12:23:54.756966
-335.0,-407.0,896.0,12:23:54.766320
-341.0,-391.0,907.0,12:23:54.776750
-351.0,-384.0,908.0,12:23:54.786236
-370.0,-367.0,907.0,12:23:54.795530
-374.0,-355.0,912.0,12:23:54.805948
-360.0,-369.0,915.0,12:23:54.815384
-361.0,-370.0,912.0,12:23:54.825875
-372.0,-362.0,906.0,12:23:54.835248
-385.0,-347.0,915.0,12:23:54.854925
-397.0,-336.0,920.0,12:23:54.865403
-381.0,-345.0,914.0,12:23:54.874719
-374.0,-351.0,912.0,12:23:54.884154
-373.0,-344.0,909.0,12:23:54.894643
-382.0,-345.0,910.0,12:23:54.904049
-388.0,-340.0,918.0,12:23:54.914571
-393.0,-339.0,921.0,12:23:54.923999
-385.0,-342.0,915.0,12:23:54.934432
-368.0,-345.0,917.0,12:23:54.943745
-360.0,-348.0,907.0,12:23:54.954201
-363.0,-353.0,909.0,12:23:54.972655
-373.0,-348.0,923.0,12:23:54.982381
-387.0,-341.0,920.0,12:23:54.992888
-379.0,-342.0,916.0,12:23:55.003326
-370.0,-349.0,908.0,12:23:55.022977
-374.0,-348.0,913.0,12:23:55.032296
-384.0,-339.0,915.0,12:23:55.042809
-386.0,-345.0,919.0,12:23:55.052205
-376.0,-348.0,913.0,12:23:55.062684
-371.0,-362.0,910.0,12:23:55.082200
-372.0,-364.0,912.0,12:23:55.091592
-381.0,-360.0,914.0,12:23:55.101088
-379.0,-353.0,912.0,12:23:55.111554
-375.0,-359.0,916.0,12:23:55.120950
-367.0,-356.0,913.0,12:23:55.131454
-359.0,-367.0,903.0,12:23:55.140750
-358.0,-365.0,906.0,12:23:55.151159
-370.0,-358.0,911.0,12:23:55.160605
-378.0,-353.0,917.0,12:23:55.171063
-380.0,-352.0,914.0,12:23:55.180406
-370.0,-357.0,909.0,12:23:55.189819
-361.0,-363.0,908.0,12:23:55.200288
-366.0,-359.0,912.0,12:23:55.210577
-378.0,-350.0,914.0,12:23:55.229384
-386.0,-352.0,917.0,12:23:55.239910
-376.0,-358.0,913.0,12:23:55.249226
-368.0,-360.0,911.0,12:23:55.259767
-366.0,-357.0,908.0,12:23:55.279398
-376.0,-356.0,915.0,12:23:55.288726
-378.0,-350.0,914.0,12:23:55.308362
-369.0,-358.0,910.0,12:23:55.318789
-370.0,-359.0,913.0,12:23:55.338358
-380.0,-353.0,914.0,12:23:55.357904
-371.0,-356.0,912.0,12:23:55.377470
-365.0,-362.0,909.0,12:23:55.387882
-366.0,-360.0,910.0,12:23:55.397276
-376.0,-353.0,918.0,12:23:55.416791
-377.0,-358.0,913.0,12:23:55.427338
-371.0,-352.0,911.0,12:23:55.436713
-366.0,-358.0,908.0,12:23:55.446173
-365.0,-357.0,907.0,12:23:55.456647
-374.0,-355.0,913.0,12:23:55.466033
-378.0,-350.0,915.0,12:23:55.476662
-382.0,-351.0,912.0,12:23:55.485962
-377.0,-353.0,913.0,12:23:55.496464
-370.0,-356.0,910.0,12:23:55.505805
-373.0,-357.0,909.0,12:23:55.515181
-371.0,-353.0,913.0,12:23:55.525605
-379.0,-351.0,911.0,12:23:55.554309
-368.0,-360.0,906.0,12:23:55.574964
-369.0,-357.0,907.0,12:23:55.584404
-372.0,-355.0,912.0,12:23:55.594906
-375.0,-356.0,910.0,12:23:55.612385
-370.0,-358.0,913.0,12:23:55.615057
-366.0,-359.0,906.0,12:23:55.633508
-372.0,-358.0,911.0,12:23:55.644032
-375.0,-357.0,914.0,12:23:55.653368
-376.0,-353.0,918.0,12:23:55.663800
-375.0,-355.0,915.0,12:23:55.673109
-374.0,-354.0,911.0,12:23:55.702975
-376.0,-355.0,912.0,12:23:55.713365
-378.0,-352.0,915.0,12:23:55.722717
-376.0,-354.0,913.0,12:23:55.732111
-374.0,-356.0,910.0,12:23:55.742613
-376.0,-352.0,915.0,12:23:55.772306
-375.0,-354.0,908.0,12:23:55.790835
-370.0,-358.0,913.0,12:23:55.801346
-369.0,-360.0,910.0,12:23:55.811859
-372.0,-353.0,913.0,12:23:55.840608
-369.0,-357.0,912.0,12:23:55.870284
-373.0,-359.0,909.0,12:23:55.880763
-375.0,-356.0,913.0,12:23:55.890061
-376.0,-354.0,910.0,12:23:55.900601
-374.0,-352.0,914.0,12:23:55.909927
-373.0,-356.0,913.0,12:23:55.919400
-371.0,-357.0,911.0,12:23:55.929854
-374.0,-355.0,915.0,12:23:55.939332
-375.0,-352.0,911.0,12:23:55.949817
-373.0,-354.0,917.0,12:23:55.959153
-372.0,-358.0,910.0,12:23:55.978979
-371.0,-354.0,914.0,12:23:55.989486
-369.0,-357.0,913.0,12:23:55.998793
-375.0,-356.0,911.0,12:23:56.018399
-372.0,-357.0,912.0,12:23:56.028806
-373.0,-354.0,911.0,12:23:56.097439
-374.0,-358.0,910.0,12:23:56.106937
-370.0,-356.0,912.0,12:23:56.117444
-375.0,-358.0,911.0,12:23:56.135894
-373.0,-359.0,912.0,12:23:56.146359
-371.0,-355.0,913.0,12:23:56.165931
-372.0,-357.0,912.0,12:23:56.185519
-375.0,-359.0,910.0,12:23:56.196003
-374.0,-356.0,908.0,12:23:56.205322
-373.0,-357.0,913.0,12:23:56.224939
-372.0,-355.0,917.0,12:23:56.244469
-373.0,-359.0,909.0,12:23:56.254979
-371.0,-354.0,916.0,12:23:56.274535
-372.0,-358.0,913.0,12:23:56.284993
-373.0,-355.0,912.0,12:23:56.294284
-374.0,-357.0,908.0,12:23:56.313753
-373.0,-356.0,912.0,12:23:56.324224
-374.0,-355.0,916.0,12:23:56.343716
-370.0,-357.0,913.0,12:23:56.363226
-372.0,-359.0,912.0,12:23:56.393244
-373.0,-354.0,910.0,12:23:56.414372
-374.0,-355.0,912.0,12:23:56.422672
-371.0,-356.0,909.0,12:23:56.433092
-373.0,-355.0,912.0,12:23:56.451715
-375.0,-357.0,915.0,12:23:56.462141
-376.0,-356.0,911.0,12:23:56.490950
-374.0,-358.0,912.0,12:23:56.560684
-372.0,-357.0,917.0,12:23:56.571121
-369.0,-358.0,909.0,12:23:56.580556
-371.0,-357.0,912.0,12:23:56.589900
-373.0,-359.0,914.0,12:23:56.639170
-372.0,-358.0,911.0,12:23:56.649718
-374.0,-354.0,914.0,12:23:56.659024
-376.0,-357.0,913.0,12:23:56.678628
-375.0,-354.0,911.0,12:23:56.689087
-373.0,-358.0,916.0,12:23:56.717709
-372.0,-357.0,910.0,12:23:56.733254
-371.0,-355.0,909.0,12:23:56.751297
-373.0,-354.0,912.0,12:23:56.757520
-370.0,-356.0,913.0,12:23:56.769986
-371.0,-357.0,912.0,12:23:56.787476
-373.0,-354.0,915.0,12:23:56.796842
-372.0,-356.0,910.0,12:23:56.818158
-371.0,-354.0,912.0,12:23:56.827451
-374.0,-353.0,914.0,12:23:56.836734
-375.0,-354.0,913.0,12:23:56.865627
-371.0,-353.0,908.0,12:23:56.885250
-376.0,-354.0,915.0,12:23:56.895822
-374.0,-355.0,913.0,12:23:56.905235
-372.0,-356.0,910.0,12:23:56.935093
-373.0,-358.0,915.0,12:23:56.975513
-372.0,-356.0,911.0,12:23:56.984878
-370.0,-358.0,910.0,12:23:57.014580
-371.0,-354.0,911.0,12:23:57.024053
-373.0,-358.0,913.0,12:23:57.034467
-377.0,-357.0,914.0,12:23:57.063145
-371.0,-356.0,911.0,12:23:57.073568
-377.0,-358.0,913.0,12:23:57.082941
-374.0,-356.0,910.0,12:23:57.102470
-370.0,-354.0,912.0,12:23:57.122408
-374.0,-356.0,914.0,12:23:57.141945
-373.0,-357.0,915.0,12:23:57.162645
-372.0,-354.0,909.0,12:23:57.171955
-374.0,-357.0,912.0,12:23:57.181352
-373.0,-356.0,910.0,12:23:57.220402
-371.0,-359.0,911.0,12:23:57.241194
-373.0,-357.0,909.0,12:23:57.250596
-374.0,-356.0,910.0,12:23:57.261100
-372.0,-360.0,911.0,12:23:57.270512
-375.0,-356.0,913.0,12:23:57.279880
-374.0,-357.0,912.0,12:23:57.290365
-372.0,-356.0,910.0,12:23:57.318979
-373.0,-355.0,913.0,12:23:57.339745
-372.0,-352.0,912.0,12:23:57.349035
-374.0,-355.0,911.0,12:23:57.378871
-371.0,-354.0,910.0,12:23:57.398342
-375.0,-355.0,909.0,12:23:57.408792
-372.0,-357.0,911.0,12:23:57.418136
-375.0,-353.0,914.0,12:23:57.428624
-376.0,-355.0,915.0,12:23:57.437989
-372.0,-356.0,912.0,12:23:57.457628
-373.0,-358.0,913.0,12:23:57.468118
-374.0,-355.0,911.0,12:23:57.488039
-373.0,-354.0,913.0,12:23:57.497458
-371.0,-361.0,914.0,12:23:57.506794
-373.0,-356.0,910.0,12:23:57.517375
-374.0,-359.0,911.0,12:23:57.526683
-373.0,-355.0,913.0,12:23:57.546340
-374.0,-356.0,911.0,12:23:57.556858
-372.0,-354.0,914.0,12:23:57.566244
-374.0,-356.0,908.0,12:23:57.585819
-370.0,-358.0,909.0,12:23:57.625592
-373.0,-355.0,912.0,12:23:57.634970
-375.0,-353.0,915.0,12:23:57.654584
-373.0,-356.0,911.0,12:23:57.665117
-372.0,-355.0,913.0,12:23:57.802880
-373.0,-356.0,909.0,12:23:57.813370
-374.0,-355.0,912.0,12:23:57.831836
-372.0,-357.0,915.0,12:23:57.861812
-373.0,-354.0,911.0,12:23:57.872297
-374.0,-355.0,914.0,12:23:57.881684
-373.0,-357.0,915.0,12:23:57.892198
-371.0,-359.0,916.0,12:23:57.911794
-372.0,-356.0,915.0,12:23:57.921081
-371.0,-361.0,914.0,12:23:57.949953
-372.0,-355.0,911.0,12:23:57.960607
-374.0,-354.0,914.0,12:23:57.980155
-375.0,-357.0,913.0,12:23:57.990639
-372.0,-356.0,912.0,12:23:57.999942
-373.0,-354.0,911.0,12:23:58.017617
-374.0,-355.0,913.0,12:23:58.021421
-373.0,-357.0,915.0,12:23:58.039879
-374.0,-355.0,910.0,12:23:58.049193
-373.0,-356.0,912.0,12:23:58.068768
-370.0,-358.0,910.0,12:23:58.127455
-373.0,-355.0,912.0,12:23:58.137974
-371.0,-356.0,916.0,12:23:58.157633
-374.0,-355.0,912.0,12:23:58.168041
-372.0,-352.0,910.0,12:23:58.177573
-370.0,-355.0,912.0,12:23:58.206314
-373.0,-359.0,915.0,12:23:58.227076
-374.0,-355.0,912.0,12:23:58.276269
-373.0,-353.0,911.0,12:23:58.295853
-372.0,-354.0,912.0,12:23:58.324556
-373.0,-356.0,913.0,12:23:58.335091
-372.0,-354.0,912.0,12:23:58.354697
-373.0,-358.0,915.0,12:23:58.365293
-372.0,-355.0,911.0,12:23:58.374619
-374.0,-354.0,914.0,12:23:58.384091
-372.0,-356.0,909.0,12:23:58.424065
-373.0,-355.0,911.0,12:23:58.434492
-372.0,-357.0,906.0,12:23:58.443803
-373.0,-354.0,911.0,12:23:58.453187
-371.0,-355.0,914.0,12:23:58.463605
-372.0,-356.0,913.0,12:23:58.473041
-373.0,-355.0,916.0,12:23:58.483588
-372.0,-357.0,912.0,12:23:58.503131
-373.0,-356.0,914.0,12:23:58.522695
-372.0,-359.0,912.0,12:23:58.531999
-373.0,-355.0,914.0,12:23:58.552695
-374.0,-353.0,912.0,12:23:58.572260
-376.0,-355.0,914.0,12:23:58.581717
-375.0,-356.0,916.0,12:23:58.592163
-373.0,-355.0,913.0,12:23:58.631245
-374.0,-359.0,912.0,12:23:58.650911
-372.0,-354.0,909.0,12:23:58.660235
-373.0,-358.0,912.0,12:23:58.670729
-372.0,-359.0,911.0,12:23:58.680040
-371.0,-357.0,913.0,12:23:58.699906
-374.0,-358.0,910.0,12:23:58.719526
-372.0,-356.0,911.0,12:23:58.730022
-374.0,-355.0,913.0,12:23:58.748572
-373.0,-357.0,914.0,12:23:58.769396
-374.0,-355.0,915.0,12:23:58.788900
-372.0,-356.0,913.0,12:23:58.808516
-373.0,-354.0,912.0,12:23:58.820630
-371.0,-355.0,911.0,12:23:58.838077
-373.0,-359.0,915.0,12:23:58.848608
-371.0,-353.0,914.0,12:23:58.866938
-373.0,-356.0,910.0,12:23:58.897834
-371.0,-357.0,912.0,12:23:58.907105
-373.0,-355.0,913.0,12:23:58.936904
-375.0,-357.0,910.0,12:23:58.946288
-371.0,-356.0,911.0,12:23:58.976542
-370.0,-357.0,915.0,12:23:58.995190
-376.0,-354.0,917.0,12:23:59.015801
-372.0,-356.0,913.0,12:23:59.035520
-374.0,-355.0,915.0,12:23:59.044898
-371.0,-356.0,914.0,12:23:59.064418
-374.0,-357.0,912.0,12:23:59.074860
-372.0,-355.0,914.0,12:23:59.115541
-375.0,-358.0,912.0,12:23:59.134063
-373.0,-356.0,911.0,12:23:59.143354
-375.0,-358.0,913.0,12:23:59.163044
-372.0,-357.0,911.0,12:23:59.173507
-371.0,-355.0,914.0,12:23:59.262251
-376.0,-354.0,912.0,12:23:59.290994
-372.0,-357.0,911.0,12:23:59.301449
-370.0,-358.0,914.0,12:23:59.320939
-373.0,-356.0,912.0,12:23:59.340433
-374.0,-357.0,913.0,12:23:59.350954
-373.0,-359.0,909.0,12:23:59.360332
-372.0,-357.0,912.0,12:23:59.370807
-373.0,-355.0,911.0,12:23:59.390391
-375.0,-357.0,914.0,12:23:59.420165
-371.0,-356.0,913.0,12:23:59.429557
-373.0,-358.0,912.0,12:23:59.459412
-374.0,-356.0,911.0,12:23:59.468714
-375.0,-355.0,915.0,12:23:59.498439
-373.0,-357.0,911.0,12:23:59.508869
-374.0,-355.0,909.0,12:23:59.518200
-373.0,-356.0,910.0,12:23:59.528677
-372.0,-357.0,913.0,12:23:59.537974
-373.0,-353.0,912.0,12:23:59.557650
-371.0,-357.0,915.0,12:23:59.568107
-373.0,-355.0,914.0,12:23:59.577496
-369.0,-357.0,912.0,12:23:59.588013
-374.0,-355.0,911.0,12:23:59.597403
-373.0,-356.0,913.0,12:23:59.606698
-375.0,-353.0,912.0,12:23:59.636609
-373.0,-357.0,913.0,12:23:59.656237
-372.0,-353.0,910.0,12:23:59.666685
-373.0,-355.0,912.0,12:23:59.676029
-375.0,-356.0,914.0,12:23:59.686469
-371.0,-353.0,911.0,12:23:59.695833
-372.0,-358.0,912.0,12:23:59.705267
-373.0,-356.0,916.0,12:23:59.715762
-372.0,-355.0,913.0,12:23:59.735383
-374.0,-356.0,907.0,12:23:59.754987
-373.0,-357.0,911.0,12:23:59.764351
-371.0,-354.0,912.0,12:23:59.774786
-374.0,-355.0,910.0,12:23:59.784230
-373.0,-356.0,911.0,12:23:59.794752
-376.0,-357.0,917.0,12:23:59.804132
-373.0,-356.0,910.0,12:23:59.814660
-372.0,-355.0,912.0,12:23:59.834252
-374.0,-354.0,913.0,12:23:59.863007
-373.0,-356.0,912.0,12:23:59.873445
-374.0,-353.0,914.0,12:23:59.882697
-372.0,-357.0,912.0,12:23:59.893113
-374.0,-353.0,914.0,12:23:59.902502
-371.0,-360.0,912.0,12:23:59.922095
-374.0,-356.0,911.0,12:23:59.941663
-371.0,-357.0,914.0,12:23:59.962484
-374.0,-355.0,910.0,12:23:59.971792
-373.0,-358.0,913.0,12:23:59.991411
-374.0,-356.0,910.0,12:24:00.001871
-373.0,-355.0,913.0,12:24:00.011241
-372.0,-352.0,911.0,12:24:00.031060
-375.0,-355.0,913.0,12:24:00.069986
-373.0,-356.0,912.0,12:24:00.080440
-375.0,-353.0,913.0,12:24:00.138898
-373.0,-358.0,914.0,12:24:00.149553
-374.0,-355.0,913.0,12:24:00.169102
-372.0,-353.0,910.0,12:24:00.197859
-376.0,-355.0,911.0,12:24:00.208447
-372.0,-357.0,910.0,12:24:00.218861
-373.0,-356.0,909.0,12:24:00.228147
-372.0,-359.0,914.0,12:24:00.238608
-374.0,-357.0,911.0,12:24:00.247908
-373.0,-352.0,909.0,12:24:00.257275
-374.0,-356.0,913.0,12:24:00.267824
-372.0,-354.0,912.0,12:24:00.296514
-374.0,-355.0,913.0,12:24:00.307148
-375.0,-358.0,908.0,12:24:00.316445
-373.0,-353.0,913.0,12:24:00.326875
-371.0,-359.0,914.0,12:24:00.346490
-374.0,-358.0,913.0,12:24:00.355856
-372.0,-357.0,909.0,12:24:00.366420
-371.0,-356.0,912.0,12:24:00.375741
-373.0,-360.0,913.0,12:24:00.395386
-374.0,-357.0,914.0,12:24:00.405823
-372.0,-354.0,913.0,12:24:00.435300
-373.0,-356.0,911.0,12:24:00.444665
-374.0,-353.0,912.0,12:24:00.474612
-372.0,-355.0,909.0,12:24:00.484039
-373.0,-354.0,913.0,12:24:00.494520
-374.0,-358.0,911.0,12:24:00.503874
-372.0,-356.0,915.0,12:24:00.533669
-373.0,-357.0,912.0,12:24:00.544111
-376.0,-358.0,914.0,12:24:00.562517
-373.0,-354.0,913.0,12:24:00.572995
-371.0,-357.0,910.0,12:24:00.602954
-375.0,-356.0,916.0,12:24:00.612221
-373.0,-357.0,912.0,12:24:00.622666
-372.0,-359.0,908.0,12:24:00.642163
-373.0,-358.0,910.0,12:24:00.652667
-372.0,-354.0,912.0,12:24:00.661990
-373.0,-356.0,911.0,12:24:00.671386
-374.0,-358.0,913.0,12:24:00.681864
-373.0,-357.0,911.0,12:24:00.691214
-372.0,-354.0,909.0,12:24:00.701745
-375.0,-356.0,913.0,12:24:00.711021
-372.0,-354.0,914.0,12:24:00.760170
-374.0,-356.0,911.0,12:24:00.770837
-373.0,-355.0,910.0,12:24:00.780136
-374.0,-358.0,911.0,12:24:00.790673
-372.0,-354.0,915.0,12:24:00.800017
-373.0,-356.0,914.0,12:24:00.809420
-372.0,-355.0,913.0,12:24:00.819870
-371.0,-356.0,908.0,12:24:00.829341
-373.0,-357.0,913.0,12:24:00.848957
-372.0,-358.0,914.0,12:24:00.868626
-374.0,-356.0,910.0,12:24:00.898415
-373.0,-354.0,909.0,12:24:00.918005
-374.0,-353.0,912.0,12:24:00.928515
-372.0,-355.0,913.0,12:24:00.937816
-368.0,-356.0,912.0,12:24:00.948292
-373.0,-355.0,909.0,12:24:00.957677
-375.0,-358.0,910.0,12:24:00.977690
-374.0,-356.0,911.0,12:24:00.997414
-372.0,-358.0,912.0,12:24:01.006728
-373.0,-356.0,914.0,12:24:01.026331
-372.0,-354.0,916.0,12:24:01.036820
-371.0,-356.0,911.0,12:24:01.046179
-373.0,-355.0,912.0,12:24:01.065757
-372.0,-356.0,913.0,12:24:01.085348
-373.0,-355.0,912.0,12:24:01.105938
-372.0,-356.0,916.0,12:24:01.125891
-374.0,-354.0,911.0,12:24:01.144370
-371.0,-357.0,914.0,12:24:01.154831
-372.0,-356.0,912.0,12:24:01.164239
-373.0,-355.0,911.0,12:24:01.174664
-374.0,-357.0,913.0,12:24:01.184064
-371.0,-358.0,912.0,12:24:01.194563
-372.0,-352.0,915.0,12:24:01.243056
-373.0,-354.0,909.0,12:24:01.253520
-374.0,-356.0,913.0,12:24:01.262878
-371.0,-361.0,911.0,12:24:01.273398
-373.0,-358.0,912.0,12:24:01.282738
-374.0,-357.0,913.0,12:24:01.312556
-373.0,-356.0,915.0,12:24:01.323054
-371.0,-355.0,917.0,12:24:01.342573
-372.0,-357.0,912.0,12:24:01.351862
-374.0,-355.0,914.0,12:24:01.362435
-375.0,-356.0,911.0,12:24:01.371812
-372.0,-358.0,912.0,12:24:01.382231
-373.0,-357.0,913.0,12:24:01.391598
-370.0,-354.0,912.0,12:24:01.411047
-371.0,-358.0,913.0,12:24:01.421506
-372.0,-356.0,917.0,12:24:01.431549
-374.0,-352.0,911.0,12:24:01.440929
-373.0,-357.0,908.0,12:24:01.450267
-372.0,-355.0,913.0,12:24:01.460745
-374.0,-358.0,912.0,12:24:01.470046
-375.0,-357.0,913.0,12:24:01.480586
-374.0,-355.0,911.0,12:24:01.489925
-373.0,-356.0,915.0,12:24:01.539110
-371.0,-353.0,909.0,12:24:01.568959
-372.0,-356.0,913.0,12:24:01.579492
-374.0,-358.0,911.0,12:24:01.608168
-373.0,-356.0,912.0,12:24:01.618733
-372.0,-357.0,913.0,12:24:01.678134
-375.0,-358.0,906.0,12:24:01.687497
-371.0,-357.0,912.0,12:24:01.707057
-372.0,-356.0,911.0,12:24:01.726674
-374.0,-358.0,914.0,12:24:01.737148
-372.0,-356.0,910.0,12:24:01.746454
-370.0,-354.0,912.0,12:24:01.766207
-372.0,-356.0,914.0,12:24:01.775491
-373.0,-357.0,912.0,12:24:01.785934
-371.0,-354.0,911.0,12:24:01.805572
-373.0,-358.0,915.0,12:24:01.816040
-375.0,-354.0,912.0,12:24:01.844637
-372.0,-355.0,914.0,12:24:01.855236
-373.0,-357.0,913.0,12:24:01.864619
-375.0,-354.0,910.0,12:24:01.894512
-374.0,-357.0,913.0,12:24:01.903875
-373.0,-355.0,911.0,12:24:01.914508
-372.0,-356.0,908.0,12:24:01.923899
-371.0,-355.0,912.0,12:24:01.963974
-374.0,-356.0,910.0,12:24:01.973250
-373.0,-359.0,911.0,12:24:01.982570
-372.0,-357.0,915.0,12:24:02.003215
-373.0,-354.0,910.0,12:24:02.022689
-374.0,-357.0,912.0,12:24:02.032072
-371.0,-356.0,914.0,12:24:02.091526
-374.0,-355.0,911.0,12:24:02.100919
-371.0,-356.0,909.0,12:24:02.120585
-375.0,-355.0,917.0,12:24:02.140588
-371.0,-357.0,909.0,12:24:02.160115
-372.0,-354.0,913.0,12:24:02.170646
-373.0,-355.0,914.0,12:24:02.190228
-375.0,-354.0,912.0,12:24:02.209760
-372.0,-356.0,909.0,12:24:02.219326
-374.0,-355.0,915.0,12:24:02.229791
-372.0,-356.0,913.0,12:24:02.258498
-373.0,-355.0,914.0,12:24:02.278075
-372.0,-356.0,913.0,12:24:02.288580
-373.0,-357.0,915.0,12:24:02.328665
-371.0,-355.0,913.0,12:24:02.347033
-372.0,-360.0,914.0,12:24:02.357451
-374.0,-355.0,912.0,12:24:02.368048
-372.0,-357.0,910.0,12:24:02.377405
-373.0,-354.0,914.0,12:24:02.387832
-375.0,-355.0,912.0,12:24:02.397276
-373.0,-357.0,907.0,12:24:02.406637
-372.0,-354.0,915.0,12:24:02.430915
-374.0,-357.0,914.0,12:24:02.437021
-372.0,-358.0,916.0,12:24:02.456555
-373.0,-356.0,913.0,12:24:02.465892
-376.0,-357.0,910.0,12:24:02.504937
-375.0,-355.0,911.0,12:24:02.515396
-374.0,-356.0,913.0,12:24:02.524754
-373.0,-358.0,912.0,12:24:02.535485
-372.0,-359.0,911.0,12:24:02.564280
-370.0,-357.0,914.0,12:24:02.574742
-374.0,-355.0,912.0,12:24:02.584128
-370.0,-354.0,916.0,12:24:02.594641
-373.0,-357.0,913.0,12:24:02.604062
-375.0,-359.0,906.0,12:24:02.614511
-376.0,-357.0,910.0,12:24:02.623934
-372.0,-356.0,912.0,12:24:02.633327
-375.0,-357.0,910.0,12:24:02.683593
-372.0,-355.0,912.0,12:24:02.703218
-375.0,-354.0,915.0,12:24:02.721813
-374.0,-356.0,911.0,12:24:02.732349
-373.0,-355.0,912.0,12:24:02.751979
-374.0,-354.0,914.0,12:24:02.780741
-371.0,-356.0,912.0,12:24:02.791197
-372.0,-357.0,913.0,12:24:02.810799
-371.0,-356.0,912.0,12:24:02.821274
-375.0,-357.0,911.0,12:24:02.850925
-372.0,-356.0,912.0,12:24:02.860295
-374.0,-359.0,914.0,12:24:02.870823
-373.0,-352.0,911.0,12:24:02.880189
-374.0,-356.0,913.0,12:24:02.890697
-373.0,-354.0,912.0,12:24:02.919530
-374.0,-357.0,910.0,12:24:02.939028
-375.0,-354.0,912.0,12:24:02.958701
-372.0,-356.0,910.0,12:24:02.978312
-373.0,-355.0,912.0,12:24:03.047897
-375.0,-356.0,913.0,12:24:03.057167
-371.0,-357.0,910.0,12:24:03.067586
-373.0,-356.0,911.0,12:24:03.076975
-372.0,-357.0,913.0,12:24:03.096585
-371.0,-355.0,914.0,12:24:03.127437
-372.0,-356.0,909.0,12:24:03.136933
-374.0,-361.0,911.0,12:24:03.146350
-372.0,-357.0,910.0,12:24:03.165910
-374.0,-358.0,911.0,12:24:03.176402
-375.0,-357.0,913.0,12:24:03.185715
-373.0,-356.0,911.0,12:24:03.205333
-375.0,-357.0,913.0,12:24:03.215815
-371.0,-356.0,914.0,12:24:03.235468
-373.0,-355.0,913.0,12:24:03.244779
-372.0,-357.0,915.0,12:24:03.274588
-373.0,-356.0,913.0,12:24:03.283977
-375.0,-353.0,910.0,12:24:03.303616
-372.0,-354.0,911.0,12:24:03.314200
-375.0,-356.0,914.0,12:24:03.323515
-373.0,-354.0,909.0,12:24:03.334081
-372.0,-357.0,914.0,12:24:03.353690
-373.0,-355.0,912.0,12:24:03.362999
-372.0,-356.0,911.0,12:24:03.373560
-371.0,-355.0,913.0,12:24:03.382952
-375.0,-353.0,912.0,12:24:03.393420
-371.0,-356.0,911.0,12:24:03.402901
-370.0,-355.0,912.0,12:24:03.422418
-371.0,-356.0,911.0,12:24:03.432931
-374.0,-355.0,912.0,12:24:03.442312
-373.0,-357.0,913.0,12:24:03.451768
-374.0,-359.0,910.0,12:24:03.462250
-372.0,-360.0,909.0,12:24:03.471750
-371.0,-356.0,910.0,12:24:03.481176
-374.0,-355.0,912.0,12:24:03.491768
-372.0,-353.0,915.0,12:24:03.511235
-375.0,-357.0,912.0,12:24:03.520683
-374.0,-356.0,910.0,12:24:03.540187
-371.0,-358.0,912.0,12:24:03.560883
-372.0,-357.0,907.0,12:24:03.570197
-373.0,-355.0,912.0,12:24:03.580739
-370.0,-356.0,911.0,12:24:03.609420
-374.0,-355.0,913.0,12:24:03.634111
-372.0,-354.0,911.0,12:24:03.639904
-373.0,-353.0,912.0,12:24:03.658319
-374.0,-357.0,911.0,12:24:03.668734
-372.0,-354.0,912.0,12:24:03.679153
-371.0,-357.0,910.0,12:24:03.718017
-373.0,-356.0,912.0,12:24:03.728617
-374.0,-357.0,913.0,12:24:03.737960
-372.0,-355.0,912.0,12:24:03.767690
-370.0,-357.0,913.0,12:24:03.796482
-372.0,-354.0,908.0,12:24:03.815992
-370.0,-353.0,913.0,12:24:03.836648
-375.0,-356.0,915.0,12:24:03.845970
-374.0,-353.0,910.0,12:24:03.856415
-375.0,-357.0,912.0,12:24:03.865704
-374.0,-358.0,913.0,12:24:03.885436
-372.0,-355.0,910.0,12:24:03.895892
-373.0,-356.0,913.0,12:24:03.915429
-374.0,-355.0,912.0,12:24:03.964732
-371.0,-356.0,911.0,12:24:04.004052
-373.0,-357.0,913.0,12:24:04.014484
-372.0,-353.0,911.0,12:24:04.023805
-374.0,-357.0,913.0,12:24:04.037481
-372.0,-353.0,914.0,12:24:04.102324
-374.0,-355.0,915.0,12:24:04.142742
-373.0,-354.0,912.0,12:24:04.152046
-372.0,-359.0,914.0,12:24:04.161406
-374.0,-356.0,915.0,12:24:04.191209
-372.0,-355.0,909.0,12:24:04.210806
-373.0,-356.0,913.0,12:24:04.240681
-372.0,-353.0,914.0,12:24:04.270436
-373.0,-351.0,909.0,12:24:04.279769
-371.0,-356.0,910.0,12:24:04.309630
-372.0,-357.0,913.0,12:24:04.339506
-373.0,-356.0,911.0,12:24:04.359095
-372.0,-357.0,916.0,12:24:04.388953
-374.0,-355.0,913.0,12:24:04.398323
-372.0,-357.0,914.0,12:24:04.428043
-374.0,-355.0,913.0,12:24:04.438563
-373.0,-353.0,909.0,12:24:04.447946
-371.0,-357.0,911.0,12:24:04.467439
-373.0,-354.0,913.0,12:24:04.477945
-374.0,-356.0,909.0,12:24:04.487346
-375.0,-355.0,911.0,12:24:04.517076
-373.0,-357.0,907.0,12:24:04.526364
-372.0,-356.0,913.0,12:24:04.536881
-371.0,-357.0,912.0,12:24:04.546315
-373.0,-356.0,914.0,12:24:04.556754
-371.0,-357.0,912.0,12:24:04.585511
-373.0,-353.0,913.0,12:24:04.595935
-371.0,-354.0,912.0,12:24:04.615464
-374.0,-356.0,915.0,12:24:04.635207
-372.0,-355.0,911.0,12:24:04.644554
-374.0,-357.0,908.0,12:24:04.655337
-372.0,-356.0,914.0,12:24:04.664813
-374.0,-355.0,912.0,12:24:04.683867
-375.0,-356.0,911.0,12:24:04.694394
-373.0,-355.0,909.0,12:24:04.714051
-371.0,-357.0,911.0,12:24:04.724467
-374.0,-356.0,915.0,12:24:04.733775
-373.0,-353.0,913.0,12:24:04.743129
-372.0,-355.0,911.0,12:24:04.753642
-373.0,-352.0,913.0,12:24:04.762956
-374.0,-359.0,914.0,12:24:04.782549
-373.0,-353.0,912.0,12:24:04.793102
-374.0,-356.0,910.0,12:24:04.802374
-371.0,-353.0,912.0,12:24:04.812980
-374.0,-356.0,914.0,12:24:04.837354
-373.0,-357.0,911.0,12:24:04.842400
-372.0,-354.0,916.0,12:24:04.851818
-375.0,-351.0,909.0,12:24:04.862303
-374.0,-356.0,916.0,12:24:04.880885
-375.0,-354.0,912.0,12:24:04.910701
-373.0,-357.0,914.0,12:24:04.921228
-374.0,-354.0,912.0,12:24:04.960350
-375.0,-356.0,911.0,12:24:04.970855
-374.0,-353.0,912.0,12:24:04.980231
-372.0,-358.0,913.0,12:24:04.999780
-376.0,-356.0,912.0,12:24:05.029864
-375.0,-358.0,911.0,12:24:05.049493
-373.0,-356.0,910.0,12:24:05.058873
-375.0,-355.0,914.0,12:24:05.069428
-372.0,-354.0,912.0,12:24:05.078749
-371.0,-353.0,911.0,12:24:05.089337
-374.0,-355.0,909.0,12:24:05.117999
-375.0,-356.0,911.0,12:24:05.147905
-374.0,-355.0,908.0,12:24:05.176537
-373.0,-356.0,912.0,12:24:05.197265
-374.0,-357.0,910.0,12:24:05.239050
-372.0,-358.0,912.0,12:24:05.246816
-371.0,-356.0,914.0,12:24:05.256251
-372.0,-354.0,913.0,12:24:05.266679
-373.0,-355.0,912.0,12:24:05.276009
-371.0,-359.0,914.0,12:24:05.285434
-374.0,-353.0,910.0,12:24:05.295902
-373.0,-356.0,913.0,12:24:05.305254
-375.0,-355.0,912.0,12:24:05.315785
-372.0,-351.0,917.0,12:24:05.325231
-373.0,-356.0,914.0,12:24:05.335683
-374.0,-354.0,913.0,12:24:05.423788
-371.0,-356.0,911.0,12:24:05.434233
-372.0,-354.0,913.0,12:24:05.443582
-374.0,-356.0,912.0,12:24:05.463129
-371.0,-354.0,913.0,12:24:05.473680
-370.0,-356.0,910.0,12:24:05.483330
-371.0,-352.0,915.0,12:24:05.492732
-372.0,-356.0,907.0,12:24:05.503222
-373.0,-354.0,910.0,12:24:05.522779
-371.0,-358.0,912.0,12:24:05.532218
-372.0,-355.0,913.0,12:24:05.551883
-373.0,-356.0,915.0,12:24:05.611256
-374.0,-358.0,910.0,12:24:05.679704
-375.0,-356.0,912.0,12:24:05.690140
-371.0,-355.0,909.0,12:24:05.699548
-373.0,-357.0,911.0,12:24:05.710004
-372.0,-354.0,914.0,12:24:05.719597
-374.0,-357.0,913.0,12:24:05.730034
-372.0,-353.0,914.0,12:24:05.739444
-375.0,-357.0,913.0,12:24:05.768118
-374.0,-358.0,911.0,12:24:05.788909
-373.0,-357.0,912.0,12:24:05.807507
-375.0,-354.0,914.0,12:24:05.868069
-372.0,-359.0,912.0,12:24:05.886535
-374.0,-355.0,909.0,12:24:05.896978
-373.0,-353.0,913.0,12:24:05.907539
-375.0,-356.0,909.0,12:24:05.916924
-373.0,-357.0,912.0,12:24:05.936515
-371.0,-355.0,911.0,12:24:05.945917
-373.0,-354.0,912.0,12:24:05.975780
-371.0,-355.0,911.0,12:24:05.986320
-374.0,-356.0,906.0,12:24:05.995599
-371.0,-358.0,913.0,12:24:06.004993
-373.0,-359.0,914.0,12:24:06.015422
-374.0,-357.0,913.0,12:24:06.024816
-373.0,-354.0,908.0,12:24:06.040919
-372.0,-353.0,909.0,12:24:06.044601
-375.0,-355.0,912.0,12:24:06.055187
-373.0,-357.0,914.0,12:24:06.073750
-374.0,-356.0,911.0,12:24:06.084229
-373.0,-354.0,910.0,12:24:06.094733
-374.0,-357.0,909.0,12:24:06.104141
-372.0,-356.0,911.0,12:24:06.123662
-374.0,-354.0,912.0,12:24:06.134203
-371.0,-355.0,913.0,12:24:06.144057
-374.0,-356.0,908.0,12:24:06.162459
-370.0,-355.0,911.0,12:24:06.172961
-372.0,-357.0,913.0,12:24:06.183410
-373.0,-356.0,914.0,12:24:06.203036
-374.0,-357.0,913.0,12:24:06.212293
-373.0,-354.0,909.0,12:24:06.252485
-374.0,-353.0,912.0,12:24:06.261882
-372.0,-354.0,913.0,12:24:06.271246
-373.0,-353.0,912.0,12:24:06.281811
-372.0,-356.0,913.0,12:24:06.301386
-373.0,-358.0,912.0,12:24:06.331192
-374.0,-357.0,911.0,12:24:06.350787
-371.0,-353.0,912.0,12:24:06.360100
-373.0,-359.0,911.0,12:24:06.370620
-366.0,-351.0,913.0,12:24:06.399395
-375.0,-359.0,909.0,12:24:06.418983
-372.0,-356.0,914.0,12:24:06.429615
-373.0,-357.0,912.0,12:24:06.444694
-372.0,-355.0,911.0,12:24:06.458718
-373.0,-358.0,914.0,12:24:06.478365
-374.0,-357.0,910.0,12:24:06.497900
-373.0,-353.0,913.0,12:24:06.508454
-374.0,-358.0,910.0,12:24:06.547285
-371.0,-355.0,911.0,12:24:06.557738
-374.0,-358.0,917.0,12:24:06.577353
-372.0,-356.0,910.0,12:24:06.617274
-373.0,-355.0,913.0,12:24:06.626669
-372.0,-358.0,911.0,12:24:06.636012
-374.0,-355.0,910.0,12:24:06.665671
-373.0,-359.0,911.0,12:24:06.695805
-375.0,-356.0,916.0,12:24:06.705313
-371.0,-358.0,913.0,12:24:06.715132
-373.0,-359.0,912.0,12:24:06.735087
-372.0,-356.0,910.0,12:24:06.744461
-373.0,-360.0,915.0,12:24:06.754903
-374.0,-356.0,910.0,12:24:06.764273
-370.0,-354.0,912.0,12:24:06.774822
-375.0,-355.0,910.0,12:24:06.784145
-377.0,-356.0,912.0,12:24:06.794661
-371.0,-360.0,913.0,12:24:06.804120
-374.0,-358.0,912.0,12:24:06.814580
-371.0,-355.0,913.0,12:24:06.833083
-374.0,-350.0,914.0,12:24:06.843578
-372.0,-355.0,911.0,12:24:06.852987
-374.0,-359.0,913.0,12:24:06.863490
-369.0,-357.0,909.0,12:24:06.893248
-371.0,-354.0,910.0,12:24:06.902596
-374.0,-353.0,912.0,12:24:06.913082
-373.0,-358.0,915.0,12:24:06.922395
-372.0,-353.0,914.0,12:24:06.931825
-369.0,-364.0,911.0,12:24:06.942355
-379.0,-355.0,913.0,12:24:06.951792
-370.0,-356.0,911.0,12:24:06.962215
-367.0,-352.0,903.0,12:24:06.971739
-375.0,-357.0,906.0,12:24:06.981194
-376.0,-366.0,908.0,12:24:06.991733
-379.0,-360.0,918.0,12:24:07.001022
-370.0,-354.0,917.0,12:24:07.011545
-357.0,-381.0,891.0,12:24:07.020856
-370.0,-330.0,871.0,12:24:07.031420
-401.0,-339.0,928.0,12:24:07.040787
-327.0,-423.0,1024.0,12:24:07.050098
-332.0,-369.0,963.0,12:24:07.060682
-432.0,-326.0,795.0,12:24:07.070055
-392.0,-402.0,802.0,12:24:07.080606
-398.0,-377.0,977.0,12:24:07.090020
-426.0,-454.0,1017.0,12:24:07.099469
-443.0,-466.0,928.0,12:24:07.109922
-419.0,-400.0,874.0,12:24:07.119391
-392.0,-386.0,837.0,12:24:07.129876
-438.0,-362.0,864.0,12:24:07.141238
-522.0,-334.0,977.0,12:24:07.149523
-524.0,-355.0,1030.0,12:24:07.158895
-557.0,-314.0,891.0,12:24:07.178485
-517.0,-339.0,896.0,12:24:07.188946
-494.0,-348.0,932.0,12:24:07.198258
-475.0,-358.0,951.0,12:24:07.208716
-426.0,-380.0,941.0,12:24:07.218034
-405.0,-353.0,948.0,12:24:07.243696
-433.0,-346.0,941.0,12:24:07.248265
-514.0,-339.0,928.0,12:24:07.257548
-523.0,-327.0,932.0,12:24:07.268088
-504.0,-329.0,948.0,12:24:07.277456
-469.0,-339.0,947.0,12:24:07.297048
-414.0,-353.0,942.0,12:24:07.306446
-362.0,-366.0,933.0,12:24:07.316915
-316.0,-383.0,937.0,12:24:07.336575
-296.0,-404.0,926.0,12:24:07.345932
-286.0,-418.0,913.0,12:24:07.356392
-288.0,-419.0,931.0,12:24:07.375890
-301.0,-415.0,947.0,12:24:07.385345
-310.0,-412.0,937.0,12:24:07.395806
-298.0,-413.0,913.0,12:24:07.405179
-260.0,-419.0,910.0,12:24:07.415686
-218.0,-423.0,927.0,12:24:07.425150
-195.0,-432.0,930.0,12:24:07.435584
-191.0,-417.0,920.0,12:24:07.444964
-175.0,-423.0,922.0,12:24:07.454377
-158.0,-434.0,921.0,12:24:07.464803
-150.0,-438.0,922.0,12:24:07.474119
-163.0,-439.0,918.0,12:24:07.484613
-181.0,-418.0,927.0,12:24:07.493992
-177.0,-396.0,943.0,12:24:07.504498
-174.0,-390.0,941.0,12:24:07.513862
-167.0,-392.0,931.0,12:24:07.524347
-140.0,-408.0,936.0,12:24:07.533647
-143.0,-392.0,937.0,12:24:07.543059
-126.0,-385.0,945.0,12:24:07.553565
-94.0,-393.0,947.0,12:24:07.562903
-79.0,-397.0,943.0,12:24:07.573334
-60.0,-407.0,942.0,12:24:07.582667
-44.0,-390.0,938.0,12:24:07.593097
-29.0,-378.0,931.0,12:24:07.602351
-36.0,-384.0,930.0,12:24:07.612971
-25.0,-417.0,924.0,12:24:07.622302
-19.0,-422.0,931.0,12:24:07.632807
-17.0,-425.0,929.0,12:24:07.643625
-22.0,-424.0,908.0,12:24:07.652114
-7.0,-439.0,902.0,12:24:07.661533
12.0,-458.0,903.0,12:24:07.672001
25.0,-459.0,914.0,12:24:07.681340
30.0,-463.0,907.0,12:24:07.691838
31.0,-473.0,908.0,12:24:07.701197
6.0,-470.0,924.0,12:24:07.711683
26.0,-472.0,917.0,12:24:07.730035
27.0,-463.0,895.0,12:24:07.750815
15.0,-443.0,910.0,12:24:07.770291
35.0,-453.0,918.0,12:24:07.779639
41.0,-457.0,916.0,12:24:07.790069
34.0,-454.0,909.0,12:24:07.799454
49.0,-452.0,904.0,12:24:07.809893
43.0,-477.0,909.0,12:24:07.819366
37.0,-476.0,894.0,12:24:07.829817
-33.0,-490.0,902.0,12:24:07.839129
-46.0,-517.0,926.0,12:24:07.849770
-99.0,-518.0,933.0,12:24:07.859099
-74.0,-527.0,921.0,12:24:07.868488
8.0,-547.0,911.0,12:24:07.879018
52.0,-550.0,870.0,12:24:07.888370
67.0,-542.0,833.0,12:24:07.898798
41.0,-537.0,875.0,12:24:07.908044
10.0,-535.0,954.0,12:24:07.918522
-21.0,-533.0,982.0,12:24:07.927809
-47.0,-501.0,934.0,12:24:07.938302
-36.0,-499.0,880.0,12:24:07.947648
1.0,-526.0,885.0,12:24:07.958063
5.0,-537.0,904.0,12:24:07.967379
11.0,-545.0,893.0,12:24:07.977799
15.0,-554.0,894.0,12:24:07.987166
17.0,-562.0,913.0,12:24:07.997681
9.0,-572.0,907.0,12:24:08.006949
-2.0,-566.0,898.0,12:24:08.016306
1.0,-547.0,897.0,12:24:08.026815
6.0,-542.0,905.0,12:24:08.036187
-5.0,-525.0,914.0,12:24:08.046615
21.0,-519.0,911.0,12:24:08.066284
20.0,-517.0,910.0,12:24:08.075547
31.0,-521.0,907.0,12:24:08.085998
46.0,-504.0,921.0,12:24:08.105615
47.0,-498.0,913.0,12:24:08.114961
50.0,-493.0,902.0,12:24:08.125431
77.0,-499.0,901.0,12:24:08.134781
94.0,-502.0,909.0,12:24:08.145275
92.0,-493.0,924.0,12:24:08.154605
79.0,-483.0,922.0,12:24:08.165080
57.0,-473.0,906.0,12:24:08.174398
30.0,-468.0,904.0,12:24:08.184844
21.0,-475.0,923.0,12:24:08.194128
25.0,-483.0,941.0,12:24:08.204518
23.0,-475.0,944.0,12:24:08.213859
13.0,-473.0,946.0,12:24:08.224333
4.0,-462.0,943.0,12:24:08.233632
17.0,-453.0,923.0,12:24:08.243051
49.0,-460.0,902.0,12:24:08.253527
67.0,-466.0,895.0,12:24:08.262880
55.0,-480.0,916.0,12:24:08.273287
35.0,-482.0,941.0,12:24:08.282584
-4.0,-479.0,967.0,12:24:08.293028
-54.0,-472.0,974.0,12:24:08.302287
-66.0,-467.0,949.0,12:24:08.312970
-51.0,-465.0,922.0,12:24:08.322303
-26.0,-469.0,900.0,12:24:08.332794
-4.0,-479.0,892.0,12:24:08.342186
24.0,-492.0,910.0,12:24:08.351539
52.0,-512.0,931.0,12:24:08.361938
65.0,-536.0,951.0,12:24:08.371229
70.0,-530.0,952.0,12:24:08.381807
57.0,-522.0,926.0,12:24:08.391136
28.0,-507.0,906.0,12:24:08.401547
-10.0,-503.0,905.0,12:24:08.410918
-34.0,-497.0,908.0,12:24:08.421334
-29.0,-492.0,921.0,12:24:08.430700
-5.0,-500.0,933.0,12:24:08.444942
18.0,-512.0,936.0,12:24:08.450095
41.0,-516.0,925.0,12:24:08.460657
78.0,-515.0,904.0,12:24:08.470005
90.0,-510.0,900.0,12:24:08.480421
84.0,-512.0,904.0,12:24:08.489718
77.0,-520.0,911.0,12:24:08.500124
62.0,-529.0,909.0,12:24:08.519756
21.0,-528.0,910.0,12:24:08.539480
19.0,-534.0,902.0,12:24:08.548836
21.0,-531.0,910.0,12:24:08.559319
70.0,-556.0,903.0,12:24:08.568591
121.0,-562.0,882.0,12:24:08.579041
157.0,-572.0,866.0,12:24:08.588380
188.0,-583.0,865.0,12:24:08.598810
186.0,-581.0,867.0,12:24:08.608205
191.0,-582.0,875.0,12:24:08.618621
201.0,-574.0,877.0,12:24:08.627847
193.0,-566.0,873.0,12:24:08.638253
184.0,-559.0,862.0,12:24:08.647498
168.0,-547.0,871.0,12:24:08.657918
154.0,-528.0,878.0,12:24:08.667222
158.0,-527.0,885.0,12:24:08.677626
229.0,-538.0,870.0,12:24:08.697155
257.0,-542.0,847.0,12:24:08.706427
299.0,-549.0,852.0,12:24:08.716856
316.0,-557.0,873.0,12:24:08.726218
305.0,-565.0,869.0,12:24:08.736733
269.0,-556.0,871.0,12:24:08.746137
241.0,-551.0,855.0,12:24:08.756525
201.0,-539.0,850.0,12:24:08.765868
168.0,-538.0,861.0,12:24:08.776494
188.0,-558.0,888.0,12:24:08.785763
213.0,-557.0,905.0,12:24:08.795160
236.0,-566.0,882.0,12:24:08.805552
220.0,-561.0,844.0,12:24:08.814884
216.0,-555.0,852.0,12:24:08.825422
199.0,-551.0,884.0,12:24:08.834781
169.0,-544.0,923.0,12:24:08.847095
112.0,-524.0,934.0,12:24:08.854569
89.0,-519.0,936.0,12:24:08.864978
71.0,-507.0,914.0,12:24:08.874354
70.0,-467.0,905.0,12:24:08.884804
99.0,-458.0,912.0,12:24:08.894148
116.0,-459.0,929.0,12:24:08.903630
108.0,-438.0,939.0,12:24:08.923168
114.0,-450.0,975.0,12:24:08.933607
127.0,-445.0,977.0,12:24:08.943048
111.0,-443.0,968.0,12:24:08.953504
91.0,-440.0,949.0,12:24:08.962885
69.0,-417.0,939.0,12:24:08.973368
36.0,-395.0,955.0,12:24:08.982712
51.0,-401.0,979.0,12:24:08.993133
36.0,-382.0,982.0,12:24:09.002403
32.0,-379.0,1000.0,12:24:09.012955
49.0,-354.0,1018.0,12:24:09.022266
69.0,-336.0,1001.0,12:24:09.032757
99.0,-319.0,968.0,12:24:09.042130
127.0,-314.0,972.0,12:24:09.051478
143.0,-321.0,988.0,12:24:09.061872
135.0,-311.0,1006.0,12:24:09.071156
107.0,-316.0,998.0,12:24:09.081716
60.0,-301.0,984.0,12:24:09.091149
31.0,-300.0,981.0,12:24:09.101653
68.0,-310.0,979.0,12:24:09.111021
85.0,-317.0,976.0,12:24:09.121503
96.0,-336.0,971.0,12:24:09.130789
144.0,-347.0,989.0,12:24:09.141205
185.0,-352.0,996.0,12:24:09.150774
183.0,-350.0,945.0,12:24:09.160071
151.0,-359.0,914.0,12:24:09.170566
161.0,-379.0,928.0,12:24:09.179858
211.0,-409.0,964.0,12:24:09.190279
218.0,-415.0,970.0,12:24:09.199575
212.0,-421.0,938.0,12:24:09.210016
217.0,-431.0,914.0,12:24:09.219523
226.0,-438.0,909.0,12:24:09.229932
221.0,-452.0,907.0,12:24:09.248310
240.0,-511.0,920.0,12:24:09.268906
244.0,-517.0,927.0,12:24:09.278244
253.0,-515.0,906.0,12:24:09.288645
286.0,-505.0,870.0,12:24:09.297984
313.0,-519.0,865.0,12:24:09.308550
292.0,-527.0,881.0,12:24:09.317763
236.0,-521.0,900.0,12:24:09.328194
196.0,-515.0,907.0,12:24:09.337543
154.0,-517.0,909.0,12:24:09.347993
152.0,-524.0,894.0,12:24:09.357319
188.0,-526.0,887.0,12:24:09.367717
236.0,-538.0,898.0,12:24:09.377034
280.0,-537.0,891.0,12:24:09.387498
313.0,-525.0,876.0,12:24:09.396782
343.0,-517.0,869.0,12:24:09.407352
357.0,-515.0,882.0,12:24:09.416718
313.0,-509.0,893.0,12:24:09.427118
251.0,-493.0,886.0,12:24:09.436442
213.0,-486.0,881.0,12:24:09.445787
196.0,-478.0,903.0,12:24:09.456309
194.0,-470.0,907.0,12:24:09.465601
203.0,-460.0,909.0,12:24:09.476596
243.0,-456.0,910.0,12:24:09.485886
288.0,-454.0,904.0,12:24:09.495264
307.0,-448.0,903.0,12:24:09.505802
326.0,-437.0,919.0,12:24:09.525375
364.0,-440.0,949.0,12:24:09.534732
232.0,-383.0,935.0,12:24:09.545282
112.0,-355.0,886.0,12:24:09.554574
153.0,-411.0,861.0,12:24:09.565027
196.0,-424.0,938.0,12:24:09.574296
248.0,-445.0,984.0,12:24:09.584742
242.0,-427.0,945.0,12:24:09.594121
245.0,-408.0,907.0,12:24:09.604610
344.0,-393.0,880.0,12:24:09.614056
398.0,-424.0,877.0,12:24:09.623325
359.0,-422.0,900.0,12:24:09.633851
334.0,-446.0,924.0,12:24:09.648669
316.0,-439.0,934.0,12:24:09.653802
255.0,-426.0,914.0,12:24:09.663055
225.0,-412.0,897.0,12:24:09.673537
247.0,-417.0,888.0,12:24:09.682850
288.0,-435.0,913.0,12:24:09.702329
