191.0,-302.0,444.0,12:31:13.090896
-77.0,-564.0,958.0,12:31:13.099062
-74.0,-548.0,1369.0,12:31:13.109594
-25.0,-577.0,1115.0,12:31:13.118895
183.0,-352.0,513.0,12:31:13.137010
168.0,-417.0,903.0,12:31:13.141124
-64.0,-273.0,1082.0,12:31:13.149382
-38.0,-447.0,1240.0,12:31:13.158793
229.0,-582.0,887.0,12:31:13.169186
87.0,-150.0,299.0,12:31:13.178648
-13.0,-459.0,1493.0,12:31:13.187861
-99.0,-596.0,1520.0,12:31:13.198487
30.0,-566.0,621.0,12:31:13.207885
-43.0,-402.0,313.0,12:31:13.218327
186.0,-314.0,774.0,12:31:13.227679
95.0,-510.0,1315.0,12:31:13.238163
115.0,-506.0,952.0,12:31:13.247589
75.0,-486.0,598.0,12:31:13.256828
130.0,-444.0,745.0,12:31:13.267496
73.0,-506.0,1490.0,12:31:13.276828
191.0,-529.0,989.0,12:31:13.287438
114.0,-454.0,436.0,12:31:13.296737
426.0,-693.0,812.0,12:31:13.306115
31.0,-401.0,851.0,12:31:13.316508
23.0,-646.0,1246.0,12:31:13.326923
100.0,-672.0,917.0,12:31:13.336350
219.0,-531.0,476.0,12:31:13.345648
-25.0,-648.0,1351.0,12:31:13.356076
30.0,-520.0,1118.0,12:31:13.365371
-66.0,-726.0,1096.0,12:31:13.375842
171.0,-360.0,662.0,12:31:13.385190
-79.0,-497.0,685.0,12:31:13.395657
68.0,-400.0,818.0,12:31:13.404933
-115.0,-412.0,1161.0,12:31:13.415547
84.0,-520.0,887.0,12:31:13.424876
55.0,-564.0,1084.0,12:31:13.435345
-38.0,-493.0,923.0,12:31:13.444725
73.0,-276.0,775.0,12:31:13.454129
-29.0,-580.0,1082.0,12:31:13.464520
-59.0,-337.0,917.0,12:31:13.473769
-45.0,-565.0,809.0,12:31:13.484274
5.0,-489.0,782.0,12:31:13.493520
-38.0,-423.0,1070.0,12:31:13.504089
-121.0,-427.0,853.0,12:31:13.513354
0.0,-443.0,997.0,12:31:13.523874
95.0,-577.0,1166.0,12:31:13.541003
63.0,-516.0,929.0,12:31:13.543533
145.0,-726.0,890.0,12:31:13.552878
-37.0,-368.0,608.0,12:31:13.563404
225.0,-337.0,776.0,12:31:13.572654
-31.0,-57.0,675.0,12:31:13.583107
159.0,-605.0,1014.0,12:31:13.592431
-132.0,-486.0,1302.0,12:31:13.602993
138.0,-643.0,1010.0,12:31:13.612402
-83.0,-514.0,971.0,12:31:13.621784
49.0,-725.0,1157.0,12:31:13.632164
110.0,-602.0,708.0,12:31:13.641505
98.0,-303.0,406.0,12:31:13.651962
-87.0,-364.0,932.0,12:31:13.661311
56.0,-734.0,1523.0,12:31:13.671933
16.0,-569.0,742.0,12:31:13.681212
151.0,-256.0,310.0,12:31:13.691817
62.0,-550.0,1552.0,12:31:13.701120
8.0,-342.0,1047.0,12:31:13.710656
-60.0,-421.0,607.0,12:31:13.721096
162.0,-597.0,996.0,12:31:13.730523
158.0,-533.0,1012.0,12:31:13.741052
-105.0,-471.0,1047.0,12:31:13.750543
38.0,-512.0,1102.0,12:31:13.759839
1.0,-824.0,1057.0,12:31:13.770214
68.0,-532.0,409.0,12:31:13.779589
131.0,-431.0,709.0,12:31:13.789997
-9.0,-419.0,977.0,12:31:13.799412
-50.0,-509.0,1110.0,12:31:13.809806
33.0,-786.0,977.0,12:31:13.819356
145.0,-344.0,383.0,12:31:13.829757
-103.0,-550.0,1028.0,12:31:13.839093
82.0,-511.0,1181.0,12:31:13.848493
52.0,-503.0,1001.0,12:31:13.858957
84.0,-530.0,725.0,12:31:13.868230
-18.0,-565.0,750.0,12:31:13.878687
135.0,-551.0,1137.0,12:31:13.888048
185.0,-654.0,1109.0,12:31:13.898523
-65.0,-681.0,771.0,12:31:13.907841
-3.0,-536.0,535.0,12:31:13.918263
92.0,-391.0,980.0,12:31:13.927634
-30.0,-447.0,1232.0,12:31:13.937991
-43.0,-355.0,861.0,12:31:13.947396
26.0,-481.0,627.0,12:31:13.957809
11.0,-450.0,878.0,12:31:13.967115
117.0,-454.0,912.0,12:31:13.977505
-112.0,-314.0,1021.0,12:31:13.986735
141.0,-518.0,1065.0,12:31:13.997305
137.0,-553.0,823.0,12:31:14.006499
-11.0,-665.0,907.0,12:31:14.016979
107.0,-317.0,929.0,12:31:14.026296
59.0,-767.0,1235.0,12:31:14.036862
173.0,-551.0,954.0,12:31:14.046148
43.0,-361.0,457.0,12:31:14.056526
136.0,-484.0,573.0,12:31:14.065875
-24.0,-317.0,1295.0,12:31:14.075166
-9.0,-481.0,1336.0,12:31:14.085622
-21.0,-708.0,1213.0,12:31:14.096055
29.0,-554.0,493.0,12:31:14.105532
-7.0,-416.0,664.0,12:31:14.114811
-5.0,-377.0,973.0,12:31:14.125270
-63.0,-357.0,1008.0,12:31:14.134721
-79.0,-274.0,659.0,12:31:14.145218
-38.0,-624.0,1153.0,12:31:14.154500
-101.0,-507.0,989.0,12:31:14.164982
80.0,-710.0,1408.0,12:31:14.174344
-160.0,-542.0,1065.0,12:31:14.184743
163.0,-628.0,718.0,12:31:14.194177
174.0,-701.0,977.0,12:31:14.203502
-54.0,-479.0,805.0,12:31:14.214109
8.0,-204.0,577.0,12:31:14.223479
-50.0,-459.0,747.0,12:31:14.234052
-11.0,-297.0,678.0,12:31:14.243448
42.0,-525.0,1133.0,12:31:14.252813
-69.0,-506.0,1041.0,12:31:14.263357
22.0,-628.0,1095.0,12:31:14.272692
7.0,-429.0,775.0,12:31:14.283166
16.0,-651.0,1268.0,12:31:14.292499
143.0,-647.0,835.0,12:31:14.302908
93.0,-367.0,492.0,12:31:14.312238
-53.0,-473.0,1080.0,12:31:14.321677
43.0,-547.0,855.0,12:31:14.339632
27.0,-401.0,643.0,12:31:14.342885
-51.0,-239.0,660.0,12:31:14.352166
34.0,-455.0,1320.0,12:31:14.361533
234.0,-744.0,1453.0,12:31:14.371887
92.0,-411.0,633.0,12:31:14.381234
89.0,-667.0,1137.0,12:31:14.391721
202.0,-620.0,918.0,12:31:14.401198
154.0,-235.0,501.0,12:31:14.410555
89.0,-292.0,1053.0,12:31:14.421050
50.0,-524.0,1171.0,12:31:14.430385
62.0,-576.0,660.0,12:31:14.440787
186.0,-559.0,731.0,12:31:14.450149
60.0,-650.0,1224.0,12:31:14.460704
70.0,-523.0,1020.0,12:31:14.470066
35.0,-468.0,864.0,12:31:14.480433
53.0,-458.0,714.0,12:31:14.489718
-40.0,-513.0,806.0,12:31:14.500128
32.0,-326.0,930.0,12:31:14.509572
-47.0,-506.0,1198.0,12:31:14.519955
26.0,-568.0,1054.0,12:31:14.529219
-38.0,-599.0,830.0,12:31:14.538623
282.0,-670.0,723.0,12:31:14.549017
115.0,-358.0,577.0,12:31:14.558481
41.0,-417.0,973.0,12:31:14.568915
-14.0,-550.0,1121.0,12:31:14.578279
22.0,-530.0,978.0,12:31:14.588729
-82.0,-705.0,870.0,12:31:14.598081
68.0,-464.0,1068.0,12:31:14.608683
44.0,-487.0,898.0,12:31:14.618071
54.0,-436.0,574.0,12:31:14.627446
-72.0,-529.0,1082.0,12:31:14.637928
66.0,-687.0,1016.0,12:31:14.647382
-35.0,-541.0,642.0,12:31:14.657756
47.0,-545.0,1079.0,12:31:14.667079
-37.0,-679.0,1206.0,12:31:14.677567
34.0,-531.0,759.0,12:31:14.687056
-78.0,-472.0,869.0,12:31:14.696356
-5.0,-460.0,1182.0,12:31:14.706747
92.0,-371.0,887.0,12:31:14.716220
-39.0,-398.0,777.0,12:31:14.726671
-43.0,-456.0,785.0,12:31:14.742636
28.0,-462.0,871.0,12:31:14.746431
-58.0,-409.0,1195.0,12:31:14.755732
195.0,-563.0,1110.0,12:31:14.766325
-113.0,-465.0,748.0,12:31:14.775640
78.0,-418.0,697.0,12:31:14.785108
-48.0,-442.0,1218.0,12:31:14.795554
87.0,-589.0,1036.0,12:31:14.804951
-238.0,-386.0,738.0,12:31:14.815360
71.0,-525.0,653.0,12:31:14.824698
29.0,-430.0,1012.0,12:31:14.835303
27.0,-456.0,1001.0,12:31:14.844612
68.0,-455.0,861.0,12:31:14.855163
15.0,-508.0,996.0,12:31:14.864415
-131.0,-303.0,630.0,12:31:14.874864
5.0,-666.0,1208.0,12:31:14.884150
130.0,-580.0,966.0,12:31:14.894538
25.0,-530.0,901.0,12:31:14.903919
-128.0,-523.0,868.0,12:31:14.914263
55.0,-409.0,734.0,12:31:14.923659
85.0,-404.0,855.0,12:31:14.934095
-47.0,-533.0,1159.0,12:31:14.943531
111.0,-700.0,1047.0,12:31:14.952837
-26.0,-678.0,897.0,12:31:14.963320
75.0,-602.0,1031.0,12:31:14.972710
229.0,-695.0,1153.0,12:31:14.983170
166.0,-546.0,729.0,12:31:14.992518
7.0,-339.0,652.0,12:31:15.003022
48.0,-411.0,777.0,12:31:15.012426
50.0,-381.0,1048.0,12:31:15.022872
-127.0,-244.0,793.0,12:31:15.032146
193.0,-535.0,975.0,12:31:15.041474
-96.0,-494.0,1096.0,12:31:15.052030
40.0,-541.0,955.0,12:31:15.061333
107.0,-396.0,791.0,12:31:15.071896
11.0,-493.0,1028.0,12:31:15.081268
24.0,-620.0,1011.0,12:31:15.091761
57.0,-559.0,866.0,12:31:15.101106
92.0,-654.0,709.0,12:31:15.111485
-148.0,-502.0,926.0,12:31:15.120853
-4.0,-480.0,606.0,12:31:15.131289
145.0,-387.0,505.0,12:31:15.140635
38.0,-703.0,1432.0,12:31:15.150059
6.0,-629.0,1241.0,12:31:15.160614
86.0,-417.0,328.0,12:31:15.169973
110.0,-435.0,720.0,12:31:15.180633
144.0,-349.0,909.0,12:31:15.189992
159.0,-388.0,1055.0,12:31:15.199326
-136.0,-562.0,1326.0,12:31:15.209842
46.0,-638.0,929.0,12:31:15.219120
1.0,-497.0,856.0,12:31:15.229797
104.0,-765.0,1117.0,12:31:15.239078
216.0,-535.0,788.0,12:31:15.249539
89.0,-364.0,455.0,12:31:15.258922
-46.0,-298.0,857.0,12:31:15.269398
-90.0,-308.0,1058.0,12:31:15.278834
110.0,-461.0,1109.0,12:31:15.288167
16.0,-390.0,931.0,12:31:15.298696
130.0,-507.0,971.0,12:31:15.307983
-7.0,-796.0,1546.0,12:31:15.318539
99.0,-640.0,823.0,12:31:15.327882
73.0,-519.0,407.0,12:31:15.338325
85.0,-319.0,582.0,12:31:15.347602
-207.0,-433.0,1238.0,12:31:15.358004
29.0,-598.0,1142.0,12:31:15.367453
-122.0,-415.0,492.0,12:31:15.376702
-1.0,-393.0,827.0,12:31:15.387254
99.0,-483.0,1325.0,12:31:15.396637
6.0,-469.0,1129.0,12:31:15.407142
74.0,-519.0,788.0,12:31:15.416467
140.0,-569.0,941.0,12:31:15.426873
164.0,-380.0,608.0,12:31:15.436255
11.0,-344.0,771.0,12:31:15.446654
-7.0,-663.0,1211.0,12:31:15.455996
106.0,-572.0,734.0,12:31:15.466416
-200.0,-437.0,822.0,12:31:15.475774
-19.0,-243.0,765.0,12:31:15.486266
17.0,-674.0,1398.0,12:31:15.495597
84.0,-649.0,946.0,12:31:15.506005
-37.0,-690.0,568.0,12:31:15.515329
-85.0,-484.0,1210.0,12:31:15.525746
-135.0,-464.0,1456.0,12:31:15.542642
55.0,-635.0,994.0,12:31:15.547227
54.0,-346.0,261.0,12:31:15.554347
63.0,-420.0,850.0,12:31:15.564740
14.0,-580.0,1185.0,12:31:15.574148
146.0,-526.0,935.0,12:31:15.584569
74.0,-422.0,798.0,12:31:15.593995
216.0,-724.0,1211.0,12:31:15.613479
70.0,-418.0,996.0,12:31:15.624028
64.0,-324.0,756.0,12:31:15.633378
143.0,-507.0,1161.0,12:31:15.643962
89.0,-587.0,919.0,12:31:15.653366
178.0,-586.0,671.0,12:31:15.662845
16.0,-659.0,907.0,12:31:15.673225
-6.0,-464.0,775.0,12:31:15.682674
166.0,-568.0,1076.0,12:31:15.693125
16.0,-490.0,732.0,12:31:15.702486
23.0,-453.0,842.0,12:31:15.712953
-21.0,-277.0,565.0,12:31:15.722247
144.0,-320.0,1154.0,12:31:15.731696
-43.0,-571.0,1205.0,12:31:15.742197
172.0,-637.0,941.0,12:31:15.751558
143.0,-596.0,749.0,12:31:15.762029
73.0,-540.0,777.0,12:31:15.771452
148.0,-274.0,944.0,12:31:15.781853
-120.0,-590.0,1140.0,12:31:15.791155
96.0,-664.0,778.0,12:31:15.801775
42.0,-512.0,240.0,12:31:15.811131
-90.0,-128.0,713.0,12:31:15.820605
30.0,-383.0,1333.0,12:31:15.830983
-6.0,-428.0,1254.0,12:31:15.840394
26.0,-637.0,1100.0,12:31:15.850797
166.0,-653.0,993.0,12:31:15.860111
60.0,-404.0,805.0,12:31:15.870743
309.0,-653.0,1193.0,12:31:15.880020
82.0,-519.0,1032.0,12:31:15.890444
-45.0,-482.0,694.0,12:31:15.899672
32.0,-494.0,521.0,12:31:15.910221
-19.0,-303.0,1113.0,12:31:15.919564
150.0,-584.0,1567.0,12:31:15.929003
45.0,-342.0,456.0,12:31:15.946233
75.0,-710.0,948.0,12:31:15.950049
-49.0,-448.0,1124.0,12:31:15.959459
-119.0,-286.0,603.0,12:31:15.968873
-116.0,-329.0,1070.0,12:31:15.978229
66.0,-750.0,1565.0,12:31:15.988714
-41.0,-667.0,687.0,12:31:15.998019
49.0,-567.0,589.0,12:31:16.008568
-25.0,-400.0,1090.0,12:31:16.017809
-103.0,-450.0,1072.0,12:31:16.028354
238.0,-469.0,314.0,12:31:16.037604
21.0,-528.0,776.0,12:31:16.048071
22.0,-361.0,826.0,12:31:16.057437
24.0,-545.0,1565.0,12:31:16.067844
128.0,-525.0,1083.0,12:31:16.077162
64.0,-518.0,463.0,12:31:16.087540
137.0,-341.0,530.0,12:31:16.096945
-55.0,-363.0,1262.0,12:31:16.106426
-137.0,-511.0,1255.0,12:31:16.117027
10.0,-631.0,987.0,12:31:16.126326
100.0,-529.0,493.0,12:31:16.136979
151.0,-564.0,1147.0,12:31:16.146322
77.0,-547.0,1044.0,12:31:16.155732
7.0,-433.0,1169.0,12:31:16.166332
113.0,-489.0,906.0,12:31:16.175586
-17.0,-352.0,863.0,12:31:16.186027
182.0,-429.0,1031.0,12:31:16.195307
207.0,-562.0,1061.0,12:31:16.205824
-28.0,-251.0,781.0,12:31:16.215127
60.0,-467.0,785.0,12:31:16.225548
143.0,-335.0,672.0,12:31:16.234866
122.0,-578.0,1201.0,12:31:16.245256
202.0,-529.0,1228.0,12:31:16.254572
21.0,-693.0,1054.0,12:31:16.265111
-9.0,-628.0,949.0,12:31:16.274475
61.0,-642.0,745.0,12:31:16.284900
99.0,-566.0,779.0,12:31:16.294331
-38.0,-276.0,542.0,12:31:16.303666
47.0,-410.0,762.0,12:31:16.314191
-73.0,-558.0,1131.0,12:31:16.323527
-86.0,-443.0,932.0,12:31:16.334070
131.0,-491.0,748.0,12:31:16.343382
78.0,-744.0,1095.0,12:31:16.353825
-119.0,-741.0,1233.0,12:31:16.363112
137.0,-659.0,752.0,12:31:16.373505
-8.0,-663.0,855.0,12:31:16.382947
89.0,-757.0,990.0,12:31:16.393360
42.0,-554.0,915.0,12:31:16.402681
95.0,-524.0,561.0,12:31:16.413086
78.0,-460.0,894.0,12:31:16.422511
19.0,-415.0,854.0,12:31:16.431836
22.0,-450.0,1181.0,12:31:16.442294
-116.0,-541.0,803.0,12:31:16.451699
19.0,-186.0,578.0,12:31:16.462170
55.0,-683.0,1522.0,12:31:16.471487
152.0,-441.0,1035.0,12:31:16.481868
-65.0,-412.0,779.0,12:31:16.491272
-33.0,-473.0,363.0,12:31:16.501749
-3.0,-247.0,943.0,12:31:16.511107
-38.0,-573.0,1647.0,12:31:16.520589
-57.0,-493.0,611.0,12:31:16.531147
319.0,-777.0,870.0,12:31:16.540461
-103.0,-581.0,1270.0,12:31:16.550886
-7.0,-687.0,1302.0,12:31:16.560173
240.0,-464.0,593.0,12:31:16.570693
25.0,-409.0,670.0,12:31:16.580058
23.0,-378.0,749.0,12:31:16.590598
96.0,-218.0,757.0,12:31:16.600034
-56.0,-312.0,848.0,12:31:16.609377
49.0,-446.0,1026.0,12:31:16.620037
14.0,-452.0,990.0,12:31:16.629375
112.0,-603.0,1156.0,12:31:16.640032
36.0,-541.0,1296.0,12:31:16.649442
70.0,-650.0,805.0,12:31:16.658738
263.0,-632.0,651.0,12:31:16.669200
-26.0,-369.0,650.0,12:31:16.678630
-117.0,-491.0,1190.0,12:31:16.689162
-12.0,-408.0,744.0,12:31:16.698564
-143.0,-489.0,1051.0,12:31:16.707984
12.0,-626.0,1017.0,12:31:16.718542
-68.0,-623.0,984.0,12:31:16.727901
214.0,-698.0,1171.0,12:31:16.738428
-196.0,-611.0,1100.0,12:31:16.748219
158.0,-495.0,456.0,12:31:16.757896
-144.0,-247.0,584.0,12:31:16.767152
-35.0,-367.0,983.0,12:31:16.777643
-121.0,-345.0,923.0,12:31:16.786962
-42.0,-491.0,847.0,12:31:16.797626
-5.0,-413.0,674.0,12:31:16.807081
221.0,-463.0,810.0,12:31:16.816356
-97.0,-514.0,1185.0,12:31:16.826859
131.0,-704.0,1150.0,12:31:16.836223
-119.0,-703.0,901.0,12:31:16.846692
13.0,-542.0,969.0,12:31:16.855927
142.0,-590.0,1217.0,12:31:16.866432
-16.0,-651.0,834.0,12:31:16.875658
88.0,-744.0,964.0,12:31:16.886124
31.0,-611.0,614.0,12:31:16.895375
34.0,-630.0,1164.0,12:31:16.905846
90.0,-573.0,1005.0,12:31:16.915185
78.0,-392.0,529.0,12:31:16.925627
102.0,-498.0,797.0,12:31:16.934887
72.0,-360.0,934.0,12:31:16.945330
-43.0,-229.0,1003.0,12:31:16.954637
68.0,-255.0,836.0,12:31:16.965198
100.0,-390.0,834.0,12:31:16.974620
137.0,-455.0,1103.0,12:31:16.983989
61.0,-467.0,1049.0,12:31:16.994521
-81.0,-536.0,961.0,12:31:17.003787
136.0,-649.0,999.0,12:31:17.014351
20.0,-625.0,852.0,12:31:17.023596
121.0,-603.0,800.0,12:31:17.034114
86.0,-475.0,875.0,12:31:17.043423
6.0,-698.0,1278.0,12:31:17.054072
49.0,-534.0,637.0,12:31:17.063376
-60.0,-219.0,399.0,12:31:17.072792
180.0,-429.0,925.0,12:31:17.083310
-14.0,-373.0,846.0,12:31:17.092751
17.0,-278.0,780.0,12:31:17.103268
43.0,-615.0,1346.0,12:31:17.112540
-52.0,-951.0,1679.0,12:31:17.123107
294.0,-756.0,558.0,12:31:17.132514
56.0,-257.0,-84.0,12:31:17.149927
81.0,-569.0,1545.0,12:31:17.153744
-9.0,-263.0,971.0,12:31:17.161839
-111.0,-559.0,1046.0,12:31:17.171342
127.0,-974.0,1447.0,12:31:17.181825
-173.0,-370.0,607.0,12:31:17.191187
-145.0,-735.0,1098.0,12:31:17.201725
193.0,-355.0,986.0,12:31:17.211132
55.0,-381.0,863.0,12:31:17.221664
-87.0,-481.0,1119.0,12:31:17.230976
-16.0,-595.0,782.0,12:31:17.240284
-12.0,-212.0,403.0,12:31:17.250822
-66.0,-69.0,792.0,12:31:17.260222
-218.0,-476.0,1171.0,12:31:17.270752
85.0,-591.0,565.0,12:31:17.280170
38.0,-589.0,860.0,12:31:17.290703
-31.0,-511.0,1007.0,12:31:17.299994
-47.0,-561.0,2047.0,12:31:17.310527
60.0,-965.0,1223.0,12:31:17.319986
166.0,-571.0,146.0,12:31:17.329388
-36.0,-261.0,444.0,12:31:17.339856
-110.0,-536.0,1109.0,12:31:17.349109
-33.0,-452.0,768.0,12:31:17.359651
-229.0,-222.0,846.0,12:31:17.368909
-209.0,-737.0,1069.0,12:31:17.379475
178.0,-523.0,673.0,12:31:17.388766
154.0,-510.0,1265.0,12:31:17.398165
235.0,-320.0,1010.0,12:31:17.408700
135.0,-232.0,487.0,12:31:17.418037
19.0,-168.0,1104.0,12:31:17.428659
84.0,-244.0,1464.0,12:31:17.437931
132.0,-424.0,1212.0,12:31:17.447415
114.0,-736.0,943.0,12:31:17.457930
129.0,-211.0,153.0,12:31:17.467495
94.0,-506.0,855.0,12:31:17.477928
-228.0,-373.0,1124.0,12:31:17.487270
-153.0,-445.0,1280.0,12:31:17.497753
105.0,-808.0,1164.0,12:31:17.507127
64.0,-583.0,306.0,12:31:17.516408
70.0,-871.0,1416.0,12:31:17.526834
-5.0,-427.0,1034.0,12:31:17.536232
156.0,-641.0,947.0,12:31:17.546675
20.0,-666.0,834.0,12:31:17.555956
131.0,-491.0,515.0,12:31:17.566403
98.0,-603.0,769.0,12:31:17.575902
-67.0,-510.0,1130.0,12:31:17.586392
90.0,-674.0,992.0,12:31:17.595749
142.0,-622.0,532.0,12:31:17.605166
-108.0,-567.0,929.0,12:31:17.615740
6.0,-213.0,662.0,12:31:17.625104
94.0,-109.0,827.0,12:31:17.635525
51.0,-314.0,1047.0,12:31:17.644803
-53.0,-636.0,1403.0,12:31:17.655305
-30.0,-501.0,525.0,12:31:17.664596
162.0,-690.0,1249.0,12:31:17.675168
-113.0,-272.0,843.0,12:31:17.684620
170.0,-525.0,891.0,12:31:17.694028
-121.0,-252.0,495.0,12:31:17.704463
-135.0,-398.0,760.0,12:31:17.713713
93.0,-882.0,1870.0,12:31:17.724258
15.0,-734.0,736.0,12:31:17.733485
110.0,-627.0,685.0,12:31:17.744108
-46.0,-626.0,1186.0,12:31:17.753336
-112.0,-702.0,1069.0,12:31:17.763852
84.0,-411.0,812.0,12:31:17.773182
1.0,-583.0,618.0,12:31:17.783614
168.0,-476.0,726.0,12:31:17.793002
28.0,-659.0,1257.0,12:31:17.802367
-95.0,-334.0,660.0,12:31:17.812829
0.0,-279.0,658.0,12:31:17.822190
-78.0,-263.0,1087.0,12:31:17.832713
33.0,-611.0,1386.0,12:31:17.842018
151.0,-576.0,848.0,12:31:17.852425
-46.0,-493.0,805.0,12:31:17.861774
-15.0,-452.0,1087.0,12:31:17.872253
21.0,-373.0,905.0,12:31:17.881513
-113.0,-766.0,1570.0,12:31:17.891969
112.0,-598.0,544.0,12:31:17.901272
-5.0,-467.0,354.0,12:31:17.911868
-94.0,-288.0,1039.0,12:31:17.921114
-67.0,-531.0,1315.0,12:31:17.930626
-23.0,-508.0,726.0,12:31:17.941087
-66.0,-688.0,960.0,12:31:17.951976
166.0,-923.0,902.0,12:31:17.960328
-201.0,-267.0,592.0,12:31:17.970903
-24.0,-503.0,1160.0,12:31:17.980192
-173.0,-713.0,1427.0,12:31:17.990739
70.0,-804.0,554.0,12:31:18.000096
-57.0,-468.0,465.0,12:31:18.010520
-80.0,-718.0,1177.0,12:31:18.019967
20.0,-489.0,1192.0,12:31:18.029466
-50.0,-356.0,705.0,12:31:18.039905
122.0,-598.0,677.0,12:31:18.049192
22.0,-455.0,961.0,12:31:18.059777
-138.0,-456.0,965.0,12:31:18.069461
-10.0,-438.0,844.0,12:31:18.078766
140.0,-478.0,965.0,12:31:18.089407
-118.0,-326.0,1110.0,12:31:18.098743
-56.0,-616.0,1044.0,12:31:18.108162
-53.0,-316.0,635.0,12:31:18.118675
-24.0,-302.0,811.0,12:31:18.127992
-98.0,-451.0,866.0,12:31:18.138626
-36.0,-355.0,851.0,12:31:18.148068
-33.0,-276.0,1017.0,12:31:18.157440
54.0,-595.0,1398.0,12:31:18.168061
132.0,-485.0,725.0,12:31:18.177416
-65.0,-463.0,839.0,12:31:18.186862
104.0,-412.0,890.0,12:31:18.197345
175.0,-350.0,1003.0,12:31:18.206677
-127.0,-515.0,1217.0,12:31:18.217108
144.0,-556.0,716.0,12:31:18.226447
97.0,-483.0,775.0,12:31:18.236852
281.0,-379.0,968.0,12:31:18.246221
371.0,-641.0,1030.0,12:31:18.256722
158.0,-547.0,1212.0,12:31:18.266105
26.0,-771.0,813.0,12:31:18.276586
60.0,-415.0,703.0,12:31:18.285871
148.0,-443.0,882.0,12:31:18.295356
121.0,-339.0,939.0,12:31:18.305720
-140.0,-297.0,1074.0,12:31:18.315112
144.0,-530.0,777.0,12:31:18.325560
-54.0,-719.0,1357.0,12:31:18.334950
-31.0,-548.0,1184.0,12:31:18.351506
191.0,-388.0,958.0,12:31:18.356817
168.0,-551.0,846.0,12:31:18.365068
25.0,-385.0,979.0,12:31:18.374342
-48.0,-473.0,725.0,12:31:18.384836
-59.0,-625.0,782.0,12:31:18.394132
205.0,-499.0,934.0,12:31:18.404567
91.0,-445.0,743.0,12:31:18.413866
125.0,-762.0,1301.0,12:31:18.424357
96.0,-523.0,1025.0,12:31:18.433627
-12.0,-785.0,764.0,12:31:18.444069
151.0,-449.0,539.0,12:31:18.453470
-127.0,-213.0,587.0,12:31:18.464073
-22.0,-478.0,1118.0,12:31:18.473420
-148.0,-466.0,1126.0,12:31:18.482808
16.0,-383.0,839.0,12:31:18.493385
190.0,-441.0,576.0,12:31:18.502747
110.0,-376.0,962.0,12:31:18.513292
135.0,-388.0,1199.0,12:31:18.522595
57.0,-726.0,1598.0,12:31:18.531971
164.0,-534.0,883.0,12:31:18.542439
12.0,-490.0,713.0,12:31:18.551850
176.0,-459.0,903.0,12:31:18.562302
114.0,-398.0,981.0,12:31:18.571762
-56.0,-219.0,739.0,12:31:18.582219
-154.0,-207.0,989.0,12:31:18.591717
9.0,-512.0,806.0,12:31:18.601032
70.0,-352.0,942.0,12:31:18.611600
94.0,-323.0,963.0,12:31:18.620901
50.0,-638.0,1418.0,12:31:18.631334
81.0,-732.0,969.0,12:31:18.640723
358.0,-586.0,604.0,12:31:18.651203
-9.0,-422.0,1212.0,12:31:18.660635
209.0,-364.0,816.0,12:31:18.670000
17.0,-459.0,674.0,12:31:18.680653
48.0,-287.0,656.0,12:31:18.690018
-29.0,-414.0,800.0,12:31:18.700591
41.0,-360.0,787.0,12:31:18.709852
122.0,-561.0,1088.0,12:31:18.720411
199.0,-214.0,616.0,12:31:18.729648
17.0,-362.0,1160.0,12:31:18.739055
-41.0,-629.0,1059.0,12:31:18.749519
38.0,-351.0,896.0,12:31:18.758907
194.0,-722.0,1323.0,12:31:18.769461
9.0,-564.0,955.0,12:31:18.778800
157.0,-723.0,1107.0,12:31:18.789196
165.0,-831.0,1091.0,12:31:18.798622
188.0,-571.0,516.0,12:31:18.809020
-47.0,-305.0,566.0,12:31:18.818324
169.0,-612.0,856.0,12:31:18.828839
78.0,-289.0,368.0,12:31:18.838222
-64.0,-375.0,1119.0,12:31:18.847505
-70.0,-314.0,963.0,12:31:18.857582
32.0,-405.0,865.0,12:31:18.868169
-80.0,-313.0,954.0,12:31:18.877511
-92.0,-812.0,1592.0,12:31:18.888035
178.0,-818.0,1170.0,12:31:18.897493
29.0,-488.0,367.0,12:31:18.906974
90.0,-589.0,801.0,12:31:18.917451
-27.0,-699.0,1119.0,12:31:18.926788
-99.0,-595.0,1052.0,12:31:18.937292
-32.0,-754.0,857.0,12:31:18.946680
29.0,-557.0,527.0,12:31:18.957060
-133.0,-374.0,791.0,12:31:18.966484
38.0,-588.0,1401.0,12:31:18.975788
-20.0,-326.0,826.0,12:31:18.986471
12.0,-519.0,731.0,12:31:18.995756
211.0,-586.0,1058.0,12:31:19.006298
46.0,-413.0,891.0,12:31:19.015671
69.0,-440.0,821.0,12:31:19.025110
-8.0,-435.0,825.0,12:31:19.035637
-7.0,-438.0,771.0,12:31:19.045081
210.0,-539.0,844.0,12:31:19.055721
-38.0,-624.0,983.0,12:31:19.065169
199.0,-741.0,1336.0,12:31:19.074523
-80.0,-412.0,459.0,12:31:19.084993
103.0,-554.0,1053.0,12:31:19.094395
110.0,-578.0,1269.0,12:31:19.104781
-57.0,-492.0,825.0,12:31:19.114099
-92.0,-425.0,951.0,12:31:19.124561
-27.0,-546.0,1374.0,12:31:19.134044
92.0,-685.0,1163.0,12:31:19.143357
4.0,-518.0,657.0,12:31:19.154798
66.0,-582.0,652.0,12:31:19.163293
-80.0,-474.0,1179.0,12:31:19.173683
-162.0,-486.0,672.0,12:31:19.183080
119.0,-438.0,547.0,12:31:19.193494
-255.0,-277.0,904.0,12:31:19.202819
-48.0,-516.0,1085.0,12:31:19.213291
-10.0,-201.0,889.0,12:31:19.222871
14.0,-519.0,1079.0,12:31:19.232162
177.0,-724.0,924.0,12:31:19.242580
95.0,-323.0,359.0,12:31:19.251946
-57.0,-243.0,965.0,12:31:19.262353
65.0,-670.0,1884.0,12:31:19.271787
122.0,-560.0,609.0,12:31:19.282165
23.0,-699.0,499.0,12:31:19.291568
126.0,-626.0,1175.0,12:31:19.301959
57.0,-451.0,1103.0,12:31:19.311279
-1.0,-232.0,630.0,12:31:19.321722
135.0,-542.0,922.0,12:31:19.331073
75.0,-408.0,821.0,12:31:19.341522
100.0,-519.0,1085.0,12:31:19.361132
28.0,-691.0,1664.0,12:31:19.370406
119.0,-792.0,983.0,12:31:19.380849
47.0,-452.0,-87.0,12:31:19.390196
178.0,-290.0,801.0,12:31:19.400720
-87.0,-393.0,1353.0,12:31:19.409979
-29.0,-591.0,997.0,12:31:19.420558
-46.0,-533.0,523.0,12:31:19.429807
110.0,-633.0,1125.0,12:31:19.439375
262.0,-819.0,1507.0,12:31:19.449837
235.0,-488.0,590.0,12:31:19.459107
-36.0,-494.0,753.0,12:31:19.469602
162.0,-410.0,759.0,12:31:19.478947
96.0,-661.0,1364.0,12:31:19.489419
63.0,-495.0,1032.0,12:31:19.498668
154.0,-478.0,493.0,12:31:19.508184
215.0,-306.0,674.0,12:31:19.518673
125.0,-687.0,1505.0,12:31:19.528080
-3.0,-337.0,634.0,12:31:19.538550
46.0,-281.0,797.0,12:31:19.555655
-10.0,-670.0,1130.0,12:31:19.559758
-19.0,-356.0,602.0,12:31:19.567854
87.0,-492.0,668.0,12:31:19.577168
-37.0,-278.0,1185.0,12:31:19.587636
80.0,-628.0,1269.0,12:31:19.597109
-44.0,-555.0,695.0,12:31:19.607555
28.0,-572.0,820.0,12:31:19.616887
176.0,-366.0,740.0,12:31:19.627466
243.0,-513.0,838.0,12:31:19.636755
-164.0,-589.0,1226.0,12:31:19.647211
-36.0,-521.0,924.0,12:31:19.656653
124.0,-841.0,961.0,12:31:19.666009
60.0,-471.0,700.0,12:31:19.676522
-2.0,-450.0,1141.0,12:31:19.685885
-67.0,111.0,113.0,12:31:19.696362
-73.0,-757.0,1690.0,12:31:19.705764
1.0,-754.0,1424.0,12:31:19.716256
106.0,-601.0,362.0,12:31:19.725665
128.0,-369.0,827.0,12:31:19.734955
-150.0,-508.0,1335.0,12:31:19.745494
44.0,-173.0,590.0,12:31:19.754846
-10.0,-487.0,703.0,12:31:19.765258
29.0,-436.0,944.0,12:31:19.774532
54.0,-609.0,1593.0,12:31:19.785063
0.0,-551.0,825.0,12:31:19.794365
86.0,-681.0,1136.0,12:31:19.804722
32.0,-650.0,1117.0,12:31:19.814131
191.0,-358.0,398.0,12:31:19.824557
53.0,-469.0,1026.0,12:31:19.834034
-18.0,-288.0,713.0,12:31:19.844496
-8.0,-603.0,812.0,12:31:19.853824
-32.0,-405.0,816.0,12:31:19.863178
-78.0,-479.0,988.0,12:31:19.873706
-21.0,-448.0,851.0,12:31:19.883001
-9.0,-297.0,543.0,12:31:19.893543
-58.0,-572.0,1628.0,12:31:19.902942
180.0,-981.0,1311.0,12:31:19.913516
201.0,-285.0,115.0,12:31:19.922887
22.0,-349.0,826.0,12:31:19.932265
-122.0,-793.0,1603.0,12:31:19.942668
173.0,-423.0,399.0,12:31:19.952007
21.0,-279.0,102.0,12:31:19.962422
19.0,-502.0,1329.0,12:31:19.971875
-197.0,-549.0,1526.0,12:31:19.982298
37.0,-440.0,537.0,12:31:19.991839
65.0,-905.0,1182.0,12:31:20.001235
17.0,-614.0,1018.0,12:31:20.011886
97.0,-635.0,944.0,12:31:20.021206
-135.0,-508.0,1051.0,12:31:20.031711
33.0,-633.0,1141.0,12:31:20.041212
261.0,-689.0,900.0,12:31:20.050575
-72.0,-531.0,713.0,12:31:20.061104
9.0,-799.0,899.0,12:31:20.070405
-57.0,-453.0,908.0,12:31:20.080943
37.0,-568.0,830.0,12:31:20.090327
64.0,-389.0,671.0,12:31:20.100821
90.0,-293.0,720.0,12:31:20.110088
46.0,-277.0,1064.0,12:31:20.119643
-131.0,-199.0,798.0,12:31:20.130039
31.0,-529.0,707.0,12:31:20.139441
131.0,-475.0,1213.0,12:31:20.149946
-42.0,-685.0,1218.0,12:31:20.159434
177.0,-473.0,629.0,12:31:20.169867
49.0,-585.0,1115.0,12:31:20.179121
29.0,-777.0,892.0,12:31:20.188561
135.0,-437.0,295.0,12:31:20.198991
112.0,-492.0,899.0,12:31:20.208325
-51.0,-720.0,1420.0,12:31:20.218578
28.0,-488.0,442.0,12:31:20.228009
27.0,-369.0,887.0,12:31:20.238443
36.0,-542.0,1418.0,12:31:20.247756
-44.0,-663.0,956.0,12:31:20.258136
-124.0,-542.0,591.0,12:31:20.267570
-28.0,-467.0,918.0,12:31:20.278029
-2.0,-474.0,1223.0,12:31:20.287484
-62.0,-658.0,1054.0,12:31:20.297915
-26.0,-240.0,243.0,12:31:20.307332
-59.0,-282.0,918.0,12:31:20.317827
33.0,-628.0,1657.0,12:31:20.327095
93.0,-559.0,816.0,12:31:20.337562
-48.0,-18.0,419.0,12:31:20.346824
58.0,-396.0,1180.0,12:31:20.357820
192.0,-484.0,1361.0,12:31:20.366297
122.0,-371.0,1151.0,12:31:20.376693
-86.0,-463.0,599.0,12:31:20.386089
26.0,-529.0,865.0,12:31:20.396513
73.0,-328.0,571.0,12:31:20.405787
119.0,-302.0,900.0,12:31:20.416313
73.0,-521.0,1195.0,12:31:20.425753
-91.0,-641.0,944.0,12:31:20.435124
68.0,-656.0,797.0,12:31:20.445683
-2.0,-470.0,631.0,12:31:20.455034
-58.0,-701.0,1348.0,12:31:20.465510
-7.0,-353.0,827.0,12:31:20.474915
103.0,-1035.0,1366.0,12:31:20.485422
100.0,-458.0,535.0,12:31:20.494808
146.0,-667.0,929.0,12:31:20.504142
73.0,-433.0,728.0,12:31:20.514701
-24.0,-479.0,1054.0,12:31:20.524059
90.0,-597.0,1047.0,12:31:20.534581
186.0,-819.0,981.0,12:31:20.543959
47.0,-434.0,669.0,12:31:20.553374
42.0,-471.0,1075.0,12:31:20.563814
270.0,-434.0,1068.0,12:31:20.573178
-33.0,-479.0,509.0,12:31:20.583616
170.0,-448.0,519.0,12:31:20.592928
-66.0,-256.0,1079.0,12:31:20.603471
59.0,-354.0,1006.0,12:31:20.612846
-15.0,-409.0,1150.0,12:31:20.623293
50.0,-434.0,983.0,12:31:20.632641
86.0,-675.0,824.0,12:31:20.642099
104.0,-460.0,417.0,12:31:20.652554
-31.0,-404.0,995.0,12:31:20.661907
116.0,-545.0,1189.0,12:31:20.672347
-95.0,-560.0,884.0,12:31:20.681802
35.0,-536.0,673.0,12:31:20.692320
25.0,-545.0,964.0,12:31:20.701733
8.0,-604.0,909.0,12:31:20.712195
85.0,-608.0,707.0,12:31:20.721515
120.0,-659.0,975.0,12:31:20.731902
118.0,-513.0,719.0,12:31:20.741260
46.0,-329.0,872.0,12:31:20.758509
-219.0,-590.0,1265.0,12:31:20.762330
224.0,-807.0,1199.0,12:31:20.770751
28.0,-512.0,799.0,12:31:20.781138
177.0,-606.0,1252.0,12:31:20.790565
-25.0,-576.0,1107.0,12:31:20.800991
93.0,-489.0,779.0,12:31:20.810255
-91.0,-270.0,658.0,12:31:20.819583
187.0,-196.0,800.0,12:31:20.830008
-108.0,-345.0,1100.0,12:31:20.839512
1.0,-430.0,1057.0,12:31:20.850026
131.0,-512.0,1119.0,12:31:20.859428
-74.0,-371.0,1010.0,12:31:20.869880
99.0,-426.0,965.0,12:31:20.879384
58.0,-383.0,796.0,12:31:20.889748
68.0,-377.0,804.0,12:31:20.899135
41.0,-669.0,1120.0,12:31:20.908460
62.0,-610.0,874.0,12:31:20.919017
139.0,-596.0,648.0,12:31:20.928335
18.0,-380.0,645.0,12:31:20.938769
75.0,-471.0,830.0,12:31:20.948117
72.0,-646.0,1314.0,12:31:20.958683
84.0,-573.0,513.0,12:31:20.968058
131.0,-362.0,550.0,12:31:20.977408
-3.0,-628.0,1687.0,12:31:20.987897
261.0,-646.0,991.0,12:31:20.997361
162.0,-472.0,731.0,12:31:21.007834
128.0,-414.0,730.0,12:31:21.017104
151.0,-461.0,1037.0,12:31:21.027722
196.0,-380.0,847.0,12:31:21.037002
-9.0,-175.0,744.0,12:31:21.046361
144.0,-478.0,1161.0,12:31:21.056850
-3.0,-445.0,1218.0,12:31:21.066346
89.0,-522.0,969.0,12:31:21.076814
-51.0,-399.0,906.0,12:31:21.086355
14.0,-507.0,1191.0,12:31:21.096019
-9.0,-489.0,1007.0,12:31:21.106538
165.0,-479.0,1148.0,12:31:21.115900
-90.0,-600.0,924.0,12:31:21.125355
74.0,-568.0,563.0,12:31:21.135818
-135.0,-390.0,793.0,12:31:21.145273
-11.0,-259.0,798.0,12:31:21.155749
7.0,-519.0,1093.0,12:31:21.165207
-59.0,-375.0,644.0,12:31:21.175680
90.0,-376.0,751.0,12:31:21.185111
136.0,-619.0,1094.0,12:31:21.194476
50.0,-464.0,952.0,12:31:21.204830
72.0,-671.0,1252.0,12:31:21.214273
245.0,-501.0,623.0,12:31:21.224752
79.0,-448.0,684.0,12:31:21.234122
100.0,-572.0,807.0,12:31:21.244570
6.0,-794.0,1169.0,12:31:21.254032
50.0,-449.0,483.0,12:31:21.264400
-31.0,-397.0,637.0,12:31:21.273730
153.0,-668.0,1606.0,12:31:21.283050
45.0,-610.0,1151.0,12:31:21.293647
4.0,-539.0,794.0,12:31:21.303025
43.0,-337.0,589.0,12:31:21.313475
201.0,-450.0,1125.0,12:31:21.322831
143.0,-454.0,984.0,12:31:21.333341
-72.0,-552.0,1064.0,12:31:21.342657
127.0,-343.0,515.0,12:31:21.353087
-62.0,-601.0,1255.0,12:31:21.362357
43.0,-522.0,1069.0,12:31:21.371875
61.0,-292.0,519.0,12:31:21.382403
-3.0,-490.0,965.0,12:31:21.391808
103.0,-466.0,777.0,12:31:21.402333
42.0,-248.0,465.0,12:31:21.411892
-32.0,-511.0,1352.0,12:31:21.421206
13.0,-557.0,1232.0,12:31:21.431792
60.0,-744.0,998.0,12:31:21.441281
90.0,-569.0,736.0,12:31:21.450657
112.0,-747.0,1041.0,12:31:21.461083
143.0,-495.0,713.0,12:31:21.470587
125.0,-510.0,568.0,12:31:21.481117
98.0,-264.0,584.0,12:31:21.490405
-63.0,-232.0,647.0,12:31:21.500835
41.0,-175.0,677.0,12:31:21.510098
-13.0,-225.0,650.0,12:31:21.520679
-121.0,192.0,348.0,12:31:21.530053
-321.0,-224.0,2036.0,12:31:21.539540
-76.0,-1893.0,2047.0,12:31:21.549958
361.0,-1458.0,118.0,12:31:21.560779
545.0,-614.0,-664.0,12:31:21.569160
-114.0,-904.0,2047.0,12:31:21.579769
79.0,-937.0,1476.0,12:31:21.589114
68.0,263.0,-1438.0,12:31:21.599603
-138.0,-743.0,1047.0,12:31:21.608973
54.0,-381.0,1268.0,12:31:21.618323
-9.0,-496.0,907.0,12:31:21.628802
-272.0,-315.0,1041.0,12:31:21.638280
136.0,-500.0,1244.0,12:31:21.648767
299.0,-248.0,318.0,12:31:21.658058
-52.0,94.0,723.0,12:31:21.668523
-119.0,-269.0,1384.0,12:31:21.677829
-18.0,-560.0,833.0,12:31:21.688303
52.0,-497.0,565.0,12:31:21.697557
-136.0,-711.0,1232.0,12:31:21.708008
63.0,-721.0,1233.0,12:31:21.717442
76.0,-805.0,818.0,12:31:21.726833
10.0,-438.0,225.0,12:31:21.737308
78.0,-562.0,1112.0,12:31:21.746612
-1.0,-574.0,907.0,12:31:21.757172
96.0,-344.0,528.0,12:31:21.766418
27.0,-440.0,860.0,12:31:21.776924
65.0,-604.0,922.0,12:31:21.786208
58.0,-356.0,199.0,12:31:21.796755
273.0,-270.0,688.0,12:31:21.805995
152.0,-941.0,2000.0,12:31:21.816448
131.0,-852.0,914.0,12:31:21.825683
15.0,-895.0,95.0,12:31:21.836284
31.0,-322.0,953.0,12:31:21.845521
-88.0,-28.0,1824.0,12:31:21.856004
-179.0,275.0,1018.0,12:31:21.865274
-263.0,-217.0,1155.0,12:31:21.874647
35.0,-1192.0,1997.0,12:31:21.885116
559.0,-663.0,128.0,12:31:21.894502
107.0,-720.0,2033.0,12:31:21.904911
226.0,-642.0,1573.0,12:31:21.914338
268.0,-665.0,-44.0,12:31:21.924849
5.0,-639.0,405.0,12:31:21.934204
-20.0,-241.0,671.0,12:31:21.944758
-240.0,-66.0,785.0,12:31:21.962391
-62.0,-445.0,1358.0,12:31:21.963836
154.0,-776.0,1080.0,12:31:21.973577
7.0,-152.0,-447.0,12:31:21.984069
-50.0,-417.0,935.0,12:31:21.993369
-282.0,7.0,647.0,12:31:22.002962
120.0,-317.0,866.0,12:31:22.013387
292.0,-839.0,1207.0,12:31:22.022789
-75.0,-827.0,1193.0,12:31:22.033353
123.0,-766.0,1463.0,12:31:22.042814
-39.0,-1059.0,1735.0,12:31:22.053206
29.0,-842.0,953.0,12:31:22.062594
133.0,-742.0,547.0,12:31:22.071903
-18.0,-934.0,1268.0,12:31:22.082383
171.0,-771.0,524.0,12:31:22.091817
104.0,-370.0,-369.0,12:31:22.102325
12.0,-735.0,1211.0,12:31:22.111786
-318.0,-520.0,1486.0,12:31:22.121111
-69.0,-1017.0,1626.0,12:31:22.131539
-201.0,-305.0,40.0,12:31:22.141928
112.0,-139.0,569.0,12:31:22.151287
-88.0,92.0,1006.0,12:31:22.160673
-274.0,-259.0,1463.0,12:31:22.171067
-8.0,-138.0,1001.0,12:31:22.180341
59.0,-37.0,138.0,12:31:22.190922
-106.0,-482.0,1985.0,12:31:22.200203
137.0,-465.0,1952.0,12:31:22.210730
131.0,-956.0,1414.0,12:31:22.220048
262.0,-249.0,-306.0,12:31:22.230682
218.0,-680.0,1302.0,12:31:22.239938
60.0,-348.0,1355.0,12:31:22.250402
111.0,-725.0,1057.0,12:31:22.259656
158.0,-349.0,-401.0,12:31:22.270198
-87.0,-940.0,838.0,12:31:22.279531
-384.0,-604.0,1084.0,12:31:22.288875
-218.0,-572.0,497.0,12:31:22.299369
-267.0,-366.0,55.0,12:31:22.308772
-235.0,-539.0,846.0,12:31:22.319335
46.0,-772.0,1093.0,12:31:22.328626
136.0,-571.0,1271.0,12:31:22.339049
127.0,-496.0,967.0,12:31:22.348475
-37.0,-390.0,1007.0,12:31:22.358820
-54.0,-252.0,1311.0,12:31:22.368141
-5.0,-103.0,630.0,12:31:22.377495
10.0,-180.0,898.0,12:31:22.388065
-69.0,-500.0,1134.0,12:31:22.397520
-175.0,-403.0,302.0,12:31:22.408074
125.0,-495.0,687.0,12:31:22.417589
-71.0,-329.0,1183.0,12:31:22.426920
-175.0,-415.0,1292.0,12:31:22.437451
8.0,-491.0,1007.0,12:31:22.446883
6.0,-509.0,1083.0,12:31:22.457470
15.0,-615.0,1072.0,12:31:22.466727
314.0,-685.0,1120.0,12:31:22.476094
236.0,-636.0,1156.0,12:31:22.486473
79.0,-571.0,1006.0,12:31:22.495866
-24.0,-708.0,751.0,12:31:22.506374
134.0,-629.0,527.0,12:31:22.515683
12.0,-436.0,765.0,12:31:22.526236
31.0,-286.0,547.0,12:31:22.535697
-109.0,-205.0,579.0,12:31:22.546162
-154.0,-371.0,1024.0,12:31:22.555505
83.0,-464.0,1386.0,12:31:22.565959
14.0,-644.0,1185.0,12:31:22.575332
231.0,-676.0,944.0,12:31:22.584672
-17.0,-728.0,1298.0,12:31:22.595235
126.0,-610.0,595.0,12:31:22.604579
213.0,-613.0,646.0,12:31:22.615148
271.0,-590.0,904.0,12:31:22.624416
117.0,-773.0,832.0,12:31:22.634911
129.0,-666.0,589.0,12:31:22.644149
26.0,-571.0,921.0,12:31:22.654769
-81.0,-541.0,1088.0,12:31:22.664193
-82.0,-286.0,615.0,12:31:22.673540
-1.0,-407.0,822.0,12:31:22.684062
-104.0,-439.0,1042.0,12:31:22.693480
-87.0,-479.0,858.0,12:31:22.703890
-70.0,-425.0,857.0,12:31:22.713260
-22.0,-467.0,706.0,12:31:22.723709
-48.0,-462.0,916.0,12:31:22.733178
-81.0,-529.0,1166.0,12:31:22.742474
83.0,-653.0,949.0,12:31:22.752965
-117.0,-428.0,674.0,12:31:22.764818
12.0,-442.0,961.0,12:31:22.772048
-24.0,-230.0,846.0,12:31:22.782574
192.0,-35.0,554.0,12:31:22.791856
-67.0,-71.0,977.0,12:31:22.802392
9.0,-260.0,998.0,12:31:22.811813
88.0,-394.0,1192.0,12:31:22.822258
107.0,-592.0,1223.0,12:31:22.831796
248.0,-616.0,936.0,12:31:22.841053
147.0,-652.0,798.0,12:31:22.851636
11.0,-678.0,1094.0,12:31:22.860962
97.0,-489.0,669.0,12:31:22.871408
-57.0,-415.0,1016.0,12:31:22.880710
-136.0,-574.0,1135.0,12:31:22.891324
-7.0,-569.0,966.0,12:31:22.900755
-89.0,-549.0,881.0,12:31:22.910133
8.0,-508.0,1041.0,12:31:22.920608
37.0,-843.0,1502.0,12:31:22.930092
184.0,-612.0,717.0,12:31:22.940596
77.0,-446.0,564.0,12:31:22.949936
113.0,-534.0,942.0,12:31:22.960331
52.0,-418.0,933.0,12:31:22.969688
62.0,-321.0,298.0,12:31:22.980065
3.0,-141.0,414.0,12:31:22.989543
164.0,-659.0,1808.0,12:31:22.998831
-66.0,-768.0,1319.0,12:31:23.009512
52.0,-883.0,1114.0,12:31:23.018810
46.0,-531.0,728.0,12:31:23.029365
249.0,-796.0,1052.0,12:31:23.038634
227.0,-634.0,579.0,12:31:23.047990
5.0,-328.0,548.0,12:31:23.058624
44.0,-436.0,798.0,12:31:23.067924
107.0,-99.0,382.0,12:31:23.078356
-31.0,-494.0,1004.0,12:31:23.087788
153.0,-960.0,1998.0,12:31:23.098191
56.0,-1066.0,1282.0,12:31:23.107489
410.0,-536.0,426.0,12:31:23.118014
73.0,-564.0,956.0,12:31:23.127447
98.0,-699.0,1006.0,12:31:23.137828
-108.0,-274.0,300.0,12:31:23.147212
-319.0,-401.0,610.0,12:31:23.156543
-47.0,-494.0,1093.0,12:31:23.166692
63.0,-286.0,908.0,12:31:23.176325
-112.0,-447.0,1304.0,12:31:23.186716
62.0,-754.0,967.0,12:31:23.196062
208.0,-23.0,5.0,12:31:23.206625
14.0,-574.0,1829.0,12:31:23.215954
-141.0,-670.0,1764.0,12:31:23.226412
255.0,-625.0,231.0,12:31:23.235695
71.0,-397.0,517.0,12:31:23.246287
-11.0,-337.0,1303.0,12:31:23.255653
107.0,-732.0,1378.0,12:31:23.265106
9.0,-307.0,587.0,12:31:23.275585
193.0,-763.0,1059.0,12:31:23.284979
59.0,-757.0,605.0,12:31:23.295379
204.0,-325.0,608.0,12:31:23.304654
-61.0,-256.0,986.0,12:31:23.315258
-185.0,-310.0,1636.0,12:31:23.324705
-146.0,-563.0,1071.0,12:31:23.334093
20.0,-592.0,282.0,12:31:23.344573
-255.0,-213.0,815.0,12:31:23.353990
214.0,-254.0,724.0,12:31:23.364497
-276.0,-79.0,719.0,12:31:23.373831
157.0,-949.0,1728.0,12:31:23.384321
112.0,-733.0,1097.0,12:31:23.393632
73.0,-755.0,1120.0,12:31:23.403117
-23.0,-404.0,1129.0,12:31:23.413526
-39.0,-512.0,849.0,12:31:23.422909
115.0,-814.0,717.0,12:31:23.433391
-36.0,-418.0,518.0,12:31:23.442869
-310.0,-423.0,1051.0,12:31:23.453369
-19.0,-124.0,777.0,12:31:23.462836
-7.0,-519.0,889.0,12:31:23.472253
-102.0,-390.0,549.0,12:31:23.482895
123.0,-474.0,882.0,12:31:23.492196
-62.0,-13.0,627.0,12:31:23.501636
-117.0,-399.0,1529.0,12:31:23.512093
228.0,-457.0,560.0,12:31:23.521441
-104.0,-739.0,1091.0,12:31:23.531860
158.0,-941.0,1725.0,12:31:23.541246
231.0,-605.0,562.0,12:31:23.551849
126.0,-409.0,183.0,12:31:23.561195
-151.0,-189.0,609.0,12:31:23.571676
-120.0,-517.0,1230.0,12:31:23.580928
-160.0,-832.0,1964.0,12:31:23.591451
106.0,-956.0,1047.0,12:31:23.600815
331.0,-368.0,627.0,12:31:23.610126
88.0,-784.0,1255.0,12:31:23.620615
26.0,-346.0,275.0,12:31:23.629957
154.0,174.0,-465.0,12:31:23.640540
151.0,-167.0,1163.0,12:31:23.649818
-154.0,-1137.0,2047.0,12:31:23.660278
348.0,-557.0,128.0,12:31:23.669690
-62.0,-234.0,193.0,12:31:23.680117
-95.0,-761.0,2047.0,12:31:23.689532
134.0,-686.0,1044.0,12:31:23.698896
23.0,105.0,-789.0,12:31:23.709559
-33.0,-326.0,1405.0,12:31:23.718792
11.0,-1192.0,1661.0,12:31:23.729377
-98.0,-425.0,943.0,12:31:23.749023
-112.0,-955.0,1974.0,12:31:23.758327
124.0,-603.0,720.0,12:31:23.768856
-68.0,-792.0,642.0,12:31:23.778117
-73.0,-640.0,1247.0,12:31:23.787663
92.0,-420.0,849.0,12:31:23.798159
143.0,-765.0,697.0,12:31:23.807517
-34.0,-611.0,400.0,12:31:23.818019
136.0,-505.0,405.0,12:31:23.827516
-390.0,-398.0,1009.0,12:31:23.836891
81.0,-547.0,1314.0,12:31:23.847525
-227.0,-452.0,1415.0,12:31:23.856853
-123.0,-740.0,552.0,12:31:23.867543
276.0,-899.0,878.0,12:31:23.876822
152.0,-332.0,938.0,12:31:23.886356
3.0,-15.0,956.0,12:31:23.896756
-161.0,-226.0,1428.0,12:31:23.906127
-190.0,-276.0,374.0,12:31:23.916578
105.0,-606.0,841.0,12:31:23.925897
-195.0,-393.0,1037.0,12:31:23.936369
-3.0,-705.0,1175.0,12:31:23.945732
160.0,-469.0,1320.0,12:31:23.956238
40.0,-588.0,823.0,12:31:23.967470
-34.0,-688.0,874.0,12:31:23.974904
-15.0,-477.0,1264.0,12:31:23.985321
-117.0,-232.0,546.0,12:31:23.994858
-173.0,-427.0,718.0,12:31:24.005227
-144.0,-377.0,900.0,12:31:24.014579
-13.0,-568.0,875.0,12:31:24.025175
126.0,-675.0,1013.0,12:31:24.034555
-84.0,-581.0,868.0,12:31:24.044022
95.0,-639.0,1302.0,12:31:24.054448
124.0,-651.0,829.0,12:31:24.063736
22.0,-353.0,571.0,12:31:24.074185
164.0,-606.0,1534.0,12:31:24.083547
72.0,-545.0,1284.0,12:31:24.094033
217.0,-756.0,861.0,12:31:24.103327
4.0,-353.0,507.0,12:31:24.113743
-130.0,-917.0,1705.0,12:31:24.123028
95.0,-802.0,773.0,12:31:24.133413
216.0,-448.0,162.0,12:31:24.142862
53.0,-507.0,1033.0,12:31:24.153433
-69.0,-471.0,1336.0,12:31:24.162887
-84.0,-253.0,497.0,12:31:24.172174
-128.0,-429.0,781.0,12:31:24.182727
365.0,-262.0,995.0,12:31:24.192010
-156.0,-280.0,867.0,12:31:24.202454
52.0,-716.0,1600.0,12:31:24.211938
279.0,-439.0,635.0,12:31:24.222438
-1.0,-496.0,794.0,12:31:24.231836
196.0,-704.0,903.0,12:31:24.241198
161.0,-283.0,606.0,12:31:24.251712
-262.0,-312.0,936.0,12:31:24.261176
-24.0,-536.0,1037.0,12:31:24.271544
62.0,-826.0,1679.0,12:31:24.280995
48.0,-735.0,827.0,12:31:24.291453
17.0,-521.0,804.0,12:31:24.300806
70.0,-765.0,1021.0,12:31:24.311274
92.0,-559.0,864.0,12:31:24.320613
159.0,-349.0,356.0,12:31:24.330003
10.0,-276.0,274.0,12:31:24.340616
72.0,-293.0,1191.0,12:31:24.349889
-42.0,-240.0,1012.0,12:31:24.367945
-155.0,-484.0,1095.0,12:31:24.369384
225.0,-426.0,1216.0,12:31:24.379915
123.0,-230.0,881.0,12:31:24.389218
-20.0,-570.0,1322.0,12:31:24.399723
27.0,-417.0,1109.0,12:31:24.408972
-20.0,-233.0,497.0,12:31:24.419536
-98.0,-571.0,1268.0,12:31:24.428810
141.0,-693.0,1113.0,12:31:24.439432
-119.0,-465.0,653.0,12:31:24.448747
42.0,-379.0,750.0,12:31:24.458195
30.0,-477.0,1168.0,12:31:24.468606
4.0,-594.0,1142.0,12:31:24.478044
-4.0,-635.0,971.0,12:31:24.488582
254.0,-322.0,336.0,12:31:24.498050
164.0,-339.0,1083.0,12:31:24.507444
234.0,-375.0,989.0,12:31:24.517923
-88.0,-599.0,829.0,12:31:24.527180
78.0,-363.0,680.0,12:31:24.537786
289.0,-460.0,1288.0,12:31:24.547132
157.0,-668.0,1015.0,12:31:24.557618
115.0,-427.0,577.0,12:31:24.566880
200.0,-375.0,595.0,12:31:24.576380
-50.0,-338.0,1100.0,12:31:24.586773
108.0,-267.0,1233.0,12:31:24.596128
-65.0,-652.0,1572.0,12:31:24.606557
271.0,-753.0,836.0,12:31:24.615880
142.0,-599.0,887.0,12:31:24.626332
158.0,-635.0,1255.0,12:31:24.635634
44.0,-308.0,640.0,12:31:24.646060
108.0,-686.0,1072.0,12:31:24.655407
105.0,-537.0,377.0,12:31:24.665822
130.0,-412.0,584.0,12:31:24.675149
-221.0,-328.0,1059.0,12:31:24.685635
-146.0,-333.0,974.0,12:31:24.695173
-34.0,-514.0,782.0,12:31:24.705627
-21.0,-498.0,1011.0,12:31:24.714971
58.0,-524.0,1224.0,12:31:24.724306
212.0,-505.0,965.0,12:31:24.734719
-194.0,-366.0,782.0,12:31:24.744088
226.0,-644.0,906.0,12:31:24.754541
92.0,-635.0,754.0,12:31:24.764128
74.0,-367.0,440.0,12:31:24.774568
-8.0,-513.0,1216.0,12:31:24.783938
-264.0,-633.0,1080.0,12:31:24.794379
150.0,-654.0,723.0,12:31:24.803757
-56.0,-298.0,599.0,12:31:24.814125
124.0,-438.0,1085.0,12:31:24.823478
-87.0,-593.0,1255.0,12:31:24.832900
-171.0,-635.0,740.0,12:31:24.843531
80.0,-588.0,935.0,12:31:24.853091
42.0,-698.0,904.0,12:31:24.862443
3.0,-467.0,1042.0,12:31:24.872881
58.0,-647.0,980.0,12:31:24.882255
-53.0,-603.0,708.0,12:31:24.892776
133.0,-419.0,522.0,12:31:24.902191
10.0,-428.0,1351.0,12:31:24.912618
-72.0,-269.0,1218.0,12:31:24.922059
-11.0,-440.0,775.0,12:31:24.931336
-40.0,-368.0,680.0,12:31:24.941884
300.0,-493.0,921.0,12:31:24.951248
-42.0,-601.0,1261.0,12:31:24.961837
61.0,-538.0,941.0,12:31:24.971124
-1.0,-384.0,742.0,12:31:24.981692
-46.0,-550.0,985.0,12:31:24.991004
122.0,-474.0,782.0,12:31:25.001491
56.0,-619.0,1031.0,12:31:25.010749
41.0,-578.0,625.0,12:31:25.020249
-259.0,-489.0,988.0,12:31:25.030725
39.0,-924.0,1426.0,12:31:25.040094
215.0,-620.0,465.0,12:31:25.050638
60.0,-353.0,686.0,12:31:25.059946
-133.0,-450.0,1067.0,12:31:25.070370
8.0,-521.0,867.0,12:31:25.079725
63.0,-496.0,616.0,12:31:25.090115
-15.0,-436.0,929.0,12:31:25.099455
19.0,-408.0,781.0,12:31:25.109931
-126.0,-575.0,1190.0,12:31:25.119376
142.0,-562.0,1330.0,12:31:25.128797
-35.0,-687.0,966.0,12:31:25.139328
36.0,-341.0,362.0,12:31:25.148675
45.0,-133.0,756.0,12:31:25.159315
58.0,-361.0,1052.0,12:31:25.174429
-101.0,-221.0,947.0,12:31:25.178083
-78.0,-430.0,992.0,12:31:25.188628
-100.0,-416.0,799.0,12:31:25.198076
206.0,-542.0,1220.0,12:31:25.207522
-64.0,-660.0,1452.0,12:31:25.217897
368.0,-600.0,620.0,12:31:25.227186
22.0,-315.0,319.0,12:31:25.237643
133.0,-311.0,1244.0,12:31:25.247057
-32.0,-585.0,1503.0,12:31:25.257704
74.0,-545.0,566.0,12:31:25.266973
-9.0,-157.0,268.0,12:31:25.277555
86.0,-649.0,1643.0,12:31:25.286848
40.0,-342.0,794.0,12:31:25.296327
232.0,-638.0,1072.0,12:31:25.306809
-39.0,-571.0,854.0,12:31:25.316266
-110.0,-518.0,1303.0,12:31:25.326883
249.0,-813.0,1282.0,12:31:25.336274
93.0,-396.0,77.0,12:31:25.345560
243.0,242.0,-197.0,12:31:25.356032
-125.0,-519.0,1989.0,12:31:25.365285
-112.0,-591.0,1474.0,12:31:25.375791
199.0,-699.0,687.0,12:31:25.385142
326.0,-462.0,437.0,12:31:25.395665
233.0,-502.0,1201.0,12:31:25.405158
89.0,-433.0,979.0,12:31:25.415612
25.0,-633.0,829.0,12:31:25.424894
10.0,-388.0,990.0,12:31:25.434246
18.0,-788.0,1432.0,12:31:25.444619
6.0,-345.0,401.0,12:31:25.454050
88.0,-548.0,1171.0,12:31:25.464469
-80.0,-521.0,293.0,12:31:25.473904
45.0,-772.0,1432.0,12:31:25.484382
-30.0,-612.0,1160.0,12:31:25.493808
-2.0,-778.0,815.0,12:31:25.504225
263.0,-666.0,432.0,12:31:25.513660
120.0,156.0,99.0,12:31:25.524086
-43.0,-392.0,1383.0,12:31:25.533402
62.0,-285.0,678.0,12:31:25.543819
-145.0,-389.0,634.0,12:31:25.553157
-52.0,-110.0,585.0,12:31:25.562437
-241.0,-723.0,2047.0,12:31:25.572659
122.0,-438.0,639.0,12:31:25.582164
83.0,-795.0,886.0,12:31:25.592532
-116.0,-573.0,1031.0,12:31:25.601944
456.0,-881.0,1635.0,12:31:25.612348
-162.0,-661.0,1105.0,12:31:25.621753
63.0,-506.0,344.0,12:31:25.632177
65.0,-457.0,352.0,12:31:25.641557
260.0,-432.0,778.0,12:31:25.661129
-8.0,-628.0,1152.0,12:31:25.671597
-63.0,-411.0,767.0,12:31:25.680967
121.0,-817.0,1327.0,12:31:25.691394
14.0,-102.0,673.0,12:31:25.700725
161.0,-278.0,1206.0,12:31:25.711157
40.0,-465.0,722.0,12:31:25.720651
288.0,-548.0,200.0,12:31:25.731098
107.0,-236.0,1299.0,12:31:25.740583
-187.0,-544.0,1538.0,12:31:25.749844
245.0,-359.0,544.0,12:31:25.760671
67.0,-470.0,841.0,12:31:25.769967
-5.0,-347.0,610.0,12:31:25.780409
269.0,-278.0,334.0,12:31:25.789821
-215.0,-336.0,1641.0,12:31:25.799338
-59.0,-653.0,1781.0,12:31:25.809887
132.0,-796.0,827.0,12:31:25.819376
82.0,-691.0,421.0,12:31:25.829868
258.0,-747.0,1224.0,12:31:25.839228
47.0,-148.0,360.0,12:31:25.848609
-59.0,-517.0,736.0,12:31:25.859157
195.0,-323.0,891.0,12:31:25.868563
250.0,-1021.0,1242.0,12:31:25.879050
-6.0,-610.0,973.0,12:31:25.888331
40.0,-114.0,727.0,12:31:25.898403
-39.0,-451.0,1127.0,12:31:25.907661
-51.0,-104.0,402.0,12:31:25.918245
92.0,276.0,438.0,12:31:25.927545
56.0,-703.0,2047.0,12:31:25.937968
69.0,-1000.0,173.0,12:31:25.956569
-101.0,-154.0,-150.0,12:31:25.966961
4.0,-904.0,2047.0,12:31:25.977566
-56.0,-562.0,861.0,12:31:25.986897
-180.0,234.0,-563.0,12:31:25.996371
59.0,-815.0,1316.0,12:31:26.006775
-41.0,-683.0,1495.0,12:31:26.016142
-61.0,-531.0,1196.0,12:31:26.026590
157.0,-434.0,667.0,12:31:26.035921
34.0,-697.0,1074.0,12:31:26.046346
102.0,-432.0,798.0,12:31:26.055651
-143.0,-194.0,397.0,12:31:26.066072
72.0,-151.0,493.0,12:31:26.075479
-7.0,-35.0,537.0,12:31:26.085866
109.0,-790.0,1538.0,12:31:26.095258
269.0,-939.0,1239.0,12:31:26.105593
46.0,-241.0,228.0,12:31:26.114970
67.0,-81.0,787.0,12:31:26.125342
-380.0,-698.0,1782.0,12:31:26.134676
51.0,-717.0,868.0,12:31:26.145306
219.0,-810.0,859.0,12:31:26.154711
181.0,-622.0,643.0,12:31:26.164076
-102.0,-871.0,1338.0,12:31:26.174548
33.0,-737.0,886.0,12:31:26.183972
-37.0,-162.0,186.0,12:31:26.194546
-211.0,-1086.0,1900.0,12:31:26.203894
-55.0,-498.0,469.0,12:31:26.214385
-49.0,-263.0,464.0,12:31:26.223725
-45.0,-378.0,858.0,12:31:26.233108
-77.0,-461.0,1281.0,12:31:26.243553
56.0,-623.0,1624.0,12:31:26.252961
-49.0,-322.0,419.0,12:31:26.263446
90.0,-289.0,616.0,12:31:26.272894
210.0,-529.0,1075.0,12:31:26.282270
123.0,-343.0,1430.0,12:31:26.292872
-29.0,-549.0,937.0,12:31:26.302313
372.0,-730.0,600.0,12:31:26.312794
-70.0,-646.0,1474.0,12:31:26.322227
32.0,-491.0,919.0,12:31:26.332640
13.0,-260.0,213.0,12:31:26.342016
-85.0,-707.0,1274.0,12:31:26.351307
-106.0,-59.0,118.0,12:31:26.361838
-58.0,-442.0,1160.0,12:31:26.374772
-229.0,-890.0,1847.0,12:31:26.381838
119.0,-817.0,1294.0,12:31:26.391305
-18.0,-914.0,343.0,12:31:26.400674
229.0,-452.0,474.0,12:31:26.411166
117.0,-44.0,396.0,12:31:26.420627
-30.0,143.0,285.0,12:31:26.431139
-61.0,-362.0,1065.0,12:31:26.440414
-142.0,-832.0,1532.0,12:31:26.450859
387.0,-754.0,1309.0,12:31:26.460162
-182.0,-259.0,1117.0,12:31:26.470704
67.0,-1182.0,2047.0,12:31:26.479994
233.0,-230.0,-590.0,12:31:26.490404
-185.0,-224.0,245.0,12:31:26.499738
77.0,-524.0,1625.0,12:31:26.510173
-186.0,-378.0,1024.0,12:31:26.519551
-150.0,-382.0,514.0,12:31:26.528997
-176.0,-718.0,1171.0,12:31:26.539582
173.0,-480.0,1005.0,12:31:26.548880
50.0,-640.0,1493.0,12:31:26.559463
-35.0,-166.0,624.0,12:31:26.568702
206.0,-633.0,1211.0,12:31:26.579173
207.0,-664.0,664.0,12:31:26.588594
18.0,-250.0,491.0,12:31:26.597885
-38.0,-465.0,1105.0,12:31:26.608360
40.0,-550.0,741.0,12:31:26.617763
-86.0,-534.0,1024.0,12:31:26.628220
-52.0,-713.0,1248.0,12:31:26.637589
46.0,-630.0,992.0,12:31:26.647979
92.0,-599.0,685.0,12:31:26.657410
19.0,-650.0,974.0,12:31:26.667818
-76.0,-499.0,702.0,12:31:26.677129
90.0,-836.0,976.0,12:31:26.687610
-372.0,-475.0,1093.0,12:31:26.697052
120.0,-284.0,765.0,12:31:26.706373
-149.0,-482.0,1129.0,12:31:26.716902
213.0,-682.0,1151.0,12:31:26.726293
-87.0,-893.0,1349.0,12:31:26.736690
267.0,-170.0,-482.0,12:31:26.745997
212.0,-735.0,1532.0,12:31:26.756502
-252.0,-473.0,1332.0,12:31:26.769688
-43.0,137.0,344.0,12:31:26.778958
51.0,-182.0,56.0,12:31:26.785971
64.0,29.0,564.0,12:31:26.795350
41.0,-1070.0,2047.0,12:31:26.805651
237.0,-419.0,146.0,12:31:26.815097
80.0,-508.0,527.0,12:31:26.825563
-31.0,-657.0,1285.0,12:31:26.834901
-4.0,-407.0,1052.0,12:31:26.845356
124.0,-842.0,1830.0,12:31:26.854705
79.0,-562.0,101.0,12:31:26.864088
112.0,-353.0,198.0,12:31:26.874610
-49.0,-918.0,1966.0,12:31:26.884062
-67.0,-648.0,1129.0,12:31:26.894625
110.0,-856.0,1200.0,12:31:26.904007
132.0,-486.0,-375.0,12:31:26.914402
65.0,-283.0,235.0,12:31:26.924053
-161.0,-321.0,1711.0,12:31:26.933326
-307.0,-397.0,1459.0,12:31:26.943771
29.0,-571.0,611.0,12:31:26.953097
-185.0,-222.0,659.0,12:31:26.963614
30.0,-450.0,1367.0,12:31:26.972955
-4.0,-521.0,1474.0,12:31:26.982441
-43.0,20.0,173.0,12:31:26.992948
97.0,-842.0,1160.0,12:31:27.002304
-39.0,-408.0,940.0,12:31:27.012744
-9.0,-259.0,371.0,12:31:27.022023
-206.0,-589.0,1932.0,12:31:27.032434
315.0,-550.0,888.0,12:31:27.041879
107.0,-476.0,755.0,12:31:27.052340
-122.0,-945.0,1626.0,12:31:27.061791
22.0,-397.0,336.0,12:31:27.072202
2.0,10.0,226.0,12:31:27.081662
6.0,-688.0,1308.0,12:31:27.091966
183.0,-515.0,570.0,12:31:27.101243
-65.0,-421.0,403.0,12:31:27.110734
113.0,-317.0,1072.0,12:31:27.121187
7.0,-251.0,1076.0,12:31:27.130593
-116.0,-908.0,1290.0,12:31:27.141073
188.0,-322.0,163.0,12:31:27.150436
-93.0,-553.0,1028.0,12:31:27.160928
5.0,-480.0,1415.0,12:31:27.170299
92.0,-291.0,1098.0,12:31:27.180737
-17.0,-850.0,1249.0,12:31:27.190072
262.0,-801.0,1230.0,12:31:27.199416
114.0,-441.0,224.0,12:31:27.209953
11.0,-495.0,1284.0,12:31:27.219383
72.0,-328.0,1176.0,12:31:27.229887
182.0,-446.0,105.0,12:31:27.239205
-13.0,-120.0,535.0,12:31:27.248653
-91.0,-204.0,1476.0,12:31:27.259228
440.0,-848.0,1749.0,12:31:27.268771
102.0,-352.0,782.0,12:31:27.279383
57.0,-294.0,364.0,12:31:27.288707
-38.0,-871.0,1734.0,12:31:27.298076
-25.0,-533.0,1131.0,12:31:27.308747
261.0,-449.0,40.0,12:31:27.318096
-30.0,-368.0,681.0,12:31:27.327480
-29.0,-424.0,890.0,12:31:27.338123
12.0,-540.0,1067.0,12:31:27.347462
-36.0,-246.0,538.0,12:31:27.357893
81.0,-804.0,2047.0,12:31:27.367228
220.0,-817.0,1130.0,12:31:27.377730
218.0,-397.0,-193.0,12:31:27.387017
108.0,-817.0,1116.0,12:31:27.397532
-11.0,-427.0,1307.0,12:31:27.406949
3.0,-879.0,1123.0,12:31:27.416380
340.0,-112.0,-457.0,12:31:27.426862
45.0,-772.0,1219.0,12:31:27.436300
16.0,-529.0,1378.0,12:31:27.446782
-47.0,-595.0,826.0,12:31:27.456165
271.0,-218.0,67.0,12:31:27.465545
-80.0,-323.0,768.0,12:31:27.475932
54.0,-601.0,1448.0,12:31:27.485369
-69.0,-465.0,1020.0,12:31:27.495753
-120.0,-402.0,1050.0,12:31:27.505152
-71.0,-462.0,1254.0,12:31:27.515572
44.0,-668.0,1023.0,12:31:27.524964
-97.0,-609.0,1154.0,12:31:27.535381
69.0,-363.0,648.0,12:31:27.544776
8.0,-686.0,998.0,12:31:27.555232
-185.0,-560.0,1061.0,12:31:27.564666
163.0,-344.0,801.0,12:31:27.580354
20.0,-525.0,1088.0,12:31:27.584070
-216.0,-274.0,480.0,12:31:27.594534
129.0,-316.0,956.0,12:31:27.603836
-235.0,-509.0,1522.0,12:31:27.614312
242.0,-680.0,992.0,12:31:27.623614
56.0,-327.0,498.0,12:31:27.634091
-10.0,-351.0,899.0,12:31:27.643449
120.0,-661.0,1321.0,12:31:27.653084
140.0,-430.0,445.0,12:31:27.663529
47.0,-186.0,124.0,12:31:27.672990
-240.0,-525.0,1621.0,12:31:27.683508
114.0,-686.0,1396.0,12:31:27.692934
10.0,-9.0,-427.0,12:31:27.702218
-18.0,-188.0,1410.0,12:31:27.712786
154.0,-698.0,1774.0,12:31:27.722225
19.0,-762.0,1026.0,12:31:27.732746
26.0,-477.0,444.0,12:31:27.742064
-31.0,-505.0,1588.0,12:31:27.752585
205.0,-761.0,913.0,12:31:27.762051
139.0,-104.0,162.0,12:31:27.771316
-135.0,-452.0,1091.0,12:31:27.781840
158.0,-498.0,653.0,12:31:27.791113
150.0,-148.0,640.0,12:31:27.801715
-20.0,-483.0,1652.0,12:31:27.811049
122.0,-572.0,1203.0,12:31:27.820522
87.0,-658.0,864.0,12:31:27.830950
191.0,-482.0,269.0,12:31:27.840289
114.0,-514.0,1033.0,12:31:27.850697
3.0,-467.0,1800.0,12:31:27.860027
-17.0,-734.0,1119.0,12:31:27.870536
142.0,-809.0,151.0,12:31:27.879934
181.0,-545.0,938.0,12:31:27.890379
116.0,-570.0,1003.0,12:31:27.899653
-203.0,-240.0,619.0,12:31:27.910178
-149.0,-301.0,724.0,12:31:27.919558
474.0,-495.0,511.0,12:31:27.930073
-177.0,-622.0,1203.0,12:31:27.939446
-168.0,-461.0,1402.0,12:31:27.948845
32.0,-427.0,582.0,12:31:27.959213
155.0,-483.0,790.0,12:31:27.977140
-52.0,-576.0,1623.0,12:31:27.978565
179.0,-856.0,1181.0,12:31:27.989229
109.0,-538.0,262.0,12:31:27.998674
35.0,-465.0,612.0,12:31:28.007909
-13.0,-402.0,832.0,12:31:28.018453
20.0,-363.0,644.0,12:31:28.027772
80.0,-536.0,1312.0,12:31:28.038238
-115.0,-952.0,1572.0,12:31:28.047546
167.0,-679.0,457.0,12:31:28.057991
174.0,-143.0,221.0,12:31:28.067344
-121.0,-835.0,1994.0,12:31:28.077948
116.0,-483.0,254.0,12:31:28.087341
25.0,-27.0,-129.0,12:31:28.096613
-201.0,-589.0,1441.0,12:31:28.107149
-160.0,-554.0,1991.0,12:31:28.116420
-12.0,-414.0,-84.0,12:31:28.126918
-19.0,-331.0,570.0,12:31:28.136244
159.0,-1300.0,2047.0,12:31:28.146814
100.0,-571.0,681.0,12:31:28.156207
-29.0,-209.0,229.0,12:31:28.166705
69.0,-414.0,1454.0,12:31:28.176000
221.0,-779.0,1522.0,12:31:28.185357
-22.0,-217.0,124.0,12:31:28.195840
99.0,-409.0,671.0,12:31:28.205363
-136.0,-304.0,1071.0,12:31:28.215851
-47.0,-697.0,1645.0,12:31:28.225246
130.0,-537.0,666.0,12:31:28.235851
121.0,-287.0,132.0,12:31:28.245200
65.0,-445.0,692.0,12:31:28.254535
-79.0,-334.0,1462.0,12:31:28.265157
47.0,-315.0,792.0,12:31:28.274521
-119.0,-308.0,431.0,12:31:28.283940
116.0,-650.0,1760.0,12:31:28.294449
-71.0,-581.0,1221.0,12:31:28.303771
-37.0,-440.0,591.0,12:31:28.314223
209.0,-1147.0,2047.0,12:31:28.323506
141.0,-635.0,215.0,12:31:28.334129
109.0,-404.0,155.0,12:31:28.343442
74.0,-709.0,1168.0,12:31:28.354002
59.0,-179.0,1096.0,12:31:28.363266
-29.0,-432.0,884.0,12:31:28.373796
-403.0,-637.0,922.0,12:31:28.383073
6.0,-744.0,860.0,12:31:28.393550
256.0,-472.0,818.0,12:31:28.402902
18.0,-564.0,1791.0,12:31:28.412251
236.0,-400.0,677.0,12:31:28.422629
-84.0,-371.0,443.0,12:31:28.431983
-196.0,-454.0,979.0,12:31:28.442407
254.0,-793.0,1465.0,12:31:28.451875
-157.0,-517.0,833.0,12:31:28.462272
31.0,-386.0,721.0,12:31:28.471735
149.0,-579.0,883.0,12:31:28.482203
-132.0,-468.0,517.0,12:31:28.491473
82.0,-224.0,338.0,12:31:28.501962
22.0,-679.0,1387.0,12:31:28.511237
71.0,-481.0,1003.0,12:31:28.521773
83.0,-390.0,630.0,12:31:28.531081
9.0,-331.0,684.0,12:31:28.540400
35.0,-353.0,758.0,12:31:28.550801
2.0,-590.0,1156.0,12:31:28.560163
47.0,-796.0,1444.0,12:31:28.570602
178.0,-693.0,747.0,12:31:28.579950
106.0,-309.0,108.0,12:31:28.590347
-132.0,-967.0,1398.0,12:31:28.599715
11.0,-641.0,1399.0,12:31:28.610133
-236.0,-584.0,1037.0,12:31:28.619541
171.0,-389.0,7.0,12:31:28.630034
-149.0,-640.0,1282.0,12:31:28.639557
-27.0,55.0,279.0,12:31:28.648819
-557.0,-543.0,1453.0,12:31:28.659325
30.0,-962.0,1669.0,12:31:28.668727
-67.0,-141.0,-57.0,12:31:28.679149
-52.0,-434.0,603.0,12:31:28.688654
-243.0,-529.0,1732.0,12:31:28.699109
25.0,-702.0,1570.0,12:31:28.708705
41.0,-826.0,839.0,12:31:28.718018
69.0,-670.0,520.0,12:31:28.728595
34.0,-972.0,1090.0,12:31:28.737963
129.0,-4.0,-63.0,12:31:28.747516
56.0,-306.0,1194.0,12:31:28.757987
-84.0,-768.0,1537.0,12:31:28.767477
-21.0,-420.0,465.0,12:31:28.780726
-3.0,-429.0,723.0,12:31:28.787769
-140.0,-892.0,1537.0,12:31:28.797255
84.0,-86.0,-46.0,12:31:28.807658
48.0,-423.0,1363.0,12:31:28.817064
185.0,-808.0,1718.0,12:31:28.826393
93.0,-362.0,733.0,12:31:28.836877
-240.0,-692.0,967.0,12:31:28.846341
-101.0,-790.0,1120.0,12:31:28.856870
99.0,-771.0,677.0,12:31:28.866312
191.0,-313.0,711.0,12:31:28.875662
-129.0,-228.0,1061.0,12:31:28.886223
-203.0,-352.0,730.0,12:31:28.895592
34.0,-298.0,199.0,12:31:28.906107
167.0,-196.0,693.0,12:31:28.915484
30.0,-72.0,1513.0,12:31:28.925872
-163.0,-440.0,1169.0,12:31:28.935185
236.0,-634.0,952.0,12:31:28.945678
415.0,-804.0,1436.0,12:31:28.955104
81.0,35.0,-252.0,12:31:28.964391
-51.0,-568.0,1269.0,12:31:28.974891
92.0,-215.0,1168.0,12:31:28.984363
-79.0,-402.0,786.0,12:31:28.994721
55.0,-1026.0,1354.0,12:31:29.004177
262.0,-472.0,417.0,12:31:29.014587
-28.0,-680.0,1529.0,12:31:29.023990
222.0,-325.0,816.0,12:31:29.034410
184.0,-744.0,952.0,12:31:29.043707
-81.0,-365.0,641.0,12:31:29.054161
-76.0,-339.0,955.0,12:31:29.063616
97.0,-648.0,847.0,12:31:29.072957
-41.0,-503.0,872.0,12:31:29.083452
-72.0,-468.0,1247.0,12:31:29.092851
-43.0,-508.0,873.0,12:31:29.103343
12.0,-880.0,1765.0,12:31:29.112630
48.0,-585.0,1006.0,12:31:29.122948
-41.0,-729.0,909.0,12:31:29.132307
103.0,-336.0,316.0,12:31:29.142945
-37.0,-525.0,916.0,12:31:29.152274
7.0,9.0,575.0,12:31:29.161700
-30.0,-547.0,352.0,12:31:29.179652
-62.0,-49.0,547.0,12:31:29.184169
-11.0,-1021.0,2047.0,12:31:29.191207
83.0,-869.0,803.0,12:31:29.201857
-62.0,-434.0,48.0,12:31:29.211159
126.0,-270.0,704.0,12:31:29.221738
71.0,-332.0,838.0,12:31:29.231115
118.0,-359.0,728.0,12:31:29.240607
41.0,-633.0,662.0,12:31:29.251021
-97.0,-155.0,929.0,12:31:29.260372
103.0,-765.0,1990.0,12:31:29.270825
151.0,-647.0,418.0,12:31:29.280143
198.0,-466.0,797.0,12:31:29.290637
71.0,-768.0,1704.0,12:31:29.299987
79.0,-586.0,601.0,12:31:29.310563
111.0,-96.0,-84.0,12:31:29.319904
-59.0,29.0,921.0,12:31:29.329369
-68.0,-220.0,1174.0,12:31:29.339917
-67.0,-718.0,960.0,12:31:29.349451
-57.0,-777.0,1762.0,12:31:29.359856
302.0,-844.0,1573.0,12:31:29.369221
76.0,-871.0,1039.0,12:31:29.378696
159.0,-519.0,618.0,12:31:29.389186
15.0,-271.0,422.0,12:31:29.398579
81.0,-281.0,712.0,12:31:29.409077
-57.0,-133.0,547.0,12:31:29.418320
-247.0,260.0,506.0,12:31:29.428798
-147.0,-467.0,1561.0,12:31:29.438085
62.0,-561.0,957.0,12:31:29.447542
-108.0,24.0,492.0,12:31:29.457933
16.0,-534.0,1188.0,12:31:29.467424
99.0,-640.0,1076.0,12:31:29.477835
122.0,-985.0,1229.0,12:31:29.487256
163.0,-415.0,535.0,12:31:29.497715
18.0,-606.0,1272.0,12:31:29.507038
23.0,-701.0,1271.0,12:31:29.517515
86.0,-846.0,790.0,12:31:29.526788
57.0,-703.0,549.0,12:31:29.537226
106.0,-1065.0,1368.0,12:31:29.546505
-56.0,-390.0,1087.0,12:31:29.557065
154.0,-574.0,1053.0,12:31:29.566391
169.0,-463.0,264.0,12:31:29.576787
-86.0,-490.0,1148.0,12:31:29.586134
9.0,-399.0,1240.0,12:31:29.595526
88.0,-730.0,915.0,12:31:29.606058
-100.0,12.0,364.0,12:31:29.615335
-194.0,-113.0,524.0,12:31:29.625819
-143.0,-570.0,1359.0,12:31:29.635279
-115.0,-444.0,1442.0,12:31:29.645677
307.0,-848.0,918.0,12:31:29.655240
65.0,-545.0,440.0,12:31:29.664511
-66.0,-136.0,1091.0,12:31:29.675114
-167.0,-385.0,1498.0,12:31:29.684499
139.0,-335.0,563.0,12:31:29.695159
163.0,-269.0,670.0,12:31:29.704504
176.0,-1149.0,1856.0,12:31:29.713978
-101.0,-615.0,539.0,12:31:29.724384
187.0,-707.0,519.0,12:31:29.733731
-21.0,-331.0,273.0,12:31:29.744157
190.0,-346.0,480.0,12:31:29.753545
-165.0,-450.0,1131.0,12:31:29.764072
45.0,-797.0,1526.0,12:31:29.773379
2.0,-747.0,820.0,12:31:29.782833
189.0,-352.0,286.0,12:31:29.793280
-162.0,-275.0,1372.0,12:31:29.802781
38.0,-893.0,1713.0,12:31:29.813227
113.0,-585.0,428.0,12:31:29.822629
123.0,-576.0,297.0,12:31:29.833074
313.0,-472.0,1443.0,12:31:29.842428
101.0,-580.0,1649.0,12:31:29.852960
-8.0,-20.0,-20.0,12:31:29.862422
175.0,-700.0,920.0,12:31:29.871796
-153.0,-104.0,710.0,12:31:29.882350
-68.0,-256.0,1535.0,12:31:29.891691
-40.0,-546.0,1490.0,12:31:29.901142
112.0,-467.0,411.0,12:31:29.911554
170.0,-471.0,1083.0,12:31:29.920827
143.0,-801.0,1435.0,12:31:29.931325
-94.0,-829.0,940.0,12:31:29.940721
54.0,-608.0,751.0,12:31:29.951083
-106.0,-737.0,693.0,12:31:29.960340
227.0,-339.0,194.0,12:31:29.970853
-99.0,-164.0,569.0,12:31:29.982542
-54.0,-759.0,1586.0,12:31:29.990913
259.0,-665.0,842.0,12:31:30.000207
-131.0,-391.0,281.0,12:31:30.010744
141.0,-442.0,1293.0,12:31:30.020133
89.0,-680.0,1849.0,12:31:30.029480
64.0,-330.0,342.0,12:31:30.040055
103.0,-475.0,613.0,12:31:30.049547
99.0,-740.0,920.0,12:31:30.058972
156.0,-307.0,956.0,12:31:30.069492
58.0,-448.0,1612.0,12:31:30.078825
0.0,-694.0,928.0,12:31:30.089392
112.0,-395.0,158.0,12:31:30.098698
-184.0,-278.0,992.0,12:31:30.109136
-195.0,-224.0,1387.0,12:31:30.118508
-118.0,-817.0,1792.0,12:31:30.129142
86.0,-416.0,76.0,12:31:30.138508
51.0,-655.0,1045.0,12:31:30.147852
94.0,-776.0,1097.0,12:31:30.158514
-61.0,-37.0,363.0,12:31:30.167921
-148.0,-439.0,1171.0,12:31:30.177365
0.0,-616.0,703.0,12:31:30.187864
76.0,-519.0,852.0,12:31:30.197147
-156.0,-489.0,994.0,12:31:30.207753
47.0,-454.0,1068.0,12:31:30.217040
127.0,-428.0,684.0,12:31:30.227511
59.0,-784.0,1311.0,12:31:30.236900
75.0,-583.0,1117.0,12:31:30.246318
68.0,17.0,153.0,12:31:30.256729
147.0,-754.0,1145.0,12:31:30.266063
317.0,-456.0,972.0,12:31:30.276521
172.0,-661.0,1007.0,12:31:30.285840
150.0,-650.0,335.0,12:31:30.296567
115.0,-463.0,359.0,12:31:30.306076
-109.0,-721.0,2047.0,12:31:30.315913
102.0,-186.0,260.0,12:31:30.325366
-70.0,-679.0,729.0,12:31:30.335781
77.0,-253.0,781.0,12:31:30.345218
-47.0,-526.0,1288.0,12:31:30.355654
-104.0,-818.0,1311.0,12:31:30.365206
90.0,-722.0,934.0,12:31:30.374577
129.0,-578.0,490.0,12:31:30.386512
-122.0,-404.0,826.0,12:31:30.394742
-14.0,-652.0,1245.0,12:31:30.404167
-41.0,-401.0,739.0,12:31:30.414735
0.0,-583.0,571.0,12:31:30.424122
2.0,-411.0,602.0,12:31:30.434523
-176.0,-827.0,2047.0,12:31:30.443916
-72.0,-627.0,1043.0,12:31:30.454395
47.0,-608.0,323.0,12:31:30.463779
166.0,-323.0,313.0,12:31:30.474139
158.0,-207.0,1112.0,12:31:30.486422
-88.0,-369.0,1299.0,12:31:30.493117
27.0,-492.0,940.0,12:31:30.504332
36.0,-537.0,686.0,12:31:30.514212
218.0,-437.0,853.0,12:31:30.522525
138.0,-352.0,1240.0,12:31:30.534275
-64.0,-332.0,883.0,12:31:30.542463
140.0,-491.0,861.0,12:31:30.553105
36.0,-346.0,312.0,12:31:30.562433
55.0,-729.0,1249.0,12:31:30.571770
-49.0,-619.0,1608.0,12:31:30.582258
214.0,-694.0,720.0,12:31:30.591498
81.0,-802.0,976.0,12:31:30.601995
108.0,-538.0,733.0,12:31:30.611238
56.0,-652.0,1154.0,12:31:30.621813
-39.0,-433.0,1122.0,12:31:30.631179
-32.0,-699.0,705.0,12:31:30.641755
16.0,-769.0,937.0,12:31:30.651113
-189.0,-197.0,216.0,12:31:30.660597
-68.0,-600.0,1161.0,12:31:30.671074
-36.0,-93.0,1013.0,12:31:30.680430
-172.0,-766.0,1697.0,12:31:30.690851
153.0,-589.0,1118.0,12:31:30.700150
204.0,-619.0,584.0,12:31:30.710707
52.0,23.0,-184.0,12:31:30.720061
9.0,24.0,759.0,12:31:30.730608
-183.0,-96.0,1088.0,12:31:30.739874
141.0,-640.0,1486.0,12:31:30.749391
220.0,-388.0,875.0,12:31:30.759885
-51.0,-942.0,2047.0,12:31:30.769475
303.0,-76.0,239.0,12:31:30.779870
73.0,-531.0,796.0,12:31:30.789232
-78.0,-667.0,1220.0,12:31:30.798570
105.0,-34.0,284.0,12:31:30.809109
102.0,-436.0,1103.0,12:31:30.818534
81.0,-482.0,912.0,12:31:30.829042
107.0,-441.0,622.0,12:31:30.838339
33.0,-694.0,1492.0,12:31:30.848752
195.0,-728.0,1198.0,12:31:30.858035
112.0,-798.0,785.0,12:31:30.868646
105.0,-340.0,-77.0,12:31:30.877939
-61.0,265.0,-9.0,12:31:30.887201
-163.0,-284.0,1653.0,12:31:30.897652
83.0,-1232.0,2047.0,12:31:30.906941
254.0,-331.0,63.0,12:31:30.917461
-28.0,-54.0,-39.0,12:31:30.926781
-319.0,-976.0,2047.0,12:31:30.937254
407.0,-713.0,1114.0,12:31:30.946658
64.0,-538.0,-95.0,12:31:30.957151
138.0,-458.0,708.0,12:31:30.966477
183.0,-363.0,635.0,12:31:30.977042
-403.0,-527.0,1238.0,12:31:30.986318
51.0,-814.0,1369.0,12:31:30.996804
-18.0,-601.0,849.0,12:31:31.006140
-74.0,3.0,-36.0,12:31:31.015519
-203.0,-282.0,1110.0,12:31:31.026076
50.0,-546.0,1318.0,12:31:31.035462
158.0,-1116.0,1264.0,12:31:31.045820
281.0,-566.0,157.0,12:31:31.055261
87.0,-665.0,924.0,12:31:31.065682
-169.0,-507.0,1506.0,12:31:31.075076
-122.0,-36.0,189.0,12:31:31.085522
-92.0,-79.0,-394.0,12:31:31.094902
128.0,-254.0,769.0,12:31:31.104271
-227.0,-1099.0,2047.0,12:31:31.114772
54.0,-970.0,1247.0,12:31:31.124191
-3.0,-401.0,-395.0,12:31:31.134829
65.0,-1046.0,1565.0,12:31:31.144122
78.0,-464.0,491.0,12:31:31.153439
72.0,168.0,-518.0,12:31:31.164008
-22.0,143.0,384.0,12:31:31.173281
-60.0,-1232.0,2047.0,12:31:31.185625
-112.0,-729.0,1319.0,12:31:31.192949
193.0,-936.0,713.0,12:31:31.203349
121.0,-544.0,1068.0,12:31:31.212811
71.0,-747.0,1198.0,12:31:31.223242
8.0,-112.0,270.0,12:31:31.232595
230.0,99.0,-266.0,12:31:31.243055
-445.0,-79.0,1395.0,12:31:31.252508
-398.0,-678.0,1679.0,12:31:31.262961
-138.0,-329.0,470.0,12:31:31.272321
78.0,-840.0,1787.0,12:31:31.281677
13.0,-656.0,1242.0,12:31:31.292199
-3.0,-589.0,581.0,12:31:31.301443
219.0,-362.0,511.0,12:31:31.311890
192.0,-111.0,1185.0,12:31:31.321220
-61.0,-598.0,1084.0,12:31:31.331781
28.0,-616.0,-250.0,12:31:31.341112
138.0,-193.0,177.0,12:31:31.351755
-72.0,-480.0,1468.0,12:31:31.361095
-136.0,-100.0,696.0,12:31:31.370391
-223.0,84.0,673.0,12:31:31.380830
120.0,-772.0,1919.0,12:31:31.390107
298.0,-1133.0,1327.0,12:31:31.400670
388.0,-526.0,225.0,12:31:31.410030
122.0,-898.0,1775.0,12:31:31.420594
26.0,-454.0,1127.0,12:31:31.429913
-115.0,-168.0,106.0,12:31:31.440404
-153.0,-262.0,635.0,12:31:31.449686
-50.0,-490.0,1249.0,12:31:31.460185
82.0,-640.0,1050.0,12:31:31.469558
162.0,-878.0,561.0,12:31:31.479088
211.0,-585.0,1303.0,12:31:31.498677
27.0,-267.0,776.0,12:31:31.509079
50.0,-774.0,1617.0,12:31:31.518586
-33.0,75.0,144.0,12:31:31.528971
-64.0,-635.0,642.0,12:31:31.538335
28.0,-73.0,167.0,12:31:31.548852
-130.0,-397.0,963.0,12:31:31.558117
-7.0,-567.0,1577.0,12:31:31.568674
-30.0,-731.0,992.0,12:31:31.586024
77.0,-427.0,447.0,12:31:31.588821
-32.0,-699.0,1610.0,12:31:31.598226
88.0,0.0,507.0,12:31:31.607572
56.0,-550.0,1150.0,12:31:31.618010
206.0,-592.0,1113.0,12:31:31.627340
210.0,-370.0,693.0,12:31:31.636713
31.0,-548.0,1463.0,12:31:31.647198
203.0,-925.0,1027.0,12:31:31.656492
374.0,-571.0,395.0,12:31:31.666968
-19.0,-911.0,1281.0,12:31:31.676449
191.0,-728.0,323.0,12:31:31.686893
340.0,-621.0,556.0,12:31:31.696306
-198.0,-166.0,602.0,12:31:31.706704
-22.0,-903.0,2031.0,12:31:31.716164
123.0,-725.0,1033.0,12:31:31.725515
-14.0,-320.0,-54.0,12:31:31.735964
175.0,-326.0,642.0,12:31:31.745399
-92.0,-272.0,1826.0,12:31:31.755868
120.0,-903.0,1731.0,12:31:31.765224
20.0,-978.0,577.0,12:31:31.775636
35.0,-232.0,197.0,12:31:31.784933
160.0,-540.0,1324.0,12:31:31.795402
76.0,-285.0,1156.0,12:31:31.804741
-264.0,-504.0,674.0,12:31:31.814228
62.0,-199.0,-23.0,12:31:31.824813
-493.0,391.0,206.0,12:31:31.834141
-16.0,-756.0,2047.0,12:31:31.844560
84.0,-982.0,1976.0,12:31:31.853904
33.0,-788.0,157.0,12:31:31.864371
210.0,-661.0,763.0,12:31:31.873736
39.0,-481.0,1237.0,12:31:31.884141
-92.0,-363.0,840.0,12:31:31.893386
124.0,-384.0,839.0,12:31:31.902971
-23.0,-915.0,1614.0,12:31:31.913396
175.0,-917.0,413.0,12:31:31.922707
7.0,-321.0,-158.0,12:31:31.933195
-325.0,348.0,465.0,12:31:31.942539
-125.0,-677.0,1634.0,12:31:31.953002
189.0,-1000.0,1898.0,12:31:31.962403
-99.0,-530.0,1003.0,12:31:31.972873
234.0,-490.0,674.0,12:31:31.982354
115.0,-679.0,1732.0,12:31:31.991664
309.0,-499.0,741.0,12:31:32.002157
118.0,-27.0,-224.0,12:31:32.011505
-79.0,-142.0,635.0,12:31:32.022020
116.0,-201.0,1541.0,12:31:32.031485
-80.0,-1049.0,1945.0,12:31:32.041969
173.0,-590.0,-440.0,12:31:32.051254
39.0,-369.0,603.0,12:31:32.060676
-239.0,-652.0,2047.0,12:31:32.071182
148.0,-136.0,155.0,12:31:32.080662
-33.0,-200.0,-2.0,12:31:32.091190
-165.0,-421.0,1040.0,12:31:32.100608
40.0,-645.0,1442.0,12:31:32.110007
-24.0,-736.0,1119.0,12:31:32.120414
181.0,-402.0,654.0,12:31:32.129822
-107.0,-1043.0,1721.0,12:31:32.140241
191.0,-627.0,448.0,12:31:32.149569
360.0,-592.0,79.0,12:31:32.159983
174.0,-74.0,619.0,12:31:32.169404
-30.0,-111.0,1342.0,12:31:32.179814
54.0,-807.0,1410.0,12:31:32.189230
129.0,-799.0,166.0,12:31:32.199713
127.0,-557.0,1501.0,12:31:32.209105
-30.0,-754.0,1800.0,12:31:32.218432
106.0,8.0,-27.0,12:31:32.228917
103.0,-789.0,841.0,12:31:32.238148
63.0,-885.0,921.0,12:31:32.248721
270.0,6.0,350.0,12:31:32.257957
-279.0,-460.0,985.0,12:31:32.268424
-1.0,-512.0,1073.0,12:31:32.277740
-108.0,-387.0,1825.0,12:31:32.288305
-61.0,-640.0,1119.0,12:31:32.297613
28.0,-373.0,419.0,12:31:32.308031
-141.0,-512.0,1119.0,12:31:32.317398
57.0,-421.0,765.0,12:31:32.326863
120.0,-463.0,573.0,12:31:32.337372
-27.0,-708.0,1125.0,12:31:32.346739
-37.0,-585.0,972.0,12:31:32.357187
88.0,-455.0,650.0,12:31:32.366490
152.0,-727.0,1185.0,12:31:32.376880
-20.0,-391.0,1117.0,12:31:32.388924
62.0,-471.0,617.0,12:31:32.396125
161.0,-654.0,683.0,12:31:32.406627
118.0,-532.0,894.0,12:31:32.415924
265.0,-451.0,956.0,12:31:32.426421
1.0,-302.0,760.0,12:31:32.435719
-35.0,-453.0,963.0,12:31:32.446321
29.0,-590.0,1153.0,12:31:32.455676
-104.0,-301.0,668.0,12:31:32.465063
166.0,-640.0,1389.0,12:31:32.475587
21.0,-770.0,1734.0,12:31:32.484948
144.0,-418.0,-364.0,12:31:32.495332
268.0,-376.0,755.0,12:31:32.504699
-120.0,-345.0,1089.0,12:31:32.515173
336.0,-124.0,847.0,12:31:32.524571
-298.0,-417.0,1584.0,12:31:32.535119
-122.0,-845.0,896.0,12:31:32.544527
385.0,-559.0,745.0,12:31:32.553895
-87.0,-356.0,983.0,12:31:32.564458
91.0,-523.0,1071.0,12:31:32.573895
194.0,-848.0,1373.0,12:31:32.584391
-82.0,-350.0,92.0,12:31:32.593658
56.0,-387.0,625.0,12:31:32.603022
-96.0,174.0,688.0,12:31:32.613550
79.0,-441.0,1260.0,12:31:32.622962
-58.0,-134.0,168.0,12:31:32.633394
-198.0,-231.0,579.0,12:31:32.642823
-70.0,-844.0,2047.0,12:31:32.652273
139.0,-876.0,-176.0,12:31:32.671987
314.0,-626.0,522.0,12:31:32.682567
66.0,-462.0,1251.0,12:31:32.691899
149.0,-292.0,584.0,12:31:32.702288
120.0,-277.0,432.0,12:31:32.711804
-198.0,-418.0,1131.0,12:31:32.722182
30.0,-1094.0,1581.0,12:31:32.731560
134.0,-586.0,825.0,12:31:32.742058
192.0,-461.0,592.0,12:31:32.751441
277.0,-322.0,672.0,12:31:32.760770
87.0,-426.0,1091.0,12:31:32.771274
51.0,-517.0,863.0,12:31:32.788557
-134.0,2.0,26.0,12:31:32.792373
-20.0,26.0,1142.0,12:31:32.800711
-305.0,-675.0,1453.0,12:31:32.810027
22.0,-747.0,210.0,12:31:32.820611
-26.0,-736.0,1344.0,12:31:32.829841
539.0,-292.0,769.0,12:31:32.840371
76.0,-953.0,1597.0,12:31:32.849597
47.0,-294.0,583.0,12:31:32.860025
-148.0,-434.0,821.0,12:31:32.869487
-15.0,-852.0,1054.0,12:31:32.879942
-5.0,-618.0,718.0,12:31:32.889418
98.0,-575.0,1154.0,12:31:32.899856
12.0,-309.0,898.0,12:31:32.909218
66.0,-720.0,761.0,12:31:32.918551
106.0,-706.0,574.0,12:31:32.928978
130.0,-467.0,517.0,12:31:32.938239
190.0,-558.0,728.0,12:31:32.948755
-51.0,-698.0,2029.0,12:31:32.958016
-244.0,-408.0,1356.0,12:31:32.968625
-161.0,-155.0,92.0,12:31:32.978015
215.0,-394.0,218.0,12:31:32.988575
-27.0,82.0,956.0,12:31:32.997898
-82.0,-359.0,1685.0,12:31:33.007221
251.0,-790.0,1270.0,12:31:33.017654
-26.0,-699.0,377.0,12:31:33.027103
-50.0,-737.0,565.0,12:31:33.037551
66.0,-29.0,1164.0,12:31:33.046949
-231.0,-103.0,1506.0,12:31:33.057511
122.0,-1183.0,1497.0,12:31:33.066806
4.0,-804.0,248.0,12:31:33.076291
-132.0,-340.0,311.0,12:31:33.086691
77.0,-646.0,1994.0,12:31:33.096133
-71.0,-478.0,472.0,12:31:33.106507
-12.0,-297.0,99.0,12:31:33.115831
107.0,-762.0,940.0,12:31:33.126312
-65.0,-388.0,613.0,12:31:33.135675
-74.0,-32.0,1000.0,12:31:33.146071
47.0,-463.0,1154.0,12:31:33.155443
-8.0,-931.0,1733.0,12:31:33.165811
3.0,-587.0,682.0,12:31:33.175426
-150.0,-347.0,476.0,12:31:33.184739
150.0,-783.0,1518.0,12:31:33.195241
-39.0,100.0,338.0,12:31:33.204523
-81.0,-593.0,1472.0,12:31:33.215057
54.0,-242.0,184.0,12:31:33.224357
-129.0,-780.0,1154.0,12:31:33.234788
-114.0,-301.0,1173.0,12:31:33.244194
104.0,-713.0,1451.0,12:31:33.254701
10.0,-325.0,374.0,12:31:33.264132
-6.0,-245.0,878.0,12:31:33.274528
-22.0,20.0,1099.0,12:31:33.284113
147.0,-716.0,1236.0,12:31:33.293440
79.0,-382.0,575.0,12:31:33.303969
136.0,-544.0,1061.0,12:31:33.313276
38.0,-538.0,951.0,12:31:33.323826
24.0,-718.0,1382.0,12:31:33.333087
66.0,-296.0,359.0,12:31:33.343576
-2.0,-532.0,501.0,12:31:33.352951
145.0,-613.0,1272.0,12:31:33.362340
175.0,-550.0,580.0,12:31:33.372863
-119.0,-209.0,578.0,12:31:33.382190
137.0,-714.0,1753.0,12:31:33.392669
14.0,-997.0,1563.0,12:31:33.402025
294.0,-328.0,-231.0,12:31:33.412491
11.0,-441.0,895.0,12:31:33.421936
31.0,-873.0,1422.0,12:31:33.432285
-145.0,-351.0,1034.0,12:31:33.441808
-44.0,-592.0,631.0,12:31:33.451190
78.0,-308.0,402.0,12:31:33.461702
71.0,-204.0,824.0,12:31:33.471024
-231.0,-628.0,2018.0,12:31:33.481541
-241.0,-579.0,1627.0,12:31:33.490838
183.0,-724.0,537.0,12:31:33.501296
152.0,-18.0,-138.0,12:31:33.510696
103.0,-955.0,1392.0,12:31:33.520139
-10.0,116.0,810.0,12:31:33.530695
128.0,-741.0,1668.0,12:31:33.539971
59.0,-845.0,1166.0,12:31:33.550724
78.0,-807.0,285.0,12:31:33.559993
38.0,-1.0,-31.0,12:31:33.569540
-268.0,-103.0,1135.0,12:31:33.579981
177.0,-624.0,1812.0,12:31:33.592838
18.0,-982.0,1634.0,12:31:33.599937
413.0,-713.0,-166.0,12:31:33.609315
233.0,-397.0,325.0,12:31:33.618727
-114.0,-24.0,1204.0,12:31:33.629093
-220.0,-541.0,1297.0,12:31:33.638606
267.0,-587.0,677.0,12:31:33.649066
-7.0,-685.0,1066.0,12:31:33.658393
220.0,-491.0,752.0,12:31:33.668875
54.0,-593.0,1257.0,12:31:33.678368
-39.0,-274.0,820.0,12:31:33.688752
41.0,-486.0,1120.0,12:31:33.698138
230.0,-549.0,1184.0,12:31:33.707521
112.0,-378.0,740.0,12:31:33.718072
253.0,-268.0,578.0,12:31:33.727465
12.0,66.0,546.0,12:31:33.737945
259.0,-334.0,1523.0,12:31:33.747245
457.0,-410.0,888.0,12:31:33.757735
32.0,-390.0,604.0,12:31:33.767069
215.0,-447.0,961.0,12:31:33.776396
167.0,-450.0,1359.0,12:31:33.786819
-79.0,-501.0,1425.0,12:31:33.796223
238.0,-439.0,560.0,12:31:33.806614
96.0,-894.0,1232.0,12:31:33.815890
-11.0,-526.0,719.0,12:31:33.826430
-186.0,-699.0,828.0,12:31:33.835723
154.0,-896.0,1258.0,12:31:33.846300
14.0,-604.0,835.0,12:31:33.855641
-83.0,-37.0,61.0,12:31:33.866234
-110.0,-205.0,974.0,12:31:33.875503
-81.0,-444.0,1051.0,12:31:33.884881
98.0,-619.0,814.0,12:31:33.895299
31.0,-336.0,787.0,12:31:33.904834
-94.0,-681.0,1822.0,12:31:33.915299
7.0,-801.0,1281.0,12:31:33.924685
193.0,-571.0,421.0,12:31:33.935192
187.0,-664.0,1162.0,12:31:33.944514
129.0,-562.0,1320.0,12:31:33.954962
142.0,-868.0,979.0,12:31:33.964280
-132.0,-774.0,567.0,12:31:33.974650
154.0,-375.0,-124.0,12:31:33.992076
-115.0,-196.0,973.0,12:31:33.994684
-104.0,-704.0,2047.0,12:31:34.004063
-37.0,-835.0,1121.0,12:31:34.013391
216.0,-188.0,-567.0,12:31:34.024042
-169.0,-140.0,763.0,12:31:34.033460
83.0,-706.0,2047.0,12:31:34.042929
-162.0,-50.0,135.0,12:31:34.053328
-215.0,-173.0,183.0,12:31:34.062947
-129.0,-413.0,1837.0,12:31:34.072232
9.0,-767.0,1688.0,12:31:34.082908
153.0,-445.0,754.0,12:31:34.092195
322.0,-635.0,886.0,12:31:34.102825
286.0,-837.0,1048.0,12:31:34.112106
13.0,-530.0,630.0,12:31:34.122590
-4.0,-132.0,292.0,12:31:34.131948
270.0,-672.0,1135.0,12:31:34.141395
84.0,-685.0,757.0,12:31:34.151813
-94.0,-543.0,305.0,12:31:34.161152
-261.0,21.0,812.0,12:31:34.171682
-323.0,-418.0,1530.0,12:31:34.180993
46.0,-856.0,1622.0,12:31:34.191435
26.0,-599.0,322.0,12:31:34.200731
117.0,-789.0,55.0,12:31:34.211228
125.0,-369.0,890.0,12:31:34.220659
146.0,-294.0,1492.0,12:31:34.231120
-143.0,-89.0,415.0,12:31:34.240433
-96.0,-217.0,906.0,12:31:34.249878
165.0,-1181.0,1990.0,12:31:34.260301
-50.0,-606.0,503.0,12:31:34.269622
-60.0,-550.0,774.0,12:31:34.280083
0.0,-1056.0,1897.0,12:31:34.289571
228.0,-477.0,914.0,12:31:34.299920
-179.0,-691.0,732.0,12:31:34.309197
-178.0,-152.0,67.0,12:31:34.318752
-130.0,-646.0,1148.0,12:31:34.329193
-20.0,-90.0,901.0,12:31:34.338613
-55.0,-284.0,1066.0,12:31:34.349071
-18.0,-707.0,878.0,12:31:34.358452
-45.0,-352.0,846.0,12:31:34.368843
38.0,-823.0,1478.0,12:31:34.378311
189.0,-490.0,450.0,12:31:34.388714
23.0,-134.0,368.0,12:31:34.398187
73.0,-612.0,1598.0,12:31:34.408595
38.0,-392.0,901.0,12:31:34.417928
-12.0,-278.0,421.0,12:31:34.427230
12.0,-236.0,1215.0,12:31:34.437746
47.0,-288.0,862.0,12:31:34.446965
93.0,-786.0,1046.0,12:31:34.457518
-233.0,-134.0,47.0,12:31:34.466821
-95.0,-677.0,1099.0,12:31:34.477499
-66.0,-543.0,1369.0,12:31:34.486856
301.0,-746.0,863.0,12:31:34.497328
-45.0,-475.0,611.0,12:31:34.506815
-112.0,-237.0,721.0,12:31:34.516153
-49.0,-548.0,1786.0,12:31:34.526754
-80.0,-891.0,1638.0,12:31:34.536186
23.0,-559.0,-99.0,12:31:34.545587
84.0,-792.0,1010.0,12:31:34.555982
-66.0,-65.0,1223.0,12:31:34.565280
141.0,-733.0,1257.0,12:31:34.575758
88.0,-358.0,-186.0,12:31:34.585145
-62.0,-41.0,381.0,12:31:34.595585
-153.0,-748.0,2047.0,12:31:34.604904
-14.0,-700.0,1323.0,12:31:34.615374
96.0,-396.0,392.0,12:31:34.624679
226.0,-602.0,718.0,12:31:34.635265
68.0,-867.0,1218.0,12:31:34.644571
56.0,-326.0,924.0,12:31:34.654023
147.0,-361.0,500.0,12:31:34.664434
33.0,-954.0,1640.0,12:31:34.673718
-184.0,-509.0,639.0,12:31:34.684165
-56.0,-296.0,606.0,12:31:34.693466
-187.0,-925.0,1425.0,12:31:34.704027
50.0,-480.0,513.0,12:31:34.713300
-70.0,-333.0,91.0,12:31:34.723832
60.0,-469.0,1292.0,12:31:34.733102
-40.0,-824.0,1955.0,12:31:34.743545
-5.0,-792.0,939.0,12:31:34.752937
55.0,-515.0,77.0,12:31:34.763480
-68.0,-632.0,883.0,12:31:34.772898
-164.0,-587.0,973.0,12:31:34.783315
290.0,-483.0,424.0,12:31:34.795054
-124.0,-455.0,982.0,12:31:34.802381
-22.0,-614.0,985.0,12:31:34.812838
-81.0,-519.0,925.0,12:31:34.822150
-136.0,-157.0,190.0,12:31:34.832512
-143.0,-702.0,1886.0,12:31:34.841896
-168.0,-428.0,922.0,12:31:34.852309
76.0,-227.0,585.0,12:31:34.861732
7.0,-504.0,1451.0,12:31:34.871185
147.0,-521.0,729.0,12:31:34.881713
-31.0,-510.0,1341.0,12:31:34.891038
10.0,-527.0,903.0,12:31:34.901506
-130.0,-448.0,635.0,12:31:34.910881
-73.0,-176.0,247.0,12:31:34.921279
-122.0,-387.0,1485.0,12:31:34.930771
-59.0,-294.0,1540.0,12:31:34.940073
256.0,-480.0,256.0,12:31:34.950707
-79.0,-206.0,877.0,12:31:34.959963
129.0,-648.0,1980.0,12:31:34.970389
169.0,-745.0,1103.0,12:31:34.979785
417.0,188.0,-547.0,12:31:34.990226
9.0,-652.0,1684.0,12:31:34.999635
131.0,-413.0,1537.0,12:31:35.010133
-23.0,-627.0,466.0,12:31:35.019519
26.0,-313.0,372.0,12:31:35.028962
156.0,-493.0,1074.0,12:31:35.039471
135.0,-415.0,827.0,12:31:35.048859
-80.0,-119.0,697.0,12:31:35.059221
-9.0,-473.0,1573.0,12:31:35.068731
124.0,-402.0,841.0,12:31:35.078135
354.0,-546.0,1234.0,12:31:35.088752
136.0,-763.0,1421.0,12:31:35.098087
250.0,-326.0,438.0,12:31:35.108653
-22.0,-471.0,893.0,12:31:35.118042
-49.0,-247.0,807.0,12:31:35.127415
372.0,-592.0,1093.0,12:31:35.137872
89.0,-275.0,748.0,12:31:35.147231
43.0,-873.0,1297.0,12:31:35.157715
167.0,-527.0,743.0,12:31:35.167000
335.0,-515.0,670.0,12:31:35.177508
-49.0,-514.0,1130.0,12:31:35.186806
56.0,-497.0,502.0,12:31:35.200568
267.0,-475.0,961.0,12:31:35.206476
50.0,-596.0,1628.0,12:31:35.216896
-278.0,-581.0,645.0,12:31:35.226249
-68.0,-764.0,621.0,12:31:35.236766
-125.0,-504.0,859.0,12:31:35.246051
60.0,-626.0,1106.0,12:31:35.256582
27.0,-302.0,575.0,12:31:35.265791
-52.0,-196.0,731.0,12:31:35.275299
20.0,-941.0,1819.0,12:31:35.285688
462.0,-453.0,209.0,12:31:35.295084
250.0,-286.0,549.0,12:31:35.305613
58.0,-196.0,1656.0,12:31:35.314944
278.0,-770.0,1820.0,12:31:35.325386
283.0,-844.0,192.0,12:31:35.334623
72.0,-344.0,448.0,12:31:35.345289
8.0,-486.0,1167.0,12:31:35.354537
118.0,-599.0,872.0,12:31:35.364945
-31.0,-142.0,227.0,12:31:35.374241
-344.0,-430.0,1415.0,12:31:35.383709
227.0,-944.0,1676.0,12:31:35.394153
71.0,-664.0,1144.0,12:31:35.403495
5.0,-355.0,408.0,12:31:35.414141
71.0,-234.0,334.0,12:31:35.423447
-232.0,-322.0,1133.0,12:31:35.434034
-46.0,-365.0,647.0,12:31:35.443307
52.0,-416.0,814.0,12:31:35.453902
-143.0,-769.0,2011.0,12:31:35.463184
228.0,-493.0,599.0,12:31:35.472516
70.0,-662.0,709.0,12:31:35.483182
30.0,-687.0,1340.0,12:31:35.492520
223.0,-516.0,1060.0,12:31:35.503040
-78.0,-824.0,1278.0,12:31:35.512410
222.0,-765.0,800.0,12:31:35.521855
86.0,-86.0,-257.0,12:31:35.532285
-210.0,-361.0,1209.0,12:31:35.541815
176.0,-468.0,995.0,12:31:35.552334
-209.0,-128.0,466.0,12:31:35.561837
-42.0,-693.0,1581.0,12:31:35.571206
187.0,-522.0,703.0,12:31:35.581834
-5.0,-268.0,686.0,12:31:35.591150
-40.0,-209.0,1461.0,12:31:35.601741
1.0,-620.0,1117.0,12:31:35.611042
140.0,-408.0,379.0,12:31:35.621470
163.0,-504.0,1038.0,12:31:35.630781
1.0,-596.0,962.0,12:31:35.640092
-55.0,-564.0,608.0,12:31:35.650600
-115.0,-374.0,909.0,12:31:35.659935
-124.0,-702.0,1597.0,12:31:35.670430
132.0,-878.0,1132.0,12:31:35.679801
-9.0,-357.0,750.0,12:31:35.690326
-34.0,-631.0,1159.0,12:31:35.699676
6.0,-534.0,884.0,12:31:35.710165
67.0,73.0,44.0,12:31:35.719482
183.0,-358.0,942.0,12:31:35.729844
128.0,-340.0,840.0,12:31:35.739341
47.0,-332.0,790.0,12:31:35.748607
-358.0,-364.0,1423.0,12:31:35.759075
369.0,-1059.0,1548.0,12:31:35.768542
176.0,-480.0,251.0,12:31:35.779055
136.0,-109.0,427.0,12:31:35.788348
-43.0,-311.0,1515.0,12:31:35.798885
15.0,-879.0,1646.0,12:31:35.808107
149.0,-282.0,-2.0,12:31:35.818648
5.0,-317.0,411.0,12:31:35.827943
-206.0,-698.0,2047.0,12:31:35.838426
229.0,-992.0,1741.0,12:31:35.847766
-36.0,-854.0,215.0,12:31:35.857091
-47.0,-631.0,248.0,12:31:35.867528
5.0,-323.0,346.0,12:31:35.876840
-184.0,-155.0,766.0,12:31:35.887442
-40.0,-403.0,694.0,12:31:35.896800
48.0,-658.0,1034.0,12:31:35.907329
118.0,-314.0,1050.0,12:31:35.916614
-59.0,-870.0,1795.0,12:31:35.927139
-18.0,-479.0,826.0,12:31:35.936367
236.0,-713.0,1016.0,12:31:35.946831
111.0,-269.0,277.0,12:31:35.956333
106.0,-284.0,647.0,12:31:35.965659
151.0,-397.0,1378.0,12:31:35.976182
-178.0,-758.0,1265.0,12:31:35.985538
189.0,-518.0,312.0,12:31:35.997759
11.0,-746.0,1667.0,12:31:36.005161
-95.0,-513.0,956.0,12:31:36.015605
-6.0,-160.0,61.0,12:31:36.024950
-150.0,-876.0,1396.0,12:31:36.035456
149.0,-210.0,769.0,12:31:36.044910
188.0,-455.0,1586.0,12:31:36.055366
-84.0,-968.0,1171.0,12:31:36.064726
148.0,-965.0,877.0,12:31:36.074066
-75.0,-246.0,235.0,12:31:36.084561
95.0,381.0,-202.0,12:31:36.094032
-114.0,-387.0,1281.0,12:31:36.104496
-351.0,-653.0,1059.0,12:31:36.113952
81.0,-705.0,721.0,12:31:36.123285
-107.0,-527.0,1512.0,12:31:36.134257
194.0,-933.0,1830.0,12:31:36.143674
85.0,-410.0,272.0,12:31:36.153096
160.0,-533.0,511.0,12:31:36.163551
93.0,-202.0,996.0,12:31:36.172933
28.0,-429.0,1555.0,12:31:36.183428
107.0,-514.0,682.0,12:31:36.192863
336.0,-741.0,897.0,12:31:36.203276
148.0,-593.0,548.0,12:31:36.212711
18.0,-400.0,795.0,12:31:36.221959
-13.0,-952.0,1862.0,12:31:36.232492
-280.0,30.0,172.0,12:31:36.241830
-141.0,-610.0,1145.0,12:31:36.252252
-172.0,-885.0,1043.0,12:31:36.261570
-216.0,-99.0,80.0,12:31:36.271995
-261.0,-271.0,859.0,12:31:36.281337
-50.0,-238.0,974.0,12:31:36.291972
-112.0,-505.0,1408.0,12:31:36.301336
18.0,-729.0,1287.0,12:31:36.310694
-23.0,-371.0,502.0,12:31:36.321123
-76.0,-651.0,1483.0,12:31:36.330503
347.0,-585.0,674.0,12:31:36.341141
312.0,-587.0,560.0,12:31:36.350353
-113.0,-382.0,890.0,12:31:36.360923
34.0,-203.0,1119.0,12:31:36.370204
-333.0,-592.0,1315.0,12:31:36.380719
229.0,-534.0,517.0,12:31:36.390050
146.0,-492.0,963.0,12:31:36.400206
96.0,-722.0,1006.0,12:31:36.410187
370.0,-713.0,720.0,12:31:36.419506
43.0,-426.0,835.0,12:31:36.430010
66.0,-517.0,1004.0,12:31:36.439439
88.0,-179.0,390.0,12:31:36.448739
76.0,-208.0,1253.0,12:31:36.459355
100.0,-510.0,1386.0,12:31:36.468724
171.0,-743.0,1023.0,12:31:36.479399
130.0,-531.0,787.0,12:31:36.488736
152.0,-401.0,835.0,12:31:36.498129
235.0,-510.0,1105.0,12:31:36.508638
-2.0,-411.0,646.0,12:31:36.517996
-186.0,-431.0,982.0,12:31:36.528482
186.0,-705.0,778.0,12:31:36.537963
-80.0,-523.0,1006.0,12:31:36.548452
1.0,-704.0,1421.0,12:31:36.557886
102.0,-695.0,541.0,12:31:36.567134
129.0,-366.0,1003.0,12:31:36.577618
32.0,-495.0,954.0,12:31:36.586906
132.0,-813.0,751.0,12:31:36.597452
190.0,-447.0,140.0,12:31:36.606744
33.0,-326.0,953.0,12:31:36.617196
-68.0,-462.0,1220.0,12:31:36.626482
5.0,-550.0,941.0,12:31:36.636993
33.0,-632.0,1016.0,12:31:36.646403
171.0,-516.0,883.0,12:31:36.656821
33.0,-589.0,1071.0,12:31:36.666199
-107.0,-597.0,1114.0,12:31:36.675531
70.0,-464.0,757.0,12:31:36.686022
-55.0,-346.0,357.0,12:31:36.695415
105.0,-602.0,995.0,12:31:36.705851
-4.0,-261.0,823.0,12:31:36.715170
-38.0,-394.0,1321.0,12:31:36.725712
122.0,-519.0,1112.0,12:31:36.734962
181.0,-703.0,1182.0,12:31:36.745434
84.0,-437.0,606.0,12:31:36.754669
-76.0,-552.0,1181.0,12:31:36.765348
-75.0,-363.0,892.0,12:31:36.774602
162.0,-251.0,477.0,12:31:36.784045
-21.0,-503.0,1157.0,12:31:36.794532
180.0,-486.0,1043.0,12:31:36.803934
51.0,-495.0,994.0,12:31:36.814361
-61.0,-810.0,1537.0,12:31:36.823640
227.0,-405.0,229.0,12:31:36.834143
-84.0,-985.0,1349.0,12:31:36.843394
234.0,-303.0,798.0,12:31:36.853997
92.0,-439.0,673.0,12:31:36.863385
-52.0,-51.0,103.0,12:31:36.873857
214.0,-370.0,768.0,12:31:36.883245
-164.0,-477.0,1369.0,12:31:36.892557
-125.0,-567.0,1441.0,12:31:36.902960
126.0,-426.0,782.0,12:31:36.912335
76.0,-792.0,1577.0,12:31:36.922964
153.0,-591.0,621.0,12:31:36.932386
149.0,-361.0,410.0,12:31:36.941784
202.0,-417.0,628.0,12:31:36.952466
-42.0,-249.0,1096.0,12:31:36.961831
-27.0,-799.0,1292.0,12:31:36.972290
62.0,-598.0,572.0,12:31:36.981800
2.0,-444.0,1028.0,12:31:36.991120
-155.0,-570.0,1396.0,12:31:37.001671
-157.0,-544.0,818.0,12:31:37.011018
14.0,-626.0,789.0,12:31:37.021715
55.0,-470.0,623.0,12:31:37.030961
165.0,-297.0,802.0,12:31:37.041426
-45.0,-422.0,1105.0,12:31:37.050673
-84.0,-516.0,1130.0,12:31:37.060137
73.0,-405.0,562.0,12:31:37.070646
20.0,-638.0,1311.0,12:31:37.080168
-6.0,-687.0,1023.0,12:31:37.090655
127.0,-581.0,740.0,12:31:37.100069
-26.0,-398.0,618.0,12:31:37.110610
-20.0,-537.0,846.0,12:31:37.119987
210.0,-642.0,1182.0,12:31:37.129437
-41.0,-368.0,1054.0,12:31:37.139917
148.0,-422.0,558.0,12:31:37.149327
54.0,-613.0,916.0,12:31:37.158696
14.0,-277.0,1279.0,12:31:37.169169
84.0,-469.0,958.0,12:31:37.178594
65.0,-687.0,722.0,12:31:37.189023
22.0,-957.0,1660.0,12:31:37.202477
72.0,-673.0,835.0,12:31:37.208690
-67.0,-326.0,-55.0,12:31:37.218108
9.0,-303.0,546.0,12:31:37.228554
-297.0,-93.0,1522.0,12:31:37.237855
-158.0,-885.0,1794.0,12:31:37.248228
84.0,-768.0,716.0,12:31:37.257609
-13.0,-501.0,408.0,12:31:37.268029
-140.0,-892.0,1552.0,12:31:37.277425
14.0,-392.0,634.0,12:31:37.287836
10.0,-234.0,556.0,12:31:37.297178
257.0,-535.0,616.0,12:31:37.307626
-91.0,-181.0,153.0,12:31:37.316923
-76.0,-178.0,1217.0,12:31:37.326417
-2.0,-452.0,1497.0,12:31:37.336885
201.0,-468.0,738.0,12:31:37.346299
69.0,-346.0,565.0,12:31:37.356724
156.0,-825.0,2047.0,12:31:37.366068
255.0,-703.0,1227.0,12:31:37.376463
166.0,-401.0,479.0,12:31:37.385778
156.0,-608.0,931.0,12:31:37.396293
237.0,-188.0,482.0,12:31:37.405804
-11.0,-493.0,1343.0,12:31:37.415120
78.0,-561.0,1013.0,12:31:37.425665
42.0,-290.0,-62.0,12:31:37.435098
-42.0,50.0,587.0,12:31:37.445713
221.0,-527.0,2047.0,12:31:37.455138
7.0,-600.0,930.0,12:31:37.464448
227.0,-609.0,715.0,12:31:37.475060
1.0,-897.0,1643.0,12:31:37.484443
-32.0,-582.0,814.0,12:31:37.494828
171.0,-433.0,403.0,12:31:37.504162
-225.0,70.0,588.0,12:31:37.514546
-149.0,-392.0,1141.0,12:31:37.523991
121.0,-750.0,806.0,12:31:37.534471
20.0,-787.0,838.0,12:31:37.543785
104.0,-583.0,941.0,12:31:37.553167
40.0,-472.0,1143.0,12:31:37.563693
-42.0,-609.0,1429.0,12:31:37.572993
-32.0,-320.0,466.0,12:31:37.583457
-27.0,-531.0,815.0,12:31:37.592912
63.0,-737.0,1447.0,12:31:37.604072
-78.0,-402.0,922.0,12:31:37.612469
-156.0,-761.0,844.0,12:31:37.622969
171.0,-849.0,853.0,12:31:37.632255
34.0,-617.0,473.0,12:31:37.642921
109.0,137.0,-275.0,12:31:37.652201
-151.0,-329.0,1043.0,12:31:37.662633
-116.0,-567.0,1528.0,12:31:37.671967
-213.0,-555.0,1088.0,12:31:37.681342
-143.0,-267.0,592.0,12:31:37.691847
146.0,-492.0,1373.0,12:31:37.701234
36.0,-636.0,1361.0,12:31:37.711736
194.0,-610.0,641.0,12:31:37.721066
143.0,-379.0,702.0,12:31:37.731447
262.0,-741.0,1260.0,12:31:37.740758
213.0,-493.0,617.0,12:31:37.751182
92.0,-561.0,642.0,12:31:37.760636
-17.0,-604.0,1006.0,12:31:37.771010
202.0,-519.0,1106.0,12:31:37.780335
46.0,-778.0,1779.0,12:31:37.790730
12.0,-333.0,529.0,12:31:37.800184
