-6.0,-896.0,1289.0,12:28:19.244318
21.0,-481.0,660.0,12:28:19.250268
149.0,-364.0,821.0,12:28:19.259572
-11.0,-661.0,1121.0,12:28:19.268984
245.0,-588.0,449.0,12:28:19.279441
-83.0,-179.0,171.0,12:28:19.288793
-20.0,-547.0,1327.0,12:28:19.299220
-325.0,-322.0,1119.0,12:28:19.308673
183.0,-706.0,1042.0,12:28:19.319066
52.0,-617.0,323.0,12:28:19.328363
298.0,-1149.0,1462.0,12:28:19.338880
-48.0,-599.0,1206.0,12:28:19.348196
-56.0,-418.0,794.0,12:28:19.358730
116.0,-230.0,377.0,12:28:19.368033
-158.0,-281.0,700.0,12:28:19.377502
-53.0,-729.0,1159.0,12:28:19.387894
54.0,-302.0,99.0,12:28:19.397281
-84.0,-432.0,1017.0,12:28:19.407642
78.0,-1069.0,1811.0,12:28:19.417033
112.0,-561.0,924.0,12:28:19.427454
-93.0,-286.0,394.0,12:28:19.436805
183.0,-1202.0,2047.0,12:28:19.447196
136.0,-232.0,502.0,12:28:19.456557
137.0,-244.0,232.0,12:28:19.466995
-18.0,-512.0,1086.0,12:28:19.476331
86.0,-718.0,1248.0,12:28:19.486833
-78.0,-436.0,770.0,12:28:19.496400
3.0,-912.0,1731.0,12:28:19.505668
174.0,-745.0,503.0,12:28:19.516222
129.0,-551.0,251.0,12:28:19.525494
196.0,-445.0,679.0,12:28:19.535975
106.0,-489.0,796.0,12:28:19.545272
-24.0,43.0,474.0,12:28:19.555845
-244.0,-513.0,1185.0,12:28:19.565338
-30.0,-479.0,901.0,12:28:19.574719
72.0,-226.0,837.0,12:28:19.585211
141.0,-924.0,2047.0,12:28:19.594574
373.0,-442.0,290.0,12:28:19.604062
125.0,-339.0,228.0,12:28:19.614472
128.0,-590.0,1528.0,12:28:19.623828
5.0,-415.0,1218.0,12:28:19.634200
-94.0,-194.0,301.0,12:28:19.643591
47.0,-609.0,1137.0,12:28:19.654100
138.0,-635.0,1128.0,12:28:19.663486
76.0,-598.0,1044.0,12:28:19.673026
200.0,-657.0,1212.0,12:28:19.683518
113.0,-807.0,865.0,12:28:19.692851
63.0,-299.0,186.0,12:28:19.703371
11.0,-563.0,1304.0,12:28:19.712639
8.0,-543.0,1411.0,12:28:19.723284
243.0,-383.0,31.0,12:28:19.732592
34.0,-333.0,251.0,12:28:19.742985
138.0,-664.0,1485.0,12:28:19.752369
70.0,-158.0,612.0,12:28:19.761782
40.0,-598.0,891.0,12:28:19.772148
310.0,-1016.0,1559.0,12:28:19.781454
165.0,-476.0,990.0,12:28:19.791918
-231.0,-555.0,1275.0,12:28:19.801199
104.0,-685.0,999.0,12:28:19.811790
140.0,-204.0,469.0,12:28:19.821033
62.0,-124.0,370.0,12:28:19.831539
67.0,-606.0,926.0,12:28:19.840733
132.0,-239.0,554.0,12:28:19.851223
20.0,-244.0,929.0,12:28:19.860551
-92.0,-853.0,2047.0,12:28:19.871038
-98.0,-322.0,987.0,12:28:19.880324
-107.0,-666.0,1227.0,12:28:19.895291
127.0,-885.0,837.0,12:28:19.900383
140.0,-538.0,419.0,12:28:19.909610
-48.0,-363.0,799.0,12:28:19.920159
-188.0,-790.0,1615.0,12:28:19.929554
-218.0,-521.0,338.0,12:28:19.939993
40.0,-300.0,470.0,12:28:19.949576
-17.0,-802.0,1820.0,12:28:19.958849
-35.0,-342.0,917.0,12:28:19.969506
151.0,-461.0,704.0,12:28:19.978729
142.0,-546.0,450.0,12:28:19.989318
171.0,-422.0,662.0,12:28:19.998656
70.0,-264.0,982.0,12:28:20.009190
47.0,-442.0,1168.0,12:28:20.018615
26.0,-776.0,1055.0,12:28:20.028058
98.0,-572.0,292.0,12:28:20.038627
4.0,36.0,353.0,12:28:20.047914
11.0,-375.0,1471.0,12:28:20.058289
25.0,-695.0,1504.0,12:28:20.067619
42.0,-846.0,1493.0,12:28:20.078003
60.0,-853.0,839.0,12:28:20.087391
150.0,-833.0,1306.0,12:28:20.097894
162.0,-510.0,576.0,12:28:20.107191
-97.0,-547.0,1161.0,12:28:20.116531
29.0,-615.0,737.0,12:28:20.126948
105.0,-503.0,239.0,12:28:20.136379
-183.0,-252.0,698.0,12:28:20.146786
-49.0,-498.0,1198.0,12:28:20.156137
71.0,-780.0,1351.0,12:28:20.166586
131.0,-418.0,609.0,12:28:20.175962
-78.0,-429.0,765.0,12:28:20.186438
-96.0,-145.0,820.0,12:28:20.195795
57.0,-219.0,834.0,12:28:20.206312
153.0,-283.0,482.0,12:28:20.215660
220.0,-571.0,784.0,12:28:20.224948
-101.0,-551.0,1497.0,12:28:20.235335
21.0,-797.0,897.0,12:28:20.244771
68.0,-839.0,671.0,12:28:20.255192
-12.0,-714.0,944.0,12:28:20.264561
94.0,-469.0,890.0,12:28:20.274955
217.0,-1067.0,1507.0,12:28:20.284304
-105.0,-807.0,1115.0,12:28:20.299091
-84.0,-339.0,306.0,12:28:20.304806
24.0,-640.0,656.0,12:28:20.314149
-21.0,-283.0,573.0,12:28:20.324528
-272.0,-456.0,1306.0,12:28:20.334051
-122.0,-70.0,264.0,12:28:20.343365
54.0,-702.0,1232.0,12:28:20.353808
3.0,-559.0,1363.0,12:28:20.363098
-93.0,-443.0,1109.0,12:28:20.373640
39.0,-350.0,516.0,12:28:20.382999
-15.0,-1039.0,2017.0,12:28:20.393484
-2.0,-558.0,768.0,12:28:20.402913
19.0,-98.0,-350.0,12:28:20.412266
-70.0,-752.0,1119.0,12:28:20.422646
58.0,-357.0,783.0,12:28:20.431959
75.0,-494.0,431.0,12:28:20.442447
-53.0,-437.0,803.0,12:28:20.451995
-33.0,-987.0,1499.0,12:28:20.462491
86.0,-255.0,390.0,12:28:20.471819
-119.0,-510.0,1636.0,12:28:20.481258
-44.0,-657.0,1091.0,12:28:20.491907
130.0,-502.0,692.0,12:28:20.501305
-86.0,-746.0,1501.0,12:28:20.511901
209.0,-146.0,589.0,12:28:20.521286
79.0,-471.0,1063.0,12:28:20.530633
0.0,-434.0,767.0,12:28:20.541042
-130.0,26.0,401.0,12:28:20.550336
-33.0,-239.0,905.0,12:28:20.560774
-43.0,-611.0,1413.0,12:28:20.570149
33.0,-829.0,1622.0,12:28:20.580605
192.0,-533.0,172.0,12:28:20.590017
189.0,-624.0,776.0,12:28:20.600572
-44.0,-675.0,1517.0,12:28:20.609957
-12.0,-255.0,708.0,12:28:20.619394
56.0,-488.0,409.0,12:28:20.629974
163.0,-614.0,520.0,12:28:20.639327
-88.0,-491.0,1208.0,12:28:20.648679
39.0,-505.0,1331.0,12:28:20.659321
-42.0,-686.0,1347.0,12:28:20.668707
175.0,-517.0,316.0,12:28:20.679208
121.0,-564.0,1328.0,12:28:20.688544
105.0,-732.0,1204.0,12:28:20.697967
122.0,-267.0,314.0,12:28:20.708380
13.0,-801.0,1164.0,12:28:20.717745
-34.0,-294.0,361.0,12:28:20.728159
-90.0,-80.0,875.0,12:28:20.737561
-143.0,-544.0,1061.0,12:28:20.747992
20.0,-198.0,346.0,12:28:20.757293
-235.0,-680.0,1803.0,12:28:20.767741
280.0,-630.0,1461.0,12:28:20.777019
207.0,-651.0,536.0,12:28:20.787475
145.0,-940.0,855.0,12:28:20.796709
130.0,-531.0,629.0,12:28:20.807213
63.0,-330.0,134.0,12:28:20.816504
-132.0,-218.0,1012.0,12:28:20.826994
-130.0,-511.0,1300.0,12:28:20.836316
56.0,-712.0,1002.0,12:28:20.846836
88.0,-554.0,907.0,12:28:20.856109
293.0,-485.0,1240.0,12:28:20.866568
180.0,-680.0,826.0,12:28:20.875952
64.0,-357.0,780.0,12:28:20.885251
66.0,-395.0,630.0,12:28:20.895676
103.0,-468.0,755.0,12:28:20.905131
-14.0,-902.0,1530.0,12:28:20.915634
-114.0,-697.0,1117.0,12:28:20.925020
43.0,-509.0,569.0,12:28:20.935565
165.0,-512.0,517.0,12:28:20.944963
149.0,-566.0,1207.0,12:28:20.954351
-181.0,-307.0,1151.0,12:28:20.964740
8.0,-547.0,437.0,12:28:20.974109
24.0,-763.0,1060.0,12:28:20.984511
-9.0,-405.0,786.0,12:28:20.993833
-40.0,-543.0,790.0,12:28:21.004252
-15.0,-501.0,932.0,12:28:21.013560
156.0,-630.0,1449.0,12:28:21.024114
109.0,-346.0,834.0,12:28:21.033460
194.0,-522.0,504.0,12:28:21.042896
151.0,-519.0,1158.0,12:28:21.053290
91.0,-360.0,1043.0,12:28:21.062845
30.0,-597.0,669.0,12:28:21.073246
7.0,-683.0,982.0,12:28:21.082608
-66.0,-378.0,895.0,12:28:21.097748
-6.0,-492.0,550.0,12:28:21.102861
66.0,-569.0,664.0,12:28:21.112322
-134.0,-293.0,835.0,12:28:21.122717
112.0,-690.0,924.0,12:28:21.132099
-16.0,-644.0,1116.0,12:28:21.141479
78.0,-420.0,848.0,12:28:21.151882
32.0,-442.0,948.0,12:28:21.161240
215.0,-548.0,696.0,12:28:21.171755
63.0,-670.0,1660.0,12:28:21.181133
7.0,-862.0,1630.0,12:28:21.191482
214.0,-937.0,499.0,12:28:21.200818
139.0,-507.0,237.0,12:28:21.211169
164.0,-393.0,805.0,12:28:21.220604
-77.0,-181.0,835.0,12:28:21.231074
-173.0,-328.0,999.0,12:28:21.240327
-14.0,-418.0,360.0,12:28:21.250798
-89.0,-401.0,1117.0,12:28:21.260077
40.0,-851.0,2047.0,12:28:21.270615
132.0,-342.0,611.0,12:28:21.279849
22.0,-827.0,1473.0,12:28:21.290347
298.0,-592.0,567.0,12:28:21.299633
97.0,99.0,-53.0,12:28:21.310113
20.0,-518.0,1313.0,12:28:21.319394
-74.0,-578.0,1211.0,12:28:21.328780
171.0,-331.0,415.0,12:28:21.339167
-123.0,-407.0,575.0,12:28:21.348540
-60.0,-461.0,1254.0,12:28:21.359120
16.0,-614.0,1509.0,12:28:21.368567
114.0,-374.0,460.0,12:28:21.378980
126.0,-619.0,870.0,12:28:21.388285
111.0,-722.0,1108.0,12:28:21.397750
199.0,-307.0,818.0,12:28:21.408116
19.0,-547.0,1279.0,12:28:21.417580
-38.0,-696.0,1142.0,12:28:21.427932
116.0,-420.0,-164.0,12:28:21.437382
-9.0,-268.0,509.0,12:28:21.447758
-157.0,-509.0,2013.0,12:28:21.457108
-87.0,-448.0,1136.0,12:28:21.467595
169.0,-577.0,212.0,12:28:21.476911
68.0,-376.0,218.0,12:28:21.487372
-215.0,17.0,763.0,12:28:21.500278
99.0,-536.0,1646.0,12:28:21.506390
81.0,-922.0,1597.0,12:28:21.516890
275.0,-971.0,631.0,12:28:21.526265
127.0,-351.0,252.0,12:28:21.536734
-82.0,-352.0,935.0,12:28:21.546084
-29.0,-427.0,1139.0,12:28:21.555592
-81.0,-257.0,636.0,12:28:21.566014
133.0,-660.0,1259.0,12:28:21.575339
16.0,-611.0,1191.0,12:28:21.585758
-160.0,-754.0,1572.0,12:28:21.595198
276.0,-734.0,93.0,12:28:21.605694
-199.0,-334.0,760.0,12:28:21.615053
109.0,-1093.0,1726.0,12:28:21.624556
220.0,-2.0,-219.0,12:28:21.634893
-103.0,-470.0,1391.0,12:28:21.644233
2.0,-792.0,2047.0,12:28:21.654729
307.0,-855.0,355.0,12:28:21.664166
87.0,-317.0,277.0,12:28:21.674540
-101.0,-641.0,2047.0,12:28:21.683777
69.0,-612.0,465.0,12:28:21.694250
-44.0,-416.0,-615.0,12:28:21.703518
-110.0,-80.0,221.0,12:28:21.714096
-32.0,-524.0,1757.0,12:28:21.723347
-10.0,-935.0,1979.0,12:28:21.732906
375.0,-699.0,129.0,12:28:21.743343
27.0,-321.0,472.0,12:28:21.752624
-258.0,-911.0,2047.0,12:28:21.763113
57.0,-527.0,1060.0,12:28:21.772462
288.0,-633.0,281.0,12:28:21.783071
4.0,-796.0,769.0,12:28:21.792458
19.0,-311.0,693.0,12:28:21.801833
-136.0,-97.0,-24.0,12:28:21.812391
-195.0,-384.0,110.0,12:28:21.822138
-101.0,-801.0,1894.0,12:28:21.831425
-257.0,-756.0,2029.0,12:28:21.842055
-49.0,-426.0,646.0,12:28:21.851421
233.0,-801.0,1273.0,12:28:21.861953
114.0,-796.0,1162.0,12:28:21.871263
148.0,-665.0,451.0,12:28:21.880747
295.0,-318.0,526.0,12:28:21.891148
-50.0,-594.0,1134.0,12:28:21.900552
11.0,-74.0,225.0,12:28:21.911032
-167.0,-93.0,176.0,12:28:21.920326
-80.0,-1018.0,1498.0,12:28:21.930782
-125.0,-345.0,1329.0,12:28:21.940121
23.0,-778.0,1111.0,12:28:21.950682
156.0,-177.0,761.0,12:28:21.960000
172.0,-318.0,1178.0,12:28:21.969508
0.0,-430.0,689.0,12:28:21.979915
162.0,-516.0,517.0,12:28:21.989447
15.0,-211.0,1259.0,12:28:21.999861
115.0,-750.0,1791.0,12:28:22.009142
42.0,-336.0,86.0,12:28:22.018638
-123.0,-478.0,814.0,12:28:22.029075
60.0,-687.0,1967.0,12:28:22.038518
100.0,11.0,243.0,12:28:22.048878
73.0,-510.0,994.0,12:28:22.058204
136.0,-729.0,825.0,12:28:22.068721
188.0,-446.0,483.0,12:28:22.078040
-58.0,-470.0,1344.0,12:28:22.088543
-113.0,-572.0,1422.0,12:28:22.097917
128.0,-590.0,1010.0,12:28:22.108351
176.0,-858.0,864.0,12:28:22.117590
233.0,-273.0,233.0,12:28:22.128081
41.0,-456.0,1797.0,12:28:22.137424
175.0,-334.0,458.0,12:28:22.146730
177.0,81.0,411.0,12:28:22.157135
-372.0,-755.0,2047.0,12:28:22.166517
185.0,-635.0,404.0,12:28:22.176904
301.0,-570.0,131.0,12:28:22.186277
61.0,-605.0,1341.0,12:28:22.196770
185.0,-196.0,788.0,12:28:22.206183
24.0,-210.0,655.0,12:28:22.216690
-126.0,-377.0,1159.0,12:28:22.225934
-9.0,-607.0,1572.0,12:28:22.235370
-13.0,-641.0,1160.0,12:28:22.245826
113.0,-552.0,724.0,12:28:22.255249
326.0,-808.0,1354.0,12:28:22.265691
181.0,-427.0,611.0,12:28:22.275130
189.0,-303.0,287.0,12:28:22.285631
-137.0,-686.0,1240.0,12:28:22.302222
20.0,-281.0,437.0,12:28:22.306222
-63.0,-269.0,66.0,12:28:22.314431
-26.0,-758.0,1715.0,12:28:22.325087
86.0,-677.0,1826.0,12:28:22.334432
93.0,-573.0,673.0,12:28:22.344923
32.0,-834.0,748.0,12:28:22.354350
234.0,-563.0,641.0,12:28:22.363639
161.0,-430.0,758.0,12:28:22.374142
32.0,-327.0,653.0,12:28:22.383522
-165.0,-618.0,1262.0,12:28:22.394081
-121.0,-879.0,944.0,12:28:22.403395
209.0,-395.0,182.0,12:28:22.412730
40.0,-625.0,1327.0,12:28:22.423298
116.0,-420.0,865.0,12:28:22.432595
2.0,-669.0,1228.0,12:28:22.443105
130.0,-589.0,774.0,12:28:22.452456
360.0,-876.0,848.0,12:28:22.462996
98.0,-642.0,830.0,12:28:22.472289
-53.0,-225.0,780.0,12:28:22.481791
46.0,-390.0,1186.0,12:28:22.492233
23.0,-561.0,1156.0,12:28:22.501729
-141.0,-290.0,376.0,12:28:22.512175
-205.0,-840.0,1264.0,12:28:22.521554
27.0,-527.0,879.0,12:28:22.532063
-15.0,-258.0,723.0,12:28:22.541311
172.0,-846.0,1227.0,12:28:22.550724
-254.0,-338.0,514.0,12:28:22.561077
11.0,-690.0,1288.0,12:28:22.570428
-96.0,-642.0,1232.0,12:28:22.580873
159.0,-910.0,643.0,12:28:22.590223
126.0,-540.0,269.0,12:28:22.600704
103.0,-205.0,480.0,12:28:22.610018
160.0,-480.0,1301.0,12:28:22.620531
-48.0,-476.0,1013.0,12:28:22.629779
7.0,-590.0,930.0,12:28:22.640279
134.0,-773.0,768.0,12:28:22.649649
5.0,-240.0,562.0,12:28:22.660080
107.0,-907.0,1372.0,12:28:22.669532
26.0,-344.0,632.0,12:28:22.678955
-39.0,-755.0,1537.0,12:28:22.689410
173.0,-419.0,350.0,12:28:22.704208
-1.0,-427.0,131.0,12:28:22.709438
-260.0,-224.0,1562.0,12:28:22.718802
-144.0,-204.0,1282.0,12:28:22.728191
-59.0,-379.0,351.0,12:28:22.738591
-87.0,-691.0,1031.0,12:28:22.748044
-76.0,-472.0,1299.0,12:28:22.758593
166.0,-652.0,1199.0,12:28:22.767968
198.0,-361.0,810.0,12:28:22.777454
125.0,-822.0,1385.0,12:28:22.787939
83.0,-463.0,541.0,12:28:22.797414
90.0,-250.0,336.0,12:28:22.807785
23.0,-473.0,1009.0,12:28:22.817134
-72.0,-419.0,1259.0,12:28:22.827577
188.0,-301.0,828.0,12:28:22.836957
48.0,-871.0,1526.0,12:28:22.846411
160.0,-457.0,437.0,12:28:22.856912
54.0,-537.0,990.0,12:28:22.866269
28.0,-694.0,1557.0,12:28:22.876697
235.0,-169.0,170.0,12:28:22.885992
111.0,-271.0,432.0,12:28:22.896376
100.0,-718.0,1456.0,12:28:22.905902
-66.0,-129.0,697.0,12:28:22.916314
-10.0,-588.0,1253.0,12:28:22.925696
228.0,-619.0,800.0,12:28:22.935089
106.0,-351.0,857.0,12:28:22.945599
58.0,-323.0,833.0,12:28:22.954924
-43.0,-59.0,579.0,12:28:22.965400
31.0,-705.0,1546.0,12:28:22.974803
176.0,-305.0,1046.0,12:28:22.985231
110.0,-408.0,387.0,12:28:22.994509
288.0,-437.0,761.0,12:28:23.004887
17.0,-356.0,679.0,12:28:23.014311
221.0,-222.0,922.0,12:28:23.024708
-53.0,-972.0,2047.0,12:28:23.034120
168.0,-1195.0,1694.0,12:28:23.044515
418.0,-581.0,-4.0,12:28:23.053827
8.0,-438.0,647.0,12:28:23.064303
-181.0,-288.0,956.0,12:28:23.073575
169.0,-637.0,801.0,12:28:23.082987
152.0,-843.0,814.0,12:28:23.093540
99.0,-517.0,336.0,12:28:23.102965
-43.0,-101.0,400.0,12:28:23.113381
-359.0,-861.0,1546.0,12:28:23.122836
48.0,-931.0,1666.0,12:28:23.132155
131.0,-540.0,524.0,12:28:23.142682
82.0,-556.0,848.0,12:28:23.151937
119.0,-385.0,952.0,12:28:23.162446
-92.0,-166.0,534.0,12:28:23.171898
-24.0,-230.0,742.0,12:28:23.182432
-7.0,-829.0,1720.0,12:28:23.191849
285.0,-699.0,566.0,12:28:23.201314
-52.0,-216.0,634.0,12:28:23.211796
-220.0,-752.0,1459.0,12:28:23.221175
-5.0,-408.0,370.0,12:28:23.231830
34.0,-406.0,401.0,12:28:23.241248
-24.0,-827.0,1629.0,12:28:23.250683
27.0,-747.0,1525.0,12:28:23.261105
239.0,-593.0,743.0,12:28:23.270654
172.0,-270.0,0.0,12:28:23.281062
63.0,-611.0,825.0,12:28:23.290422
-5.0,-458.0,1031.0,12:28:23.300811
17.0,-499.0,913.0,12:28:23.310197
94.0,-787.0,1364.0,12:28:23.319535
14.0,-639.0,778.0,12:28:23.330067
59.0,-383.0,506.0,12:28:23.339442
179.0,-644.0,910.0,12:28:23.350037
54.0,-319.0,778.0,12:28:23.359383
105.0,-589.0,1341.0,12:28:23.368723
-115.0,-304.0,527.0,12:28:23.379140
-19.0,-944.0,1163.0,12:28:23.388683
161.0,-682.0,600.0,12:28:23.399179
-51.0,-527.0,671.0,12:28:23.408542
63.0,-854.0,1554.0,12:28:23.419004
-48.0,-80.0,466.0,12:28:23.428325
12.0,-49.0,642.0,12:28:23.438706
-114.0,-839.0,1657.0,12:28:23.448025
18.0,-356.0,730.0,12:28:23.457442
48.0,-247.0,615.0,12:28:23.467866
10.0,-804.0,1299.0,12:28:23.477167
76.0,-780.0,1173.0,12:28:23.487563
-77.0,-285.0,568.0,12:28:23.499617
27.0,-417.0,1039.0,12:28:23.507621
73.0,-572.0,1199.0,12:28:23.516998
5.0,-401.0,682.0,12:28:23.526352
-34.0,-717.0,936.0,12:28:23.536769
-93.0,-646.0,917.0,12:28:23.546159
32.0,-315.0,539.0,12:28:23.556525
55.0,-392.0,703.0,12:28:23.565892
-217.0,-625.0,1230.0,12:28:23.576326
-202.0,-519.0,825.0,12:28:23.585769
280.0,-651.0,733.0,12:28:23.596338
-76.0,-755.0,1278.0,12:28:23.605663
43.0,-80.0,-79.0,12:28:23.616183
38.0,-32.0,722.0,12:28:23.625553
-181.0,-775.0,2047.0,12:28:23.634791
6.0,-528.0,651.0,12:28:23.645293
115.0,-761.0,477.0,12:28:23.654588
65.0,-665.0,1366.0,12:28:23.665175
175.0,-386.0,1135.0,12:28:23.674560
273.0,-367.0,347.0,12:28:23.685059
80.0,-340.0,938.0,12:28:23.694485
-45.0,-623.0,1724.0,12:28:23.703942
117.0,-219.0,45.0,12:28:23.714486
7.0,-235.0,621.0,12:28:23.723732
-121.0,-782.0,1807.0,12:28:23.734242
41.0,-414.0,404.0,12:28:23.743577
-24.0,-347.0,383.0,12:28:23.754071
-89.0,-519.0,1410.0,12:28:23.763346
-71.0,-503.0,1161.0,12:28:23.772769
108.0,-480.0,546.0,12:28:23.783227
136.0,-455.0,755.0,12:28:23.792571
123.0,-697.0,1533.0,12:28:23.803038
184.0,-611.0,992.0,12:28:23.812470
104.0,-757.0,769.0,12:28:23.822910
10.0,-500.0,660.0,12:28:23.832313
91.0,-293.0,416.0,12:28:23.842706
142.0,-569.0,568.0,12:28:23.852100
-52.0,-764.0,1473.0,12:28:23.862453
-47.0,-246.0,1092.0,12:28:23.871800
69.0,-808.0,802.0,12:28:23.882271
-63.0,-867.0,1084.0,12:28:23.891659
152.0,-370.0,412.0,12:28:23.907482
-167.0,-243.0,1028.0,12:28:23.911192
7.0,-848.0,1865.0,12:28:23.920633
118.0,-486.0,596.0,12:28:23.931064
67.0,-530.0,379.0,12:28:23.940360
83.0,-438.0,705.0,12:28:23.950817
65.0,-368.0,866.0,12:28:23.960067
19.0,-278.0,1079.0,12:28:23.970670
-38.0,-623.0,1315.0,12:28:23.979917
106.0,-505.0,832.0,12:28:23.990375
13.0,-591.0,1058.0,12:28:23.999598
239.0,-1043.0,1039.0,12:28:24.010167
192.0,-607.0,733.0,12:28:24.019445
44.0,-169.0,633.0,12:28:24.029928
-108.0,-220.0,636.0,12:28:24.039211
243.0,-432.0,770.0,12:28:24.049834
-14.0,-572.0,1119.0,12:28:24.059092
-91.0,-483.0,781.0,12:28:24.068603
81.0,-467.0,1102.0,12:28:24.079076
112.0,-902.0,1553.0,12:28:24.088514
408.0,-492.0,157.0,12:28:24.098855
126.0,-554.0,872.0,12:28:24.108190
145.0,-581.0,992.0,12:28:24.118639
9.0,-461.0,555.0,12:28:24.128046
-124.0,-476.0,851.0,12:28:24.137476
-109.0,-498.0,1749.0,12:28:24.147985
41.0,-729.0,1010.0,12:28:24.157353
32.0,-891.0,476.0,12:28:24.168036
-49.0,-376.0,567.0,12:28:24.177413
-105.0,-133.0,990.0,12:28:24.186738
34.0,-418.0,934.0,12:28:24.197353
82.0,-824.0,1312.0,12:28:24.206646
-124.0,-313.0,415.0,12:28:24.217153
16.0,-499.0,803.0,12:28:24.226516
300.0,-735.0,1039.0,12:28:24.237027
153.0,-655.0,1651.0,12:28:24.246348
-121.0,-346.0,585.0,12:28:24.255623
179.0,-592.0,877.0,12:28:24.266007
254.0,-284.0,740.0,12:28:24.275428
67.0,-318.0,864.0,12:28:24.285905
-3.0,-619.0,1466.0,12:28:24.295299
-15.0,-417.0,1290.0,12:28:24.305774
264.0,-105.0,-107.0,12:28:24.315240
36.0,-505.0,891.0,12:28:24.325675
142.0,-309.0,1225.0,12:28:24.335083
-70.0,-410.0,834.0,12:28:24.344354
87.0,-281.0,74.0,12:28:24.354912
56.0,-803.0,1559.0,12:28:24.364182
13.0,-670.0,1859.0,12:28:24.374626
56.0,-426.0,510.0,12:28:24.383904
14.0,-633.0,1086.0,12:28:24.394395
9.0,-1127.0,1532.0,12:28:24.403639
261.0,-200.0,-302.0,12:28:24.414178
-247.0,-129.0,743.0,12:28:24.423453
-217.0,-924.0,2047.0,12:28:24.434089
296.0,-814.0,429.0,12:28:24.443514
63.0,-473.0,155.0,12:28:24.452872
-186.0,-643.0,1558.0,12:28:24.463364
13.0,-344.0,785.0,12:28:24.472643
-268.0,8.0,60.0,12:28:24.483098
173.0,-798.0,1349.0,12:28:24.492366
203.0,-278.0,599.0,12:28:24.502968
68.0,-728.0,907.0,12:28:24.512272
87.0,-738.0,1137.0,12:28:24.521754
-45.0,-261.0,882.0,12:28:24.532143
-96.0,-276.0,607.0,12:28:24.541625
43.0,-768.0,1305.0,12:28:24.552008
31.0,-532.0,977.0,12:28:24.561330
87.0,-511.0,570.0,12:28:24.571887
123.0,-439.0,692.0,12:28:24.581254
-32.0,-491.0,1442.0,12:28:24.591850
-65.0,-616.0,1202.0,12:28:24.601203
249.0,-491.0,138.0,12:28:24.610898
-11.0,-523.0,572.0,12:28:24.620315
-58.0,-311.0,1238.0,12:28:24.630742
-32.0,-314.0,1045.0,12:28:24.640140
203.0,-684.0,574.0,12:28:24.650716
59.0,-971.0,1287.0,12:28:24.659992
-30.0,-640.0,1769.0,12:28:24.670530
232.0,-716.0,1230.0,12:28:24.679821
220.0,-413.0,-92.0,12:28:24.690344
-71.0,-706.0,920.0,12:28:24.701964
62.0,-682.0,796.0,12:28:24.710124
133.0,-180.0,-402.0,12:28:24.719181
-146.0,-797.0,1106.0,12:28:24.729654
-9.0,-1239.0,2015.0,12:28:24.739074
81.0,-1005.0,494.0,12:28:24.748531
-16.0,-123.0,343.0,12:28:24.759058
-307.0,-591.0,1664.0,12:28:24.768348
-142.0,-703.0,987.0,12:28:24.778217
-81.0,-359.0,850.0,12:28:24.797842
-119.0,-675.0,901.0,12:28:24.808328
-131.0,-625.0,601.0,12:28:24.817750
-128.0,-588.0,1154.0,12:28:24.828159
-65.0,-510.0,1128.0,12:28:24.837623
-38.0,-628.0,472.0,12:28:24.848038
-8.0,-663.0,1172.0,12:28:24.857533
165.0,-380.0,551.0,12:28:24.866802
7.0,-660.0,466.0,12:28:24.877362
-32.0,-739.0,826.0,12:28:24.886659
-106.0,-639.0,1016.0,12:28:24.897215
53.0,-164.0,533.0,12:28:24.906466
-82.0,-640.0,1155.0,12:28:24.916817
-304.0,-432.0,1376.0,12:28:24.926316
-5.0,-64.0,615.0,12:28:24.935713
-72.0,-403.0,1058.0,12:28:24.946234
114.0,-964.0,1532.0,12:28:24.955593
134.0,-176.0,-93.0,12:28:24.966252
30.0,-395.0,772.0,12:28:24.975490
-63.0,-908.0,1637.0,12:28:24.986010
220.0,-130.0,442.0,12:28:24.995320
-151.0,-626.0,2047.0,12:28:25.004768
148.0,-515.0,1070.0,12:28:25.015256
188.0,-167.0,-171.0,12:28:25.024607
-21.0,-651.0,994.0,12:28:25.035100
337.0,-417.0,714.0,12:28:25.044457
-7.0,157.0,449.0,12:28:25.054896
-158.0,-715.0,2047.0,12:28:25.064276
243.0,-706.0,712.0,12:28:25.073578
414.0,-1014.0,775.0,12:28:25.084176
233.0,-848.0,1266.0,12:28:25.093551
237.0,-158.0,451.0,12:28:25.109595
-76.0,-649.0,1230.0,12:28:25.113413
32.0,-577.0,450.0,12:28:25.122859
176.0,-408.0,274.0,12:28:25.133330
-144.0,-361.0,1119.0,12:28:25.142602
-162.0,-327.0,1231.0,12:28:25.153023
-70.0,-672.0,1256.0,12:28:25.162391
-94.0,-882.0,1324.0,12:28:25.172886
73.0,-329.0,232.0,12:28:25.182205
296.0,-635.0,1241.0,12:28:25.192659
-170.0,-470.0,1015.0,12:28:25.202045
-76.0,-56.0,303.0,12:28:25.212440
98.0,-371.0,614.0,12:28:25.221919
35.0,-491.0,1269.0,12:28:25.231256
-216.0,-706.0,2047.0,12:28:25.241839
112.0,-771.0,497.0,12:28:25.251098
441.0,-935.0,1224.0,12:28:25.261667
219.0,-579.0,1101.0,12:28:25.270896
366.0,-207.0,210.0,12:28:25.281384
-41.0,-774.0,988.0,12:28:25.290726
87.0,-252.0,534.0,12:28:25.301185
-132.0,-355.0,890.0,12:28:25.310443
-130.0,-504.0,760.0,12:28:25.320936
45.0,-801.0,1196.0,12:28:25.330192
32.0,-144.0,53.0,12:28:25.340674
170.0,-468.0,754.0,12:28:25.350024
141.0,-680.0,1172.0,12:28:25.359519
-132.0,-726.0,1476.0,12:28:25.370015
146.0,-259.0,352.0,12:28:25.379427
-101.0,-9.0,1078.0,12:28:25.389915
-79.0,-402.0,1140.0,12:28:25.399190
158.0,-1060.0,1084.0,12:28:25.408702
89.0,-899.0,894.0,12:28:25.419163
29.0,-436.0,990.0,12:28:25.428631
140.0,-304.0,670.0,12:28:25.438997
-39.0,-497.0,560.0,12:28:25.448387
86.0,-572.0,744.0,12:28:25.458774
-38.0,-452.0,1513.0,12:28:25.468108
-151.0,-501.0,1734.0,12:28:25.478573
46.0,-820.0,511.0,12:28:25.487902
251.0,-503.0,-34.0,12:28:25.498333
269.0,-428.0,428.0,12:28:25.507745
234.0,-556.0,1396.0,12:28:25.517138
-219.0,-552.0,1444.0,12:28:25.527630
-85.0,-635.0,433.0,12:28:25.536984
-38.0,-320.0,315.0,12:28:25.547525
-127.0,-290.0,1243.0,12:28:25.556902
190.0,-681.0,822.0,12:28:25.566306
-144.0,-590.0,514.0,12:28:25.576789
25.0,-306.0,434.0,12:28:25.586127
-4.0,-561.0,999.0,12:28:25.596602
76.0,-660.0,708.0,12:28:25.605899
0.0,-723.0,1229.0,12:28:25.616446
-231.0,-36.0,577.0,12:28:25.625783
231.0,-698.0,1762.0,12:28:25.636389
-114.0,-877.0,2047.0,12:28:25.645666
17.0,-771.0,406.0,12:28:25.655204
152.0,-534.0,80.0,12:28:25.665638
-50.0,-830.0,1217.0,12:28:25.674969
-95.0,-169.0,643.0,12:28:25.685392
11.0,-406.0,613.0,12:28:25.694753
-138.0,-259.0,760.0,12:28:25.705219
140.0,-400.0,819.0,12:28:25.714588
14.0,-638.0,1474.0,12:28:25.725008
189.0,-603.0,1322.0,12:28:25.734383
308.0,-493.0,734.0,12:28:25.744830
75.0,-908.0,1524.0,12:28:25.754122
86.0,-768.0,843.0,12:28:25.763581
139.0,200.0,-467.0,12:28:25.774071
-51.0,-718.0,1982.0,12:28:25.783388
413.0,-833.0,1116.0,12:28:25.793816
82.0,-270.0,120.0,12:28:25.803191
-4.0,-570.0,908.0,12:28:25.813544
216.0,-495.0,944.0,12:28:25.822959
-119.0,-334.0,743.0,12:28:25.833424
-32.0,-546.0,713.0,12:28:25.842958
159.0,-609.0,883.0,12:28:25.852297
-119.0,-141.0,1092.0,12:28:25.862815
-98.0,-455.0,1006.0,12:28:25.872103
58.0,-714.0,1146.0,12:28:25.882598
-129.0,-664.0,1178.0,12:28:25.891896
149.0,-638.0,1061.0,12:28:25.909618
83.0,-471.0,843.0,12:28:25.912859
34.0,-421.0,739.0,12:28:25.921158
-91.0,-399.0,1063.0,12:28:25.931711
24.0,-387.0,573.0,12:28:25.941030
166.0,-564.0,644.0,12:28:25.951461
192.0,-567.0,769.0,12:28:25.960845
52.0,-176.0,734.0,12:28:25.971293
7.0,-605.0,1482.0,12:28:25.980758
46.0,-695.0,1086.0,12:28:25.991199
328.0,-383.0,245.0,12:28:26.000733
54.0,-531.0,1075.0,12:28:26.010067
-27.0,-497.0,1472.0,12:28:26.020705
-111.0,-350.0,762.0,12:28:26.030000
182.0,-273.0,331.0,12:28:26.039473
100.0,-670.0,1276.0,12:28:26.049948
3.0,-381.0,598.0,12:28:26.059457
70.0,-525.0,1219.0,12:28:26.069877
22.0,-882.0,1577.0,12:28:26.079227
15.0,-405.0,392.0,12:28:26.089734
84.0,-529.0,818.0,12:28:26.099135
64.0,-581.0,1141.0,12:28:26.108536
203.0,-240.0,632.0,12:28:26.119108
109.0,-500.0,1220.0,12:28:26.128464
78.0,-582.0,929.0,12:28:26.138900
116.0,-212.0,420.0,12:28:26.148230
-3.0,-635.0,1519.0,12:28:26.157690
46.0,-564.0,841.0,12:28:26.168113
109.0,200.0,-456.0,12:28:26.177534
170.0,-432.0,1605.0,12:28:26.188034
-58.0,-1204.0,2047.0,12:28:26.197421
259.0,-684.0,613.0,12:28:26.207858
146.0,-753.0,521.0,12:28:26.217176
179.0,-915.0,1129.0,12:28:26.227687
-9.0,-414.0,91.0,12:28:26.236930
15.0,-59.0,-178.0,12:28:26.246333
150.0,-950.0,768.0,12:28:26.256739
221.0,-598.0,790.0,12:28:26.266054
-25.0,-784.0,2047.0,12:28:26.276515
259.0,-681.0,1511.0,12:28:26.285888
185.0,-145.0,-32.0,12:28:26.296364
-132.0,-470.0,489.0,12:28:26.313893
191.0,-464.0,1005.0,12:28:26.317105
94.0,-130.0,291.0,12:28:26.325234
149.0,-461.0,1173.0,12:28:26.335696
97.0,-947.0,1713.0,12:28:26.344940
-95.0,-699.0,1240.0,12:28:26.355490
175.0,-306.0,601.0,12:28:26.364790
-98.0,-783.0,1438.0,12:28:26.375242
-97.0,-675.0,1034.0,12:28:26.384565
34.0,-454.0,618.0,12:28:26.395104
110.0,-971.0,1077.0,12:28:26.404409
195.0,-279.0,-32.0,12:28:26.414875
-138.0,-278.0,1019.0,12:28:26.424197
-45.0,-1010.0,1746.0,12:28:26.434762
77.0,-486.0,128.0,12:28:26.444177
50.0,-455.0,820.0,12:28:26.453436
-158.0,-612.0,1708.0,12:28:26.464184
-11.0,-424.0,472.0,12:28:26.473434
-47.0,-699.0,923.0,12:28:26.482877
241.0,-705.0,1206.0,12:28:26.493335
167.0,-151.0,224.0,12:28:26.502804
-76.0,-245.0,583.0,12:28:26.513295
-109.0,-377.0,1122.0,12:28:26.522671
-67.0,-215.0,599.0,12:28:26.533109
-48.0,-1135.0,2047.0,12:28:26.542510
265.0,-657.0,905.0,12:28:26.552938
52.0,-621.0,320.0,12:28:26.562254
84.0,-1018.0,1433.0,12:28:26.571564
88.0,-296.0,252.0,12:28:26.582043
-118.0,-227.0,679.0,12:28:26.591313
98.0,-683.0,1417.0,12:28:26.601862
-32.0,-231.0,270.0,12:28:26.611201
-171.0,-422.0,1676.0,12:28:26.621811
-385.0,-591.0,1787.0,12:28:26.631150
142.0,-702.0,538.0,12:28:26.640599
304.0,-1152.0,977.0,12:28:26.651085
-12.0,-510.0,957.0,12:28:26.660345
89.0,-249.0,444.0,12:28:26.670806
-200.0,-706.0,932.0,12:28:26.679996
-139.0,-358.0,611.0,12:28:26.690799
-52.0,-92.0,13.0,12:28:26.700122
-201.0,-252.0,730.0,12:28:26.710703
-118.0,-572.0,1998.0,12:28:26.719984
-75.0,-620.0,1215.0,12:28:26.729550
99.0,-576.0,51.0,12:28:26.739932
90.0,-451.0,646.0,12:28:26.749412
23.0,-840.0,1877.0,12:28:26.759855
-20.0,-451.0,187.0,12:28:26.769185
215.0,-137.0,239.0,12:28:26.778559
27.0,-660.0,1537.0,12:28:26.788994
-104.0,-455.0,1152.0,12:28:26.798307
-96.0,-374.0,696.0,12:28:26.808855
74.0,-607.0,1673.0,12:28:26.818169
103.0,-716.0,1395.0,12:28:26.828733
72.0,-730.0,731.0,12:28:26.838083
56.0,-718.0,723.0,12:28:26.848562
-78.0,-430.0,464.0,12:28:26.857877
133.0,-992.0,1084.0,12:28:26.868291
71.0,-111.0,274.0,12:28:26.877673
-192.0,-154.0,979.0,12:28:26.886940
117.0,-1051.0,2047.0,12:28:26.897560
18.0,-941.0,825.0,12:28:26.906918
170.0,-655.0,178.0,12:28:26.916469
149.0,-770.0,1063.0,12:28:26.926851
136.0,-404.0,222.0,12:28:26.936367
-6.0,-317.0,323.0,12:28:26.946765
-354.0,-388.0,1137.0,12:28:26.956235
7.0,-665.0,1653.0,12:28:26.966715
-116.0,-467.0,710.0,12:28:26.976059
-186.0,-306.0,61.0,12:28:26.985518
191.0,-418.0,494.0,12:28:26.995996
255.0,-692.0,1802.0,12:28:27.005311
-104.0,-585.0,1446.0,12:28:27.015674
4.0,-255.0,544.0,12:28:27.025156
272.0,-725.0,880.0,12:28:27.035594
101.0,-371.0,785.0,12:28:27.044906
94.0,-322.0,712.0,12:28:27.055404
70.0,-466.0,1164.0,12:28:27.064849
-79.0,-571.0,1550.0,12:28:27.074165
10.0,-490.0,691.0,12:28:27.084669
389.0,-1073.0,1015.0,12:28:27.094069
129.0,-766.0,731.0,12:28:27.104565
42.0,85.0,-88.0,12:28:27.116698
87.0,-665.0,1131.0,12:28:27.123516
69.0,-765.0,1419.0,12:28:27.134029
67.0,-414.0,542.0,12:28:27.143326
200.0,-656.0,774.0,12:28:27.153814
100.0,-814.0,814.0,12:28:27.163060
-43.0,-306.0,431.0,12:28:27.173477
-16.0,-207.0,507.0,12:28:27.182898
128.0,-788.0,1665.0,12:28:27.193435
-107.0,-626.0,1568.0,12:28:27.202867
-58.0,-419.0,671.0,12:28:27.212159
-154.0,-435.0,866.0,12:28:27.222728
107.0,-473.0,725.0,12:28:27.231921
77.0,-411.0,869.0,12:28:27.242401
-32.0,-420.0,1247.0,12:28:27.251800
-133.0,-495.0,1243.0,12:28:27.262335
139.0,-858.0,959.0,12:28:27.271756
31.0,-403.0,650.0,12:28:27.281170
-45.0,56.0,591.0,12:28:27.291574
69.0,-935.0,2047.0,12:28:27.301000
215.0,-631.0,646.0,12:28:27.311378
-18.0,-587.0,43.0,12:28:27.320692
-26.0,-690.0,650.0,12:28:27.331222
-178.0,-7.0,712.0,12:28:27.340548
-53.0,-403.0,1491.0,12:28:27.351046
47.0,-681.0,1173.0,12:28:27.360284
282.0,-550.0,469.0,12:28:27.370867
139.0,-521.0,37.0,12:28:27.380310
-9.0,-109.0,692.0,12:28:27.389728
35.0,-183.0,1506.0,12:28:27.400154
-29.0,-851.0,1092.0,12:28:27.409625
227.0,-330.0,590.0,12:28:27.420030
122.0,-753.0,1718.0,12:28:27.429406
227.0,-820.0,980.0,12:28:27.438781
72.0,-454.0,468.0,12:28:27.449337
-151.0,-638.0,1641.0,12:28:27.458729
340.0,-776.0,1069.0,12:28:27.469209
92.0,12.0,47.0,12:28:27.478682
-126.0,-524.0,1527.0,12:28:27.489043
78.0,-578.0,627.0,12:28:27.498368
15.0,-306.0,-110.0,12:28:27.516346
-87.0,-364.0,1816.0,12:28:27.519029
-223.0,-383.0,2036.0,12:28:27.528498
102.0,-814.0,1114.0,12:28:27.537744
290.0,-848.0,453.0,12:28:27.547222
289.0,-367.0,617.0,12:28:27.557589
-24.0,-713.0,1538.0,12:28:27.566966
-17.0,-62.0,57.0,12:28:27.577420
143.0,-182.0,64.0,12:28:27.586714
-53.0,-767.0,1595.0,12:28:27.597186
21.0,-661.0,1195.0,12:28:27.606481
-104.0,-338.0,463.0,12:28:27.616906
11.0,-1033.0,1309.0,12:28:27.626268
194.0,-370.0,118.0,12:28:27.636753
208.0,-481.0,1004.0,12:28:27.646012
105.0,-570.0,1348.0,12:28:27.656485
208.0,-640.0,1121.0,12:28:27.665804
54.0,-718.0,679.0,12:28:27.676409
-160.0,-345.0,457.0,12:28:27.685629
-108.0,-235.0,831.0,12:28:27.695156
10.0,-713.0,1286.0,12:28:27.705555
145.0,-639.0,684.0,12:28:27.715004
65.0,-711.0,1407.0,12:28:27.725403
-10.0,-448.0,866.0,12:28:27.734738
32.0,-626.0,847.0,12:28:27.745246
107.0,-657.0,1107.0,12:28:27.754542
181.0,-625.0,1290.0,12:28:27.765061
171.0,-663.0,703.0,12:28:27.774330
-35.0,-171.0,-9.0,12:28:27.794001
90.0,456.0,291.0,12:28:27.804476
-193.0,-739.0,2047.0,12:28:27.813746
169.0,-179.0,-680.0,12:28:27.833458
183.0,-63.0,161.0,12:28:27.842955
74.0,-495.0,1930.0,12:28:27.853418
115.0,-177.0,386.0,12:28:27.862929
35.0,50.0,-265.0,12:28:27.873299
143.0,-648.0,1066.0,12:28:27.882645
-162.0,-1016.0,2047.0,12:28:27.893083
-52.0,-666.0,976.0,12:28:27.902496
9.0,-691.0,1487.0,12:28:27.911882
174.0,-1178.0,1168.0,12:28:27.922494
40.0,-459.0,-1.0,12:28:27.931842
70.0,-525.0,1362.0,12:28:27.942335
210.0,-509.0,1194.0,12:28:27.951691
165.0,-214.0,88.0,12:28:27.961085
31.0,-684.0,516.0,12:28:27.971546
-106.0,-271.0,711.0,12:28:27.980937
-152.0,-150.0,1173.0,12:28:27.991473
41.0,-440.0,886.0,12:28:28.000799
64.0,-842.0,1461.0,12:28:28.011215
-92.0,-515.0,779.0,12:28:28.020624
47.0,-591.0,559.0,12:28:28.031008
104.0,-674.0,1108.0,12:28:28.040293
100.0,-248.0,718.0,12:28:28.050874
-34.0,-485.0,770.0,12:28:28.060196
-114.0,-747.0,910.0,12:28:28.070691
4.0,-557.0,694.0,12:28:28.080005
-29.0,-295.0,915.0,12:28:28.089444
-88.0,-1042.0,2047.0,12:28:28.099933
29.0,-584.0,614.0,12:28:28.109211
192.0,-290.0,67.0,12:28:28.119712
137.0,-436.0,1176.0,12:28:28.129079
66.0,-301.0,1091.0,12:28:28.138503
-220.0,-28.0,804.0,12:28:28.149083
-34.0,-649.0,1187.0,12:28:28.158426
87.0,-539.0,128.0,12:28:28.168980
-23.0,-417.0,703.0,12:28:28.178264
-198.0,-497.0,1866.0,12:28:28.188762
-67.0,-911.0,1771.0,12:28:28.198050
179.0,-639.0,455.0,12:28:28.217831
-139.0,-605.0,1127.0,12:28:28.228290
-71.0,-90.0,326.0,12:28:28.237561
21.0,-473.0,1123.0,12:28:28.246901
44.0,-1085.0,1305.0,12:28:28.257362
181.0,-831.0,574.0,12:28:28.266756
-70.0,-655.0,1009.0,12:28:28.277172
168.0,-561.0,1242.0,12:28:28.286621
132.0,-298.0,602.0,12:28:28.297135
51.0,-220.0,447.0,12:28:28.306491
-50.0,26.0,382.0,12:28:28.317272
9.0,-28.0,657.0,12:28:28.326664
89.0,-304.0,1653.0,12:28:28.336158
-2.0,-651.0,1998.0,12:28:28.346550
185.0,-903.0,1375.0,12:28:28.355838
320.0,-1113.0,481.0,12:28:28.365286
202.0,-801.0,646.0,12:28:28.375704
34.0,-568.0,837.0,12:28:28.385134
27.0,-378.0,545.0,12:28:28.395609
-128.0,-398.0,641.0,12:28:28.405021
-98.0,-521.0,534.0,12:28:28.415421
-123.0,-722.0,847.0,12:28:28.424744
-175.0,-470.0,1272.0,12:28:28.435251
-79.0,-405.0,1316.0,12:28:28.444679
141.0,-723.0,743.0,12:28:28.454042
114.0,-852.0,658.0,12:28:28.464496
52.0,-438.0,517.0,12:28:28.473986
-65.0,-163.0,1118.0,12:28:28.484395
70.0,-516.0,733.0,12:28:28.493807
57.0,-767.0,675.0,12:28:28.504186
-96.0,-356.0,912.0,12:28:28.513606
-110.0,-422.0,1064.0,12:28:28.522913
214.0,-784.0,1616.0,12:28:28.533425
110.0,-964.0,1239.0,12:28:28.542681
85.0,-578.0,410.0,12:28:28.553155
42.0,-616.0,100.0,12:28:28.562422
-146.0,-477.0,953.0,12:28:28.572952
-16.0,0.0,783.0,12:28:28.582188
-191.0,-207.0,696.0,12:28:28.592649
-197.0,-483.0,1456.0,12:28:28.601991
124.0,-636.0,1316.0,12:28:28.612431
163.0,-829.0,1178.0,12:28:28.621804
299.0,-790.0,697.0,12:28:28.632215
98.0,-208.0,444.0,12:28:28.641511
31.0,-285.0,1121.0,12:28:28.651927
63.0,-306.0,895.0,12:28:28.661302
-123.0,-232.0,826.0,12:28:28.671786
-45.0,-543.0,1154.0,12:28:28.681076
151.0,-273.0,328.0,12:28:28.691585
171.0,-890.0,1729.0,12:28:28.701057
311.0,-876.0,1015.0,12:28:28.717554
27.0,-471.0,511.0,12:28:28.721073
107.0,-728.0,1044.0,12:28:28.730372
149.0,-42.0,240.0,12:28:28.739769
-395.0,-90.0,789.0,12:28:28.750286
71.0,-562.0,1175.0,12:28:28.759571
258.0,-547.0,599.0,12:28:28.770592
65.0,-629.0,1402.0,12:28:28.780877
94.0,-521.0,1194.0,12:28:28.789726
3.0,-565.0,947.0,12:28:28.799121
145.0,-921.0,1496.0,12:28:28.809670
411.0,-204.0,-173.0,12:28:28.819061
-196.0,90.0,700.0,12:28:28.828433
-161.0,-697.0,2047.0,12:28:28.838850
235.0,-480.0,592.0,12:28:28.848165
-57.0,-596.0,988.0,12:28:28.858730
7.0,-586.0,907.0,12:28:28.868056
156.0,-318.0,119.0,12:28:28.878639
116.0,-467.0,1519.0,12:28:28.887924
99.0,-437.0,1195.0,12:28:28.897338
-10.0,-456.0,552.0,12:28:28.907732
227.0,-589.0,1105.0,12:28:28.917109
152.0,-315.0,810.0,12:28:28.927448
40.0,-251.0,587.0,12:28:28.936907
-156.0,-577.0,1409.0,12:28:28.947426
46.0,-294.0,417.0,12:28:28.956786
125.0,-214.0,385.0,12:28:28.967180
-44.0,-921.0,2010.0,12:28:28.985171
190.0,-268.0,650.0,12:28:28.986594
88.0,-725.0,1387.0,12:28:28.998644
-44.0,-730.0,1048.0,12:28:29.009629
163.0,-389.0,762.0,12:28:29.016024
-127.0,-163.0,513.0,12:28:29.027147
141.0,-607.0,1028.0,12:28:29.036106
196.0,-811.0,1155.0,12:28:29.045419
124.0,-264.0,496.0,12:28:29.055915
32.0,-858.0,1333.0,12:28:29.065238
144.0,-424.0,290.0,12:28:29.075769
-26.0,-169.0,673.0,12:28:29.085153
-160.0,-57.0,1023.0,12:28:29.094593
-174.0,-715.0,1595.0,12:28:29.105130
49.0,-745.0,890.0,12:28:29.114381
245.0,-430.0,640.0,12:28:29.124914
-14.0,-502.0,1245.0,12:28:29.134215
35.0,-767.0,1395.0,12:28:29.144669
257.0,-654.0,369.0,12:28:29.153965
157.0,-211.0,32.0,12:28:29.164448
-88.0,-411.0,1111.0,12:28:29.173710
-152.0,-467.0,1533.0,12:28:29.184183
-50.0,-798.0,1241.0,12:28:29.193414
108.0,-934.0,944.0,12:28:29.203036
297.0,-772.0,162.0,12:28:29.213506
125.0,-252.0,897.0,12:28:29.222892
114.0,-308.0,1649.0,12:28:29.233545
13.0,-640.0,1148.0,12:28:29.242923
283.0,-458.0,73.0,12:28:29.252317
-44.0,-143.0,342.0,12:28:29.262848
-168.0,-687.0,1752.0,12:28:29.272258
28.0,-461.0,998.0,12:28:29.282639
-9.0,-544.0,639.0,12:28:29.291930
30.0,-370.0,565.0,12:28:29.302368
-96.0,-217.0,1180.0,12:28:29.311842
-24.0,-776.0,1677.0,12:28:29.321125
-60.0,-687.0,818.0,12:28:29.331700
83.0,-896.0,841.0,12:28:29.341041
-48.0,-930.0,1031.0,12:28:29.351560
75.0,-500.0,299.0,12:28:29.360946
112.0,-219.0,-9.0,12:28:29.371391
-160.0,-925.0,1255.0,12:28:29.380695
68.0,-447.0,1664.0,12:28:29.390102
376.0,-770.0,710.0,12:28:29.400576
76.0,-264.0,342.0,12:28:29.409858
-222.0,-445.0,1678.0,12:28:29.420319
47.0,-262.0,779.0,12:28:29.429610
-1.0,-751.0,977.0,12:28:29.440085
178.0,-857.0,939.0,12:28:29.449410
309.0,-676.0,557.0,12:28:29.459995
-7.0,-242.0,1085.0,12:28:29.469378
7.0,-342.0,638.0,12:28:29.488948
-124.0,-810.0,1061.0,12:28:29.499501
-137.0,-347.0,839.0,12:28:29.508839
-13.0,-540.0,893.0,12:28:29.520221
-230.0,-418.0,777.0,12:28:29.528682
-47.0,-813.0,1222.0,12:28:29.537998
75.0,-225.0,607.0,12:28:29.548609
33.0,-1057.0,1707.0,12:28:29.557954
-44.0,-569.0,623.0,12:28:29.568458
-45.0,-444.0,586.0,12:28:29.577881
-56.0,-479.0,881.0,12:28:29.587307
-71.0,-389.0,530.0,12:28:29.597718
55.0,-485.0,909.0,12:28:29.607069
144.0,-560.0,1340.0,12:28:29.617541
90.0,-595.0,932.0,12:28:29.626868
-30.0,-583.0,747.0,12:28:29.637504
99.0,-178.0,529.0,12:28:29.646791
-134.0,-458.0,1230.0,12:28:29.656256
-43.0,-375.0,795.0,12:28:29.666718
-238.0,-494.0,1300.0,12:28:29.676049
89.0,-783.0,1464.0,12:28:29.686694
195.0,-758.0,511.0,12:28:29.696040
99.0,-502.0,426.0,12:28:29.706590
-131.0,-327.0,1336.0,12:28:29.716022
-212.0,-324.0,618.0,12:28:29.725303
-15.0,-140.0,380.0,12:28:29.735879
-74.0,-719.0,1503.0,12:28:29.745224
-88.0,-409.0,810.0,12:28:29.755666
-247.0,-798.0,1701.0,12:28:29.764989
95.0,-968.0,1327.0,12:28:29.775442
221.0,-454.0,226.0,12:28:29.784743
166.0,-609.0,1008.0,12:28:29.795197
-20.0,-329.0,854.0,12:28:29.804552
-40.0,-236.0,648.0,12:28:29.814082
-109.0,-282.0,947.0,12:28:29.824553
-7.0,-390.0,728.0,12:28:29.833936
89.0,-475.0,945.0,12:28:29.844480
136.0,-488.0,1010.0,12:28:29.853733
291.0,-206.0,401.0,12:28:29.864162
231.0,-568.0,1267.0,12:28:29.873428
131.0,-510.0,1004.0,12:28:29.882913
97.0,-531.0,1089.0,12:28:29.893348
213.0,-512.0,674.0,12:28:29.902744
64.0,-597.0,1037.0,12:28:29.920909
51.0,-406.0,534.0,12:28:29.922285
-14.0,-331.0,1323.0,12:28:29.933026
205.0,-439.0,876.0,12:28:29.942259
166.0,-674.0,1244.0,12:28:29.952881
176.0,-719.0,783.0,12:28:29.962126
222.0,-692.0,894.0,12:28:29.972655
46.0,-562.0,745.0,12:28:29.981934
146.0,-488.0,698.0,12:28:29.991223
4.0,-466.0,968.0,12:28:30.001723
23.0,-572.0,1078.0,12:28:30.011197
142.0,-473.0,673.0,12:28:30.021678
-131.0,-428.0,758.0,12:28:30.031044
50.0,-529.0,1044.0,12:28:30.041597
6.0,-183.0,431.0,12:28:30.050922
7.0,-306.0,1189.0,12:28:30.061334
-10.0,-428.0,1010.0,12:28:30.070668
-36.0,-825.0,1253.0,12:28:30.080197
150.0,-889.0,1411.0,12:28:30.090749
113.0,-676.0,495.0,12:28:30.100048
288.0,-652.0,-16.0,12:28:30.110602
-92.0,-140.0,241.0,12:28:30.119988
-68.0,-208.0,909.0,12:28:30.129343
-87.0,-758.0,2047.0,12:28:30.140179
-309.0,-980.0,1656.0,12:28:30.149619
49.0,-371.0,-176.0,12:28:30.159079
19.0,-1089.0,2003.0,12:28:30.169664
267.0,-734.0,900.0,12:28:30.178963
-28.0,-343.0,641.0,12:28:30.189431
74.0,-814.0,1337.0,12:28:30.198804
269.0,-514.0,9.0,12:28:30.208213
-6.0,-266.0,749.0,12:28:30.218686
61.0,-497.0,1121.0,12:28:30.228089
156.0,-686.0,817.0,12:28:30.238657
-104.0,-212.0,638.0,12:28:30.247962
-70.0,-639.0,1525.0,12:28:30.257420
215.0,-481.0,754.0,12:28:30.267913
-56.0,-499.0,842.0,12:28:30.277278
143.0,-495.0,1174.0,12:28:30.287779
16.0,-354.0,757.0,12:28:30.297105
93.0,-717.0,949.0,12:28:30.307618
-178.0,-734.0,1215.0,12:28:30.316861
41.0,-329.0,557.0,12:28:30.327408
94.0,-702.0,1171.0,12:28:30.336672
22.0,-877.0,1155.0,12:28:30.347164
109.0,-609.0,368.0,12:28:30.356408
-71.0,-302.0,680.0,12:28:30.366877
-178.0,-584.0,1405.0,12:28:30.376241
21.0,-271.0,506.0,12:28:30.385617
-257.0,-406.0,856.0,12:28:30.395984
81.0,-519.0,1205.0,12:28:30.405310
99.0,-512.0,1111.0,12:28:30.415655
29.0,-335.0,839.0,12:28:30.425187
131.0,-521.0,1175.0,12:28:30.435566
168.0,-559.0,663.0,12:28:30.444942
-41.0,-352.0,660.0,12:28:30.455479
36.0,-463.0,887.0,12:28:30.464821
-211.0,-518.0,1082.0,12:28:30.474183
9.0,-660.0,897.0,12:28:30.484613
52.0,-751.0,901.0,12:28:30.494032
-25.0,-693.0,633.0,12:28:30.504495
11.0,-348.0,635.0,12:28:30.513812
-50.0,-471.0,1478.0,12:28:30.524273
-144.0,-421.0,939.0,12:28:30.533605
28.0,-553.0,625.0,12:28:30.544070
-61.0,-433.0,1127.0,12:28:30.553511
86.0,-517.0,636.0,12:28:30.562905
-7.0,-329.0,946.0,12:28:30.573437
-74.0,-333.0,1312.0,12:28:30.582862
120.0,-569.0,926.0,12:28:30.593360
183.0,-819.0,921.0,12:28:30.602747
93.0,-440.0,943.0,12:28:30.612214
-59.0,-207.0,646.0,12:28:30.631824
124.0,-392.0,878.0,12:28:30.642309
104.0,-542.0,972.0,12:28:30.651772
94.0,-437.0,1063.0,12:28:30.662196
106.0,-362.0,669.0,12:28:30.671533
-15.0,-572.0,1022.0,12:28:30.682032
68.0,-412.0,995.0,12:28:30.691398
-8.0,-593.0,961.0,12:28:30.701849
128.0,-694.0,958.0,12:28:30.711197
139.0,-681.0,1143.0,12:28:30.723103
58.0,-568.0,815.0,12:28:30.730750
54.0,-501.0,535.0,12:28:30.741179
104.0,-569.0,897.0,12:28:30.750699
24.0,-582.0,821.0,12:28:30.759925
63.0,-465.0,596.0,12:28:30.770421
-121.0,-557.0,932.0,12:28:30.779711
-50.0,-436.0,1041.0,12:28:30.790173
62.0,-877.0,1243.0,12:28:30.799529
46.0,-524.0,676.0,12:28:30.810016
63.0,-559.0,935.0,12:28:30.819355
-3.0,-445.0,1043.0,12:28:30.829805
-12.0,-645.0,764.0,12:28:30.839060
50.0,-529.0,686.0,12:28:30.849731
97.0,-342.0,854.0,12:28:30.859090
148.0,-543.0,1078.0,12:28:30.868425
47.0,-508.0,775.0,12:28:30.878830
-91.0,-697.0,1190.0,12:28:30.898522
164.0,-470.0,674.0,12:28:30.907855
103.0,-326.0,974.0,12:28:30.918432
-42.0,-592.0,1329.0,12:28:30.927683
192.0,-622.0,878.0,12:28:30.938173
144.0,-482.0,590.0,12:28:30.947462
-27.0,-552.0,901.0,12:28:30.957962
25.0,-415.0,916.0,12:28:30.967312
34.0,-554.0,1009.0,12:28:30.986948
57.0,-573.0,853.0,12:28:30.997536
21.0,-338.0,629.0,12:28:31.006838
-20.0,-584.0,1150.0,12:28:31.016211
-55.0,-641.0,1239.0,12:28:31.026637
61.0,-433.0,402.0,12:28:31.036051
30.0,-531.0,929.0,12:28:31.046448
-202.0,-500.0,1327.0,12:28:31.055831
-35.0,-535.0,757.0,12:28:31.066461
-12.0,-455.0,573.0,12:28:31.075736
138.0,-516.0,1120.0,12:28:31.085227
-9.0,-394.0,996.0,12:28:31.095610
-41.0,-312.0,546.0,12:28:31.105035
148.0,-600.0,1003.0,12:28:31.115409
44.0,-524.0,933.0,12:28:31.128807
136.0,-383.0,839.0,12:28:31.134694
93.0,-548.0,884.0,12:28:31.145204
49.0,-450.0,1006.0,12:28:31.154613
216.0,-631.0,903.0,12:28:31.163994
44.0,-469.0,854.0,12:28:31.174513
6.0,-484.0,1096.0,12:28:31.183847
-14.0,-325.0,722.0,12:28:31.194298
-64.0,-420.0,871.0,12:28:31.203760
82.0,-503.0,722.0,12:28:31.214178
-100.0,-554.0,1061.0,12:28:31.223556
165.0,-492.0,1083.0,12:28:31.233006
-33.0,-589.0,887.0,12:28:31.243386
-15.0,-528.0,608.0,12:28:31.252697
102.0,-514.0,1149.0,12:28:31.263152
18.0,-328.0,814.0,12:28:31.272436
-60.0,-210.0,301.0,12:28:31.282956
-54.0,-891.0,1943.0,12:28:31.292204
-167.0,-532.0,1246.0,12:28:31.302850
218.0,-919.0,1304.0,12:28:31.312200
75.0,-980.0,1197.0,12:28:31.322697
200.0,-378.0,67.0,12:28:31.331952
-17.0,-263.0,756.0,12:28:31.341393
81.0,-608.0,1187.0,12:28:31.351881
40.0,-287.0,585.0,12:28:31.361157
55.0,-516.0,1063.0,12:28:31.371606
82.0,-717.0,1350.0,12:28:31.380931
101.0,-723.0,1182.0,12:28:31.391366
87.0,-471.0,441.0,12:28:31.400720
168.0,-496.0,565.0,12:28:31.411149
157.0,-493.0,1160.0,12:28:31.420556
-88.0,-32.0,417.0,12:28:31.431068
-6.0,-429.0,909.0,12:28:31.440389
-60.0,-527.0,1073.0,12:28:31.449818
-53.0,-677.0,1045.0,12:28:31.460273
156.0,-504.0,648.0,12:28:31.469608
-30.0,-372.0,830.0,12:28:31.480052
175.0,-617.0,1213.0,12:28:31.489491
89.0,-544.0,644.0,12:28:31.499882
67.0,-290.0,475.0,12:28:31.509353
-69.0,-642.0,1157.0,12:28:31.519814
-16.0,-532.0,1231.0,12:28:31.529444
35.0,-633.0,1050.0,12:28:31.538728
34.0,-605.0,1114.0,12:28:31.549389
102.0,-850.0,1481.0,12:28:31.558767
105.0,-724.0,1393.0,12:28:31.568085
291.0,-713.0,1092.0,12:28:31.578652
244.0,-1017.0,1638.0,12:28:31.587923
187.0,-947.0,818.0,12:28:31.598398
174.0,-564.0,339.0,12:28:31.607712
128.0,-656.0,760.0,12:28:31.618209
-68.0,-500.0,370.0,12:28:31.627484
47.0,-200.0,420.0,12:28:31.638029
5.0,-502.0,1208.0,12:28:31.647358
-14.0,-748.0,1283.0,12:28:31.656751
108.0,-309.0,363.0,12:28:31.667234
-203.0,107.0,726.0,12:28:31.676672
94.0,-296.0,1322.0,12:28:31.687120
21.0,-81.0,563.0,12:28:31.696422
99.0,-248.0,452.0,12:28:31.706844
161.0,-310.0,998.0,12:28:31.716261
58.0,-170.0,1041.0,12:28:31.726661
48.0,-396.0,1211.0,12:28:31.735965
0.0,-470.0,1035.0,12:28:31.746507
48.0,-731.0,932.0,12:28:31.755767
12.0,-429.0,712.0,12:28:31.765129
31.0,-507.0,1204.0,12:28:31.775501
32.0,-651.0,1187.0,12:28:31.784848
51.0,-759.0,826.0,12:28:31.795244
164.0,-637.0,680.0,12:28:31.804605
-168.0,-484.0,734.0,12:28:31.815118
50.0,-586.0,996.0,12:28:31.824591
-138.0,-554.0,1044.0,12:28:31.835139
65.0,-613.0,799.0,12:28:31.844419
107.0,-627.0,650.0,12:28:31.854919
125.0,-413.0,583.0,12:28:31.864197
20.0,-383.0,1097.0,12:28:31.874627
170.0,-464.0,949.0,12:28:31.883970
224.0,-732.0,1073.0,12:28:31.893310
183.0,-404.0,882.0,12:28:31.903989
-9.0,-279.0,672.0,12:28:31.913371
226.0,-608.0,1223.0,12:28:31.926931
-68.0,-296.0,1459.0,12:28:31.933123
-78.0,-433.0,1063.0,12:28:31.942500
-28.0,-286.0,985.0,12:28:31.952904
-259.0,-252.0,1378.0,12:28:31.962293
-23.0,-441.0,1251.0,12:28:31.972887
6.0,-525.0,780.0,12:28:31.982370
-5.0,-844.0,1104.0,12:28:31.991785
-160.0,-497.0,850.0,12:28:32.002404
25.0,-446.0,730.0,12:28:32.011807
-168.0,-629.0,1036.0,12:28:32.022266
20.0,-568.0,570.0,12:28:32.031755
-19.0,-75.0,82.0,12:28:32.041052
-58.0,-530.0,975.0,12:28:32.051685
217.0,-590.0,1260.0,12:28:32.061019
213.0,-767.0,917.0,12:28:32.071531
252.0,-608.0,736.0,12:28:32.080868
168.0,-471.0,703.0,12:28:32.090345
195.0,-492.0,702.0,12:28:32.100747
218.0,-485.0,693.0,12:28:32.110125
202.0,-551.0,776.0,12:28:32.120615
64.0,-361.0,1032.0,12:28:32.129997
22.0,-639.0,1225.0,12:28:32.140559
66.0,-582.0,716.0,12:28:32.149884
-26.0,-227.0,473.0,12:28:32.160428
-33.0,-671.0,1429.0,12:28:32.169812
131.0,-465.0,845.0,12:28:32.179125
116.0,-600.0,852.0,12:28:32.189655
194.0,-664.0,937.0,12:28:32.199001
140.0,-434.0,633.0,12:28:32.209705
-31.0,-743.0,1161.0,12:28:32.219016
175.0,-491.0,1062.0,12:28:32.228340
211.0,-714.0,1194.0,12:28:32.238886
193.0,-441.0,786.0,12:28:32.248112
41.0,-279.0,970.0,12:28:32.258688
129.0,-493.0,1153.0,12:28:32.267953
152.0,-140.0,559.0,12:28:32.278477
-112.0,-352.0,924.0,12:28:32.287841
-51.0,-638.0,1312.0,12:28:32.298334
142.0,-350.0,784.0,12:28:32.307640
-66.0,-313.0,759.0,12:28:32.318098
29.0,-625.0,1191.0,12:28:32.328753
8.0,-449.0,788.0,12:28:32.337137
36.0,-515.0,627.0,12:28:32.347522
175.0,-518.0,1012.0,12:28:32.356886
103.0,-593.0,933.0,12:28:32.366280
-46.0,-509.0,667.0,12:28:32.376776
170.0,-751.0,901.0,12:28:32.386101
-28.0,-639.0,787.0,12:28:32.396731
61.0,-565.0,581.0,12:28:32.405989
96.0,-800.0,1285.0,12:28:32.416561
8.0,-744.0,1152.0,12:28:32.425827
131.0,-614.0,516.0,12:28:32.435334
57.0,-699.0,1123.0,12:28:32.445806
103.0,-464.0,576.0,12:28:32.455191
12.0,-472.0,1110.0,12:28:32.465692
-10.0,-494.0,1068.0,12:28:32.475147
-24.0,-339.0,574.0,12:28:32.485803
-61.0,-459.0,1099.0,12:28:32.495211
21.0,-660.0,1349.0,12:28:32.504607
-153.0,-331.0,748.0,12:28:32.514037
-119.0,-414.0,1068.0,12:28:32.524506
35.0,-633.0,1052.0,12:28:32.533798
110.0,-242.0,426.0,12:28:32.544272
-33.0,-322.0,1008.0,12:28:32.553554
-32.0,-506.0,1312.0,12:28:32.564106
55.0,-487.0,977.0,12:28:32.573474
-61.0,-580.0,597.0,12:28:32.584151
59.0,-456.0,883.0,12:28:32.593465
41.0,-335.0,870.0,12:28:32.602848
86.0,-432.0,1052.0,12:28:32.613285
0.0,-494.0,894.0,12:28:32.622581
86.0,-347.0,484.0,12:28:32.632990
59.0,-571.0,1169.0,12:28:32.642284
40.0,-579.0,1292.0,12:28:32.652907
131.0,-661.0,881.0,12:28:32.662162
195.0,-612.0,771.0,12:28:32.672629
165.0,-443.0,809.0,12:28:32.681866
82.0,-406.0,996.0,12:28:32.692371
15.0,-653.0,1096.0,12:28:32.701684
116.0,-454.0,478.0,12:28:32.712066
-31.0,-515.0,824.0,12:28:32.721344
57.0,-412.0,1218.0,12:28:32.731850
-16.0,-664.0,1288.0,12:28:32.741149
180.0,-613.0,549.0,12:28:32.751683
210.0,-448.0,751.0,12:28:32.761000
86.0,-524.0,1061.0,12:28:32.770339
140.0,-420.0,692.0,12:28:32.780766
-105.0,-483.0,983.0,12:28:32.791173
-147.0,-571.0,1330.0,12:28:32.800694
216.0,-545.0,762.0,12:28:32.810011
17.0,-649.0,1222.0,12:28:32.820590
109.0,-790.0,1011.0,12:28:32.829838
113.0,-632.0,785.0,12:28:32.840374
92.0,-644.0,1055.0,12:28:32.849583
158.0,-519.0,738.0,12:28:32.859992
61.0,-490.0,642.0,12:28:32.869384
29.0,-410.0,892.0,12:28:32.878749
-35.0,-388.0,865.0,12:28:32.889164
7.0,-537.0,871.0,12:28:32.898619
102.0,-433.0,807.0,12:28:32.909170
-33.0,-574.0,959.0,12:28:32.918500
130.0,-457.0,799.0,12:28:32.929166
14.0,-458.0,918.0,12:28:32.938678
-32.0,-499.0,967.0,12:28:32.948159
-19.0,-471.0,937.0,12:28:32.958610
28.0,-613.0,951.0,12:28:32.968001
-51.0,-497.0,826.0,12:28:32.977417
24.0,-551.0,866.0,12:28:32.987881
117.0,-485.0,868.0,12:28:32.997322
43.0,-592.0,843.0,12:28:33.007718
9.0,-525.0,726.0,12:28:33.017106
128.0,-367.0,690.0,12:28:33.027576
2.0,-501.0,900.0,12:28:33.036881
-7.0,-561.0,963.0,12:28:33.046200
67.0,-436.0,667.0,12:28:33.056719
0.0,-525.0,821.0,12:28:33.065984
-74.0,-453.0,1048.0,12:28:33.076493
35.0,-575.0,842.0,12:28:33.085749
-4.0,-415.0,729.0,12:28:33.096369
-8.0,-441.0,824.0,12:28:33.105748
-2.0,-459.0,715.0,12:28:33.116292
-14.0,-366.0,735.0,12:28:33.131744
-41.0,-441.0,930.0,12:28:33.135453
-100.0,-487.0,910.0,12:28:33.144867
43.0,-610.0,1053.0,12:28:33.155372
-18.0,-460.0,1166.0,12:28:33.164659
-48.0,-612.0,1180.0,12:28:33.175258
68.0,-593.0,873.0,12:28:33.184513
61.0,-489.0,960.0,12:28:33.195031
39.0,-503.0,1063.0,12:28:33.204304
-74.0,-491.0,1015.0,12:28:33.214846
80.0,-436.0,709.0,12:28:33.224090
-123.0,-636.0,1189.0,12:28:33.234549
77.0,-584.0,1082.0,12:28:33.243838
-97.0,-449.0,838.0,12:28:33.253243
186.0,-618.0,1137.0,12:28:33.263782
-4.0,-562.0,890.0,12:28:33.273051
47.0,-453.0,944.0,12:28:33.283611
172.0,-555.0,1021.0,12:28:33.292979
86.0,-614.0,986.0,12:28:33.303371
68.0,-480.0,714.0,12:28:33.312732
66.0,-514.0,708.0,12:28:33.323229
31.0,-408.0,948.0,12:28:33.332494
53.0,-479.0,935.0,12:28:33.342996
48.0,-511.0,859.0,12:28:33.352233
99.0,-512.0,952.0,12:28:33.361814
142.0,-514.0,932.0,12:28:33.372277
51.0,-591.0,1105.0,12:28:33.381721
57.0,-541.0,900.0,12:28:33.392194
42.0,-611.0,1047.0,12:28:33.401702
113.0,-668.0,1142.0,12:28:33.410948
-49.0,-550.0,896.0,12:28:33.421433
-5.0,-517.0,970.0,12:28:33.430758
127.0,-516.0,986.0,12:28:33.441234
43.0,-442.0,749.0,12:28:33.450600
78.0,-602.0,1001.0,12:28:33.461017
116.0,-422.0,559.0,12:28:33.470387
79.0,-378.0,706.0,12:28:33.480840
92.0,-524.0,900.0,12:28:33.490143
145.0,-456.0,693.0,12:28:33.500706
112.0,-542.0,715.0,12:28:33.510153
27.0,-327.0,714.0,12:28:33.519577
29.0,-373.0,937.0,12:28:33.532057
140.0,-380.0,898.0,12:28:33.539085
-39.0,-335.0,792.0,12:28:33.549622
17.0,-516.0,1107.0,12:28:33.559067
162.0,-519.0,1023.0,12:28:33.569530
66.0,-538.0,971.0,12:28:33.578861
-15.0,-583.0,1010.0,12:28:33.589383
41.0,-648.0,1078.0,12:28:33.598750
138.0,-584.0,567.0,12:28:33.608109
61.0,-218.0,303.0,12:28:33.618617
-5.0,-591.0,1393.0,12:28:33.627907
-15.0,-545.0,935.0,12:28:33.638379
35.0,-468.0,899.0,12:28:33.647693
-158.0,-574.0,1655.0,12:28:33.658158
-98.0,-1100.0,2047.0,12:28:33.667564
194.0,-907.0,743.0,12:28:33.678072
-21.0,-639.0,652.0,12:28:33.687515
85.0,-673.0,930.0,12:28:33.696849
114.0,-356.0,620.0,12:28:33.707444
-48.0,-527.0,683.0,12:28:33.716696
43.0,-556.0,669.0,12:28:33.727146
-142.0,-353.0,436.0,12:28:33.736384
-19.0,-497.0,1134.0,12:28:33.746946
-117.0,-501.0,1411.0,12:28:33.756301
-139.0,-602.0,1037.0,12:28:33.766766
160.0,-461.0,716.0,12:28:33.776160
84.0,-456.0,815.0,12:28:33.785553
116.0,-471.0,1090.0,12:28:33.796027
28.0,-348.0,906.0,12:28:33.805388
-32.0,-524.0,880.0,12:28:33.815826
65.0,-814.0,1015.0,12:28:33.825337
44.0,-530.0,589.0,12:28:33.835786
-110.0,-639.0,1050.0,12:28:33.845251
100.0,-664.0,1013.0,12:28:33.854712
-9.0,-731.0,765.0,12:28:33.865284
89.0,-518.0,560.0,12:28:33.874604
92.0,-646.0,1063.0,12:28:33.883944
-86.0,-716.0,962.0,12:28:33.894415
83.0,-524.0,795.0,12:28:33.903666
-103.0,-481.0,771.0,12:28:33.914110
-146.0,-671.0,818.0,12:28:33.923395
33.0,-315.0,733.0,12:28:33.934029
-58.0,-376.0,747.0,12:28:33.943273
-209.0,-354.0,946.0,12:28:33.953802
66.0,-506.0,950.0,12:28:33.963160
-182.0,-487.0,833.0,12:28:33.973680
-24.0,-503.0,1039.0,12:28:33.983022
37.0,-817.0,1109.0,12:28:33.992386
-56.0,-454.0,535.0,12:28:34.002935
115.0,-464.0,1078.0,12:28:34.012377
-259.0,-264.0,1373.0,12:28:34.022859
8.0,-257.0,988.0,12:28:34.032228
66.0,-356.0,1130.0,12:28:34.042720
-51.0,-495.0,1058.0,12:28:34.052049
151.0,-514.0,1036.0,12:28:34.061410
58.0,-479.0,916.0,12:28:34.071788
14.0,-587.0,901.0,12:28:34.081094
118.0,-423.0,894.0,12:28:34.091581
-52.0,-508.0,974.0,12:28:34.100843
-13.0,-528.0,1058.0,12:28:34.111280
-36.0,-305.0,674.0,12:28:34.120741
-218.0,-389.0,917.0,12:28:34.131196
42.0,-553.0,1187.0,12:28:34.140574
67.0,-525.0,789.0,12:28:34.151032
-26.0,-425.0,620.0,12:28:34.160422
-28.0,-571.0,1099.0,12:28:34.169775
112.0,-535.0,932.0,12:28:34.180305
16.0,-491.0,609.0,12:28:34.189569
50.0,-569.0,1005.0,12:28:34.200089
214.0,-570.0,871.0,12:28:34.209396
51.0,-261.0,501.0,12:28:34.219878
228.0,-547.0,1192.0,12:28:34.229186
163.0,-532.0,1099.0,12:28:34.239777
229.0,-437.0,547.0,12:28:34.249101
208.0,-513.0,921.0,12:28:34.258532
156.0,-686.0,1241.0,12:28:34.268979
191.0,-324.0,738.0,12:28:34.278295
6.0,-755.0,1342.0,12:28:34.288799
83.0,-533.0,701.0,12:28:34.298090
48.0,-617.0,833.0,12:28:34.308731
171.0,-561.0,661.0,12:28:34.318032
-13.0,-332.0,831.0,12:28:34.333752
-162.0,-613.0,1168.0,12:28:34.337551
102.0,-611.0,1138.0,12:28:34.348022
110.0,-671.0,931.0,12:28:34.357505
-49.0,-456.0,729.0,12:28:34.366775
64.0,-620.0,1065.0,12:28:34.377370
15.0,-484.0,982.0,12:28:34.386691
63.0,-443.0,632.0,12:28:34.397240
74.0,-554.0,1210.0,12:28:34.406508
133.0,-645.0,1013.0,12:28:34.417067
89.0,-368.0,557.0,12:28:34.426405
164.0,-553.0,903.0,12:28:34.435801
69.0,-602.0,919.0,12:28:34.446315
153.0,-542.0,765.0,12:28:34.455669
144.0,-280.0,322.0,12:28:34.466150
-94.0,-484.0,1102.0,12:28:34.475526
-39.0,-404.0,1154.0,12:28:34.485957
-125.0,-763.0,1201.0,12:28:34.495332
82.0,-471.0,699.0,12:28:34.504765
-38.0,-528.0,997.0,12:28:34.515234
5.0,-696.0,1009.0,12:28:34.524560
86.0,-481.0,657.0,12:28:34.534955
63.0,-309.0,776.0,12:28:34.544383
-38.0,-679.0,1309.0,12:28:34.554767
20.0,-538.0,730.0,12:28:34.564095
12.0,-602.0,806.0,12:28:34.574491
73.0,-687.0,1134.0,12:28:34.583822
95.0,-523.0,817.0,12:28:34.594260
-115.0,-496.0,530.0,12:28:34.603525
-55.0,-470.0,768.0,12:28:34.614144
-12.0,-538.0,1126.0,12:28:34.623448
-212.0,-516.0,864.0,12:28:34.632930
-316.0,-605.0,1269.0,12:28:34.643409
-89.0,-548.0,947.0,12:28:34.652878
114.0,-628.0,806.0,12:28:34.663288
118.0,-500.0,1006.0,12:28:34.672613
1.0,-503.0,872.0,12:28:34.683018
66.0,-500.0,960.0,12:28:34.692372
91.0,-519.0,1089.0,12:28:34.702870
-83.0,-248.0,488.0,12:28:34.712298
197.0,-400.0,826.0,12:28:34.722755
-154.0,-444.0,1390.0,12:28:34.736963
52.0,-457.0,977.0,12:28:34.741851
103.0,-365.0,528.0,12:28:34.752194
101.0,-468.0,1373.0,12:28:34.761591
17.0,-486.0,1108.0,12:28:34.770993
75.0,-363.0,568.0,12:28:34.781572
-71.0,-559.0,1070.0,12:28:34.790897
100.0,-538.0,819.0,12:28:34.801310
90.0,-398.0,837.0,12:28:34.810724
54.0,-385.0,889.0,12:28:34.821097
26.0,-678.0,1253.0,12:28:34.830422
54.0,-616.0,828.0,12:28:34.840835
211.0,-362.0,707.0,12:28:34.850260
-119.0,-811.0,1494.0,12:28:34.859550
190.0,-517.0,610.0,12:28:34.870057
134.0,-558.0,623.0,12:28:34.879476
13.0,-581.0,867.0,12:28:34.889990
100.0,-263.0,664.0,12:28:34.899392
23.0,-491.0,1103.0,12:28:34.909826
-22.0,-578.0,1119.0,12:28:34.919149
78.0,-489.0,814.0,12:28:34.928646
62.0,-648.0,1015.0,12:28:34.939130
-63.0,-517.0,1038.0,12:28:34.948546
119.0,-489.0,641.0,12:28:34.959071
-71.0,-488.0,1038.0,12:28:34.968351
18.0,-505.0,828.0,12:28:34.978842
30.0,-396.0,723.0,12:28:34.988069
-32.0,-615.0,1399.0,12:28:34.997547
66.0,-702.0,1272.0,12:28:35.007945
42.0,-433.0,492.0,12:28:35.017245
-60.0,-415.0,559.0,12:28:35.028132
58.0,-556.0,1105.0,12:28:35.037545
13.0,-379.0,809.0,12:28:35.046907
52.0,-329.0,848.0,12:28:35.057518
91.0,-714.0,1271.0,12:28:35.066864
52.0,-498.0,549.0,12:28:35.076360
-22.0,-262.0,772.0,12:28:35.086783
-47.0,-526.0,1375.0,12:28:35.096222
28.0,-779.0,1202.0,12:28:35.106695
131.0,-520.0,404.0,12:28:35.115976
-64.0,-550.0,920.0,12:28:35.126441
38.0,-492.0,936.0,12:28:35.135735
139.0,-404.0,972.0,12:28:35.146425
-77.0,-569.0,923.0,12:28:35.155823
135.0,-580.0,624.0,12:28:35.165249
56.0,-538.0,856.0,12:28:35.175629
-44.0,-506.0,1180.0,12:28:35.185135
-3.0,-464.0,992.0,12:28:35.195644
40.0,-676.0,990.0,12:28:35.205067
146.0,-430.0,907.0,12:28:35.214349
101.0,-489.0,977.0,12:28:35.225129
-5.0,-517.0,874.0,12:28:35.234401
22.0,-438.0,976.0,12:28:35.244906
14.0,-403.0,748.0,12:28:35.254355
113.0,-581.0,855.0,12:28:35.263655
15.0,-568.0,1435.0,12:28:35.274131
20.0,-555.0,882.0,12:28:35.283434
7.0,-484.0,725.0,12:28:35.294045
-19.0,-573.0,1144.0,12:28:35.303309
32.0,-558.0,751.0,12:28:35.313806
66.0,-452.0,699.0,12:28:35.323081
-49.0,-449.0,937.0,12:28:35.333550
37.0,-567.0,913.0,12:28:35.342909
142.0,-606.0,1061.0,12:28:35.352204
-7.0,-507.0,810.0,12:28:35.362589
-16.0,-604.0,1148.0,12:28:35.373033
-10.0,-431.0,791.0,12:28:35.382419
108.0,-578.0,646.0,12:28:35.391802
-18.0,-362.0,742.0,12:28:35.402255
88.0,-478.0,1253.0,12:28:35.411745
83.0,-562.0,995.0,12:28:35.422227
69.0,-466.0,437.0,12:28:35.431535
-164.0,-452.0,1143.0,12:28:35.440948
41.0,-716.0,1410.0,12:28:35.451298
99.0,-434.0,591.0,12:28:35.460705
-68.0,-581.0,896.0,12:28:35.471105
156.0,-667.0,1015.0,12:28:35.480549
40.0,-290.0,461.0,12:28:35.490950
-240.0,-713.0,1386.0,12:28:35.500354
-83.0,-590.0,984.0,12:28:35.510756
83.0,-461.0,583.0,12:28:35.520164
-116.0,-447.0,957.0,12:28:35.538188
190.0,-496.0,996.0,12:28:35.539583
-75.0,-165.0,870.0,12:28:35.550029
119.0,-575.0,1184.0,12:28:35.559513
61.0,-548.0,787.0,12:28:35.569921
-47.0,-472.0,895.0,12:28:35.579327
-118.0,-348.0,853.0,12:28:35.589744
204.0,-627.0,964.0,12:28:35.599092
30.0,-387.0,642.0,12:28:35.608598
28.0,-665.0,1189.0,12:28:35.619032
36.0,-383.0,882.0,12:28:35.628325
74.0,-457.0,713.0,12:28:35.638871
67.0,-659.0,1102.0,12:28:35.648110
92.0,-377.0,683.0,12:28:35.658606
-43.0,-386.0,808.0,12:28:35.667926
89.0,-654.0,1028.0,12:28:35.677486
102.0,-381.0,953.0,12:28:35.688055
-12.0,-806.0,1305.0,12:28:35.697441
145.0,-653.0,920.0,12:28:35.708103
46.0,-651.0,900.0,12:28:35.717439
-82.0,-436.0,686.0,12:28:35.726804
18.0,-546.0,897.0,12:28:35.737388
53.0,-371.0,609.0,12:28:35.746756
-50.0,-460.0,1019.0,12:28:35.757160
200.0,-510.0,971.0,12:28:35.766546
107.0,-707.0,1020.0,12:28:35.776958
35.0,-671.0,810.0,12:28:35.786421
134.0,-474.0,774.0,12:28:35.795747
-40.0,-451.0,1082.0,12:28:35.806240
73.0,-373.0,881.0,12:28:35.815670
-32.0,-535.0,1028.0,12:28:35.826192
22.0,-729.0,1052.0,12:28:35.835559
86.0,-411.0,428.0,12:28:35.845915
-17.0,-605.0,1150.0,12:28:35.855349
-25.0,-321.0,921.0,12:28:35.864721
15.0,-496.0,861.0,12:28:35.875320
-53.0,-408.0,727.0,12:28:35.884595
-57.0,-552.0,1031.0,12:28:35.895346
47.0,-362.0,688.0,12:28:35.904626
22.0,-512.0,1324.0,12:28:35.914147
57.0,-488.0,990.0,12:28:35.924653
-47.0,-537.0,900.0,12:28:35.938384
-4.0,-606.0,917.0,12:28:35.944551
-6.0,-560.0,911.0,12:28:35.953829
102.0,-382.0,723.0,12:28:35.963232
-15.0,-505.0,1099.0,12:28:35.973751
90.0,-454.0,867.0,12:28:35.983051
196.0,-560.0,686.0,12:28:35.993539
82.0,-593.0,1007.0,12:28:36.002929
76.0,-356.0,692.0,12:28:36.013456
134.0,-487.0,848.0,12:28:36.022688
112.0,-439.0,736.0,12:28:36.033160
153.0,-559.0,1042.0,12:28:36.042383
-83.0,-393.0,1005.0,12:28:36.053031
80.0,-315.0,945.0,12:28:36.062325
-31.0,-552.0,1129.0,12:28:36.071784
19.0,-554.0,1003.0,12:28:36.082275
108.0,-543.0,967.0,12:28:36.091855
74.0,-424.0,881.0,12:28:36.102362
43.0,-473.0,828.0,12:28:36.111742
20.0,-403.0,951.0,12:28:36.121063
160.0,-364.0,842.0,12:28:36.131674
17.0,-403.0,879.0,12:28:36.141056
-80.0,-486.0,1256.0,12:28:36.151544
112.0,-450.0,806.0,12:28:36.161102
40.0,-289.0,687.0,12:28:36.170336
-8.0,-365.0,1199.0,12:28:36.180810
182.0,-705.0,1382.0,12:28:36.190091
81.0,-226.0,410.0,12:28:36.200708
-19.0,-681.0,1212.0,12:28:36.209945
177.0,-376.0,582.0,12:28:36.220577
155.0,-198.0,730.0,12:28:36.229944
2.0,-623.0,1551.0,12:28:36.239378
17.0,-422.0,825.0,12:28:36.249836
104.0,-769.0,858.0,12:28:36.259128
146.0,-395.0,617.0,12:28:36.269659
85.0,-553.0,1143.0,12:28:36.278944
95.0,-329.0,886.0,12:28:36.289446
306.0,-710.0,970.0,12:28:36.298768
226.0,-220.0,205.0,12:28:36.308300
-11.0,-584.0,1200.0,12:28:36.318746
69.0,-514.0,1380.0,12:28:36.328144
146.0,-671.0,883.0,12:28:36.338586
98.0,-493.0,765.0,12:28:36.348003
138.0,-623.0,1092.0,12:28:36.358519
68.0,-723.0,1158.0,12:28:36.367838
122.0,-270.0,174.0,12:28:36.377260
-49.0,-423.0,705.0,12:28:36.387706
5.0,-603.0,1306.0,12:28:36.396943
-24.0,-541.0,771.0,12:28:36.407476
25.0,-444.0,895.0,12:28:36.416831
122.0,-647.0,1012.0,12:28:36.427296
-171.0,-666.0,1337.0,12:28:36.436582
91.0,-771.0,1077.0,12:28:36.446987
335.0,-582.0,534.0,12:28:36.456439
-123.0,-508.0,971.0,12:28:36.466823
50.0,-652.0,944.0,12:28:36.476279
-133.0,-419.0,463.0,12:28:36.485569
-21.0,-630.0,1116.0,12:28:36.496127
111.0,-619.0,885.0,12:28:36.505404
-57.0,-448.0,826.0,12:28:36.515939
-63.0,-440.0,876.0,12:28:36.525322
174.0,-589.0,980.0,12:28:36.535785
-63.0,-451.0,877.0,12:28:36.545280
110.0,-449.0,729.0,12:28:36.555662
43.0,-607.0,1310.0,12:28:36.565162
96.0,-532.0,1198.0,12:28:36.574466
8.0,-662.0,1079.0,12:28:36.584958
119.0,-529.0,620.0,12:28:36.594275
-125.0,-711.0,1110.0,12:28:36.604834
45.0,-616.0,918.0,12:28:36.614219
124.0,-456.0,400.0,12:28:36.623524
-143.0,-397.0,740.0,12:28:36.634160
62.0,-609.0,970.0,12:28:36.643532
22.0,-277.0,595.0,12:28:36.654101
-3.0,-424.0,886.0,12:28:36.663344
-110.0,-386.0,838.0,12:28:36.672898
20.0,-502.0,913.0,12:28:36.683315
-15.0,-187.0,709.0,12:28:36.692811
123.0,-930.0,1688.0,12:28:36.703324
21.0,-747.0,1544.0,12:28:36.712686
86.0,-598.0,774.0,12:28:36.723057
119.0,-739.0,849.0,12:28:36.740177
11.0,-761.0,1173.0,12:28:36.742727
-33.0,-599.0,494.0,12:28:36.752130
-27.0,-336.0,369.0,12:28:36.762542
-69.0,-452.0,1093.0,12:28:36.771893
-112.0,-429.0,1009.0,12:28:36.782298
-1.0,-508.0,813.0,12:28:36.791781
-149.0,-355.0,1000.0,12:28:36.801034
-11.0,-465.0,1085.0,12:28:36.811532
104.0,-495.0,957.0,12:28:36.820820
-10.0,-443.0,1036.0,12:28:36.831468
240.0,-547.0,1080.0,12:28:36.840852
-11.0,-477.0,701.0,12:28:36.851247
32.0,-345.0,655.0,12:28:36.860784
50.0,-471.0,1045.0,12:28:36.870068
-43.0,-480.0,984.0,12:28:36.880573
117.0,-667.0,803.0,12:28:36.889866
78.0,-365.0,728.0,12:28:36.900394
-50.0,-727.0,1227.0,12:28:36.909731
33.0,-529.0,1075.0,12:28:36.920248
156.0,-707.0,1090.0,12:28:36.929623
2.0,-326.0,264.0,12:28:36.938966
-86.0,-497.0,1292.0,12:28:36.949419
13.0,-493.0,1314.0,12:28:36.958715
-33.0,-307.0,446.0,12:28:36.969170
-36.0,-441.0,707.0,12:28:36.978593
-37.0,-490.0,981.0,12:28:36.989066
57.0,-434.0,1022.0,12:28:36.998380
-44.0,-707.0,1449.0,12:28:37.008913
31.0,-685.0,880.0,12:28:37.018252
185.0,-790.0,623.0,12:28:37.027617
9.0,-491.0,725.0,12:28:37.038031
142.0,-620.0,1107.0,12:28:37.047411
139.0,-422.0,520.0,12:28:37.057901
-27.0,-255.0,460.0,12:28:37.067167
110.0,-533.0,1252.0,12:28:37.077872
-53.0,-355.0,998.0,12:28:37.087178
146.0,-426.0,959.0,12:28:37.096598
72.0,-483.0,904.0,12:28:37.107022
199.0,-656.0,1085.0,12:28:37.116453
51.0,-615.0,1054.0,12:28:37.126911
55.0,-448.0,977.0,12:28:37.142053
216.0,-827.0,1130.0,12:28:37.145853
129.0,-626.0,810.0,12:28:37.156475
-47.0,-471.0,846.0,12:28:37.165782
-2.0,-602.0,958.0,12:28:37.176285
87.0,-300.0,672.0,12:28:37.185560
91.0,-379.0,903.0,12:28:37.196096
14.0,-631.0,1204.0,12:28:37.205379
-59.0,-524.0,696.0,12:28:37.215851
-25.0,-341.0,745.0,12:28:37.225257
14.0,-485.0,993.0,12:28:37.234673
180.0,-685.0,1161.0,12:28:37.245140
-77.0,-581.0,832.0,12:28:37.254476
107.0,-576.0,674.0,12:28:37.264953
145.0,-555.0,848.0,12:28:37.274215
-21.0,-382.0,682.0,12:28:37.284702
158.0,-432.0,1053.0,12:28:37.294050
-9.0,-847.0,1317.0,12:28:37.304537
62.0,-552.0,648.0,12:28:37.313847
91.0,-652.0,1042.0,12:28:37.324245
27.0,-656.0,782.0,12:28:37.333567
179.0,-459.0,478.0,12:28:37.342976
22.0,-469.0,1110.0,12:28:37.353461
114.0,-595.0,925.0,12:28:37.362666
-64.0,-394.0,740.0,12:28:37.373226
-52.0,-328.0,850.0,12:28:37.382522
113.0,-398.0,1252.0,12:28:37.393072
-78.0,-467.0,1236.0,12:28:37.402415
19.0,-629.0,847.0,12:28:37.412067
173.0,-470.0,704.0,12:28:37.422548
78.0,-582.0,1208.0,12:28:37.431852
75.0,-524.0,835.0,12:28:37.442451
33.0,-508.0,752.0,12:28:37.451753
8.0,-607.0,847.0,12:28:37.462216
-34.0,-334.0,637.0,12:28:37.471576
48.0,-367.0,877.0,12:28:37.480920
-111.0,-599.0,1335.0,12:28:37.491448
146.0,-584.0,766.0,12:28:37.500797
-202.0,-334.0,800.0,12:28:37.511349
128.0,-763.0,1159.0,12:28:37.520650
-61.0,-286.0,703.0,12:28:37.531219
-76.0,-589.0,1318.0,12:28:37.540750
95.0,-485.0,819.0,12:28:37.550259
88.0,-643.0,961.0,12:28:37.560778
84.0,-463.0,875.0,12:28:37.570057
36.0,-396.0,932.0,12:28:37.580642
43.0,-612.0,963.0,12:28:37.589980
106.0,-499.0,619.0,12:28:37.599459
76.0,-396.0,968.0,12:28:37.609872
-67.0,-417.0,1058.0,12:28:37.619390
117.0,-472.0,750.0,12:28:37.629813
47.0,-610.0,1255.0,12:28:37.639207
91.0,-480.0,691.0,12:28:37.648636
37.0,-415.0,813.0,12:28:37.659087
44.0,-313.0,1140.0,12:28:37.668452
133.0,-323.0,1014.0,12:28:37.678859
168.0,-443.0,860.0,12:28:37.688282
56.0,-584.0,931.0,12:28:37.698707
82.0,-444.0,671.0,12:28:37.707990
114.0,-575.0,1292.0,12:28:37.718505
203.0,-619.0,1051.0,12:28:37.727805
98.0,-513.0,662.0,12:28:37.738232
176.0,-560.0,810.0,12:28:37.747470
144.0,-461.0,740.0,12:28:37.756835
-103.0,-427.0,1018.0,12:28:37.767381
124.0,-430.0,844.0,12:28:37.776766
-45.0,-633.0,991.0,12:28:37.787293
31.0,-632.0,1106.0,12:28:37.796655
120.0,-486.0,688.0,12:28:37.807101
105.0,-602.0,997.0,12:28:37.816319
58.0,-618.0,933.0,12:28:37.826848
210.0,-525.0,704.0,12:28:37.836187
64.0,-541.0,803.0,12:28:37.846610
-62.0,-433.0,825.0,12:28:37.855990
55.0,-786.0,1151.0,12:28:37.865333
154.0,-529.0,711.0,12:28:37.875711
9.0,-465.0,723.0,12:28:37.885079
76.0,-588.0,1047.0,12:28:37.895616
-138.0,-169.0,726.0,12:28:37.904864
102.0,-799.0,1341.0,12:28:37.915333
95.0,-323.0,523.0,12:28:37.924610
-110.0,-630.0,1343.0,12:28:37.942687
-3.0,-591.0,1042.0,12:28:37.944071
95.0,-450.0,631.0,12:28:37.954387
-71.0,-597.0,1074.0,12:28:37.964799
40.0,-295.0,615.0,12:28:37.974185
96.0,-707.0,1060.0,12:28:37.984557
-69.0,-453.0,873.0,12:28:37.994106
216.0,-665.0,1033.0,12:28:38.003395
-42.0,-558.0,894.0,12:28:38.014020
10.0,-398.0,852.0,12:28:38.023445
104.0,-618.0,1261.0,12:28:38.032869
-83.0,-386.0,542.0,12:28:38.043352
197.0,-508.0,747.0,12:28:38.052641
-60.0,-273.0,745.0,12:28:38.063098
55.0,-469.0,1190.0,12:28:38.072384
-4.0,-363.0,1084.0,12:28:38.082968
47.0,-603.0,991.0,12:28:38.092393
155.0,-556.0,985.0,12:28:38.101761
62.0,-647.0,1173.0,12:28:38.112257
135.0,-466.0,716.0,12:28:38.121493
36.0,-701.0,1144.0,12:28:38.131971
127.0,-746.0,944.0,12:28:38.141182
171.0,-368.0,471.0,12:28:38.151821
66.0,-578.0,936.0,12:28:38.161095
-49.0,-519.0,949.0,12:28:38.171565
-23.0,-400.0,613.0,12:28:38.180898
-25.0,-391.0,848.0,12:28:38.191312
-31.0,-535.0,858.0,12:28:38.200711
41.0,-391.0,928.0,12:28:38.211081
-132.0,-452.0,1156.0,12:28:38.220525
206.0,-836.0,1223.0,12:28:38.229846
-1.0,-621.0,866.0,12:28:38.240339
-82.0,-489.0,973.0,12:28:38.249735
132.0,-619.0,1144.0,12:28:38.260221
72.0,-439.0,375.0,12:28:38.269576
-130.0,-400.0,835.0,12:28:38.280029
2.0,-283.0,779.0,12:28:38.289514
36.0,-243.0,828.0,12:28:38.299861
-103.0,-431.0,1220.0,12:28:38.309145
30.0,-782.0,1290.0,12:28:38.318574
224.0,-496.0,551.0,12:28:38.329034
1.0,-466.0,855.0,12:28:38.340734
162.0,-592.0,1327.0,12:28:38.349698
2.0,-451.0,654.0,12:28:38.358974
58.0,-484.0,618.0,12:28:38.368352
40.0,-412.0,999.0,12:28:38.378741
64.0,-497.0,1068.0,12:28:38.388088
-43.0,-408.0,883.0,12:28:38.397425
63.0,-710.0,1122.0,12:28:38.408011
118.0,-525.0,701.0,12:28:38.417374
124.0,-637.0,768.0,12:28:38.427900
26.0,-451.0,929.0,12:28:38.437261
-68.0,-404.0,921.0,12:28:38.447620
80.0,-377.0,648.0,12:28:38.457060
-128.0,-652.0,1375.0,12:28:38.466377
81.0,-268.0,651.0,12:28:38.477047
172.0,-714.0,880.0,12:28:38.486337
61.0,-505.0,1122.0,12:28:38.496741
160.0,-633.0,1165.0,12:28:38.506065
93.0,-613.0,823.0,12:28:38.516445
54.0,-536.0,520.0,12:28:38.525770
16.0,-465.0,740.0,12:28:38.536308
49.0,-671.0,1190.0,12:28:38.555858
-40.0,-319.0,476.0,12:28:38.565251
-39.0,-419.0,556.0,12:28:38.575850
-89.0,-559.0,1261.0,12:28:38.585238
-33.0,-707.0,1349.0,12:28:38.594677
-106.0,-207.0,653.0,12:28:38.605236
-52.0,-644.0,1112.0,12:28:38.614642
79.0,-683.0,1181.0,12:28:38.625121
143.0,-635.0,1027.0,12:28:38.634504
12.0,-662.0,871.0,12:28:38.643792
198.0,-540.0,390.0,12:28:38.654296
143.0,-664.0,1165.0,12:28:38.663572
22.0,-516.0,1117.0,12:28:38.674083
64.0,-633.0,538.0,12:28:38.683525
-47.0,-596.0,936.0,12:28:38.693977
-59.0,-560.0,1013.0,12:28:38.703341
-48.0,-549.0,1091.0,12:28:38.713745
-31.0,-432.0,680.0,12:28:38.723066
-41.0,-525.0,839.0,12:28:38.733513
27.0,-487.0,1154.0,12:28:38.742908
111.0,-418.0,735.0,12:28:38.752227
-219.0,-477.0,856.0,12:28:38.762619
34.0,-425.0,1127.0,12:28:38.771926
-19.0,-614.0,912.0,12:28:38.782339
86.0,-384.0,792.0,12:28:38.791924
230.0,-357.0,1077.0,12:28:38.802392
-131.0,-550.0,1225.0,12:28:38.811811
323.0,-794.0,956.0,12:28:38.821161
63.0,-403.0,882.0,12:28:38.831537
-28.0,-636.0,907.0,12:28:38.840880
150.0,-560.0,783.0,12:28:38.851275
-31.0,-343.0,729.0,12:28:38.860698
-68.0,-375.0,668.0,12:28:38.871106
41.0,-503.0,1134.0,12:28:38.880383
63.0,-727.0,1121.0,12:28:38.890805
-19.0,-533.0,1302.0,12:28:38.900102
227.0,-768.0,1251.0,12:28:38.910703
211.0,-589.0,675.0,12:28:38.920092
206.0,-911.0,1025.0,12:28:38.930692
10.0,-340.0,499.0,12:28:38.939962
14.0,-444.0,820.0,12:28:38.949533
148.0,-502.0,1057.0,12:28:38.959938
182.0,-478.0,470.0,12:28:38.969368
-61.0,-179.0,619.0,12:28:38.979843
21.0,-380.0,1231.0,12:28:38.989152
104.0,-319.0,939.0,12:28:38.998698
132.0,-345.0,922.0,12:28:39.009056
60.0,-422.0,902.0,12:28:39.018477
145.0,-454.0,1018.0,12:28:39.028861
18.0,-477.0,973.0,12:28:39.038235
36.0,-404.0,1131.0,12:28:39.048630
-1.0,-577.0,1156.0,12:28:39.057947
81.0,-344.0,756.0,12:28:39.068526
-81.0,-607.0,1073.0,12:28:39.077888
71.0,-397.0,742.0,12:28:39.087253
75.0,-229.0,429.0,12:28:39.097647
59.0,-670.0,1333.0,12:28:39.107098
206.0,-525.0,938.0,12:28:39.117536
34.0,-637.0,817.0,12:28:39.126913
105.0,-536.0,917.0,12:28:39.137395
69.0,-544.0,1158.0,12:28:39.150764
64.0,-526.0,711.0,12:28:39.156710
259.0,-394.0,505.0,12:28:39.167110
31.0,-421.0,1092.0,12:28:39.176512
-28.0,-334.0,1031.0,12:28:39.185842
103.0,-523.0,944.0,12:28:39.196370
-75.0,-593.0,937.0,12:28:39.205636
84.0,-687.0,1027.0,12:28:39.216030
38.0,-515.0,760.0,12:28:39.225431
-30.0,-447.0,795.0,12:28:39.235822
172.0,-693.0,1059.0,12:28:39.245281
29.0,-267.0,512.0,12:28:39.255791
-72.0,-339.0,1028.0,12:28:39.265178
-53.0,-510.0,1262.0,12:28:39.274494
-100.0,-344.0,809.0,12:28:39.285015
-39.0,-660.0,1156.0,12:28:39.294382
32.0,-658.0,1004.0,12:28:39.304842
71.0,-675.0,1183.0,12:28:39.314201
92.0,-625.0,1043.0,12:28:39.324539
198.0,-457.0,486.0,12:28:39.334082
113.0,-520.0,759.0,12:28:39.344582
-7.0,-527.0,1023.0,12:28:39.353956
151.0,-437.0,695.0,12:28:39.363281
-74.0,-449.0,746.0,12:28:39.373940
-18.0,-609.0,1105.0,12:28:39.383333
111.0,-645.0,939.0,12:28:39.392749
83.0,-562.0,929.0,12:28:39.403440
200.0,-460.0,705.0,12:28:39.412891
118.0,-576.0,1105.0,12:28:39.422306
44.0,-466.0,929.0,12:28:39.432825
171.0,-591.0,698.0,12:28:39.442186
67.0,-612.0,754.0,12:28:39.452553
-12.0,-452.0,711.0,12:28:39.461845
39.0,-540.0,1080.0,12:28:39.472390
24.0,-517.0,897.0,12:28:39.481773
30.0,-612.0,1127.0,12:28:39.491217
71.0,-478.0,933.0,12:28:39.501689
-66.0,-494.0,947.0,12:28:39.511147
61.0,-536.0,942.0,12:28:39.521539
-105.0,-528.0,982.0,12:28:39.530940
253.0,-626.0,1022.0,12:28:39.548579
-129.0,-464.0,881.0,12:28:39.552389
41.0,-543.0,875.0,12:28:39.560710
56.0,-378.0,440.0,12:28:39.571104
-81.0,-284.0,1029.0,12:28:39.580397
-175.0,-595.0,1441.0,12:28:39.589755
-63.0,-707.0,877.0,12:28:39.600172
16.0,-567.0,619.0,12:28:39.609559
145.0,-558.0,806.0,12:28:39.619912
-12.0,-512.0,888.0,12:28:39.629373
17.0,-497.0,1111.0,12:28:39.639860
132.0,-857.0,1150.0,12:28:39.649185
-64.0,-446.0,455.0,12:28:39.659797
23.0,-864.0,1252.0,12:28:39.669166
-142.0,-482.0,959.0,12:28:39.678544
46.0,-434.0,858.0,12:28:39.689038
-15.0,-487.0,804.0,12:28:39.698302
145.0,-478.0,212.0,12:28:39.708755
-127.0,-165.0,294.0,12:28:39.718063
-335.0,-568.0,1886.0,12:28:39.728555
59.0,-531.0,1605.0,12:28:39.738046
-83.0,-741.0,831.0,12:28:39.748503
-216.0,-622.0,773.0,12:28:39.757841
108.0,-652.0,999.0,12:28:39.767183
-79.0,-456.0,839.0,12:28:39.777668
-170.0,-305.0,479.0,12:28:39.787000
132.0,-587.0,920.0,12:28:39.797630
-175.0,-361.0,663.0,12:28:39.806922
58.0,-310.0,755.0,12:28:39.817530
-212.0,-712.0,1660.0,12:28:39.826805
7.0,-731.0,1169.0,12:28:39.836169
70.0,-717.0,827.0,12:28:39.846842
-29.0,-321.0,286.0,12:28:39.856235
-41.0,-250.0,950.0,12:28:39.866889
51.0,-499.0,1257.0,12:28:39.876254
41.0,-295.0,406.0,12:28:39.885666
-16.0,-501.0,1059.0,12:28:39.896249
90.0,-619.0,998.0,12:28:39.905611
152.0,-723.0,1019.0,12:28:39.916064
-21.0,-677.0,1141.0,12:28:39.925446
252.0,-706.0,783.0,12:28:39.934769
90.0,-342.0,444.0,12:28:39.945225
5.0,-365.0,733.0,12:28:39.954640
-59.0,-233.0,994.0,12:28:39.965181
-53.0,-358.0,1055.0,12:28:39.974574
0.0,-360.0,719.0,12:28:39.983930
188.0,-759.0,1333.0,12:28:39.994403
176.0,-702.0,1170.0,12:28:40.004800
15.0,-476.0,969.0,12:28:40.014212
95.0,-545.0,1034.0,12:28:40.023470
107.0,-199.0,630.0,12:28:40.034025
68.0,-398.0,1174.0,12:28:40.043362
103.0,-493.0,905.0,12:28:40.053919
9.0,-261.0,444.0,12:28:40.063282
118.0,-600.0,1201.0,12:28:40.072610
197.0,-730.0,932.0,12:28:40.083080
135.0,-465.0,569.0,12:28:40.093442
184.0,-559.0,1064.0,12:28:40.102958
97.0,-363.0,791.0,12:28:40.112216
7.0,-481.0,1078.0,12:28:40.122664
12.0,-457.0,820.0,12:28:40.131946
233.0,-812.0,1330.0,12:28:40.142455
72.0,-552.0,597.0,12:28:40.151834
190.0,-579.0,851.0,12:28:40.162215
57.0,-734.0,1102.0,12:28:40.171509
196.0,-598.0,450.0,12:28:40.181991
28.0,-621.0,1102.0,12:28:40.191272
-49.0,-476.0,818.0,12:28:40.201738
64.0,-445.0,806.0,12:28:40.211205
-21.0,-683.0,1189.0,12:28:40.220607
20.0,-584.0,954.0,12:28:40.231096
-74.0,-567.0,759.0,12:28:40.240485
-75.0,-767.0,1308.0,12:28:40.250964
-114.0,-535.0,889.0,12:28:40.260262
-68.0,-590.0,772.0,12:28:40.270753
-102.0,-474.0,676.0,12:28:40.280023
-220.0,-376.0,1110.0,12:28:40.290670
-85.0,-374.0,811.0,12:28:40.300103
-73.0,-734.0,1101.0,12:28:40.309554
56.0,-338.0,410.0,12:28:40.320117
-160.0,-498.0,955.0,12:28:40.329462
115.0,-673.0,1143.0,12:28:40.338941
68.0,-457.0,605.0,12:28:40.350385
3.0,-487.0,1051.0,12:28:40.358461
58.0,-432.0,1023.0,12:28:40.368984
-83.0,-344.0,895.0,12:28:40.378290
68.0,-455.0,906.0,12:28:40.388797
65.0,-626.0,1156.0,12:28:40.398169
127.0,-386.0,635.0,12:28:40.408743
-24.0,-473.0,1087.0,12:28:40.418065
-4.0,-540.0,1263.0,12:28:40.427463
24.0,-368.0,656.0,12:28:40.437906
78.0,-518.0,957.0,12:28:40.447341
-65.0,-397.0,759.0,12:28:40.457851
-80.0,-504.0,1108.0,12:28:40.467204
-1.0,-382.0,756.0,12:28:40.477789
12.0,-344.0,866.0,12:28:40.487066
-36.0,-520.0,1243.0,12:28:40.496432
8.0,-333.0,776.0,12:28:40.506912
7.0,-237.0,1080.0,12:28:40.516352
160.0,-591.0,1212.0,12:28:40.526835
92.0,-350.0,693.0,12:28:40.536411
102.0,-478.0,1274.0,12:28:40.545661
155.0,-710.0,1069.0,12:28:40.556260
301.0,-138.0,256.0,12:28:40.565551
125.0,-463.0,1041.0,12:28:40.576045
228.0,-688.0,1116.0,12:28:40.585412
259.0,-365.0,691.0,12:28:40.595893
170.0,-496.0,954.0,12:28:40.605201
177.0,-617.0,1036.0,12:28:40.615534
69.0,-217.0,353.0,12:28:40.624910
67.0,-523.0,1154.0,12:28:40.635347
147.0,-579.0,1465.0,12:28:40.644692
3.0,-511.0,716.0,12:28:40.655187
201.0,-686.0,749.0,12:28:40.664692
46.0,-601.0,1078.0,12:28:40.674018
125.0,-542.0,819.0,12:28:40.684570
85.0,-428.0,613.0,12:28:40.693877
-4.0,-630.0,1030.0,12:28:40.704336
33.0,-422.0,573.0,12:28:40.713646
-5.0,-459.0,1056.0,12:28:40.724099
33.0,-504.0,956.0,12:28:40.733434
-41.0,-668.0,1169.0,12:28:40.749656
-24.0,-770.0,1053.0,12:28:40.754139
164.0,-661.0,821.0,12:28:40.763537
47.0,-522.0,914.0,12:28:40.772932
160.0,-579.0,1034.0,12:28:40.782416
190.0,-428.0,587.0,12:28:40.792958
-56.0,-267.0,754.0,12:28:40.802360
74.0,-686.0,1269.0,12:28:40.812836
-31.0,-636.0,990.0,12:28:40.822324
-74.0,-409.0,551.0,12:28:40.831720
35.0,-613.0,973.0,12:28:40.842196
129.0,-565.0,1002.0,12:28:40.851542
-103.0,-387.0,747.0,12:28:40.862054
84.0,-561.0,851.0,12:28:40.871457
-64.0,-547.0,990.0,12:28:40.880810
138.0,-588.0,989.0,12:28:40.891292
13.0,-511.0,1011.0,12:28:40.900667
-105.0,-512.0,1003.0,12:28:40.911059
62.0,-539.0,931.0,12:28:40.920395
-77.0,-439.0,675.0,12:28:40.930818
-48.0,-725.0,1031.0,12:28:40.940129
47.0,-512.0,966.0,12:28:40.950670
169.0,-602.0,1006.0,12:28:40.959933
-45.0,-411.0,723.0,12:28:40.970549
-9.0,-543.0,913.0,12:28:40.979934
128.0,-568.0,876.0,12:28:40.989405
157.0,-436.0,533.0,12:28:40.999788
-51.0,-310.0,963.0,12:28:41.009111
-16.0,-553.0,1239.0,12:28:41.019622
65.0,-431.0,777.0,12:28:41.028955
135.0,-409.0,855.0,12:28:41.039397
0.0,-561.0,1199.0,12:28:41.048787
4.0,-663.0,960.0,12:28:41.059140
16.0,-500.0,1020.0,12:28:41.068586
60.0,-575.0,903.0,12:28:41.078930
58.0,-579.0,876.0,12:28:41.088404
46.0,-450.0,869.0,12:28:41.097716
111.0,-391.0,638.0,12:28:41.108157
-138.0,-394.0,1148.0,12:28:41.117584
-122.0,-428.0,838.0,12:28:41.128035
-35.0,-510.0,963.0,12:28:41.137431
82.0,-520.0,878.0,12:28:41.146902
-49.0,-598.0,1298.0,12:28:41.157445
215.0,-665.0,1096.0,12:28:41.166796
-99.0,-518.0,600.0,12:28:41.177175
-17.0,-619.0,1082.0,12:28:41.186465
163.0,-448.0,1042.0,12:28:41.197016
74.0,-476.0,582.0,12:28:41.206291
16.0,-580.0,832.0,12:28:41.216748
8.0,-462.0,786.0,12:28:41.226026
48.0,-367.0,875.0,12:28:41.235486
83.0,-696.0,1469.0,12:28:41.245994
1.0,-480.0,695.0,12:28:41.255398
41.0,-464.0,865.0,12:28:41.265765
-135.0,-474.0,976.0,12:28:41.275302
118.0,-523.0,851.0,12:28:41.285766
-157.0,-488.0,1048.0,12:28:41.295186
49.0,-522.0,799.0,12:28:41.304492
125.0,-517.0,869.0,12:28:41.315029
-77.0,-237.0,697.0,12:28:41.334593
106.0,-539.0,1134.0,12:28:41.344076
109.0,-503.0,969.0,12:28:41.354514
130.0,-717.0,1060.0,12:28:41.363859
-47.0,-661.0,993.0,12:28:41.374260
110.0,-693.0,960.0,12:28:41.383639
130.0,-457.0,635.0,12:28:41.394048
30.0,-299.0,700.0,12:28:41.403368
52.0,-384.0,706.0,12:28:41.413750
41.0,-487.0,969.0,12:28:41.423112
12.0,-433.0,971.0,12:28:41.433509
223.0,-722.0,1106.0,12:28:41.442911
131.0,-551.0,994.0,12:28:41.453286
173.0,-729.0,1012.0,12:28:41.462642
31.0,-494.0,814.0,12:28:41.473013
185.0,-473.0,846.0,12:28:41.482343
71.0,-558.0,952.0,12:28:41.492741
-74.0,-437.0,799.0,12:28:41.502089
30.0,-516.0,836.0,12:28:41.511399
28.0,-457.0,847.0,12:28:41.521882
-19.0,-480.0,918.0,12:28:41.531230
10.0,-335.0,933.0,12:28:41.541851
68.0,-597.0,1013.0,12:28:41.553351
176.0,-442.0,837.0,12:28:41.561843
-40.0,-483.0,1025.0,12:28:41.571167
105.0,-475.0,814.0,12:28:41.580523
158.0,-441.0,812.0,12:28:41.591063
-63.0,-488.0,1065.0,12:28:41.600397
102.0,-362.0,812.0,12:28:41.610912
87.0,-648.0,1223.0,12:28:41.620240
51.0,-399.0,676.0,12:28:41.630682
54.0,-510.0,877.0,12:28:41.640007
99.0,-664.0,894.0,12:28:41.650431
67.0,-474.0,758.0,12:28:41.659866
-169.0,-519.0,1301.0,12:28:41.669097
-49.0,-465.0,937.0,12:28:41.679747
132.0,-768.0,998.0,12:28:41.689141
171.0,-597.0,633.0,12:28:41.698673
-76.0,-551.0,930.0,12:28:41.709168
126.0,-475.0,969.0,12:28:41.718675
-28.0,-393.0,937.0,12:28:41.729092
96.0,-622.0,1255.0,12:28:41.738633
60.0,-507.0,917.0,12:28:41.749030
115.0,-428.0,665.0,12:28:41.758399
5.0,-532.0,830.0,12:28:41.767695
-146.0,-540.0,1193.0,12:28:41.778119
106.0,-491.0,874.0,12:28:41.787517
127.0,-514.0,778.0,12:28:41.797958
9.0,-380.0,805.0,12:28:41.807391
-62.0,-369.0,974.0,12:28:41.817950
-58.0,-348.0,881.0,12:28:41.827268
13.0,-530.0,903.0,12:28:41.837663
-16.0,-395.0,902.0,12:28:41.847116
19.0,-492.0,1138.0,12:28:41.856382
-4.0,-543.0,1013.0,12:28:41.866835
19.0,-470.0,896.0,12:28:41.876202
133.0,-545.0,877.0,12:28:41.886710
62.0,-642.0,1049.0,12:28:41.895996
252.0,-393.0,679.0,12:28:41.906427
-107.0,-400.0,891.0,12:28:41.915794
145.0,-505.0,885.0,12:28:41.925354
32.0,-298.0,767.0,12:28:41.935735
61.0,-470.0,1034.0,12:28:41.945122
35.0,-644.0,1180.0,12:28:41.957347
4.0,-492.0,792.0,12:28:41.965603
113.0,-728.0,1162.0,12:28:41.974894
74.0,-214.0,438.0,12:28:41.985318
177.0,-723.0,1514.0,12:28:41.994657
195.0,-617.0,776.0,12:28:42.005152
172.0,-465.0,611.0,12:28:42.014446
147.0,-397.0,744.0,12:28:42.024904
82.0,-645.0,1213.0,12:28:42.034187
92.0,-458.0,859.0,12:28:42.044726
-84.0,-584.0,960.0,12:28:42.054121
90.0,-485.0,748.0,12:28:42.063477
-102.0,-329.0,728.0,12:28:42.074042
19.0,-542.0,979.0,12:28:42.083429
-29.0,-557.0,1148.0,12:28:42.093918
60.0,-636.0,1114.0,12:28:42.103345
-96.0,-442.0,830.0,12:28:42.112652
-46.0,-516.0,829.0,12:28:42.123242
-43.0,-416.0,803.0,12:28:42.132561
4.0,-329.0,752.0,12:28:42.143098
-58.0,-550.0,1097.0,12:28:42.152379
18.0,-630.0,922.0,12:28:42.161843
31.0,-570.0,829.0,12:28:42.172377
-37.0,-637.0,1123.0,12:28:42.181803
143.0,-684.0,921.0,12:28:42.192281
38.0,-531.0,730.0,12:28:42.201791
54.0,-503.0,774.0,12:28:42.211127
76.0,-432.0,768.0,12:28:42.221633
126.0,-406.0,919.0,12:28:42.231044
-28.0,-502.0,1017.0,12:28:42.241468
107.0,-419.0,678.0,12:28:42.250914
-36.0,-487.0,899.0,12:28:42.261319
53.0,-520.0,1154.0,12:28:42.270759
57.0,-465.0,788.0,12:28:42.281131
56.0,-551.0,1014.0,12:28:42.290527
6.0,-673.0,991.0,12:28:42.299869
197.0,-573.0,867.0,12:28:42.310380
102.0,-478.0,915.0,12:28:42.319639
147.0,-457.0,875.0,12:28:42.330078
0.0,-362.0,868.0,12:28:42.339411
10.0,-342.0,879.0,12:28:42.349963
-20.0,-598.0,1015.0,12:28:42.359417
117.0,-503.0,903.0,12:28:42.369858
31.0,-325.0,783.0,12:28:42.379161
79.0,-544.0,1034.0,12:28:42.388563
-83.0,-560.0,1184.0,12:28:42.398960
102.0,-588.0,839.0,12:28:42.408261
10.0,-617.0,1087.0,12:28:42.429013
75.0,-510.0,972.0,12:28:42.438291
89.0,-570.0,731.0,12:28:42.447634
164.0,-641.0,840.0,12:28:42.458169
135.0,-620.0,885.0,12:28:42.467466
-9.0,-410.0,694.0,12:28:42.478450
58.0,-419.0,931.0,12:28:42.487829
-120.0,-455.0,1046.0,12:28:42.497323
129.0,-805.0,948.0,12:28:42.507743
-49.0,-366.0,410.0,12:28:42.517090
-53.0,-637.0,1288.0,12:28:42.527568
-72.0,-595.0,1341.0,12:28:42.536933
10.0,-436.0,546.0,12:28:42.546393
-28.0,-377.0,806.0,12:28:42.556896
56.0,-542.0,1114.0,12:28:42.566290
46.0,-349.0,743.0,12:28:42.576759
-5.0,-556.0,1157.0,12:28:42.586102
42.0,-667.0,1239.0,12:28:42.595521
-4.0,-513.0,492.0,12:28:42.605934
-95.0,-530.0,1044.0,12:28:42.615476
75.0,-629.0,1198.0,12:28:42.625973
-3.0,-509.0,626.0,12:28:42.635263
-113.0,-437.0,666.0,12:28:42.644702
-32.0,-346.0,700.0,12:28:42.655215
-105.0,-366.0,938.0,12:28:42.664552
-5.0,-497.0,1081.0,12:28:42.675040
-79.0,-455.0,971.0,12:28:42.684457
58.0,-495.0,1159.0,12:28:42.695056
34.0,-499.0,905.0,12:28:42.704400
77.0,-586.0,895.0,12:28:42.713654
82.0,-548.0,898.0,12:28:42.724190
100.0,-345.0,707.0,12:28:42.733437
211.0,-537.0,913.0,12:28:42.744006
-63.0,-364.0,821.0,12:28:42.756020
-41.0,-439.0,798.0,12:28:42.763379
-17.0,-473.0,1184.0,12:28:42.772891
71.0,-608.0,1112.0,12:28:42.783331
89.0,-491.0,823.0,12:28:42.792660
240.0,-567.0,925.0,12:28:42.803070
147.0,-474.0,947.0,12:28:42.812489
142.0,-514.0,982.0,12:28:42.822970
150.0,-626.0,1010.0,12:28:42.832251
12.0,-476.0,825.0,12:28:42.842725
152.0,-593.0,936.0,12:28:42.852010
65.0,-491.0,749.0,12:28:42.862480
151.0,-504.0,963.0,12:28:42.871773
130.0,-482.0,893.0,12:28:42.882211
33.0,-510.0,861.0,12:28:42.891490
-12.0,-384.0,711.0,12:28:42.901965
149.0,-503.0,1130.0,12:28:42.911333
125.0,-640.0,925.0,12:28:42.920732
59.0,-503.0,802.0,12:28:42.931101
64.0,-654.0,958.0,12:28:42.940382
220.0,-697.0,957.0,12:28:42.950834
37.0,-476.0,940.0,12:28:42.960161
93.0,-462.0,828.0,12:28:42.970658
45.0,-639.0,1091.0,12:28:42.980015
-28.0,-498.0,909.0,12:28:42.990637
4.0,-636.0,993.0,12:28:42.999878
-52.0,-583.0,912.0,12:28:43.010431
121.0,-673.0,732.0,12:28:43.019712
34.0,-393.0,849.0,12:28:43.029068
30.0,-405.0,795.0,12:28:43.039583
-93.0,-444.0,938.0,12:28:43.048898
-63.0,-476.0,947.0,12:28:43.059401
-153.0,-407.0,933.0,12:28:43.068843
-88.0,-368.0,869.0,12:28:43.079408
104.0,-505.0,973.0,12:28:43.088735
40.0,-635.0,1201.0,12:28:43.098126
154.0,-582.0,796.0,12:28:43.108739
97.0,-554.0,724.0,12:28:43.118090
9.0,-481.0,940.0,12:28:43.128571
77.0,-457.0,819.0,12:28:43.138105
20.0,-599.0,873.0,12:28:43.147447
157.0,-572.0,562.0,12:28:43.157860
79.0,-536.0,1128.0,12:28:43.167425
193.0,-597.0,993.0,12:28:43.177812
-48.0,-488.0,928.0,12:28:43.187272
-56.0,-716.0,1258.0,12:28:43.196575
6.0,-539.0,680.0,12:28:43.207118
-157.0,-551.0,1017.0,12:28:43.216407
63.0,-526.0,936.0,12:28:43.226878
-150.0,-419.0,869.0,12:28:43.236364
-86.0,-376.0,880.0,12:28:43.246852
-12.0,-614.0,1074.0,12:28:43.256348
-4.0,-530.0,877.0,12:28:43.265622
-30.0,-435.0,967.0,12:28:43.276079
12.0,-370.0,1114.0,12:28:43.285371
-9.0,-443.0,996.0,12:28:43.295866
56.0,-333.0,669.0,12:28:43.305261
30.0,-407.0,761.0,12:28:43.315836
49.0,-434.0,1042.0,12:28:43.325184
12.0,-353.0,989.0,12:28:43.334555
-8.0,-377.0,862.0,12:28:43.344968
137.0,-546.0,990.0,12:28:43.354317
66.0,-493.0,838.0,12:28:43.364723
110.0,-583.0,981.0,12:28:43.374084
34.0,-501.0,840.0,12:28:43.384504
-77.0,-409.0,796.0,12:28:43.393757
182.0,-756.0,1210.0,12:28:43.404295
73.0,-581.0,751.0,12:28:43.413578
7.0,-569.0,889.0,12:28:43.424092
161.0,-621.0,1146.0,12:28:43.433393
167.0,-624.0,801.0,12:28:43.443998
100.0,-441.0,653.0,12:28:43.453345
-15.0,-474.0,1075.0,12:28:43.462754
72.0,-412.0,984.0,12:28:43.473145
99.0,-442.0,737.0,12:28:43.482539
-144.0,-405.0,968.0,12:28:43.492942
25.0,-483.0,969.0,12:28:43.502281
13.0,-465.0,736.0,12:28:43.512756
27.0,-602.0,1107.0,12:28:43.522107
42.0,-456.0,929.0,12:28:43.532526
29.0,-561.0,885.0,12:28:43.541829
-17.0,-521.0,883.0,12:28:43.552367
43.0,-499.0,805.0,12:28:43.561843
119.0,-329.0,770.0,12:28:43.571219
-62.0,-445.0,1028.0,12:28:43.581696
10.0,-476.0,979.0,12:28:43.591251
52.0,-621.0,889.0,12:28:43.600585
112.0,-510.0,884.0,12:28:43.611054
105.0,-429.0,891.0,12:28:43.620365
-71.0,-458.0,1095.0,12:28:43.630864
156.0,-630.0,1098.0,12:28:43.640250
286.0,-501.0,792.0,12:28:43.650875
74.0,-472.0,917.0,12:28:43.660186
136.0,-661.0,1262.0,12:28:43.670676
185.0,-596.0,888.0,12:28:43.679968
125.0,-516.0,781.0,12:28:43.689491
154.0,-620.0,972.0,12:28:43.700012
101.0,-619.0,1014.0,12:28:43.709412
167.0,-484.0,796.0,12:28:43.719825
36.0,-466.0,672.0,12:28:43.729057
59.0,-406.0,726.0,12:28:43.739590
22.0,-396.0,964.0,12:28:43.748889
45.0,-574.0,1088.0,12:28:43.759417
-12.0,-513.0,895.0,12:28:43.768704
67.0,-558.0,944.0,12:28:43.778071
-52.0,-470.0,849.0,12:28:43.788614
102.0,-683.0,1115.0,12:28:43.798005
5.0,-486.0,859.0,12:28:43.808490
28.0,-437.0,787.0,12:28:43.817799
44.0,-698.0,1104.0,12:28:43.828247
-106.0,-477.0,823.0,12:28:43.837529
37.0,-669.0,1025.0,12:28:43.848059
60.0,-551.0,1018.0,12:28:43.857380
-42.0,-546.0,703.0,12:28:43.866714
151.0,-730.0,891.0,12:28:43.877119
-22.0,-425.0,884.0,12:28:43.886502
1.0,-440.0,966.0,12:28:43.896887
177.0,-511.0,870.0,12:28:43.906278
-69.0,-371.0,714.0,12:28:43.916643
125.0,-479.0,903.0,12:28:43.926000
35.0,-523.0,942.0,12:28:43.936428
-27.0,-398.0,895.0,12:28:43.945792
-53.0,-529.0,919.0,12:28:43.959583
19.0,-644.0,883.0,12:28:43.965793
-35.0,-491.0,950.0,12:28:43.975249
