86.0,-515.0,1111.0,12:32:27.489606
140.0,-471.0,839.0,12:32:27.493247
100.0,-491.0,772.0,12:32:27.502615
139.0,-529.0,1129.0,12:32:27.522063
15.0,-570.0,878.0,12:32:27.532519
56.0,-547.0,759.0,12:32:27.541788
22.0,-488.0,821.0,12:32:27.552179
14.0,-591.0,1109.0,12:32:27.561507
-38.0,-402.0,846.0,12:32:27.571982
140.0,-542.0,849.0,12:32:27.581341
28.0,-584.0,1055.0,12:32:27.591846
181.0,-609.0,991.0,12:32:27.601070
-5.0,-563.0,822.0,12:32:27.611638
95.0,-637.0,884.0,12:32:27.620959
171.0,-634.0,850.0,12:32:27.631410
166.0,-615.0,813.0,12:32:27.640712
-26.0,-559.0,849.0,12:32:27.651307
-29.0,-607.0,858.0,12:32:27.660654
17.0,-701.0,954.0,12:32:27.669996
56.0,-614.0,942.0,12:32:27.680439
-100.0,-546.0,1006.0,12:32:27.689766
135.0,-650.0,799.0,12:32:27.700224
-69.0,-509.0,1019.0,12:32:27.709580
86.0,-387.0,661.0,12:32:27.720067
-45.0,-276.0,515.0,12:32:27.736680
-6.0,-310.0,724.0,12:32:27.740685
-73.0,-576.0,1439.0,12:32:27.748889
-186.0,-530.0,1118.0,12:32:27.759472
-6.0,-660.0,969.0,12:32:27.768850
30.0,-625.0,1206.0,12:32:27.779329
91.0,-512.0,901.0,12:32:27.788680
-1.0,-595.0,909.0,12:32:27.799084
-31.0,-597.0,957.0,12:32:27.808699
88.0,-464.0,471.0,12:32:27.817952
-41.0,-248.0,646.0,12:32:27.828496
48.0,-721.0,1338.0,12:32:27.837848
-50.0,-390.0,1031.0,12:32:27.848429
135.0,-576.0,853.0,12:32:27.857790
-33.0,-553.0,983.0,12:32:27.867155
237.0,-520.0,947.0,12:32:27.877600
68.0,-364.0,910.0,12:32:27.887033
78.0,-436.0,829.0,12:32:27.897481
161.0,-346.0,684.0,12:32:27.906816
34.0,-408.0,974.0,12:32:27.917407
-42.0,-495.0,1289.0,12:32:27.926673
137.0,-459.0,942.0,12:32:27.937158
74.0,-558.0,1107.0,12:32:27.946460
43.0,-379.0,769.0,12:32:27.956978
-16.0,-423.0,871.0,12:32:27.966367
185.0,-391.0,994.0,12:32:27.975796
-112.0,-535.0,943.0,12:32:27.986275
83.0,-474.0,721.0,12:32:27.995635
38.0,-533.0,1045.0,12:32:28.005997
31.0,-578.0,1013.0,12:32:28.015293
68.0,-405.0,968.0,12:32:28.025774
-60.0,-569.0,1235.0,12:32:28.035151
181.0,-625.0,780.0,12:32:28.045601
36.0,-481.0,665.0,12:32:28.054861
-22.0,-551.0,940.0,12:32:28.065418
53.0,-462.0,754.0,12:32:28.074787
76.0,-396.0,787.0,12:32:28.084169
13.0,-618.0,1190.0,12:32:28.094572
95.0,-578.0,921.0,12:32:28.104062
-33.0,-579.0,978.0,12:32:28.114478
132.0,-548.0,840.0,12:32:28.123817
-58.0,-472.0,1091.0,12:32:28.141027
39.0,-595.0,844.0,12:32:28.143573
222.0,-405.0,576.0,12:32:28.154170
-66.0,-548.0,869.0,12:32:28.163503
-38.0,-341.0,850.0,12:32:28.172886
68.0,-505.0,961.0,12:32:28.183401
-143.0,-476.0,1043.0,12:32:28.192805
-20.0,-521.0,1133.0,12:32:28.203301
37.0,-729.0,1162.0,12:32:28.212648
-66.0,-627.0,730.0,12:32:28.223132
110.0,-663.0,806.0,12:32:28.232520
-67.0,-489.0,834.0,12:32:28.243053
-33.0,-354.0,592.0,12:32:28.252310
-42.0,-474.0,1130.0,12:32:28.261877
89.0,-587.0,950.0,12:32:28.272228
-38.0,-439.0,879.0,12:32:28.281599
114.0,-353.0,735.0,12:32:28.292121
129.0,-587.0,1138.0,12:32:28.301524
83.0,-509.0,844.0,12:32:28.311977
227.0,-717.0,970.0,12:32:28.321283
10.0,-595.0,982.0,12:32:28.330652
64.0,-478.0,637.0,12:32:28.341271
96.0,-669.0,1051.0,12:32:28.350631
-24.0,-547.0,1050.0,12:32:28.361137
-19.0,-434.0,598.0,12:32:28.370705
-95.0,-517.0,713.0,12:32:28.379959
36.0,-593.0,1292.0,12:32:28.390528
-10.0,-499.0,858.0,12:32:28.399786
83.0,-445.0,565.0,12:32:28.410329
-20.0,-675.0,1275.0,12:32:28.419652
115.0,-433.0,956.0,12:32:28.430123
-94.0,-406.0,814.0,12:32:28.439587
-18.0,-335.0,812.0,12:32:28.450051
138.0,-523.0,1002.0,12:32:28.459450
-73.0,-620.0,1066.0,12:32:28.468726
34.0,-493.0,634.0,12:32:28.479186
-129.0,-440.0,817.0,12:32:28.488635
23.0,-601.0,1117.0,12:32:28.499127
1.0,-725.0,1155.0,12:32:28.508459
-26.0,-522.0,958.0,12:32:28.519096
151.0,-529.0,851.0,12:32:28.528458
43.0,-531.0,833.0,12:32:28.537797
54.0,-393.0,829.0,12:32:28.548178
34.0,-314.0,642.0,12:32:28.557583
-77.0,-333.0,897.0,12:32:28.567977
-47.0,-580.0,1114.0,12:32:28.577480
20.0,-434.0,721.0,12:32:28.587902
12.0,-473.0,873.0,12:32:28.597317
-33.0,-501.0,1237.0,12:32:28.607741
14.0,-448.0,897.0,12:32:28.617071
-16.0,-635.0,907.0,12:32:28.627542
-96.0,-421.0,932.0,12:32:28.636809
102.0,-654.0,990.0,12:32:28.647281
27.0,-403.0,758.0,12:32:28.656544
-21.0,-528.0,946.0,12:32:28.667046
13.0,-546.0,1030.0,12:32:28.676367
-21.0,-552.0,902.0,12:32:28.686802
28.0,-400.0,785.0,12:32:28.696047
-32.0,-449.0,1064.0,12:32:28.705397
38.0,-466.0,752.0,12:32:28.715828
21.0,-488.0,980.0,12:32:28.725146
260.0,-496.0,978.0,12:32:28.735611
-121.0,-689.0,1130.0,12:32:28.745153
-4.0,-503.0,849.0,12:32:28.755540
73.0,-447.0,854.0,12:32:28.764896
187.0,-430.0,761.0,12:32:28.775459
-34.0,-466.0,815.0,12:32:28.784714
118.0,-521.0,1011.0,12:32:28.795250
-93.0,-422.0,757.0,12:32:28.804503
180.0,-621.0,1075.0,12:32:28.814083
38.0,-583.0,937.0,12:32:28.824530
84.0,-579.0,681.0,12:32:28.833960
129.0,-368.0,767.0,12:32:28.844541
-58.0,-351.0,1084.0,12:32:28.853980
-16.0,-480.0,1222.0,12:32:28.863292
139.0,-641.0,973.0,12:32:28.873732
-67.0,-485.0,784.0,12:32:28.883107
198.0,-422.0,709.0,12:32:28.893595
3.0,-733.0,1435.0,12:32:28.903012
177.0,-411.0,537.0,12:32:28.913400
187.0,-513.0,820.0,12:32:28.922925
186.0,-611.0,1007.0,12:32:28.942233
136.0,-490.0,938.0,12:32:28.943622
109.0,-537.0,935.0,12:32:28.962874
207.0,-575.0,1138.0,12:32:28.972374
101.0,-674.0,819.0,12:32:28.981724
168.0,-481.0,602.0,12:32:28.992173
157.0,-378.0,717.0,12:32:29.001494
-76.0,-572.0,1199.0,12:32:29.011972
109.0,-583.0,898.0,12:32:29.021238
-6.0,-578.0,811.0,12:32:29.031730
67.0,-359.0,805.0,12:32:29.041096
-88.0,-530.0,804.0,12:32:29.051468
-30.0,-598.0,1162.0,12:32:29.060778
-5.0,-554.0,1024.0,12:32:29.071239
16.0,-533.0,909.0,12:32:29.080684
-114.0,-506.0,980.0,12:32:29.091046
-42.0,-765.0,1228.0,12:32:29.100371
-74.0,-451.0,855.0,12:32:29.110729
175.0,-589.0,701.0,12:32:29.120091
-186.0,-384.0,750.0,12:32:29.130607
119.0,-447.0,926.0,12:32:29.139935
183.0,-405.0,964.0,12:32:29.150302
-33.0,-532.0,910.0,12:32:29.159656
5.0,-480.0,1007.0,12:32:29.170056
144.0,-709.0,950.0,12:32:29.179421
-64.0,-417.0,647.0,12:32:29.188707
-33.0,-443.0,1101.0,12:32:29.199370
108.0,-283.0,579.0,12:32:29.208627
-59.0,-542.0,985.0,12:32:29.219145
37.0,-388.0,890.0,12:32:29.228639
-58.0,-298.0,865.0,12:32:29.238039
90.0,-645.0,1126.0,12:32:29.248570
92.0,-469.0,957.0,12:32:29.257843
75.0,-559.0,805.0,12:32:29.268388
18.0,-455.0,1037.0,12:32:29.277622
5.0,-590.0,1357.0,12:32:29.288130
78.0,-446.0,685.0,12:32:29.297441
71.0,-407.0,605.0,12:32:29.308010
-81.0,-359.0,1102.0,12:32:29.317458
50.0,-695.0,1477.0,12:32:29.326869
180.0,-576.0,639.0,12:32:29.342978
64.0,-385.0,616.0,12:32:29.346777
56.0,-536.0,1037.0,12:32:29.357203
-8.0,-371.0,841.0,12:32:29.366497
19.0,-504.0,1104.0,12:32:29.376978
79.0,-512.0,789.0,12:32:29.386339
76.0,-578.0,738.0,12:32:29.396779
62.0,-378.0,671.0,12:32:29.406062
-39.0,-437.0,1297.0,12:32:29.416447
37.0,-539.0,1074.0,12:32:29.425828
14.0,-604.0,892.0,12:32:29.435165
77.0,-570.0,855.0,12:32:29.445553
149.0,-476.0,799.0,12:32:29.454883
-36.0,-567.0,1071.0,12:32:29.465383
-77.0,-459.0,644.0,12:32:29.474658
192.0,-604.0,552.0,12:32:29.485210
150.0,-454.0,783.0,12:32:29.494467
-17.0,-370.0,1028.0,12:32:29.504945
7.0,-728.0,1441.0,12:32:29.514200
-14.0,-714.0,1112.0,12:32:29.524675
-50.0,-635.0,678.0,12:32:29.534050
143.0,-669.0,1072.0,12:32:29.544658
-71.0,-557.0,739.0,12:32:29.554066
82.0,-522.0,758.0,12:32:29.563383
60.0,-501.0,841.0,12:32:29.573835
-108.0,-516.0,774.0,12:32:29.583079
-58.0,-293.0,379.0,12:32:29.593551
36.0,-399.0,1060.0,12:32:29.602913
-157.0,-472.0,1372.0,12:32:29.613407
0.0,-714.0,1026.0,12:32:29.622861
79.0,-626.0,655.0,12:32:29.633338
148.0,-533.0,1099.0,12:32:29.642549
-57.0,-489.0,1124.0,12:32:29.653111
257.0,-591.0,817.0,12:32:29.662407
-125.0,-521.0,969.0,12:32:29.672963
124.0,-516.0,645.0,12:32:29.682269
-40.0,-603.0,884.0,12:32:29.691699
-91.0,-326.0,648.0,12:32:29.702124
66.0,-439.0,1128.0,12:32:29.711450
21.0,-559.0,947.0,12:32:29.721879
14.0,-469.0,836.0,12:32:29.731271
42.0,-657.0,1180.0,12:32:29.741828
8.0,-614.0,1104.0,12:32:29.751124
16.0,-458.0,720.0,12:32:29.761665
81.0,-407.0,910.0,12:32:29.770936
71.0,-478.0,1061.0,12:32:29.781371
-153.0,-470.0,858.0,12:32:29.790707
160.0,-468.0,465.0,12:32:29.800181
-20.0,-398.0,977.0,12:32:29.810766
110.0,-471.0,1157.0,12:32:29.820185
41.0,-742.0,1341.0,12:32:29.830651
52.0,-618.0,543.0,12:32:29.840170
53.0,-559.0,631.0,12:32:29.849468
-58.0,-517.0,1167.0,12:32:29.859961
-65.0,-345.0,1051.0,12:32:29.869398
-141.0,-349.0,845.0,12:32:29.879941
137.0,-517.0,760.0,12:32:29.889221
-40.0,-267.0,696.0,12:32:29.899812
39.0,-394.0,1057.0,12:32:29.909159
4.0,-491.0,1535.0,12:32:29.918669
285.0,-582.0,794.0,12:32:29.929084
5.0,-618.0,661.0,12:32:29.938484
30.0,-472.0,767.0,12:32:29.948943
-173.0,-347.0,1178.0,12:32:29.958248
7.0,-532.0,988.0,12:32:29.968753
12.0,-475.0,756.0,12:32:29.978007
7.0,-567.0,674.0,12:32:29.987453
66.0,-493.0,842.0,12:32:29.997927
-80.0,-550.0,1402.0,12:32:30.007274
33.0,-799.0,1184.0,12:32:30.017773
200.0,-562.0,554.0,12:32:30.027169
155.0,-454.0,481.0,12:32:30.037551
3.0,-574.0,1140.0,12:32:30.046944
-88.0,-518.0,1130.0,12:32:30.057619
-45.0,-451.0,747.0,12:32:30.067056
-1.0,-347.0,550.0,12:32:30.076390
93.0,-572.0,1174.0,12:32:30.086775
-52.0,-455.0,1346.0,12:32:30.096148
13.0,-584.0,918.0,12:32:30.106605
92.0,-558.0,737.0,12:32:30.115911
78.0,-406.0,804.0,12:32:30.126317
90.0,-403.0,1039.0,12:32:30.143083
102.0,-544.0,1121.0,12:32:30.146401
164.0,-504.0,442.0,12:32:30.155726
9.0,-416.0,806.0,12:32:30.165174
151.0,-425.0,1162.0,12:32:30.175616
66.0,-514.0,905.0,12:32:30.184936
15.0,-453.0,774.0,12:32:30.195418
130.0,-488.0,837.0,12:32:30.204833
46.0,-587.0,1019.0,12:32:30.215214
64.0,-547.0,1041.0,12:32:30.224706
71.0,-686.0,906.0,12:32:30.234008
69.0,-445.0,334.0,12:32:30.244460
-15.0,-434.0,906.0,12:32:30.253869
-108.0,-290.0,823.0,12:32:30.264399
-95.0,-445.0,1117.0,12:32:30.273777
-31.0,-769.0,1284.0,12:32:30.284268
92.0,-666.0,857.0,12:32:30.293671
205.0,-589.0,803.0,12:32:30.303015
230.0,-517.0,668.0,12:32:30.313527
40.0,-438.0,924.0,12:32:30.322935
-9.0,-309.0,783.0,12:32:30.333429
69.0,-469.0,901.0,12:32:30.342774
-18.0,-379.0,812.0,12:32:30.353226
-64.0,-418.0,1202.0,12:32:30.362535
117.0,-624.0,1230.0,12:32:30.372015
109.0,-671.0,1046.0,12:32:30.382462
121.0,-531.0,910.0,12:32:30.391813
252.0,-549.0,890.0,12:32:30.402246
132.0,-383.0,949.0,12:32:30.411707
-47.0,-470.0,773.0,12:32:30.422187
108.0,-445.0,730.0,12:32:30.431528
53.0,-300.0,676.0,12:32:30.442107
12.0,-408.0,1123.0,12:32:30.451387
-82.0,-594.0,1479.0,12:32:30.461912
154.0,-733.0,1010.0,12:32:30.471204
114.0,-589.0,660.0,12:32:30.480697
72.0,-462.0,748.0,12:32:30.491058
39.0,-310.0,1078.0,12:32:30.500377
-39.0,-480.0,773.0,12:32:30.510768
137.0,-436.0,645.0,12:32:30.520106
14.0,-472.0,712.0,12:32:30.530619
-54.0,-633.0,1442.0,12:32:30.546070
90.0,-377.0,897.0,12:32:30.549842
150.0,-645.0,977.0,12:32:30.560412
39.0,-541.0,834.0,12:32:30.569673
123.0,-553.0,954.0,12:32:30.580105
88.0,-233.0,611.0,12:32:30.589495
-40.0,-514.0,1066.0,12:32:30.598874
72.0,-374.0,739.0,12:32:30.609365
-57.0,-419.0,724.0,12:32:30.618767
93.0,-493.0,1162.0,12:32:30.629189
10.0,-570.0,1459.0,12:32:30.638651
88.0,-504.0,722.0,12:32:30.649069
160.0,-426.0,704.0,12:32:30.658458
89.0,-554.0,963.0,12:32:30.668916
133.0,-408.0,919.0,12:32:30.678185
68.0,-422.0,904.0,12:32:30.688647
-7.0,-539.0,869.0,12:32:30.697970
-27.0,-675.0,936.0,12:32:30.707468
58.0,-591.0,1013.0,12:32:30.717974
113.0,-450.0,946.0,12:32:30.727373
24.0,-619.0,1000.0,12:32:30.737762
177.0,-461.0,747.0,12:32:30.747113
-172.0,-488.0,982.0,12:32:30.757579
179.0,-633.0,873.0,12:32:30.766877
90.0,-566.0,811.0,12:32:30.776454
93.0,-536.0,855.0,12:32:30.786929
-121.0,-336.0,622.0,12:32:30.796318
-6.0,-352.0,806.0,12:32:30.806840
19.0,-555.0,1167.0,12:32:30.816271
77.0,-596.0,1126.0,12:32:30.826694
21.0,-487.0,735.0,12:32:30.835971
49.0,-724.0,1122.0,12:32:30.846386
170.0,-759.0,1248.0,12:32:30.855733
63.0,-579.0,819.0,12:32:30.865146
-3.0,-673.0,609.0,12:32:30.875607
-7.0,-459.0,589.0,12:32:30.884948
0.0,-500.0,746.0,12:32:30.895472
-35.0,-533.0,726.0,12:32:30.904816
-61.0,-461.0,955.0,12:32:30.915322
-76.0,-675.0,1150.0,12:32:30.924643
12.0,-655.0,908.0,12:32:30.934134
27.0,-535.0,718.0,12:32:30.944524
-61.0,-732.0,1082.0,12:32:30.954936
76.0,-562.0,792.0,12:32:30.964321
50.0,-342.0,499.0,12:32:30.973636
-106.0,-608.0,1217.0,12:32:30.986417
-149.0,-601.0,958.0,12:32:30.997416
66.0,-660.0,942.0,12:32:31.008268
-94.0,-515.0,915.0,12:32:31.015530
-120.0,-552.0,1005.0,12:32:31.024232
84.0,-607.0,958.0,12:32:31.033789
-82.0,-575.0,1203.0,12:32:31.043604
45.0,-208.0,398.0,12:32:31.052953
63.0,-533.0,643.0,12:32:31.063433
-137.0,-617.0,1217.0,12:32:31.072677
21.0,-205.0,524.0,12:32:31.083181
-185.0,-438.0,1129.0,12:32:31.092381
-99.0,-856.0,1406.0,12:32:31.101820
87.0,-419.0,626.0,12:32:31.112205
107.0,-275.0,386.0,12:32:31.121824
-28.0,-340.0,1125.0,12:32:31.132262
76.0,-662.0,1422.0,12:32:31.141536
67.0,-343.0,547.0,12:32:31.152088
-53.0,-527.0,608.0,12:32:31.161467
156.0,-584.0,1243.0,12:32:31.171884
-149.0,-345.0,994.0,12:32:31.181191
58.0,-551.0,932.0,12:32:31.190566
-21.0,-401.0,732.0,12:32:31.201104
195.0,-484.0,1216.0,12:32:31.210489
85.0,-549.0,1209.0,12:32:31.220963
251.0,-396.0,508.0,12:32:31.230348
169.0,-356.0,732.0,12:32:31.240806
236.0,-467.0,1265.0,12:32:31.250237
-29.0,-411.0,955.0,12:32:31.260779
99.0,-486.0,970.0,12:32:31.270166
77.0,-630.0,880.0,12:32:31.279607
-17.0,-423.0,541.0,12:32:31.290105
80.0,-397.0,745.0,12:32:31.299479
-15.0,-518.0,1260.0,12:32:31.310014
-87.0,-543.0,1111.0,12:32:31.319388
61.0,-804.0,789.0,12:32:31.328813
-106.0,-419.0,639.0,12:32:31.346940
-33.0,-573.0,1263.0,12:32:31.350966
96.0,-541.0,840.0,12:32:31.359147
-52.0,-676.0,946.0,12:32:31.368524
24.0,-403.0,719.0,12:32:31.377923
25.0,-331.0,628.0,12:32:31.388418
40.0,-628.0,1362.0,12:32:31.397741
146.0,-676.0,1024.0,12:32:31.408252
84.0,-561.0,450.0,12:32:31.417611
-50.0,-610.0,1052.0,12:32:31.428153
48.0,-525.0,1022.0,12:32:31.437518
26.0,-404.0,800.0,12:32:31.448039
10.0,-648.0,1111.0,12:32:31.457428
133.0,-529.0,631.0,12:32:31.466832
-21.0,-374.0,704.0,12:32:31.477326
132.0,-432.0,1023.0,12:32:31.486651
37.0,-489.0,970.0,12:32:31.497036
107.0,-659.0,1110.0,12:32:31.506376
13.0,-646.0,871.0,12:32:31.516867
83.0,-261.0,450.0,12:32:31.526227
25.0,-539.0,1374.0,12:32:31.536774
50.0,-360.0,924.0,12:32:31.546247
66.0,-474.0,892.0,12:32:31.555488
174.0,-666.0,1109.0,12:32:31.565896
111.0,-640.0,814.0,12:32:31.575270
149.0,-323.0,547.0,12:32:31.585722
26.0,-428.0,976.0,12:32:31.595107
69.0,-440.0,1018.0,12:32:31.605537
-28.0,-790.0,1359.0,12:32:31.614908
213.0,-665.0,716.0,12:32:31.625399
-13.0,-546.0,501.0,12:32:31.634754
13.0,-421.0,825.0,12:32:31.645295
40.0,-381.0,977.0,12:32:31.654629
11.0,-524.0,945.0,12:32:31.663947
64.0,-603.0,771.0,12:32:31.674437
142.0,-580.0,919.0,12:32:31.683737
68.0,-471.0,887.0,12:32:31.694217
-45.0,-521.0,1120.0,12:32:31.703480
233.0,-624.0,909.0,12:32:31.714067
-100.0,-568.0,686.0,12:32:31.723489
-219.0,-693.0,1209.0,12:32:31.732934
-10.0,-462.0,800.0,12:32:31.749109
-126.0,-438.0,876.0,12:32:31.754182
-84.0,-465.0,857.0,12:32:31.763461
43.0,-626.0,1137.0,12:32:31.773032
33.0,-433.0,910.0,12:32:31.782361
-20.0,-602.0,1107.0,12:32:31.792871
68.0,-529.0,1129.0,12:32:31.802230
185.0,-601.0,882.0,12:32:31.812872
68.0,-534.0,743.0,12:32:31.822117
-35.0,-217.0,679.0,12:32:31.832610
-5.0,-376.0,928.0,12:32:31.852335
80.0,-523.0,563.0,12:32:31.861680
-68.0,-423.0,660.0,12:32:31.871026
-25.0,-373.0,1253.0,12:32:31.881448
29.0,-505.0,1378.0,12:32:31.890817
182.0,-432.0,881.0,12:32:31.901259
165.0,-598.0,708.0,12:32:31.910672
131.0,-500.0,868.0,12:32:31.921055
-75.0,-377.0,965.0,12:32:31.940799
4.0,-392.0,852.0,12:32:31.950104
176.0,-516.0,739.0,12:32:31.960648
17.0,-335.0,643.0,12:32:31.970011
121.0,-464.0,1093.0,12:32:31.980529
-29.0,-447.0,1092.0,12:32:31.989841
12.0,-477.0,1105.0,12:32:31.999330
37.0,-634.0,1008.0,12:32:32.009747
137.0,-357.0,604.0,12:32:32.019022
123.0,-549.0,1077.0,12:32:32.029473
110.0,-498.0,930.0,12:32:32.038840
-67.0,-545.0,918.0,12:32:32.049233
-26.0,-503.0,684.0,12:32:32.058714
32.0,-576.0,849.0,12:32:32.069194
10.0,-595.0,1103.0,12:32:32.078633
73.0,-518.0,772.0,12:32:32.089046
1.0,-405.0,722.0,12:32:32.098401
252.0,-546.0,1059.0,12:32:32.108791
7.0,-478.0,1023.0,12:32:32.118109
13.0,-367.0,917.0,12:32:32.127509
-78.0,-371.0,694.0,12:32:32.137943
144.0,-349.0,886.0,12:32:32.147474
-44.0,-396.0,1167.0,12:32:32.157993
49.0,-769.0,1278.0,12:32:32.167382
-3.0,-503.0,618.0,12:32:32.177829
162.0,-617.0,769.0,12:32:32.187160
94.0,-523.0,881.0,12:32:32.197521
-60.0,-534.0,812.0,12:32:32.206837
97.0,-654.0,891.0,12:32:32.216329
-66.0,-436.0,798.0,12:32:32.226920
-111.0,-491.0,773.0,12:32:32.236280
-6.0,-529.0,1044.0,12:32:32.246756
-38.0,-506.0,778.0,12:32:32.256214
61.0,-490.0,1054.0,12:32:32.265610
139.0,-680.0,1055.0,12:32:32.276055
10.0,-555.0,720.0,12:32:32.285463
20.0,-484.0,868.0,12:32:32.295878
-19.0,-427.0,866.0,12:32:32.305335
43.0,-482.0,771.0,12:32:32.315804
88.0,-357.0,728.0,12:32:32.325181
-156.0,-323.0,929.0,12:32:32.334507
-45.0,-532.0,1134.0,12:32:32.344969
45.0,-514.0,976.0,12:32:32.354297
13.0,-406.0,783.0,12:32:32.364687
65.0,-390.0,771.0,12:32:32.374182
-15.0,-285.0,526.0,12:32:32.384643
154.0,12.0,517.0,12:32:32.394112
-48.0,-890.0,2047.0,12:32:32.404461
38.0,-1066.0,1632.0,12:32:32.414035
130.0,-601.0,426.0,12:32:32.423309
55.0,-716.0,1034.0,12:32:32.433928
208.0,-665.0,1358.0,12:32:32.443248
192.0,-379.0,323.0,12:32:32.453756
-22.0,-306.0,525.0,12:32:32.463025
-150.0,-752.0,1961.0,12:32:32.473525
50.0,-914.0,1280.0,12:32:32.482885
143.0,-428.0,350.0,12:32:32.492302
158.0,-442.0,1136.0,12:32:32.502699
31.0,-459.0,1254.0,12:32:32.512009
122.0,-290.0,494.0,12:32:32.522521
14.0,-472.0,817.0,12:32:32.531893
-23.0,-527.0,1208.0,12:32:32.550260
42.0,-313.0,805.0,12:32:32.551669
-144.0,-414.0,1051.0,12:32:32.561776
-102.0,-549.0,970.0,12:32:32.572264
106.0,-550.0,497.0,12:32:32.581545
7.0,-364.0,797.0,12:32:32.591996
14.0,-336.0,905.0,12:32:32.601251
-25.0,-611.0,1398.0,12:32:32.610727
128.0,-782.0,1099.0,12:32:32.621183
278.0,-797.0,872.0,12:32:32.630682
144.0,-491.0,498.0,12:32:32.641146
-77.0,-422.0,1038.0,12:32:32.650609
-76.0,-593.0,1113.0,12:32:32.661032
155.0,-374.0,289.0,12:32:32.670382
28.0,-485.0,999.0,12:32:32.679751
58.0,-591.0,1163.0,12:32:32.690328
86.0,-753.0,1038.0,12:32:32.699610
96.0,-699.0,369.0,12:32:32.710125
241.0,-484.0,537.0,12:32:32.719567
44.0,-333.0,1138.0,12:32:32.730195
-97.0,-351.0,1347.0,12:32:32.739563
-26.0,-479.0,1063.0,12:32:32.748861
86.0,-575.0,445.0,12:32:32.759568
56.0,-443.0,802.0,12:32:32.768797
110.0,-504.0,987.0,12:32:32.779354
-164.0,-276.0,1128.0,12:32:32.788629
56.0,-629.0,1483.0,12:32:32.798068
-43.0,-703.0,1066.0,12:32:32.808632
84.0,-438.0,660.0,12:32:32.818026
136.0,-418.0,986.0,12:32:32.828538
-65.0,-451.0,1153.0,12:32:32.837882
-21.0,-387.0,959.0,12:32:32.848303
-109.0,-449.0,690.0,12:32:32.857664
7.0,-599.0,971.0,12:32:32.867031
49.0,-349.0,898.0,12:32:32.877510
-49.0,-456.0,987.0,12:32:32.886884
117.0,-506.0,823.0,12:32:32.897516
-50.0,-648.0,852.0,12:32:32.906918
94.0,-576.0,699.0,12:32:32.917430
51.0,-372.0,501.0,12:32:32.926783
111.0,-422.0,840.0,12:32:32.936147
-40.0,-376.0,989.0,12:32:32.952747
1.0,-549.0,964.0,12:32:32.955969
-109.0,-614.0,747.0,12:32:32.966396
183.0,-517.0,1042.0,12:32:32.975730
-5.0,-758.0,1481.0,12:32:32.986138
74.0,-663.0,1086.0,12:32:32.995587
56.0,-674.0,270.0,12:32:33.005924
36.0,-707.0,1233.0,12:32:33.015213
110.0,-362.0,630.0,12:32:33.025752
-144.0,-472.0,1002.0,12:32:33.035141
-17.0,-470.0,903.0,12:32:33.044572
16.0,-475.0,925.0,12:32:33.055100
142.0,-428.0,870.0,12:32:33.064470
-100.0,-433.0,1337.0,12:32:33.074864
48.0,-408.0,874.0,12:32:33.084214
97.0,-436.0,862.0,12:32:33.094914
124.0,-416.0,713.0,12:32:33.104254
12.0,-152.0,485.0,12:32:33.114656
2.0,-217.0,1127.0,12:32:33.124092
37.0,-657.0,1443.0,12:32:33.133336
60.0,-601.0,1101.0,12:32:33.143825
91.0,-635.0,926.0,12:32:33.153113
65.0,-563.0,891.0,12:32:33.163576
78.0,-386.0,937.0,12:32:33.173040
31.0,-395.0,693.0,12:32:33.183591
-8.0,-489.0,731.0,12:32:33.192938
94.0,-454.0,875.0,12:32:33.203468
-25.0,-499.0,938.0,12:32:33.212982
-60.0,-519.0,1073.0,12:32:33.222256
162.0,-530.0,931.0,12:32:33.232829
-52.0,-371.0,852.0,12:32:33.242103
27.0,-614.0,1064.0,12:32:33.251663
236.0,-643.0,790.0,12:32:33.262037
26.0,-528.0,770.0,12:32:33.271402
-201.0,-481.0,1080.0,12:32:33.281837
44.0,-535.0,811.0,12:32:33.291210
150.0,-488.0,776.0,12:32:33.301697
128.0,-491.0,707.0,12:32:33.311083
-156.0,-253.0,854.0,12:32:33.321536
20.0,-580.0,1155.0,12:32:33.330991
2.0,-561.0,1123.0,12:32:33.341519
-28.0,-471.0,446.0,12:32:33.361039
35.0,-415.0,972.0,12:32:33.370322
-105.0,-398.0,1044.0,12:32:33.380780
92.0,-382.0,875.0,12:32:33.390036
-100.0,-482.0,1025.0,12:32:33.400630
6.0,-886.0,1426.0,12:32:33.409960
115.0,-502.0,718.0,12:32:33.419429
59.0,-650.0,870.0,12:32:33.429819
98.0,-522.0,880.0,12:32:33.439205
78.0,-508.0,589.0,12:32:33.449678
-52.0,-393.0,693.0,12:32:33.459017
44.0,-248.0,1045.0,12:32:33.469520
27.0,-538.0,1091.0,12:32:33.478939
38.0,-280.0,919.0,12:32:33.489598
132.0,-527.0,916.0,12:32:33.498871
-13.0,-555.0,940.0,12:32:33.508115
109.0,-467.0,1037.0,12:32:33.518794
13.0,-658.0,1091.0,12:32:33.528119
191.0,-445.0,443.0,12:32:33.547716
56.0,-534.0,1049.0,12:32:33.558127
-15.0,-462.0,1188.0,12:32:33.567585
135.0,-419.0,748.0,12:32:33.578096
-26.0,-479.0,930.0,12:32:33.587495
-38.0,-390.0,805.0,12:32:33.597939
-71.0,-466.0,1309.0,12:32:33.607478
169.0,-342.0,985.0,12:32:33.616743
129.0,-574.0,741.0,12:32:33.627314
87.0,-634.0,1065.0,12:32:33.636634
115.0,-323.0,656.0,12:32:33.647074
-24.0,-597.0,985.0,12:32:33.656432
81.0,-511.0,992.0,12:32:33.665916
126.0,-541.0,809.0,12:32:33.676424
-10.0,-584.0,985.0,12:32:33.685730
64.0,-576.0,1115.0,12:32:33.696260
75.0,-580.0,787.0,12:32:33.705707
185.0,-496.0,832.0,12:32:33.715138
9.0,-526.0,838.0,12:32:33.725608
-2.0,-312.0,661.0,12:32:33.734996
-81.0,-540.0,1440.0,12:32:33.752646
11.0,-516.0,1121.0,12:32:33.756465
88.0,-641.0,709.0,12:32:33.764669
92.0,-543.0,923.0,12:32:33.775166
38.0,-399.0,877.0,12:32:33.784545
-127.0,-578.0,1161.0,12:32:33.795047
76.0,-539.0,890.0,12:32:33.804460
-156.0,-397.0,600.0,12:32:33.814838
115.0,-414.0,719.0,12:32:33.824301
-6.0,-200.0,886.0,12:32:33.833569
-188.0,-396.0,1168.0,12:32:33.844141
-16.0,-513.0,791.0,12:32:33.853453
-1.0,-488.0,965.0,12:32:33.864102
-62.0,-567.0,1086.0,12:32:33.873475
58.0,-480.0,744.0,12:32:33.882925
35.0,-473.0,915.0,12:32:33.893336
-67.0,-528.0,965.0,12:32:33.902644
49.0,-557.0,703.0,12:32:33.913043
139.0,-513.0,950.0,12:32:33.922311
107.0,-422.0,800.0,12:32:33.932955
3.0,-494.0,944.0,12:32:33.942184
28.0,-476.0,1036.0,12:32:33.952694
224.0,-577.0,823.0,12:32:33.961883
7.0,-288.0,734.0,12:32:33.972395
46.0,-574.0,1366.0,12:32:33.981674
218.0,-608.0,1105.0,12:32:33.992127
58.0,-454.0,523.0,12:32:34.001371
93.0,-545.0,882.0,12:32:34.011905
-41.0,-270.0,899.0,12:32:34.021219
20.0,-486.0,906.0,12:32:34.031765
37.0,-475.0,982.0,12:32:34.041150
119.0,-369.0,721.0,12:32:34.050617
46.0,-448.0,1103.0,12:32:34.061047
59.0,-565.0,849.0,12:32:34.070320
66.0,-488.0,1055.0,12:32:34.080800
161.0,-433.0,922.0,12:32:34.090066
74.0,-452.0,773.0,12:32:34.100644
12.0,-495.0,1020.0,12:32:34.109885
131.0,-651.0,997.0,12:32:34.129551
120.0,-620.0,1044.0,12:32:34.140133
-22.0,-501.0,807.0,12:32:34.154835
-30.0,-628.0,852.0,12:32:34.159814
61.0,-517.0,642.0,12:32:34.169319
-21.0,-456.0,702.0,12:32:34.179834
-19.0,-625.0,1098.0,12:32:34.189318
30.0,-656.0,1063.0,12:32:34.198662
-8.0,-382.0,365.0,12:32:34.209123
-197.0,-587.0,1150.0,12:32:34.218702
156.0,-567.0,1336.0,12:32:34.228053
83.0,-684.0,793.0,12:32:34.238633
-48.0,-439.0,345.0,12:32:34.247953
-105.0,-508.0,1130.0,12:32:34.258521
106.0,-610.0,1213.0,12:32:34.267824
52.0,-455.0,515.0,12:32:34.277303
-182.0,-438.0,957.0,12:32:34.287697
-116.0,-598.0,1149.0,12:32:34.297058
87.0,-448.0,598.0,12:32:34.307594
-85.0,-369.0,1134.0,12:32:34.317043
157.0,-492.0,1277.0,12:32:34.327590
-80.0,-569.0,703.0,12:32:34.336984
19.0,-487.0,1026.0,12:32:34.346453
158.0,-493.0,1048.0,12:32:34.356945
207.0,-482.0,826.0,12:32:34.366320
22.0,-304.0,836.0,12:32:34.376796
40.0,-526.0,1027.0,12:32:34.386255
88.0,-549.0,935.0,12:32:34.396651
135.0,-424.0,817.0,12:32:34.406012
91.0,-477.0,1038.0,12:32:34.416383
-55.0,-377.0,810.0,12:32:34.425732
171.0,-518.0,857.0,12:32:34.435045
113.0,-473.0,1158.0,12:32:34.445548
70.0,-565.0,1273.0,12:32:34.455932
146.0,-598.0,967.0,12:32:34.465292
68.0,-571.0,781.0,12:32:34.474523
144.0,-366.0,571.0,12:32:34.484999
65.0,-318.0,926.0,12:32:34.494312
126.0,-392.0,894.0,12:32:34.504820
-51.0,-442.0,773.0,12:32:34.524448
108.0,-724.0,1462.0,12:32:34.533768
136.0,-660.0,1145.0,12:32:34.544305
122.0,-421.0,694.0,12:32:34.553573
117.0,-465.0,741.0,12:32:34.564012
32.0,-291.0,750.0,12:32:34.573342
-50.0,-425.0,998.0,12:32:34.583998
36.0,-705.0,1188.0,12:32:34.593301
16.0,-624.0,974.0,12:32:34.603769
207.0,-639.0,1079.0,12:32:34.613163
80.0,-775.0,1259.0,12:32:34.622459
64.0,-443.0,596.0,12:32:34.633132
97.0,-440.0,724.0,12:32:34.642390
-94.0,-380.0,793.0,12:32:34.653055
34.0,-351.0,743.0,12:32:34.662424
-152.0,-200.0,815.0,12:32:34.671830
-52.0,-657.0,1429.0,12:32:34.682275
-84.0,-358.0,626.0,12:32:34.691761
12.0,-488.0,940.0,12:32:34.702249
48.0,-606.0,1189.0,12:32:34.711704
-62.0,-565.0,1047.0,12:32:34.722174
33.0,-522.0,762.0,12:32:34.731653
25.0,-501.0,700.0,12:32:34.740938
93.0,-476.0,981.0,12:32:34.751381
25.0,-506.0,863.0,12:32:34.760822
34.0,-556.0,807.0,12:32:34.771290
76.0,-558.0,1009.0,12:32:34.780698
14.0,-480.0,1036.0,12:32:34.791112
91.0,-454.0,913.0,12:32:34.800563
-75.0,-417.0,792.0,12:32:34.809850
-1.0,-565.0,890.0,12:32:34.820269
102.0,-451.0,896.0,12:32:34.829578
-24.0,-307.0,558.0,12:32:34.840073
61.0,-491.0,1162.0,12:32:34.849500
89.0,-462.0,1007.0,12:32:34.860040
136.0,-488.0,860.0,12:32:34.869427
-36.0,-409.0,978.0,12:32:34.879916
167.0,-560.0,985.0,12:32:34.889220
-13.0,-527.0,1091.0,12:32:34.898645
67.0,-595.0,978.0,12:32:34.909006
142.0,-632.0,626.0,12:32:34.918345
180.0,-420.0,747.0,12:32:34.928672
-68.0,-342.0,1043.0,12:32:34.939099
-192.0,-327.0,687.0,12:32:34.955226
101.0,-359.0,706.0,12:32:34.959979
44.0,-481.0,1017.0,12:32:34.968195
-127.0,-426.0,900.0,12:32:34.977527
102.0,-415.0,965.0,12:32:34.987996
31.0,-494.0,1177.0,12:32:34.997404
46.0,-700.0,1060.0,12:32:35.007925
183.0,-696.0,853.0,12:32:35.017398
51.0,-540.0,964.0,12:32:35.027809
64.0,-509.0,805.0,12:32:35.037157
61.0,-460.0,1037.0,12:32:35.047611
17.0,-612.0,927.0,12:32:35.056940
-25.0,-494.0,599.0,12:32:35.066253
-13.0,-468.0,786.0,12:32:35.076900
-41.0,-558.0,1114.0,12:32:35.086271
-9.0,-390.0,924.0,12:32:35.096759
23.0,-577.0,1070.0,12:32:35.106099
107.0,-621.0,1102.0,12:32:35.115572
-38.0,-544.0,926.0,12:32:35.126103
36.0,-462.0,803.0,12:32:35.135432
-79.0,-355.0,839.0,12:32:35.145915
102.0,-541.0,1073.0,12:32:35.155389
-19.0,-468.0,992.0,12:32:35.165808
79.0,-633.0,617.0,12:32:35.175174
81.0,-590.0,1005.0,12:32:35.184532
-41.0,-482.0,1094.0,12:32:35.195057
44.0,-565.0,777.0,12:32:35.204404
47.0,-427.0,729.0,12:32:35.214827
-132.0,-501.0,753.0,12:32:35.224336
-3.0,-418.0,826.0,12:32:35.234784
-177.0,-351.0,1270.0,12:32:35.244206
-19.0,-523.0,975.0,12:32:35.254600
0.0,-397.0,714.0,12:32:35.264054
19.0,-579.0,1076.0,12:32:35.273316
87.0,-595.0,1077.0,12:32:35.283794
253.0,-494.0,656.0,12:32:35.293043
50.0,-461.0,832.0,12:32:35.303558
-21.0,-605.0,1140.0,12:32:35.312929
262.0,-572.0,737.0,12:32:35.323437
100.0,-480.0,818.0,12:32:35.332725
45.0,-331.0,898.0,12:32:35.343227
44.0,-508.0,1071.0,12:32:35.358125
96.0,-420.0,918.0,12:32:35.362961
34.0,-480.0,943.0,12:32:35.372345
96.0,-607.0,1078.0,12:32:35.381773
131.0,-514.0,907.0,12:32:35.392209
120.0,-512.0,998.0,12:32:35.401514
10.0,-488.0,859.0,12:32:35.411939
107.0,-555.0,873.0,12:32:35.421237
141.0,-502.0,853.0,12:32:35.431735
66.0,-406.0,898.0,12:32:35.441134
-5.0,-385.0,986.0,12:32:35.451555
-26.0,-520.0,1165.0,12:32:35.461032
-58.0,-539.0,799.0,12:32:35.471407
87.0,-530.0,872.0,12:32:35.480825
-42.0,-448.0,925.0,12:32:35.491279
-50.0,-664.0,1103.0,12:32:35.500783
36.0,-596.0,1063.0,12:32:35.510011
-63.0,-518.0,621.0,12:32:35.520562
223.0,-613.0,847.0,12:32:35.529913
113.0,-468.0,1051.0,12:32:35.540577
33.0,-540.0,989.0,12:32:35.549823
-98.0,-631.0,728.0,12:32:35.560250
138.0,-563.0,786.0,12:32:35.569745
65.0,-503.0,832.0,12:32:35.589521
25.0,-560.0,959.0,12:32:35.598858
-86.0,-518.0,808.0,12:32:35.609457
-12.0,-451.0,993.0,12:32:35.618876
-29.0,-707.0,1123.0,12:32:35.629493
57.0,-553.0,875.0,12:32:35.638849
48.0,-536.0,812.0,12:32:35.648223
-76.0,-463.0,894.0,12:32:35.658751
-59.0,-481.0,1038.0,12:32:35.668088
-67.0,-453.0,701.0,12:32:35.678548
-33.0,-513.0,1037.0,12:32:35.687950
-118.0,-455.0,919.0,12:32:35.697395
-3.0,-671.0,1178.0,12:32:35.707953
-61.0,-482.0,991.0,12:32:35.717299
-55.0,-392.0,726.0,12:32:35.727869
29.0,-521.0,924.0,12:32:35.737172
3.0,-328.0,734.0,12:32:35.747651
-11.0,-365.0,794.0,12:32:35.756993
-6.0,-466.0,1230.0,12:32:35.766523
67.0,-510.0,1039.0,12:32:35.776939
-70.0,-463.0,801.0,12:32:35.786346
83.0,-457.0,969.0,12:32:35.796741
86.0,-485.0,893.0,12:32:35.806118
121.0,-326.0,727.0,12:32:35.816652
-22.0,-371.0,916.0,12:32:35.826191
106.0,-473.0,951.0,12:32:35.835592
17.0,-480.0,926.0,12:32:35.846406
-6.0,-464.0,903.0,12:32:35.855946
113.0,-493.0,1160.0,12:32:35.865437
109.0,-611.0,1094.0,12:32:35.875733
152.0,-578.0,862.0,12:32:35.894631
46.0,-369.0,857.0,12:32:35.905178
4.0,-404.0,807.0,12:32:35.914478
101.0,-503.0,840.0,12:32:35.924970
-9.0,-439.0,811.0,12:32:35.934204
34.0,-397.0,866.0,12:32:35.944757
72.0,-540.0,1228.0,12:32:35.954080
163.0,-666.0,1187.0,12:32:35.964566
47.0,-617.0,923.0,12:32:35.973816
186.0,-559.0,745.0,12:32:35.984392
37.0,-484.0,863.0,12:32:35.993684
73.0,-451.0,832.0,12:32:36.003111
85.0,-468.0,767.0,12:32:36.013600
-57.0,-414.0,710.0,12:32:36.022978
37.0,-426.0,874.0,12:32:36.033425
-89.0,-577.0,1132.0,12:32:36.042893
162.0,-541.0,1063.0,12:32:36.053466
-108.0,-437.0,866.0,12:32:36.062807
59.0,-722.0,1152.0,12:32:36.072127
30.0,-588.0,990.0,12:32:36.082879
77.0,-719.0,998.0,12:32:36.092174
182.0,-504.0,705.0,12:32:36.102675
-21.0,-524.0,701.0,12:32:36.112091
-7.0,-324.0,693.0,12:32:36.121450
-4.0,-423.0,968.0,12:32:36.131943
-86.0,-588.0,1174.0,12:32:36.141259
58.0,-741.0,824.0,12:32:36.159861
105.0,-544.0,767.0,12:32:36.162538
-190.0,-415.0,958.0,12:32:36.170685
194.0,-475.0,959.0,12:32:36.181184
-7.0,-345.0,879.0,12:32:36.190519
-49.0,-584.0,1048.0,12:32:36.201076
0.0,-571.0,963.0,12:32:36.210593
99.0,-534.0,916.0,12:32:36.221056
-38.0,-469.0,860.0,12:32:36.230306
-30.0,-500.0,1015.0,12:32:36.239765
-69.0,-556.0,952.0,12:32:36.250183
108.0,-574.0,868.0,12:32:36.259582
-16.0,-702.0,1107.0,12:32:36.269964
5.0,-527.0,712.0,12:32:36.279420
130.0,-517.0,921.0,12:32:36.289883
1.0,-490.0,975.0,12:32:36.299220
35.0,-554.0,912.0,12:32:36.309741
-51.0,-401.0,806.0,12:32:36.319116
38.0,-449.0,1157.0,12:32:36.329606
132.0,-613.0,902.0,12:32:36.339009
-86.0,-436.0,784.0,12:32:36.348278
52.0,-418.0,849.0,12:32:36.358861
-40.0,-493.0,947.0,12:32:36.368252
28.0,-477.0,989.0,12:32:36.378682
9.0,-427.0,875.0,12:32:36.387992
60.0,-350.0,967.0,12:32:36.398513
-44.0,-470.0,1213.0,12:32:36.407807
93.0,-493.0,937.0,12:32:36.418233
82.0,-466.0,857.0,12:32:36.427554
76.0,-429.0,968.0,12:32:36.437992
82.0,-447.0,750.0,12:32:36.447372
91.0,-383.0,730.0,12:32:36.457759
38.0,-600.0,952.0,12:32:36.467193
-45.0,-497.0,862.0,12:32:36.476569
47.0,-587.0,1145.0,12:32:36.487063
-65.0,-395.0,852.0,12:32:36.496424
49.0,-642.0,1096.0,12:32:36.506938
77.0,-611.0,1029.0,12:32:36.516274
132.0,-518.0,729.0,12:32:36.526756
70.0,-446.0,807.0,12:32:36.535999
65.0,-647.0,1395.0,12:32:36.545509
-34.0,-633.0,1047.0,12:32:36.556967
36.0,-808.0,862.0,12:32:36.566007
99.0,-490.0,712.0,12:32:36.575349
19.0,-598.0,878.0,12:32:36.585824
53.0,-425.0,935.0,12:32:36.595273
15.0,-342.0,687.0,12:32:36.605682
-46.0,-263.0,618.0,12:32:36.615359
-134.0,-435.0,928.0,12:32:36.624665
55.0,-332.0,836.0,12:32:36.635281
-137.0,-280.0,844.0,12:32:36.644501
-103.0,-373.0,934.0,12:32:36.653976
64.0,-494.0,929.0,12:32:36.664446
0.0,-497.0,954.0,12:32:36.684026
118.0,-617.0,970.0,12:32:36.693439
0.0,-636.0,1171.0,12:32:36.703967
15.0,-666.0,885.0,12:32:36.713331
61.0,-601.0,891.0,12:32:36.723724
90.0,-507.0,803.0,12:32:36.732995
294.0,-543.0,767.0,12:32:36.743434
23.0,-449.0,749.0,12:32:36.752856
5.0,-401.0,838.0,12:32:36.763325
-135.0,-601.0,1327.0,12:32:36.772761
215.0,-467.0,849.0,12:32:36.782160
-45.0,-517.0,851.0,12:32:36.792558
-34.0,-607.0,1199.0,12:32:36.801932
178.0,-589.0,1022.0,12:32:36.812307
24.0,-544.0,979.0,12:32:36.821789
51.0,-598.0,778.0,12:32:36.832153
61.0,-414.0,629.0,12:32:36.841458
41.0,-437.0,976.0,12:32:36.851911
-26.0,-397.0,781.0,12:32:36.861308
-17.0,-461.0,798.0,12:32:36.871772
-44.0,-471.0,1035.0,12:32:36.881087
-81.0,-376.0,985.0,12:32:36.891492
15.0,-438.0,1121.0,12:32:36.900812
-109.0,-571.0,1214.0,12:32:36.911235
208.0,-627.0,728.0,12:32:36.920732
10.0,-470.0,725.0,12:32:36.931153
-22.0,-527.0,1106.0,12:32:36.940667
9.0,-510.0,1056.0,12:32:36.949937
-21.0,-586.0,929.0,12:32:36.960356
170.0,-658.0,787.0,12:32:36.969664
163.0,-720.0,983.0,12:32:36.980176
98.0,-535.0,647.0,12:32:36.989530
172.0,-447.0,691.0,12:32:37.000008
67.0,-552.0,990.0,12:32:37.009398
30.0,-513.0,742.0,12:32:37.018808
-9.0,-590.0,981.0,12:32:37.029375
52.0,-409.0,718.0,12:32:37.038747
8.0,-464.0,1177.0,12:32:37.049411
76.0,-534.0,1073.0,12:32:37.058706
-79.0,-535.0,799.0,12:32:37.068103
1.0,-414.0,588.0,12:32:37.078672
84.0,-391.0,1075.0,12:32:37.088051
34.0,-313.0,1029.0,12:32:37.098562
-121.0,-453.0,1237.0,12:32:37.107893
77.0,-646.0,953.0,12:32:37.117394
63.0,-348.0,1040.0,12:32:37.127886
-9.0,-327.0,758.0,12:32:37.137232
-18.0,-507.0,1390.0,12:32:37.147706
232.0,-599.0,1040.0,12:32:37.157020
28.0,-275.0,437.0,12:32:37.167681
-16.0,-462.0,905.0,12:32:37.177011
52.0,-427.0,1004.0,12:32:37.186415
73.0,-400.0,707.0,12:32:37.196846
-105.0,-493.0,1013.0,12:32:37.206228
0.0,-514.0,951.0,12:32:37.216649
225.0,-587.0,914.0,12:32:37.225963
-26.0,-326.0,710.0,12:32:37.236527
103.0,-657.0,1299.0,12:32:37.245897
139.0,-419.0,811.0,12:32:37.256428
207.0,-496.0,647.0,12:32:37.265692
114.0,-675.0,1077.0,12:32:37.276249
11.0,-463.0,768.0,12:32:37.285500
25.0,-444.0,820.0,12:32:37.296029
1.0,-553.0,1225.0,12:32:37.305260
20.0,-606.0,879.0,12:32:37.315730
-19.0,-449.0,570.0,12:32:37.325052
61.0,-572.0,1055.0,12:32:37.334397
-75.0,-599.0,1414.0,12:32:37.344750
-122.0,-483.0,662.0,12:32:37.361237
148.0,-544.0,927.0,12:32:37.366675
9.0,-482.0,1125.0,12:32:37.374869
-54.0,-471.0,759.0,12:32:37.384184
28.0,-465.0,1041.0,12:32:37.393561
153.0,-560.0,941.0,12:32:37.404115
15.0,-461.0,629.0,12:32:37.413371
99.0,-360.0,764.0,12:32:37.423832
-142.0,-429.0,965.0,12:32:37.433149
67.0,-566.0,1105.0,12:32:37.443670
12.0,-537.0,904.0,12:32:37.452992
52.0,-460.0,864.0,12:32:37.463451
110.0,-576.0,908.0,12:32:37.472910
-21.0,-328.0,710.0,12:32:37.483375
128.0,-445.0,956.0,12:32:37.492750
3.0,-456.0,952.0,12:32:37.502055
38.0,-504.0,711.0,12:32:37.512600
28.0,-399.0,776.0,12:32:37.521910
40.0,-552.0,1250.0,12:32:37.532465
68.0,-458.0,1041.0,12:32:37.541784
106.0,-497.0,747.0,12:32:37.552393
125.0,-324.0,765.0,12:32:37.561808
89.0,-603.0,1260.0,12:32:37.571127
145.0,-464.0,799.0,12:32:37.581570
1.0,-423.0,791.0,12:32:37.590951
0.0,-421.0,940.0,12:32:37.601354
115.0,-257.0,929.0,12:32:37.610708
-21.0,-474.0,965.0,12:32:37.621129
164.0,-344.0,756.0,12:32:37.630604
110.0,-548.0,1206.0,12:32:37.641056
101.0,-563.0,1116.0,12:32:37.650420
107.0,-474.0,638.0,12:32:37.659812
192.0,-342.0,368.0,12:32:37.670386
106.0,-192.0,799.0,12:32:37.679638
-173.0,-456.0,1501.0,12:32:37.690093
93.0,-946.0,1937.0,12:32:37.699485
14.0,-991.0,781.0,12:32:37.709939
219.0,-938.0,962.0,12:32:37.719230
195.0,-806.0,1321.0,12:32:37.729784
207.0,-92.0,374.0,12:32:37.739327
-35.0,-478.0,932.0,12:32:37.748644
-59.0,-522.0,604.0,12:32:37.764161
48.0,-298.0,323.0,12:32:37.768926
12.0,-62.0,705.0,12:32:37.778290
-244.0,-701.0,2047.0,12:32:37.788845
124.0,-478.0,835.0,12:32:37.798175
-158.0,-481.0,451.0,12:32:37.808673
162.0,-768.0,1161.0,12:32:37.817962
-74.0,-518.0,1207.0,12:32:37.828429
106.0,-190.0,391.0,12:32:37.837695
-100.0,-866.0,1248.0,12:32:37.848171
151.0,-466.0,171.0,12:32:37.857482
-151.0,-281.0,581.0,12:32:37.867978
-176.0,-437.0,1407.0,12:32:37.877318
146.0,-502.0,1194.0,12:32:37.886825
159.0,-421.0,340.0,12:32:37.897322
101.0,-388.0,572.0,12:32:37.906684
63.0,-266.0,1024.0,12:32:37.917136
199.0,-583.0,1303.0,12:32:37.926392
-1.0,-357.0,738.0,12:32:37.936883
-5.0,-609.0,663.0,12:32:37.946747
127.0,-417.0,507.0,12:32:37.956307
6.0,-376.0,959.0,12:32:37.965638
32.0,-786.0,1977.0,12:32:37.976042
12.0,-776.0,1293.0,12:32:37.985434
243.0,-1015.0,682.0,12:32:37.995842
177.0,-750.0,698.0,12:32:38.005282
-31.0,-597.0,958.0,12:32:38.015854
142.0,-581.0,823.0,12:32:38.025180
-130.0,-411.0,808.0,12:32:38.034613
-185.0,-330.0,1023.0,12:32:38.045172
-151.0,-560.0,1189.0,12:32:38.054572
-122.0,-632.0,1396.0,12:32:38.065119
136.0,-482.0,882.0,12:32:38.074486
-111.0,-645.0,1337.0,12:32:38.083786
166.0,-712.0,734.0,12:32:38.094326
-2.0,-285.0,478.0,12:32:38.103652
-40.0,-395.0,1144.0,12:32:38.114202
-111.0,-385.0,767.0,12:32:38.123527
-87.0,-144.0,769.0,12:32:38.134114
-217.0,-329.0,974.0,12:32:38.143511
76.0,-327.0,662.0,12:32:38.152932
18.0,-383.0,964.0,12:32:38.163372
10.0,-249.0,644.0,12:32:38.172820
-30.0,-246.0,660.0,12:32:38.183313
60.0,-615.0,1287.0,12:32:38.192607
71.0,-1005.0,1879.0,12:32:38.203162
304.0,-900.0,788.0,12:32:38.212459
138.0,-652.0,409.0,12:32:38.221829
-17.0,-900.0,1294.0,12:32:38.232215
61.0,-512.0,580.0,12:32:38.241584
-15.0,-564.0,388.0,12:32:38.251928
21.0,-477.0,736.0,12:32:38.262440
-94.0,-625.0,915.0,12:32:38.271828
-19.0,-441.0,815.0,12:32:38.281183
137.0,-504.0,1025.0,12:32:38.291538
214.0,-752.0,1396.0,12:32:38.300845
134.0,-273.0,736.0,12:32:38.311256
29.0,-346.0,1153.0,12:32:38.320679
141.0,-291.0,1133.0,12:32:38.331064
124.0,-118.0,831.0,12:32:38.340336
-89.0,-350.0,851.0,12:32:38.350784
-73.0,-323.0,858.0,12:32:38.360261
82.0,-468.0,1231.0,12:32:38.370880
-3.0,-430.0,1026.0,12:32:38.390637
11.0,-485.0,1023.0,12:32:38.399888
-47.0,-413.0,745.0,12:32:38.409330
27.0,-437.0,879.0,12:32:38.419725
48.0,-416.0,1034.0,12:32:38.429234
-23.0,-322.0,593.0,12:32:38.439764
15.0,-635.0,1156.0,12:32:38.449070
102.0,-687.0,1114.0,12:32:38.459586
9.0,-693.0,791.0,12:32:38.468922
138.0,-614.0,730.0,12:32:38.479411
115.0,-593.0,907.0,12:32:38.488829
122.0,-525.0,772.0,12:32:38.498130
-8.0,-591.0,500.0,12:32:38.508718
17.0,-826.0,1018.0,12:32:38.518109
75.0,-478.0,818.0,12:32:38.528580
19.0,-507.0,1102.0,12:32:38.538069
-24.0,-508.0,1012.0,12:32:38.547442
-92.0,-353.0,648.0,12:32:38.565990
24.0,-466.0,861.0,12:32:38.568660
-45.0,-591.0,1285.0,12:32:38.577929
74.0,-581.0,1064.0,12:32:38.587315
-89.0,-416.0,808.0,12:32:38.596592
5.0,-450.0,903.0,12:32:38.607068
29.0,-596.0,981.0,12:32:38.616373
24.0,-505.0,824.0,12:32:38.626848
-138.0,-225.0,903.0,12:32:38.636216
-5.0,-400.0,1177.0,12:32:38.646721
-55.0,-371.0,866.0,12:32:38.656138
-88.0,-456.0,890.0,12:32:38.666609
-14.0,-345.0,772.0,12:32:38.675928
26.0,-501.0,1156.0,12:32:38.686372
144.0,-518.0,1141.0,12:32:38.695731
129.0,-466.0,624.0,12:32:38.705083
22.0,-598.0,1013.0,12:32:38.715568
57.0,-551.0,958.0,12:32:38.724874
187.0,-506.0,670.0,12:32:38.735356
100.0,-367.0,570.0,12:32:38.744712
16.0,-670.0,1022.0,12:32:38.755300
67.0,-609.0,964.0,12:32:38.764524
142.0,-703.0,596.0,12:32:38.775099
155.0,-653.0,958.0,12:32:38.784334
97.0,-557.0,1282.0,12:32:38.794767
4.0,-421.0,667.0,12:32:38.804151
78.0,-574.0,832.0,12:32:38.814643
-10.0,-345.0,849.0,12:32:38.824033
137.0,-603.0,1244.0,12:32:38.833422
40.0,-571.0,1024.0,12:32:38.843821
93.0,-354.0,600.0,12:32:38.853265
-123.0,-419.0,1083.0,12:32:38.863712
47.0,-403.0,890.0,12:32:38.873002
-17.0,-393.0,921.0,12:32:38.883548
-85.0,-542.0,1016.0,12:32:38.892978
36.0,-476.0,715.0,12:32:38.903383
-40.0,-306.0,701.0,12:32:38.912815
61.0,-725.0,1637.0,12:32:38.922149
-81.0,-562.0,980.0,12:32:38.932758
48.0,-492.0,727.0,12:32:38.942093
77.0,-693.0,880.0,12:32:38.952558
107.0,-550.0,748.0,12:32:38.963030
-60.0,-413.0,815.0,12:32:38.972166
130.0,-643.0,1123.0,12:32:38.981736
22.0,-542.0,799.0,12:32:38.991071
-77.0,-550.0,616.0,12:32:39.001467
8.0,-426.0,1018.0,12:32:39.010809
-74.0,-435.0,944.0,12:32:39.021260
-38.0,-445.0,959.0,12:32:39.030661
48.0,-457.0,1014.0,12:32:39.041227
-17.0,-425.0,975.0,12:32:39.050703
33.0,-568.0,1134.0,12:32:39.060072
51.0,-390.0,992.0,12:32:39.070541
52.0,-567.0,896.0,12:32:39.079832
57.0,-413.0,530.0,12:32:39.090276
-27.0,-430.0,893.0,12:32:39.099569
-23.0,-506.0,1155.0,12:32:39.110088
115.0,-432.0,829.0,12:32:39.119509
17.0,-494.0,868.0,12:32:39.130101
20.0,-516.0,871.0,12:32:39.139459
116.0,-467.0,893.0,12:32:39.149864
19.0,-432.0,1050.0,12:32:39.159146
118.0,-377.0,804.0,12:32:39.168662
84.0,-461.0,863.0,12:32:39.179123
22.0,-463.0,1221.0,12:32:39.188537
47.0,-459.0,924.0,12:32:39.198956
107.0,-443.0,710.0,12:32:39.208381
78.0,-393.0,803.0,12:32:39.218767
128.0,-463.0,895.0,12:32:39.228085
48.0,-490.0,1117.0,12:32:39.238567
138.0,-642.0,940.0,12:32:39.247912
162.0,-616.0,866.0,12:32:39.257307
153.0,-513.0,892.0,12:32:39.267772
81.0,-363.0,978.0,12:32:39.276993
162.0,-400.0,866.0,12:32:39.287657
-15.0,-504.0,921.0,12:32:39.296921
55.0,-428.0,762.0,12:32:39.307534
149.0,-418.0,844.0,12:32:39.316766
199.0,-439.0,903.0,12:32:39.327309
101.0,-475.0,1174.0,12:32:39.336585
79.0,-677.0,1313.0,12:32:39.347038
86.0,-584.0,809.0,12:32:39.356365
223.0,-695.0,935.0,12:32:39.365743
184.0,-589.0,929.0,12:32:39.376186
-26.0,-460.0,870.0,12:32:39.385622
36.0,-488.0,774.0,12:32:39.396067
93.0,-431.0,515.0,12:32:39.405413
-8.0,-358.0,816.0,12:32:39.415894
-129.0,-431.0,965.0,12:32:39.425285
38.0,-608.0,985.0,12:32:39.435726
-59.0,-542.0,1102.0,12:32:39.445208
69.0,-675.0,926.0,12:32:39.454511
25.0,-634.0,930.0,12:32:39.465110
28.0,-473.0,867.0,12:32:39.474503
-3.0,-607.0,967.0,12:32:39.485155
62.0,-585.0,784.0,12:32:39.494492
-2.0,-421.0,634.0,12:32:39.503895
-119.0,-580.0,1016.0,12:32:39.514459
-48.0,-455.0,858.0,12:32:39.523875
113.0,-440.0,802.0,12:32:39.534323
-113.0,-507.0,1021.0,12:32:39.543586
4.0,-609.0,1049.0,12:32:39.554132
-104.0,-501.0,891.0,12:32:39.563543
-65.0,-534.0,904.0,12:32:39.572969
20.0,-510.0,851.0,12:32:39.583458
-145.0,-430.0,927.0,12:32:39.592892
-87.0,-357.0,792.0,12:32:39.603342
-163.0,-489.0,1198.0,12:32:39.612863
135.0,-511.0,903.0,12:32:39.622162
65.0,-547.0,803.0,12:32:39.632650
-26.0,-386.0,867.0,12:32:39.641936
89.0,-534.0,1118.0,12:32:39.652432
105.0,-363.0,844.0,12:32:39.661824
71.0,-468.0,823.0,12:32:39.672332
76.0,-445.0,873.0,12:32:39.681670
16.0,-509.0,887.0,12:32:39.692174
19.0,-392.0,882.0,12:32:39.701477
30.0,-459.0,1089.0,12:32:39.711936
35.0,-425.0,859.0,12:32:39.721280
158.0,-464.0,829.0,12:32:39.730854
1.0,-397.0,845.0,12:32:39.741256
113.0,-636.0,1154.0,12:32:39.750652
67.0,-426.0,538.0,12:32:39.768347
-77.0,-522.0,871.0,12:32:39.772151
-57.0,-652.0,1192.0,12:32:39.780363
121.0,-635.0,725.0,12:32:39.790761
-23.0,-439.0,746.0,12:32:39.800113
-5.0,-409.0,966.0,12:32:39.810627
-88.0,-590.0,1200.0,12:32:39.820099
99.0,-532.0,842.0,12:32:39.829442
98.0,-704.0,1043.0,12:32:39.839964
-18.0,-585.0,952.0,12:32:39.849319
30.0,-387.0,491.0,12:32:39.859796
84.0,-415.0,949.0,12:32:39.869075
19.0,-439.0,1079.0,12:32:39.878596
-90.0,-604.0,1009.0,12:32:39.889097
55.0,-566.0,835.0,12:32:39.898457
-96.0,-510.0,1067.0,12:32:39.908874
6.0,-612.0,1046.0,12:32:39.918308
-168.0,-367.0,766.0,12:32:39.928728
-26.0,-679.0,1071.0,12:32:39.938150
74.0,-411.0,656.0,12:32:39.947582
22.0,-536.0,939.0,12:32:39.958036
-3.0,-594.0,924.0,12:32:39.967478
-5.0,-572.0,1001.0,12:32:39.977961
-93.0,-568.0,940.0,12:32:39.987356
-152.0,-470.0,747.0,12:32:39.997785
169.0,-614.0,989.0,12:32:40.007074
-77.0,-482.0,1113.0,12:32:40.017490
138.0,-539.0,764.0,12:32:40.026852
-58.0,-551.0,820.0,12:32:40.036321
89.0,-558.0,833.0,12:32:40.046843
-191.0,-426.0,851.0,12:32:40.056293
103.0,-635.0,1063.0,12:32:40.066803
-141.0,-549.0,929.0,12:32:40.076234
66.0,-635.0,999.0,12:32:40.085562
6.0,-530.0,748.0,12:32:40.096024
150.0,-619.0,961.0,12:32:40.105458
-110.0,-427.0,1037.0,12:32:40.115843
149.0,-593.0,814.0,12:32:40.125344
-153.0,-471.0,976.0,12:32:40.135785
76.0,-492.0,805.0,12:32:40.145341
-25.0,-467.0,849.0,12:32:40.154607
38.0,-547.0,1219.0,12:32:40.170243
-49.0,-517.0,1040.0,12:32:40.174824
123.0,-523.0,879.0,12:32:40.185284
-16.0,-668.0,1008.0,12:32:40.194636
30.0,-594.0,955.0,12:32:40.204040
7.0,-548.0,1045.0,12:32:40.214651
44.0,-567.0,1181.0,12:32:40.223949
39.0,-629.0,801.0,12:32:40.234455
93.0,-558.0,884.0,12:32:40.243726
75.0,-345.0,696.0,12:32:40.254198
58.0,-461.0,1055.0,12:32:40.263471
-41.0,-530.0,1033.0,12:32:40.273060
152.0,-516.0,867.0,12:32:40.283499
113.0,-637.0,1170.0,12:32:40.292964
67.0,-454.0,1026.0,12:32:40.303364
168.0,-486.0,893.0,12:32:40.312818
42.0,-352.0,995.0,12:32:40.323231
-30.0,-389.0,787.0,12:32:40.332540
120.0,-429.0,628.0,12:32:40.342988
49.0,-334.0,981.0,12:32:40.352447
-24.0,-447.0,1286.0,12:32:40.361767
167.0,-617.0,1087.0,12:32:40.372299
215.0,-615.0,877.0,12:32:40.381647
291.0,-547.0,827.0,12:32:40.392147
-65.0,-392.0,864.0,12:32:40.401437
84.0,-410.0,983.0,12:32:40.412002
105.0,-543.0,947.0,12:32:40.421374
-20.0,-557.0,661.0,12:32:40.430808
4.0,-437.0,815.0,12:32:40.441194
14.0,-476.0,1126.0,12:32:40.450791
-174.0,-584.0,1153.0,12:32:40.461186
13.0,-514.0,738.0,12:32:40.470674
54.0,-567.0,926.0,12:32:40.480013
14.0,-586.0,1078.0,12:32:40.490603
-50.0,-444.0,1055.0,12:32:40.499946
-77.0,-592.0,1085.0,12:32:40.510540
206.0,-552.0,1010.0,12:32:40.519984
-17.0,-445.0,607.0,12:32:40.529425
67.0,-303.0,793.0,12:32:40.539871
2.0,-328.0,928.0,12:32:40.549327
81.0,-416.0,870.0,12:32:40.559714
-15.0,-408.0,830.0,12:32:40.569062
148.0,-638.0,1162.0,12:32:40.579566
81.0,-591.0,1017.0,12:32:40.588976
25.0,-630.0,892.0,12:32:40.598347
-40.0,-490.0,886.0,12:32:40.608778
85.0,-484.0,788.0,12:32:40.618110
38.0,-487.0,871.0,12:32:40.628632
-103.0,-511.0,872.0,12:32:40.637891
-32.0,-704.0,758.0,12:32:40.648389
-52.0,-508.0,957.0,12:32:40.657719
-124.0,-485.0,900.0,12:32:40.668187
-38.0,-685.0,1030.0,12:32:40.677465
93.0,-583.0,987.0,12:32:40.687921
-21.0,-572.0,864.0,12:32:40.697243
12.0,-453.0,863.0,12:32:40.707714
-48.0,-479.0,1099.0,12:32:40.716949
29.0,-495.0,778.0,12:32:40.727490
-128.0,-466.0,705.0,12:32:40.736798
-141.0,-426.0,1162.0,12:32:40.756489
-61.0,-546.0,1159.0,12:32:40.766913
38.0,-389.0,707.0,12:32:40.776578
158.0,-675.0,906.0,12:32:40.785842
101.0,-325.0,786.0,12:32:40.796336
-49.0,-441.0,1037.0,12:32:40.805663
8.0,-369.0,867.0,12:32:40.816366
214.0,-375.0,619.0,12:32:40.825682
89.0,-293.0,561.0,12:32:40.835045
-104.0,-339.0,1203.0,12:32:40.845504
95.0,-489.0,1320.0,12:32:40.854870
22.0,-612.0,1057.0,12:32:40.865326
196.0,-701.0,754.0,12:32:40.874645
72.0,-574.0,726.0,12:32:40.885137
110.0,-454.0,1000.0,12:32:40.894586
-3.0,-599.0,1146.0,12:32:40.903996
36.0,-543.0,489.0,12:32:40.914481
-96.0,-531.0,696.0,12:32:40.923913
-104.0,-499.0,1141.0,12:32:40.934412
54.0,-448.0,1020.0,12:32:40.943679
-74.0,-580.0,1054.0,12:32:40.954148
15.0,-654.0,799.0,12:32:40.970901
4.0,-500.0,767.0,12:32:40.974716
79.0,-449.0,991.0,12:32:40.982980
60.0,-457.0,980.0,12:32:40.993416
18.0,-409.0,695.0,12:32:41.002853
-108.0,-390.0,812.0,12:32:41.013303
74.0,-531.0,1077.0,12:32:41.022846
-57.0,-471.0,1115.0,12:32:41.033275
-32.0,-343.0,837.0,12:32:41.042822
77.0,-328.0,778.0,12:32:41.052151
81.0,-466.0,1069.0,12:32:41.062655
-72.0,-464.0,970.0,12:32:41.071912
84.0,-408.0,798.0,12:32:41.082402
-38.0,-565.0,988.0,12:32:41.091756
-75.0,-366.0,839.0,12:32:41.102338
-44.0,-507.0,1004.0,12:32:41.111761
8.0,-478.0,944.0,12:32:41.121085
-13.0,-470.0,833.0,12:32:41.131521
99.0,-431.0,808.0,12:32:41.140912
-1.0,-624.0,1293.0,12:32:41.151295
26.0,-573.0,1025.0,12:32:41.160705
109.0,-625.0,836.0,12:32:41.171098
146.0,-579.0,698.0,12:32:41.180549
91.0,-560.0,858.0,12:32:41.190900
-15.0,-339.0,744.0,12:32:41.200296
18.0,-439.0,885.0,12:32:41.210746
52.0,-535.0,997.0,12:32:41.220167
-89.0,-486.0,801.0,12:32:41.229570
122.0,-577.0,1072.0,12:32:41.240010
72.0,-434.0,1191.0,12:32:41.249430
103.0,-370.0,661.0,12:32:41.269038
166.0,-621.0,1027.0,12:32:41.279545
53.0,-402.0,860.0,12:32:41.288851
-19.0,-400.0,992.0,12:32:41.299451
-54.0,-629.0,1105.0,12:32:41.308831
83.0,-584.0,884.0,12:32:41.319224
-64.0,-405.0,666.0,12:32:41.328697
34.0,-515.0,757.0,12:32:41.338018
-3.0,-463.0,1132.0,12:32:41.348541
141.0,-491.0,1006.0,12:32:41.357974
22.0,-538.0,957.0,12:32:41.369063
168.0,-534.0,736.0,12:32:41.379373
35.0,-555.0,897.0,12:32:41.387494
2.0,-576.0,1021.0,12:32:41.398010
87.0,-457.0,789.0,12:32:41.407420
22.0,-554.0,737.0,12:32:41.417986
94.0,-733.0,1146.0,12:32:41.427398
96.0,-716.0,1055.0,12:32:41.436733
47.0,-494.0,694.0,12:32:41.447286
-56.0,-537.0,922.0,12:32:41.456733
192.0,-667.0,1072.0,12:32:41.467174
90.0,-555.0,697.0,12:32:41.476480
-86.0,-368.0,705.0,12:32:41.486844
25.0,-405.0,1084.0,12:32:41.496376
-6.0,-391.0,881.0,12:32:41.505660
-2.0,-378.0,1113.0,12:32:41.516115
32.0,-546.0,1048.0,12:32:41.525530
160.0,-730.0,1111.0,12:32:41.536136
7.0,-264.0,362.0,12:32:41.545398
27.0,-415.0,994.0,12:32:41.555918
-122.0,-496.0,1106.0,12:32:41.565219
-169.0,-579.0,1077.0,12:32:41.574614
-31.0,-566.0,879.0,12:32:41.594316
-48.0,-537.0,1289.0,12:32:41.604714
49.0,-474.0,926.0,12:32:41.614183
176.0,-477.0,768.0,12:32:41.624591
107.0,-548.0,864.0,12:32:41.634092
109.0,-331.0,980.0,12:32:41.644528
94.0,-441.0,1044.0,12:32:41.653981
21.0,-387.0,860.0,12:32:41.664346
135.0,-594.0,822.0,12:32:41.673715
55.0,-390.0,1018.0,12:32:41.684204
40.0,-480.0,1019.0,12:32:41.693667
137.0,-515.0,949.0,12:32:41.703004
-12.0,-434.0,1075.0,12:32:41.713502
17.0,-556.0,870.0,12:32:41.722891
127.0,-538.0,750.0,12:32:41.733349
72.0,-509.0,1057.0,12:32:41.742689
-134.0,-635.0,1134.0,12:32:41.753114
3.0,-515.0,731.0,12:32:41.762471
-40.0,-403.0,710.0,12:32:41.771907
16.0,-451.0,967.0,12:32:41.782309
-21.0,-484.0,1080.0,12:32:41.791759
-10.0,-530.0,894.0,12:32:41.802240
20.0,-523.0,970.0,12:32:41.811946
-12.0,-519.0,979.0,12:32:41.821229
5.0,-530.0,852.0,12:32:41.831767
4.0,-453.0,840.0,12:32:41.841053
28.0,-382.0,871.0,12:32:41.851670
31.0,-483.0,997.0,12:32:41.861044
12.0,-455.0,879.0,12:32:41.870408
29.0,-465.0,774.0,12:32:41.880852
108.0,-579.0,777.0,12:32:41.890262
78.0,-485.0,975.0,12:32:41.900741
145.0,-458.0,1076.0,12:32:41.910070
133.0,-507.0,833.0,12:32:41.920681
54.0,-522.0,925.0,12:32:41.929953
57.0,-508.0,900.0,12:32:41.940414
140.0,-507.0,975.0,12:32:41.949683
168.0,-349.0,765.0,12:32:41.960147
142.0,-448.0,900.0,12:32:41.969540
40.0,-564.0,1235.0,12:32:41.978910
86.0,-628.0,950.0,12:32:41.989388
188.0,-599.0,928.0,12:32:41.998852
71.0,-432.0,803.0,12:32:42.009220
119.0,-474.0,833.0,12:32:42.018700
85.0,-361.0,913.0,12:32:42.029090
68.0,-480.0,995.0,12:32:42.038559
86.0,-536.0,914.0,12:32:42.047908
-27.0,-475.0,900.0,12:32:42.058501
29.0,-559.0,1030.0,12:32:42.067877
36.0,-608.0,974.0,12:32:42.078373
-86.0,-479.0,899.0,12:32:42.087638
74.0,-507.0,965.0,12:32:42.098084
91.0,-503.0,777.0,12:32:42.107487
23.0,-399.0,626.0,12:32:42.117972
49.0,-439.0,828.0,12:32:42.127413
-16.0,-402.0,906.0,12:32:42.136740
-48.0,-412.0,745.0,12:32:42.147159
-38.0,-296.0,808.0,12:32:42.156535
-30.0,-640.0,1639.0,12:32:42.174472
114.0,-795.0,1339.0,12:32:42.178070
31.0,-672.0,988.0,12:32:42.186353
121.0,-713.0,677.0,12:32:42.196821
153.0,-614.0,942.0,12:32:42.206266
72.0,-451.0,767.0,12:32:42.216629
-10.0,-341.0,407.0,12:32:42.226072
-86.0,-549.0,985.0,12:32:42.235362
65.0,-472.0,1013.0,12:32:42.245938
-24.0,-524.0,1083.0,12:32:42.255234
-3.0,-474.0,1094.0,12:32:42.265707
136.0,-507.0,824.0,12:32:42.275082
43.0,-396.0,760.0,12:32:42.285593
147.0,-316.0,817.0,12:32:42.294908
-7.0,-275.0,810.0,12:32:42.305362
125.0,-490.0,972.0,12:32:42.314679
28.0,-414.0,844.0,12:32:42.324194
-59.0,-510.0,1071.0,12:32:42.334681
74.0,-532.0,1085.0,12:32:42.344026
77.0,-531.0,870.0,12:32:42.354715
-3.0,-589.0,828.0,12:32:42.364023
113.0,-521.0,940.0,12:32:42.373435
12.0,-488.0,979.0,12:32:42.383957
-27.0,-658.0,1118.0,12:32:42.393338
43.0,-470.0,691.0,12:32:42.403734
-41.0,-356.0,664.0,12:32:42.413100
-7.0,-438.0,1106.0,12:32:42.423522
-71.0,-468.0,973.0,12:32:42.432995
67.0,-436.0,846.0,12:32:42.443398
-40.0,-554.0,934.0,12:32:42.452890
14.0,-556.0,961.0,12:32:42.462229
21.0,-496.0,777.0,12:32:42.472822
14.0,-458.0,868.0,12:32:42.482866
27.0,-525.0,842.0,12:32:42.492149
-44.0,-568.0,820.0,12:32:42.502516
-54.0,-457.0,990.0,12:32:42.511880
-60.0,-454.0,1144.0,12:32:42.521261
11.0,-467.0,1017.0,12:32:42.531892
-96.0,-565.0,1045.0,12:32:42.541247
112.0,-379.0,670.0,12:32:42.551869
20.0,-386.0,774.0,12:32:42.561149
18.0,-516.0,1108.0,12:32:42.576237
-116.0,-477.0,804.0,12:32:42.581171
6.0,-467.0,886.0,12:32:42.590580
45.0,-472.0,969.0,12:32:42.601001
-51.0,-362.0,810.0,12:32:42.610283
62.0,-333.0,985.0,12:32:42.620795
-87.0,-345.0,1085.0,12:32:42.630052
87.0,-531.0,935.0,12:32:42.640600
188.0,-452.0,582.0,12:32:42.649930
89.0,-505.0,967.0,12:32:42.660372
117.0,-413.0,899.0,12:32:42.669595
80.0,-408.0,703.0,12:32:42.680085
96.0,-292.0,697.0,12:32:42.689441
95.0,-922.0,1881.0,12:32:42.698854
35.0,-967.0,1655.0,12:32:42.709417
20.0,-825.0,738.0,12:32:42.718776
276.0,-790.0,847.0,12:32:42.729218
218.0,-614.0,806.0,12:32:42.738654
122.0,-366.0,583.0,12:32:42.748033
213.0,-327.0,582.0,12:32:42.758630
70.0,-533.0,735.0,12:32:42.767866
97.0,-348.0,673.0,12:32:42.778421
-154.0,-359.0,1187.0,12:32:42.787661
-3.0,-355.0,1217.0,12:32:42.798196
179.0,-452.0,952.0,12:32:42.807472
71.0,-367.0,712.0,12:32:42.817990
-22.0,-387.0,828.0,12:32:42.827429
155.0,-354.0,1036.0,12:32:42.836817
-180.0,-436.0,1034.0,12:32:42.847349
-25.0,-696.0,1074.0,12:32:42.856764
51.0,-632.0,1037.0,12:32:42.867281
5.0,-617.0,856.0,12:32:42.876705
62.0,-575.0,877.0,12:32:42.887135
-38.0,-658.0,1109.0,12:32:42.896420
1.0,-621.0,563.0,12:32:42.906912
71.0,-588.0,631.0,12:32:42.916383
-149.0,-642.0,923.0,12:32:42.925688
24.0,-452.0,867.0,12:32:42.936340
2.0,-542.0,1213.0,12:32:42.945642
-142.0,-559.0,919.0,12:32:42.955135
231.0,-599.0,859.0,12:32:42.965573
-111.0,-289.0,754.0,12:32:42.974909
175.0,-522.0,1134.0,12:32:42.985406
20.0,-506.0,1115.0,12:32:42.994725
-61.0,-385.0,495.0,12:32:43.005267
-9.0,-472.0,738.0,12:32:43.014527
-7.0,-483.0,1028.0,12:32:43.025006
-85.0,-440.0,942.0,12:32:43.034315
-168.0,-514.0,833.0,12:32:43.044729
29.0,-464.0,1135.0,12:32:43.054108
-29.0,-311.0,1129.0,12:32:43.064599
-32.0,-357.0,1193.0,12:32:43.074041
-188.0,-407.0,968.0,12:32:43.083364
44.0,-518.0,986.0,12:32:43.093865
-22.0,-490.0,937.0,12:32:43.103226
-125.0,-434.0,874.0,12:32:43.113597
37.0,-461.0,1133.0,12:32:43.123036
8.0,-527.0,869.0,12:32:43.133446
100.0,-529.0,898.0,12:32:43.142967
21.0,-517.0,833.0,12:32:43.152285
73.0,-488.0,829.0,12:32:43.162896
-58.0,-428.0,739.0,12:32:43.172155
2.0,-476.0,849.0,12:32:43.182670
51.0,-540.0,981.0,12:32:43.191928
27.0,-558.0,1077.0,12:32:43.202382
100.0,-616.0,874.0,12:32:43.211649
-36.0,-695.0,1052.0,12:32:43.222210
151.0,-605.0,556.0,12:32:43.231461
131.0,-113.0,417.0,12:32:43.241908
-25.0,-700.0,1640.0,12:32:43.251239
-105.0,-688.0,1189.0,12:32:43.261917
213.0,-653.0,336.0,12:32:43.271162
26.0,-424.0,698.0,12:32:43.280610
44.0,-400.0,1439.0,12:32:43.291078
-155.0,-184.0,551.0,12:32:43.300628
-40.0,-375.0,917.0,12:32:43.311153
87.0,-569.0,1142.0,12:32:43.320712
71.0,-272.0,626.0,12:32:43.329981
-5.0,-482.0,1049.0,12:32:43.340573
16.0,-608.0,1562.0,12:32:43.349996
43.0,-457.0,1111.0,12:32:43.359438
105.0,-406.0,334.0,12:32:43.377141
140.0,-710.0,1125.0,12:32:43.380922
-31.0,-457.0,1373.0,12:32:43.389394
157.0,-672.0,956.0,12:32:43.399847
71.0,-478.0,386.0,12:32:43.409342
224.0,-701.0,903.0,12:32:43.418609
142.0,-402.0,697.0,12:32:43.429156
7.0,-338.0,905.0,12:32:43.438510
3.0,-452.0,1112.0,12:32:43.448966
-8.0,-565.0,894.0,12:32:43.458255
75.0,-375.0,631.0,12:32:43.468763
-13.0,-578.0,1224.0,12:32:43.478080
84.0,-582.0,1167.0,12:32:43.487583
-16.0,-596.0,959.0,12:32:43.498034
29.0,-500.0,385.0,12:32:43.507531
-4.0,-403.0,755.0,12:32:43.517912
-36.0,-603.0,1068.0,12:32:43.527284
147.0,-366.0,347.0,12:32:43.537711
3.0,-476.0,1187.0,12:32:43.547107
-237.0,-564.0,1219.0,12:32:43.557507
-119.0,-374.0,596.0,12:32:43.566915
-48.0,-577.0,1440.0,12:32:43.577482
-146.0,-591.0,1269.0,12:32:43.586886
155.0,-485.0,511.0,12:32:43.596218
-62.0,-551.0,855.0,12:32:43.606615
23.0,-106.0,668.0,12:32:43.615882
-182.0,-537.0,1761.0,12:32:43.626405
-8.0,-1061.0,1682.0,12:32:43.635641
166.0,-791.0,387.0,12:32:43.646168
131.0,-497.0,285.0,12:32:43.655438
-38.0,-412.0,1437.0,12:32:43.665924
-17.0,-200.0,750.0,12:32:43.675206
-59.0,-416.0,451.0,12:32:43.685701
-146.0,-276.0,724.0,12:32:43.695063
163.0,-349.0,534.0,12:32:43.705745
-216.0,-82.0,1000.0,12:32:43.715041
-181.0,-321.0,1143.0,12:32:43.724380
-56.0,-101.0,173.0,12:32:43.734856
68.0,-170.0,398.0,12:32:43.744205
-87.0,-562.0,1623.0,12:32:43.754598
173.0,-1093.0,1949.0,12:32:43.764083
133.0,-635.0,814.0,12:32:43.779151
190.0,-534.0,973.0,12:32:43.783634
128.0,-684.0,1315.0,12:32:43.794280
-5.0,-916.0,1081.0,12:32:43.803552
43.0,-362.0,-116.0,12:32:43.812993
-146.0,-544.0,1458.0,12:32:43.823490
-170.0,-652.0,1602.0,12:32:43.832942
7.0,-681.0,625.0,12:32:43.843444
-18.0,-1092.0,961.0,12:32:43.852856
42.0,-336.0,402.0,12:32:43.863272
16.0,-319.0,1265.0,12:32:43.872696
-203.0,-201.0,843.0,12:32:43.883105
182.0,-488.0,187.0,12:32:43.892561
148.0,-424.0,243.0,12:32:43.901841
-48.0,-160.0,1217.0,12:32:43.912346
-230.0,-752.0,2047.0,12:32:43.921771
-115.0,-994.0,1209.0,12:32:43.932208
340.0,-674.0,-91.0,12:32:43.941584
228.0,-433.0,356.0,12:32:43.952141
92.0,-112.0,1316.0,12:32:43.961425
16.0,-179.0,1730.0,12:32:43.970824
-277.0,-258.0,547.0,12:32:43.981297
-93.0,-569.0,807.0,12:32:43.990715
-48.0,-1007.0,1469.0,12:32:44.001186
40.0,-635.0,1050.0,12:32:44.010609
82.0,-466.0,1196.0,12:32:44.020985
-11.0,-592.0,817.0,12:32:44.030425
-104.0,-459.0,233.0,12:32:44.040821
135.0,-221.0,798.0,12:32:44.050235
115.0,-566.0,1594.0,12:32:44.059570
-4.0,-609.0,802.0,12:32:44.070067
70.0,-728.0,862.0,12:32:44.079512
12.0,-439.0,529.0,12:32:44.089919
14.0,-588.0,796.0,12:32:44.099338
12.0,-569.0,754.0,12:32:44.109873
179.0,-491.0,511.0,12:32:44.119144
41.0,-599.0,887.0,12:32:44.128608
33.0,-399.0,553.0,12:32:44.139058
-26.0,-341.0,1396.0,12:32:44.148431
-99.0,-328.0,1432.0,12:32:44.158871
-160.0,-442.0,815.0,12:32:44.168123
66.0,-795.0,1379.0,12:32:44.178682
271.0,-499.0,694.0,12:32:44.188097
-313.0,-263.0,823.0,12:32:44.198554
-11.0,-773.0,1862.0,12:32:44.207977
316.0,-783.0,412.0,12:32:44.217378
151.0,-329.0,266.0,12:32:44.227849
-250.0,-112.0,1623.0,12:32:44.237206
193.0,-543.0,1418.0,12:32:44.247639
-353.0,-363.0,758.0,12:32:44.257137
18.0,-184.0,588.0,12:32:44.267636
132.0,-562.0,1104.0,12:32:44.276947
89.0,-285.0,581.0,12:32:44.286340
-48.0,-526.0,1010.0,12:32:44.296902
59.0,-575.0,1113.0,12:32:44.306267
170.0,-435.0,138.0,12:32:44.316755
108.0,-375.0,670.0,12:32:44.325992
-162.0,-177.0,860.0,12:32:44.336543
60.0,-694.0,1285.0,12:32:44.345882
-166.0,-793.0,1503.0,12:32:44.356402
26.0,-1055.0,1196.0,12:32:44.365729
167.0,-545.0,423.0,12:32:44.375255
135.0,-599.0,650.0,12:32:44.385670
122.0,-524.0,916.0,12:32:44.394964
-49.0,-308.0,615.0,12:32:44.405394
-109.0,-285.0,655.0,12:32:44.414848
-136.0,-557.0,1293.0,12:32:44.425279
11.0,-180.0,1152.0,12:32:44.434641
-4.0,-344.0,1114.0,12:32:44.445185
-5.0,-461.0,1011.0,12:32:44.454633
102.0,-307.0,1003.0,12:32:44.463976
-48.0,-476.0,999.0,12:32:44.474418
135.0,-685.0,819.0,12:32:44.483766
93.0,-285.0,688.0,12:32:44.494282
-5.0,-283.0,1110.0,12:32:44.503526
23.0,-469.0,896.0,12:32:44.514056
1.0,-498.0,1167.0,12:32:44.523292
-9.0,-662.0,1221.0,12:32:44.532837
150.0,-758.0,1075.0,12:32:44.543261
31.0,-722.0,807.0,12:32:44.552607
83.0,-410.0,691.0,12:32:44.563078
-36.0,-709.0,1422.0,12:32:44.579630
11.0,-504.0,500.0,12:32:44.583089
137.0,-701.0,704.0,12:32:44.592425
113.0,-546.0,447.0,12:32:44.601903
-162.0,-305.0,850.0,12:32:44.612348
-130.0,-407.0,1359.0,12:32:44.621865
32.0,-295.0,404.0,12:32:44.632352
88.0,-506.0,823.0,12:32:44.641766
-114.0,-549.0,1504.0,12:32:44.652231
142.0,-589.0,1546.0,12:32:44.661678
64.0,-674.0,731.0,12:32:44.670982
86.0,-743.0,715.0,12:32:44.681498
112.0,-547.0,728.0,12:32:44.690824
18.0,-270.0,398.0,12:32:44.701359
6.0,-316.0,687.0,12:32:44.710694
-60.0,-210.0,935.0,12:32:44.721087
-213.0,-810.0,1490.0,12:32:44.730480
-65.0,-618.0,772.0,12:32:44.739960
63.0,-164.0,157.0,12:32:44.750492
17.0,-587.0,1671.0,12:32:44.759844
47.0,-578.0,1305.0,12:32:44.770332
9.0,-648.0,1118.0,12:32:44.779740
-145.0,-315.0,-49.0,12:32:44.790189
160.0,-120.0,740.0,12:32:44.799592
-30.0,-458.0,1629.0,12:32:44.808940
-78.0,-693.0,1058.0,12:32:44.819470
8.0,-560.0,531.0,12:32:44.828885
51.0,-799.0,1087.0,12:32:44.839429
-1.0,-569.0,1129.0,12:32:44.848786
60.0,-272.0,506.0,12:32:44.859195
-113.0,-684.0,1476.0,12:32:44.868598
116.0,-910.0,1482.0,12:32:44.879013
70.0,-456.0,341.0,12:32:44.888375
2.0,-472.0,499.0,12:32:44.897669
-57.0,-200.0,1069.0,12:32:44.908141
15.0,-152.0,827.0,12:32:44.917564
-132.0,-102.0,772.0,12:32:44.928081
-86.0,-737.0,1426.0,12:32:44.937620
48.0,-588.0,1081.0,12:32:44.948104
0.0,-642.0,1440.0,12:32:44.957552
21.0,-494.0,1066.0,12:32:44.967015
168.0,-710.0,814.0,12:32:44.982544
331.0,-490.0,451.0,12:32:44.987265
133.0,-263.0,949.0,12:32:44.996672
76.0,-657.0,1489.0,12:32:45.007155
64.0,-710.0,488.0,12:32:45.016501
-8.0,-597.0,730.0,12:32:45.026930
37.0,-837.0,1390.0,12:32:45.036336
-20.0,-608.0,917.0,12:32:45.045600
-78.0,-354.0,327.0,12:32:45.056148
1.0,-303.0,663.0,12:32:45.065467
-32.0,-225.0,623.0,12:32:45.075974
-56.0,-207.0,662.0,12:32:45.085265
-233.0,-74.0,1059.0,12:32:45.095798
-73.0,-433.0,1488.0,12:32:45.105268
11.0,-426.0,1161.0,12:32:45.115745
-29.0,-592.0,1322.0,12:32:45.125108
89.0,-733.0,1164.0,12:32:45.134574
220.0,-458.0,552.0,12:32:45.144927
177.0,-421.0,449.0,12:32:45.154217
107.0,-461.0,390.0,12:32:45.164584
61.0,-425.0,796.0,12:32:45.174005
-252.0,-440.0,982.0,12:32:45.184404
42.0,-627.0,1004.0,12:32:45.193861
-6.0,-577.0,1124.0,12:32:45.204261
44.0,-297.0,1028.0,12:32:45.213752
122.0,-488.0,867.0,12:32:45.223144
-76.0,-413.0,1150.0,12:32:45.233759
-7.0,-341.0,996.0,12:32:45.243064
-99.0,-417.0,728.0,12:32:45.253580
9.0,-628.0,777.0,12:32:45.262958
-48.0,-280.0,869.0,12:32:45.273452
-10.0,-510.0,1369.0,12:32:45.282884
-89.0,-519.0,892.0,12:32:45.292275
297.0,-596.0,670.0,12:32:45.302788
-103.0,-687.0,1600.0,12:32:45.312215
79.0,-626.0,1131.0,12:32:45.322688
19.0,-825.0,1320.0,12:32:45.332036
-111.0,-561.0,563.0,12:32:45.342476
76.0,-347.0,662.0,12:32:45.351868
-147.0,-222.0,1297.0,12:32:45.361176
-224.0,-504.0,1275.0,12:32:45.371734
77.0,-593.0,533.0,12:32:45.381036
162.0,-655.0,797.0,12:32:45.391459
-41.0,-279.0,1020.0,12:32:45.400768
64.0,-549.0,939.0,12:32:45.411246
-136.0,-442.0,653.0,12:32:45.420607
188.0,-583.0,748.0,12:32:45.431079
-88.0,-213.0,431.0,12:32:45.440418
-31.0,-490.0,826.0,12:32:45.450975
48.0,-829.0,1846.0,12:32:45.460328
188.0,-927.0,1377.0,12:32:45.469615
222.0,-508.0,221.0,12:32:45.480171
-80.0,-299.0,652.0,12:32:45.489545
25.0,-435.0,777.0,12:32:45.499945
93.0,-529.0,951.0,12:32:45.509317
-179.0,-857.0,1204.0,12:32:45.519853
140.0,-977.0,1014.0,12:32:45.529228
-130.0,-604.0,759.0,12:32:45.539746
-33.0,-654.0,777.0,12:32:45.549014
-50.0,-270.0,387.0,12:32:45.558386
-31.0,-379.0,785.0,12:32:45.568785
-87.0,-155.0,1094.0,12:32:45.578111
-12.0,-592.0,1498.0,12:32:45.588595
-139.0,-261.0,543.0,12:32:45.597962
-182.0,-465.0,1362.0,12:32:45.608610
-115.0,-447.0,1529.0,12:32:45.617999
86.0,-646.0,828.0,12:32:45.628491
189.0,-660.0,491.0,12:32:45.637913
19.0,-572.0,590.0,12:32:45.647126
-69.0,-174.0,702.0,12:32:45.657569
13.0,-661.0,1339.0,12:32:45.666884
-16.0,-676.0,1073.0,12:32:45.677564
180.0,-490.0,270.0,12:32:45.686930
-121.0,-431.0,1118.0,12:32:45.697547
140.0,-457.0,1347.0,12:32:45.706791
-53.0,-481.0,1015.0,12:32:45.716335
-35.0,-165.0,173.0,12:32:45.726733
33.0,-385.0,881.0,12:32:45.736083
56.0,-674.0,1574.0,12:32:45.746459
-51.0,-398.0,807.0,12:32:45.755823
-104.0,-475.0,750.0,12:32:45.766367
123.0,-540.0,1022.0,12:32:45.783205
85.0,-439.0,1106.0,12:32:45.786996
30.0,-351.0,1093.0,12:32:45.795212
-100.0,-494.0,1133.0,12:32:45.805758
37.0,-538.0,1026.0,12:32:45.815114
254.0,-422.0,852.0,12:32:45.825598
-37.0,-265.0,424.0,12:32:45.835090
114.0,-360.0,908.0,12:32:45.844505
-19.0,-425.0,1027.0,12:32:45.855036
-14.0,-525.0,1166.0,12:32:45.864411
163.0,-537.0,1205.0,12:32:45.874904
102.0,-488.0,975.0,12:32:45.884316
-27.0,-522.0,1060.0,12:32:45.894019
199.0,-503.0,670.0,12:32:45.903931
26.0,-599.0,1068.0,12:32:45.913363
138.0,-591.0,926.0,12:32:45.923812
165.0,-438.0,868.0,12:32:45.933144
-120.0,-508.0,1171.0,12:32:45.943595
46.0,-377.0,860.0,12:32:45.953000
172.0,-570.0,978.0,12:32:45.963441
53.0,-605.0,717.0,12:32:45.972933
66.0,-462.0,784.0,12:32:45.983454
21.0,-431.0,1195.0,12:32:45.992862
60.0,-631.0,1307.0,12:32:46.002158
10.0,-594.0,593.0,12:32:46.012556
161.0,-753.0,745.0,12:32:46.021930
82.0,-445.0,818.0,12:32:46.032326
-170.0,-449.0,974.0,12:32:46.041814
-95.0,-566.0,855.0,12:32:46.052182
150.0,-468.0,578.0,12:32:46.061527
-91.0,-627.0,1057.0,12:32:46.071918
-83.0,-455.0,1131.0,12:32:46.081328
-113.0,-597.0,1242.0,12:32:46.091918
-9.0,-669.0,1052.0,12:32:46.101295
-45.0,-466.0,439.0,12:32:46.110715
29.0,-556.0,991.0,12:32:46.121334
-8.0,-453.0,903.0,12:32:46.130620
-101.0,-542.0,831.0,12:32:46.141217
-181.0,-507.0,1083.0,12:32:46.150573
-2.0,-635.0,922.0,12:32:46.160059
-51.0,-341.0,872.0,12:32:46.170633
-14.0,-583.0,1090.0,12:32:46.181571
-88.0,-509.0,983.0,12:32:46.192454
10.0,-561.0,751.0,12:32:46.199554
-106.0,-560.0,661.0,12:32:46.210029
106.0,-407.0,795.0,12:32:46.219422
-208.0,-450.0,1203.0,12:32:46.229944
-73.0,-392.0,796.0,12:32:46.239217
-109.0,-422.0,813.0,12:32:46.248814
-61.0,-378.0,795.0,12:32:46.259217
-90.0,-459.0,1055.0,12:32:46.268729
74.0,-467.0,1355.0,12:32:46.279199
79.0,-534.0,798.0,12:32:46.288757
116.0,-408.0,547.0,12:32:46.298073
8.0,-537.0,1078.0,12:32:46.308647
-70.0,-518.0,1239.0,12:32:46.318031
161.0,-582.0,927.0,12:32:46.328640
95.0,-625.0,876.0,12:32:46.337921
-7.0,-537.0,841.0,12:32:46.347285
122.0,-396.0,893.0,12:32:46.357681
37.0,-634.0,1252.0,12:32:46.367057
86.0,-563.0,933.0,12:32:46.377557
111.0,-484.0,598.0,12:32:46.386911
-152.0,-420.0,877.0,12:32:46.397473
-154.0,-463.0,1166.0,12:32:46.406900
-33.0,-376.0,852.0,12:32:46.416333
-98.0,-531.0,1029.0,12:32:46.426883
-78.0,-519.0,827.0,12:32:46.436258
47.0,-478.0,882.0,12:32:46.446807
32.0,-428.0,1002.0,12:32:46.456053
-100.0,-567.0,1021.0,12:32:46.466452
33.0,-621.0,900.0,12:32:46.475783
119.0,-553.0,687.0,12:32:46.486361
18.0,-432.0,792.0,12:32:46.495659
-136.0,-436.0,962.0,12:32:46.506109
36.0,-564.0,1057.0,12:32:46.515416
-102.0,-502.0,796.0,12:32:46.524873
91.0,-491.0,822.0,12:32:46.535370
-118.0,-517.0,1215.0,12:32:46.544714
61.0,-415.0,951.0,12:32:46.555221
-55.0,-503.0,972.0,12:32:46.564509
-164.0,-341.0,687.0,12:32:46.574074
114.0,-478.0,879.0,12:32:46.584566
-65.0,-387.0,1099.0,12:32:46.593939
-67.0,-542.0,1015.0,12:32:46.604429
-27.0,-535.0,845.0,12:32:46.613694
20.0,-565.0,878.0,12:32:46.624102
82.0,-456.0,758.0,12:32:46.633442
18.0,-439.0,1056.0,12:32:46.644054
-23.0,-485.0,998.0,12:32:46.653433
61.0,-567.0,888.0,12:32:46.662871
41.0,-544.0,964.0,12:32:46.673380
115.0,-491.0,915.0,12:32:46.682844
51.0,-481.0,1032.0,12:32:46.693279
50.0,-490.0,877.0,12:32:46.702568
173.0,-325.0,510.0,12:32:46.713057
-5.0,-449.0,1117.0,12:32:46.722331
-92.0,-451.0,903.0,12:32:46.732881
96.0,-547.0,1049.0,12:32:46.742233
89.0,-628.0,1113.0,12:32:46.751683
-26.0,-534.0,984.0,12:32:46.762145
27.0,-658.0,856.0,12:32:46.771503
31.0,-526.0,845.0,12:32:46.781903
1.0,-646.0,896.0,12:32:46.791384
-21.0,-374.0,800.0,12:32:46.801808
-103.0,-576.0,1103.0,12:32:46.811193
-83.0,-483.0,717.0,12:32:46.821579
-119.0,-479.0,1041.0,12:32:46.830953
-77.0,-607.0,1124.0,12:32:46.841337
151.0,-663.0,875.0,12:32:46.850686
-123.0,-467.0,889.0,12:32:46.861094
165.0,-582.0,911.0,12:32:46.870551
-67.0,-432.0,755.0,12:32:46.879863
-73.0,-419.0,849.0,12:32:46.890389
-55.0,-412.0,1108.0,12:32:46.899721
-43.0,-564.0,963.0,12:32:46.910214
-218.0,-418.0,701.0,12:32:46.919582
186.0,-510.0,921.0,12:32:46.929985
-19.0,-463.0,1085.0,12:32:46.939364
-33.0,-543.0,965.0,12:32:46.949885
-16.0,-486.0,821.0,12:32:46.959339
6.0,-519.0,776.0,12:32:46.968657
110.0,-561.0,826.0,12:32:46.985974
-71.0,-411.0,972.0,12:32:46.989204
-14.0,-595.0,1050.0,12:32:46.998686
296.0,-485.0,807.0,12:32:47.008120
-16.0,-490.0,865.0,12:32:47.018735
90.0,-552.0,1175.0,12:32:47.028106
26.0,-448.0,941.0,12:32:47.037564
45.0,-537.0,877.0,12:32:47.048008
-20.0,-351.0,627.0,12:32:47.057472
18.0,-515.0,1095.0,12:32:47.067975
81.0,-260.0,863.0,12:32:47.077455
-27.0,-467.0,1071.0,12:32:47.096995
134.0,-526.0,1119.0,12:32:47.107660
101.0,-401.0,837.0,12:32:47.117018
-53.0,-535.0,1080.0,12:32:47.126383
49.0,-330.0,671.0,12:32:47.136971
5.0,-375.0,900.0,12:32:47.146470
-5.0,-460.0,929.0,12:32:47.156989
-144.0,-591.0,984.0,12:32:47.166384
-54.0,-640.0,1024.0,12:32:47.175686
103.0,-566.0,884.0,12:32:47.186348
-65.0,-606.0,1109.0,12:32:47.195656
0.0,-559.0,749.0,12:32:47.205160
71.0,-389.0,613.0,12:32:47.215629
25.0,-589.0,1001.0,12:32:47.225099
-43.0,-412.0,760.0,12:32:47.235537
82.0,-590.0,1207.0,12:32:47.244844
-119.0,-643.0,1024.0,12:32:47.255279
-78.0,-473.0,858.0,12:32:47.264685
70.0,-636.0,1140.0,12:32:47.275179
-86.0,-571.0,976.0,12:32:47.284529
148.0,-632.0,906.0,12:32:47.294037
24.0,-518.0,861.0,12:32:47.304495
-164.0,-510.0,775.0,12:32:47.313765
181.0,-627.0,942.0,12:32:47.324160
-15.0,-442.0,747.0,12:32:47.333511
-27.0,-512.0,949.0,12:32:47.343996
-132.0,-553.0,892.0,12:32:47.353300
-28.0,-637.0,1032.0,12:32:47.363742
-36.0,-499.0,795.0,12:32:47.373212
77.0,-577.0,766.0,12:32:47.388912
-185.0,-548.0,1057.0,12:32:47.393645
49.0,-537.0,769.0,12:32:47.403068
-229.0,-351.0,785.0,12:32:47.412428
-66.0,-659.0,1102.0,12:32:47.423025
-45.0,-473.0,843.0,12:32:47.432283
-95.0,-619.0,1020.0,12:32:47.442728
84.0,-666.0,969.0,12:32:47.451991
-58.0,-631.0,980.0,12:32:47.462483
-94.0,-499.0,623.0,12:32:47.471894
-60.0,-402.0,758.0,12:32:47.481306
-91.0,-439.0,1011.0,12:32:47.491912
14.0,-677.0,905.0,12:32:47.501351
-5.0,-341.0,642.0,12:32:47.511827
-179.0,-554.0,1043.0,12:32:47.521104
66.0,-371.0,915.0,12:32:47.531762
-81.0,-407.0,996.0,12:32:47.541043
-22.0,-619.0,1143.0,12:32:47.550370
64.0,-554.0,842.0,12:32:47.560821
32.0,-473.0,870.0,12:32:47.570211
57.0,-543.0,909.0,12:32:47.580666
174.0,-435.0,715.0,12:32:47.589943
-44.0,-264.0,894.0,12:32:47.600429
-15.0,-591.0,1192.0,12:32:47.609898
118.0,-655.0,1038.0,12:32:47.620391
-49.0,-399.0,722.0,12:32:47.629712
122.0,-617.0,1196.0,12:32:47.640253
53.0,-567.0,1000.0,12:32:47.649700
-102.0,-475.0,786.0,12:32:47.658968
-115.0,-566.0,1058.0,12:32:47.669582
4.0,-479.0,750.0,12:32:47.689154
-114.0,-431.0,1141.0,12:32:47.698530
149.0,-580.0,1053.0,12:32:47.708990
-36.0,-528.0,776.0,12:32:47.718279
137.0,-417.0,753.0,12:32:47.728858
-8.0,-449.0,942.0,12:32:47.738195
134.0,-509.0,986.0,12:32:47.747702
121.0,-411.0,784.0,12:32:47.758190
38.0,-491.0,866.0,12:32:47.767564
-123.0,-464.0,965.0,12:32:47.777969
141.0,-570.0,1096.0,12:32:47.787343
78.0,-470.0,842.0,12:32:47.797906
-50.0,-587.0,897.0,12:32:47.807292
40.0,-622.0,1137.0,12:32:47.816589
265.0,-528.0,1060.0,12:32:47.827098
-50.0,-627.0,1109.0,12:32:47.836536
57.0,-621.0,654.0,12:32:47.846967
9.0,-393.0,715.0,12:32:47.856486
100.0,-347.0,946.0,12:32:47.866853
-156.0,-243.0,899.0,12:32:47.876373
-49.0,-437.0,1069.0,12:32:47.885702
-148.0,-369.0,867.0,12:32:47.896277
77.0,-364.0,910.0,12:32:47.905596
-113.0,-424.0,966.0,12:32:47.916073
83.0,-585.0,995.0,12:32:47.925359
134.0,-454.0,833.0,12:32:47.935827
41.0,-366.0,735.0,12:32:47.945227
77.0,-624.0,1076.0,12:32:47.954668
47.0,-425.0,829.0,12:32:47.965147
56.0,-526.0,784.0,12:32:47.974453
-87.0,-602.0,1186.0,12:32:47.984911
161.0,-639.0,1043.0,12:32:47.994273
-16.0,-510.0,568.0,12:32:48.004696
72.0,-420.0,709.0,12:32:48.014108
41.0,-403.0,844.0,12:32:48.024690
-26.0,-409.0,800.0,12:32:48.034055
-32.0,-377.0,816.0,12:32:48.043364
24.0,-546.0,1112.0,12:32:48.053829
45.0,-631.0,1235.0,12:32:48.063261
-7.0,-553.0,1040.0,12:32:48.073639
116.0,-575.0,966.0,12:32:48.083101
-12.0,-488.0,744.0,12:32:48.093590
107.0,-642.0,1067.0,12:32:48.102990
53.0,-473.0,806.0,12:32:48.112403
-37.0,-516.0,731.0,12:32:48.122944
69.0,-592.0,869.0,12:32:48.132287
72.0,-416.0,754.0,12:32:48.142840
-141.0,-320.0,863.0,12:32:48.152112
56.0,-407.0,958.0,12:32:48.162572
30.0,-442.0,1014.0,12:32:48.171884
-54.0,-437.0,1055.0,12:32:48.189536
115.0,-699.0,1188.0,12:32:48.193393
49.0,-572.0,916.0,12:32:48.201646
47.0,-668.0,1008.0,12:32:48.212023
137.0,-510.0,784.0,12:32:48.221417
-25.0,-486.0,592.0,12:32:48.230746
52.0,-397.0,666.0,12:32:48.241171
28.0,-461.0,912.0,12:32:48.250515
-163.0,-659.0,1137.0,12:32:48.261040
74.0,-713.0,1020.0,12:32:48.270367
-15.0,-635.0,831.0,12:32:48.280884
37.0,-618.0,836.0,12:32:48.290239
38.0,-516.0,847.0,12:32:48.300760
-19.0,-566.0,707.0,12:32:48.310029
-10.0,-389.0,786.0,12:32:48.319475
-34.0,-454.0,949.0,12:32:48.329891
-136.0,-509.0,1009.0,12:32:48.339390
-9.0,-519.0,995.0,12:32:48.349852
-56.0,-595.0,1084.0,12:32:48.359171
40.0,-671.0,1085.0,12:32:48.369750
44.0,-545.0,932.0,12:32:48.379038
15.0,-533.0,942.0,12:32:48.389574
-70.0,-447.0,997.0,12:32:48.398805
-25.0,-451.0,820.0,12:32:48.408156
-23.0,-316.0,854.0,12:32:48.418771
-51.0,-282.0,923.0,12:32:48.428174
-12.0,-263.0,761.0,12:32:48.438674
47.0,-409.0,1018.0,12:32:48.448063
72.0,-370.0,962.0,12:32:48.458510
-48.0,-527.0,1101.0,12:32:48.467859
151.0,-514.0,989.0,12:32:48.478249
190.0,-406.0,594.0,12:32:48.496712
81.0,-606.0,1041.0,12:32:48.507285
-79.0,-608.0,779.0,12:32:48.517691
184.0,-368.0,489.0,12:32:48.527033
-25.0,-538.0,1279.0,12:32:48.536342
110.0,-546.0,1074.0,12:32:48.546829
-49.0,-685.0,988.0,12:32:48.566669
149.0,-719.0,891.0,12:32:48.575984
55.0,-485.0,652.0,12:32:48.587857
-52.0,-272.0,766.0,12:32:48.596161
-6.0,-497.0,1393.0,12:32:48.605544
39.0,-573.0,861.0,12:32:48.615924
-54.0,-508.0,731.0,12:32:48.625274
62.0,-461.0,779.0,12:32:48.635715
4.0,-355.0,802.0,12:32:48.645148
10.0,-421.0,1042.0,12:32:48.655539
13.0,-518.0,956.0,12:32:48.664952
129.0,-577.0,908.0,12:32:48.675417
1.0,-453.0,768.0,12:32:48.684772
-64.0,-492.0,944.0,12:32:48.694110
86.0,-352.0,948.0,12:32:48.704602
-35.0,-582.0,1258.0,12:32:48.714024
44.0,-531.0,815.0,12:32:48.724585
129.0,-586.0,856.0,12:32:48.734048
-127.0,-473.0,1030.0,12:32:48.743393
135.0,-575.0,1072.0,12:32:48.753877
214.0,-660.0,1011.0,12:32:48.763194
184.0,-476.0,503.0,12:32:48.773600
-52.0,-507.0,921.0,12:32:48.782953
130.0,-447.0,826.0,12:32:48.793480
4.0,-262.0,604.0,12:32:48.802857
-128.0,-239.0,947.0,12:32:48.813306
155.0,-458.0,1067.0,12:32:48.822568
0.0,-560.0,1050.0,12:32:48.833086
35.0,-308.0,945.0,12:32:48.842312
107.0,-592.0,1226.0,12:32:48.852840
283.0,-673.0,879.0,12:32:48.862185
292.0,-307.0,513.0,12:32:48.871574
35.0,-492.0,1261.0,12:32:48.882033
122.0,-404.0,702.0,12:32:48.891361
142.0,-523.0,1144.0,12:32:48.901878
250.0,-545.0,840.0,12:32:48.911202
81.0,-514.0,747.0,12:32:48.921680
169.0,-610.0,1181.0,12:32:48.930972
3.0,-668.0,1233.0,12:32:48.941386
32.0,-328.0,429.0,12:32:48.950764
3.0,-423.0,866.0,12:32:48.961207
-105.0,-729.0,1438.0,12:32:48.970574
-100.0,-359.0,465.0,12:32:48.981068
-70.0,-523.0,755.0,12:32:48.990552
-71.0,-510.0,1183.0,12:32:48.999918
101.0,-548.0,973.0,12:32:49.010327
-80.0,-338.0,606.0,12:32:49.019785
185.0,-541.0,875.0,12:32:49.030212
15.0,-596.0,1055.0,12:32:49.039646
125.0,-451.0,722.0,12:32:49.049038
-30.0,-344.0,723.0,12:32:49.059661
98.0,-632.0,1338.0,12:32:49.068956
180.0,-350.0,649.0,12:32:49.079449
-20.0,-247.0,616.0,12:32:49.088746
36.0,-483.0,1456.0,12:32:49.099323
-45.0,-653.0,1286.0,12:32:49.108656
291.0,-444.0,667.0,12:32:49.118033
54.0,-548.0,957.0,12:32:49.128611
74.0,-476.0,862.0,12:32:49.137913
60.0,-364.0,736.0,12:32:49.148377
87.0,-420.0,979.0,12:32:49.157609
-19.0,-568.0,1244.0,12:32:49.168142
-87.0,-578.0,1003.0,12:32:49.177462
-2.0,-499.0,1040.0,12:32:49.187955
-3.0,-485.0,974.0,12:32:49.197245
116.0,-483.0,890.0,12:32:49.207761
-86.0,-467.0,825.0,12:32:49.217016
188.0,-513.0,962.0,12:32:49.227565
104.0,-580.0,972.0,12:32:49.236860
-118.0,-579.0,1077.0,12:32:49.246321
75.0,-433.0,627.0,12:32:49.256807
50.0,-420.0,762.0,12:32:49.266227
91.0,-605.0,1145.0,12:32:49.276631
-17.0,-468.0,969.0,12:32:49.285956
104.0,-613.0,1036.0,12:32:49.296379
100.0,-617.0,949.0,12:32:49.305669
17.0,-409.0,626.0,12:32:49.316240
87.0,-571.0,984.0,12:32:49.325477
4.0,-447.0,989.0,12:32:49.335952
97.0,-337.0,414.0,12:32:49.345202
-22.0,-591.0,1192.0,12:32:49.355687
85.0,-521.0,941.0,12:32:49.365185
68.0,-802.0,1166.0,12:32:49.374580
65.0,-407.0,509.0,12:32:49.392160
196.0,-536.0,954.0,12:32:49.395926
-112.0,-524.0,1134.0,12:32:49.404187
-2.0,-508.0,771.0,12:32:49.414600
124.0,-609.0,832.0,12:32:49.424034
-107.0,-484.0,933.0,12:32:49.434439
91.0,-443.0,1005.0,12:32:49.443872
-56.0,-326.0,610.0,12:32:49.454281
81.0,-446.0,898.0,12:32:49.463786
-114.0,-556.0,1093.0,12:32:49.473030
159.0,-654.0,1240.0,12:32:49.483558
39.0,-689.0,1051.0,12:32:49.492949
59.0,-462.0,810.0,12:32:49.503403
-15.0,-486.0,757.0,12:32:49.512882
156.0,-327.0,607.0,12:32:49.522317
-82.0,-461.0,1082.0,12:32:49.532954
10.0,-555.0,1109.0,12:32:49.542249
27.0,-653.0,1219.0,12:32:49.552814
11.0,-618.0,800.0,12:32:49.562215
-16.0,-441.0,839.0,12:32:49.571706
136.0,-535.0,921.0,12:32:49.582131
-160.0,-504.0,1008.0,12:32:49.591483
157.0,-666.0,980.0,12:32:49.601858
-56.0,-623.0,781.0,12:32:49.611223
55.0,-697.0,777.0,12:32:49.621817
-184.0,-338.0,1008.0,12:32:49.631193
1.0,-680.0,1238.0,12:32:49.640674
38.0,-532.0,660.0,12:32:49.651069
-104.0,-691.0,1050.0,12:32:49.660381
41.0,-604.0,675.0,12:32:49.670836
-64.0,-228.0,486.0,12:32:49.680130
-201.0,-454.0,910.0,12:32:49.690670
-109.0,-642.0,1323.0,12:32:49.700032
-94.0,-466.0,926.0,12:32:49.710538
-139.0,-617.0,911.0,12:32:49.719982
-88.0,-471.0,895.0,12:32:49.730419
101.0,-445.0,1127.0,12:32:49.739783
162.0,-490.0,1000.0,12:32:49.749081
125.0,-466.0,805.0,12:32:49.759569
169.0,-298.0,559.0,12:32:49.768811
63.0,-535.0,1147.0,12:32:49.779403
-10.0,-375.0,616.0,12:32:49.790785
-43.0,-468.0,752.0,12:32:49.799784
80.0,-259.0,766.0,12:32:49.809097
-114.0,-408.0,1166.0,12:32:49.818491
-190.0,-521.0,1424.0,12:32:49.828885
20.0,-871.0,1082.0,12:32:49.838208
75.0,-576.0,710.0,12:32:49.848582
177.0,-876.0,1038.0,12:32:49.857985
104.0,-528.0,1137.0,12:32:49.867319
-32.0,-592.0,1233.0,12:32:49.877814
63.0,-639.0,773.0,12:32:49.888191
-7.0,-520.0,265.0,12:32:49.897572
133.0,-386.0,507.0,12:32:49.906817
-224.0,-276.0,1259.0,12:32:49.917426
-29.0,-438.0,1176.0,12:32:49.926668
-88.0,-528.0,829.0,12:32:49.937238
85.0,-515.0,843.0,12:32:49.946563
-15.0,-608.0,1188.0,12:32:49.957062
-2.0,-395.0,752.0,12:32:49.966412
65.0,-301.0,557.0,12:32:49.976901
-92.0,-288.0,660.0,12:32:49.986379
-9.0,-313.0,887.0,12:32:49.995666
-131.0,-387.0,857.0,12:32:50.006328
-3.0,-521.0,766.0,12:32:50.015779
-18.0,-458.0,833.0,12:32:50.025217
-16.0,-556.0,1300.0,12:32:50.035696
170.0,-580.0,892.0,12:32:50.045182
164.0,-703.0,1254.0,12:32:50.055611
52.0,-599.0,1020.0,12:32:50.065051
81.0,-652.0,799.0,12:32:50.075526
99.0,-584.0,732.0,12:32:50.084896
-27.0,-613.0,1339.0,12:32:50.094167
-81.0,-735.0,1528.0,12:32:50.104639
222.0,-734.0,601.0,12:32:50.114028
157.0,-737.0,583.0,12:32:50.124521
-8.0,-166.0,273.0,12:32:50.134159
-59.0,-65.0,935.0,12:32:50.143524
-80.0,-146.0,865.0,12:32:50.154162
-87.0,-216.0,983.0,12:32:50.163501
86.0,-496.0,1074.0,12:32:50.172944
231.0,-307.0,879.0,12:32:50.183390
-72.0,-297.0,1458.0,12:32:50.192858
161.0,-613.0,1668.0,12:32:50.203313
107.0,-125.0,-22.0,12:32:50.212673
148.0,-336.0,830.0,12:32:50.223074
60.0,-842.0,1815.0,12:32:50.232415
170.0,-594.0,841.0,12:32:50.242984
79.0,-620.0,522.0,12:32:50.252317
197.0,-710.0,975.0,12:32:50.262670
111.0,-541.0,798.0,12:32:50.272010
47.0,-442.0,777.0,12:32:50.282367
149.0,-454.0,811.0,12:32:50.291727
-22.0,-421.0,729.0,12:32:50.302271
45.0,-562.0,886.0,12:32:50.311766
205.0,-510.0,1060.0,12:32:50.321098
28.0,-649.0,1068.0,12:32:50.331523
-1.0,-467.0,776.0,12:32:50.340897
91.0,-649.0,1170.0,12:32:50.351320
240.0,-542.0,662.0,12:32:50.360742
2.0,-469.0,793.0,12:32:50.371112
-7.0,-417.0,887.0,12:32:50.380532
76.0,-475.0,825.0,12:32:50.390957
-95.0,-392.0,797.0,12:32:50.400440
25.0,-511.0,903.0,12:32:50.409693
11.0,-400.0,919.0,12:32:50.420288
22.0,-539.0,1512.0,12:32:50.439820
33.0,-231.0,779.0,12:32:50.449206
-22.0,-550.0,1186.0,12:32:50.459922
213.0,-804.0,827.0,12:32:50.469392
143.0,-363.0,586.0,12:32:50.478746
-80.0,-500.0,1115.0,12:32:50.489322
152.0,-625.0,992.0,12:32:50.498726
-90.0,-621.0,879.0,12:32:50.509130
-131.0,-427.0,800.0,12:32:50.518509
186.0,-449.0,878.0,12:32:50.527907
-105.0,-212.0,659.0,12:32:50.538349
133.0,-558.0,1119.0,12:32:50.547698
203.0,-309.0,974.0,12:32:50.558200
171.0,-604.0,934.0,12:32:50.567618
129.0,-405.0,711.0,12:32:50.578067
-41.0,-440.0,1187.0,12:32:50.590721
-42.0,-518.0,1157.0,12:32:50.598869
138.0,-532.0,424.0,12:32:50.606784
219.0,-528.0,633.0,12:32:50.617372
-47.0,-397.0,1010.0,12:32:50.626680
-108.0,-639.0,1261.0,12:32:50.637199
119.0,-587.0,682.0,12:32:50.646474
104.0,-546.0,922.0,12:32:50.656949
-64.0,-596.0,1260.0,12:32:50.666403
3.0,-641.0,957.0,12:32:50.675809
23.0,-459.0,776.0,12:32:50.686279
-294.0,-483.0,905.0,12:32:50.695676
-65.0,-678.0,1058.0,12:32:50.706107
113.0,-561.0,761.0,12:32:50.715406
58.0,-407.0,805.0,12:32:50.725839
42.0,-538.0,1024.0,12:32:50.735258
181.0,-644.0,854.0,12:32:50.745586
114.0,-295.0,707.0,12:32:50.754876
-22.0,-364.0,978.0,12:32:50.765349
76.0,-444.0,1078.0,12:32:50.774651
104.0,-415.0,730.0,12:32:50.785127
47.0,-506.0,1017.0,12:32:50.794388
134.0,-328.0,850.0,12:32:50.804894
-106.0,-437.0,985.0,12:32:50.814189
-30.0,-523.0,1070.0,12:32:50.824620
137.0,-597.0,1090.0,12:32:50.833982
175.0,-404.0,530.0,12:32:50.844469
132.0,-462.0,1028.0,12:32:50.853760
-99.0,-456.0,890.0,12:32:50.863107
187.0,-621.0,1221.0,12:32:50.873664
235.0,-443.0,566.0,12:32:50.883038
167.0,-530.0,827.0,12:32:50.893506
45.0,-574.0,1177.0,12:32:50.902923
146.0,-637.0,1034.0,12:32:50.913370
82.0,-599.0,977.0,12:32:50.922885
198.0,-663.0,730.0,12:32:50.932149
57.0,-519.0,691.0,12:32:50.942754
53.0,-384.0,911.0,12:32:50.952106
-157.0,-442.0,1012.0,12:32:50.962716
-191.0,-516.0,636.0,12:32:50.972013
9.0,-611.0,1026.0,12:32:50.981355
25.0,-310.0,791.0,12:32:50.998408
-155.0,-570.0,1425.0,12:32:51.002210
50.0,-592.0,1113.0,12:32:51.011738
9.0,-434.0,553.0,12:32:51.021112
119.0,-359.0,974.0,12:32:51.030589
17.0,-449.0,1283.0,12:32:51.041020
296.0,-507.0,1070.0,12:32:51.050421
39.0,-674.0,766.0,12:32:51.060819
211.0,-310.0,449.0,12:32:51.070139
61.0,-639.0,1437.0,12:32:51.080711
-94.0,-425.0,805.0,12:32:51.090027
42.0,-664.0,1050.0,12:32:51.100627
-95.0,-447.0,632.0,12:32:51.109902
-93.0,-420.0,583.0,12:32:51.120433
-162.0,-403.0,1025.0,12:32:51.129760
-91.0,-311.0,1115.0,12:32:51.140239
-55.0,-685.0,1374.0,12:32:51.149591
-51.0,-566.0,758.0,12:32:51.158968
107.0,-655.0,819.0,12:32:51.169618
-100.0,-592.0,1221.0,12:32:51.178986
148.0,-629.0,782.0,12:32:51.189479
104.0,-356.0,589.0,12:32:51.198799
-80.0,-506.0,909.0,12:32:51.209165
-8.0,-460.0,979.0,12:32:51.218568
-37.0,-431.0,989.0,12:32:51.227873
32.0,-608.0,1072.0,12:32:51.238464
184.0,-615.0,750.0,12:32:51.247741
200.0,-221.0,504.0,12:32:51.258262
107.0,-518.0,1173.0,12:32:51.267643
83.0,-358.0,864.0,12:32:51.278109
-17.0,-566.0,1348.0,12:32:51.287469
-9.0,-504.0,767.0,12:32:51.297931
185.0,-750.0,1085.0,12:32:51.307281
-58.0,-353.0,924.0,12:32:51.316647
103.0,-561.0,940.0,12:32:51.327057
88.0,-532.0,699.0,12:32:51.336389
89.0,-356.0,459.0,12:32:51.346965
58.0,-448.0,1181.0,12:32:51.356287
39.0,-705.0,1298.0,12:32:51.366829
93.0,-641.0,841.0,12:32:51.376120
90.0,-504.0,816.0,12:32:51.386673
27.0,-629.0,929.0,12:32:51.395950
78.0,-396.0,895.0,12:32:51.405352
50.0,-499.0,1093.0,12:32:51.415733
-191.0,-508.0,1098.0,12:32:51.425259
140.0,-573.0,393.0,12:32:51.435663
19.0,-556.0,647.0,12:32:51.445096
-110.0,-549.0,1256.0,12:32:51.455539
136.0,-591.0,792.0,12:32:51.464974
33.0,-331.0,562.0,12:32:51.474317
-21.0,-566.0,1142.0,12:32:51.484758
20.0,-416.0,973.0,12:32:51.494144
-19.0,-480.0,967.0,12:32:51.504601
203.0,-452.0,953.0,12:32:51.514008
50.0,-497.0,1080.0,12:32:51.524434
-108.0,-321.0,411.0,12:32:51.533763
-84.0,-723.0,1480.0,12:32:51.544201
69.0,-504.0,851.0,12:32:51.553617
27.0,-310.0,163.0,12:32:51.564074
-59.0,-601.0,1514.0,12:32:51.573425
58.0,-710.0,1399.0,12:32:51.582873
51.0,-455.0,628.0,12:32:51.593329
-12.0,-536.0,739.0,12:32:51.602592
151.0,-401.0,1103.0,12:32:51.613144
-81.0,-372.0,1049.0,12:32:51.622418
92.0,-543.0,821.0,12:32:51.632979
81.0,-320.0,805.0,12:32:51.642207
29.0,-562.0,916.0,12:32:51.652803
-96.0,-394.0,837.0,12:32:51.662123
29.0,-558.0,1262.0,12:32:51.671520
-27.0,-573.0,988.0,12:32:51.681913
240.0,-469.0,477.0,12:32:51.691358
220.0,-559.0,976.0,12:32:51.701831
22.0,-265.0,1060.0,12:32:51.711199
35.0,-521.0,1171.0,12:32:51.721725
-134.0,-393.0,672.0,12:32:51.730981
111.0,-498.0,838.0,12:32:51.741422
-85.0,-613.0,1222.0,12:32:51.750699
39.0,-542.0,770.0,12:32:51.761199
41.0,-557.0,930.0,12:32:51.770539
-37.0,-485.0,1076.0,12:32:51.779973
146.0,-634.0,1155.0,12:32:51.790402
86.0,-475.0,551.0,12:32:51.799934
-124.0,-510.0,786.0,12:32:51.809801
48.0,-419.0,1056.0,12:32:51.820307
-129.0,-280.0,935.0,12:32:51.829645
-58.0,-461.0,883.0,12:32:51.840107
-55.0,-439.0,701.0,12:32:51.849569
205.0,-480.0,1158.0,12:32:51.858944
23.0,-574.0,1294.0,12:32:51.869526
-42.0,-678.0,979.0,12:32:51.878867
182.0,-485.0,683.0,12:32:51.888388
177.0,-451.0,622.0,12:32:51.898751
-75.0,-406.0,1010.0,12:32:51.918286
-62.0,-502.0,1095.0,12:32:51.928816
34.0,-569.0,1059.0,12:32:51.938121
312.0,-657.0,887.0,12:32:51.947588
23.0,-396.0,594.0,12:32:51.958076
-3.0,-485.0,1082.0,12:32:51.967466
-43.0,-427.0,773.0,12:32:51.977949
-54.0,-509.0,969.0,12:32:51.987342
-42.0,-617.0,1114.0,12:32:51.996790
127.0,-773.0,1254.0,12:32:52.007334
128.0,-437.0,601.0,12:32:52.016656
-89.0,-593.0,1056.0,12:32:52.027026
12.0,-611.0,978.0,12:32:52.036510
110.0,-427.0,372.0,12:32:52.047014
-170.0,-336.0,951.0,12:32:52.056459
-241.0,-542.0,1317.0,12:32:52.066909
120.0,-798.0,1308.0,12:32:52.076374
-60.0,-498.0,529.0,12:32:52.085660
45.0,-821.0,1234.0,12:32:52.096152
85.0,-590.0,1117.0,12:32:52.105392
-76.0,-446.0,556.0,12:32:52.115869
11.0,-584.0,933.0,12:32:52.125318
-109.0,-453.0,675.0,12:32:52.135889
125.0,-463.0,813.0,12:32:52.145216
-175.0,-279.0,854.0,12:32:52.154582
-162.0,-346.0,1055.0,12:32:52.164967
103.0,-436.0,996.0,12:32:52.174312
-41.0,-573.0,975.0,12:32:52.184750
102.0,-629.0,1255.0,12:32:52.200820
152.0,-537.0,761.0,12:32:52.204847
87.0,-467.0,916.0,12:32:52.214265
72.0,-655.0,1024.0,12:32:52.223574
17.0,-260.0,265.0,12:32:52.234075
-33.0,-442.0,947.0,12:32:52.243377
-157.0,-622.0,1294.0,12:32:52.253828
104.0,-421.0,852.0,12:32:52.263190
5.0,-387.0,678.0,12:32:52.273661
67.0,-579.0,1301.0,12:32:52.283073
90.0,-516.0,1018.0,12:32:52.294096
153.0,-472.0,853.0,12:32:52.303484
103.0,-497.0,1063.0,12:32:52.312878
32.0,-460.0,914.0,12:32:52.322280
10.0,-488.0,1320.0,12:32:52.332836
