70.0,-338.0,630.0,12:25:50.281887
5.0,-297.0,741.0,12:25:50.287795
-65.0,-373.0,1038.0,12:25:50.297000
75.0,-445.0,904.0,12:25:50.307584
64.0,-400.0,983.0,12:25:50.316860
120.0,-520.0,993.0,12:25:50.326351
42.0,-484.0,1025.0,12:25:50.336714
98.0,-566.0,963.0,12:25:50.346267
17.0,-592.0,953.0,12:25:50.356631
68.0,-528.0,797.0,12:25:50.365958
76.0,-556.0,859.0,12:25:50.376456
84.0,-607.0,922.0,12:25:50.385858
47.0,-436.0,786.0,12:25:50.396322
141.0,-593.0,905.0,12:25:50.405673
263.0,-409.0,689.0,12:25:50.416085
52.0,-484.0,914.0,12:25:50.425433
157.0,-430.0,1002.0,12:25:50.435908
39.0,-460.0,847.0,12:25:50.445290
14.0,-389.0,930.0,12:25:50.454574
85.0,-597.0,1133.0,12:25:50.465225
178.0,-531.0,702.0,12:25:50.474538
-32.0,-502.0,1006.0,12:25:50.485033
-57.0,-574.0,1317.0,12:25:50.494396
209.0,-568.0,802.0,12:25:50.504821
186.0,-459.0,780.0,12:25:50.514136
41.0,-447.0,880.0,12:25:50.524595
-103.0,-415.0,871.0,12:25:50.534199
-40.0,-425.0,856.0,12:25:50.543479
9.0,-522.0,1081.0,12:25:50.553980
-39.0,-486.0,967.0,12:25:50.563209
35.0,-546.0,725.0,12:25:50.573730
-71.0,-678.0,1314.0,12:25:50.583041
-9.0,-591.0,692.0,12:25:50.593534
138.0,-416.0,742.0,12:25:50.602937
-68.0,-599.0,1391.0,12:25:50.612266
46.0,-621.0,1050.0,12:25:50.622739
189.0,-549.0,559.0,12:25:50.632056
19.0,-541.0,872.0,12:25:50.642540
20.0,-488.0,955.0,12:25:50.651900
79.0,-512.0,767.0,12:25:50.662248
-108.0,-462.0,803.0,12:25:50.671664
63.0,-478.0,992.0,12:25:50.682146
-2.0,-525.0,1009.0,12:25:50.691514
-6.0,-491.0,946.0,12:25:50.709855
82.0,-507.0,1175.0,12:25:50.712400
70.0,-491.0,1098.0,12:25:50.721739
81.0,-514.0,755.0,12:25:50.731168
23.0,-363.0,822.0,12:25:50.740580
135.0,-521.0,1123.0,12:25:50.751030
37.0,-342.0,726.0,12:25:50.760383
73.0,-450.0,747.0,12:25:50.770932
-8.0,-537.0,1000.0,12:25:50.780193
10.0,-369.0,879.0,12:25:50.790721
-114.0,-569.0,1066.0,12:25:50.800047
85.0,-544.0,823.0,12:25:50.809510
26.0,-504.0,917.0,12:25:50.819983
-91.0,-472.0,890.0,12:25:50.829481
188.0,-538.0,844.0,12:25:50.839893
25.0,-375.0,838.0,12:25:50.849379
-53.0,-445.0,907.0,12:25:50.859780
11.0,-443.0,941.0,12:25:50.869096
-15.0,-599.0,1105.0,12:25:50.878474
194.0,-494.0,600.0,12:25:50.889032
95.0,-851.0,1147.0,12:25:50.898306
-21.0,-463.0,859.0,12:25:50.908718
262.0,-667.0,766.0,12:25:50.918084
13.0,-406.0,520.0,12:25:50.928624
-26.0,-373.0,892.0,12:25:50.937936
-117.0,-332.0,1057.0,12:25:50.948350
100.0,-526.0,857.0,12:25:50.957699
-38.0,-357.0,906.0,12:25:50.968131
1.0,-711.0,1702.0,12:25:50.977604
115.0,-565.0,842.0,12:25:50.986856
145.0,-796.0,1456.0,12:25:50.997510
203.0,-649.0,855.0,12:25:51.006750
109.0,-612.0,650.0,12:25:51.017235
160.0,-540.0,937.0,12:25:51.026571
91.0,-535.0,1103.0,12:25:51.037078
25.0,-641.0,805.0,12:25:51.046323
42.0,-352.0,251.0,12:25:51.056912
-57.0,-498.0,1208.0,12:25:51.066284
-27.0,-334.0,1088.0,12:25:51.075630
4.0,-317.0,636.0,12:25:51.086105
0.0,-361.0,804.0,12:25:51.095453
-8.0,-460.0,928.0,12:25:51.109613
56.0,-397.0,898.0,12:25:51.116007
3.0,-165.0,473.0,12:25:51.125419
88.0,-555.0,1229.0,12:25:51.134763
69.0,-676.0,1590.0,12:25:51.145214
22.0,-569.0,765.0,12:25:51.154625
140.0,-732.0,1057.0,12:25:51.165171
156.0,-581.0,1050.0,12:25:51.174468
145.0,-698.0,893.0,12:25:51.183958
251.0,-582.0,489.0,12:25:51.194450
31.0,-529.0,530.0,12:25:51.203744
60.0,-439.0,939.0,12:25:51.214197
6.0,-468.0,971.0,12:25:51.223447
5.0,-371.0,863.0,12:25:51.234044
76.0,-446.0,780.0,12:25:51.243331
64.0,-363.0,932.0,12:25:51.254005
-12.0,-439.0,1147.0,12:25:51.263256
-17.0,-580.0,1420.0,12:25:51.273813
-75.0,-816.0,1434.0,12:25:51.283065
255.0,-660.0,639.0,12:25:51.292432
-3.0,-757.0,1006.0,12:25:51.302940
196.0,-594.0,707.0,12:25:51.312360
45.0,-517.0,855.0,12:25:51.322842
64.0,-362.0,559.0,12:25:51.332119
45.0,-405.0,691.0,12:25:51.342621
-85.0,-407.0,942.0,12:25:51.351915
-55.0,-223.0,1075.0,12:25:51.362420
-14.0,-270.0,918.0,12:25:51.371797
-5.0,-415.0,1029.0,12:25:51.381171
2.0,-530.0,1099.0,12:25:51.391661
210.0,-394.0,933.0,12:25:51.400946
-133.0,-367.0,853.0,12:25:51.411388
27.0,-526.0,1073.0,12:25:51.420819
196.0,-573.0,1032.0,12:25:51.431242
-29.0,-574.0,806.0,12:25:51.440640
21.0,-637.0,1121.0,12:25:51.451099
24.0,-577.0,841.0,12:25:51.460527
103.0,-556.0,798.0,12:25:51.470948
147.0,-478.0,617.0,12:25:51.480340
68.0,-560.0,739.0,12:25:51.489624
-108.0,-475.0,961.0,12:25:51.509131
-45.0,-415.0,893.0,12:25:51.519814
19.0,-423.0,851.0,12:25:51.529118
91.0,-488.0,1062.0,12:25:51.539806
-13.0,-491.0,918.0,12:25:51.549144
-58.0,-408.0,750.0,12:25:51.558556
60.0,-492.0,1045.0,12:25:51.569155
92.0,-585.0,896.0,12:25:51.578502
170.0,-538.0,830.0,12:25:51.588932
19.0,-597.0,883.0,12:25:51.598252
118.0,-735.0,1077.0,12:25:51.608793
14.0,-651.0,828.0,12:25:51.618049
134.0,-459.0,801.0,12:25:51.628690
-126.0,-440.0,1121.0,12:25:51.637959
0.0,-390.0,958.0,12:25:51.647435
37.0,-493.0,908.0,12:25:51.657805
-56.0,-437.0,984.0,12:25:51.667138
-8.0,-651.0,1295.0,12:25:51.677553
80.0,-474.0,482.0,12:25:51.687026
15.0,-485.0,874.0,12:25:51.697461
-99.0,-423.0,873.0,12:25:51.706769
-72.0,-484.0,566.0,12:25:51.717285
-2.0,-710.0,1068.0,12:25:51.726692
49.0,-500.0,963.0,12:25:51.737098
-50.0,-707.0,1175.0,12:25:51.746451
-4.0,-640.0,1146.0,12:25:51.755821
128.0,-830.0,997.0,12:25:51.766348
32.0,-462.0,450.0,12:25:51.775685
72.0,-688.0,834.0,12:25:51.786190
-101.0,-419.0,952.0,12:25:51.795549
68.0,-587.0,592.0,12:25:51.805972
-76.0,-340.0,718.0,12:25:51.815297
106.0,-715.0,1498.0,12:25:51.825682
-8.0,-670.0,1106.0,12:25:51.835200
33.0,-669.0,601.0,12:25:51.844512
-19.0,-301.0,561.0,12:25:51.854945
70.0,-440.0,1098.0,12:25:51.864281
88.0,-292.0,822.0,12:25:51.874852
-25.0,-266.0,308.0,12:25:51.884100
-120.0,-222.0,1071.0,12:25:51.894649
108.0,-624.0,1315.0,12:25:51.911853
-7.0,-405.0,951.0,12:25:51.914969
5.0,-528.0,813.0,12:25:51.924362
-1.0,-584.0,973.0,12:25:51.933619
-9.0,-640.0,979.0,12:25:51.943033
157.0,-417.0,673.0,12:25:51.953526
-39.0,-514.0,1109.0,12:25:51.962956
2.0,-600.0,1132.0,12:25:51.973405
104.0,-581.0,661.0,12:25:51.982776
-18.0,-455.0,690.0,12:25:51.993259
97.0,-452.0,1100.0,12:25:52.002618
66.0,-555.0,1049.0,12:25:52.013045
81.0,-380.0,819.0,12:25:52.022404
169.0,-565.0,955.0,12:25:52.031858
171.0,-448.0,701.0,12:25:52.042245
-58.0,-299.0,745.0,12:25:52.051829
30.0,-368.0,1038.0,12:25:52.062298
74.0,-548.0,993.0,12:25:52.071752
46.0,-724.0,1166.0,12:25:52.081096
-43.0,-546.0,695.0,12:25:52.091591
-96.0,-457.0,881.0,12:25:52.100854
11.0,-481.0,1429.0,12:25:52.111490
-47.0,-560.0,1071.0,12:25:52.120777
-16.0,-439.0,318.0,12:25:52.131250
98.0,-396.0,898.0,12:25:52.140660
36.0,-733.0,2047.0,12:25:52.150061
91.0,-659.0,1207.0,12:25:52.160391
125.0,-974.0,898.0,12:25:52.169786
41.0,-629.0,419.0,12:25:52.180322
61.0,-376.0,820.0,12:25:52.189647
-173.0,-136.0,905.0,12:25:52.200168
24.0,-341.0,606.0,12:25:52.209591
-64.0,-301.0,480.0,12:25:52.220057
-139.0,-442.0,1120.0,12:25:52.229542
-48.0,-371.0,982.0,12:25:52.238923
120.0,-657.0,1323.0,12:25:52.249427
104.0,-699.0,1271.0,12:25:52.258835
0.0,-541.0,572.0,12:25:52.269213
-51.0,-354.0,377.0,12:25:52.278777
50.0,-613.0,1281.0,12:25:52.288100
117.0,-350.0,746.0,12:25:52.298656
28.0,-519.0,655.0,12:25:52.314789
129.0,-450.0,562.0,12:25:52.318583
106.0,-625.0,1195.0,12:25:52.328106
127.0,-599.0,1271.0,12:25:52.337455
238.0,-566.0,879.0,12:25:52.347948
217.0,-825.0,991.0,12:25:52.357389
143.0,-610.0,1035.0,12:25:52.367875
119.0,-436.0,650.0,12:25:52.377262
-90.0,-531.0,1351.0,12:25:52.386650
54.0,-431.0,957.0,12:25:52.397137
210.0,-323.0,234.0,12:25:52.406431
-101.0,-375.0,1112.0,12:25:52.417007
32.0,-259.0,1077.0,12:25:52.426376
122.0,-269.0,652.0,12:25:52.436805
54.0,-356.0,914.0,12:25:52.446222
284.0,-532.0,1208.0,12:25:52.456729
177.0,-562.0,802.0,12:25:52.465974
39.0,-410.0,808.0,12:25:52.475391
45.0,-75.0,924.0,12:25:52.485795
-143.0,-278.0,1207.0,12:25:52.495249
-11.0,-235.0,1045.0,12:25:52.505689
148.0,-508.0,1268.0,12:25:52.515105
263.0,-589.0,435.0,12:25:52.525465
292.0,-667.0,1300.0,12:25:52.535062
158.0,-584.0,1188.0,12:25:52.544584
255.0,-642.0,669.0,12:25:52.555127
200.0,-541.0,674.0,12:25:52.564412
76.0,-505.0,1044.0,12:25:52.574863
100.0,-518.0,685.0,12:25:52.584225
42.0,-528.0,997.0,12:25:52.594694
-107.0,-435.0,1092.0,12:25:52.604158
108.0,-478.0,639.0,12:25:52.613519
140.0,-530.0,821.0,12:25:52.623993
96.0,-401.0,1156.0,12:25:52.633302
107.0,-366.0,823.0,12:25:52.643805
0.0,-575.0,878.0,12:25:52.653060
96.0,-588.0,863.0,12:25:52.663502
228.0,-669.0,1021.0,12:25:52.672933
169.0,-535.0,873.0,12:25:52.683436
85.0,-583.0,1094.0,12:25:52.692702
35.0,-724.0,1132.0,12:25:52.702125
135.0,-387.0,616.0,12:25:52.712625
14.0,-518.0,902.0,12:25:52.722006
36.0,-457.0,841.0,12:25:52.732517
-90.0,-273.0,784.0,12:25:52.741890
-146.0,-628.0,1157.0,12:25:52.752336
-15.0,-335.0,730.0,12:25:52.761829
62.0,-445.0,819.0,12:25:52.771087
-203.0,-524.0,1060.0,12:25:52.781542
-28.0,-522.0,741.0,12:25:52.790993
51.0,-600.0,1020.0,12:25:52.801418
-68.0,-549.0,944.0,12:25:52.810715
281.0,-625.0,730.0,12:25:52.821246
-87.0,-536.0,918.0,12:25:52.830731
-38.0,-481.0,936.0,12:25:52.841112
71.0,-656.0,879.0,12:25:52.850774
-123.0,-416.0,769.0,12:25:52.860022
180.0,-644.0,1000.0,12:25:52.870687
-89.0,-571.0,1093.0,12:25:52.879989
89.0,-310.0,670.0,12:25:52.890548
98.0,-781.0,1561.0,12:25:52.899886
108.0,-476.0,775.0,12:25:52.909339
5.0,-473.0,580.0,12:25:52.919823
-115.0,-389.0,1030.0,12:25:52.929099
-168.0,-352.0,865.0,12:25:52.939642
-90.0,-246.0,649.0,12:25:52.948979
-14.0,-372.0,1123.0,12:25:52.959513
85.0,-457.0,945.0,12:25:52.968808
134.0,-370.0,732.0,12:25:52.978177
160.0,-422.0,1085.0,12:25:52.988608
-18.0,-428.0,1269.0,12:25:52.997912
146.0,-549.0,795.0,12:25:53.008342
195.0,-570.0,960.0,12:25:53.017793
156.0,-554.0,904.0,12:25:53.028213
67.0,-309.0,592.0,12:25:53.037496
61.0,-472.0,792.0,12:25:53.048020
142.0,-388.0,961.0,12:25:53.057469
-7.0,-347.0,796.0,12:25:53.067862
73.0,-547.0,1224.0,12:25:53.086429
-13.0,-596.0,1047.0,12:25:53.097255
134.0,-668.0,925.0,12:25:53.106630
94.0,-608.0,1101.0,12:25:53.117918
15.0,-776.0,1285.0,12:25:53.126166
35.0,-673.0,756.0,12:25:53.136719
97.0,-607.0,711.0,12:25:53.146241
155.0,-710.0,939.0,12:25:53.155533
77.0,-421.0,639.0,12:25:53.165999
-24.0,-543.0,969.0,12:25:53.175400
63.0,-419.0,805.0,12:25:53.185836
33.0,-502.0,873.0,12:25:53.195282
54.0,-520.0,853.0,12:25:53.205758
58.0,-263.0,1003.0,12:25:53.215232
66.0,-393.0,1090.0,12:25:53.225604
157.0,-432.0,962.0,12:25:53.234943
45.0,-447.0,900.0,12:25:53.244221
-94.0,-456.0,898.0,12:25:53.254789
63.0,-339.0,954.0,12:25:53.264122
135.0,-485.0,956.0,12:25:53.274599
-190.0,-440.0,809.0,12:25:53.284021
32.0,-459.0,719.0,12:25:53.294478
10.0,-574.0,1032.0,12:25:53.303806
28.0,-495.0,992.0,12:25:53.314238
-11.0,-470.0,833.0,12:25:53.323617
68.0,-749.0,1161.0,12:25:53.333000
228.0,-688.0,918.0,12:25:53.343465
-2.0,-499.0,930.0,12:25:53.352815
119.0,-530.0,796.0,12:25:53.363357
59.0,-759.0,1289.0,12:25:53.372658
125.0,-598.0,941.0,12:25:53.383141
230.0,-593.0,977.0,12:25:53.392403
-62.0,-603.0,950.0,12:25:53.401933
115.0,-520.0,604.0,12:25:53.412327
68.0,-477.0,855.0,12:25:53.421700
-16.0,-536.0,908.0,12:25:53.432176
78.0,-487.0,790.0,12:25:53.441562
46.0,-389.0,677.0,12:25:53.451916
-93.0,-348.0,999.0,12:25:53.461342
25.0,-328.0,1028.0,12:25:53.471830
-60.0,-325.0,869.0,12:25:53.481142
23.0,-296.0,1038.0,12:25:53.491667
-13.0,-420.0,921.0,12:25:53.500970
-91.0,-378.0,1012.0,12:25:53.518125
124.0,-634.0,1143.0,12:25:53.522190
136.0,-541.0,832.0,12:25:53.530305
19.0,-687.0,1044.0,12:25:53.540830
163.0,-758.0,1063.0,12:25:53.550088
133.0,-491.0,887.0,12:25:53.560696
-99.0,-664.0,1212.0,12:25:53.569970
-8.0,-628.0,1139.0,12:25:53.580578
-90.0,-638.0,839.0,12:25:53.589869
69.0,-539.0,919.0,12:25:53.599415
0.0,-410.0,589.0,12:25:53.609837
-108.0,-386.0,827.0,12:25:53.619164
35.0,-422.0,881.0,12:25:53.629767
13.0,-401.0,675.0,12:25:53.639169
-38.0,-464.0,827.0,12:25:53.648623
111.0,-499.0,830.0,12:25:53.659099
-19.0,-340.0,782.0,12:25:53.668498
84.0,-290.0,744.0,12:25:53.678961
28.0,-348.0,1025.0,12:25:53.697503
29.0,-536.0,1107.0,12:25:53.707989
-4.0,-549.0,980.0,12:25:53.717359
-3.0,-547.0,975.0,12:25:53.727865
138.0,-595.0,1138.0,12:25:53.737130
91.0,-622.0,1022.0,12:25:53.747705
51.0,-549.0,966.0,12:25:53.757054
199.0,-575.0,955.0,12:25:53.767504
38.0,-565.0,880.0,12:25:53.776870
152.0,-483.0,771.0,12:25:53.787477
153.0,-382.0,819.0,12:25:53.796706
15.0,-330.0,896.0,12:25:53.807205
50.0,-387.0,1068.0,12:25:53.816551
92.0,-475.0,995.0,12:25:53.825950
34.0,-313.0,682.0,12:25:53.836446
1.0,-498.0,1101.0,12:25:53.845731
72.0,-515.0,1159.0,12:25:53.856274
171.0,-424.0,754.0,12:25:53.865561
46.0,-459.0,597.0,12:25:53.876076
51.0,-503.0,919.0,12:25:53.885327
137.0,-426.0,903.0,12:25:53.895930
-37.0,-590.0,1051.0,12:25:53.905201
54.0,-654.0,1095.0,12:25:53.914592
86.0,-686.0,1038.0,12:25:53.925111
24.0,-646.0,1175.0,12:25:53.934577
274.0,-676.0,1168.0,12:25:53.945187
80.0,-499.0,935.0,12:25:53.954527
216.0,-578.0,898.0,12:25:53.964902
-5.0,-726.0,1054.0,12:25:53.974329
29.0,-465.0,803.0,12:25:53.983646
137.0,-525.0,1092.0,12:25:53.994113
-1.0,-593.0,1151.0,12:25:54.003396
137.0,-567.0,774.0,12:25:54.014020
128.0,-580.0,800.0,12:25:54.023315
79.0,-614.0,893.0,12:25:54.033776
85.0,-527.0,832.0,12:25:54.043099
174.0,-588.0,792.0,12:25:54.053543
-81.0,-613.0,1049.0,12:25:54.062933
53.0,-718.0,985.0,12:25:54.072319
81.0,-468.0,660.0,12:25:54.082858
-50.0,-447.0,734.0,12:25:54.092177
71.0,-250.0,776.0,12:25:54.102630
-52.0,-287.0,611.0,12:25:54.111876
-35.0,-242.0,638.0,12:25:54.122381
-84.0,-317.0,861.0,12:25:54.131941
-136.0,-461.0,1039.0,12:25:54.141383
-70.0,-502.0,1145.0,12:25:54.151883
146.0,-575.0,1004.0,12:25:54.161327
-67.0,-560.0,1091.0,12:25:54.171796
117.0,-415.0,726.0,12:25:54.181150
124.0,-486.0,879.0,12:25:54.190551
-34.0,-497.0,934.0,12:25:54.201009
64.0,-372.0,712.0,12:25:54.210375
-32.0,-444.0,956.0,12:25:54.220774
90.0,-635.0,1169.0,12:25:54.230075
103.0,-617.0,955.0,12:25:54.240696
25.0,-313.0,699.0,12:25:54.249986
64.0,-397.0,1171.0,12:25:54.260391
102.0,-507.0,1133.0,12:25:54.269782
138.0,-371.0,690.0,12:25:54.280294
186.0,-438.0,1000.0,12:25:54.289575
-51.0,-450.0,1137.0,12:25:54.300106
-45.0,-475.0,963.0,12:25:54.317241
-22.0,-517.0,1054.0,12:25:54.320420
28.0,-658.0,1178.0,12:25:54.328528
80.0,-663.0,1005.0,12:25:54.339057
50.0,-630.0,1003.0,12:25:54.348514
-31.0,-558.0,1090.0,12:25:54.359016
4.0,-576.0,921.0,12:25:54.368316
100.0,-570.0,695.0,12:25:54.378803
37.0,-556.0,785.0,12:25:54.388133
27.0,-494.0,1005.0,12:25:54.397551
-56.0,-427.0,831.0,12:25:54.408050
-20.0,-362.0,808.0,12:25:54.417439
-85.0,-355.0,917.0,12:25:54.427919
-16.0,-397.0,746.0,12:25:54.437267
53.0,-369.0,744.0,12:25:54.447729
-175.0,-382.0,747.0,12:25:54.457024
15.0,-509.0,830.0,12:25:54.467624
-73.0,-584.0,950.0,12:25:54.476868
32.0,-681.0,908.0,12:25:54.487432
94.0,-645.0,700.0,12:25:54.496749
3.0,-733.0,1157.0,12:25:54.506107
44.0,-621.0,981.0,12:25:54.516464
-50.0,-585.0,829.0,12:25:54.525855
-37.0,-607.0,894.0,12:25:54.536353
49.0,-644.0,912.0,12:25:54.545696
143.0,-649.0,889.0,12:25:54.556144
7.0,-578.0,904.0,12:25:54.565521
26.0,-604.0,1085.0,12:25:54.575953
95.0,-552.0,857.0,12:25:54.585331
27.0,-531.0,931.0,12:25:54.595826
43.0,-476.0,1109.0,12:25:54.605159
-156.0,-488.0,1148.0,12:25:54.614579
208.0,-587.0,714.0,12:25:54.625110
18.0,-289.0,727.0,12:25:54.634440
4.0,-206.0,914.0,12:25:54.644856
30.0,-168.0,829.0,12:25:54.654233
53.0,-234.0,1013.0,12:25:54.664624
87.0,-415.0,1036.0,12:25:54.674094
0.0,-308.0,963.0,12:25:54.684503
-8.0,-490.0,1097.0,12:25:54.693975
140.0,-634.0,1422.0,12:25:54.703255
-18.0,-612.0,989.0,12:25:54.720134
49.0,-553.0,742.0,12:25:54.723961
214.0,-503.0,834.0,12:25:54.733188
71.0,-432.0,644.0,12:25:54.742655
-99.0,-482.0,848.0,12:25:54.753053
142.0,-558.0,843.0,12:25:54.762419
85.0,-460.0,607.0,12:25:54.772962
68.0,-471.0,885.0,12:25:54.782356
99.0,-440.0,892.0,12:25:54.792903
96.0,-659.0,1271.0,12:25:54.802190
214.0,-735.0,970.0,12:25:54.812626
164.0,-688.0,788.0,12:25:54.821959
57.0,-676.0,838.0,12:25:54.831307
56.0,-543.0,942.0,12:25:54.841820
-11.0,-657.0,1075.0,12:25:54.851151
8.0,-501.0,639.0,12:25:54.861725
-12.0,-441.0,682.0,12:25:54.870993
-8.0,-438.0,1082.0,12:25:54.881474
30.0,-268.0,974.0,12:25:54.890913
-36.0,-357.0,821.0,12:25:54.901288
-15.0,-349.0,983.0,12:25:54.910724
33.0,-237.0,907.0,12:25:54.921127
-126.0,-313.0,1116.0,12:25:54.930639
20.0,-396.0,1148.0,12:25:54.939913
58.0,-377.0,1077.0,12:25:54.950429
25.0,-480.0,1144.0,12:25:54.959675
-13.0,-662.0,1397.0,12:25:54.970148
168.0,-572.0,730.0,12:25:54.979584
50.0,-738.0,1101.0,12:25:54.990026
226.0,-638.0,860.0,12:25:54.999372
85.0,-658.0,807.0,12:25:55.008821
8.0,-629.0,596.0,12:25:55.019199
93.0,-464.0,511.0,12:25:55.028588
-93.0,-621.0,1087.0,12:25:55.039038
48.0,-498.0,942.0,12:25:55.048480
-170.0,-551.0,837.0,12:25:55.058878
65.0,-469.0,819.0,12:25:55.068174
-68.0,-276.0,798.0,12:25:55.078669
-72.0,-491.0,1120.0,12:25:55.088027
91.0,-518.0,728.0,12:25:55.098531
45.0,-442.0,531.0,12:25:55.107838
54.0,-596.0,987.0,12:25:55.117182
213.0,-630.0,901.0,12:25:55.127704
9.0,-631.0,970.0,12:25:55.137069
56.0,-638.0,1003.0,12:25:55.147455
65.0,-712.0,1015.0,12:25:55.156915
30.0,-553.0,873.0,12:25:55.167435
-215.0,-407.0,905.0,12:25:55.176793
140.0,-532.0,934.0,12:25:55.186217
-66.0,-363.0,876.0,12:25:55.196725
-26.0,-547.0,810.0,12:25:55.216335
11.0,-372.0,583.0,12:25:55.225688
-53.0,-418.0,1128.0,12:25:55.236258
51.0,-193.0,784.0,12:25:55.245606
2.0,-455.0,1027.0,12:25:55.256136
-2.0,-547.0,933.0,12:25:55.265482
-52.0,-520.0,834.0,12:25:55.274883
-76.0,-526.0,1026.0,12:25:55.285309
58.0,-732.0,1084.0,12:25:55.294695
-77.0,-658.0,801.0,12:25:55.305235
3.0,-413.0,652.0,12:25:55.314579
39.0,-727.0,1046.0,12:25:55.324943
72.0,-452.0,766.0,12:25:55.334340
194.0,-459.0,907.0,12:25:55.344842
124.0,-482.0,846.0,12:25:55.354146
-16.0,-456.0,1193.0,12:25:55.364616
157.0,-517.0,1021.0,12:25:55.373944
111.0,-338.0,611.0,12:25:55.383311
28.0,-443.0,1155.0,12:25:55.393852
23.0,-470.0,1299.0,12:25:55.403188
38.0,-431.0,740.0,12:25:55.413571
33.0,-438.0,882.0,12:25:55.423107
-51.0,-394.0,1027.0,12:25:55.433508
24.0,-434.0,932.0,12:25:55.442934
52.0,-515.0,944.0,12:25:55.453370
177.0,-534.0,1065.0,12:25:55.462702
-19.0,-656.0,1302.0,12:25:55.473092
125.0,-706.0,847.0,12:25:55.482530
67.0,-755.0,817.0,12:25:55.491841
38.0,-560.0,776.0,12:25:55.502355
-9.0,-499.0,863.0,12:25:55.511718
101.0,-426.0,501.0,12:25:55.522548
-114.0,-363.0,719.0,12:25:55.531417
20.0,-518.0,1075.0,12:25:55.541933
73.0,-432.0,970.0,12:25:55.551376
138.0,-645.0,1081.0,12:25:55.561828
72.0,-589.0,1066.0,12:25:55.571224
29.0,-480.0,869.0,12:25:55.580719
31.0,-572.0,818.0,12:25:55.591149
164.0,-454.0,751.0,12:25:55.600562
61.0,-486.0,834.0,12:25:55.610945
-54.0,-457.0,1036.0,12:25:55.620362
169.0,-561.0,837.0,12:25:55.630759
19.0,-487.0,912.0,12:25:55.640117
-179.0,-449.0,1069.0,12:25:55.650617
5.0,-377.0,1090.0,12:25:55.660093
45.0,-545.0,922.0,12:25:55.669423
193.0,-481.0,1063.0,12:25:55.679916
-9.0,-503.0,1093.0,12:25:55.689158
73.0,-443.0,716.0,12:25:55.699749
-58.0,-608.0,1289.0,12:25:55.709026
38.0,-587.0,908.0,12:25:55.718440
-2.0,-627.0,750.0,12:25:55.728818
41.0,-600.0,1004.0,12:25:55.738222
52.0,-483.0,640.0,12:25:55.748644
-60.0,-401.0,753.0,12:25:55.757928
75.0,-507.0,1069.0,12:25:55.768571
3.0,-535.0,927.0,12:25:55.777841
-38.0,-419.0,737.0,12:25:55.788341
61.0,-555.0,1069.0,12:25:55.797597
-2.0,-515.0,961.0,12:25:55.808163
160.0,-614.0,1247.0,12:25:55.817530
156.0,-563.0,895.0,12:25:55.827986
-24.0,-450.0,647.0,12:25:55.837342
-88.0,-393.0,768.0,12:25:55.846687
-26.0,-379.0,870.0,12:25:55.857130
-31.0,-294.0,625.0,12:25:55.866544
33.0,-307.0,561.0,12:25:55.876961
-101.0,-404.0,841.0,12:25:55.886406
-64.0,-272.0,759.0,12:25:55.896872
-79.0,-215.0,821.0,12:25:55.906254
-45.0,-869.0,2047.0,12:25:55.923404
253.0,-641.0,788.0,12:25:55.927385
22.0,-793.0,1178.0,12:25:55.935540
29.0,-555.0,654.0,12:25:55.946015
130.0,-612.0,831.0,12:25:55.955278
20.0,-430.0,696.0,12:25:55.965774
143.0,-371.0,833.0,12:25:55.975158
93.0,-1151.0,1473.0,12:25:55.985585
150.0,-567.0,7.0,12:25:55.994859
157.0,343.0,18.0,12:25:56.005347
-89.0,-861.0,2047.0,12:25:56.014687
86.0,-906.0,1669.0,12:25:56.024161
60.0,-644.0,-301.0,12:25:56.034557
-7.0,66.0,-140.0,12:25:56.044151
54.0,-486.0,2047.0,12:25:56.054568
127.0,-657.0,1501.0,12:25:56.063993
-201.0,-277.0,-13.0,12:25:56.074394
17.0,-326.0,250.0,12:25:56.083783
3.0,-431.0,1525.0,12:25:56.094172
-47.0,-537.0,1922.0,12:25:56.103463
100.0,-434.0,407.0,12:25:56.112885
-34.0,-357.0,-280.0,12:25:56.123376
222.0,-786.0,1474.0,12:25:56.132694
24.0,-466.0,1953.0,12:25:56.143094
65.0,-659.0,1018.0,12:25:56.152402
128.0,-705.0,471.0,12:25:56.162938
134.0,-749.0,806.0,12:25:56.172316
146.0,-487.0,881.0,12:25:56.182809
-3.0,-120.0,724.0,12:25:56.192176
-72.0,-173.0,416.0,12:25:56.201525
19.0,-335.0,612.0,12:25:56.212013
117.0,-517.0,894.0,12:25:56.221311
-30.0,-433.0,1030.0,12:25:56.231910
8.0,-626.0,1399.0,12:25:56.241161
145.0,-722.0,913.0,12:25:56.251756
72.0,-692.0,782.0,12:25:56.261026
192.0,-759.0,719.0,12:25:56.270628
210.0,-410.0,872.0,12:25:56.281034
-35.0,-494.0,993.0,12:25:56.290358
22.0,-482.0,823.0,12:25:56.300773
77.0,-455.0,1099.0,12:25:56.310214
59.0,-612.0,624.0,12:25:56.320671
-20.0,-428.0,1237.0,12:25:56.330161
90.0,-452.0,1580.0,12:25:56.339568
97.0,-418.0,753.0,12:25:56.350099
294.0,-879.0,1200.0,12:25:56.359512
110.0,-579.0,842.0,12:25:56.369953
88.0,-242.0,706.0,12:25:56.379222
-155.0,-319.0,1308.0,12:25:56.389848
111.0,-372.0,806.0,12:25:56.399154
-122.0,-279.0,603.0,12:25:56.408591
49.0,-315.0,818.0,12:25:56.419020
-30.0,-154.0,1054.0,12:25:56.428416
104.0,-443.0,904.0,12:25:56.438827
-37.0,-483.0,860.0,12:25:56.448175
170.0,-558.0,1220.0,12:25:56.458687
148.0,-525.0,942.0,12:25:56.468041
9.0,-603.0,1162.0,12:25:56.478512
194.0,-567.0,716.0,12:25:56.487829
128.0,-840.0,623.0,12:25:56.498363
93.0,-363.0,745.0,12:25:56.507635
156.0,-355.0,969.0,12:25:56.517006
5.0,-517.0,1336.0,12:25:56.527486
-2.0,-732.0,910.0,12:25:56.536931
75.0,-651.0,365.0,12:25:56.547418
129.0,-640.0,994.0,12:25:56.556765
138.0,-530.0,1012.0,12:25:56.567162
182.0,-648.0,859.0,12:25:56.576525
11.0,-567.0,663.0,12:25:56.586931
38.0,-698.0,944.0,12:25:56.596356
-90.0,-532.0,805.0,12:25:56.606791
-108.0,-558.0,1061.0,12:25:56.616282
-23.0,-574.0,845.0,12:25:56.625551
-5.0,-424.0,633.0,12:25:56.636017
-46.0,-325.0,653.0,12:25:56.645272
-137.0,-471.0,1048.0,12:25:56.655932
-116.0,-465.0,1147.0,12:25:56.665182
-42.0,-589.0,848.0,12:25:56.675651
13.0,-525.0,742.0,12:25:56.685033
-43.0,-464.0,1084.0,12:25:56.694376
-41.0,-547.0,1366.0,12:25:56.704815
164.0,-565.0,1149.0,12:25:56.714187
-29.0,-570.0,985.0,12:25:56.725610
76.0,-698.0,1120.0,12:25:56.734949
190.0,-654.0,900.0,12:25:56.744338
-29.0,-515.0,769.0,12:25:56.753655
-34.0,-423.0,798.0,12:25:56.764070
107.0,-491.0,845.0,12:25:56.773466
163.0,-459.0,729.0,12:25:56.783968
-67.0,-431.0,745.0,12:25:56.793256
110.0,-385.0,837.0,12:25:56.813036
-7.0,-439.0,920.0,12:25:56.823459
-8.0,-312.0,729.0,12:25:56.832865
-37.0,-403.0,925.0,12:25:56.843351
74.0,-513.0,962.0,12:25:56.852910
11.0,-499.0,1051.0,12:25:56.862188
91.0,-665.0,1131.0,12:25:56.872643
84.0,-574.0,914.0,12:25:56.881930
54.0,-699.0,1046.0,12:25:56.892391
-17.0,-567.0,905.0,12:25:56.901808
129.0,-650.0,1056.0,12:25:56.912257
1.0,-599.0,1278.0,12:25:56.921556
12.0,-571.0,832.0,12:25:56.930977
131.0,-599.0,1012.0,12:25:56.941435
5.0,-535.0,962.0,12:25:56.950766
150.0,-328.0,679.0,12:25:56.961217
-22.0,-440.0,1062.0,12:25:56.970710
-36.0,-349.0,917.0,12:25:56.981128
205.0,-415.0,746.0,12:25:56.990548
83.0,-361.0,790.0,12:25:57.000929
28.0,-284.0,803.0,12:25:57.010289
220.0,-404.0,843.0,12:25:57.020739
181.0,-584.0,1185.0,12:25:57.030085
169.0,-600.0,895.0,12:25:57.039522
106.0,-633.0,789.0,12:25:57.050040
109.0,-621.0,927.0,12:25:57.059385
145.0,-449.0,798.0,12:25:57.069805
-40.0,-584.0,1219.0,12:25:57.079124
-70.0,-556.0,1083.0,12:25:57.089706
-43.0,-634.0,909.0,12:25:57.099001
-28.0,-631.0,1171.0,12:25:57.109522
-1.0,-653.0,1211.0,12:25:57.125884
-6.0,-559.0,991.0,12:25:57.129852
6.0,-739.0,963.0,12:25:57.137958
89.0,-659.0,773.0,12:25:57.148562
-96.0,-362.0,735.0,12:25:57.157814
-24.0,-494.0,982.0,12:25:57.168338
-44.0,-338.0,637.0,12:25:57.177617
79.0,-421.0,497.0,12:25:57.188140
-88.0,-283.0,790.0,12:25:57.197461
-47.0,-335.0,871.0,12:25:57.208060
108.0,-324.0,851.0,12:25:57.217464
56.0,-484.0,1037.0,12:25:57.226807
22.0,-471.0,895.0,12:25:57.237229
147.0,-541.0,996.0,12:25:57.246630
6.0,-461.0,927.0,12:25:57.257011
57.0,-503.0,1053.0,12:25:57.266456
87.0,-530.0,1056.0,12:25:57.276833
19.0,-584.0,820.0,12:25:57.286282
43.0,-621.0,894.0,12:25:57.296672
41.0,-612.0,992.0,12:25:57.305944
-149.0,-592.0,923.0,12:25:57.316466
128.0,-485.0,607.0,12:25:57.325813
-11.0,-636.0,1181.0,12:25:57.335358
35.0,-574.0,1029.0,12:25:57.345766
17.0,-644.0,929.0,12:25:57.355307
145.0,-590.0,804.0,12:25:57.365750
8.0,-412.0,893.0,12:25:57.375104
107.0,-358.0,878.0,12:25:57.384459
58.0,-261.0,607.0,12:25:57.395024
-1.0,-387.0,1003.0,12:25:57.404299
46.0,-414.0,836.0,12:25:57.414829
45.0,-360.0,694.0,12:25:57.424189
5.0,-398.0,795.0,12:25:57.434710
58.0,-557.0,978.0,12:25:57.444018
0.0,-613.0,1099.0,12:25:57.454530
-39.0,-693.0,1167.0,12:25:57.463741
161.0,-758.0,1095.0,12:25:57.473181
14.0,-630.0,1035.0,12:25:57.483598
-35.0,-722.0,1194.0,12:25:57.492960
36.0,-692.0,835.0,12:25:57.503449
27.0,-600.0,462.0,12:25:57.512886
-134.0,-480.0,791.0,12:25:57.523358
5.0,-439.0,790.0,12:25:57.532678
21.0,-431.0,745.0,12:25:57.543147
-92.0,-453.0,883.0,12:25:57.552548
11.0,-566.0,951.0,12:25:57.572571
4.0,-511.0,1027.0,12:25:57.581969
147.0,-716.0,1229.0,12:25:57.592497
-7.0,-733.0,1044.0,12:25:57.601841
70.0,-739.0,684.0,12:25:57.611288
89.0,-565.0,630.0,12:25:57.621823
31.0,-601.0,858.0,12:25:57.631181
-137.0,-338.0,562.0,12:25:57.641716
-16.0,-549.0,765.0,12:25:57.651104
-168.0,-465.0,859.0,12:25:57.660542
28.0,-377.0,785.0,12:25:57.671084
-153.0,-538.0,1031.0,12:25:57.680401
63.0,-545.0,1041.0,12:25:57.690902
-16.0,-351.0,800.0,12:25:57.700287
-62.0,-363.0,1071.0,12:25:57.710738
-6.0,-420.0,1029.0,12:25:57.720117
-12.0,-372.0,934.0,12:25:57.733043
95.0,-396.0,947.0,12:25:57.745096
-69.0,-530.0,1019.0,12:25:57.752444
101.0,-480.0,963.0,12:25:57.763319
45.0,-596.0,1172.0,12:25:57.769890
9.0,-584.0,1063.0,12:25:57.781839
65.0,-637.0,1010.0,12:25:57.789219
90.0,-692.0,975.0,12:25:57.798724
42.0,-605.0,803.0,12:25:57.809185
73.0,-543.0,1037.0,12:25:57.818641
205.0,-516.0,957.0,12:25:57.829093
74.0,-418.0,884.0,12:25:57.838555
145.0,-396.0,669.0,12:25:57.847777
33.0,-255.0,681.0,12:25:57.858315
10.0,-339.0,1051.0,12:25:57.867629
102.0,-276.0,778.0,12:25:57.878107
48.0,-361.0,712.0,12:25:57.887475
46.0,-348.0,890.0,12:25:57.898001
-22.0,-454.0,838.0,12:25:57.907311
38.0,-403.0,991.0,12:25:57.925525
-69.0,-646.0,1395.0,12:25:57.928141
68.0,-606.0,1061.0,12:25:57.937489
189.0,-579.0,749.0,12:25:57.946909
33.0,-593.0,962.0,12:25:57.956329
230.0,-423.0,888.0,12:25:57.966748
153.0,-282.0,638.0,12:25:57.976251
5.0,-341.0,623.0,12:25:57.986725
95.0,-408.0,896.0,12:25:57.996237
156.0,-527.0,1120.0,12:25:58.005601
133.0,-571.0,956.0,12:25:58.016034
148.0,-601.0,1013.0,12:25:58.035633
155.0,-542.0,860.0,12:25:58.045072
153.0,-755.0,1108.0,12:25:58.055556
78.0,-574.0,804.0,12:25:58.064920
99.0,-649.0,940.0,12:25:58.075387
194.0,-635.0,773.0,12:25:58.084648
-58.0,-480.0,599.0,12:25:58.094194
85.0,-465.0,815.0,12:25:58.104608
181.0,-403.0,798.0,12:25:58.114014
-15.0,-399.0,776.0,12:25:58.124402
32.0,-417.0,916.0,12:25:58.133819
136.0,-344.0,1009.0,12:25:58.144219
-81.0,-430.0,1017.0,12:25:58.153590
-23.0,-410.0,1111.0,12:25:58.164188
23.0,-463.0,978.0,12:25:58.173523
18.0,-436.0,986.0,12:25:58.182840
22.0,-386.0,1073.0,12:25:58.193288
49.0,-500.0,978.0,12:25:58.203695
152.0,-502.0,843.0,12:25:58.213118
80.0,-513.0,718.0,12:25:58.222387
88.0,-607.0,927.0,12:25:58.233008
15.0,-484.0,1015.0,12:25:58.242293
47.0,-650.0,937.0,12:25:58.252849
103.0,-692.0,943.0,12:25:58.262107
85.0,-654.0,850.0,12:25:58.272609
9.0,-664.0,902.0,12:25:58.281880
160.0,-577.0,749.0,12:25:58.292420
-6.0,-645.0,973.0,12:25:58.301782
229.0,-533.0,675.0,12:25:58.311071
-113.0,-411.0,831.0,12:25:58.328316
115.0,-594.0,806.0,12:25:58.332285
39.0,-535.0,857.0,12:25:58.341692
31.0,-638.0,1219.0,12:25:58.351040
32.0,-431.0,828.0,12:25:58.360432
86.0,-669.0,1023.0,12:25:58.370818
-100.0,-675.0,1223.0,12:25:58.380194
56.0,-504.0,873.0,12:25:58.390657
-64.0,-489.0,809.0,12:25:58.400013
59.0,-391.0,952.0,12:25:58.410540
-208.0,-216.0,889.0,12:25:58.419994
-89.0,-265.0,1005.0,12:25:58.430395
-52.0,-410.0,1028.0,12:25:58.439828
143.0,-340.0,681.0,12:25:58.449168
-43.0,-333.0,984.0,12:25:58.459847
76.0,-489.0,1065.0,12:25:58.469113
90.0,-518.0,776.0,12:25:58.479629
85.0,-496.0,996.0,12:25:58.488947
6.0,-560.0,894.0,12:25:58.498312
200.0,-562.0,773.0,12:25:58.508768
62.0,-651.0,1017.0,12:25:58.518053
-30.0,-605.0,967.0,12:25:58.528635
100.0,-550.0,691.0,12:25:58.537968
38.0,-564.0,847.0,12:25:58.548364
5.0,-571.0,902.0,12:25:58.557789
-45.0,-573.0,938.0,12:25:58.568265
28.0,-630.0,901.0,12:25:58.587695
-1.0,-628.0,927.0,12:25:58.597006
56.0,-662.0,878.0,12:25:58.607561
24.0,-459.0,859.0,12:25:58.616873
-128.0,-505.0,1087.0,12:25:58.627386
-125.0,-444.0,999.0,12:25:58.636690
-80.0,-484.0,886.0,12:25:58.647194
22.0,-499.0,953.0,12:25:58.656543
-122.0,-475.0,963.0,12:25:58.665889
15.0,-433.0,1038.0,12:25:58.676306
45.0,-441.0,957.0,12:25:58.685729
-75.0,-501.0,808.0,12:25:58.696183
64.0,-493.0,902.0,12:25:58.705532
-159.0,-458.0,1034.0,12:25:58.716034
-89.0,-568.0,1035.0,12:25:58.725369
-125.0,-486.0,897.0,12:25:58.735779
131.0,-557.0,739.0,12:25:58.745207
-85.0,-484.0,924.0,12:25:58.755666
-2.0,-573.0,951.0,12:25:58.765241
55.0,-373.0,726.0,12:25:58.774556
10.0,-517.0,931.0,12:25:58.785078
71.0,-644.0,822.0,12:25:58.794283
-14.0,-479.0,773.0,12:25:58.804865
-6.0,-433.0,858.0,12:25:58.814127
134.0,-563.0,996.0,12:25:58.824656
95.0,-477.0,863.0,12:25:58.834001
44.0,-466.0,868.0,12:25:58.843441
232.0,-630.0,1088.0,12:25:58.853991
25.0,-470.0,839.0,12:25:58.863395
88.0,-518.0,947.0,12:25:58.873791
191.0,-427.0,817.0,12:25:58.883171
78.0,-471.0,913.0,12:25:58.893547
119.0,-396.0,859.0,12:25:58.902960
118.0,-509.0,900.0,12:25:58.913354
35.0,-397.0,964.0,12:25:58.922806
105.0,-455.0,1098.0,12:25:58.932083
-67.0,-456.0,966.0,12:25:58.942611
-18.0,-423.0,945.0,12:25:58.951857
6.0,-473.0,1030.0,12:25:58.962364
197.0,-443.0,858.0,12:25:58.971719
163.0,-527.0,1003.0,12:25:58.982147
49.0,-519.0,965.0,12:25:58.991497
172.0,-545.0,844.0,12:25:59.002000
197.0,-584.0,854.0,12:25:59.011317
48.0,-609.0,1017.0,12:25:59.021802
46.0,-521.0,717.0,12:25:59.031101
43.0,-538.0,830.0,12:25:59.040603
119.0,-598.0,989.0,12:25:59.050984
-10.0,-470.0,842.0,12:25:59.060320
-58.0,-575.0,886.0,12:25:59.070837
78.0,-597.0,1028.0,12:25:59.080159
-16.0,-519.0,807.0,12:25:59.090717
-122.0,-516.0,1085.0,12:25:59.100039
187.0,-746.0,1223.0,12:25:59.110545
-72.0,-499.0,629.0,12:25:59.119909
-8.0,-510.0,816.0,12:25:59.130241
-66.0,-553.0,1071.0,12:25:59.139199
-6.0,-394.0,709.0,12:25:59.149767
3.0,-503.0,1061.0,12:25:59.159101
-110.0,-711.0,1217.0,12:25:59.168654
76.0,-500.0,698.0,12:25:59.179076
-139.0,-483.0,1000.0,12:25:59.188458
58.0,-591.0,999.0,12:25:59.198929
10.0,-372.0,608.0,12:25:59.208174
-106.0,-400.0,773.0,12:25:59.218627
101.0,-377.0,788.0,12:25:59.228033
-45.0,-285.0,770.0,12:25:59.238593
-133.0,-495.0,1094.0,12:25:59.247903
102.0,-570.0,893.0,12:25:59.258430
4.0,-428.0,857.0,12:25:59.267696
-26.0,-589.0,990.0,12:25:59.277048
-15.0,-482.0,858.0,12:25:59.287538
-16.0,-497.0,931.0,12:25:59.296863
-27.0,-607.0,1063.0,12:25:59.307367
19.0,-440.0,733.0,12:25:59.316732
35.0,-466.0,1034.0,12:25:59.327164
61.0,-537.0,933.0,12:25:59.336535
38.0,-484.0,836.0,12:25:59.346940
91.0,-503.0,1086.0,12:25:59.356400
51.0,-499.0,960.0,12:25:59.366806
-17.0,-457.0,752.0,12:25:59.376203
-15.0,-521.0,1019.0,12:25:59.385580
86.0,-564.0,926.0,12:25:59.396024
-117.0,-418.0,903.0,12:25:59.405347
-7.0,-673.0,986.0,12:25:59.415857
122.0,-496.0,858.0,12:25:59.425209
60.0,-575.0,988.0,12:25:59.435716
20.0,-511.0,1057.0,12:25:59.445084
95.0,-676.0,1115.0,12:25:59.455594
76.0,-507.0,723.0,12:25:59.464881
178.0,-310.0,581.0,12:25:59.474247
96.0,-464.0,1045.0,12:25:59.484745
-10.0,-442.0,686.0,12:25:59.504264
48.0,-381.0,791.0,12:25:59.514756
137.0,-372.0,909.0,12:25:59.532310
-120.0,-276.0,793.0,12:25:59.534689
125.0,-455.0,1157.0,12:25:59.544068
-16.0,-703.0,1284.0,12:25:59.563678
183.0,-609.0,889.0,12:25:59.573054
83.0,-598.0,804.0,12:25:59.583503
90.0,-560.0,894.0,12:25:59.592879
213.0,-661.0,1064.0,12:25:59.603404
-64.0,-595.0,849.0,12:25:59.612765
145.0,-836.0,949.0,12:25:59.622175
109.0,-680.0,567.0,12:25:59.632548
35.0,-421.0,688.0,12:25:59.641894
71.0,-442.0,1240.0,12:25:59.652450
-61.0,-538.0,843.0,12:25:59.661832
82.0,-458.0,502.0,12:25:59.672255
-27.0,-423.0,822.0,12:25:59.681705
68.0,-505.0,1207.0,12:25:59.701247
47.0,-351.0,572.0,12:25:59.711834
7.0,-462.0,711.0,12:25:59.721246
18.0,-435.0,1037.0,12:25:59.730650
60.0,-481.0,1144.0,12:25:59.741156
176.0,-566.0,1146.0,12:25:59.750547
118.0,-722.0,920.0,12:25:59.761023
-51.0,-286.0,455.0,12:25:59.770312
33.0,-571.0,1239.0,12:25:59.780724
144.0,-325.0,832.0,12:25:59.790004
1.0,-380.0,855.0,12:25:59.800615
-7.0,-517.0,1395.0,12:25:59.809905
89.0,-583.0,1026.0,12:25:59.819327
115.0,-709.0,1186.0,12:25:59.829758
51.0,-479.0,780.0,12:25:59.839132
150.0,-453.0,835.0,12:25:59.849651
-5.0,-480.0,730.0,12:25:59.858928
-18.0,-388.0,612.0,12:25:59.869518
-147.0,-535.0,888.0,12:25:59.878859
69.0,-593.0,966.0,12:25:59.889384
104.0,-506.0,709.0,12:25:59.898657
56.0,-580.0,821.0,12:25:59.908067
136.0,-560.0,1065.0,12:25:59.918713
-36.0,-564.0,1236.0,12:25:59.927990
-10.0,-384.0,611.0,12:25:59.938610
200.0,-507.0,908.0,12:25:59.947898
80.0,-718.0,1357.0,12:25:59.957264
95.0,-448.0,757.0,12:25:59.967790
-157.0,-512.0,1240.0,12:25:59.977185
25.0,-457.0,684.0,12:25:59.987604
118.0,-399.0,872.0,12:25:59.997085
-6.0,-541.0,1142.0,12:26:00.007454
-80.0,-363.0,913.0,12:26:00.016799
7.0,-749.0,1227.0,12:26:00.026224
6.0,-483.0,673.0,12:26:00.036771
-101.0,-333.0,700.0,12:26:00.046010
137.0,-501.0,1057.0,12:26:00.056558
-126.0,-475.0,1077.0,12:26:00.065842
61.0,-360.0,661.0,12:26:00.076446
172.0,-726.0,1030.0,12:26:00.085728
102.0,-581.0,1014.0,12:26:00.096284
67.0,-351.0,583.0,12:26:00.105584
2.0,-563.0,1028.0,12:26:00.114953
51.0,-584.0,1052.0,12:26:00.125388
82.0,-343.0,432.0,12:26:00.134722
87.0,-465.0,662.0,12:26:00.145245
125.0,-552.0,1043.0,12:26:00.154588
-25.0,-486.0,631.0,12:26:00.165091
80.0,-418.0,885.0,12:26:00.174418
27.0,-279.0,888.0,12:26:00.184837
-83.0,-371.0,848.0,12:26:00.194238
1.0,-615.0,1543.0,12:26:00.204672
112.0,-482.0,931.0,12:26:00.214070
109.0,-455.0,619.0,12:26:00.224460
137.0,-826.0,1478.0,12:26:00.233866
197.0,-735.0,1351.0,12:26:00.243144
13.0,-480.0,573.0,12:26:00.253599
171.0,-678.0,857.0,12:26:00.263094
-12.0,-768.0,1237.0,12:26:00.273592
124.0,-523.0,672.0,12:26:00.283054
-137.0,-435.0,952.0,12:26:00.292421
-27.0,-540.0,822.0,12:26:00.302917
-2.0,-398.0,614.0,12:26:00.312398
63.0,-522.0,1145.0,12:26:00.322929
-110.0,-279.0,1089.0,12:26:00.333009
75.0,-475.0,773.0,12:26:00.342244
87.0,-473.0,610.0,12:26:00.351691
209.0,-328.0,702.0,12:26:00.362222
-39.0,-336.0,1250.0,12:26:00.371537
47.0,-393.0,889.0,12:26:00.382027
-140.0,-445.0,628.0,12:26:00.391494
105.0,-752.0,1281.0,12:26:00.400866
22.0,-370.0,495.0,12:26:00.411266
16.0,-578.0,1013.0,12:26:00.420662
60.0,-668.0,1027.0,12:26:00.431153
88.0,-566.0,743.0,12:26:00.440570
38.0,-731.0,1310.0,12:26:00.451051
117.0,-683.0,1135.0,12:26:00.460346
40.0,-665.0,762.0,12:26:00.470872
69.0,-564.0,805.0,12:26:00.480159
93.0,-611.0,1107.0,12:26:00.490663
59.0,-426.0,865.0,12:26:00.499918
37.0,-463.0,917.0,12:26:00.509401
107.0,-626.0,1049.0,12:26:00.519817
19.0,-236.0,425.0,12:26:00.529167
22.0,-678.0,1480.0,12:26:00.539656
58.0,-508.0,905.0,12:26:00.549085
32.0,-513.0,659.0,12:26:00.559621
-19.0,-550.0,729.0,12:26:00.568952
46.0,-447.0,721.0,12:26:00.579474
-22.0,-276.0,703.0,12:26:00.588935
-170.0,-457.0,1190.0,12:26:00.598194
104.0,-429.0,851.0,12:26:00.608793
-61.0,-525.0,1040.0,12:26:00.618092
110.0,-485.0,992.0,12:26:00.627579
56.0,-397.0,1020.0,12:26:00.637954
-10.0,-441.0,1035.0,12:26:00.647362
221.0,-541.0,1139.0,12:26:00.657766
158.0,-292.0,527.0,12:26:00.667232
-16.0,-586.0,1285.0,12:26:00.677643
165.0,-560.0,1030.0,12:26:00.687013
22.0,-201.0,483.0,12:26:00.697523
-62.0,-609.0,1406.0,12:26:00.706963
66.0,-366.0,834.0,12:26:00.716280
-94.0,-437.0,604.0,12:26:00.729616
5.0,-483.0,720.0,12:26:00.739376
61.0,-433.0,905.0,12:26:00.746432
-13.0,-430.0,882.0,12:26:00.755845
-95.0,-570.0,993.0,12:26:00.766312
88.0,-798.0,1154.0,12:26:00.775681
156.0,-618.0,472.0,12:26:00.786330
55.0,-629.0,1077.0,12:26:00.795703
132.0,-722.0,1201.0,12:26:00.805122
129.0,-444.0,552.0,12:26:00.815678
3.0,-327.0,847.0,12:26:00.824951
86.0,-658.0,1281.0,12:26:00.835544
141.0,-577.0,783.0,12:26:00.844904
27.0,-393.0,612.0,12:26:00.854264
-12.0,-498.0,1283.0,12:26:00.864732
288.0,-331.0,956.0,12:26:00.874237
77.0,-429.0,929.0,12:26:00.884691
71.0,-616.0,1182.0,12:26:00.894098
82.0,-372.0,710.0,12:26:00.904571
-12.0,-411.0,1057.0,12:26:00.914005
49.0,-390.0,823.0,12:26:00.923328
-63.0,-406.0,899.0,12:26:00.933814
101.0,-505.0,965.0,12:26:00.943083
69.0,-439.0,864.0,12:26:00.953538
-9.0,-677.0,1172.0,12:26:00.962896
196.0,-669.0,675.0,12:26:00.973442
34.0,-340.0,478.0,12:26:00.982712
8.0,-404.0,812.0,12:26:00.993163
42.0,-588.0,1132.0,12:26:01.002413
-81.0,-465.0,771.0,12:26:01.012971
12.0,-601.0,899.0,12:26:01.022286
40.0,-467.0,607.0,12:26:01.031731
-117.0,-624.0,1510.0,12:26:01.042154
160.0,-493.0,786.0,12:26:01.051455
101.0,-520.0,584.0,12:26:01.061907
90.0,-454.0,778.0,12:26:01.071317
95.0,-431.0,873.0,12:26:01.081838
90.0,-646.0,1765.0,12:26:01.091164
284.0,-885.0,1363.0,12:26:01.101727
71.0,-603.0,501.0,12:26:01.111005
11.0,-710.0,948.0,12:26:01.121535
130.0,-523.0,968.0,12:26:01.130772
41.0,-247.0,439.0,12:26:01.140112
-57.0,-633.0,1119.0,12:26:01.150656
-66.0,-308.0,771.0,12:26:01.159964
68.0,-683.0,1311.0,12:26:01.170545
1.0,-417.0,952.0,12:26:01.179983
173.0,-721.0,1478.0,12:26:01.190576
22.0,-468.0,754.0,12:26:01.199861
69.0,-266.0,258.0,12:26:01.209176
68.0,-428.0,947.0,12:26:01.219819
37.0,-422.0,987.0,12:26:01.229077
35.0,-327.0,719.0,12:26:01.239625
82.0,-494.0,1168.0,12:26:01.248957
102.0,-823.0,1311.0,12:26:01.259543
111.0,-338.0,680.0,12:26:01.268886
73.0,-663.0,1203.0,12:26:01.278278
77.0,-468.0,709.0,12:26:01.288678
87.0,-629.0,592.0,12:26:01.298119
40.0,-462.0,507.0,12:26:01.308559
-184.0,-422.0,1054.0,12:26:01.317911
-162.0,-458.0,1230.0,12:26:01.328372
143.0,-717.0,1090.0,12:26:01.337811
-76.0,-368.0,608.0,12:26:01.348273
199.0,-581.0,920.0,12:26:01.357618
13.0,-520.0,1045.0,12:26:01.366934
20.0,-435.0,724.0,12:26:01.377542
107.0,-651.0,1111.0,12:26:01.386806
17.0,-472.0,751.0,12:26:01.397249
88.0,-463.0,652.0,12:26:01.406493
-67.0,-430.0,984.0,12:26:01.417100
54.0,-323.0,756.0,12:26:01.426417
-70.0,-601.0,1198.0,12:26:01.436807
76.0,-680.0,610.0,12:26:01.446298
145.0,-554.0,765.0,12:26:01.455643
-198.0,-385.0,1356.0,12:26:01.466056
69.0,-482.0,931.0,12:26:01.475388
5.0,-421.0,941.0,12:26:01.485875
-131.0,-368.0,647.0,12:26:01.495230
104.0,-275.0,551.0,12:26:01.505748
-47.0,-459.0,1300.0,12:26:01.515096
18.0,-295.0,1049.0,12:26:01.525635
52.0,-445.0,741.0,12:26:01.536623
81.0,-660.0,1124.0,12:26:01.544926
-12.0,-347.0,1131.0,12:26:01.554290
16.0,-464.0,1230.0,12:26:01.564703
101.0,-643.0,817.0,12:26:01.574170
1.0,-447.0,327.0,12:26:01.584690
-147.0,-416.0,1033.0,12:26:01.594197
147.0,-469.0,1030.0,12:26:01.603454
232.0,-766.0,1473.0,12:26:01.614059
2.0,-667.0,998.0,12:26:01.623326
301.0,-841.0,775.0,12:26:01.633776
31.0,-572.0,689.0,12:26:01.643092
87.0,-348.0,603.0,12:26:01.653609
-60.0,-563.0,1242.0,12:26:01.662886
111.0,-688.0,932.0,12:26:01.673469
149.0,-492.0,424.0,12:26:01.682854
44.0,-531.0,1007.0,12:26:01.692218
-46.0,-371.0,990.0,12:26:01.702634
-25.0,-375.0,840.0,12:26:01.712002
31.0,-414.0,713.0,12:26:01.722419
111.0,-617.0,1006.0,12:26:01.731870
80.0,-592.0,1351.0,12:26:01.742311
6.0,-464.0,726.0,12:26:01.751727
17.0,-681.0,1185.0,12:26:01.762117
50.0,-841.0,1347.0,12:26:01.771576
71.0,-291.0,296.0,12:26:01.780824
164.0,-522.0,520.0,12:26:01.791254
-7.0,-632.0,1219.0,12:26:01.800658
70.0,-509.0,1035.0,12:26:01.811165
-48.0,-175.0,279.0,12:26:01.820424
27.0,-1162.0,1617.0,12:26:01.830889
179.0,-496.0,616.0,12:26:01.840219
-49.0,-454.0,1187.0,12:26:01.850699
-14.0,-559.0,1094.0,12:26:01.860006
230.0,-679.0,930.0,12:26:01.870629
156.0,-422.0,293.0,12:26:01.879902
128.0,-287.0,454.0,12:26:01.889334
61.0,-744.0,1362.0,12:26:01.899806
149.0,-376.0,752.0,12:26:01.909101
-129.0,-690.0,1065.0,12:26:01.919602
0.0,-472.0,659.0,12:26:01.937058
49.0,-496.0,1076.0,12:26:01.940679
-83.0,-460.0,1285.0,12:26:01.948863
107.0,-528.0,598.0,12:26:01.959357
23.0,-431.0,544.0,12:26:01.968686
77.0,-329.0,532.0,12:26:01.978055
-27.0,-392.0,1084.0,12:26:01.988651
-87.0,-446.0,1724.0,12:26:01.997978
-68.0,-562.0,1274.0,12:26:02.008588
173.0,-971.0,953.0,12:26:02.017958
39.0,-356.0,632.0,12:26:02.027378
72.0,-301.0,960.0,12:26:02.037824
117.0,-526.0,1196.0,12:26:02.047228
137.0,-515.0,687.0,12:26:02.057611
59.0,-228.0,627.0,12:26:02.067002
-158.0,-566.0,1363.0,12:26:02.077513
74.0,-541.0,879.0,12:26:02.086938
113.0,-559.0,809.0,12:26:02.096374
14.0,-479.0,717.0,12:26:02.106852
107.0,-668.0,762.0,12:26:02.116323
35.0,-332.0,797.0,12:26:02.126907
-122.0,-523.0,1602.0,12:26:02.136290
112.0,-625.0,958.0,12:26:02.145619
107.0,-639.0,611.0,12:26:02.156116
80.0,-387.0,661.0,12:26:02.165464
154.0,-466.0,866.0,12:26:02.175912
141.0,-561.0,1372.0,12:26:02.185240
-84.0,-568.0,963.0,12:26:02.195659
120.0,-298.0,351.0,12:26:02.205087
32.0,-869.0,1442.0,12:26:02.215523
-57.0,-376.0,1213.0,12:26:02.224862
14.0,-396.0,824.0,12:26:02.234255
-45.0,-441.0,712.0,12:26:02.244725
4.0,-638.0,1274.0,12:26:02.254120
28.0,-506.0,555.0,12:26:02.264547
85.0,-427.0,722.0,12:26:02.273914
-9.0,-492.0,1361.0,12:26:02.284357
77.0,-590.0,893.0,12:26:02.293750
53.0,-517.0,658.0,12:26:02.304128
43.0,-613.0,963.0,12:26:02.313549
55.0,-564.0,1230.0,12:26:02.324043
48.0,-505.0,433.0,12:26:02.333370
-42.0,-533.0,705.0,12:26:02.343793
21.0,-558.0,1142.0,12:26:02.353251
36.0,-506.0,621.0,12:26:02.362494
115.0,-691.0,758.0,12:26:02.372963
33.0,-575.0,1266.0,12:26:02.382303
-169.0,-454.0,1029.0,12:26:02.392998
118.0,-558.0,830.0,12:26:02.402354
-17.0,-466.0,818.0,12:26:02.411822
46.0,-285.0,504.0,12:26:02.422231
-5.0,-483.0,1241.0,12:26:02.431715
9.0,-484.0,1115.0,12:26:02.442237
-60.0,-776.0,1040.0,12:26:02.451680
112.0,-642.0,598.0,12:26:02.460996
176.0,-374.0,808.0,12:26:02.471680
-125.0,-361.0,1329.0,12:26:02.481103
213.0,-558.0,821.0,12:26:02.490616
41.0,-426.0,467.0,12:26:02.501037
-93.0,-537.0,1210.0,12:26:02.510640
80.0,-494.0,1038.0,12:26:02.521058
11.0,-381.0,592.0,12:26:02.530391
29.0,-545.0,959.0,12:26:02.540815
98.0,-581.0,1067.0,12:26:02.550150
93.0,-242.0,408.0,12:26:02.560677
44.0,-416.0,688.0,12:26:02.570021
130.0,-636.0,1407.0,12:26:02.579414
96.0,-487.0,1347.0,12:26:02.589944
-12.0,-544.0,1077.0,12:26:02.599379
227.0,-635.0,106.0,12:26:02.609879
182.0,-50.0,144.0,12:26:02.619393
-70.0,-267.0,1627.0,12:26:02.628661
67.0,-385.0,1056.0,12:26:02.639148
-7.0,-514.0,609.0,12:26:02.648614
-2.0,-663.0,855.0,12:26:02.659154
76.0,-761.0,1395.0,12:26:02.668618
145.0,-523.0,1388.0,12:26:02.677957
-19.0,-559.0,852.0,12:26:02.688455
170.0,-470.0,99.0,12:26:02.697851
-26.0,-698.0,1090.0,12:26:02.708263
59.0,-339.0,1077.0,12:26:02.717609
5.0,-609.0,1189.0,12:26:02.728150
99.0,-768.0,1018.0,12:26:02.739742
8.0,-611.0,549.0,12:26:02.747079
-65.0,-703.0,1620.0,12:26:02.757515
117.0,-487.0,1084.0,12:26:02.766864
127.0,-409.0,451.0,12:26:02.777495
-61.0,-573.0,944.0,12:26:02.786833
108.0,-475.0,760.0,12:26:02.796207
-61.0,-298.0,505.0,12:26:02.806863
-132.0,-532.0,1232.0,12:26:02.816337
-144.0,-469.0,1018.0,12:26:02.825790
-72.0,-540.0,1122.0,12:26:02.836384
74.0,-632.0,1456.0,12:26:02.845716
378.0,-692.0,771.0,12:26:02.856265
78.0,-518.0,568.0,12:26:02.865568
-45.0,-405.0,895.0,12:26:02.876017
112.0,-577.0,932.0,12:26:02.885327
-177.0,-101.0,48.0,12:26:02.894661
24.0,-312.0,718.0,12:26:02.905238
-131.0,-731.0,1768.0,12:26:02.914517
113.0,-783.0,1207.0,12:26:02.925000
114.0,-451.0,636.0,12:26:02.934369
102.0,-625.0,973.0,12:26:02.944767
158.0,-541.0,852.0,12:26:02.954126
-68.0,-430.0,1270.0,12:26:02.964605
-76.0,-499.0,799.0,12:26:02.974164
115.0,-447.0,338.0,12:26:02.983449
-129.0,-598.0,999.0,12:26:02.994065
28.0,-494.0,620.0,12:26:03.003430
10.0,-260.0,717.0,12:26:03.014053
-40.0,-958.0,1704.0,12:26:03.023343
281.0,-827.0,899.0,12:26:03.032703
5.0,-284.0,508.0,12:26:03.043120
-103.0,-319.0,1104.0,12:26:03.052520
-36.0,-394.0,1049.0,12:26:03.063023
-51.0,-516.0,667.0,12:26:03.072374
17.0,-644.0,701.0,12:26:03.082971
167.0,-410.0,813.0,12:26:03.092328
-79.0,-652.0,1275.0,12:26:03.102726
24.0,-416.0,686.0,12:26:03.112050
-88.0,-312.0,771.0,12:26:03.122515
-7.0,-553.0,970.0,12:26:03.139406
71.0,-210.0,643.0,12:26:03.142140
18.0,-693.0,1652.0,12:26:03.150980
32.0,-428.0,1001.0,12:26:03.161385
199.0,-851.0,834.0,12:26:03.170861
32.0,-658.0,852.0,12:26:03.181456
59.0,-331.0,628.0,12:26:03.190884
-106.0,-417.0,844.0,12:26:03.201314
85.0,-813.0,1144.0,12:26:03.210765
210.0,-163.0,424.0,12:26:03.220182
-62.0,-478.0,1258.0,12:26:03.230793
-11.0,-536.0,1350.0,12:26:03.240055
54.0,-564.0,974.0,12:26:03.250656
119.0,-718.0,797.0,12:26:03.259911
183.0,-733.0,802.0,12:26:03.269324
77.0,-470.0,549.0,12:26:03.279744
141.0,-793.0,1050.0,12:26:03.289194
-161.0,-230.0,348.0,12:26:03.299751
15.0,-425.0,1194.0,12:26:03.309097
-83.0,-548.0,1253.0,12:26:03.318543
78.0,-498.0,842.0,12:26:03.329112
24.0,-306.0,328.0,12:26:03.339024
23.0,-578.0,1213.0,12:26:03.348421
110.0,-580.0,1378.0,12:26:03.358926
108.0,-638.0,923.0,12:26:03.368319
228.0,-647.0,219.0,12:26:03.378753
104.0,-713.0,1075.0,12:26:03.388133
-97.0,-486.0,1181.0,12:26:03.397524
-42.0,67.0,224.0,12:26:03.407987
63.0,-509.0,1110.0,12:26:03.417372
77.0,-472.0,1245.0,12:26:03.427759
123.0,-638.0,930.0,12:26:03.437105
77.0,-611.0,984.0,12:26:03.447608
235.0,-583.0,1007.0,12:26:03.456957
96.0,-564.0,1117.0,12:26:03.467440
163.0,-570.0,626.0,12:26:03.476929
14.0,-404.0,687.0,12:26:03.486278
-106.0,-414.0,978.0,12:26:03.496765
56.0,-485.0,939.0,12:26:03.506086
76.0,-816.0,1151.0,12:26:03.516547
98.0,-570.0,513.0,12:26:03.525796
-8.0,-280.0,759.0,12:26:03.536332
-92.0,-528.0,1181.0,12:26:03.545636
26.0,-392.0,722.0,12:26:03.556210
102.0,-397.0,689.0,12:26:03.565463
-63.0,-381.0,624.0,12:26:03.574849
109.0,-416.0,1156.0,12:26:03.585293
110.0,-744.0,1747.0,12:26:03.594635
44.0,-793.0,906.0,12:26:03.605282
-28.0,-297.0,250.0,12:26:03.614672
66.0,-657.0,1404.0,12:26:03.625261
108.0,-381.0,721.0,12:26:03.634622
56.0,-211.0,674.0,12:26:03.644088
-68.0,-424.0,1231.0,12:26:03.654522
101.0,-569.0,704.0,12:26:03.664040
0.0,-224.0,626.0,12:26:03.674423
62.0,-696.0,1626.0,12:26:03.683768
176.0,-636.0,1000.0,12:26:03.694192
180.0,-415.0,703.0,12:26:03.703645
102.0,-776.0,1097.0,12:26:03.712929
123.0,-532.0,706.0,12:26:03.723424
-62.0,-434.0,1008.0,12:26:03.732879
5.0,-502.0,746.0,12:26:03.743411
-88.0,-504.0,560.0,12:26:03.752645
-210.0,-425.0,924.0,12:26:03.763149
46.0,-380.0,773.0,12:26:03.772436
-7.0,-253.0,470.0,12:26:03.781873
31.0,-406.0,1103.0,12:26:03.792256
-45.0,-691.0,2047.0,12:26:03.801652
270.0,-1108.0,1143.0,12:26:03.812075
173.0,-623.0,236.0,12:26:03.821426
3.0,-425.0,872.0,12:26:03.831895
290.0,-363.0,1119.0,12:26:03.841189
125.0,-485.0,828.0,12:26:03.851775
-17.0,-192.0,86.0,12:26:03.861056
34.0,-503.0,1091.0,12:26:03.871535
75.0,-546.0,1355.0,12:26:03.880863
108.0,-356.0,629.0,12:26:03.891365
140.0,-437.0,1057.0,12:26:03.900685
51.0,-516.0,1376.0,12:26:03.910083
120.0,-358.0,421.0,12:26:03.920592
165.0,-823.0,1370.0,12:26:03.929947
-2.0,-543.0,909.0,12:26:03.943121
87.0,-548.0,755.0,12:26:03.950421
62.0,-605.0,672.0,12:26:03.959767
50.0,-530.0,803.0,12:26:03.970185
6.0,-309.0,1183.0,12:26:03.979631
44.0,-427.0,909.0,12:26:03.988910
221.0,-583.0,616.0,12:26:03.999447
174.0,-630.0,1171.0,12:26:04.008798
152.0,-545.0,1029.0,12:26:04.019468
189.0,-367.0,469.0,12:26:04.028869
157.0,-793.0,1408.0,12:26:04.038196
-46.0,-507.0,675.0,12:26:04.048643
149.0,-522.0,679.0,12:26:04.058059
-111.0,-600.0,1084.0,12:26:04.068627
152.0,-446.0,906.0,12:26:04.077931
38.0,-395.0,658.0,12:26:04.087430
98.0,-423.0,1127.0,12:26:04.097821
93.0,-464.0,796.0,12:26:04.107144
170.0,-628.0,877.0,12:26:04.117676
21.0,-695.0,1245.0,12:26:04.127113
120.0,-499.0,713.0,12:26:04.137492
31.0,-647.0,830.0,12:26:04.146908
67.0,-552.0,400.0,12:26:04.157461
-98.0,-369.0,886.0,12:26:04.166869
-108.0,-503.0,1438.0,12:26:04.176270
108.0,-573.0,1059.0,12:26:04.186761
-98.0,-461.0,808.0,12:26:04.196033
0.0,-610.0,1150.0,12:26:04.206507
86.0,-612.0,796.0,12:26:04.215851
178.0,-561.0,540.0,12:26:04.225365
-94.0,-425.0,948.0,12:26:04.235860
-32.0,-320.0,902.0,12:26:04.245268
-58.0,-580.0,1082.0,12:26:04.255815
48.0,-670.0,844.0,12:26:04.265151
8.0,-774.0,1257.0,12:26:04.275627
-7.0,-450.0,788.0,12:26:04.285115
-76.0,-449.0,895.0,12:26:04.295481
-63.0,-540.0,1024.0,12:26:04.304803
-71.0,-192.0,615.0,12:26:04.314154
17.0,-530.0,1003.0,12:26:04.324627
88.0,-731.0,1335.0,12:26:04.333993
237.0,-541.0,289.0,12:26:04.346818
81.0,-359.0,719.0,12:26:04.353857
-150.0,-493.0,1431.0,12:26:04.364407
199.0,-416.0,573.0,12:26:04.373665
-16.0,-408.0,795.0,12:26:04.384163
-41.0,-568.0,1134.0,12:26:04.393427
-42.0,-482.0,925.0,12:26:04.402958
28.0,-458.0,939.0,12:26:04.413410
75.0,-631.0,1095.0,12:26:04.422908
-19.0,-553.0,729.0,12:26:04.433422
35.0,-369.0,462.0,12:26:04.443052
-16.0,-434.0,1198.0,12:26:04.452385
-15.0,-604.0,1221.0,12:26:04.462943
113.0,-716.0,937.0,12:26:04.472346
57.0,-574.0,560.0,12:26:04.481849
-45.0,-279.0,635.0,12:26:04.492257
-17.0,-423.0,1369.0,12:26:04.501741
136.0,-453.0,805.0,12:26:04.512162
-35.0,-483.0,629.0,12:26:04.521626
123.0,-357.0,358.0,12:26:04.530971
-131.0,-307.0,1396.0,12:26:04.541496
73.0,-568.0,1503.0,12:26:04.550853
44.0,-714.0,833.0,12:26:04.561417
56.0,-420.0,680.0,12:26:04.570721
-43.0,-567.0,1244.0,12:26:04.581281
195.0,-533.0,1078.0,12:26:04.590716
113.0,-564.0,725.0,12:26:04.600051
51.0,-499.0,674.0,12:26:04.610454
115.0,-576.0,664.0,12:26:04.619809
-23.0,-331.0,682.0,12:26:04.630228
-7.0,-506.0,1260.0,12:26:04.639749
187.0,-467.0,753.0,12:26:04.650129
34.0,-536.0,1182.0,12:26:04.659521
158.0,-685.0,1198.0,12:26:04.670003
115.0,-476.0,581.0,12:26:04.679437
58.0,-496.0,950.0,12:26:04.688724
-95.0,-774.0,1820.0,12:26:04.699189
31.0,-711.0,1277.0,12:26:04.708566
111.0,-518.0,279.0,12:26:04.719060
103.0,-963.0,1310.0,12:26:04.728333
-118.0,-618.0,1020.0,12:26:04.738808
-7.0,-458.0,351.0,12:26:04.748131
208.0,-556.0,780.0,12:26:04.758705
46.0,-432.0,770.0,12:26:04.767932
142.0,-382.0,696.0,12:26:04.778476
67.0,-385.0,909.0,12:26:04.787785
35.0,-321.0,882.0,12:26:04.797162
65.0,-183.0,688.0,12:26:04.807566
-14.0,-389.0,643.0,12:26:04.816899
164.0,-362.0,728.0,12:26:04.827497
-20.0,-44.0,652.0,12:26:04.836902
20.0,-652.0,1718.0,12:26:04.847513
55.0,-792.0,1290.0,12:26:04.856793
29.0,-528.0,66.0,12:26:04.866255
202.0,-310.0,747.0,12:26:04.876808
71.0,-740.0,1529.0,12:26:04.886188
200.0,-558.0,683.0,12:26:04.896630
126.0,-647.0,369.0,12:26:04.906044
-3.0,-440.0,505.0,12:26:04.916462
-48.0,-646.0,1809.0,12:26:04.925858
45.0,-772.0,1605.0,12:26:04.935246
14.0,-731.0,836.0,12:26:04.945761
113.0,-669.0,858.0,12:26:04.955174
101.0,-427.0,669.0,12:26:04.965566
84.0,-490.0,1188.0,12:26:04.974895
77.0,-332.0,885.0,12:26:04.985448
31.0,-442.0,877.0,12:26:04.994678
-27.0,-502.0,827.0,12:26:05.005207
22.0,-587.0,987.0,12:26:05.014458
-11.0,-406.0,1043.0,12:26:05.023907
-28.0,-580.0,1177.0,12:26:05.034350
222.0,-622.0,645.0,12:26:05.043718
70.0,-541.0,419.0,12:26:05.054157
-29.0,-276.0,997.0,12:26:05.063483
-46.0,-386.0,1142.0,12:26:05.074038
-16.0,-500.0,883.0,12:26:05.083425
-10.0,-338.0,734.0,12:26:05.093844
-106.0,-550.0,1437.0,12:26:05.103248
5.0,-393.0,955.0,12:26:05.113658
103.0,-568.0,979.0,12:26:05.123008
27.0,-482.0,961.0,12:26:05.132339
246.0,-426.0,664.0,12:26:05.146875
102.0,-500.0,759.0,12:26:05.153008
-23.0,-385.0,954.0,12:26:05.162222
-61.0,-656.0,1383.0,12:26:05.172760
11.0,-607.0,916.0,12:26:05.182137
118.0,-701.0,768.0,12:26:05.191491
114.0,-787.0,773.0,12:26:05.201956
126.0,-410.0,438.0,12:26:05.211245
-2.0,-364.0,716.0,12:26:05.221740
-27.0,-528.0,1070.0,12:26:05.231218
-12.0,-262.0,160.0,12:26:05.241752
-67.0,-844.0,1575.0,12:26:05.251256
115.0,-639.0,1075.0,12:26:05.260701
224.0,-529.0,589.0,12:26:05.271327
-6.0,-461.0,1009.0,12:26:05.280654
198.0,-491.0,1296.0,12:26:05.290001
71.0,-731.0,1243.0,12:26:05.300409
62.0,-339.0,411.0,12:26:05.309817
126.0,-409.0,721.0,12:26:05.320249
101.0,-248.0,977.0,12:26:05.329592
76.0,-358.0,1184.0,12:26:05.340016
-33.0,-439.0,1053.0,12:26:05.349526
141.0,-713.0,994.0,12:26:05.359965
60.0,-555.0,862.0,12:26:05.369376
32.0,-251.0,957.0,12:26:05.379791
51.0,-621.0,1313.0,12:26:05.389216
-49.0,-449.0,609.0,12:26:05.398629
76.0,-526.0,384.0,12:26:05.409193
-48.0,-340.0,899.0,12:26:05.418563
41.0,-399.0,1160.0,12:26:05.429111
-33.0,-775.0,1188.0,12:26:05.438471
43.0,-602.0,507.0,12:26:05.447795
134.0,-417.0,493.0,12:26:05.458210
160.0,-389.0,1027.0,12:26:05.467571
60.0,-725.0,1384.0,12:26:05.478051
75.0,-838.0,824.0,12:26:05.487437
105.0,-603.0,482.0,12:26:05.497938
92.0,-736.0,1011.0,12:26:05.507304
176.0,-591.0,1047.0,12:26:05.517668
-1.0,-597.0,635.0,12:26:05.526986
-27.0,-641.0,741.0,12:26:05.537539
-89.0,-542.0,1024.0,12:26:05.548572
-9.0,-630.0,1192.0,12:26:05.556974
-54.0,-522.0,951.0,12:26:05.566263
-7.0,-577.0,1081.0,12:26:05.576808
116.0,-563.0,650.0,12:26:05.586184
-54.0,-527.0,790.0,12:26:05.596679
-50.0,-448.0,1062.0,12:26:05.605980
-78.0,-450.0,776.0,12:26:05.615314
11.0,-420.0,853.0,12:26:05.625748
-4.0,-926.0,2041.0,12:26:05.635333
140.0,-653.0,1054.0,12:26:05.645766
-119.0,-1032.0,1116.0,12:26:05.655259
67.0,-519.0,312.0,12:26:05.664640
-40.0,-406.0,568.0,12:26:05.675217
-143.0,-348.0,1023.0,12:26:05.684610
3.0,-408.0,541.0,12:26:05.695158
-55.0,-512.0,128.0,12:26:05.704532
-52.0,-308.0,1079.0,12:26:05.713968
-65.0,-311.0,1285.0,12:26:05.724380
50.0,-438.0,981.0,12:26:05.733798
64.0,-620.0,1012.0,12:26:05.744318
16.0,-416.0,603.0,12:26:05.753659
52.0,-351.0,872.0,12:26:05.764135
82.0,-786.0,1652.0,12:26:05.773504
-69.0,-356.0,731.0,12:26:05.782921
-60.0,-549.0,751.0,12:26:05.793487
2.0,-613.0,1055.0,12:26:05.802958
117.0,-238.0,461.0,12:26:05.813356
-25.0,-428.0,1203.0,12:26:05.822684
-40.0,-715.0,1251.0,12:26:05.833149
172.0,-498.0,391.0,12:26:05.842484
-4.0,-426.0,754.0,12:26:05.851811
70.0,-324.0,1293.0,12:26:05.862335
20.0,-338.0,868.0,12:26:05.871725
-10.0,-475.0,855.0,12:26:05.882129
139.0,-514.0,777.0,12:26:05.891422
103.0,-425.0,955.0,12:26:05.901908
18.0,-357.0,1180.0,12:26:05.911240
113.0,-661.0,1205.0,12:26:05.921811
115.0,-506.0,488.0,12:26:05.931047
165.0,-484.0,703.0,12:26:05.941673
36.0,-483.0,1346.0,12:26:05.950935
119.0,-658.0,991.0,12:26:05.960333
92.0,-551.0,974.0,12:26:05.970724
-11.0,-362.0,510.0,12:26:05.980083
7.0,-509.0,1125.0,12:26:05.990601
-104.0,-355.0,1172.0,12:26:05.999916
-14.0,-425.0,1393.0,12:26:06.010403
87.0,-281.0,531.0,12:26:06.019825
14.0,-506.0,1045.0,12:26:06.030259
30.0,-663.0,1442.0,12:26:06.039615
67.0,-553.0,559.0,12:26:06.049980
98.0,-664.0,646.0,12:26:06.059558
-16.0,-569.0,1057.0,12:26:06.068800
46.0,-575.0,808.0,12:26:06.079471
83.0,-400.0,609.0,12:26:06.088810
109.0,-490.0,901.0,12:26:06.099396
213.0,-594.0,917.0,12:26:06.108773
61.0,-384.0,572.0,12:26:06.118235
78.0,-387.0,613.0,12:26:06.128621
72.0,-593.0,1453.0,12:26:06.138039
66.0,-562.0,1098.0,12:26:06.148534
172.0,-313.0,456.0,12:26:06.157856
-33.0,-592.0,1357.0,12:26:06.168271
182.0,-697.0,979.0,12:26:06.177771
159.0,-508.0,429.0,12:26:06.187063
-72.0,-483.0,804.0,12:26:06.197539
54.0,-432.0,1042.0,12:26:06.206822
122.0,-650.0,921.0,12:26:06.217415
63.0,-506.0,764.0,12:26:06.226669
64.0,-668.0,1197.0,12:26:06.237131
292.0,-481.0,665.0,12:26:06.246402
49.0,-687.0,1342.0,12:26:06.256986
-12.0,-505.0,1096.0,12:26:06.266307
165.0,-467.0,672.0,12:26:06.276787
43.0,-895.0,1283.0,12:26:06.286092
307.0,-543.0,689.0,12:26:06.295518
39.0,-361.0,592.0,12:26:06.305916
-105.0,-450.0,898.0,12:26:06.315314
30.0,-640.0,983.0,12:26:06.325772
-102.0,-629.0,746.0,12:26:06.335281
-120.0,-418.0,952.0,12:26:06.350177
-194.0,-653.0,1204.0,12:26:06.355308
26.0,-695.0,562.0,12:26:06.364708
34.0,-441.0,731.0,12:26:06.375155
-22.0,-663.0,1063.0,12:26:06.384552
154.0,-512.0,713.0,12:26:06.395068
-191.0,-543.0,1009.0,12:26:06.404379
18.0,-756.0,1291.0,12:26:06.413701
13.0,-357.0,477.0,12:26:06.424188
-142.0,-741.0,1379.0,12:26:06.433479
-29.0,-538.0,929.0,12:26:06.444040
-20.0,-456.0,557.0,12:26:06.453321
-130.0,-643.0,896.0,12:26:06.464026
-269.0,-444.0,952.0,12:26:06.473394
-58.0,-473.0,787.0,12:26:06.482862
-146.0,-392.0,826.0,12:26:06.493308
18.0,-674.0,1199.0,12:26:06.502951
-57.0,-641.0,1008.0,12:26:06.513326
-39.0,-487.0,711.0,12:26:06.522680
-116.0,-287.0,724.0,12:26:06.531968
-8.0,-704.0,1148.0,12:26:06.542564
52.0,-561.0,689.0,12:26:06.551879
-21.0,-441.0,676.0,12:26:06.562297
17.0,-634.0,1262.0,12:26:06.571738
44.0,-504.0,832.0,12:26:06.582224
179.0,-407.0,891.0,12:26:06.591529
69.0,-466.0,835.0,12:26:06.601969
13.0,-270.0,632.0,12:26:06.611275
103.0,-409.0,1257.0,12:26:06.620692
-83.0,-290.0,1069.0,12:26:06.631057
33.0,-458.0,864.0,12:26:06.640416
129.0,-440.0,714.0,12:26:06.650898
-23.0,-443.0,1080.0,12:26:06.660210
149.0,-370.0,995.0,12:26:06.670719
33.0,-918.0,1299.0,12:26:06.680076
199.0,-445.0,312.0,12:26:06.690660
-45.0,-504.0,1049.0,12:26:06.699971
-91.0,-566.0,1242.0,12:26:06.710425
-2.0,-483.0,681.0,12:26:06.719657
-54.0,-555.0,832.0,12:26:06.730263
-22.0,-383.0,651.0,12:26:06.739572
106.0,-431.0,801.0,12:26:06.755501
-20.0,-260.0,1069.0,12:26:06.759160
115.0,-876.0,1527.0,12:26:06.768562
200.0,-388.0,547.0,12:26:06.779148
131.0,-468.0,1032.0,12:26:06.788521
60.0,-565.0,1223.0,12:26:06.799084
289.0,-482.0,811.0,12:26:06.808363
141.0,-307.0,612.0,12:26:06.818878
81.0,-432.0,599.0,12:26:06.828159
123.0,-427.0,928.0,12:26:06.838651
86.0,-445.0,850.0,12:26:06.847887
-47.0,-364.0,795.0,12:26:06.857327
-107.0,-870.0,1601.0,12:26:06.867811
140.0,-505.0,650.0,12:26:06.877160
62.0,-481.0,935.0,12:26:06.887659
149.0,-656.0,1288.0,12:26:06.897170
56.0,-478.0,652.0,12:26:06.907668
238.0,-351.0,834.0,12:26:06.927235
-96.0,-360.0,1478.0,12:26:06.936557
123.0,-754.0,1771.0,12:26:06.945966
117.0,-929.0,794.0,12:26:06.956485
300.0,-272.0,59.0,12:26:06.965824
194.0,-689.0,2047.0,12:26:06.976370
-29.0,-348.0,318.0,12:26:06.985688
229.0,-419.0,245.0,12:26:06.996214
145.0,-526.0,474.0,12:26:07.005586
12.0,-272.0,574.0,12:26:07.016012
-74.0,-480.0,1620.0,12:26:07.025311
-6.0,-741.0,1293.0,12:26:07.035791
140.0,-733.0,737.0,12:26:07.045348
38.0,-583.0,1083.0,12:26:07.054684
153.0,-516.0,1032.0,12:26:07.065275
-29.0,-585.0,977.0,12:26:07.074542
66.0,-171.0,201.0,12:26:07.085043
-7.0,-485.0,894.0,12:26:07.094312
-2.0,-679.0,1199.0,12:26:07.104789
44.0,-520.0,742.0,12:26:07.114160
99.0,-350.0,440.0,12:26:07.123594
-56.0,-663.0,1416.0,12:26:07.134076
-45.0,-474.0,1546.0,12:26:07.143464
57.0,-498.0,690.0,12:26:07.154032
40.0,-697.0,1033.0,12:26:07.163365
137.0,-493.0,955.0,12:26:07.172707
-101.0,-268.0,733.0,12:26:07.183202
47.0,-511.0,1125.0,12:26:07.192525
196.0,-570.0,428.0,12:26:07.203045
-136.0,-165.0,289.0,12:26:07.212351
88.0,-902.0,2047.0,12:26:07.222907
113.0,-479.0,641.0,12:26:07.232229
80.0,-619.0,526.0,12:26:07.242664
131.0,-648.0,1329.0,12:26:07.252001
82.0,-405.0,864.0,12:26:07.262453
-158.0,89.0,148.0,12:26:07.271841
-53.0,-475.0,859.0,12:26:07.281196
11.0,-424.0,570.0,12:26:07.291876
-104.0,-440.0,1515.0,12:26:07.301135
-9.0,-830.0,1750.0,12:26:07.311850
215.0,-620.0,721.0,12:26:07.321230
43.0,-643.0,859.0,12:26:07.330828
25.0,-417.0,857.0,12:26:07.341309
224.0,-80.0,509.0,12:26:07.350710
-166.0,-181.0,881.0,12:26:07.360087
80.0,-951.0,1549.0,12:26:07.370719
117.0,-346.0,-174.0,12:26:07.379982
100.0,-359.0,794.0,12:26:07.390647
6.0,-655.0,2021.0,12:26:07.399934
-27.0,-298.0,655.0,12:26:07.409391
-97.0,-415.0,949.0,12:26:07.419815
54.0,-849.0,1574.0,12:26:07.429215
188.0,-243.0,-25.0,12:26:07.439841
12.0,-579.0,937.0,12:26:07.449325
62.0,-258.0,893.0,12:26:07.458611
18.0,-450.0,700.0,12:26:07.469108
113.0,-316.0,578.0,12:26:07.478469
56.0,-802.0,1531.0,12:26:07.488895
82.0,-308.0,247.0,12:26:07.498306
68.0,-803.0,1388.0,12:26:07.508803
37.0,-653.0,1498.0,12:26:07.518061
125.0,-354.0,610.0,12:26:07.528561
13.0,-661.0,1153.0,12:26:07.537885
-122.0,-529.0,1282.0,12:26:07.553534
112.0,-908.0,999.0,12:26:07.557947
124.0,-530.0,374.0,12:26:07.567345
55.0,-296.0,688.0,12:26:07.577855
160.0,-480.0,637.0,12:26:07.587201
-172.0,-141.0,774.0,12:26:07.596528
-54.0,-196.0,718.0,12:26:07.607086
49.0,-331.0,875.0,12:26:07.616397
-90.0,-567.0,1648.0,12:26:07.626865
135.0,-381.0,1093.0,12:26:07.636217
106.0,-826.0,1192.0,12:26:07.646721
207.0,-781.0,717.0,12:26:07.656497
208.0,-538.0,1058.0,12:26:07.665995
134.0,-746.0,1097.0,12:26:07.675527
-40.0,-158.0,48.0,12:26:07.686232
111.0,-470.0,539.0,12:26:07.695731
-207.0,-444.0,1042.0,12:26:07.705346
51.0,-750.0,1684.0,12:26:07.715545
26.0,-639.0,1013.0,12:26:07.725084
68.0,-962.0,950.0,12:26:07.734859
216.0,-665.0,697.0,12:26:07.745271
192.0,-177.0,512.0,12:26:07.754628
59.0,-300.0,223.0,12:26:07.765121
-128.0,-363.0,748.0,12:26:07.774392
-243.0,-273.0,1096.0,12:26:07.784881
33.0,-652.0,1338.0,12:26:07.794237
-71.0,-591.0,1415.0,12:26:07.803528
80.0,-515.0,1012.0,12:26:07.814046
94.0,-989.0,1168.0,12:26:07.823424
176.0,-474.0,322.0,12:26:07.833905
284.0,-630.0,1206.0,12:26:07.843174
100.0,-467.0,695.0,12:26:07.853584
-123.0,-544.0,517.0,12:26:07.863061
40.0,-702.0,773.0,12:26:07.873427
-204.0,-366.0,977.0,12:26:07.882851
-46.0,-550.0,1395.0,12:26:07.893318
62.0,-813.0,1078.0,12:26:07.902737
7.0,-291.0,614.0,12:26:07.911982
229.0,-476.0,1008.0,12:26:07.922496
-125.0,-278.0,1019.0,12:26:07.931829
49.0,-625.0,1331.0,12:26:07.942351
-169.0,-342.0,685.0,12:26:07.956727
-88.0,-875.0,1053.0,12:26:07.961209
142.0,-494.0,412.0,12:26:07.971865
163.0,-773.0,1210.0,12:26:07.981135
-39.0,-678.0,807.0,12:26:07.991784
-17.0,175.0,-320.0,12:26:08.001058
-19.0,-856.0,2047.0,12:26:08.011503
-27.0,-696.0,781.0,12:26:08.020798
-143.0,-125.0,319.0,12:26:08.031331
151.0,-567.0,1429.0,12:26:08.040717
-138.0,-335.0,1120.0,12:26:08.050026
156.0,-846.0,1042.0,12:26:08.060643
285.0,-415.0,286.0,12:26:08.069994
-27.0,-508.0,1142.0,12:26:08.080377
-48.0,-742.0,2003.0,12:26:08.089801
-213.0,-310.0,578.0,12:26:08.100242
4.0,-587.0,675.0,12:26:08.109717
-27.0,-456.0,892.0,12:26:08.119087
-20.0,49.0,92.0,12:26:08.129652
71.0,-417.0,830.0,12:26:08.139025
-6.0,-385.0,880.0,12:26:08.149614
62.0,-630.0,1130.0,12:26:08.158913
75.0,-647.0,1157.0,12:26:08.168264
116.0,-637.0,1258.0,12:26:08.178727
122.0,-677.0,1527.0,12:26:08.188077
134.0,-275.0,229.0,12:26:08.198575
85.0,-373.0,1191.0,12:26:08.207891
171.0,-364.0,1193.0,12:26:08.218350
80.0,-426.0,580.0,12:26:08.227738
91.0,-1019.0,1251.0,12:26:08.238176
79.0,-550.0,629.0,12:26:08.247522
161.0,-441.0,448.0,12:26:08.258048
9.0,-342.0,1186.0,12:26:08.267456
-51.0,-233.0,1394.0,12:26:08.276804
271.0,-560.0,432.0,12:26:08.287221
212.0,-645.0,298.0,12:26:08.296573
-104.0,-89.0,1055.0,12:26:08.307002
-127.0,-345.0,1661.0,12:26:08.316443
53.0,-986.0,1553.0,12:26:08.326831
-5.0,-807.0,940.0,12:26:08.336244
153.0,-251.0,166.0,12:26:08.346716
165.0,-748.0,1632.0,12:26:08.356028
301.0,-530.0,505.0,12:26:08.366382
285.0,-155.0,-298.0,12:26:08.375886
-219.0,-524.0,1293.0,12:26:08.385202
-25.0,-802.0,1559.0,12:26:08.395676
111.0,-435.0,121.0,12:26:08.405067
124.0,-631.0,762.0,12:26:08.415568
286.0,-245.0,844.0,12:26:08.424836
-30.0,-515.0,1782.0,12:26:08.435390
-5.0,-847.0,1966.0,12:26:08.444654
274.0,-630.0,-9.0,12:26:08.454263
114.0,-542.0,419.0,12:26:08.464687
140.0,-443.0,1524.0,12:26:08.474077
216.0,-418.0,599.0,12:26:08.484574
-312.0,-371.0,621.0,12:26:08.494009
63.0,-635.0,1093.0,12:26:08.503341
208.0,-466.0,432.0,12:26:08.514070
55.0,-412.0,985.0,12:26:08.523361
213.0,-414.0,982.0,12:26:08.534071
-81.0,-461.0,1271.0,12:26:08.543400
-38.0,-589.0,956.0,12:26:08.552824
-23.0,-426.0,798.0,12:26:08.563319
78.0,-408.0,812.0,12:26:08.572834
145.0,-263.0,391.0,12:26:08.583250
200.0,-731.0,1659.0,12:26:08.592523
39.0,-358.0,846.0,12:26:08.603029
5.0,-805.0,1200.0,12:26:08.612434
288.0,-853.0,829.0,12:26:08.621792
230.0,-365.0,602.0,12:26:08.632204
168.0,-471.0,1253.0,12:26:08.641520
-29.0,-477.0,797.0,12:26:08.652002
-87.0,-358.0,264.0,12:26:08.661414
-118.0,-621.0,1142.0,12:26:08.671813
38.0,-401.0,953.0,12:26:08.681223
251.0,-887.0,1634.0,12:26:08.690736
30.0,-583.0,1047.0,12:26:08.701282
78.0,-469.0,874.0,12:26:08.710679
-79.0,-320.0,654.0,12:26:08.721160
122.0,-185.0,279.0,12:26:08.730607
70.0,-435.0,1008.0,12:26:08.741029
-138.0,-330.0,1068.0,12:26:08.757652
-9.0,-642.0,1249.0,12:26:08.760214
47.0,-677.0,703.0,12:26:08.769581
298.0,-538.0,712.0,12:26:08.779968
163.0,-513.0,1323.0,12:26:08.789385
103.0,-474.0,920.0,12:26:08.799814
-31.0,-344.0,454.0,12:26:08.809147
-133.0,-197.0,946.0,12:26:08.819600
14.0,-639.0,1347.0,12:26:08.829029
63.0,-501.0,754.0,12:26:08.839479
22.0,-843.0,1444.0,12:26:08.848870
127.0,-979.0,1160.0,12:26:08.859364
43.0,-322.0,221.0,12:26:08.868742
129.0,-782.0,1558.0,12:26:08.878033
44.0,-378.0,110.0,12:26:08.888764
104.0,-197.0,-45.0,12:26:08.898053
-293.0,-498.0,1258.0,12:26:08.908585
-165.0,-713.0,1783.0,12:26:08.917901
2.0,-521.0,679.0,12:26:08.927432
-20.0,-397.0,745.0,12:26:08.937926
165.0,-766.0,1345.0,12:26:08.947312
51.0,-603.0,614.0,12:26:08.957758
7.0,-487.0,756.0,12:26:08.967098
-57.0,-411.0,813.0,12:26:08.977489
81.0,-372.0,804.0,12:26:08.986829
-12.0,-235.0,1036.0,12:26:08.996268
-113.0,-820.0,1692.0,12:26:09.006693
100.0,-868.0,725.0,12:26:09.015998
47.0,-112.0,84.0,12:26:09.026382
-191.0,-496.0,1736.0,12:26:09.035835
321.0,-382.0,775.0,12:26:09.046383
245.0,-509.0,335.0,12:26:09.055708
38.0,-910.0,1733.0,12:26:09.066175
-181.0,-215.0,984.0,12:26:09.075544
-42.0,-469.0,532.0,12:26:09.085975
42.0,-967.0,1588.0,12:26:09.095383
242.0,-526.0,539.0,12:26:09.104634
22.0,-630.0,733.0,12:26:09.115223
44.0,-574.0,1015.0,12:26:09.124422
104.0,-531.0,906.0,12:26:09.134985
188.0,-624.0,856.0,12:26:09.144309
-99.0,-376.0,364.0,12:26:09.157910
-132.0,-264.0,659.0,12:26:09.164312
79.0,-482.0,1151.0,12:26:09.174700
97.0,-689.0,1402.0,12:26:09.184206
148.0,-757.0,945.0,12:26:09.193405
132.0,-617.0,786.0,12:26:09.204098
71.0,-721.0,1015.0,12:26:09.213511
-129.0,-43.0,366.0,12:26:09.224029
-72.0,-288.0,992.0,12:26:09.233407
-123.0,-678.0,1392.0,12:26:09.242825
84.0,-520.0,323.0,12:26:09.253366
-17.0,-861.0,1934.0,12:26:09.272989
188.0,-483.0,625.0,12:26:09.282382
138.0,-301.0,278.0,12:26:09.292853
77.0,-412.0,1162.0,12:26:09.302128
11.0,-545.0,1230.0,12:26:09.312664
6.0,-254.0,489.0,12:26:09.321937
-152.0,-714.0,1448.0,12:26:09.331347
200.0,-419.0,679.0,12:26:09.341856
128.0,-578.0,711.0,12:26:09.351300
69.0,-390.0,1052.0,12:26:09.361770
-24.0,-336.0,618.0,12:26:09.371120
-53.0,-296.0,561.0,12:26:09.381536
12.0,-579.0,1589.0,12:26:09.390928
-48.0,-248.0,551.0,12:26:09.401386
200.0,-599.0,954.0,12:26:09.410837
5.0,-1016.0,1618.0,12:26:09.420142
192.0,-382.0,334.0,12:26:09.430694
73.0,-453.0,1217.0,12:26:09.440098
5.0,-105.0,210.0,12:26:09.459677
-9.0,-468.0,1226.0,12:26:09.470121
59.0,-679.0,999.0,12:26:09.479566
215.0,-228.0,739.0,12:26:09.489983
-44.0,-279.0,1427.0,12:26:09.499528
-35.0,-758.0,1288.0,12:26:09.508841
305.0,-597.0,513.0,12:26:09.519386
119.0,-421.0,691.0,12:26:09.528703
68.0,-128.0,748.0,12:26:09.539497
25.0,-234.0,1099.0,12:26:09.548733
-1.0,-759.0,1398.0,12:26:09.559188
27.0,-503.0,479.0,12:26:09.568547
169.0,-665.0,1083.0,12:26:09.577911
0.0,-701.0,1295.0,12:26:09.588274
65.0,-620.0,731.0,12:26:09.597665
20.0,-587.0,521.0,12:26:09.608140
239.0,-660.0,699.0,12:26:09.617580
-19.0,-422.0,607.0,12:26:09.627976
-85.0,-93.0,721.0,12:26:09.637375
-101.0,-510.0,1431.0,12:26:09.647835
-73.0,-479.0,1079.0,12:26:09.657272
158.0,-624.0,771.0,12:26:09.666500
119.0,-525.0,1130.0,12:26:09.676952
114.0,-357.0,890.0,12:26:09.686333
179.0,-695.0,1378.0,12:26:09.696756
119.0,-556.0,485.0,12:26:09.706101
-21.0,-685.0,1170.0,12:26:09.716487
48.0,-629.0,1041.0,12:26:09.725952
78.0,-615.0,751.0,12:26:09.736442
-43.0,-545.0,795.0,12:26:09.745768
123.0,-254.0,340.0,12:26:09.755243
-45.0,-195.0,904.0,12:26:09.765770
-115.0,-473.0,1203.0,12:26:09.775138
163.0,-505.0,659.0,12:26:09.785608
-40.0,-179.0,636.0,12:26:09.794887
145.0,-821.0,1784.0,12:26:09.805401
204.0,-597.0,778.0,12:26:09.814656
66.0,-396.0,131.0,12:26:09.825206
-19.0,-561.0,1219.0,12:26:09.834551
110.0,-438.0,962.0,12:26:09.844025
31.0,-681.0,1404.0,12:26:09.854439
77.0,-916.0,1360.0,12:26:09.863766
234.0,-826.0,1092.0,12:26:09.874219
73.0,-793.0,597.0,12:26:09.883502
196.0,-562.0,671.0,12:26:09.894014
239.0,-571.0,898.0,12:26:09.903334
101.0,-251.0,611.0,12:26:09.913923
8.0,-266.0,343.0,12:26:09.923183
41.0,-463.0,752.0,12:26:09.933655
46.0,-148.0,1027.0,12:26:09.942966
-106.0,-571.0,1546.0,12:26:09.958999
142.0,-273.0,807.0,12:26:09.962235
55.0,-478.0,955.0,12:26:09.972609
181.0,-599.0,999.0,12:26:09.981919
183.0,-449.0,916.0,12:26:09.992330
-91.0,-596.0,1336.0,12:26:10.001787
111.0,-496.0,502.0,12:26:10.012218
70.0,-527.0,506.0,12:26:10.021651
22.0,-564.0,1091.0,12:26:10.032107
27.0,-550.0,1046.0,12:26:10.041543
130.0,-446.0,487.0,12:26:10.051950
-53.0,-636.0,1126.0,12:26:10.061194
37.0,-676.0,1108.0,12:26:10.070713
47.0,-408.0,798.0,12:26:10.081247
15.0,-415.0,1028.0,12:26:10.090736
-117.0,-385.0,985.0,12:26:10.101124
146.0,-325.0,461.0,12:26:10.110596
97.0,-587.0,1376.0,12:26:10.121006
17.0,-592.0,1511.0,12:26:10.130326
73.0,-566.0,812.0,12:26:10.140704
89.0,-512.0,621.0,12:26:10.150154
-13.0,-647.0,1039.0,12:26:10.159570
116.0,-499.0,1105.0,12:26:10.170032
64.0,-386.0,729.0,12:26:10.179548
41.0,-421.0,425.0,12:26:10.188898
161.0,-675.0,916.0,12:26:10.199390
11.0,-314.0,728.0,12:26:10.208663
134.0,-564.0,931.0,12:26:10.219090
-75.0,-447.0,1367.0,12:26:10.228523
-78.0,-246.0,1115.0,12:26:10.238995
15.0,-378.0,1106.0,12:26:10.248298
41.0,-761.0,1174.0,12:26:10.258766
205.0,-543.0,588.0,12:26:10.268040
29.0,-360.0,817.0,12:26:10.278632
149.0,-341.0,793.0,12:26:10.287930
94.0,-684.0,1150.0,12:26:10.297316
126.0,-686.0,801.0,12:26:10.307707
-80.0,-573.0,762.0,12:26:10.317052
11.0,-195.0,796.0,12:26:10.327523
101.0,-472.0,943.0,12:26:10.336993
-34.0,-513.0,1094.0,12:26:10.347476
97.0,-463.0,703.0,12:26:10.359667
-16.0,-178.0,443.0,12:26:10.367074
-72.0,-500.0,1471.0,12:26:10.376368
8.0,-563.0,1442.0,12:26:10.386968
50.0,-644.0,662.0,12:26:10.396317
143.0,-607.0,743.0,12:26:10.406775
76.0,-470.0,938.0,12:26:10.416170
-91.0,-481.0,870.0,12:26:10.425513
85.0,-759.0,1233.0,12:26:10.435931
90.0,-334.0,299.0,12:26:10.445299
133.0,-455.0,644.0,12:26:10.455805
17.0,-781.0,1467.0,12:26:10.465169
87.0,-477.0,760.0,12:26:10.475665
52.0,-459.0,548.0,12:26:10.485022
71.0,-456.0,854.0,12:26:10.495583
137.0,-341.0,1034.0,12:26:10.504837
35.0,-600.0,1305.0,12:26:10.514163
17.0,-487.0,1014.0,12:26:10.524530
205.0,-486.0,803.0,12:26:10.533995
22.0,-608.0,1249.0,12:26:10.544431
95.0,-609.0,941.0,12:26:10.553754
-10.0,-497.0,715.0,12:26:10.564399
-156.0,-363.0,678.0,12:26:10.573777
144.0,-584.0,622.0,12:26:10.584276
147.0,-229.0,511.0,12:26:10.593583
-120.0,-605.0,1512.0,12:26:10.602960
-5.0,-410.0,867.0,12:26:10.613482
26.0,-591.0,954.0,12:26:10.622844
-15.0,-433.0,1214.0,12:26:10.633301
129.0,-511.0,744.0,12:26:10.642653
127.0,-743.0,749.0,12:26:10.653093
84.0,-348.0,427.0,12:26:10.662383
-17.0,-226.0,816.0,12:26:10.672877
59.0,-560.0,1261.0,12:26:10.682228
-47.0,-700.0,734.0,12:26:10.691609
120.0,-653.0,623.0,12:26:10.702069
137.0,-449.0,1199.0,12:26:10.711344
127.0,-704.0,1733.0,12:26:10.721928
42.0,-996.0,1139.0,12:26:10.731220
336.0,-661.0,-6.0,12:26:10.741760
-29.0,-326.0,779.0,12:26:10.751015
-63.0,-632.0,1297.0,12:26:10.761498
-39.0,-269.0,392.0,12:26:10.770833
-105.0,-561.0,1136.0,12:26:10.781300
-77.0,-386.0,920.0,12:26:10.790710
129.0,-667.0,1108.0,12:26:10.800037
-37.0,-14.0,827.0,12:26:10.810422
-104.0,-720.0,1467.0,12:26:10.819761
317.0,-559.0,637.0,12:26:10.830277
-54.0,-333.0,510.0,12:26:10.839630
-114.0,-332.0,804.0,12:26:10.850071
100.0,-386.0,928.0,12:26:10.859497
-173.0,-447.0,684.0,12:26:10.869918
27.0,-471.0,831.0,12:26:10.879363
1.0,-542.0,1019.0,12:26:10.889826
-9.0,-536.0,1238.0,12:26:10.899045
37.0,-689.0,1372.0,12:26:10.909598
121.0,-419.0,468.0,12:26:10.918922
40.0,-607.0,970.0,12:26:10.928204
17.0,-524.0,936.0,12:26:10.938565
157.0,-523.0,776.0,12:26:10.948055
77.0,-472.0,579.0,12:26:10.958577
17.0,-387.0,637.0,12:26:10.967915
83.0,-219.0,748.0,12:26:10.978545
-242.0,-501.0,1636.0,12:26:10.987942
101.0,-761.0,1658.0,12:26:10.997284
-44.0,-627.0,793.0,12:26:11.007720
101.0,-728.0,488.0,12:26:11.017039
284.0,-424.0,605.0,12:26:11.027582
-63.0,-485.0,1641.0,12:26:11.036879
-84.0,-456.0,912.0,12:26:11.047460
7.0,-700.0,784.0,12:26:11.056841
113.0,-606.0,417.0,12:26:11.066347
-42.0,-692.0,1207.0,12:26:11.076767
74.0,-484.0,1383.0,12:26:11.086204
60.0,-358.0,730.0,12:26:11.096650
-107.0,-297.0,1166.0,12:26:11.106030
186.0,-546.0,930.0,12:26:11.116528
102.0,-499.0,706.0,12:26:11.125790
117.0,-568.0,1526.0,12:26:11.135207
139.0,-576.0,945.0,12:26:11.145592
133.0,-542.0,1075.0,12:26:11.160779
202.0,-715.0,1069.0,12:26:11.165811
153.0,-474.0,565.0,12:26:11.175116
75.0,-289.0,615.0,12:26:11.184467
117.0,-461.0,1008.0,12:26:11.194962
-46.0,-491.0,1064.0,12:26:11.204299
97.0,-587.0,634.0,12:26:11.214755
132.0,-383.0,426.0,12:26:11.224210
-40.0,-575.0,1255.0,12:26:11.234606
46.0,-647.0,1223.0,12:26:11.244040
98.0,-682.0,688.0,12:26:11.254446
43.0,-476.0,578.0,12:26:11.263803
122.0,-508.0,1100.0,12:26:11.274213
164.0,-643.0,1006.0,12:26:11.283622
48.0,-308.0,155.0,12:26:11.292906
44.0,-512.0,1041.0,12:26:11.303486
-92.0,-558.0,1600.0,12:26:11.312809
68.0,-779.0,1082.0,12:26:11.323239
222.0,-675.0,544.0,12:26:11.332555
47.0,-622.0,702.0,12:26:11.343059
79.0,-653.0,1428.0,12:26:11.352375
-50.0,-436.0,814.0,12:26:11.362906
-245.0,-127.0,520.0,12:26:11.372257
-109.0,-601.0,1431.0,12:26:11.381773
187.0,-605.0,922.0,12:26:11.392282
-44.0,-194.0,276.0,12:26:11.401656
60.0,-528.0,1228.0,12:26:11.412119
102.0,-490.0,1316.0,12:26:11.421444
-94.0,-445.0,1025.0,12:26:11.431909
47.0,-807.0,1012.0,12:26:11.441183
61.0,-478.0,780.0,12:26:11.450617
63.0,-378.0,829.0,12:26:11.461046
86.0,-193.0,565.0,12:26:11.470361
-171.0,-412.0,871.0,12:26:11.480753
17.0,-384.0,690.0,12:26:11.500436
-73.0,-423.0,1056.0,12:26:11.509803
53.0,-543.0,1249.0,12:26:11.520336
9.0,-683.0,1274.0,12:26:11.529815
107.0,-470.0,376.0,12:26:11.540224
-65.0,-645.0,882.0,12:26:11.549614
110.0,-741.0,1211.0,12:26:11.563282
139.0,-454.0,759.0,12:26:11.569994
-123.0,-725.0,1038.0,12:26:11.579421
93.0,-572.0,613.0,12:26:11.588754
26.0,-465.0,961.0,12:26:11.599386
-158.0,-439.0,1065.0,12:26:11.608657
298.0,-648.0,881.0,12:26:11.619205
-60.0,-568.0,732.0,12:26:11.628524
18.0,-394.0,855.0,12:26:11.637846
109.0,-319.0,747.0,12:26:11.648309
-103.0,-450.0,1169.0,12:26:11.657715
-86.0,-522.0,955.0,12:26:11.668112
-11.0,-353.0,606.0,12:26:11.677486
-2.0,-611.0,963.0,12:26:11.687977
117.0,-353.0,990.0,12:26:11.697433
-33.0,-422.0,1070.0,12:26:11.707835
-12.0,-653.0,1028.0,12:26:11.717091
106.0,-613.0,630.0,12:26:11.727615
-106.0,-291.0,607.0,12:26:11.736942
12.0,-570.0,1302.0,12:26:11.746346
-140.0,-650.0,1128.0,12:26:11.756803
-72.0,-515.0,504.0,12:26:11.766334
-23.0,-575.0,971.0,12:26:11.776746
-156.0,-426.0,1222.0,12:26:11.786153
-34.0,-626.0,1183.0,12:26:11.796636
25.0,-574.0,1024.0,12:26:11.806025
-111.0,-597.0,995.0,12:26:11.815341
104.0,-664.0,1131.0,12:26:11.825825
-83.0,-852.0,1159.0,12:26:11.835119
185.0,-640.0,686.0,12:26:11.845689
80.0,-506.0,604.0,12:26:11.855103
-77.0,-603.0,904.0,12:26:11.865588
65.0,-525.0,715.0,12:26:11.874954
108.0,-502.0,520.0,12:26:11.884382
-173.0,-438.0,887.0,12:26:11.894800
-96.0,-489.0,728.0,12:26:11.904199
32.0,-420.0,688.0,12:26:11.914729
-101.0,-519.0,1132.0,12:26:11.924129
63.0,-358.0,783.0,12:26:11.934539
-56.0,-483.0,767.0,12:26:11.943848
11.0,-596.0,1193.0,12:26:11.954266
77.0,-477.0,1029.0,12:26:11.963699
5.0,-490.0,840.0,12:26:11.974118
21.0,-752.0,946.0,12:26:11.983429
92.0,-607.0,884.0,12:26:11.992896
-181.0,-410.0,802.0,12:26:12.003377
88.0,-572.0,663.0,12:26:12.012660
62.0,-671.0,909.0,12:26:12.023067
-10.0,-563.0,940.0,12:26:12.032445
-48.0,-504.0,842.0,12:26:12.042974
97.0,-742.0,723.0,12:26:12.052283
124.0,-640.0,1108.0,12:26:12.062777
-3.0,-531.0,1246.0,12:26:12.072179
114.0,-635.0,828.0,12:26:12.081475
120.0,-593.0,900.0,12:26:12.091913
86.0,-619.0,711.0,12:26:12.101190
94.0,-359.0,709.0,12:26:12.111865
-124.0,-367.0,567.0,12:26:12.121121
19.0,-337.0,636.0,12:26:12.131576
-110.0,-295.0,951.0,12:26:12.140918
-102.0,-330.0,892.0,12:26:12.151476
-12.0,-451.0,1033.0,12:26:12.160701
-2.0,-521.0,1043.0,12:26:12.171176
74.0,-511.0,1236.0,12:26:12.180541
45.0,-405.0,1270.0,12:26:12.189890
13.0,-612.0,1067.0,12:26:12.200595
98.0,-507.0,994.0,12:26:12.209906
41.0,-571.0,1155.0,12:26:12.220433
120.0,-630.0,820.0,12:26:12.229866
33.0,-429.0,593.0,12:26:12.239165
9.0,-543.0,947.0,12:26:12.249759
20.0,-557.0,890.0,12:26:12.259092
44.0,-303.0,742.0,12:26:12.269649
-20.0,-640.0,1166.0,12:26:12.278991
104.0,-554.0,779.0,12:26:12.289512
82.0,-408.0,619.0,12:26:12.298883
140.0,-412.0,704.0,12:26:12.308218
33.0,-498.0,851.0,12:26:12.318663
67.0,-511.0,730.0,12:26:12.327962
-8.0,-442.0,678.0,12:26:12.338512
-132.0,-502.0,988.0,12:26:12.347824
55.0,-518.0,997.0,12:26:12.364892
49.0,-630.0,1041.0,12:26:12.368741
83.0,-563.0,839.0,12:26:12.378104
46.0,-687.0,1050.0,12:26:12.387477
24.0,-544.0,1032.0,12:26:12.396879
109.0,-542.0,904.0,12:26:12.407335
34.0,-445.0,745.0,12:26:12.416621
15.0,-513.0,1061.0,12:26:12.427122
-8.0,-364.0,884.0,12:26:12.436403
-37.0,-371.0,968.0,12:26:12.446886
0.0,-336.0,1077.0,12:26:12.456221
131.0,-334.0,610.0,12:26:12.475833
-10.0,-465.0,1019.0,12:26:12.486435
25.0,-661.0,1171.0,12:26:12.495823
-22.0,-532.0,841.0,12:26:12.506347
35.0,-574.0,713.0,12:26:12.515709
-72.0,-580.0,1056.0,12:26:12.525092
118.0,-638.0,942.0,12:26:12.535528
1.0,-508.0,805.0,12:26:12.544927
102.0,-629.0,1037.0,12:26:12.555344
148.0,-607.0,823.0,12:26:12.564676
113.0,-548.0,848.0,12:26:12.575139
51.0,-419.0,971.0,12:26:12.584497
102.0,-643.0,1072.0,12:26:12.595036
112.0,-562.0,847.0,12:26:12.604333
21.0,-606.0,746.0,12:26:12.614807
44.0,-502.0,734.0,12:26:12.624257
17.0,-409.0,726.0,12:26:12.633600
-132.0,-258.0,713.0,12:26:12.644066
74.0,-311.0,776.0,12:26:12.653400
-165.0,-274.0,957.0,12:26:12.664051
-49.0,-535.0,1052.0,12:26:12.673312
157.0,-630.0,872.0,12:26:12.683792
38.0,-540.0,1117.0,12:26:12.693613
46.0,-657.0,976.0,12:26:12.702535
121.0,-636.0,849.0,12:26:12.713044
102.0,-575.0,875.0,12:26:12.722289
124.0,-503.0,739.0,12:26:12.732800
130.0,-564.0,922.0,12:26:12.742145
21.0,-395.0,655.0,12:26:12.752634
51.0,-355.0,795.0,12:26:12.766552
71.0,-493.0,1102.0,12:26:12.771482
24.0,-350.0,927.0,12:26:12.781964
124.0,-558.0,1141.0,12:26:12.791251
125.0,-614.0,1209.0,12:26:12.801832
128.0,-564.0,1037.0,12:26:12.811167
200.0,-555.0,854.0,12:26:12.821659
0.0,-556.0,893.0,12:26:12.841351
130.0,-441.0,739.0,12:26:12.850823
122.0,-582.0,1090.0,12:26:12.860260
24.0,-429.0,880.0,12:26:12.870736
255.0,-513.0,966.0,12:26:12.880146
78.0,-558.0,1088.0,12:26:12.890630
105.0,-519.0,960.0,12:26:12.899947
116.0,-473.0,1011.0,12:26:12.910422
80.0,-518.0,1119.0,12:26:12.919822
82.0,-479.0,720.0,12:26:12.930170
-73.0,-526.0,919.0,12:26:12.939635
69.0,-446.0,939.0,12:26:12.948886
52.0,-397.0,691.0,12:26:12.959440
10.0,-384.0,857.0,12:26:12.968774
56.0,-424.0,838.0,12:26:12.979208
85.0,-513.0,915.0,12:26:12.988516
106.0,-575.0,858.0,12:26:12.999031
14.0,-530.0,638.0,12:26:13.008483
161.0,-595.0,967.0,12:26:13.018946
116.0,-629.0,916.0,12:26:13.028285
-134.0,-555.0,796.0,12:26:13.037663
63.0,-534.0,732.0,12:26:13.048066
35.0,-536.0,827.0,12:26:13.057499
22.0,-508.0,924.0,12:26:13.067944
-69.0,-489.0,996.0,12:26:13.077410
-60.0,-606.0,1035.0,12:26:13.087910
0.0,-676.0,1193.0,12:26:13.097421
102.0,-557.0,992.0,12:26:13.106685
9.0,-502.0,845.0,12:26:13.117259
100.0,-520.0,885.0,12:26:13.126546
72.0,-380.0,778.0,12:26:13.137013
-182.0,-292.0,777.0,12:26:13.146374
2.0,-285.0,703.0,12:26:13.156941
-161.0,-328.0,1012.0,12:26:13.166305
-82.0,-484.0,1229.0,12:26:13.175642
34.0,-537.0,1137.0,12:26:13.186044
-137.0,-605.0,1214.0,12:26:13.195425
142.0,-491.0,923.0,12:26:13.205838
36.0,-701.0,1397.0,12:26:13.215209
-96.0,-584.0,859.0,12:26:13.225665
118.0,-503.0,578.0,12:26:13.235109
43.0,-573.0,976.0,12:26:13.245483
31.0,-393.0,776.0,12:26:13.254802
-37.0,-485.0,930.0,12:26:13.265249
63.0,-548.0,1022.0,12:26:13.274654
-11.0,-595.0,878.0,12:26:13.285181
104.0,-518.0,662.0,12:26:13.294505
109.0,-415.0,827.0,12:26:13.303742
-13.0,-283.0,708.0,12:26:13.314268
109.0,-585.0,995.0,12:26:13.323653
86.0,-494.0,875.0,12:26:13.334118
7.0,-578.0,786.0,12:26:13.343381
129.0,-621.0,883.0,12:26:13.354013
111.0,-638.0,1111.0,12:26:13.363270
-9.0,-520.0,920.0,12:26:13.373759
156.0,-653.0,846.0,12:26:13.383141
142.0,-531.0,808.0,12:26:13.392490
21.0,-549.0,977.0,12:26:13.402949
-57.0,-485.0,919.0,12:26:13.412383
67.0,-637.0,904.0,12:26:13.422900
3.0,-534.0,930.0,12:26:13.432362
12.0,-566.0,1038.0,12:26:13.441792
-11.0,-492.0,878.0,12:26:13.452328
125.0,-584.0,1113.0,12:26:13.461779
55.0,-597.0,1235.0,12:26:13.472301
34.0,-615.0,1019.0,12:26:13.481579
104.0,-705.0,1185.0,12:26:13.491112
161.0,-787.0,953.0,12:26:13.501831
130.0,-628.0,709.0,12:26:13.511281
135.0,-601.0,647.0,12:26:13.520640
207.0,-424.0,425.0,12:26:13.531202
-1.0,-451.0,748.0,12:26:13.540709
-16.0,-529.0,690.0,12:26:13.551216
15.0,-382.0,661.0,12:26:13.568391
-102.0,-400.0,961.0,12:26:13.572135
-219.0,-290.0,1173.0,12:26:13.580542
-53.0,-436.0,910.0,12:26:13.589876
-74.0,-475.0,905.0,12:26:13.600407
-2.0,-547.0,933.0,12:26:13.609822
-78.0,-323.0,915.0,12:26:13.619177
-81.0,-716.0,1294.0,12:26:13.629746
15.0,-543.0,875.0,12:26:13.639188
-182.0,-766.0,869.0,12:26:13.649665
-5.0,-682.0,825.0,12:26:13.659031
29.0,-406.0,541.0,12:26:13.669575
-14.0,-500.0,666.0,12:26:13.678959
3.0,-205.0,365.0,12:26:13.688358
-8.0,-55.0,377.0,12:26:13.698745
-187.0,-350.0,1188.0,12:26:13.708091
75.0,-386.0,1017.0,12:26:13.718624
-98.0,-704.0,1973.0,12:26:13.727958
115.0,-990.0,2011.0,12:26:13.738577
297.0,-942.0,1174.0,12:26:13.747909
17.0,-567.0,339.0,12:26:13.757204
204.0,-457.0,916.0,12:26:13.767638
122.0,-321.0,659.0,12:26:13.776922
-120.0,-68.0,452.0,12:26:13.787433
62.0,-454.0,1075.0,12:26:13.796745
-47.0,-351.0,833.0,12:26:13.807250
-66.0,-354.0,887.0,12:26:13.816541
136.0,-282.0,1262.0,12:26:13.827029
163.0,-459.0,1187.0,12:26:13.836400
248.0,-362.0,870.0,12:26:13.846890
3.0,-339.0,885.0,12:26:13.856239
47.0,-567.0,1091.0,12:26:13.865680
181.0,-452.0,812.0,12:26:13.876185
74.0,-683.0,1023.0,12:26:13.885499
-61.0,-850.0,1096.0,12:26:13.895937
169.0,-785.0,1040.0,12:26:13.905379
0.0,-966.0,1193.0,12:26:13.915769
103.0,-742.0,564.0,12:26:13.925214
58.0,-552.0,489.0,12:26:13.935606
-36.0,-514.0,820.0,12:26:13.944985
-42.0,-423.0,610.0,12:26:13.954293
-156.0,-215.0,454.0,12:26:13.969211
-28.0,-372.0,882.0,12:26:13.974808
132.0,-402.0,889.0,12:26:13.984113
90.0,-557.0,1451.0,12:26:13.994632
61.0,-489.0,1191.0,12:26:14.004083
130.0,-577.0,1263.0,12:26:14.014522
-1.0,-657.0,798.0,12:26:14.023944
351.0,-573.0,473.0,12:26:14.033245
-84.0,-422.0,613.0,12:26:14.043689
132.0,-369.0,406.0,12:26:14.053031
8.0,-606.0,804.0,12:26:14.063488
41.0,-719.0,963.0,12:26:14.072878
181.0,-473.0,745.0,12:26:14.083342
9.0,-344.0,1324.0,12:26:14.092637
51.0,-328.0,1488.0,12:26:14.103024
62.0,-430.0,952.0,12:26:14.112405
32.0,-454.0,879.0,12:26:14.122983
156.0,-613.0,1083.0,12:26:14.132301
162.0,-682.0,1199.0,12:26:14.141695
-4.0,-425.0,756.0,12:26:14.152125
-13.0,-701.0,1156.0,12:26:14.161474
57.0,-573.0,678.0,12:26:14.171926
142.0,-542.0,735.0,12:26:14.181222
-119.0,-527.0,1019.0,12:26:14.191794
-29.0,-514.0,955.0,12:26:14.201160
62.0,-533.0,628.0,12:26:14.211557
99.0,-580.0,1053.0,12:26:14.220893
104.0,-594.0,1183.0,12:26:14.231396
-102.0,-593.0,806.0,12:26:14.240720
1.0,-804.0,1059.0,12:26:14.250047
100.0,-512.0,667.0,12:26:14.260753
-21.0,-355.0,765.0,12:26:14.270003
-79.0,-252.0,783.0,12:26:14.280702
-39.0,-376.0,894.0,12:26:14.290123
86.0,-681.0,995.0,12:26:14.299563
12.0,-171.0,410.0,12:26:14.309959
-29.0,-790.0,1709.0,12:26:14.319485
175.0,-650.0,1069.0,12:26:14.329875
104.0,-389.0,231.0,12:26:14.339183
140.0,-739.0,1080.0,12:26:14.349745
-75.0,-331.0,751.0,12:26:14.359147
37.0,-300.0,867.0,12:26:14.368558
-129.0,-377.0,860.0,12:26:14.379034
66.0,-496.0,815.0,12:26:14.388445
-50.0,-617.0,1125.0,12:26:14.399004
56.0,-511.0,385.0,12:26:14.408270
7.0,-445.0,442.0,12:26:14.417714
-259.0,-567.0,1290.0,12:26:14.428177
29.0,-698.0,1726.0,12:26:14.437598
-81.0,-952.0,981.0,12:26:14.448028
-165.0,-538.0,460.0,12:26:14.457440
39.0,-424.0,344.0,12:26:14.467860
-37.0,-598.0,1788.0,12:26:14.477213
117.0,-596.0,849.0,12:26:14.487636
28.0,-389.0,723.0,12:26:14.496940
8.0,-751.0,1184.0,12:26:14.507448
24.0,-551.0,1254.0,12:26:14.516756
62.0,-409.0,669.0,12:26:14.526103
-3.0,-404.0,666.0,12:26:14.536595
-11.0,-392.0,902.0,12:26:14.545888
47.0,-61.0,262.0,12:26:14.556410
-103.0,-161.0,819.0,12:26:14.565730
-132.0,-704.0,2047.0,12:26:14.576230
161.0,-791.0,1192.0,12:26:14.585541
40.0,-402.0,481.0,12:26:14.596043
-73.0,-370.0,998.0,12:26:14.605389
73.0,-593.0,1419.0,12:26:14.615851
152.0,-445.0,884.0,12:26:14.625238
-22.0,-387.0,385.0,12:26:14.634564
275.0,-470.0,618.0,12:26:14.645306
-24.0,-430.0,1017.0,12:26:14.654605
61.0,-254.0,1068.0,12:26:14.664048
170.0,-524.0,816.0,12:26:14.674586
250.0,-465.0,915.0,12:26:14.684111
170.0,-570.0,978.0,12:26:14.694573
293.0,-462.0,839.0,12:26:14.703990
77.0,-443.0,951.0,12:26:14.714379
179.0,-567.0,934.0,12:26:14.723789
88.0,-726.0,1058.0,12:26:14.733070
90.0,-500.0,644.0,12:26:14.743513
-18.0,-437.0,571.0,12:26:14.752865
-131.0,-708.0,1491.0,12:26:14.769610
192.0,-869.0,921.0,12:26:14.773499
151.0,-599.0,186.0,12:26:14.782816
112.0,-585.0,1358.0,12:26:14.792166
77.0,-398.0,1034.0,12:26:14.802566
94.0,-491.0,847.0,12:26:14.811936
76.0,-509.0,879.0,12:26:14.822342
140.0,-460.0,374.0,12:26:14.831806
89.0,-477.0,1063.0,12:26:14.842201
-46.0,-210.0,1379.0,12:26:14.851555
-139.0,-628.0,1574.0,12:26:14.862035
78.0,-426.0,356.0,12:26:14.871460
92.0,-552.0,971.0,12:26:14.881843
-69.0,-590.0,1355.0,12:26:14.891194
211.0,-401.0,720.0,12:26:14.901697
30.0,-674.0,504.0,12:26:14.910974
-1.0,-619.0,839.0,12:26:14.920279
120.0,-545.0,1120.0,12:26:14.930857
-23.0,-380.0,709.0,12:26:14.940197
-109.0,-302.0,697.0,12:26:14.950694
-233.0,-805.0,1394.0,12:26:14.959987
182.0,-581.0,539.0,12:26:14.970548
1.0,-445.0,891.0,12:26:14.979961
23.0,-683.0,1301.0,12:26:14.990376
82.0,-503.0,734.0,12:26:14.999681
36.0,-506.0,498.0,12:26:15.010106
-160.0,-606.0,884.0,12:26:15.019494
127.0,-633.0,879.0,12:26:15.028940
90.0,-379.0,808.0,12:26:15.039478
-38.0,-611.0,1222.0,12:26:15.048812
98.0,-771.0,876.0,12:26:15.059509
90.0,-564.0,791.0,12:26:15.068740
-113.0,-489.0,882.0,12:26:15.078058
