181.0,-580.0,938.0,14:05:55.190205
-110.0,-300.0,733.0,14:05:55.199165
-62.0,-355.0,1010.0,14:05:55.206308
8.0,-599.0,1222.0,14:05:55.215588
95.0,-594.0,972.0,14:05:55.224985
109.0,-383.0,638.0,14:05:55.235437
114.0,-416.0,946.0,14:05:55.244853
-43.0,-668.0,1243.0,14:05:55.255371
247.0,-639.0,916.0,14:05:55.264880
-30.0,-438.0,730.0,14:05:55.275319
72.0,-543.0,921.0,14:05:55.284735
-6.0,-484.0,872.0,14:05:55.304008
-8.0,-285.0,715.0,14:05:55.314580
-42.0,-403.0,1029.0,14:05:55.323880
-54.0,-418.0,896.0,14:05:55.334355
43.0,-370.0,908.0,14:05:55.343680
42.0,-503.0,887.0,14:05:55.354205
108.0,-485.0,1155.0,14:05:55.363698
125.0,-547.0,709.0,14:05:55.383264
124.0,-459.0,749.0,14:05:55.392653
24.0,-617.0,1182.0,14:05:55.403201
4.0,-702.0,957.0,14:05:55.412481
48.0,-485.0,582.0,14:05:55.423025
-8.0,-623.0,1012.0,14:05:55.432367
18.0,-667.0,1074.0,14:05:55.442995
106.0,-571.0,810.0,14:05:55.452439
260.0,-349.0,647.0,14:05:55.461831
-4.0,-529.0,1343.0,14:05:55.472516
24.0,-478.0,1036.0,14:05:55.481828
201.0,-588.0,728.0,14:05:55.491378
55.0,-614.0,1021.0,14:05:55.501830
141.0,-569.0,1033.0,14:05:55.511304
20.0,-382.0,645.0,14:05:55.521788
-15.0,-417.0,984.0,14:05:55.531327
-109.0,-462.0,867.0,14:05:55.540586
-3.0,-340.0,780.0,14:05:55.551213
69.0,-417.0,1011.0,14:05:55.560577
-161.0,-549.0,1149.0,14:05:55.570191
51.0,-484.0,948.0,14:05:55.580599
-69.0,-507.0,1008.0,14:05:55.590001
156.0,-680.0,994.0,14:05:55.600530
-14.0,-631.0,1217.0,14:05:55.610041
75.0,-606.0,857.0,14:05:55.619357
-66.0,-457.0,851.0,14:05:55.629770
-102.0,-670.0,977.0,14:05:55.649417
-65.0,-542.0,748.0,14:05:55.658811
-70.0,-525.0,815.0,14:05:55.669291
-41.0,-348.0,892.0,14:05:55.678692
-45.0,-421.0,1082.0,14:05:55.689132
-71.0,-467.0,650.0,14:05:55.698632
176.0,-426.0,726.0,14:05:55.709109
-116.0,-403.0,1071.0,14:05:55.718503
-13.0,-498.0,773.0,14:05:55.727915
76.0,-547.0,905.0,14:05:55.738332
-40.0,-488.0,967.0,14:05:55.747767
-36.0,-321.0,688.0,14:05:55.767363
-24.0,-348.0,1040.0,14:05:55.777884
-76.0,-312.0,845.0,14:05:55.787312
1.0,-380.0,926.0,14:05:55.797905
153.0,-409.0,806.0,14:05:55.807235
-75.0,-475.0,911.0,14:05:55.816511
94.0,-343.0,1062.0,14:05:55.827205
154.0,-486.0,1168.0,14:05:55.836522
79.0,-439.0,1181.0,14:05:55.847082
47.0,-515.0,1106.0,14:05:55.856507
140.0,-648.0,1076.0,14:05:55.865881
122.0,-535.0,809.0,14:05:55.876441
68.0,-655.0,1114.0,14:05:55.885794
-18.0,-688.0,986.0,14:05:55.896388
109.0,-644.0,767.0,14:05:55.905763
89.0,-553.0,682.0,14:05:55.915232
-149.0,-547.0,1148.0,14:05:55.925807
101.0,-595.0,1000.0,14:05:55.935166
-175.0,-297.0,539.0,14:05:55.944649
-10.0,-322.0,923.0,14:05:55.955135
-168.0,-551.0,1285.0,14:05:55.964565
135.0,-409.0,654.0,14:05:55.975075
93.0,-181.0,673.0,14:05:55.984502
-178.0,-262.0,1156.0,14:05:55.994925
52.0,-610.0,1074.0,14:05:56.004389
16.0,-383.0,913.0,14:05:56.013738
50.0,-533.0,1041.0,14:05:56.024301
73.0,-483.0,904.0,14:05:56.033615
113.0,-554.0,957.0,14:05:56.044251
-9.0,-477.0,994.0,14:05:56.053649
195.0,-518.0,1008.0,14:05:56.063071
103.0,-543.0,835.0,14:05:56.076767
191.0,-540.0,884.0,14:05:56.082790
-76.0,-437.0,866.0,14:05:56.100022
25.0,-609.0,986.0,14:05:56.106935
238.0,-531.0,693.0,14:05:56.115203
103.0,-170.0,450.0,14:05:56.123050
-24.0,-239.0,705.0,14:05:56.132528
72.0,-425.0,1026.0,14:05:56.141903
35.0,-554.0,777.0,14:05:56.152440
295.0,-324.0,419.0,14:05:56.161808
7.0,-336.0,863.0,14:05:56.172334
83.0,-349.0,1311.0,14:05:56.181790
-19.0,-525.0,846.0,14:05:56.191071
59.0,-575.0,746.0,14:05:56.201605
107.0,-237.0,778.0,14:05:56.210900
-37.0,-310.0,821.0,14:05:56.221469
140.0,-679.0,1632.0,14:05:56.230718
-242.0,-696.0,1856.0,14:05:56.241413
-30.0,-483.0,742.0,14:05:56.250674
161.0,-651.0,1244.0,14:05:56.260170
-15.0,-1150.0,1724.0,14:05:56.270662
158.0,-996.0,900.0,14:05:56.280268
-24.0,-544.0,671.0,14:05:56.290714
-4.0,-554.0,1280.0,14:05:56.300113
20.0,-671.0,796.0,14:05:56.309534
47.0,-552.0,125.0,14:05:56.320053
-45.0,-313.0,551.0,14:05:56.329461
38.0,-292.0,1323.0,14:05:56.339960
-98.0,-404.0,1148.0,14:05:56.349367
177.0,-414.0,348.0,14:05:56.358720
105.0,-597.0,903.0,14:05:56.369256
63.0,-480.0,933.0,14:05:56.378615
25.0,-240.0,814.0,14:05:56.390269
-60.0,-232.0,830.0,14:05:56.399176
42.0,-391.0,995.0,14:05:56.408706
72.0,-513.0,951.0,14:05:56.418016
-55.0,-376.0,738.0,14:05:56.428576
-92.0,-132.0,763.0,14:05:56.437969
-181.0,-354.0,1107.0,14:05:56.447380
3.0,-812.0,1271.0,14:05:56.457957
19.0,-516.0,737.0,14:05:56.467323
-41.0,-470.0,536.0,14:05:56.477836
-63.0,-571.0,1334.0,14:05:56.487247
53.0,-930.0,1064.0,14:05:56.498215
17.0,-654.0,677.0,14:05:56.506624
30.0,-498.0,849.0,14:05:56.517083
77.0,-616.0,981.0,14:05:56.526487
116.0,-714.0,904.0,14:05:56.536980
30.0,-477.0,523.0,14:05:56.546408
165.0,-614.0,810.0,14:05:56.555839
53.0,-591.0,976.0,14:05:56.566378
54.0,-615.0,1145.0,14:05:56.575785
83.0,-560.0,681.0,14:05:56.586296
102.0,-709.0,467.0,14:05:56.595588
-6.0,-537.0,721.0,14:05:56.606038
-113.0,-107.0,1519.0,14:05:56.615340
-178.0,130.0,1503.0,14:05:56.624856
-26.0,8.0,1073.0,14:05:56.635401
-118.0,-74.0,481.0,14:05:56.644783
24.0,-387.0,747.0,14:05:56.655274
26.0,-644.0,1617.0,14:05:56.664730
-228.0,-691.0,1329.0,14:05:56.674098
-24.0,-572.0,743.0,14:05:56.684601
29.0,-733.0,730.0,14:05:56.694009
182.0,-749.0,994.0,14:05:56.704613
135.0,-576.0,983.0,14:05:56.713931
55.0,-512.0,818.0,14:05:56.723381
-109.0,-589.0,799.0,14:05:56.733902
7.0,-566.0,827.0,14:05:56.743168
56.0,-595.0,686.0,14:05:56.753681
44.0,-660.0,741.0,14:05:56.762925
123.0,-396.0,673.0,14:05:56.773658
-31.0,-301.0,852.0,14:05:56.782972
70.0,-294.0,1025.0,14:05:56.792469
59.0,-309.0,897.0,14:05:56.802969
-52.0,-348.0,573.0,14:05:56.812429
112.0,-485.0,957.0,14:05:56.822991
-63.0,-638.0,1296.0,14:05:56.832363
-123.0,-485.0,1019.0,14:05:56.841807
-44.0,-505.0,804.0,14:05:56.852428
-75.0,-453.0,1043.0,14:05:56.861798
225.0,-449.0,1268.0,14:05:56.871291
79.0,-344.0,907.0,14:05:56.881836
44.0,-401.0,740.0,14:05:56.891273
-42.0,-394.0,1135.0,14:05:56.901800
72.0,-661.0,1321.0,14:05:56.911194
51.0,-601.0,876.0,14:05:56.920598
50.0,-686.0,806.0,14:05:56.930980
188.0,-572.0,1125.0,14:05:56.940354
44.0,-495.0,965.0,14:05:56.950961
71.0,-413.0,1023.0,14:05:56.960354
93.0,-373.0,717.0,14:05:56.970791
22.0,-429.0,798.0,14:05:56.980228
24.0,-485.0,739.0,14:05:56.989584
-13.0,-542.0,915.0,14:05:57.000213
-120.0,-386.0,1033.0,14:05:57.009591
-55.0,-279.0,840.0,14:05:57.020100
-25.0,-437.0,822.0,14:05:57.029476
54.0,-611.0,1009.0,14:05:57.039001
199.0,-517.0,875.0,14:05:57.049493
-25.0,-414.0,730.0,14:05:57.058783
-59.0,-609.0,1139.0,14:05:57.069347
17.0,-499.0,1037.0,14:05:57.078664
61.0,-383.0,719.0,14:05:57.089120
84.0,-516.0,948.0,14:05:57.098386
122.0,-401.0,999.0,14:05:57.107932
-150.0,-457.0,1262.0,14:05:57.118396
214.0,-464.0,691.0,14:05:57.127817
-100.0,-535.0,887.0,14:05:57.138311
84.0,-439.0,1067.0,14:05:57.147908
233.0,-549.0,689.0,14:05:57.167361
102.0,-320.0,841.0,14:05:57.177943
27.0,-490.0,1217.0,14:05:57.187254
111.0,-547.0,940.0,14:05:57.196671
27.0,-414.0,583.0,14:05:57.207213
68.0,-640.0,1213.0,14:05:57.226957
61.0,-320.0,820.0,14:05:57.236329
-121.0,-324.0,727.0,14:05:57.246729
114.0,-459.0,734.0,14:05:57.256163
-54.0,-551.0,814.0,14:05:57.266538
77.0,-563.0,1035.0,14:05:57.276125
-100.0,-364.0,912.0,14:05:57.285516
-59.0,-405.0,770.0,14:05:57.299166
-60.0,-507.0,874.0,14:05:57.305134
-178.0,-445.0,930.0,14:05:57.315637
29.0,-471.0,605.0,14:05:57.324947
-100.0,-313.0,737.0,14:05:57.335482
-33.0,-340.0,784.0,14:05:57.344900
123.0,-652.0,1044.0,14:05:57.354248
50.0,-660.0,1459.0,14:05:57.364705
114.0,-339.0,989.0,14:05:57.374175
-1.0,-552.0,1533.0,14:05:57.384682
41.0,-975.0,1876.0,14:05:57.394131
391.0,-881.0,906.0,14:05:57.403576
112.0,-429.0,631.0,14:05:57.414096
-2.0,-393.0,972.0,14:05:57.423458
-28.0,-659.0,847.0,14:05:57.434047
69.0,-673.0,586.0,14:05:57.443418
12.0,-485.0,816.0,14:05:57.453908
-41.0,-431.0,1281.0,14:05:57.463269
91.0,-368.0,944.0,14:05:57.472583
110.0,-553.0,755.0,14:05:57.483075
49.0,-556.0,916.0,14:05:57.492501
163.0,-471.0,788.0,14:05:57.502927
37.0,-330.0,804.0,14:05:57.512402
-42.0,-363.0,1022.0,14:05:57.522938
-7.0,-486.0,706.0,14:05:57.532442
72.0,-514.0,848.0,14:05:57.541871
-16.0,-357.0,812.0,14:05:57.552388
-147.0,-232.0,920.0,14:05:57.561896
-11.0,-323.0,1030.0,14:05:57.571260
-79.0,-554.0,954.0,14:05:57.581787
109.0,-375.0,631.0,14:05:57.591109
-40.0,-433.0,1007.0,14:05:57.601681
-53.0,-365.0,1049.0,14:05:57.610924
-83.0,-476.0,1113.0,14:05:57.621437
9.0,-599.0,817.0,14:05:57.630882
173.0,-143.0,330.0,14:05:57.640258
-133.0,-231.0,919.0,14:05:57.650679
-74.0,-583.0,1180.0,14:05:57.660197
51.0,-793.0,1201.0,14:05:57.670716
-196.0,-505.0,1025.0,14:05:57.680189
291.0,-860.0,1403.0,14:05:57.689587
270.0,-1068.0,1461.0,14:05:57.701375
350.0,-994.0,573.0,14:05:57.709677
183.0,-704.0,572.0,14:05:57.719102
-98.0,-478.0,1142.0,14:05:57.729539
-44.0,-211.0,942.0,14:05:57.738968
-231.0,82.0,673.0,14:05:57.749553
-71.0,-111.0,593.0,14:05:57.759078
-78.0,-387.0,825.0,14:05:57.768477
-84.0,-364.0,1353.0,14:05:57.779046
-115.0,-501.0,1476.0,14:05:57.788564
-108.0,-566.0,1017.0,14:05:57.797998
75.0,-615.0,932.0,14:05:57.808432
195.0,-727.0,1120.0,14:05:57.817894
77.0,-492.0,1018.0,14:05:57.828388
87.0,-275.0,743.0,14:05:57.837820
-116.0,-423.0,778.0,14:05:57.847153
84.0,-758.0,801.0,14:05:57.857749
60.0,-678.0,742.0,14:05:57.876367
-63.0,-327.0,644.0,14:05:57.886974
107.0,-481.0,606.0,14:05:57.897412
307.0,-542.0,856.0,14:05:57.906823
-15.0,-380.0,885.0,14:05:57.916233
56.0,-468.0,823.0,14:05:57.926765
-25.0,-503.0,1055.0,14:05:57.936115
21.0,-614.0,1163.0,14:05:57.946657
-18.0,-610.0,726.0,14:05:57.956033
-116.0,-455.0,882.0,14:05:57.966484
-22.0,-429.0,1200.0,14:05:57.976069
132.0,-426.0,870.0,14:05:57.985376
38.0,-428.0,768.0,14:05:57.995911
55.0,-503.0,854.0,14:05:58.005211
-194.0,-735.0,1229.0,14:05:58.014774
-24.0,-617.0,988.0,14:05:58.025230
31.0,-525.0,540.0,14:05:58.034636
-27.0,-308.0,688.0,14:05:58.045133
70.0,-101.0,1422.0,14:05:58.054518
-9.0,-166.0,1526.0,14:05:58.064939
106.0,-273.0,696.0,14:05:58.074372
245.0,-393.0,758.0,14:05:58.084862
-97.0,-564.0,1500.0,14:05:58.094285
-79.0,-674.0,1226.0,14:05:58.103611
89.0,-625.0,690.0,14:05:58.114103
60.0,-403.0,742.0,14:05:58.123654
87.0,-461.0,823.0,14:05:58.134115
-12.0,-251.0,216.0,14:05:58.143550
177.0,-365.0,674.0,14:05:58.152852
-68.0,-549.0,1440.0,14:05:58.163410
61.0,-579.0,1020.0,14:05:58.172755
19.0,-788.0,1004.0,14:05:58.183284
101.0,-608.0,705.0,14:05:58.192650
106.0,-587.0,1518.0,14:05:58.202012
91.0,-692.0,1527.0,14:05:58.212409
37.0,-438.0,442.0,14:05:58.221783
-24.0,-276.0,303.0,14:05:58.232394
155.0,-646.0,1315.0,14:05:58.241942
130.0,-694.0,995.0,14:05:58.251337
-94.0,-432.0,534.0,14:05:58.261900
6.0,-588.0,1114.0,14:05:58.271345
-24.0,-725.0,1103.0,14:05:58.281823
63.0,-565.0,591.0,14:05:58.291332
86.0,-363.0,930.0,14:05:58.300623
-37.0,-403.0,1341.0,14:05:58.311411
20.0,-475.0,945.0,14:05:58.320760
153.0,-405.0,513.0,14:05:58.330241
-97.0,-529.0,934.0,14:05:58.340796
37.0,-395.0,1273.0,14:05:58.350264
46.0,-357.0,755.0,14:05:58.360696
-69.0,-340.0,850.0,14:05:58.370184
-36.0,-552.0,875.0,14:05:58.379606
40.0,-619.0,782.0,14:05:58.390242
108.0,-465.0,1086.0,14:05:58.399596
36.0,-514.0,1076.0,14:05:58.409062
-42.0,-684.0,559.0,14:05:58.419517
-40.0,-446.0,803.0,14:05:58.439291
-148.0,-256.0,1115.0,14:05:58.448629
-132.0,-371.0,1090.0,14:05:58.459207
121.0,-471.0,725.0,14:05:58.468533
-112.0,-574.0,1015.0,14:05:58.479102
186.0,-823.0,1080.0,14:05:58.488439
147.0,-573.0,1149.0,14:05:58.503015
204.0,-727.0,883.0,14:05:58.508646
208.0,-772.0,533.0,14:05:58.517953
21.0,-419.0,738.0,14:05:58.527372
56.0,-188.0,1002.0,14:05:58.537879
-242.0,64.0,869.0,14:05:58.547368
36.0,-142.0,628.0,14:05:58.557908
-32.0,-304.0,637.0,14:05:58.567316
133.0,-189.0,1313.0,14:05:58.576662
-181.0,-183.0,954.0,14:05:58.587118
51.0,-305.0,820.0,14:05:58.596458
-29.0,-599.0,1695.0,14:05:58.607046
253.0,-663.0,1091.0,14:05:58.616427
185.0,-399.0,496.0,14:05:58.626976
126.0,-700.0,1537.0,14:05:58.636281
12.0,-823.0,1590.0,14:05:58.645655
160.0,-647.0,583.0,14:05:58.656219
22.0,-517.0,495.0,14:05:58.665541
-1.0,-620.0,1022.0,14:05:58.676100
47.0,-655.0,948.0,14:05:58.685439
75.0,-508.0,477.0,14:05:58.695987
-41.0,-503.0,734.0,14:05:58.705270
3.0,-595.0,983.0,14:05:58.714790
8.0,-465.0,942.0,14:05:58.725368
-17.0,-480.0,811.0,14:05:58.734830
68.0,-546.0,900.0,14:05:58.745375
-9.0,-509.0,864.0,14:05:58.754709
56.0,-551.0,888.0,14:05:58.764119
-62.0,-458.0,974.0,14:05:58.774705
-46.0,-399.0,1087.0,14:05:58.784072
27.0,-442.0,901.0,14:05:58.793553
20.0,-391.0,904.0,14:05:58.804136
-149.0,-505.0,770.0,14:05:58.813515
81.0,-416.0,933.0,14:05:58.824019
-115.0,-503.0,1107.0,14:05:58.833311
25.0,-479.0,1043.0,14:05:58.843889
285.0,-291.0,971.0,14:05:58.853228
-37.0,-407.0,1030.0,14:05:58.862608
94.0,-318.0,948.0,14:05:58.873162
49.0,-407.0,1054.0,14:05:58.882608
100.0,-600.0,806.0,14:05:58.893039
230.0,-613.0,945.0,14:05:58.905186
60.0,-437.0,870.0,14:05:58.912597
92.0,-676.0,940.0,14:05:58.921926
86.0,-630.0,829.0,14:05:58.932491
25.0,-539.0,914.0,14:05:58.941807
76.0,-603.0,767.0,14:05:58.952235
111.0,-570.0,682.0,14:05:58.961654
112.0,-655.0,450.0,14:05:58.970949
147.0,-512.0,1085.0,14:05:58.981441
-118.0,-332.0,1224.0,14:05:58.990701
-34.0,-140.0,1049.0,14:05:59.001271
-161.0,-206.0,1021.0,14:05:59.010652
168.0,-595.0,866.0,14:05:59.021313
70.0,-429.0,864.0,14:05:59.030626
51.0,-400.0,1369.0,14:05:59.040190
5.0,-599.0,1218.0,14:05:59.050644
58.0,-555.0,609.0,14:05:59.060093
156.0,-552.0,866.0,14:05:59.070568
15.0,-581.0,1195.0,14:05:59.080157
-62.0,-592.0,1071.0,14:05:59.089453
-123.0,-519.0,871.0,14:05:59.099904
185.0,-637.0,916.0,14:05:59.109277
28.0,-545.0,808.0,14:05:59.119836
-5.0,-585.0,945.0,14:05:59.129255
-71.0,-417.0,1077.0,14:05:59.138611
-162.0,-367.0,859.0,14:05:59.149119
-4.0,-483.0,608.0,14:05:59.158562
2.0,-407.0,751.0,14:05:59.169096
98.0,-495.0,901.0,14:05:59.178543
7.0,-490.0,733.0,14:05:59.187968
-83.0,-377.0,961.0,14:05:59.198521
75.0,-472.0,901.0,14:05:59.207952
-26.0,-537.0,900.0,14:05:59.218386
124.0,-413.0,930.0,14:05:59.227944
96.0,-477.0,962.0,14:05:59.237218
52.0,-468.0,929.0,14:05:59.247769
134.0,-694.0,808.0,14:05:59.257049
113.0,-600.0,826.0,14:05:59.267619
85.0,-513.0,975.0,14:05:59.277138
262.0,-586.0,979.0,14:05:59.286508
163.0,-382.0,929.0,14:05:59.297018
92.0,-402.0,1092.0,14:05:59.306428
-13.0,-453.0,798.0,14:05:59.316907
62.0,-478.0,930.0,14:05:59.326400
-56.0,-413.0,1072.0,14:05:59.335829
-54.0,-530.0,1111.0,14:05:59.346467
-35.0,-373.0,836.0,14:05:59.355984
-68.0,-583.0,923.0,14:05:59.365473
116.0,-398.0,911.0,14:05:59.375984
-30.0,-326.0,1034.0,14:05:59.385374
63.0,-598.0,806.0,14:05:59.395885
51.0,-549.0,939.0,14:05:59.405239
88.0,-404.0,959.0,14:05:59.414688
141.0,-389.0,1074.0,14:05:59.425265
171.0,-720.0,1109.0,14:05:59.434615
204.0,-602.0,815.0,14:05:59.445175
15.0,-559.0,854.0,14:05:59.454511
94.0,-579.0,776.0,14:05:59.463951
-70.0,-513.0,797.0,14:05:59.474410
-97.0,-335.0,1018.0,14:05:59.483752
20.0,-759.0,1152.0,14:05:59.494325
0.0,-660.0,749.0,14:05:59.503650
-59.0,-436.0,822.0,14:05:59.514144
56.0,-511.0,1245.0,14:05:59.523591
58.0,-708.0,1225.0,14:05:59.532932
52.0,-536.0,534.0,14:05:59.543604
245.0,-397.0,737.0,14:05:59.552904
-185.0,-568.0,1295.0,14:05:59.562396
121.0,-380.0,837.0,14:05:59.572941
-243.0,-472.0,944.0,14:05:59.582456
-6.0,-457.0,978.0,14:05:59.593002
119.0,-546.0,1061.0,14:05:59.602436
-123.0,-334.0,907.0,14:05:59.611871
142.0,-448.0,836.0,14:05:59.622445
75.0,-488.0,895.0,14:05:59.631805
231.0,-613.0,1111.0,14:05:59.641269
142.0,-326.0,721.0,14:05:59.651890
170.0,-390.0,570.0,14:05:59.661374
-141.0,-391.0,1206.0,14:05:59.671933
155.0,-499.0,905.0,14:05:59.681284
14.0,-328.0,810.0,14:05:59.690680
101.0,-438.0,1121.0,14:05:59.706281
88.0,-334.0,847.0,14:05:59.711299
156.0,-469.0,837.0,14:05:59.720677
162.0,-601.0,960.0,14:05:59.730143
77.0,-591.0,1009.0,14:05:59.740749
58.0,-381.0,864.0,14:05:59.750170
38.0,-414.0,877.0,14:05:59.760656
185.0,-421.0,969.0,14:05:59.770037
15.0,-422.0,990.0,14:05:59.779466
11.0,-394.0,1049.0,14:05:59.790092
-32.0,-449.0,1024.0,14:05:59.799413
71.0,-508.0,680.0,14:05:59.809846
-72.0,-425.0,969.0,14:05:59.819255
-67.0,-672.0,1491.0,14:05:59.828796
73.0,-646.0,895.0,14:05:59.839307
191.0,-364.0,657.0,14:05:59.848613
-187.0,-345.0,1266.0,14:05:59.859122
166.0,-722.0,1058.0,14:05:59.868443
18.0,-684.0,549.0,14:05:59.879028
65.0,-386.0,904.0,14:05:59.888410
32.0,-546.0,1026.0,14:05:59.897874
-7.0,-608.0,777.0,14:05:59.908301
66.0,-509.0,452.0,14:05:59.917699
-47.0,-196.0,975.0,14:05:59.928101
-3.0,-271.0,1042.0,14:05:59.937616
79.0,-543.0,958.0,14:05:59.946985
21.0,-433.0,826.0,14:05:59.957532
-2.0,-395.0,983.0,14:05:59.966863
88.0,-566.0,1000.0,14:05:59.977462
45.0,-514.0,861.0,14:05:59.986931
69.0,-553.0,862.0,14:05:59.996243
-13.0,-515.0,812.0,14:06:00.006729
50.0,-555.0,862.0,14:06:00.016140
63.0,-559.0,960.0,14:06:00.026583
3.0,-536.0,974.0,14:06:00.036016
47.0,-568.0,896.0,14:06:00.046455
33.0,-751.0,1003.0,14:06:00.055915
199.0,-469.0,1013.0,14:06:00.065235
227.0,-405.0,790.0,14:06:00.075801
-53.0,-519.0,825.0,14:06:00.085209
-65.0,-549.0,896.0,14:06:00.094705
-18.0,-358.0,822.0,14:06:00.108079
-43.0,-496.0,1039.0,14:06:00.115371
-19.0,-584.0,953.0,14:06:00.124757
-28.0,-521.0,903.0,14:06:00.134139
81.0,-700.0,994.0,14:06:00.144747
19.0,-340.0,665.0,14:06:00.154129
2.0,-273.0,975.0,14:06:00.164635
75.0,-571.0,1124.0,14:06:00.174009
-55.0,-607.0,660.0,14:06:00.183522
7.0,-407.0,779.0,14:06:00.194022
-28.0,-423.0,1176.0,14:06:00.203368
-14.0,-363.0,822.0,14:06:00.214021
71.0,-685.0,1130.0,14:06:00.223321
-39.0,-601.0,1054.0,14:06:00.232766
-12.0,-503.0,762.0,14:06:00.243255
140.0,-501.0,742.0,14:06:00.252671
-108.0,-575.0,1268.0,14:06:00.263069
37.0,-619.0,889.0,14:06:00.272527
39.0,-410.0,465.0,14:06:00.283105
-180.0,-331.0,1075.0,14:06:00.292575
103.0,-700.0,1386.0,14:06:00.301900
86.0,-561.0,510.0,14:06:00.312574
147.0,-223.0,632.0,14:06:00.321880
-5.0,-437.0,1344.0,14:06:00.331399
105.0,-552.0,994.0,14:06:00.341864
-7.0,-418.0,582.0,14:06:00.351238
167.0,-412.0,872.0,14:06:00.361823
12.0,-426.0,1185.0,14:06:00.371334
91.0,-381.0,945.0,14:06:00.380767
-48.0,-431.0,862.0,14:06:00.391411
176.0,-324.0,821.0,14:06:00.400802
136.0,-378.0,903.0,14:06:00.410225
-46.0,-469.0,924.0,14:06:00.420767
65.0,-465.0,986.0,14:06:00.430142
60.0,-495.0,1210.0,14:06:00.440824
143.0,-458.0,864.0,14:06:00.450289
60.0,-479.0,750.0,14:06:00.459653
159.0,-527.0,998.0,14:06:00.470226
57.0,-535.0,1191.0,14:06:00.479648
187.0,-457.0,889.0,14:06:00.489082
32.0,-578.0,944.0,14:06:00.499607
159.0,-553.0,896.0,14:06:00.509015
-46.0,-502.0,905.0,14:06:00.519579
159.0,-678.0,741.0,14:06:00.528983
-83.0,-547.0,1052.0,14:06:00.538454
-135.0,-498.0,957.0,14:06:00.548995
-37.0,-514.0,784.0,14:06:00.558391
-126.0,-313.0,813.0,14:06:00.569032
-131.0,-611.0,881.0,14:06:00.578486
116.0,-511.0,917.0,14:06:00.587956
-33.0,-418.0,1015.0,14:06:00.598594
128.0,-440.0,716.0,14:06:00.608013
41.0,-543.0,1130.0,14:06:00.617331
-86.0,-554.0,1248.0,14:06:00.627960
303.0,-559.0,683.0,14:06:00.637246
100.0,-462.0,770.0,14:06:00.647836
123.0,-601.0,1202.0,14:06:00.657165
-52.0,-524.0,1056.0,14:06:00.666587
19.0,-460.0,505.0,14:06:00.677093
69.0,-495.0,622.0,14:06:00.686454
124.0,-412.0,1064.0,14:06:00.697022
14.0,-402.0,957.0,14:06:00.706501
-42.0,-304.0,880.0,14:06:00.715862
20.0,-345.0,970.0,14:06:00.726380
97.0,-477.0,1138.0,14:06:00.735789
99.0,-452.0,840.0,14:06:00.746378
135.0,-360.0,896.0,14:06:00.755842
107.0,-406.0,1025.0,14:06:00.765200
177.0,-631.0,1066.0,14:06:00.775658
93.0,-481.0,618.0,14:06:00.785039
68.0,-605.0,769.0,14:06:00.795571
73.0,-483.0,905.0,14:06:00.804923
47.0,-462.0,1209.0,14:06:00.815423
77.0,-446.0,895.0,14:06:00.824782
14.0,-626.0,1026.0,14:06:00.834072
128.0,-432.0,912.0,14:06:00.844579
284.0,-403.0,856.0,14:06:00.853996
132.0,-539.0,1039.0,14:06:00.864439
154.0,-650.0,956.0,14:06:00.873745
-19.0,-519.0,952.0,14:06:00.884216
-68.0,-490.0,893.0,14:06:00.893696
-46.0,-590.0,735.0,14:06:00.909137
-2.0,-535.0,879.0,14:06:00.913349
-74.0,-530.0,1022.0,14:06:00.923917
81.0,-447.0,736.0,14:06:00.933270
-92.0,-359.0,458.0,14:06:00.942633
2.0,-441.0,915.0,14:06:00.953090
-86.0,-487.0,867.0,14:06:00.962454
28.0,-409.0,603.0,14:06:00.972922
124.0,-417.0,917.0,14:06:00.982518
-333.0,-368.0,1230.0,14:06:00.991805
14.0,-562.0,1098.0,14:06:01.002392
54.0,-588.0,1221.0,14:06:01.011759
23.0,-559.0,1075.0,14:06:01.022425
77.0,-676.0,1272.0,14:06:01.031734
-62.0,-758.0,1470.0,14:06:01.041234
249.0,-790.0,726.0,14:06:01.051812
-44.0,-604.0,702.0,14:06:01.061296
52.0,-521.0,953.0,14:06:01.070672
-44.0,-590.0,1181.0,14:06:01.081174
-15.0,-420.0,764.0,14:06:01.090580
-223.0,-385.0,795.0,14:06:01.101227
40.0,-572.0,945.0,14:06:01.110617
8.0,-577.0,1000.0,14:06:01.120033
30.0,-372.0,971.0,14:06:01.130623
26.0,-263.0,925.0,14:06:01.139906
110.0,-399.0,819.0,14:06:01.150498
115.0,-303.0,573.0,14:06:01.159769
143.0,-300.0,1018.0,14:06:01.170309
-60.0,-311.0,937.0,14:06:01.179661
126.0,-325.0,695.0,14:06:01.189099
19.0,-395.0,1052.0,14:06:01.199628
-10.0,-580.0,1061.0,14:06:01.209109
61.0,-601.0,827.0,14:06:01.219604
-67.0,-440.0,1015.0,14:06:01.229102
-186.0,-545.0,935.0,14:06:01.238399
43.0,-578.0,806.0,14:06:01.249044
77.0,-595.0,1180.0,14:06:01.258373
207.0,-625.0,1008.0,14:06:01.268908
17.0,-410.0,867.0,14:06:01.278365
-164.0,-469.0,1038.0,14:06:01.287816
149.0,-856.0,1301.0,14:06:01.298221
236.0,-906.0,822.0,14:06:01.311354
35.0,-703.0,977.0,14:06:01.317569
53.0,-792.0,1026.0,14:06:01.326989
99.0,-701.0,644.0,14:06:01.337556
-99.0,-412.0,570.0,14:06:01.346994
131.0,-464.0,974.0,14:06:01.357481
-35.0,-142.0,1198.0,14:06:01.366935
-8.0,-75.0,780.0,14:06:01.376344
185.0,-83.0,812.0,14:06:01.386931
-175.0,-219.0,1212.0,14:06:01.396220
126.0,-274.0,1016.0,14:06:01.406906
19.0,-94.0,844.0,14:06:01.416193
-86.0,-560.0,1158.0,14:06:01.425631
-11.0,-562.0,866.0,14:06:01.435715
137.0,-478.0,997.0,14:06:01.445253
-72.0,-580.0,1036.0,14:06:01.455961
36.0,-667.0,1031.0,14:06:01.465594
68.0,-516.0,666.0,14:06:01.475125
60.0,-585.0,957.0,14:06:01.484831
114.0,-597.0,931.0,14:06:01.495040
94.0,-622.0,808.0,14:06:01.504449
144.0,-441.0,706.0,14:06:01.514844
-8.0,-611.0,711.0,14:06:01.524356
22.0,-515.0,948.0,14:06:01.534754
172.0,-389.0,741.0,14:06:01.544119
53.0,-382.0,678.0,14:06:01.554615
-26.0,-377.0,947.0,14:06:01.564030
188.0,-429.0,783.0,14:06:01.573492
-30.0,-299.0,891.0,14:06:01.584004
42.0,-413.0,1047.0,14:06:01.593336
149.0,-652.0,1085.0,14:06:01.603892
10.0,-555.0,829.0,14:06:01.613191
0.0,-293.0,837.0,14:06:01.623735
101.0,-510.0,1147.0,14:06:01.633164
29.0,-497.0,1170.0,14:06:01.642721
-5.0,-256.0,959.0,14:06:01.653273
-134.0,-358.0,1136.0,14:06:01.662717
23.0,-497.0,1149.0,14:06:01.672257
118.0,-589.0,862.0,14:06:01.682844
80.0,-554.0,1192.0,14:06:01.692511
-13.0,-707.0,1239.0,14:06:01.702747
64.0,-600.0,843.0,14:06:01.712130
17.0,-432.0,648.0,14:06:01.721549
40.0,-532.0,1110.0,14:06:01.731970
37.0,-357.0,925.0,14:06:01.741400
-76.0,-455.0,667.0,14:06:01.751880
-16.0,-426.0,808.0,14:06:01.761424
135.0,-532.0,739.0,14:06:01.770724
-176.0,-442.0,904.0,14:06:01.781278
117.0,-449.0,700.0,14:06:01.790584
9.0,-429.0,658.0,14:06:01.801127
24.0,-738.0,1249.0,14:06:01.810363
275.0,-465.0,893.0,14:06:01.819868
-45.0,-370.0,537.0,14:06:01.830262
85.0,-555.0,1266.0,14:06:01.839745
62.0,-557.0,1064.0,14:06:01.850285
43.0,-480.0,761.0,14:06:01.859709
-10.0,-455.0,899.0,14:06:01.869131
17.0,-715.0,1132.0,14:06:01.879713
9.0,-553.0,799.0,14:06:01.889148
164.0,-390.0,509.0,14:06:01.899664
-86.0,-451.0,954.0,14:06:01.909190
-158.0,-427.0,1233.0,14:06:01.918607
-62.0,-359.0,742.0,14:06:01.929173
-40.0,-391.0,1280.0,14:06:01.938519
-48.0,-630.0,1530.0,14:06:01.949088
121.0,-599.0,754.0,14:06:01.958576
139.0,-506.0,1000.0,14:06:01.967951
124.0,-734.0,1423.0,14:06:01.978662
149.0,-643.0,333.0,14:06:01.988022
67.0,-191.0,304.0,14:06:01.997417
61.0,-373.0,772.0,14:06:02.007955
-180.0,-278.0,808.0,14:06:02.017302
-101.0,-43.0,861.0,14:06:02.027933
10.0,-500.0,1309.0,14:06:02.037316
-30.0,-624.0,1089.0,14:06:02.046734
407.0,-656.0,1033.0,14:06:02.057248
52.0,-573.0,1148.0,14:06:02.066630
246.0,-631.0,1018.0,14:06:02.077121
53.0,-509.0,602.0,14:06:02.086450
-21.0,-249.0,659.0,14:06:02.095978
71.0,-689.0,1059.0,14:06:02.112309
22.0,-359.0,525.0,14:06:02.116109
87.0,-440.0,672.0,14:06:02.125515
-89.0,-786.0,1641.0,14:06:02.135974
155.0,-617.0,944.0,14:06:02.145364
45.0,-356.0,326.0,14:06:02.155891
233.0,-565.0,1306.0,14:06:02.165379
83.0,-610.0,1225.0,14:06:02.174770
62.0,-238.0,173.0,14:06:02.185233
-228.0,-394.0,1166.0,14:06:02.194643
-1.0,-561.0,1559.0,14:06:02.205222
96.0,-488.0,498.0,14:06:02.214707
-77.0,-289.0,953.0,14:06:02.223985
-29.0,-605.0,1662.0,14:06:02.234499
153.0,-738.0,856.0,14:06:02.243903
80.0,-358.0,353.0,14:06:02.254291
120.0,-731.0,1058.0,14:06:02.263727
212.0,-736.0,1079.0,14:06:02.274249
116.0,-268.0,474.0,14:06:02.283695
-256.0,-248.0,883.0,14:06:02.294113
-124.0,-376.0,1445.0,14:06:02.303633
92.0,-172.0,588.0,14:06:02.313065
-2.0,-50.0,437.0,14:06:02.323690
52.0,-347.0,1526.0,14:06:02.332990
176.0,-550.0,1305.0,14:06:02.342478
139.0,-652.0,719.0,14:06:02.352921
279.0,-753.0,895.0,14:06:02.362450
9.0,-652.0,998.0,14:06:02.372955
231.0,-564.0,689.0,14:06:02.382470
84.0,-383.0,962.0,14:06:02.391746
-31.0,-354.0,1098.0,14:06:02.402461
107.0,-290.0,530.0,14:06:02.411817
21.0,-505.0,853.0,14:06:02.421242
5.0,-472.0,1084.0,14:06:02.431870
114.0,-602.0,1095.0,14:06:02.441332
147.0,-606.0,880.0,14:06:02.450760
-180.0,-464.0,1173.0,14:06:02.461399
211.0,-528.0,902.0,14:06:02.470844
82.0,-573.0,602.0,14:06:02.480323
98.0,-242.0,1285.0,14:06:02.490762
-168.0,-565.0,1051.0,14:06:02.500201
64.0,-735.0,453.0,14:06:02.515021
13.0,-594.0,1059.0,14:06:02.520621
-35.0,-414.0,1095.0,14:06:02.530120
93.0,-524.0,680.0,14:06:02.539461
-111.0,-357.0,828.0,14:06:02.550059
20.0,-254.0,1059.0,14:06:02.559365
16.0,-448.0,926.0,14:06:02.569932
-56.0,-376.0,1016.0,14:06:02.579290
-209.0,-552.0,1055.0,14:06:02.599050
-115.0,-652.0,1246.0,14:06:02.608575
100.0,-663.0,865.0,14:06:02.619054
68.0,-456.0,781.0,14:06:02.628406
4.0,-591.0,929.0,14:06:02.638820
-3.0,-555.0,857.0,14:06:02.648213
40.0,-417.0,784.0,14:06:02.658652
-74.0,-431.0,860.0,14:06:02.668070
108.0,-448.0,607.0,14:06:02.678511
136.0,-552.0,867.0,14:06:02.687987
163.0,-353.0,955.0,14:06:02.697316
134.0,-322.0,1079.0,14:06:02.707936
6.0,-365.0,1052.0,14:06:02.717176
135.0,-572.0,1160.0,14:06:02.727771
170.0,-640.0,837.0,14:06:02.737139
148.0,-698.0,840.0,14:06:02.746518
14.0,-369.0,868.0,14:06:02.757036
-99.0,-581.0,1172.0,14:06:02.766381
64.0,-725.0,924.0,14:06:02.776924
24.0,-636.0,578.0,14:06:02.786384
-21.0,-368.0,821.0,14:06:02.796901
-32.0,-717.0,1008.0,14:06:02.806312
121.0,-601.0,835.0,14:06:02.815753
-65.0,-523.0,959.0,14:06:02.826290
-7.0,-576.0,1087.0,14:06:02.835667
-39.0,-509.0,801.0,14:06:02.846202
-27.0,-400.0,769.0,14:06:02.855712
65.0,-593.0,1131.0,14:06:02.865085
179.0,-475.0,742.0,14:06:02.875511
10.0,-380.0,796.0,14:06:02.884969
-46.0,-441.0,1229.0,14:06:02.894354
-33.0,-573.0,749.0,14:06:02.904927
144.0,-505.0,698.0,14:06:02.914328
18.0,-572.0,1071.0,14:06:02.924951
-199.0,-560.0,1231.0,14:06:02.934299
-36.0,-476.0,955.0,14:06:02.943658
-76.0,-593.0,913.0,14:06:02.954073
89.0,-528.0,719.0,14:06:02.963544
91.0,-476.0,793.0,14:06:02.973979
-152.0,-515.0,877.0,14:06:02.983515
-84.0,-611.0,1143.0,14:06:02.993979
-27.0,-369.0,677.0,14:06:03.003412
119.0,-305.0,705.0,14:06:03.012838
6.0,-449.0,1262.0,14:06:03.023334
-85.0,-727.0,960.0,14:06:03.032669
46.0,-464.0,644.0,14:06:03.043227
182.0,-270.0,1057.0,14:06:03.052519
52.0,-349.0,995.0,14:06:03.063047
74.0,-459.0,817.0,14:06:03.072424
-2.0,-588.0,964.0,14:06:03.081958
93.0,-333.0,966.0,14:06:03.092499
151.0,-610.0,1300.0,14:06:03.112217
47.0,-704.0,802.0,14:06:03.121592
249.0,-533.0,822.0,14:06:03.131986
104.0,-460.0,1051.0,14:06:03.141435
22.0,-528.0,972.0,14:06:03.150715
77.0,-525.0,871.0,14:06:03.161396
47.0,-612.0,765.0,14:06:03.170748
118.0,-424.0,778.0,14:06:03.181238
9.0,-261.0,912.0,14:06:03.190602
-62.0,-420.0,992.0,14:06:03.199966
152.0,-439.0,765.0,14:06:03.210511
0.0,-273.0,821.0,14:06:03.219844
109.0,-521.0,830.0,14:06:03.230335
111.0,-305.0,1135.0,14:06:03.250156
-152.0,-306.0,774.0,14:06:03.259441
-1.0,-325.0,761.0,14:06:03.270005
-55.0,-427.0,964.0,14:06:03.279309
-6.0,-626.0,1161.0,14:06:03.288752
63.0,-609.0,1115.0,14:06:03.299266
161.0,-582.0,921.0,14:06:03.315971
169.0,-672.0,977.0,14:06:03.320067
177.0,-853.0,1022.0,14:06:03.328232
175.0,-693.0,874.0,14:06:03.338712
-34.0,-436.0,757.0,14:06:03.348106
-153.0,-411.0,1001.0,14:06:03.358732
-155.0,-498.0,878.0,14:06:03.368168
-130.0,-425.0,728.0,14:06:03.377545
-113.0,-445.0,793.0,14:06:03.388051
-44.0,-660.0,1040.0,14:06:03.397604
-39.0,-403.0,975.0,14:06:03.407039
58.0,-538.0,691.0,14:06:03.417701
85.0,-529.0,675.0,14:06:03.427022
-34.0,-371.0,1143.0,14:06:03.437576
52.0,-321.0,945.0,14:06:03.447000
-134.0,-151.0,883.0,14:06:03.456404
-95.0,-507.0,1172.0,14:06:03.466965
159.0,-659.0,578.0,14:06:03.476367
208.0,-388.0,773.0,14:06:03.485822
24.0,-578.0,1612.0,14:06:03.496348
66.0,-649.0,909.0,14:06:03.505777
140.0,-479.0,453.0,14:06:03.516368
203.0,-580.0,1068.0,14:06:03.525770
-35.0,-704.0,1400.0,14:06:03.535177
84.0,-443.0,748.0,14:06:03.545648
54.0,-338.0,715.0,14:06:03.555059
88.0,-443.0,1158.0,14:06:03.565595
105.0,-497.0,867.0,14:06:03.574988
79.0,-486.0,570.0,14:06:03.585507
-131.0,-382.0,1018.0,14:06:03.594902
111.0,-353.0,1097.0,14:06:03.604219
33.0,-466.0,913.0,14:06:03.614836
172.0,-400.0,579.0,14:06:03.624238
136.0,-534.0,1065.0,14:06:03.634778
134.0,-339.0,1050.0,14:06:03.644080
176.0,-416.0,932.0,14:06:03.653431
-34.0,-363.0,670.0,14:06:03.663917
115.0,-544.0,788.0,14:06:03.673281
118.0,-360.0,958.0,14:06:03.683820
5.0,-415.0,988.0,14:06:03.693201
187.0,-517.0,783.0,14:06:03.703695
-91.0,-427.0,826.0,14:06:03.719230
82.0,-433.0,771.0,14:06:03.722625
64.0,-642.0,1419.0,14:06:03.733187
23.0,-687.0,1448.0,14:06:03.742513
55.0,-368.0,921.0,14:06:03.753003
100.0,-1234.0,1283.0,14:06:03.772745
50.0,-938.0,816.0,14:06:03.782009
46.0,-592.0,831.0,14:06:03.791496
-77.0,-536.0,1038.0,14:06:03.801961
-7.0,-339.0,521.0,14:06:03.811422
4.0,-203.0,232.0,14:06:03.821935
-72.0,-403.0,641.0,14:06:03.831497
-132.0,-267.0,1159.0,14:06:03.840868
-35.0,-185.0,1110.0,14:06:03.851389
110.0,-437.0,890.0,14:06:03.860859
24.0,-411.0,989.0,14:06:03.871385
-2.0,-444.0,963.0,14:06:03.880760
93.0,-275.0,944.0,14:06:03.890241
100.0,-496.0,1425.0,14:06:03.900667
-64.0,-412.0,886.0,14:06:03.910218
-77.0,-453.0,135.0,14:06:03.920681
-114.0,-602.0,1365.0,14:06:03.930221
-3.0,-651.0,1229.0,14:06:03.939531
-108.0,-309.0,809.0,14:06:03.950235
-45.0,-810.0,1168.0,14:06:03.959563
126.0,-772.0,831.0,14:06:03.969119
111.0,-707.0,901.0,14:06:03.979557
204.0,-516.0,1124.0,14:06:03.989073
69.0,-473.0,929.0,14:06:03.999526
-32.0,-430.0,693.0,14:06:04.008994
27.0,-624.0,959.0,14:06:04.018373
13.0,-586.0,761.0,14:06:04.029045
221.0,-291.0,781.0,14:06:04.038348
-65.0,-707.0,1318.0,14:06:04.048799
104.0,-705.0,703.0,14:06:04.058094
285.0,-575.0,434.0,14:06:04.067474
30.0,-297.0,1089.0,14:06:04.078017
-24.0,7.0,1209.0,14:06:04.087324
-236.0,-7.0,1108.0,14:06:04.097839
-111.0,-262.0,852.0,14:06:04.107250
-24.0,-500.0,713.0,14:06:04.117778
191.0,-401.0,756.0,14:06:04.127120
-95.0,-547.0,1500.0,14:06:04.137548
11.0,-561.0,1157.0,14:06:04.147095
-14.0,-559.0,467.0,14:06:04.156457
202.0,-580.0,494.0,14:06:04.166995
22.0,-598.0,993.0,14:06:04.176392
155.0,-332.0,840.0,14:06:04.185797
25.0,-318.0,518.0,14:06:04.196386
40.0,-311.0,433.0,14:06:04.205855
14.0,-433.0,1042.0,14:06:04.216458
127.0,-537.0,1244.0,14:06:04.225814
28.0,-426.0,1015.0,14:06:04.235198
147.0,-586.0,1250.0,14:06:04.245769
17.0,-718.0,1045.0,14:06:04.255142
189.0,-775.0,1068.0,14:06:04.265637
47.0,-483.0,1086.0,14:06:04.275082
263.0,-454.0,782.0,14:06:04.284362
-104.0,-494.0,977.0,14:06:04.295132
-36.0,-390.0,677.0,14:06:04.304428
150.0,-482.0,779.0,14:06:04.315010
-163.0,-608.0,1539.0,14:06:04.324384
-109.0,-559.0,1111.0,14:06:04.333874
51.0,-631.0,906.0,14:06:04.344278
-33.0,-716.0,1158.0,14:06:04.353690
85.0,-595.0,1011.0,14:06:04.364224
-69.0,-265.0,805.0,14:06:04.373723
82.0,-375.0,996.0,14:06:04.383044
10.0,-363.0,821.0,14:06:04.393631
-46.0,-311.0,622.0,14:06:04.402993
50.0,-541.0,689.0,14:06:04.412574
-40.0,-493.0,1090.0,14:06:04.422975
-101.0,-370.0,1177.0,14:06:04.432457
24.0,-483.0,711.0,14:06:04.442998
89.0,-425.0,931.0,14:06:04.452486
16.0,-630.0,1092.0,14:06:04.461779
107.0,-480.0,692.0,14:06:04.472320
201.0,-515.0,715.0,14:06:04.481619
329.0,-634.0,689.0,14:06:04.501426
19.0,-398.0,625.0,14:06:04.519132
33.0,-581.0,857.0,14:06:04.522924
-16.0,-671.0,942.0,14:06:04.531261
212.0,-599.0,714.0,14:06:04.541760
32.0,-596.0,806.0,14:06:04.551402
-44.0,-660.0,1040.0,14:06:04.560673
-207.0,-449.0,1415.0,14:06:04.570286
-7.0,-255.0,954.0,14:06:04.580766
-97.0,-277.0,735.0,14:06:04.590193
34.0,-320.0,864.0,14:06:04.600716
-46.0,-434.0,1089.0,14:06:04.610181
-29.0,-342.0,961.0,14:06:04.619523
-86.0,-299.0,972.0,14:06:04.630153
44.0,-616.0,993.0,14:06:04.639534
-188.0,-476.0,976.0,14:06:04.650166
18.0,-592.0,907.0,14:06:04.659607
-118.0,-430.0,1007.0,14:06:04.669098
72.0,-510.0,1220.0,14:06:04.679503
80.0,-509.0,1002.0,14:06:04.689080
86.0,-363.0,810.0,14:06:04.699512
118.0,-421.0,680.0,14:06:04.709021
73.0,-499.0,956.0,14:06:04.718281
-33.0,-527.0,921.0,14:06:04.729060
52.0,-663.0,730.0,14:06:04.738345
-54.0,-506.0,600.0,14:06:04.747917
72.0,-513.0,1012.0,14:06:04.758436
-70.0,-457.0,872.0,14:06:04.767947
96.0,-578.0,1004.0,14:06:04.777308
75.0,-635.0,732.0,14:06:04.787861
61.0,-450.0,843.0,14:06:04.797192
72.0,-508.0,1035.0,14:06:04.807864
24.0,-561.0,964.0,14:06:04.817144
21.0,-501.0,780.0,14:06:04.826642
128.0,-370.0,800.0,14:06:04.837114
-72.0,-573.0,1066.0,14:06:04.846617
89.0,-537.0,1153.0,14:06:04.857039
30.0,-381.0,812.0,14:06:04.866421
-69.0,-340.0,1059.0,14:06:04.876903
100.0,-713.0,1308.0,14:06:04.886392
131.0,-491.0,777.0,14:06:04.895854
24.0,-290.0,866.0,14:06:04.906378
-63.0,-436.0,1307.0,14:06:04.920561
88.0,-367.0,783.0,14:06:04.925817
64.0,-429.0,893.0,14:06:04.935202
380.0,-576.0,950.0,14:06:04.945634
70.0,-387.0,825.0,14:06:04.955077
13.0,-509.0,995.0,14:06:04.965552
203.0,-534.0,951.0,14:06:04.974944
3.0,-404.0,641.0,14:06:04.985422
121.0,-376.0,819.0,14:06:04.994828
-43.0,-637.0,1164.0,14:06:05.004116
95.0,-426.0,529.0,14:06:05.014802
-10.0,-337.0,684.0,14:06:05.024129
54.0,-461.0,1059.0,14:06:05.033553
-14.0,-647.0,1265.0,14:06:05.043948
49.0,-427.0,706.0,14:06:05.053381
26.0,-283.0,853.0,14:06:05.063810
24.0,-641.0,1146.0,14:06:05.073162
139.0,-601.0,1083.0,14:06:05.083653
4.0,-431.0,689.0,14:06:05.093110
9.0,-486.0,992.0,14:06:05.103607
-25.0,-562.0,1214.0,14:06:05.112961
117.0,-525.0,766.0,14:06:05.122397
16.0,-524.0,810.0,14:06:05.133038
-24.0,-500.0,1106.0,14:06:05.142390
270.0,-501.0,833.0,14:06:05.152943
122.0,-538.0,867.0,14:06:05.162384
145.0,-419.0,880.0,14:06:05.171786
6.0,-421.0,1119.0,14:06:05.182383
-1.0,-318.0,959.0,14:06:05.191706
37.0,-341.0,991.0,14:06:05.202171
-159.0,-417.0,1156.0,14:06:05.211657
-94.0,-517.0,1093.0,14:06:05.220961
97.0,-409.0,671.0,14:06:05.231532
-107.0,-397.0,1056.0,14:06:05.240928
139.0,-565.0,817.0,14:06:05.251588
66.0,-571.0,874.0,14:06:05.260949
110.0,-603.0,879.0,14:06:05.270275
-160.0,-366.0,989.0,14:06:05.280799
-9.0,-397.0,999.0,14:06:05.290281
42.0,-527.0,902.0,14:06:05.300750
29.0,-458.0,775.0,14:06:05.310163
144.0,-471.0,777.0,14:06:05.319507
55.0,-514.0,997.0,14:06:05.330185
3.0,-307.0,1022.0,14:06:05.339496
68.0,-333.0,877.0,14:06:05.350030
167.0,-568.0,971.0,14:06:05.359477
122.0,-566.0,894.0,14:06:05.368928
48.0,-328.0,726.0,14:06:05.379391
7.0,-433.0,985.0,14:06:05.388695
146.0,-650.0,1337.0,14:06:05.399176
145.0,-655.0,863.0,14:06:05.408644
11.0,-262.0,551.0,14:06:05.419128
79.0,-584.0,1176.0,14:06:05.428494
1.0,-697.0,1042.0,14:06:05.437964
218.0,-498.0,621.0,14:06:05.448422
-13.0,-414.0,892.0,14:06:05.457858
50.0,-605.0,976.0,14:06:05.468326
-17.0,-503.0,1090.0,14:06:05.477893
105.0,-287.0,824.0,14:06:05.487175
120.0,-461.0,944.0,14:06:05.497753
-41.0,-604.0,969.0,14:06:05.507152
129.0,-324.0,859.0,14:06:05.517807
-193.0,-501.0,1264.0,14:06:05.527104
136.0,-608.0,890.0,14:06:05.536427
82.0,-446.0,865.0,14:06:05.547045
-129.0,-499.0,935.0,14:06:05.556497
198.0,-689.0,1218.0,14:06:05.566028
-28.0,-526.0,830.0,14:06:05.576595
197.0,-661.0,831.0,14:06:05.585853
21.0,-498.0,909.0,14:06:05.596444
-45.0,-422.0,930.0,14:06:05.605781
23.0,-577.0,1050.0,14:06:05.615253
11.0,-518.0,734.0,14:06:05.625868
-17.0,-556.0,872.0,14:06:05.635241
-164.0,-588.0,853.0,14:06:05.645811
157.0,-444.0,763.0,14:06:05.655205
55.0,-379.0,1030.0,14:06:05.664603
47.0,-509.0,1029.0,14:06:05.675266
100.0,-430.0,706.0,14:06:05.684721
-6.0,-528.0,919.0,14:06:05.694186
104.0,-411.0,995.0,14:06:05.704832
73.0,-418.0,1075.0,14:06:05.722359
-90.0,-527.0,1107.0,14:06:05.725189
122.0,-652.0,876.0,14:06:05.733522
126.0,-451.0,750.0,14:06:05.744048
55.0,-375.0,1143.0,14:06:05.753747
-92.0,-575.0,1266.0,14:06:05.763185
16.0,-684.0,583.0,14:06:05.773640
180.0,-521.0,741.0,14:06:05.782957
-160.0,-423.0,1139.0,14:06:05.793666
213.0,-468.0,779.0,14:06:05.803009
52.0,-460.0,935.0,14:06:05.812504
-66.0,-485.0,895.0,14:06:05.822931
-26.0,-283.0,934.0,14:06:05.832479
-56.0,-466.0,1143.0,14:06:05.842933
98.0,-377.0,831.0,14:06:05.852428
125.0,-305.0,928.0,14:06:05.861687
-49.0,-553.0,932.0,14:06:05.872185
203.0,-456.0,1024.0,14:06:05.881508
25.0,-448.0,918.0,14:06:05.892117
159.0,-476.0,880.0,14:06:05.901411
12.0,-525.0,934.0,14:06:05.912023
-36.0,-465.0,755.0,14:06:05.921346
79.0,-583.0,1158.0,14:06:05.930707
-63.0,-471.0,1011.0,14:06:05.941216
93.0,-425.0,597.0,14:06:05.950644
81.0,-351.0,701.0,14:06:05.961273
18.0,-558.0,1345.0,14:06:05.970617
59.0,-654.0,793.0,14:06:05.980982
190.0,-555.0,708.0,14:06:05.990359
-72.0,-539.0,1112.0,14:06:05.999663
111.0,-549.0,878.0,14:06:06.010239
-141.0,-430.0,917.0,14:06:06.019656
212.0,-519.0,952.0,14:06:06.030260
-30.0,-420.0,934.0,14:06:06.039554
-108.0,-354.0,776.0,14:06:06.049015
50.0,-391.0,882.0,14:06:06.059544
-1.0,-627.0,1080.0,14:06:06.068988
130.0,-517.0,909.0,14:06:06.079495
-63.0,-488.0,1017.0,14:06:06.089009
24.0,-500.0,1051.0,14:06:06.098379
-98.0,-469.0,749.0,14:06:06.109103
179.0,-598.0,945.0,14:06:06.124179
-68.0,-429.0,1044.0,14:06:06.128062
76.0,-588.0,851.0,14:06:06.138500
-50.0,-352.0,847.0,14:06:06.148010
-120.0,-462.0,881.0,14:06:06.157478
69.0,-531.0,1077.0,14:06:06.168105
148.0,-492.0,997.0,14:06:06.177476
-19.0,-321.0,730.0,14:06:06.186985
55.0,-586.0,1195.0,14:06:06.197474
127.0,-642.0,663.0,14:06:06.206893
154.0,-488.0,772.0,14:06:06.217414
127.0,-457.0,952.0,14:06:06.226858
-112.0,-583.0,988.0,14:06:06.237303
79.0,-477.0,798.0,14:06:06.246660
-31.0,-538.0,837.0,14:06:06.257044
5.0,-649.0,1025.0,14:06:06.266487
86.0,-495.0,823.0,14:06:06.275883
98.0,-538.0,903.0,14:06:06.286352
-14.0,-569.0,1068.0,14:06:06.295816
159.0,-630.0,611.0,14:06:06.305223
-126.0,-268.0,627.0,14:06:06.315841
82.0,-516.0,1409.0,14:06:06.325274
-43.0,-517.0,961.0,14:06:06.335797
67.0,-344.0,610.0,14:06:06.345266
71.0,-505.0,907.0,14:06:06.354662
32.0,-318.0,969.0,14:06:06.365236
43.0,-362.0,1030.0,14:06:06.374587
49.0,-525.0,1190.0,14:06:06.385108
89.0,-332.0,553.0,14:06:06.403675
-284.0,-437.0,1256.0,14:06:06.414161
73.0,-635.0,1277.0,14:06:06.423683
160.0,-437.0,661.0,14:06:06.434091
127.0,-627.0,926.0,14:06:06.443581
28.0,-599.0,991.0,14:06:06.453984
144.0,-477.0,893.0,14:06:06.463378
136.0,-388.0,1013.0,14:06:06.473924
79.0,-522.0,855.0,14:06:06.483284
-7.0,-320.0,773.0,14:06:06.492706
-59.0,-497.0,962.0,14:06:06.503308
127.0,-435.0,1003.0,14:06:06.512729
-147.0,-253.0,1002.0,14:06:06.522080
140.0,-419.0,770.0,14:06:06.532599
87.0,-720.0,955.0,14:06:06.541989
-33.0,-539.0,885.0,14:06:06.552500
85.0,-260.0,911.0,14:06:06.561817
-88.0,-548.0,1244.0,14:06:06.572503
77.0,-406.0,1020.0,14:06:06.581808
164.0,-449.0,740.0,14:06:06.591291
133.0,-501.0,836.0,14:06:06.601767
56.0,-396.0,1040.0,14:06:06.611291
7.0,-467.0,1086.0,14:06:06.621783
79.0,-503.0,1050.0,14:06:06.631437
102.0,-515.0,731.0,14:06:06.640796
182.0,-486.0,826.0,14:06:06.650247
103.0,-519.0,1049.0,14:06:06.660644
-33.0,-581.0,838.0,14:06:06.670105
-58.0,-475.0,799.0,14:06:06.680620
145.0,-476.0,1032.0,14:06:06.690166
48.0,-601.0,1038.0,14:06:06.700644
61.0,-580.0,948.0,14:06:06.710171
70.0,-537.0,660.0,14:06:06.719487
60.0,-577.0,965.0,14:06:06.730213
88.0,-407.0,1135.0,14:06:06.739555
-83.0,-405.0,928.0,14:06:06.749050
198.0,-432.0,584.0,14:06:06.759615
-12.0,-458.0,1079.0,14:06:06.769080
93.0,-539.0,1081.0,14:06:06.778472
-16.0,-380.0,701.0,14:06:06.789060
-91.0,-408.0,1051.0,14:06:06.798509
169.0,-438.0,671.0,14:06:06.809091
20.0,14.0,65.0,14:06:06.818436
-131.0,-364.0,1560.0,14:06:06.827774
-46.0,-549.0,1754.0,14:06:06.838327
-95.0,-608.0,1069.0,14:06:06.847779
336.0,-1251.0,1633.0,14:06:06.858313
-5.0,-1133.0,1185.0,14:06:06.867600
95.0,-724.0,811.0,14:06:06.877028
-29.0,-633.0,1118.0,14:06:06.887520
192.0,-765.0,571.0,14:06:06.897023
23.0,-428.0,510.0,14:06:06.923731
-38.0,-217.0,1262.0,14:06:06.929005
-67.0,-209.0,1231.0,14:06:06.937271
-99.0,-365.0,771.0,14:06:06.946611
-100.0,-398.0,924.0,14:06:06.955999
86.0,-590.0,1046.0,14:06:06.966529
0.0,-361.0,965.0,14:06:06.975859
-35.0,-222.0,851.0,14:06:06.986398
-140.0,-383.0,884.0,14:06:06.995837
78.0,-552.0,775.0,14:06:07.005273
-10.0,-357.0,702.0,14:06:07.015779
-8.0,-233.0,852.0,14:06:07.025286
-80.0,-412.0,997.0,14:06:07.034717
31.0,-430.0,591.0,14:06:07.045205
24.0,-485.0,585.0,14:06:07.054666
-14.0,-525.0,975.0,14:06:07.065082
43.0,-554.0,916.0,14:06:07.074580
-132.0,-544.0,823.0,14:06:07.085107
47.0,-551.0,1151.0,14:06:07.094601
28.0,-628.0,1014.0,14:06:07.103946
-33.0,-623.0,956.0,14:06:07.114494
147.0,-548.0,1038.0,14:06:07.123927
-91.0,-957.0,817.0,14:06:07.133266
118.0,-718.0,601.0,14:06:07.143705
-181.0,-412.0,1213.0,14:06:07.153138
-389.0,95.0,1333.0,14:06:07.163635
-234.0,-68.0,1287.0,14:06:07.173025
-228.0,-686.0,710.0,14:06:07.182595
126.0,-542.0,805.0,14:06:07.193186
-93.0,-284.0,1500.0,14:06:07.202577
-48.0,-592.0,1482.0,14:06:07.213000
87.0,-576.0,745.0,14:06:07.222546
116.0,-608.0,677.0,14:06:07.232943
141.0,-533.0,887.0,14:06:07.242524
137.0,-349.0,917.0,14:06:07.251781
-105.0,-366.0,888.0,14:06:07.262406
49.0,-317.0,618.0,14:06:07.271706
80.0,-352.0,435.0,14:06:07.282180
105.0,-180.0,545.0,14:06:07.291468
-57.0,-322.0,921.0,14:06:07.300881
61.0,-310.0,874.0,14:06:07.311423
-76.0,-425.0,883.0,14:06:07.327547
219.0,-474.0,521.0,14:06:07.331914
52.0,-372.0,588.0,14:06:07.341440
136.0,-237.0,877.0,14:06:07.350897
-131.0,-496.0,1767.0,14:06:07.360311
107.0,-750.0,1523.0,14:06:07.370723
338.0,-1214.0,1139.0,14:06:07.380307
-32.0,-881.0,1258.0,14:06:07.390689
68.0,-738.0,1724.0,14:06:07.400240
-153.0,-605.0,1067.0,14:06:07.409565
63.0,-590.0,359.0,14:06:07.420198
87.0,-409.0,549.0,14:06:07.429543
-179.0,-310.0,980.0,14:06:07.438932
-25.0,-250.0,1085.0,14:06:07.449519
-186.0,-329.0,1077.0,14:06:07.458965
69.0,-503.0,1121.0,14:06:07.469529
445.0,-534.0,1044.0,14:06:07.478930
280.0,-366.0,1012.0,14:06:07.488333
222.0,-224.0,1089.0,14:06:07.498750
112.0,-339.0,918.0,14:06:07.508143
126.0,-465.0,923.0,14:06:07.518566
177.0,-344.0,654.0,14:06:07.528024
219.0,-504.0,695.0,14:06:07.538491
204.0,-464.0,889.0,14:06:07.548013
41.0,-480.0,888.0,14:06:07.557358
237.0,-611.0,694.0,14:06:07.568001
-125.0,-562.0,685.0,14:06:07.577397
245.0,-567.0,780.0,14:06:07.586767
20.0,-533.0,653.0,14:06:07.596683
54.0,-583.0,858.0,14:06:07.607289
-56.0,-638.0,951.0,14:06:07.616590
-22.0,-589.0,870.0,14:06:07.627052
-138.0,-444.0,960.0,14:06:07.636532
-21.0,-592.0,801.0,14:06:07.645892
-57.0,-583.0,718.0,14:06:07.656503
238.0,-893.0,871.0,14:06:07.665943
96.0,-490.0,1262.0,14:06:07.676511
-298.0,165.0,1624.0,14:06:07.685896
-278.0,118.0,961.0,14:06:07.695239
-59.0,-275.0,653.0,14:06:07.705807
205.0,-445.0,987.0,14:06:07.715206
-38.0,-329.0,1524.0,14:06:07.725633
-167.0,-495.0,1440.0,14:06:07.735122
-281.0,-802.0,1242.0,14:06:07.745620
38.0,-909.0,1103.0,14:06:07.754976
167.0,-736.0,889.0,14:06:07.764370
162.0,-629.0,1009.0,14:06:07.774750
-27.0,-647.0,959.0,14:06:07.784163
116.0,-479.0,629.0,14:06:07.794666
-3.0,-425.0,444.0,14:06:07.804113
-72.0,-404.0,418.0,14:06:07.813520
33.0,-126.0,494.0,14:06:07.824069
-83.0,-366.0,626.0,14:06:07.833642
-25.0,-478.0,778.0,14:06:07.844073
-24.0,-653.0,1082.0,14:06:07.853533
12.0,-508.0,1011.0,14:06:07.862905
172.0,-455.0,886.0,14:06:07.873351
120.0,-606.0,1133.0,14:06:07.882750
83.0,-609.0,1236.0,14:06:07.893280
184.0,-472.0,871.0,14:06:07.902636
-66.0,-383.0,733.0,14:06:07.913137
154.0,-319.0,932.0,14:06:07.922510
-52.0,-270.0,937.0,14:06:07.931983
82.0,-214.0,856.0,14:06:07.942437
128.0,-412.0,962.0,14:06:07.951891
139.0,-555.0,1088.0,14:06:07.962374
154.0,-435.0,1005.0,14:06:07.971936
251.0,-561.0,1195.0,14:06:07.981296
121.0,-669.0,1371.0,14:06:07.991809
347.0,-624.0,1041.0,14:06:08.001300
36.0,-530.0,1074.0,14:06:08.010644
124.0,-522.0,1097.0,14:06:08.021212
35.0,-526.0,960.0,14:06:08.030578
73.0,-462.0,962.0,14:06:08.041212
-62.0,-454.0,945.0,14:06:08.050492
-5.0,-547.0,696.0,14:06:08.061018
-103.0,-435.0,797.0,14:06:08.070317
18.0,-479.0,774.0,14:06:08.079795
14.0,-438.0,834.0,14:06:08.090211
28.0,-304.0,734.0,14:06:08.099650
-37.0,-514.0,868.0,14:06:08.110188
60.0,-624.0,979.0,14:06:08.119618
-16.0,-455.0,840.0,14:06:08.129209
-23.0,-597.0,889.0,14:06:08.139536
-47.0,-648.0,792.0,14:06:08.149016
243.0,-694.0,757.0,14:06:08.159524
24.0,-524.0,1004.0,14:06:08.169042
64.0,-376.0,941.0,14:06:08.178352
-91.0,-402.0,850.0,14:06:08.188938
-76.0,-498.0,865.0,14:06:08.198398
-72.0,-644.0,1049.0,14:06:08.209009
117.0,-544.0,870.0,14:06:08.218389
-244.0,-434.0,1080.0,14:06:08.227860
-8.0,-624.0,1184.0,14:06:08.238474
-11.0,-522.0,840.0,14:06:08.247901
159.0,-546.0,951.0,14:06:08.257387
-171.0,-504.0,1173.0,14:06:08.267935
-79.0,-577.0,1093.0,14:06:08.277291
10.0,-528.0,770.0,14:06:08.287787
-22.0,-402.0,669.0,14:06:08.297077
-136.0,-405.0,923.0,14:06:08.306548
-106.0,-487.0,916.0,14:06:08.317140
-171.0,-208.0,614.0,14:06:08.326396
-57.0,-223.0,687.0,14:06:08.337030
-109.0,-199.0,619.0,14:06:08.346434
22.0,-154.0,577.0,14:06:08.355866
-58.0,-428.0,1367.0,14:06:08.366307
156.0,-393.0,990.0,14:06:08.375684
-29.0,-545.0,931.0,14:06:08.386340
131.0,-886.0,1375.0,14:06:08.395719
214.0,-684.0,871.0,14:06:08.405136
51.0,-435.0,783.0,14:06:08.415520
0.0,-354.0,832.0,14:06:08.424927
217.0,-311.0,363.0,14:06:08.435367
-188.0,-339.0,564.0,14:06:08.444777
54.0,-431.0,1080.0,14:06:08.455294
59.0,-436.0,1109.0,14:06:08.464796
167.0,-649.0,1084.0,14:06:08.474135
65.0,-753.0,1374.0,14:06:08.484795
150.0,-633.0,1180.0,14:06:08.494117
136.0,-532.0,943.0,14:06:08.503749
228.0,-378.0,1374.0,14:06:08.514172
65.0,-468.0,974.0,14:06:08.532040
-7.0,-487.0,860.0,14:06:08.533409
-63.0,-419.0,1104.0,14:06:08.543689
48.0,-637.0,1525.0,14:06:08.553148
72.0,-596.0,976.0,14:06:08.563658
120.0,-786.0,1035.0,14:06:08.573061
109.0,-731.0,1381.0,14:06:08.582508
159.0,-739.0,1034.0,14:06:08.593106
-11.0,-537.0,1068.0,14:06:08.602544
23.0,-519.0,1075.0,14:06:08.613012
138.0,-826.0,703.0,14:06:08.622528
-27.0,-655.0,712.0,14:06:08.631871
-64.0,-589.0,1104.0,14:06:08.642521
15.0,-420.0,583.0,14:06:08.651867
-3.0,-551.0,792.0,14:06:08.661416
46.0,-637.0,533.0,14:06:08.671865
91.0,-644.0,448.0,14:06:08.681314
60.0,-240.0,603.0,14:06:08.691794
-196.0,-112.0,755.0,14:06:08.701279
-61.0,-33.0,715.0,14:06:08.710555
58.0,50.0,330.0,14:06:08.721091
-162.0,-233.0,777.0,14:06:08.730327
60.0,-293.0,1411.0,14:06:08.740888
66.0,-553.0,1406.0,14:06:08.750213
68.0,-769.0,898.0,14:06:08.760726
133.0,-799.0,921.0,14:06:08.770223
181.0,-620.0,1247.0,14:06:08.779620
5.0,-471.0,1101.0,14:06:08.790233
-4.0,-400.0,824.0,14:06:08.799511
-75.0,-450.0,749.0,14:06:08.810198
-45.0,-554.0,732.0,14:06:08.819570
143.0,-514.0,789.0,14:06:08.829055
-184.0,-519.0,1171.0,14:06:08.839519
182.0,-665.0,915.0,14:06:08.848991
23.0,-436.0,1058.0,14:06:08.859437
-58.0,-206.0,1309.0,14:06:08.868773
101.0,-266.0,1096.0,14:06:08.879200
1.0,-466.0,1014.0,14:06:08.888683
17.0,-374.0,972.0,14:06:08.898038
6.0,-350.0,1074.0,14:06:08.908600
-65.0,-420.0,960.0,14:06:08.917961
109.0,-370.0,1120.0,14:06:08.928652
0.0,-420.0,1029.0,14:06:08.937995
139.0,-435.0,832.0,14:06:08.947388
107.0,-413.0,931.0,14:06:08.958122
-160.0,-431.0,936.0,14:06:08.967530
52.0,-625.0,944.0,14:06:08.977018
27.0,-530.0,843.0,14:06:08.987479
60.0,-503.0,784.0,14:06:08.996976
61.0,-581.0,750.0,14:06:09.006426
121.0,-495.0,833.0,14:06:09.016976
-116.0,-523.0,616.0,14:06:09.026345
155.0,-622.0,533.0,14:06:09.036964
143.0,-687.0,597.0,14:06:09.046334
72.0,-578.0,879.0,14:06:09.055830
0.0,-398.0,1215.0,14:06:09.066359
2.0,-362.0,1045.0,14:06:09.075853
181.0,-421.0,625.0,14:06:09.085165
201.0,-372.0,675.0,14:06:09.095643
78.0,-419.0,1175.0,14:06:09.104986
265.0,-546.0,1396.0,14:06:09.115627
-138.0,-250.0,857.0,14:06:09.124982
207.0,-489.0,867.0,14:06:09.135500
-35.0,-539.0,1236.0,14:06:09.144801
261.0,-580.0,1106.0,14:06:09.154250
-9.0,-435.0,1035.0,14:06:09.164837
-44.0,-479.0,1096.0,14:06:09.174248
-19.0,-558.0,1013.0,14:06:09.184782
66.0,-577.0,906.0,14:06:09.194279
103.0,-459.0,972.0,14:06:09.203647
1.0,-534.0,993.0,14:06:09.214217
152.0,-475.0,780.0,14:06:09.223580
35.0,-575.0,844.0,14:06:09.233076
65.0,-547.0,888.0,14:06:09.243612
158.0,-460.0,901.0,14:06:09.252950
-83.0,-391.0,937.0,14:06:09.263639
-29.0,-451.0,832.0,14:06:09.272978
-14.0,-492.0,718.0,14:06:09.282475
-44.0,-534.0,791.0,14:06:09.292938
-90.0,-366.0,908.0,14:06:09.302509
-124.0,-343.0,965.0,14:06:09.311930
-61.0,-585.0,727.0,14:06:09.322570
-19.0,-523.0,751.0,14:06:09.331962
-53.0,-581.0,1068.0,14:06:09.342352
20.0,-639.0,1166.0,14:06:09.351778
43.0,-497.0,929.0,14:06:09.362313
-60.0,-616.0,926.0,14:06:09.371728
97.0,-654.0,1017.0,14:06:09.381104
-33.0,-536.0,981.0,14:06:09.391681
26.0,-503.0,868.0,14:06:09.400996
-120.0,-467.0,984.0,14:06:09.411620
100.0,-401.0,928.0,14:06:09.421008
11.0,-324.0,889.0,14:06:09.430475
58.0,-430.0,973.0,14:06:09.440994
62.0,-429.0,1154.0,14:06:09.450357
19.0,-320.0,949.0,14:06:09.460780
65.0,-424.0,923.0,14:06:09.470188
72.0,-442.0,1042.0,14:06:09.479614
111.0,-411.0,881.0,14:06:09.490155
83.0,-343.0,1018.0,14:06:09.499544
-33.0,-332.0,1009.0,14:06:09.509050
205.0,-572.0,943.0,14:06:09.519617
0.0,-420.0,736.0,14:06:09.529047
183.0,-531.0,850.0,14:06:09.539555
97.0,-535.0,933.0,14:06:09.549056
70.0,-601.0,973.0,14:06:09.558396
82.0,-570.0,830.0,14:06:09.568944
-77.0,-537.0,921.0,14:06:09.578406
75.0,-526.0,946.0,14:06:09.589041
-19.0,-419.0,862.0,14:06:09.598354
-205.0,-522.0,976.0,14:06:09.607759
22.0,-487.0,955.0,14:06:09.618381
-77.0,-500.0,910.0,14:06:09.627787
82.0,-642.0,972.0,14:06:09.637200
15.0,-549.0,928.0,14:06:09.647621
-44.0,-533.0,942.0,14:06:09.657182
67.0,-520.0,953.0,14:06:09.667706
-24.0,-461.0,907.0,14:06:09.677073
-50.0,-392.0,951.0,14:06:09.687507
-60.0,-391.0,918.0,14:06:09.697001
-43.0,-446.0,916.0,14:06:09.706364
-34.0,-525.0,932.0,14:06:09.716999
-84.0,-529.0,920.0,14:06:09.734723
66.0,-531.0,893.0,14:06:09.736554
72.0,-552.0,970.0,14:06:09.746715
45.0,-602.0,906.0,14:06:09.756017
144.0,-608.0,825.0,14:06:09.765363
143.0,-465.0,819.0,14:06:09.775898
239.0,-352.0,943.0,14:06:09.785270
37.0,-357.0,1032.0,14:06:09.795882
58.0,-255.0,856.0,14:06:09.805289
-32.0,-375.0,1018.0,14:06:09.815800
-4.0,-421.0,1033.0,14:06:09.825282
-36.0,-564.0,894.0,14:06:09.834724
45.0,-480.0,907.0,14:06:09.845224
146.0,-600.0,952.0,14:06:09.854588
112.0,-487.0,883.0,14:06:09.864081
215.0,-483.0,863.0,14:06:09.874691
56.0,-535.0,970.0,14:06:09.884166
122.0,-530.0,888.0,14:06:09.894715
-57.0,-556.0,922.0,14:06:09.904229
-76.0,-401.0,1008.0,14:06:09.913727
-10.0,-497.0,897.0,14:06:09.924241
-15.0,-459.0,1008.0,14:06:09.933634
91.0,-581.0,842.0,14:06:09.943044
72.0,-480.0,1036.0,14:06:09.962813
95.0,-436.0,906.0,14:06:09.973242
67.0,-441.0,881.0,14:06:09.982651
-119.0,-455.0,890.0,14:06:09.993138
130.0,-517.0,807.0,14:06:10.002521
135.0,-437.0,779.0,14:06:10.011896
-50.0,-368.0,1055.0,14:06:10.022588
-22.0,-538.0,1093.0,14:06:10.032034
1.0,-512.0,894.0,14:06:10.041429
20.0,-504.0,916.0,14:06:10.051869
201.0,-690.0,1006.0,14:06:10.061343
-1.0,-498.0,944.0,14:06:10.071758
147.0,-547.0,938.0,14:06:10.081242
34.0,-531.0,817.0,14:06:10.091732
57.0,-447.0,963.0,14:06:10.101104
-3.0,-552.0,867.0,14:06:10.110387
30.0,-413.0,845.0,14:06:10.120950
-16.0,-479.0,853.0,14:06:10.130213
24.0,-504.0,955.0,14:06:10.140758
-37.0,-458.0,881.0,14:06:10.150108
17.0,-478.0,956.0,14:06:10.160723
-135.0,-384.0,1006.0,14:06:10.170144
-1.0,-527.0,952.0,14:06:10.179517
-60.0,-516.0,868.0,14:06:10.190192
80.0,-454.0,835.0,14:06:10.199525
-42.0,-410.0,982.0,14:06:10.210079
-9.0,-483.0,888.0,14:06:10.219502
39.0,-393.0,734.0,14:06:10.228940
-112.0,-405.0,697.0,14:06:10.239427
96.0,-394.0,655.0,14:06:10.248822
19.0,-205.0,746.0,14:06:10.259398
-125.0,-436.0,1254.0,14:06:10.279081
95.0,-489.0,1477.0,14:06:10.288363
-55.0,-342.0,1057.0,14:06:10.297818
179.0,-1158.0,1824.0,14:06:10.308347
316.0,-1196.0,1169.0,14:06:10.317861
124.0,-546.0,535.0,14:06:10.328421
-125.0,-357.0,1233.0,14:06:10.337899
132.0,-598.0,881.0,14:06:10.347332
194.0,-554.0,-51.0,14:06:10.357950
41.0,-321.0,468.0,14:06:10.367288
-259.0,-464.0,1458.0,14:06:10.376815
-81.0,-366.0,1399.0,14:06:10.387271
0.0,-445.0,860.0,14:06:10.396650
7.0,-584.0,833.0,14:06:10.407147
194.0,-586.0,1001.0,14:06:10.416539
219.0,-408.0,1096.0,14:06:10.425961
204.0,-375.0,1019.0,14:06:10.436396
86.0,-446.0,739.0,14:06:10.445876
174.0,-422.0,645.0,14:06:10.456441
-25.0,-321.0,832.0,14:06:10.465860
64.0,-399.0,959.0,14:06:10.475282
-37.0,-488.0,878.0,14:06:10.485817
-78.0,-283.0,284.0,14:06:10.495271
60.0,-186.0,377.0,14:06:10.504742
99.0,-697.0,1931.0,14:06:10.515221
112.0,-772.0,1715.0,14:06:10.524747
140.0,-839.0,1118.0,14:06:10.535591
33.0,-1035.0,1169.0,14:06:10.545173
81.0,-987.0,1050.0,14:06:10.554581
318.0,-702.0,917.0,14:06:10.563925
-78.0,-541.0,706.0,14:06:10.574482
232.0,-686.0,479.0,14:06:10.583921
-2.0,-579.0,187.0,14:06:10.594351
-57.0,-494.0,345.0,14:06:10.603787
-169.0,-500.0,703.0,14:06:10.614339
-204.0,-305.0,1097.0,14:06:10.623691
-58.0,-263.0,1268.0,14:06:10.632981
-289.0,-80.0,1458.0,14:06:10.643547
-302.0,208.0,1196.0,14:06:10.652955
3.0,-298.0,596.0,14:06:10.663504
178.0,-613.0,847.0,14:06:10.672829
340.0,-646.0,1443.0,14:06:10.683257
46.0,-453.0,1269.0,14:06:10.692625
32.0,-494.0,541.0,14:06:10.701978
187.0,-653.0,616.0,14:06:10.712577
49.0,-628.0,1212.0,14:06:10.721907
-4.0,-461.0,933.0,14:06:10.732537
-149.0,-532.0,840.0,14:06:10.741949
8.0,-560.0,977.0,14:06:10.751443
99.0,-616.0,773.0,14:06:10.761912
199.0,-437.0,675.0,14:06:10.771390
9.0,-424.0,888.0,14:06:10.781841
-7.0,-533.0,1061.0,14:06:10.791440
46.0,-391.0,842.0,14:06:10.800744
-128.0,-498.0,847.0,14:06:10.811373
53.0,-466.0,874.0,14:06:10.820794
-45.0,-332.0,992.0,14:06:10.830280
1.0,-478.0,892.0,14:06:10.840806
153.0,-711.0,396.0,14:06:10.850255
-103.0,-217.0,1096.0,14:06:10.860691
-198.0,63.0,1721.0,14:06:10.870203
-225.0,22.0,1358.0,14:06:10.879510
4.0,-194.0,768.0,14:06:10.890156
235.0,-357.0,735.0,14:06:10.899563
63.0,-617.0,1338.0,14:06:10.909005
79.0,-777.0,1231.0,14:06:10.919464
152.0,-834.0,958.0,14:06:10.932796
376.0,-569.0,724.0,14:06:10.940792
189.0,-844.0,809.0,14:06:10.949024
346.0,-517.0,650.0,14:06:10.958394
-76.0,-329.0,896.0,14:06:10.968982
-206.0,-557.0,906.0,14:06:10.978430
60.0,-535.0,800.0,14:06:10.988920
-7.0,-530.0,914.0,14:06:10.998329
78.0,-327.0,787.0,14:06:11.007820
-22.0,-474.0,951.0,14:06:11.018387
174.0,-522.0,844.0,14:06:11.027811
70.0,-467.0,639.0,14:06:11.037267
119.0,-487.0,914.0,14:06:11.047770
120.0,-382.0,960.0,14:06:11.057147
-60.0,-392.0,1081.0,14:06:11.067602
-49.0,-554.0,1102.0,14:06:11.077197
17.0,-484.0,929.0,14:06:11.086456
31.0,-559.0,879.0,14:06:11.097173
91.0,-484.0,1046.0,14:06:11.106517
97.0,-584.0,959.0,14:06:11.117063
216.0,-565.0,1015.0,14:06:11.126416
151.0,-564.0,799.0,14:06:11.135874
-1.0,-636.0,992.0,14:06:11.146315
-82.0,-734.0,1084.0,14:06:11.155748
140.0,-571.0,903.0,14:06:11.166210
-46.0,-599.0,864.0,14:06:11.175662
137.0,-743.0,870.0,14:06:11.186078
65.0,-604.0,1142.0,14:06:11.195506
-146.0,-448.0,811.0,14:06:11.204765
50.0,-538.0,807.0,14:06:11.215356
-91.0,-492.0,823.0,14:06:11.224755
-73.0,-457.0,900.0,14:06:11.235295
-27.0,-393.0,580.0,14:06:11.244653
-75.0,-384.0,886.0,14:06:11.254137
-32.0,-528.0,1057.0,14:06:11.264634
35.0,-447.0,749.0,14:06:11.274057
-35.0,-543.0,836.0,14:06:11.284637
37.0,-607.0,1017.0,14:06:11.294137
55.0,-458.0,973.0,14:06:11.303571
-135.0,-457.0,900.0,14:06:11.314180
151.0,-725.0,1035.0,14:06:11.323621
73.0,-385.0,765.0,14:06:11.333058
100.0,-491.0,825.0,14:06:11.343582
215.0,-545.0,833.0,14:06:11.353005
12.0,-490.0,962.0,14:06:11.362458
11.0,-495.0,845.0,14:06:11.373040
89.0,-494.0,848.0,14:06:11.382411
-14.0,-443.0,1037.0,14:06:11.392909
2.0,-450.0,1038.0,14:06:11.402212
-44.0,-368.0,888.0,14:06:11.412829
44.0,-366.0,1018.0,14:06:11.422196
82.0,-403.0,1026.0,14:06:11.431580
126.0,-480.0,928.0,14:06:11.441998
80.0,-545.0,974.0,14:06:11.451432
0.0,-479.0,1152.0,14:06:11.461948
100.0,-499.0,980.0,14:06:11.471426
-93.0,-461.0,823.0,14:06:11.480786
-197.0,-708.0,979.0,14:06:11.491393
-12.0,-606.0,865.0,14:06:11.500702
-85.0,-421.0,985.0,14:06:11.510366
-78.0,-365.0,773.0,14:06:11.520768
-40.0,-527.0,896.0,14:06:11.530256
13.0,-681.0,866.0,14:06:11.540786
141.0,-435.0,673.0,14:06:11.550212
-16.0,-413.0,967.0,14:06:11.560588
106.0,-434.0,1274.0,14:06:11.570101
51.0,-525.0,887.0,14:06:11.579505
138.0,-577.0,564.0,14:06:11.590068
39.0,-495.0,946.0,14:06:11.599347
233.0,-560.0,1110.0,14:06:11.609871
-38.0,-505.0,985.0,14:06:11.619178
-4.0,-341.0,790.0,14:06:11.628617
-54.0,-380.0,634.0,14:06:11.639195
83.0,-501.0,896.0,14:06:11.648575
172.0,-540.0,1089.0,14:06:11.659089
-172.0,-530.0,940.0,14:06:11.668466
-24.0,-611.0,955.0,14:06:11.677978
111.0,-655.0,1040.0,14:06:11.688489
-10.0,-637.0,1015.0,14:06:11.697901
17.0,-603.0,881.0,14:06:11.708479
-109.0,-481.0,974.0,14:06:11.717889
-58.0,-528.0,940.0,14:06:11.727395
-77.0,-535.0,761.0,14:06:11.738334
-143.0,-505.0,779.0,14:06:11.747871
-94.0,-608.0,866.0,14:06:11.757302
-72.0,-463.0,818.0,14:06:11.766684
-126.0,-435.0,905.0,14:06:11.777179
165.0,-522.0,804.0,14:06:11.786613
-36.0,-490.0,871.0,14:06:11.797080
56.0,-394.0,954.0,14:06:11.806525
45.0,-404.0,894.0,14:06:11.816008
4.0,-388.0,974.0,14:06:11.826484
-77.0,-523.0,1105.0,14:06:11.836132
118.0,-422.0,902.0,14:06:11.845514
167.0,-600.0,878.0,14:06:11.856026
51.0,-612.0,1046.0,14:06:11.865340
13.0,-639.0,885.0,14:06:11.875862
10.0,-621.0,812.0,14:06:11.885207
180.0,-640.0,852.0,14:06:11.895764
-33.0,-662.0,958.0,14:06:11.905250
208.0,-570.0,729.0,14:06:11.914697
-5.0,-485.0,719.0,14:06:11.925204
-20.0,-442.0,817.0,14:06:11.934634
-2.0,-357.0,1062.0,14:06:11.945104
46.0,-512.0,962.0,14:06:11.954446
238.0,-420.0,663.0,14:06:11.964981
-77.0,-356.0,922.0,14:06:11.974289
3.0,-599.0,1182.0,14:06:11.983750
138.0,-518.0,810.0,14:06:11.994170
40.0,-463.0,964.0,14:06:12.003675
-3.0,-562.0,873.0,14:06:12.014151
55.0,-557.0,860.0,14:06:12.023580
133.0,-526.0,939.0,14:06:12.032970
-1.0,-546.0,1081.0,14:06:12.043569
-82.0,-571.0,830.0,14:06:12.052939
91.0,-493.0,881.0,14:06:12.063423
195.0,-482.0,858.0,14:06:12.072716
-108.0,-405.0,795.0,14:06:12.083221
-2.0,-555.0,938.0,14:06:12.092568
16.0,-366.0,769.0,14:06:12.102045
-34.0,-358.0,718.0,14:06:12.112490
-108.0,-219.0,755.0,14:06:12.121911
-23.0,-269.0,811.0,14:06:12.137995
-33.0,-283.0,787.0,14:06:12.143055
-78.0,-403.0,1096.0,14:06:12.151311
35.0,-522.0,1363.0,14:06:12.161870
46.0,-611.0,1097.0,14:06:12.171383
72.0,-711.0,1004.0,14:06:12.180734
82.0,-736.0,1517.0,14:06:12.191271
-41.0,-572.0,1292.0,14:06:12.200705
172.0,-587.0,851.0,14:06:12.211305
-49.0,-590.0,702.0,14:06:12.220675
152.0,-658.0,995.0,14:06:12.230213
-22.0,-536.0,919.0,14:06:12.240761
24.0,-548.0,973.0,14:06:12.250232
75.0,-474.0,1181.0,14:06:12.259539
186.0,-495.0,1037.0,14:06:12.270150
142.0,-453.0,815.0,14:06:12.279475
291.0,-462.0,842.0,14:06:12.290195
-85.0,-302.0,1033.0,14:06:12.299536
206.0,-492.0,951.0,14:06:12.308976
221.0,-392.0,482.0,14:06:12.319471
6.0,-347.0,696.0,14:06:12.328995
118.0,-472.0,1160.0,14:06:12.339507
-58.0,-386.0,1047.0,14:06:12.348970
-70.0,-352.0,858.0,14:06:12.358391
-46.0,-529.0,1025.0,14:06:12.369021
97.0,-711.0,1089.0,14:06:12.378449
-50.0,-488.0,795.0,14:06:12.387955
81.0,-654.0,1220.0,14:06:12.398406
122.0,-661.0,1062.0,14:06:12.407947
130.0,-435.0,616.0,14:06:12.417238
269.0,-614.0,717.0,14:06:12.427880
52.0,-661.0,885.0,14:06:12.437172
170.0,-501.0,846.0,14:06:12.447872
16.0,-412.0,801.0,14:06:12.457176
-43.0,-553.0,771.0,14:06:12.467725
146.0,-707.0,862.0,14:06:12.477027
-6.0,-732.0,814.0,14:06:12.486466
158.0,-562.0,879.0,14:06:12.497051
-100.0,-348.0,1105.0,14:06:12.506400
177.0,-370.0,1145.0,14:06:12.516975
-39.0,-233.0,705.0,14:06:12.526429
101.0,-171.0,608.0,14:06:12.535844
-21.0,-284.0,1209.0,14:06:12.546361
-26.0,-410.0,1141.0,14:06:12.555824
216.0,-435.0,738.0,14:06:12.565279
2.0,-512.0,989.0,14:06:12.575779
155.0,-611.0,1022.0,14:06:12.585100
10.0,-634.0,1058.0,14:06:12.595597
22.0,-586.0,1076.0,14:06:12.604953
-24.0,-652.0,1071.0,14:06:12.615435
-48.0,-624.0,984.0,14:06:12.624813
134.0,-466.0,857.0,14:06:12.634223
25.0,-666.0,785.0,14:06:12.644749
86.0,-599.0,769.0,14:06:12.654088
108.0,-441.0,869.0,14:06:12.664597
29.0,-482.0,715.0,14:06:12.674097
63.0,-475.0,741.0,14:06:12.683463
-108.0,-396.0,874.0,14:06:12.694009
9.0,-582.0,620.0,14:06:12.703456
-40.0,-387.0,870.0,14:06:12.714106
-57.0,-235.0,1079.0,14:06:12.723589
-65.0,-407.0,798.0,14:06:12.732939
-4.0,-386.0,888.0,14:06:12.743450
47.0,-314.0,989.0,14:06:12.752879
42.0,-532.0,1147.0,14:06:12.762335
82.0,-639.0,1161.0,14:06:12.772833
164.0,-687.0,916.0,14:06:12.782123
-65.0,-629.0,959.0,14:06:12.792656
2.0,-557.0,1058.0,14:06:12.802005
-49.0,-520.0,982.0,14:06:12.812578
-260.0,-495.0,901.0,14:06:12.821964
-77.0,-513.0,869.0,14:06:12.831438
-135.0,-522.0,1032.0,14:06:12.841860
150.0,-606.0,1093.0,14:06:12.851362
117.0,-400.0,810.0,14:06:12.861871
38.0,-505.0,1001.0,14:06:12.871545
43.0,-462.0,871.0,14:06:12.880891
119.0,-420.0,788.0,14:06:12.891382
61.0,-354.0,810.0,14:06:12.900711
82.0,-313.0,1001.0,14:06:12.910176
10.0,-469.0,1068.0,14:06:12.920559
117.0,-514.0,768.0,14:06:12.929867
50.0,-467.0,977.0,14:06:12.944526
67.0,-448.0,847.0,14:06:12.950555
113.0,-431.0,957.0,14:06:12.970371
124.0,-429.0,858.0,14:06:12.979711
4.0,-313.0,962.0,14:06:12.989067
53.0,-566.0,759.0,14:06:13.009852
19.0,-449.0,924.0,14:06:13.019197
-88.0,-607.0,1292.0,14:06:13.028595
108.0,-559.0,804.0,14:06:13.039165
188.0,-717.0,823.0,14:06:13.048582
199.0,-520.0,857.0,14:06:13.059114
20.0,-564.0,941.0,14:06:13.068454
35.0,-690.0,897.0,14:06:13.077890
235.0,-542.0,891.0,14:06:13.088314
-51.0,-440.0,1105.0,14:06:13.097861
-91.0,-506.0,913.0,14:06:13.108355
11.0,-445.0,730.0,14:06:13.117772
44.0,-504.0,905.0,14:06:13.127227
72.0,-498.0,955.0,14:06:13.137842
-151.0,-510.0,888.0,14:06:13.147331
79.0,-601.0,783.0,14:06:13.156626
124.0,-548.0,870.0,14:06:13.167208
15.0,-423.0,1045.0,14:06:13.176573
39.0,-495.0,1000.0,14:06:13.187212
6.0,-505.0,874.0,14:06:13.196545
31.0,-600.0,896.0,14:06:13.205935
155.0,-550.0,861.0,14:06:13.216408
19.0,-457.0,811.0,14:06:13.225978
43.0,-427.0,880.0,14:06:13.236383
14.0,-549.0,1074.0,14:06:13.245838
-57.0,-438.0,889.0,14:06:13.256306
80.0,-469.0,742.0,14:06:13.265885
-130.0,-449.0,1076.0,14:06:13.275161
-15.0,-544.0,1133.0,14:06:13.285671
73.0,-508.0,751.0,14:06:13.295007
43.0,-543.0,681.0,14:06:13.306339
90.0,-647.0,1057.0,14:06:13.314605
75.0,-439.0,919.0,14:06:13.325180
-107.0,-475.0,745.0,14:06:13.342619
97.0,-681.0,1052.0,14:06:13.345279
-61.0,-694.0,997.0,14:06:13.353712
177.0,-595.0,777.0,14:06:13.364280
-13.0,-601.0,1078.0,14:06:13.373688
36.0,-485.0,888.0,14:06:13.384135
-40.0,-545.0,748.0,14:06:13.393757
150.0,-696.0,773.0,14:06:13.403055
107.0,-600.0,745.0,14:06:13.413652
-107.0,-384.0,803.0,14:06:13.422933
32.0,-413.0,892.0,14:06:13.433695
-198.0,-423.0,896.0,14:06:13.442957
-162.0,-470.0,1039.0,14:06:13.452350
33.0,-389.0,921.0,14:06:13.462978
-188.0,-394.0,908.0,14:06:13.472434
88.0,-510.0,1028.0,14:06:13.482921
-101.0,-600.0,1089.0,14:06:13.492335
26.0,-573.0,819.0,14:06:13.501750
-116.0,-529.0,976.0,14:06:13.512367
-129.0,-567.0,1052.0,14:06:13.521698
36.0,-597.0,939.0,14:06:13.532171
-98.0,-410.0,786.0,14:06:13.541502
-114.0,-429.0,881.0,14:06:13.551011
-44.0,-477.0,949.0,14:06:13.561505
-98.0,-492.0,954.0,14:06:13.570848
84.0,-505.0,861.0,14:06:13.581356
171.0,-454.0,849.0,14:06:13.590712
101.0,-453.0,863.0,14:06:13.601411
-6.0,-380.0,1117.0,14:06:13.610713
90.0,-461.0,964.0,14:06:13.620313
144.0,-466.0,836.0,14:06:13.630864
-47.0,-375.0,1102.0,14:06:13.640215
237.0,-537.0,1105.0,14:06:13.649665
13.0,-578.0,726.0,14:06:13.660219
-8.0,-517.0,823.0,14:06:13.669569
111.0,-516.0,1048.0,14:06:13.679068
-5.0,-393.0,839.0,14:06:13.689549
127.0,-429.0,964.0,14:06:13.699037
94.0,-452.0,932.0,14:06:13.709469
21.0,-543.0,916.0,14:06:13.719072
118.0,-547.0,892.0,14:06:13.728357
-29.0,-598.0,919.0,14:06:13.739013
88.0,-622.0,991.0,14:06:13.748396
-3.0,-478.0,968.0,14:06:13.758951
-11.0,-342.0,758.0,14:06:13.768244
25.0,-425.0,837.0,14:06:13.777790
78.0,-454.0,868.0,14:06:13.788339
-70.0,-372.0,783.0,14:06:13.797824
94.0,-400.0,1032.0,14:06:13.808316
49.0,-597.0,1021.0,14:06:13.817856
65.0,-616.0,754.0,14:06:13.827183
52.0,-487.0,955.0,14:06:13.837845
77.0,-539.0,1003.0,14:06:13.847144
2.0,-475.0,838.0,14:06:13.856601
117.0,-507.0,860.0,14:06:13.866970
127.0,-556.0,1083.0,14:06:13.876307
-11.0,-475.0,856.0,14:06:13.886850
10.0,-490.0,676.0,14:06:13.896223
76.0,-657.0,985.0,14:06:13.906759
148.0,-614.0,1020.0,14:06:13.916170
126.0,-412.0,704.0,14:06:13.926613
37.0,-419.0,894.0,14:06:13.936068
119.0,-515.0,1095.0,14:06:13.945344
131.0,-580.0,835.0,14:06:13.965123
17.0,-510.0,891.0,14:06:13.975650
13.0,-476.0,1096.0,14:06:13.984876
67.0,-481.0,925.0,14:06:13.995379
157.0,-456.0,832.0,14:06:14.004695
-49.0,-594.0,1052.0,14:06:14.015329
99.0,-563.0,1034.0,14:06:14.024736
66.0,-543.0,735.0,14:06:14.034100
-1.0,-480.0,925.0,14:06:14.044613
239.0,-450.0,930.0,14:06:14.053999
-63.0,-336.0,972.0,14:06:14.064573
49.0,-340.0,841.0,14:06:14.073971
-2.0,-546.0,989.0,14:06:14.083254
166.0,-524.0,944.0,14:06:14.094014
61.0,-536.0,953.0,14:06:14.103394
92.0,-525.0,883.0,14:06:14.112845
52.0,-612.0,1092.0,14:06:14.123302
54.0,-536.0,829.0,14:06:14.132713
65.0,-641.0,732.0,14:06:14.147131
26.0,-510.0,874.0,14:06:14.153043
77.0,-455.0,879.0,14:06:14.162510
47.0,-404.0,653.0,14:06:14.172921
61.0,-433.0,887.0,14:06:14.182418
-107.0,-449.0,1010.0,14:06:14.191735
108.0,-483.0,869.0,14:06:14.202418
-60.0,-420.0,966.0,14:06:14.211700
-20.0,-556.0,1135.0,14:06:14.221234
60.0,-526.0,1072.0,14:06:14.231789
-51.0,-487.0,934.0,14:06:14.241254
139.0,-449.0,818.0,14:06:14.251684
51.0,-450.0,852.0,14:06:14.261085
113.0,-349.0,951.0,14:06:14.271493
45.0,-390.0,862.0,14:06:14.280857
-76.0,-419.0,923.0,14:06:14.290300
98.0,-380.0,789.0,14:06:14.300902
173.0,-302.0,659.0,14:06:14.310269
-14.0,-480.0,1173.0,14:06:14.320734
132.0,-724.0,1755.0,14:06:14.330124
149.0,-566.0,1195.0,14:06:14.340629
243.0,-632.0,1378.0,14:06:14.350056
148.0,-884.0,1451.0,14:06:14.359439
98.0,-839.0,854.0,14:06:14.369897
135.0,-495.0,989.0,14:06:14.379266
-10.0,-516.0,888.0,14:06:14.389648
104.0,-562.0,464.0,14:06:14.399094
133.0,-315.0,252.0,14:06:14.409617
-111.0,-404.0,632.0,14:06:14.419152
-14.0,-298.0,951.0,14:06:14.428426
-69.0,-190.0,569.0,14:06:14.439025
56.0,-336.0,837.0,14:06:14.448483
-21.0,-584.0,990.0,14:06:14.457979
47.0,-301.0,960.0,14:06:14.468524
184.0,-273.0,1091.0,14:06:14.477976
59.0,-425.0,1250.0,14:06:14.488442
118.0,-481.0,849.0,14:06:14.497916
35.0,-492.0,732.0,14:06:14.507243
146.0,-644.0,925.0,14:06:14.517932
57.0,-459.0,893.0,14:06:14.527246
1.0,-469.0,869.0,14:06:14.544599
-51.0,-655.0,1001.0,14:06:14.548592
92.0,-479.0,819.0,14:06:14.556835
59.0,-459.0,860.0,14:06:14.567368
-10.0,-789.0,1060.0,14:06:14.576682
54.0,-683.0,922.0,14:06:14.586232
146.0,-604.0,756.0,14:06:14.596659
15.0,-660.0,835.0,14:06:14.605984
128.0,-487.0,842.0,14:06:14.616452
-59.0,-701.0,881.0,14:06:14.625931
127.0,-670.0,807.0,14:06:14.635381
121.0,-465.0,738.0,14:06:14.645918
-94.0,-386.0,576.0,14:06:14.664594
21.0,-608.0,707.0,14:06:14.675042
-47.0,-133.0,1099.0,14:06:14.685561
-59.0,129.0,923.0,14:06:14.694974
-135.0,307.0,975.0,14:06:14.704367
-309.0,-55.0,1389.0,14:06:14.714829
-130.0,-367.0,1335.0,14:06:14.724196
45.0,-495.0,1226.0,14:06:14.734778
-23.0,-742.0,1673.0,14:06:14.744198
89.0,-1122.0,1524.0,14:06:14.753671
195.0,-1127.0,950.0,14:06:14.764109
199.0,-930.0,895.0,14:06:14.773541
351.0,-861.0,877.0,14:06:14.784124
73.0,-794.0,518.0,14:06:14.793544
253.0,-711.0,331.0,14:06:14.802821
264.0,-693.0,380.0,14:06:14.813417
129.0,-515.0,559.0,14:06:14.822701
110.0,-516.0,704.0,14:06:14.833217
-59.0,-449.0,833.0,14:06:14.842701
140.0,-491.0,982.0,14:06:14.853198
-125.0,-372.0,925.0,14:06:14.862611
85.0,-384.0,912.0,14:06:14.871908
41.0,-295.0,1077.0,14:06:14.882520
76.0,-173.0,1124.0,14:06:14.891958
-1.0,-263.0,970.0,14:06:14.902487
-24.0,-334.0,932.0,14:06:14.911985
-158.0,-274.0,1172.0,14:06:14.921354
-98.0,-365.0,1007.0,14:06:14.931913
-118.0,-421.0,1126.0,14:06:14.941372
-24.0,-473.0,1153.0,14:06:14.950785
71.0,-605.0,869.0,14:06:14.961273
38.0,-745.0,943.0,14:06:14.970655
112.0,-779.0,1094.0,14:06:14.981304
216.0,-647.0,983.0,14:06:14.990624
263.0,-748.0,719.0,14:06:15.000086
159.0,-632.0,688.0,14:06:15.010739
128.0,-559.0,740.0,14:06:15.020208
-19.0,-411.0,755.0,14:06:15.029623
-66.0,-491.0,676.0,14:06:15.040262
-33.0,-540.0,585.0,14:06:15.049760
-112.0,-615.0,680.0,14:06:15.060287
-94.0,-556.0,767.0,14:06:15.069726
36.0,-508.0,1143.0,14:06:15.079087
-281.0,-325.0,1268.0,14:06:15.089717
-21.0,-261.0,895.0,14:06:15.099068
-167.0,-264.0,808.0,14:06:15.108449
-24.0,-288.0,965.0,14:06:15.118963
-71.0,-445.0,1100.0,14:06:15.128373
-34.0,-392.0,989.0,14:06:15.139054
-51.0,-441.0,935.0,14:06:15.148392
119.0,-526.0,910.0,14:06:15.157880
71.0,-542.0,990.0,14:06:15.168458
17.0,-538.0,1143.0,14:06:15.177885
158.0,-626.0,1044.0,14:06:15.187267
101.0,-535.0,879.0,14:06:15.197762
267.0,-716.0,884.0,14:06:15.207219
63.0,-548.0,858.0,14:06:15.217718
131.0,-478.0,712.0,14:06:15.227153
4.0,-404.0,863.0,14:06:15.237753
-32.0,-474.0,804.0,14:06:15.247152
11.0,-471.0,740.0,14:06:15.256442
60.0,-399.0,913.0,14:06:15.267068
-25.0,-440.0,968.0,14:06:15.276417
116.0,-499.0,915.0,14:06:15.285895
17.0,-536.0,789.0,14:06:15.296337
51.0,-551.0,885.0,14:06:15.305733
112.0,-419.0,850.0,14:06:15.316118
-32.0,-401.0,680.0,14:06:15.325553
113.0,-238.0,520.0,14:06:15.336074
-125.0,-211.0,530.0,14:06:15.346557
-199.0,-663.0,1630.0,14:06:15.355071
-86.0,-715.0,1748.0,14:06:15.365490
25.0,-771.0,1183.0,14:06:15.374976
95.0,-1124.0,1581.0,14:06:15.385397
233.0,-1192.0,1556.0,14:06:15.394842
260.0,-946.0,967.0,14:06:15.405232
153.0,-719.0,797.0,14:06:15.414717
223.0,-721.0,828.0,14:06:15.424060
79.0,-680.0,352.0,14:06:15.434664
-129.0,-497.0,461.0,14:06:15.443927
-164.0,-515.0,671.0,14:06:15.454506
-187.0,-284.0,653.0,14:06:15.463822
-94.0,-173.0,848.0,14:06:15.473302
-55.0,-443.0,856.0,14:06:15.483895
41.0,-401.0,756.0,14:06:15.493416
-4.0,-356.0,841.0,14:06:15.502809
86.0,-300.0,924.0,14:06:15.513314
130.0,-185.0,869.0,14:06:15.522744
3.0,-280.0,878.0,14:06:15.533252
22.0,-221.0,815.0,14:06:15.542545
-67.0,-256.0,693.0,14:06:15.553042
59.0,-370.0,928.0,14:06:15.562465
-5.0,-499.0,932.0,14:06:15.571953
122.0,-480.0,739.0,14:06:15.582488
-17.0,-592.0,816.0,14:06:15.591851
-5.0,-589.0,920.0,14:06:15.602404
-11.0,-628.0,978.0,14:06:15.611768
-71.0,-544.0,814.0,14:06:15.621309
-9.0,-375.0,919.0,14:06:15.631743
48.0,-547.0,1092.0,14:06:15.641248
-115.0,-432.0,1069.0,14:06:15.650640
95.0,-783.0,938.0,14:06:15.661213
112.0,-620.0,767.0,14:06:15.670496
26.0,-689.0,1051.0,14:06:15.681015
122.0,-660.0,706.0,14:06:15.690406
249.0,-714.0,458.0,14:06:15.700920
-66.0,-314.0,1151.0,14:06:15.710246
-230.0,-72.0,1395.0,14:06:15.719724
-109.0,246.0,1060.0,14:06:15.730235
-65.0,-107.0,1000.0,14:06:15.747101
87.0,-395.0,1111.0,14:06:15.750943
39.0,-466.0,1292.0,14:06:15.759132
31.0,-522.0,1293.0,14:06:15.769696
65.0,-849.0,1286.0,14:06:15.779069
-38.0,-874.0,1039.0,14:06:15.789586
204.0,-781.0,788.0,14:06:15.799053
1.0,-828.0,1084.0,14:06:15.808453
11.0,-758.0,1097.0,14:06:15.818847
202.0,-843.0,708.0,14:06:15.828208
-9.0,-738.0,457.0,14:06:15.838615
197.0,-701.0,565.0,14:06:15.848036
-43.0,-580.0,821.0,14:06:15.858463
32.0,-549.0,688.0,14:06:15.867899
-99.0,-547.0,658.0,14:06:15.878447
64.0,-561.0,720.0,14:06:15.887942
56.0,-384.0,555.0,14:06:15.897185
11.0,-395.0,944.0,14:06:15.907849
36.0,-363.0,1104.0,14:06:15.927442
0.0,-400.0,747.0,14:06:15.936816
7.0,-288.0,1066.0,14:06:15.947328
67.0,-306.0,1372.0,14:06:15.956719
100.0,-469.0,1242.0,14:06:15.966214
-138.0,-762.0,1103.0,14:06:15.976768
105.0,-696.0,1069.0,14:06:15.986116
-42.0,-708.0,1052.0,14:06:15.996598
156.0,-658.0,935.0,14:06:16.006129
262.0,-694.0,954.0,14:06:16.015451
233.0,-591.0,925.0,14:06:16.025893
196.0,-619.0,739.0,14:06:16.035261
156.0,-551.0,673.0,14:06:16.045845
5.0,-484.0,761.0,14:06:16.055229
145.0,-510.0,698.0,14:06:16.064674
6.0,-398.0,758.0,14:06:16.075181
-5.0,-369.0,665.0,14:06:16.084642
-25.0,-313.0,590.0,14:06:16.095120
-5.0,-100.0,695.0,14:06:16.104667
-14.0,-349.0,953.0,14:06:16.114159
32.0,-339.0,800.0,14:06:16.124762
80.0,-173.0,825.0,14:06:16.134073
-92.0,-176.0,928.0,14:06:16.143493
-37.0,-186.0,931.0,14:06:16.154093
52.0,-216.0,1023.0,14:06:16.163508
23.0,-218.0,939.0,14:06:16.174058
53.0,-529.0,1144.0,14:06:16.183348
159.0,-428.0,556.0,14:06:16.193873
110.0,-244.0,200.0,14:06:16.203195
17.0,-415.0,1125.0,14:06:16.212543
43.0,-868.0,2047.0,14:06:16.223067
-42.0,-328.0,1126.0,14:06:16.232550
15.0,-923.0,1474.0,14:06:16.243017
385.0,-1196.0,1367.0,14:06:16.252493
348.0,-916.0,932.0,14:06:16.261879
215.0,-671.0,1110.0,14:06:16.272470
118.0,-503.0,1172.0,14:06:16.281746
62.0,-515.0,544.0,14:06:16.292229
122.0,-467.0,291.0,14:06:16.301542
-91.0,-256.0,796.0,14:06:16.312048
-166.0,-131.0,1368.0,14:06:16.321495
-267.0,-270.0,1417.0,14:06:16.330853
77.0,-472.0,1059.0,14:06:16.341403
115.0,-386.0,922.0,14:06:16.350777
112.0,-338.0,1052.0,14:06:16.361299
140.0,-307.0,1314.0,14:06:16.370656
56.0,-350.0,1142.0,14:06:16.380131
92.0,-459.0,720.0,14:06:16.390595
86.0,-547.0,627.0,14:06:16.399986
51.0,-614.0,879.0,14:06:16.410398
53.0,-473.0,992.0,14:06:16.419947
116.0,-444.0,666.0,14:06:16.430417
98.0,-509.0,573.0,14:06:16.439864
186.0,-479.0,551.0,14:06:16.449250
27.0,-469.0,775.0,14:06:16.459784
49.0,-601.0,858.0,14:06:16.469063
93.0,-634.0,837.0,14:06:16.479524
103.0,-660.0,950.0,14:06:16.488968
172.0,-645.0,1001.0,14:06:16.498482
89.0,-506.0,763.0,14:06:16.508994
143.0,-659.0,1023.0,14:06:16.518359
67.0,-451.0,1029.0,14:06:16.528946
45.0,-499.0,774.0,14:06:16.538388
80.0,-459.0,1003.0,14:06:16.549227
98.0,-615.0,966.0,14:06:16.557962
199.0,-1007.0,385.0,14:06:16.568424
168.0,-603.0,820.0,14:06:16.577929
14.0,-467.0,1700.0,14:06:16.587351
-189.0,71.0,1480.0,14:06:16.597887
-69.0,-195.0,643.0,14:06:16.607238
42.0,-525.0,582.0,14:06:16.617843
202.0,-628.0,973.0,14:06:16.627178
49.0,-626.0,1352.0,14:06:16.636454
46.0,-608.0,1275.0,14:06:16.647016
30.0,-633.0,954.0,14:06:16.656474
115.0,-664.0,704.0,14:06:16.667009
178.0,-537.0,808.0,14:06:16.676373
14.0,-241.0,955.0,14:06:16.685745
-168.0,-242.0,990.0,14:06:16.696375
47.0,-420.0,906.0,14:06:16.705761
-37.0,-432.0,695.0,14:06:16.716295
127.0,-511.0,792.0,14:06:16.725554
-118.0,-383.0,947.0,14:06:16.734972
126.0,-418.0,864.0,14:06:16.745590
237.0,-686.0,790.0,14:06:16.754935
86.0,-589.0,870.0,14:06:16.765354
153.0,-668.0,918.0,14:06:16.774829
86.0,-561.0,934.0,14:06:16.785210
294.0,-616.0,719.0,14:06:16.794715
137.0,-667.0,685.0,14:06:16.804114
-10.0,-592.0,861.0,14:06:16.814712
-79.0,-472.0,750.0,14:06:16.824069
92.0,-482.0,667.0,14:06:16.834557
-34.0,-459.0,892.0,14:06:16.844088
56.0,-510.0,822.0,14:06:16.853510
-86.0,-511.0,918.0,14:06:16.864121
37.0,-501.0,1109.0,14:06:16.873493
63.0,-555.0,1153.0,14:06:16.883007
14.0,-488.0,1095.0,14:06:16.893578
-99.0,-397.0,1140.0,14:06:16.913291
138.0,-523.0,1043.0,14:06:16.922688
44.0,-404.0,1021.0,14:06:16.933126
1.0,-444.0,1133.0,14:06:16.950258
207.0,-397.0,773.0,14:06:16.954253
38.0,-414.0,806.0,14:06:16.962452
104.0,-562.0,926.0,14:06:16.971861
-2.0,-482.0,915.0,14:06:16.982425
136.0,-263.0,732.0,14:06:16.991882
-6.0,-542.0,869.0,14:06:17.001284
45.0,-580.0,939.0,14:06:17.011823
212.0,-631.0,817.0,14:06:17.021302
57.0,-520.0,736.0,14:06:17.031716
113.0,-477.0,847.0,14:06:17.041142
-30.0,-706.0,1022.0,14:06:17.050495
118.0,-729.0,826.0,14:06:17.060989
62.0,-504.0,760.0,14:06:17.070376
-143.0,-432.0,1101.0,14:06:17.080153
169.0,-487.0,931.0,14:06:17.090695
-47.0,-580.0,762.0,14:06:17.100083
62.0,-468.0,958.0,14:06:17.110537
-61.0,-397.0,1023.0,14:06:17.119961
-127.0,-422.0,914.0,14:06:17.129383
21.0,-495.0,1017.0,14:06:17.139915
-99.0,-596.0,885.0,14:06:17.149203
39.0,-575.0,944.0,14:06:17.159740
-6.0,-511.0,1004.0,14:06:17.169080
-26.0,-459.0,867.0,14:06:17.179706
28.0,-650.0,1006.0,14:06:17.189090
-141.0,-647.0,1039.0,14:06:17.198446
-18.0,-529.0,808.0,14:06:17.208971
-48.0,-505.0,905.0,14:06:17.218321
-145.0,-522.0,938.0,14:06:17.228742
139.0,-538.0,824.0,14:06:17.238245
69.0,-552.0,829.0,14:06:17.248691
115.0,-307.0,821.0,14:06:17.258115
10.0,-401.0,1250.0,14:06:17.267384
29.0,-524.0,889.0,14:06:17.277937
24.0,-335.0,653.0,14:06:17.287249
102.0,-372.0,753.0,14:06:17.297831
-20.0,-621.0,1139.0,14:06:17.307263
42.0,-586.0,797.0,14:06:17.316696
112.0,-501.0,535.0,14:06:17.327148
-68.0,-480.0,916.0,14:06:17.336509
97.0,-580.0,990.0,14:06:17.347105
102.0,-732.0,910.0,14:06:17.356514
80.0,-598.0,944.0,14:06:17.365948
41.0,-547.0,1035.0,14:06:17.376448
175.0,-569.0,895.0,14:06:17.385994
131.0,-632.0,776.0,14:06:17.396513
104.0,-663.0,1242.0,14:06:17.405946
-4.0,-649.0,1077.0,14:06:17.415227
174.0,-598.0,717.0,14:06:17.425900
-162.0,-571.0,889.0,14:06:17.435213
156.0,-448.0,841.0,14:06:17.445831
70.0,-532.0,825.0,14:06:17.455169
154.0,-495.0,872.0,14:06:17.464621
84.0,-380.0,734.0,14:06:17.475091
-25.0,-561.0,713.0,14:06:17.484537
36.0,-577.0,956.0,14:06:17.494978
10.0,-527.0,889.0,14:06:17.504425
-52.0,-402.0,874.0,14:06:17.514838
-45.0,-435.0,898.0,14:06:17.524243
-171.0,-509.0,962.0,14:06:17.533679
89.0,-496.0,822.0,14:06:17.544258
10.0,-427.0,932.0,14:06:17.553660
-122.0,-481.0,1172.0,14:06:17.564162
-13.0,-502.0,985.0,14:06:17.573639
-32.0,-507.0,934.0,14:06:17.583031
128.0,-517.0,1017.0,14:06:17.593542
-26.0,-537.0,1018.0,14:06:17.602871
52.0,-399.0,751.0,14:06:17.613360
61.0,-576.0,1099.0,14:06:17.622868
-72.0,-505.0,885.0,14:06:17.632173
122.0,-366.0,680.0,14:06:17.642676
47.0,-540.0,945.0,14:06:17.652027
8.0,-591.0,1030.0,14:06:17.662575
166.0,-507.0,812.0,14:06:17.682102
9.0,-510.0,1059.0,14:06:17.691505
61.0,-531.0,948.0,14:06:17.701991
119.0,-396.0,787.0,14:06:17.711376
83.0,-415.0,937.0,14:06:17.721798
-37.0,-363.0,1042.0,14:06:17.731354
-22.0,-382.0,934.0,14:06:17.740691
1.0,-421.0,730.0,14:06:17.752383
-31.0,-442.0,965.0,14:06:17.760812
49.0,-392.0,1038.0,14:06:17.770168
80.0,-528.0,901.0,14:06:17.780706
28.0,-461.0,1015.0,14:06:17.790085
-3.0,-443.0,1050.0,14:06:17.800676
-19.0,-660.0,992.0,14:06:17.810018
77.0,-638.0,1025.0,14:06:17.819514
113.0,-753.0,1004.0,14:06:17.829994
37.0,-642.0,808.0,14:06:17.839363
-18.0,-661.0,810.0,14:06:17.849931
45.0,-634.0,833.0,14:06:17.859419
179.0,-523.0,733.0,14:06:17.868691
35.0,-544.0,825.0,14:06:17.879211
-159.0,-447.0,1076.0,14:06:17.888555
85.0,-449.0,686.0,14:06:17.899119
-73.0,-397.0,678.0,14:06:17.908501
-22.0,-497.0,1262.0,14:06:17.919057
74.0,-444.0,1025.0,14:06:17.928428
26.0,-341.0,740.0,14:06:17.937922
88.0,-406.0,1067.0,14:06:17.948518
-4.0,-510.0,992.0,14:06:17.957935
115.0,-546.0,767.0,14:06:17.967310
-69.0,-510.0,949.0,14:06:17.977953
119.0,-572.0,953.0,14:06:17.987256
196.0,-663.0,748.0,14:06:17.997830
32.0,-675.0,912.0,14:06:18.007247
22.0,-557.0,898.0,14:06:18.016703
69.0,-646.0,740.0,14:06:18.027152
94.0,-458.0,748.0,14:06:18.036469
111.0,-486.0,872.0,14:06:18.047027
8.0,-439.0,797.0,14:06:18.056407
-31.0,-360.0,949.0,14:06:18.065844
96.0,-423.0,979.0,14:06:18.076390
-12.0,-276.0,811.0,14:06:18.085882
144.0,-459.0,836.0,14:06:18.096460
87.0,-525.0,1121.0,14:06:18.105920
71.0,-545.0,1072.0,14:06:18.115189
109.0,-642.0,843.0,14:06:18.125795
83.0,-601.0,906.0,14:06:18.135248
101.0,-741.0,1018.0,14:06:18.149115
87.0,-596.0,893.0,14:06:18.156551
68.0,-505.0,855.0,14:06:18.165487
26.0,-451.0,843.0,14:06:18.174896
139.0,-638.0,877.0,14:06:18.184255
22.0,-493.0,898.0,14:06:18.194807
-2.0,-484.0,907.0,14:06:18.204126
25.0,-535.0,996.0,14:06:18.214797
82.0,-633.0,1015.0,14:06:18.224106
56.0,-513.0,905.0,14:06:18.233791
-46.0,-309.0,965.0,14:06:18.244258
-19.0,-434.0,921.0,14:06:18.253697
45.0,-443.0,857.0,14:06:18.263091
-91.0,-339.0,779.0,14:06:18.273645
36.0,-383.0,813.0,14:06:18.282962
-52.0,-448.0,982.0,14:06:18.293681
9.0,-407.0,950.0,14:06:18.303036
73.0,-509.0,1096.0,14:06:18.312515
125.0,-484.0,936.0,14:06:18.322908
-45.0,-436.0,958.0,14:06:18.342728
187.0,-654.0,955.0,14:06:18.352124
116.0,-581.0,981.0,14:06:18.362569
32.0,-585.0,844.0,14:06:18.381172
-125.0,-561.0,821.0,14:06:18.391674
-50.0,-529.0,737.0,14:06:18.402097
28.0,-721.0,1020.0,14:06:18.411507
71.0,-508.0,892.0,14:06:18.420856
34.0,-377.0,730.0,14:06:18.431393
-14.0,-697.0,1037.0,14:06:18.440764
230.0,-574.0,888.0,14:06:18.450293
91.0,-425.0,993.0,14:06:18.460765
64.0,-287.0,1043.0,14:06:18.470256
-19.0,-240.0,1009.0,14:06:18.480699
-208.0,-401.0,933.0,14:06:18.490272
138.0,-389.0,680.0,14:06:18.500750
-76.0,-394.0,1125.0,14:06:18.510251
75.0,-371.0,1041.0,14:06:18.519539
-19.0,-481.0,819.0,14:06:18.530175
-58.0,-448.0,1052.0,14:06:18.539516
165.0,-539.0,963.0,14:06:18.548984
41.0,-501.0,817.0,14:06:18.559480
46.0,-509.0,1021.0,14:06:18.568814
-12.0,-500.0,940.0,14:06:18.579229
15.0,-637.0,710.0,14:06:18.588703
105.0,-488.0,776.0,14:06:18.599153
50.0,-474.0,876.0,14:06:18.608609
52.0,-556.0,831.0,14:06:18.617985
22.0,-660.0,881.0,14:06:18.628438
228.0,-628.0,805.0,14:06:18.637871
-5.0,-393.0,979.0,14:06:18.648499
29.0,-594.0,997.0,14:06:18.657925
40.0,-474.0,823.0,14:06:18.667233
-77.0,-510.0,849.0,14:06:18.677800
14.0,-596.0,903.0,14:06:18.687235
36.0,-486.0,818.0,14:06:18.697742
-3.0,-526.0,953.0,14:06:18.707168
-32.0,-496.0,993.0,14:06:18.716529
114.0,-543.0,880.0,14:06:18.727208
-3.0,-557.0,1032.0,14:06:18.736478
-61.0,-579.0,1080.0,14:06:18.747073
127.0,-681.0,749.0,14:06:18.756467
-120.0,-579.0,875.0,14:06:18.765978
173.0,-683.0,957.0,14:06:18.776656
-95.0,-512.0,915.0,14:06:18.785980
-122.0,-604.0,754.0,14:06:18.795328
238.0,-623.0,927.0,14:06:18.806049
-15.0,-399.0,887.0,14:06:18.815423
48.0,-510.0,849.0,14:06:18.825900
83.0,-606.0,964.0,14:06:18.835235
-8.0,-642.0,801.0,14:06:18.844817
67.0,-556.0,616.0,14:06:18.855246
50.0,-473.0,998.0,14:06:18.864671
5.0,-478.0,707.0,14:06:18.884485
-114.0,-635.0,791.0,14:06:18.894992
11.0,-500.0,943.0,14:06:18.904351
-61.0,-420.0,1052.0,14:06:18.913713
-102.0,-528.0,942.0,14:06:18.924232
-76.0,-533.0,960.0,14:06:18.933614
-71.0,-523.0,1045.0,14:06:18.944216
25.0,-720.0,947.0,14:06:18.955346
31.0,-643.0,833.0,14:06:18.964010
-102.0,-523.0,1027.0,14:06:18.973441
-72.0,-471.0,863.0,14:06:18.982830
40.0,-447.0,993.0,14:06:18.993273
-251.0,-431.0,903.0,14:06:19.002660
96.0,-483.0,658.0,14:06:19.013092
92.0,-474.0,1084.0,14:06:19.022610
-157.0,-403.0,1016.0,14:06:19.033039
148.0,-668.0,844.0,14:06:19.042569
73.0,-424.0,757.0,14:06:19.051889
-4.0,-453.0,1036.0,14:06:19.062512
117.0,-353.0,841.0,14:06:19.071867
52.0,-428.0,932.0,14:06:19.081337
-90.0,-360.0,1005.0,14:06:19.091829
48.0,-658.0,1009.0,14:06:19.101265
-58.0,-518.0,879.0,14:06:19.111790
67.0,-612.0,1084.0,14:06:19.121362
47.0,-548.0,1060.0,14:06:19.130639
42.0,-583.0,995.0,14:06:19.141187
-72.0,-532.0,884.0,14:06:19.150526
145.0,-505.0,940.0,14:06:19.161201
101.0,-478.0,722.0,14:06:19.170592
19.0,-246.0,870.0,14:06:19.179865
64.0,-408.0,806.0,14:06:19.190410
2.0,-490.0,652.0,14:06:19.199724
54.0,-393.0,847.0,14:06:19.210213
-31.0,-433.0,921.0,14:06:19.219501
67.0,-392.0,844.0,14:06:19.230210
76.0,-446.0,903.0,14:06:19.239581
110.0,-428.0,955.0,14:06:19.249070
90.0,-369.0,1219.0,14:06:19.259619
51.0,-506.0,1252.0,14:06:19.269212
169.0,-495.0,986.0,14:06:19.278497
120.0,-538.0,947.0,14:06:19.289092
314.0,-467.0,978.0,14:06:19.298348
16.0,-483.0,906.0,14:06:19.309017
174.0,-577.0,982.0,14:06:19.318340
158.0,-488.0,719.0,14:06:19.327868
62.0,-632.0,776.0,14:06:19.338334
64.0,-505.0,936.0,14:06:19.355993
165.0,-628.0,826.0,14:06:19.357406
254.0,-442.0,764.0,14:06:19.367954
81.0,-525.0,956.0,14:06:19.377412
71.0,-552.0,1019.0,14:06:19.387929
26.0,-610.0,899.0,14:06:19.397433
10.0,-623.0,1021.0,14:06:19.406726
2.0,-605.0,1049.0,14:06:19.417227
-49.0,-679.0,912.0,14:06:19.426560
116.0,-590.0,842.0,14:06:19.437092
-99.0,-444.0,787.0,14:06:19.446420
172.0,-511.0,861.0,14:06:19.455939
37.0,-478.0,757.0,14:06:19.466375
55.0,-395.0,747.0,14:06:19.475841
-1.0,-543.0,964.0,14:06:19.486248
-26.0,-406.0,1056.0,14:06:19.495628
48.0,-588.0,972.0,14:06:19.506125
106.0,-576.0,945.0,14:06:19.515521
73.0,-672.0,1031.0,14:06:19.524927
67.0,-537.0,977.0,14:06:19.535423
-35.0,-566.0,1040.0,14:06:19.544758
45.0,-578.0,757.0,14:06:19.555396
30.0,-659.0,837.0,14:06:19.564740
85.0,-418.0,650.0,14:06:19.574153
-42.0,-380.0,746.0,14:06:19.584710
98.0,-473.0,829.0,14:06:19.594277
-3.0,-304.0,1045.0,14:06:19.604789
-30.0,-180.0,932.0,14:06:19.614110
17.0,-242.0,1042.0,14:06:19.623685
37.0,-414.0,983.0,14:06:19.634137
36.0,-456.0,1175.0,14:06:19.643559
166.0,-445.0,1276.0,14:06:19.654076
67.0,-526.0,1050.0,14:06:19.663627
111.0,-517.0,974.0,14:06:19.672953
53.0,-557.0,1048.0,14:06:19.683522
175.0,-560.0,841.0,14:06:19.692819
-8.0,-517.0,872.0,14:06:19.702385
57.0,-582.0,878.0,14:06:19.712961
-30.0,-443.0,781.0,14:06:19.722485
-14.0,-449.0,719.0,14:06:19.733019
-46.0,-578.0,898.0,14:06:19.742564
-79.0,-382.0,887.0,14:06:19.751912
-14.0,-278.0,861.0,14:06:19.762488
0.0,-368.0,728.0,14:06:19.771764
79.0,-520.0,1098.0,14:06:19.781351
83.0,-599.0,1068.0,14:06:19.791738
112.0,-473.0,873.0,14:06:19.801114
130.0,-527.0,884.0,14:06:19.811528
61.0,-567.0,881.0,14:06:19.820984
101.0,-394.0,898.0,14:06:19.831503
-63.0,-389.0,988.0,14:06:19.840932
33.0,-418.0,898.0,14:06:19.850282
-10.0,-332.0,542.0,14:06:19.860842
-85.0,-284.0,835.0,14:06:19.870203
93.0,-540.0,1441.0,14:06:19.880783
109.0,-569.0,1311.0,14:06:19.890228
54.0,-531.0,910.0,14:06:19.899645
222.0,-738.0,1308.0,14:06:19.910203
67.0,-770.0,1227.0,14:06:19.919546
218.0,-605.0,713.0,14:06:19.929026
50.0,-573.0,986.0,14:06:19.939561
-37.0,-619.0,1000.0,14:06:19.948983
139.0,-479.0,405.0,14:06:19.959508
-15.0,-486.0,744.0,14:06:19.968928
52.0,-590.0,1040.0,14:06:19.978353
-60.0,-600.0,1102.0,14:06:19.988796
131.0,-395.0,765.0,14:06:19.998231
-51.0,-489.0,965.0,14:06:20.008733
114.0,-528.0,1063.0,14:06:20.018139
164.0,-427.0,890.0,14:06:20.028576
94.0,-389.0,624.0,14:06:20.037982
4.0,-454.0,767.0,14:06:20.047392
71.0,-487.0,1025.0,14:06:20.057975
75.0,-421.0,897.0,14:06:20.067286
21.0,-462.0,774.0,14:06:20.077914
41.0,-605.0,890.0,14:06:20.087260
