-60.0,-295.0,883.0,14:05:30.377973
109.0,-287.0,754.0,14:05:30.379398
27.0,-273.0,1010.0,14:05:30.386444
-69.0,-400.0,1288.0,14:05:30.396125
34.0,-524.0,1130.0,14:05:30.406622
76.0,-580.0,967.0,14:05:30.415980
239.0,-600.0,1117.0,14:05:30.426391
64.0,-522.0,877.0,14:05:30.435748
53.0,-459.0,958.0,14:05:30.446231
75.0,-497.0,1010.0,14:05:30.455632
-58.0,-498.0,949.0,14:05:30.466076
143.0,-569.0,718.0,14:05:30.475529
-173.0,-401.0,976.0,14:05:30.484936
-12.0,-469.0,1061.0,14:05:30.495391
84.0,-480.0,911.0,14:05:30.504920
-7.0,-569.0,916.0,14:05:30.515313
28.0,-536.0,838.0,14:05:30.524810
15.0,-477.0,891.0,14:05:30.544466
70.0,-463.0,907.0,14:05:30.553858
90.0,-472.0,795.0,14:05:30.564395
164.0,-388.0,830.0,14:05:30.573661
8.0,-443.0,984.0,14:05:30.584176
-7.0,-344.0,896.0,14:05:30.593512
63.0,-475.0,1035.0,14:05:30.603053
71.0,-457.0,1061.0,14:05:30.613573
-20.0,-455.0,823.0,14:05:30.622911
92.0,-377.0,927.0,14:05:30.633472
19.0,-602.0,1134.0,14:05:30.642837
136.0,-564.0,896.0,14:05:30.653411
-91.0,-516.0,1001.0,14:05:30.662773
-77.0,-589.0,862.0,14:05:30.672082
99.0,-455.0,790.0,14:05:30.682800
-218.0,-484.0,1090.0,14:05:30.692072
214.0,-587.0,930.0,14:05:30.702654
49.0,-402.0,822.0,14:05:30.712035
166.0,-462.0,1048.0,14:05:30.721412
45.0,-563.0,1073.0,14:05:30.731917
61.0,-538.0,775.0,14:05:30.741357
102.0,-437.0,882.0,14:05:30.751817
20.0,-410.0,1179.0,14:05:30.761314
4.0,-491.0,789.0,14:05:30.770628
55.0,-375.0,609.0,14:05:30.781271
-62.0,-469.0,922.0,14:05:30.790622
-43.0,-492.0,1028.0,14:05:30.801287
77.0,-535.0,926.0,14:05:30.810622
34.0,-502.0,886.0,14:05:30.827168
104.0,-453.0,898.0,14:05:30.829779
21.0,-537.0,989.0,14:05:30.840386
42.0,-555.0,928.0,14:05:30.849858
-72.0,-558.0,1023.0,14:05:30.860328
77.0,-587.0,975.0,14:05:30.869635
76.0,-590.0,861.0,14:05:30.879033
91.0,-607.0,776.0,14:05:30.889530
-99.0,-443.0,833.0,14:05:30.898944
167.0,-457.0,916.0,14:05:30.909400
-29.0,-495.0,954.0,14:05:30.918795
125.0,-455.0,897.0,14:05:30.929372
21.0,-593.0,831.0,14:05:30.938637
71.0,-426.0,895.0,14:05:30.949073
60.0,-386.0,1002.0,14:05:30.958413
-143.0,-466.0,887.0,14:05:30.967863
164.0,-658.0,877.0,14:05:30.978393
-48.0,-497.0,1032.0,14:05:30.987830
-16.0,-388.0,849.0,14:05:30.998383
50.0,-503.0,880.0,14:05:31.007810
17.0,-582.0,1053.0,14:05:31.017247
99.0,-561.0,924.0,14:05:31.027800
155.0,-498.0,845.0,14:05:31.037179
-14.0,-414.0,1050.0,14:05:31.047617
149.0,-634.0,947.0,14:05:31.057095
39.0,-513.0,765.0,14:05:31.066452
-52.0,-431.0,868.0,14:05:31.077029
64.0,-424.0,996.0,14:05:31.086400
82.0,-371.0,977.0,14:05:31.097008
4.0,-329.0,1020.0,14:05:31.106264
251.0,-415.0,772.0,14:05:31.115729
-83.0,-564.0,907.0,14:05:31.126245
159.0,-527.0,1159.0,14:05:31.135586
27.0,-514.0,1197.0,14:05:31.146193
-24.0,-522.0,711.0,14:05:31.155599
144.0,-662.0,913.0,14:05:31.164905
-22.0,-530.0,943.0,14:05:31.175377
70.0,-361.0,646.0,14:05:31.184736
12.0,-414.0,849.0,14:05:31.195208
38.0,-514.0,1068.0,14:05:31.205233
3.0,-388.0,720.0,14:05:31.214734
-47.0,-462.0,896.0,14:05:31.230474
-169.0,-522.0,1150.0,14:05:31.234242
74.0,-526.0,964.0,14:05:31.243660
-71.0,-342.0,763.0,14:05:31.254190
189.0,-493.0,978.0,14:05:31.263667
-99.0,-484.0,1066.0,14:05:31.274136
38.0,-457.0,786.0,14:05:31.283568
49.0,-582.0,977.0,14:05:31.293023
-40.0,-585.0,1050.0,14:05:31.303505
43.0,-514.0,920.0,14:05:31.312960
167.0,-406.0,826.0,14:05:31.323411
-146.0,-512.0,1016.0,14:05:31.332773
89.0,-702.0,1106.0,14:05:31.343196
44.0,-517.0,763.0,14:05:31.352494
19.0,-423.0,875.0,14:05:31.362961
64.0,-498.0,1020.0,14:05:31.372427
-27.0,-566.0,823.0,14:05:31.381774
51.0,-407.0,847.0,14:05:31.392365
-18.0,-375.0,918.0,14:05:31.401672
63.0,-522.0,1043.0,14:05:31.412193
71.0,-442.0,913.0,14:05:31.421472
-86.0,-420.0,842.0,14:05:31.431873
26.0,-482.0,909.0,14:05:31.441277
-26.0,-475.0,1107.0,14:05:31.451683
109.0,-426.0,995.0,14:05:31.461029
101.0,-498.0,742.0,14:05:31.470373
20.0,-419.0,924.0,14:05:31.480859
110.0,-560.0,1019.0,14:05:31.490186
-50.0,-586.0,957.0,14:05:31.500782
177.0,-475.0,823.0,14:05:31.510188
143.0,-518.0,906.0,14:05:31.520675
-73.0,-551.0,882.0,14:05:31.530083
62.0,-548.0,955.0,14:05:31.539454
-32.0,-465.0,965.0,14:05:31.549995
38.0,-568.0,1019.0,14:05:31.559412
69.0,-687.0,885.0,14:05:31.569863
-33.0,-610.0,995.0,14:05:31.579213
2.0,-561.0,875.0,14:05:31.588622
66.0,-494.0,712.0,14:05:31.599245
-46.0,-640.0,1022.0,14:05:31.608626
9.0,-586.0,908.0,14:05:31.619107
-20.0,-536.0,556.0,14:05:31.628518
51.0,-326.0,811.0,14:05:31.637970
-39.0,-493.0,1219.0,14:05:31.648434
236.0,-611.0,736.0,14:05:31.657897
24.0,-404.0,644.0,14:05:31.668295
-12.0,-399.0,1177.0,14:05:31.677875
-58.0,-395.0,1045.0,14:05:31.687182
176.0,-441.0,701.0,14:05:31.697819
-59.0,-470.0,755.0,14:05:31.707163
112.0,-581.0,1130.0,14:05:31.717833
-50.0,-418.0,896.0,14:05:31.727100
-140.0,-448.0,880.0,14:05:31.736469
197.0,-554.0,1217.0,14:05:31.747064
56.0,-586.0,959.0,14:05:31.756541
15.0,-428.0,659.0,14:05:31.767057
30.0,-388.0,1076.0,14:05:31.776431
16.0,-579.0,1312.0,14:05:31.785758
93.0,-535.0,725.0,14:05:31.796406
118.0,-388.0,729.0,14:05:31.805732
2.0,-369.0,1056.0,14:05:31.816221
39.0,-524.0,1095.0,14:05:31.825581
9.0,-320.0,682.0,14:05:31.836054
47.0,-316.0,732.0,14:05:31.845349
46.0,-527.0,1125.0,14:05:31.854811
188.0,-530.0,1053.0,14:05:31.865269
-50.0,-322.0,711.0,14:05:31.874813
66.0,-391.0,951.0,14:05:31.885176
216.0,-585.0,1194.0,14:05:31.894620
25.0,-491.0,877.0,14:05:31.905029
77.0,-433.0,898.0,14:05:31.914397
87.0,-305.0,907.0,14:05:31.923703
85.0,-367.0,858.0,14:05:31.934218
141.0,-559.0,929.0,14:05:31.943553
56.0,-384.0,719.0,14:05:31.954234
42.0,-209.0,882.0,14:05:31.963573
-28.0,-484.0,1384.0,14:05:31.974070
3.0,-676.0,1230.0,14:05:31.983514
162.0,-615.0,666.0,14:05:31.992894
66.0,-494.0,924.0,14:05:32.003449
-54.0,-541.0,1367.0,14:05:32.012791
207.0,-532.0,788.0,14:05:32.031221
8.0,-447.0,602.0,14:05:32.033903
70.0,-612.0,1018.0,14:05:32.042149
102.0,-643.0,1024.0,14:05:32.052694
56.0,-408.0,521.0,14:05:32.062144
8.0,-362.0,745.0,14:05:32.072649
56.0,-477.0,1028.0,14:05:32.082063
98.0,-546.0,999.0,14:05:32.091422
-98.0,-354.0,725.0,14:05:32.101978
63.0,-453.0,913.0,14:05:32.111348
-88.0,-421.0,944.0,14:05:32.121851
-33.0,-485.0,876.0,14:05:32.131271
-3.0,-449.0,987.0,14:05:32.140610
43.0,-493.0,740.0,14:05:32.151211
-160.0,-445.0,1027.0,14:05:32.160629
-3.0,-524.0,1173.0,14:05:32.171089
21.0,-618.0,952.0,14:05:32.180481
-4.0,-406.0,845.0,14:05:32.190921
95.0,-537.0,910.0,14:05:32.200284
-85.0,-567.0,981.0,14:05:32.209568
-43.0,-638.0,1096.0,14:05:32.220106
86.0,-728.0,864.0,14:05:32.229598
123.0,-406.0,807.0,14:05:32.240190
126.0,-528.0,1037.0,14:05:32.249663
77.0,-459.0,748.0,14:05:32.259085
-157.0,-356.0,1009.0,14:05:32.269599
-153.0,-435.0,967.0,14:05:32.278955
15.0,-428.0,604.0,14:05:32.289467
-57.0,-297.0,1007.0,14:05:32.298722
-43.0,-552.0,1348.0,14:05:32.308257
116.0,-569.0,630.0,14:05:32.318698
21.0,-400.0,876.0,14:05:32.328090
143.0,-732.0,1198.0,14:05:32.338602
157.0,-643.0,1032.0,14:05:32.348001
38.0,-430.0,759.0,14:05:32.358450
188.0,-271.0,846.0,14:05:32.367855
-136.0,-552.0,917.0,14:05:32.377243
55.0,-554.0,739.0,14:05:32.387853
-53.0,-478.0,894.0,14:05:32.397153
167.0,-474.0,918.0,14:05:32.407837
-41.0,-463.0,1055.0,14:05:32.417151
7.0,-360.0,725.0,14:05:32.433062
14.0,-650.0,1118.0,14:05:32.437023
98.0,-587.0,1050.0,14:05:32.446262
117.0,-466.0,948.0,14:05:32.456808
71.0,-364.0,1016.0,14:05:32.466119
138.0,-566.0,798.0,14:05:32.476611
-8.0,-468.0,806.0,14:05:32.485912
262.0,-559.0,655.0,14:05:32.496409
-5.0,-429.0,990.0,14:05:32.505977
65.0,-177.0,905.0,14:05:32.515368
-152.0,-415.0,1059.0,14:05:32.526017
-37.0,-476.0,855.0,14:05:32.535310
142.0,-251.0,627.0,14:05:32.544860
78.0,-500.0,1177.0,14:05:32.555343
244.0,-504.0,1038.0,14:05:32.564793
49.0,-387.0,857.0,14:05:32.574167
89.0,-323.0,924.0,14:05:32.584821
124.0,-687.0,1272.0,14:05:32.594145
-4.0,-420.0,900.0,14:05:32.604726
184.0,-484.0,872.0,14:05:32.614053
57.0,-625.0,1254.0,14:05:32.623524
258.0,-573.0,764.0,14:05:32.634086
147.0,-427.0,973.0,14:05:32.643498
47.0,-392.0,725.0,14:05:32.653928
-29.0,-674.0,873.0,14:05:32.663275
-16.0,-565.0,1098.0,14:05:32.673747
123.0,-299.0,652.0,14:05:32.683143
-29.0,-264.0,1066.0,14:05:32.692551
-73.0,-245.0,1261.0,14:05:32.703190
-7.0,-385.0,786.0,14:05:32.712538
217.0,-530.0,825.0,14:05:32.722973
86.0,-295.0,1111.0,14:05:32.732520
-167.0,-584.0,1256.0,14:05:32.741785
-25.0,-555.0,1099.0,14:05:32.752472
-18.0,-847.0,935.0,14:05:32.761749
359.0,-793.0,650.0,14:05:32.771291
50.0,-348.0,874.0,14:05:32.781781
106.0,-542.0,1102.0,14:05:32.791196
40.0,-489.0,631.0,14:05:32.801682
-61.0,-456.0,572.0,14:05:32.811019
-17.0,-542.0,1075.0,14:05:32.821465
-31.0,-405.0,823.0,14:05:32.830882
54.0,-350.0,922.0,14:05:32.841412
-111.0,-515.0,1250.0,14:05:32.850792
99.0,-598.0,704.0,14:05:32.860222
73.0,-307.0,750.0,14:05:32.870663
75.0,-521.0,1451.0,14:05:32.880188
42.0,-600.0,809.0,14:05:32.890611
-19.0,-425.0,642.0,14:05:32.900030
6.0,-488.0,1128.0,14:05:32.909342
55.0,-742.0,961.0,14:05:32.919866
148.0,-410.0,640.0,14:05:32.929158
-12.0,-465.0,915.0,14:05:32.939706
218.0,-594.0,1033.0,14:05:32.949229
39.0,-297.0,852.0,14:05:32.958761
31.0,-315.0,926.0,14:05:32.969288
-6.0,-469.0,877.0,14:05:32.978605
51.0,-620.0,1028.0,14:05:32.989140
6.0,-534.0,933.0,14:05:32.998551
-32.0,-402.0,1106.0,14:05:33.007989
-59.0,-634.0,1185.0,14:05:33.018479
37.0,-649.0,812.0,14:05:33.027936
92.0,-569.0,755.0,14:05:33.038345
97.0,-584.0,979.0,14:05:33.047971
45.0,-647.0,918.0,14:05:33.057282
-157.0,-305.0,750.0,14:05:33.067924
-67.0,-427.0,661.0,14:05:33.077277
17.0,-596.0,876.0,14:05:33.086651
95.0,-464.0,1006.0,14:05:33.097132
-32.0,-398.0,1057.0,14:05:33.106543
-99.0,-381.0,784.0,14:05:33.117090
129.0,-498.0,1008.0,14:05:33.126511
-75.0,-395.0,995.0,14:05:33.137082
-1.0,-492.0,701.0,14:05:33.146397
45.0,-475.0,1158.0,14:05:33.155859
-93.0,-536.0,1057.0,14:05:33.166342
144.0,-428.0,635.0,14:05:33.175969
40.0,-659.0,899.0,14:05:33.185263
133.0,-578.0,936.0,14:05:33.195911
-21.0,-379.0,986.0,14:05:33.205180
196.0,-402.0,714.0,14:05:33.215936
-50.0,-431.0,1288.0,14:05:33.225178
-120.0,-479.0,1161.0,14:05:33.235027
252.0,-407.0,240.0,14:05:33.244571
-86.0,-568.0,1152.0,14:05:33.255105
105.0,-671.0,1469.0,14:05:33.264507
4.0,-428.0,787.0,14:05:33.275036
69.0,-301.0,618.0,14:05:33.284410
55.0,-576.0,1110.0,14:05:33.293736
78.0,-708.0,983.0,14:05:33.304205
235.0,-614.0,745.0,14:05:33.313616
42.0,-360.0,840.0,14:05:33.324063
-18.0,-545.0,1120.0,14:05:33.333563
65.0,-615.0,838.0,14:05:33.344017
-141.0,-556.0,615.0,14:05:33.353366
-62.0,-525.0,760.0,14:05:33.362721
-100.0,-271.0,1015.0,14:05:33.382472
-195.0,-441.0,904.0,14:05:33.393056
23.0,-446.0,661.0,14:05:33.402548
-136.0,-424.0,1239.0,14:05:33.412096
34.0,-466.0,996.0,14:05:33.422614
106.0,-628.0,1024.0,14:05:33.431957
-8.0,-589.0,1087.0,14:05:33.442542
-4.0,-640.0,719.0,14:05:33.452037
78.0,-522.0,691.0,14:05:33.461378
43.0,-482.0,1119.0,14:05:33.471830
-15.0,-464.0,879.0,14:05:33.481287
-41.0,-247.0,598.0,14:05:33.491767
-128.0,-480.0,1178.0,14:05:33.501294
5.0,-561.0,895.0,14:05:33.510690
20.0,-277.0,787.0,14:05:33.521408
10.0,-510.0,1203.0,14:05:33.530682
114.0,-760.0,1242.0,14:05:33.540143
13.0,-644.0,671.0,14:05:33.550553
84.0,-401.0,459.0,14:05:33.559942
107.0,-420.0,1035.0,14:05:33.570396
-20.0,-592.0,1025.0,14:05:33.579833
-156.0,-199.0,840.0,14:05:33.590309
-104.0,-382.0,1012.0,14:05:33.599716
123.0,-615.0,768.0,14:05:33.609110
-33.0,-508.0,1139.0,14:05:33.619586
22.0,-533.0,1071.0,14:05:33.635877
135.0,-428.0,815.0,14:05:33.640028
90.0,-316.0,1031.0,14:05:33.649405
-46.0,-396.0,1033.0,14:05:33.658715
0.0,-514.0,854.0,14:05:33.669150
-112.0,-445.0,904.0,14:05:33.678523
163.0,-537.0,778.0,14:05:33.689065
-24.0,-486.0,1015.0,14:05:33.698518
-140.0,-584.0,1205.0,14:05:33.707897
106.0,-531.0,621.0,14:05:33.718549
23.0,-491.0,871.0,14:05:33.727873
114.0,-441.0,1107.0,14:05:33.737295
96.0,-589.0,797.0,14:05:33.747885
73.0,-512.0,776.0,14:05:33.757340
51.0,-617.0,916.0,14:05:33.766751
178.0,-454.0,778.0,14:05:33.777140
-81.0,-397.0,936.0,14:05:33.786576
44.0,-324.0,357.0,14:05:33.797086
48.0,-335.0,664.0,14:05:33.806436
-11.0,-613.0,1642.0,14:05:33.817023
67.0,-465.0,830.0,14:05:33.826437
8.0,-512.0,1039.0,14:05:33.835817
-32.0,-937.0,1663.0,14:05:33.846373
105.0,-1095.0,978.0,14:05:33.855857
156.0,-594.0,480.0,14:05:33.865333
-66.0,-401.0,1203.0,14:05:33.875935
-144.0,-669.0,1091.0,14:05:33.885271
103.0,-601.0,361.0,14:05:33.896052
-45.0,-263.0,438.0,14:05:33.905376
-55.0,-212.0,984.0,14:05:33.914831
-94.0,-515.0,1343.0,14:05:33.925372
3.0,-322.0,650.0,14:05:33.934874
42.0,-318.0,807.0,14:05:33.944163
50.0,-416.0,1312.0,14:05:33.954720
114.0,-398.0,1023.0,14:05:33.964125
24.0,-194.0,785.0,14:05:33.974786
-12.0,-365.0,1060.0,14:05:33.984091
-56.0,-490.0,860.0,14:05:33.993547
43.0,-334.0,619.0,14:05:34.004070
52.0,-467.0,1245.0,14:05:34.013514
-11.0,-640.0,841.0,14:05:34.023995
-23.0,-541.0,839.0,14:05:34.033337
-92.0,-425.0,875.0,14:05:34.042753
209.0,-751.0,1193.0,14:05:34.053309
55.0,-632.0,1023.0,14:05:34.062687
247.0,-720.0,523.0,14:05:34.073160
-23.0,-375.0,760.0,14:05:34.082619
103.0,-386.0,1014.0,14:05:34.093068
-9.0,-313.0,883.0,14:05:34.102529
64.0,-342.0,631.0,14:05:34.111815
-25.0,-304.0,781.0,14:05:34.122521
104.0,-277.0,769.0,14:05:34.131830
111.0,-291.0,807.0,14:05:34.142343
146.0,-526.0,757.0,14:05:34.151602
167.0,-604.0,802.0,14:05:34.162047
-54.0,-358.0,1094.0,14:05:34.171393
-131.0,-494.0,1518.0,14:05:34.180847
38.0,-379.0,1321.0,14:05:34.191413
80.0,-273.0,1276.0,14:05:34.200743
28.0,-584.0,1027.0,14:05:34.211322
63.0,-593.0,812.0,14:05:34.220575
97.0,-664.0,1214.0,14:05:34.231149
145.0,-669.0,839.0,14:05:34.240431
149.0,-775.0,950.0,14:05:34.249886
145.0,-675.0,844.0,14:05:34.260407
103.0,-671.0,779.0,14:05:34.269824
13.0,-396.0,1023.0,14:05:34.280276
-144.0,-344.0,1152.0,14:05:34.289645
-12.0,-440.0,1020.0,14:05:34.299105
18.0,-449.0,1203.0,14:05:34.309712
-80.0,-266.0,1010.0,14:05:34.319189
134.0,-412.0,495.0,14:05:34.328555
104.0,-575.0,805.0,14:05:34.339040
127.0,-541.0,1114.0,14:05:34.348584
200.0,-554.0,829.0,14:05:34.368271
100.0,-573.0,1005.0,14:05:34.378797
-34.0,-502.0,675.0,14:05:34.388181
102.0,-485.0,967.0,14:05:34.397517
69.0,-553.0,960.0,14:05:34.408163
-111.0,-336.0,949.0,14:05:34.417533
7.0,-454.0,1007.0,14:05:34.428139
6.0,-715.0,831.0,14:05:34.438039
336.0,-539.0,893.0,14:05:34.447850
3.0,-472.0,951.0,14:05:34.457157
8.0,-502.0,778.0,14:05:34.466542
5.0,-664.0,1201.0,14:05:34.477158
101.0,-821.0,901.0,14:05:34.486534
213.0,-588.0,428.0,14:05:34.496998
-54.0,-530.0,764.0,14:05:34.506511
-61.0,-549.0,1082.0,14:05:34.515882
128.0,-331.0,905.0,14:05:34.526468
-181.0,-146.0,922.0,14:05:34.535828
67.0,-58.0,890.0,14:05:34.546414
-114.0,-307.0,1049.0,14:05:34.555947
207.0,-502.0,1214.0,14:05:34.565305
72.0,-388.0,1136.0,14:05:34.575841
56.0,-442.0,852.0,14:05:34.585211
205.0,-668.0,944.0,14:05:34.594680
53.0,-698.0,1164.0,14:05:34.605191
-124.0,-266.0,912.0,14:05:34.614478
-68.0,-453.0,1113.0,14:05:34.625012
173.0,-625.0,811.0,14:05:34.634380
160.0,-486.0,826.0,14:05:34.644830
-45.0,-355.0,816.0,14:05:34.654188
-33.0,-535.0,1472.0,14:05:34.664822
6.0,-390.0,868.0,14:05:34.674254
-217.0,-478.0,797.0,14:05:34.683554
20.0,-641.0,1127.0,14:05:34.694241
43.0,-694.0,710.0,14:05:34.703635
160.0,-400.0,592.0,14:05:34.712969
-1.0,-457.0,1207.0,14:05:34.723513
-66.0,-625.0,982.0,14:05:34.732942
240.0,-513.0,406.0,14:05:34.743547
131.0,-436.0,810.0,14:05:34.752923
67.0,-359.0,1204.0,14:05:34.762292
98.0,-454.0,939.0,14:05:34.772993
20.0,-446.0,773.0,14:05:34.782378
-44.0,-404.0,993.0,14:05:34.791820
92.0,-690.0,834.0,14:05:34.802404
113.0,-463.0,1016.0,14:05:34.811730
-84.0,-425.0,919.0,14:05:34.822167
-52.0,-354.0,921.0,14:05:34.839162
-109.0,-396.0,1161.0,14:05:34.843135
-24.0,-522.0,975.0,14:05:34.851452
141.0,-513.0,735.0,14:05:34.860804
-54.0,-495.0,1085.0,14:05:34.871410
-22.0,-490.0,1433.0,14:05:34.880727
145.0,-452.0,618.0,14:05:34.891378
108.0,-392.0,636.0,14:05:34.900729
97.0,-530.0,1328.0,14:05:34.910173
8.0,-480.0,834.0,14:05:34.920588
-27.0,-425.0,809.0,14:05:34.930135
-8.0,-354.0,964.0,14:05:34.940672
-20.0,-311.0,1069.0,14:05:34.950090
57.0,-603.0,595.0,14:05:34.969787
-32.0,-401.0,778.0,14:05:34.979112
16.0,-497.0,1004.0,14:05:34.989594
-45.0,-477.0,865.0,14:05:34.999045
19.0,-674.0,1082.0,14:05:35.009524
-196.0,-370.0,858.0,14:05:35.019016
7.0,-345.0,707.0,14:05:35.029489
163.0,-639.0,1100.0,14:05:35.049215
206.0,-468.0,348.0,14:05:35.058573
54.0,-487.0,862.0,14:05:35.067943
126.0,-616.0,1093.0,14:05:35.078520
158.0,-471.0,756.0,14:05:35.087940
-8.0,-307.0,981.0,14:05:35.098460
-38.0,-359.0,866.0,14:05:35.107907
121.0,-507.0,983.0,14:05:35.117428
38.0,-430.0,956.0,14:05:35.127955
105.0,-492.0,1076.0,14:05:35.137280
-118.0,-537.0,950.0,14:05:35.147854
101.0,-440.0,914.0,14:05:35.157178
40.0,-493.0,853.0,14:05:35.166616
-17.0,-412.0,882.0,14:05:35.177106
137.0,-340.0,995.0,14:05:35.186513
7.0,-389.0,1199.0,14:05:35.195986
-72.0,-587.0,1006.0,14:05:35.206451
188.0,-518.0,548.0,14:05:35.215917
-25.0,-485.0,925.0,14:05:35.226549
13.0,-644.0,1279.0,14:05:35.235955
100.0,-484.0,931.0,14:05:35.245290
-53.0,-377.0,754.0,14:05:35.255807
39.0,-515.0,971.0,14:05:35.265338
13.0,-642.0,1087.0,14:05:35.275861
82.0,-513.0,955.0,14:05:35.285253
101.0,-289.0,682.0,14:05:35.294693
-115.0,-497.0,1171.0,14:05:35.305251
1.0,-621.0,1140.0,14:05:35.314633
43.0,-439.0,701.0,14:05:35.325106
-4.0,-417.0,866.0,14:05:35.334414
99.0,-617.0,982.0,14:05:35.343885
147.0,-518.0,1015.0,14:05:35.354311
21.0,-539.0,984.0,14:05:35.363750
39.0,-436.0,850.0,14:05:35.374245
-9.0,-435.0,869.0,14:05:35.383688
-40.0,-648.0,1263.0,14:05:35.394130
65.0,-426.0,641.0,14:05:35.403571
-82.0,-351.0,596.0,14:05:35.413026
-129.0,-405.0,1156.0,14:05:35.423604
31.0,-652.0,1035.0,14:05:35.432952
-48.0,-614.0,697.0,14:05:35.442412
-25.0,-370.0,891.0,14:05:35.452924
-8.0,-388.0,996.0,14:05:35.462347
0.0,-430.0,882.0,14:05:35.472827
63.0,-583.0,1035.0,14:05:35.482140
105.0,-549.0,936.0,14:05:35.492669
-52.0,-393.0,919.0,14:05:35.502054
76.0,-510.0,1008.0,14:05:35.511484
-12.0,-592.0,916.0,14:05:35.521921
33.0,-560.0,902.0,14:05:35.531403
-93.0,-621.0,900.0,14:05:35.541894
-152.0,-567.0,967.0,14:05:35.551372
258.0,-439.0,925.0,14:05:35.560717
-113.0,-484.0,781.0,14:05:35.571451
83.0,-545.0,1065.0,14:05:35.580863
-79.0,-486.0,756.0,14:05:35.590226
10.0,-312.0,735.0,14:05:35.600653
-192.0,-405.0,1291.0,14:05:35.610221
-71.0,-542.0,855.0,14:05:35.620661
-11.0,-363.0,724.0,14:05:35.630197
-111.0,-545.0,1223.0,14:05:35.640513
172.0,-378.0,717.0,14:05:35.659162
-20.0,-481.0,970.0,14:05:35.669730
-2.0,-628.0,1053.0,14:05:35.679198
86.0,-297.0,1006.0,14:05:35.689718
-27.0,-326.0,559.0,14:05:35.699255
-60.0,-493.0,1145.0,14:05:35.708540
-25.0,-554.0,1019.0,14:05:35.719068
82.0,-547.0,995.0,14:05:35.728439
-32.0,-557.0,904.0,14:05:35.739055
24.0,-541.0,1039.0,14:05:35.748387
13.0,-586.0,844.0,14:05:35.757846
136.0,-653.0,758.0,14:05:35.768337
-95.0,-470.0,777.0,14:05:35.777801
114.0,-350.0,981.0,14:05:35.788327
-27.0,-325.0,974.0,14:05:35.797814
-61.0,-410.0,791.0,14:05:35.807140
121.0,-445.0,885.0,14:05:35.817736
-34.0,-440.0,957.0,14:05:35.827141
-62.0,-369.0,1062.0,14:05:35.837605
37.0,-483.0,908.0,14:05:35.847066
193.0,-341.0,938.0,14:05:35.856457
115.0,-367.0,981.0,14:05:35.867011
37.0,-496.0,732.0,14:05:35.876392
135.0,-416.0,807.0,14:05:35.886992
-22.0,-432.0,989.0,14:05:35.896482
32.0,-437.0,1130.0,14:05:35.905892
22.0,-482.0,1059.0,14:05:35.916314
33.0,-422.0,919.0,14:05:35.925724
31.0,-447.0,695.0,14:05:35.936149
19.0,-490.0,902.0,14:05:35.945498
186.0,-611.0,1349.0,14:05:35.955937
-87.0,-237.0,975.0,14:05:35.965314
17.0,-405.0,734.0,14:05:35.974771
92.0,-742.0,1137.0,14:05:35.985297
134.0,-579.0,1095.0,14:05:35.994661
41.0,-462.0,914.0,14:05:36.005259
111.0,-359.0,987.0,14:05:36.014560
15.0,-490.0,786.0,14:05:36.024025
7.0,-489.0,828.0,14:05:36.042321
137.0,-380.0,643.0,14:05:36.044813
102.0,-289.0,904.0,14:05:36.054327
-90.0,-314.0,1111.0,14:05:36.063632
111.0,-516.0,856.0,14:05:36.074144
152.0,-598.0,907.0,14:05:36.083621
169.0,-357.0,1020.0,14:05:36.093005
73.0,-420.0,1004.0,14:05:36.103567
62.0,-574.0,1106.0,14:05:36.112925
144.0,-601.0,883.0,14:05:36.123588
150.0,-555.0,791.0,14:05:36.132976
-10.0,-584.0,850.0,14:05:36.142336
122.0,-539.0,1203.0,14:05:36.153026
66.0,-564.0,826.0,14:05:36.162420
118.0,-424.0,675.0,14:05:36.171990
-33.0,-509.0,1095.0,14:05:36.182457
214.0,-178.0,610.0,14:05:36.202186
1.0,-471.0,870.0,14:05:36.211514
100.0,-575.0,1001.0,14:05:36.221961
16.0,-586.0,983.0,14:05:36.231039
-34.0,-392.0,776.0,14:05:36.240812
7.0,-459.0,718.0,14:05:36.251432
-16.0,-657.0,1281.0,14:05:36.260738
-33.0,-624.0,1289.0,14:05:36.271341
-10.0,-436.0,516.0,14:05:36.280811
-22.0,-361.0,914.0,14:05:36.290233
52.0,-869.0,1447.0,14:05:36.300680
96.0,-825.0,834.0,14:05:36.310107
217.0,-447.0,405.0,14:05:36.320568
-16.0,-294.0,1179.0,14:05:36.330058
34.0,-512.0,1281.0,14:05:36.339380
70.0,-273.0,418.0,14:05:36.349913
-99.0,-245.0,692.0,14:05:36.359234
87.0,-466.0,1485.0,14:05:36.369688
-48.0,-512.0,1145.0,14:05:36.379087
106.0,-540.0,837.0,14:05:36.398676
27.0,-399.0,967.0,14:05:36.409233
58.0,-605.0,1088.0,14:05:36.418558
144.0,-607.0,967.0,14:05:36.429048
111.0,-483.0,650.0,14:05:36.438431
-58.0,-460.0,868.0,14:05:36.447809
118.0,-637.0,927.0,14:05:36.458403
196.0,-581.0,646.0,14:05:36.467961
65.0,-520.0,847.0,14:05:36.477462
-27.0,-501.0,1039.0,14:05:36.487957
-101.0,-408.0,800.0,14:05:36.497324
-209.0,-484.0,900.0,14:05:36.507961
20.0,-457.0,939.0,14:05:36.517381
-170.0,-533.0,852.0,14:05:36.526660
113.0,-515.0,943.0,14:05:36.537130
-96.0,-450.0,1099.0,14:05:36.546423
-103.0,-681.0,1016.0,14:05:36.557138
222.0,-613.0,936.0,14:05:36.566462
-63.0,-434.0,1010.0,14:05:36.576009
26.0,-456.0,1123.0,14:05:36.586454
-42.0,-558.0,992.0,14:05:36.596011
116.0,-493.0,731.0,14:05:36.605454
22.0,-426.0,929.0,14:05:36.616015
23.0,-597.0,888.0,14:05:36.625316
35.0,-608.0,703.0,14:05:36.634951
7.0,-464.0,889.0,14:05:36.645379
20.0,-575.0,1204.0,14:05:36.654805
98.0,-213.0,1009.0,14:05:36.665288
-72.0,-299.0,749.0,14:05:36.674901
109.0,-524.0,929.0,14:05:36.684224
6.0,-585.0,1004.0,14:05:36.694757
57.0,-522.0,758.0,14:05:36.704092
35.0,-488.0,775.0,14:05:36.714784
-236.0,-468.0,1150.0,14:05:36.724086
95.0,-558.0,1049.0,14:05:36.733601
38.0,-428.0,444.0,14:05:36.744083
-50.0,-608.0,941.0,14:05:36.753578
-130.0,-626.0,1293.0,14:05:36.764023
9.0,-461.0,943.0,14:05:36.773351
2.0,-558.0,793.0,14:05:36.783793
33.0,-634.0,1084.0,14:05:36.793193
-90.0,-588.0,1101.0,14:05:36.802546
-65.0,-430.0,786.0,14:05:36.813077
46.0,-576.0,942.0,14:05:36.822625
-58.0,-671.0,1149.0,14:05:36.833121
5.0,-750.0,694.0,14:05:36.845983
-39.0,-430.0,914.0,14:05:36.852867
-126.0,-545.0,1098.0,14:05:36.862433
101.0,-445.0,762.0,14:05:36.871851
69.0,-520.0,687.0,14:05:36.881328
-100.0,-334.0,811.0,14:05:36.891904
-106.0,-384.0,687.0,14:05:36.901329
-60.0,-217.0,885.0,14:05:36.911902
-42.0,-363.0,831.0,14:05:36.921315
-130.0,-300.0,784.0,14:05:36.930746
10.0,-660.0,1250.0,14:05:36.941269
-103.0,-563.0,1054.0,14:05:36.950746
-41.0,-441.0,712.0,14:05:36.960154
-46.0,-583.0,1134.0,14:05:36.970706
122.0,-771.0,1194.0,14:05:36.980207
-51.0,-691.0,836.0,14:05:36.990733
25.0,-478.0,847.0,14:05:37.000090
72.0,-565.0,899.0,14:05:37.010589
-91.0,-550.0,1091.0,14:05:37.019867
11.0,-593.0,843.0,14:05:37.029376
-85.0,-518.0,898.0,14:05:37.039775
77.0,-471.0,1050.0,14:05:37.049255
16.0,-375.0,1026.0,14:05:37.059821
102.0,-353.0,716.0,14:05:37.069329
117.0,-401.0,980.0,14:05:37.078652
72.0,-478.0,1064.0,14:05:37.089144
11.0,-444.0,676.0,14:05:37.098448
-26.0,-481.0,852.0,14:05:37.109095
-106.0,-260.0,978.0,14:05:37.118478
-109.0,-287.0,548.0,14:05:37.127930
-126.0,-400.0,1082.0,14:05:37.138379
-91.0,-382.0,1251.0,14:05:37.147957
-69.0,-546.0,790.0,14:05:37.157327
212.0,-529.0,654.0,14:05:37.167883
-112.0,-545.0,1248.0,14:05:37.177260
13.0,-620.0,1331.0,14:05:37.187926
27.0,-597.0,745.0,14:05:37.197224
204.0,-564.0,940.0,14:05:37.206570
63.0,-715.0,1177.0,14:05:37.217082
55.0,-533.0,1074.0,14:05:37.226561
-147.0,-384.0,714.0,14:05:37.244321
110.0,-562.0,713.0,14:05:37.248235
119.0,-588.0,858.0,14:05:37.256548
81.0,-445.0,852.0,14:05:37.265907
132.0,-269.0,894.0,14:05:37.276416
-90.0,-325.0,542.0,14:05:37.285932
25.0,-220.0,893.0,14:05:37.296390
39.0,-274.0,1059.0,14:05:37.305796
127.0,-150.0,541.0,14:05:37.315144
71.0,72.0,381.0,14:05:37.325604
9.0,-143.0,1237.0,14:05:37.334828
2.0,-552.0,1525.0,14:05:37.345305
300.0,-593.0,1333.0,14:05:37.354851
365.0,-295.0,892.0,14:05:37.365375
124.0,-585.0,1358.0,14:05:37.374727
149.0,-872.0,1324.0,14:05:37.384169
89.0,-826.0,809.0,14:05:37.394696
-275.0,-529.0,868.0,14:05:37.404122
-47.0,-756.0,1359.0,14:05:37.414666
-8.0,-897.0,965.0,14:05:37.424096
-81.0,-756.0,688.0,14:05:37.433583
-37.0,-573.0,899.0,14:05:37.444124
178.0,-542.0,892.0,14:05:37.453496
205.0,-492.0,750.0,14:05:37.462878
239.0,-272.0,472.0,14:05:37.473504
78.0,-208.0,711.0,14:05:37.482908
33.0,-113.0,952.0,14:05:37.493451
-148.0,-209.0,919.0,14:05:37.502908
58.0,-488.0,1094.0,14:05:37.512608
179.0,-615.0,1006.0,14:05:37.522046
94.0,-480.0,1027.0,14:05:37.532502
89.0,-425.0,1133.0,14:05:37.542062
36.0,-440.0,1001.0,14:05:37.552504
176.0,-435.0,916.0,14:05:37.561853
83.0,-146.0,582.0,14:05:37.571313
155.0,-397.0,894.0,14:05:37.581842
130.0,-479.0,1184.0,14:05:37.591288
144.0,-673.0,843.0,14:05:37.601729
158.0,-777.0,763.0,14:05:37.611102
186.0,-693.0,1091.0,14:05:37.620522
3.0,-697.0,1117.0,14:05:37.630973
111.0,-667.0,969.0,14:05:37.640379
-58.0,-540.0,879.0,14:05:37.650922
-23.0,-576.0,745.0,14:05:37.660285
27.0,-725.0,737.0,14:05:37.670815
-154.0,-357.0,1102.0,14:05:37.680174
-262.0,-89.0,998.0,14:05:37.689705
70.0,-232.0,1113.0,14:05:37.700254
35.0,-154.0,851.0,14:05:37.709696
192.0,-208.0,602.0,14:05:37.719110
166.0,-446.0,1172.0,14:05:37.729621
149.0,-456.0,1078.0,14:05:37.738993
-157.0,-245.0,575.0,14:05:37.749515
96.0,-377.0,389.0,14:05:37.758791
1.0,-285.0,547.0,14:05:37.769442
-22.0,-621.0,1436.0,14:05:37.778695
23.0,-449.0,1121.0,14:05:37.788123
-39.0,-608.0,1025.0,14:05:37.798623
128.0,-958.0,1387.0,14:05:37.808073
285.0,-922.0,1008.0,14:05:37.818566
82.0,-635.0,586.0,14:05:37.827977
138.0,-570.0,920.0,14:05:37.838524
-30.0,-635.0,897.0,14:05:37.847943
20.0,-468.0,384.0,14:05:37.857300
-79.0,-245.0,528.0,14:05:37.867939
-53.0,-261.0,1159.0,14:05:37.877341
-143.0,-370.0,1295.0,14:05:37.886711
-56.0,-464.0,1009.0,14:05:37.897153
-59.0,-477.0,1044.0,14:05:37.906528
121.0,-497.0,1223.0,14:05:37.917148
-27.0,-520.0,948.0,14:05:37.926481
81.0,-528.0,1023.0,14:05:37.937022
88.0,-511.0,1174.0,14:05:37.946299
38.0,-426.0,936.0,14:05:37.955875
112.0,-339.0,609.0,14:05:37.966385
-85.0,-221.0,623.0,14:05:37.975908
-42.0,-428.0,1020.0,14:05:37.985245
152.0,-475.0,1031.0,14:05:37.995918
-36.0,-469.0,1040.0,14:05:38.005331
202.0,-384.0,744.0,14:05:38.014786
255.0,-414.0,1187.0,14:05:38.025334
172.0,-697.0,1212.0,14:05:38.034850
185.0,-530.0,698.0,14:05:38.048058
91.0,-351.0,743.0,14:05:38.055122
11.0,-461.0,1108.0,14:05:38.064681
66.0,-556.0,849.0,14:05:38.074001
132.0,-596.0,457.0,14:05:38.084574
2.0,-620.0,859.0,14:05:38.093922
163.0,-473.0,1125.0,14:05:38.104473
-56.0,-645.0,1021.0,14:05:38.113829
322.0,-733.0,562.0,14:05:38.123312
76.0,-761.0,603.0,14:05:38.133739
-57.0,-437.0,829.0,14:05:38.143082
-65.0,-129.0,1377.0,14:05:38.153639
-270.0,-205.0,1291.0,14:05:38.163155
262.0,-333.0,518.0,14:05:38.172533
62.0,-462.0,687.0,14:05:38.183013
167.0,-570.0,1439.0,14:05:38.192531
-52.0,-521.0,1350.0,14:05:38.203042
-213.0,-555.0,1068.0,14:05:38.212472
120.0,-599.0,856.0,14:05:38.221771
-6.0,-649.0,821.0,14:05:38.232270
113.0,-669.0,864.0,14:05:38.241688
-50.0,-300.0,1074.0,14:05:38.252179
16.0,-317.0,1042.0,14:05:38.261541
-116.0,-440.0,639.0,14:05:38.272087
39.0,-600.0,1153.0,14:05:38.281492
-11.0,-639.0,1173.0,14:05:38.290907
27.0,-430.0,974.0,14:05:38.301363
56.0,-505.0,843.0,14:05:38.310803
97.0,-789.0,947.0,14:05:38.321346
77.0,-604.0,824.0,14:05:38.330678
68.0,-439.0,663.0,14:05:38.340141
-103.0,-451.0,740.0,14:05:38.359793
22.0,-358.0,921.0,14:05:38.370368
-267.0,-313.0,966.0,14:05:38.379660
-80.0,-272.0,902.0,14:05:38.390324
32.0,-448.0,854.0,14:05:38.399590
69.0,-673.0,1081.0,14:05:38.410145
176.0,-493.0,860.0,14:05:38.419525
-89.0,-360.0,1127.0,14:05:38.429057
82.0,-598.0,1146.0,14:05:38.447544
63.0,-585.0,832.0,14:05:38.449122
164.0,-289.0,660.0,14:05:38.458788
-42.0,-435.0,1029.0,14:05:38.469227
-103.0,-458.0,1078.0,14:05:38.478693
-5.0,-535.0,879.0,14:05:38.488054
182.0,-455.0,885.0,14:05:38.498557
45.0,-621.0,862.0,14:05:38.507978
-7.0,-411.0,648.0,14:05:38.517452
-14.0,-334.0,1227.0,14:05:38.528000
-48.0,-262.0,1252.0,14:05:38.537369
98.0,-430.0,817.0,14:05:38.548085
28.0,-321.0,830.0,14:05:38.557520
26.0,-474.0,1155.0,14:05:38.567019
125.0,-497.0,1036.0,14:05:38.577718
-5.0,-622.0,954.0,14:05:38.587057
132.0,-752.0,891.0,14:05:38.596475
196.0,-549.0,812.0,14:05:38.606998
95.0,-494.0,814.0,14:05:38.616486
-46.0,-418.0,965.0,14:05:38.626963
33.0,-343.0,995.0,14:05:38.636399
-246.0,-248.0,874.0,14:05:38.645864
216.0,-375.0,749.0,14:05:38.656377
49.0,-288.0,1004.0,14:05:38.665706
178.0,-329.0,1167.0,14:05:38.675165
2.0,-374.0,1069.0,14:05:38.685568
142.0,-479.0,927.0,14:05:38.694962
238.0,-499.0,1164.0,14:05:38.705417
130.0,-615.0,1098.0,14:05:38.714994
105.0,-546.0,828.0,14:05:38.725429
29.0,-428.0,930.0,14:05:38.734814
-65.0,-600.0,1027.0,14:05:38.744176
28.0,-587.0,877.0,14:05:38.754842
-84.0,-518.0,820.0,14:05:38.764149
139.0,-448.0,675.0,14:05:38.774836
31.0,-414.0,811.0,14:05:38.784242
179.0,-511.0,824.0,14:05:38.793674
18.0,-454.0,942.0,14:05:38.804105
54.0,-452.0,961.0,14:05:38.813634
122.0,-492.0,791.0,14:05:38.824025
15.0,-323.0,592.0,14:05:38.833562
133.0,-289.0,840.0,14:05:38.842835
81.0,-552.0,1167.0,14:05:38.853334
27.0,-369.0,710.0,14:05:38.862610
-72.0,-457.0,894.0,14:05:38.873261
1.0,-638.0,1582.0,14:05:38.882660
241.0,-599.0,920.0,14:05:38.892084
97.0,-638.0,730.0,14:05:38.902665
-18.0,-679.0,1744.0,14:05:38.912100
152.0,-695.0,926.0,14:05:38.922539
61.0,-413.0,305.0,14:05:38.931915
95.0,-344.0,1145.0,14:05:38.941329
-130.0,-535.0,1407.0,14:05:38.951885
156.0,-583.0,692.0,14:05:38.961302
-1.0,-386.0,856.0,14:05:38.971779
124.0,-538.0,1267.0,14:05:38.981219
193.0,-406.0,1049.0,14:05:38.990658
-69.0,-418.0,971.0,14:05:39.001230
68.0,-619.0,939.0,14:05:39.010599
12.0,-477.0,900.0,14:05:39.021031
-15.0,-300.0,648.0,14:05:39.030619
50.0,-307.0,378.0,14:05:39.039927
-127.0,-425.0,917.0,14:05:39.050399
111.0,-400.0,798.0,14:05:39.059737
128.0,-176.0,657.0,14:05:39.070294
-50.0,-117.0,973.0,14:05:39.079624
4.0,-643.0,1308.0,14:05:39.089090
211.0,-495.0,873.0,14:05:39.099484
253.0,-524.0,1053.0,14:05:39.109025
22.0,-608.0,1256.0,14:05:39.119441
89.0,-678.0,1300.0,14:05:39.128770
289.0,-682.0,672.0,14:05:39.139171
208.0,-676.0,1154.0,14:05:39.148569
124.0,-585.0,1007.0,14:05:39.159086
-79.0,-589.0,1012.0,14:05:39.168453
78.0,-478.0,744.0,14:05:39.177873
-146.0,-608.0,951.0,14:05:39.188427
-6.0,-774.0,950.0,14:05:39.197779
-24.0,-383.0,623.0,14:05:39.208377
-143.0,-252.0,812.0,14:05:39.217839
90.0,-590.0,1118.0,14:05:39.227230
-96.0,-380.0,1022.0,14:05:39.237784
123.0,-165.0,570.0,14:05:39.249177
62.0,-170.0,753.0,14:05:39.257295
11.0,-245.0,1362.0,14:05:39.266649
-65.0,-112.0,1034.0,14:05:39.277193
-5.0,-424.0,657.0,14:05:39.286510
-107.0,-541.0,841.0,14:05:39.297148
47.0,-722.0,1523.0,14:05:39.306521
101.0,-532.0,919.0,14:05:39.316091
190.0,-655.0,501.0,14:05:39.326534
34.0,-577.0,955.0,14:05:39.335991
-12.0,-644.0,1381.0,14:05:39.345404
51.0,-518.0,834.0,14:05:39.356116
61.0,-318.0,360.0,14:05:39.365523
16.0,-737.0,1067.0,14:05:39.374884
-10.0,-612.0,993.0,14:05:39.385390
152.0,-375.0,665.0,14:05:39.394842
47.0,-619.0,1127.0,14:05:39.405264
20.0,-686.0,989.0,14:05:39.414712
33.0,-377.0,367.0,14:05:39.425152
-133.0,-724.0,1439.0,14:05:39.434694
192.0,-595.0,1020.0,14:05:39.444036
-75.0,-240.0,740.0,14:05:39.454608
107.0,-3.0,974.0,14:05:39.464017
-85.0,-516.0,1447.0,14:05:39.473481
25.0,-540.0,615.0,14:05:39.484011
-49.0,-488.0,709.0,14:05:39.493342
-50.0,-396.0,1343.0,14:05:39.503828
-44.0,-545.0,1328.0,14:05:39.513269
74.0,-465.0,848.0,14:05:39.523733
132.0,-497.0,490.0,14:05:39.533087
-22.0,-543.0,1228.0,14:05:39.542546
170.0,-797.0,1217.0,14:05:39.553060
66.0,-558.0,820.0,14:05:39.562506
-159.0,-429.0,708.0,14:05:39.572989
161.0,-447.0,870.0,14:05:39.582532
67.0,-680.0,977.0,14:05:39.591814
170.0,-336.0,723.0,14:05:39.602474
30.0,-226.0,815.0,14:05:39.611785
33.0,-452.0,908.0,14:05:39.622316
46.0,-645.0,640.0,14:05:39.631554
-5.0,-603.0,800.0,14:05:39.650247
-94.0,-426.0,783.0,14:05:39.651648
101.0,-443.0,811.0,14:05:39.661039
-10.0,-263.0,877.0,14:05:39.671573
-176.0,-307.0,1144.0,14:05:39.680884
1.0,-520.0,1173.0,14:05:39.691405
-86.0,-482.0,1052.0,14:05:39.700683
22.0,-568.0,931.0,14:05:39.710281
-183.0,-776.0,1562.0,14:05:39.720671
11.0,-856.0,1328.0,14:05:39.730124
-155.0,-649.0,515.0,14:05:39.740605
162.0,-575.0,607.0,14:05:39.750084
-3.0,-513.0,898.0,14:05:39.759386
-11.0,-272.0,751.0,14:05:39.769914
-105.0,-245.0,924.0,14:05:39.779287
-157.0,-218.0,903.0,14:05:39.789943
-158.0,-338.0,993.0,14:05:39.799360
53.0,-291.0,983.0,14:05:39.808988
123.0,-387.0,747.0,14:05:39.819473
67.0,-457.0,1157.0,14:05:39.829029
-52.0,-363.0,1069.0,14:05:39.838345
152.0,-547.0,1003.0,14:05:39.848919
147.0,-439.0,771.0,14:05:39.858257
273.0,-456.0,941.0,14:05:39.867860
17.0,-495.0,703.0,14:05:39.878309
-51.0,-434.0,981.0,14:05:39.887756
-36.0,-713.0,1063.0,14:05:39.898370
33.0,-842.0,763.0,14:05:39.907835
98.0,-366.0,795.0,14:05:39.917166
81.0,-476.0,1049.0,14:05:39.927615
106.0,-652.0,1150.0,14:05:39.937207
-17.0,-392.0,595.0,14:05:39.946559
-73.0,-342.0,848.0,14:05:39.957075
115.0,-464.0,985.0,14:05:39.966422
-66.0,-316.0,925.0,14:05:39.977111
-79.0,-441.0,1010.0,14:05:39.986453
-35.0,-558.0,962.0,14:05:39.995883
-198.0,-432.0,990.0,14:05:40.006440
228.0,-636.0,1036.0,14:05:40.015941
6.0,-576.0,805.0,14:05:40.026430
-9.0,-698.0,922.0,14:05:40.035921
131.0,-459.0,603.0,14:05:40.045210
-161.0,-264.0,835.0,14:05:40.055896
7.0,-200.0,1036.0,14:05:40.065278
-5.0,-440.0,999.0,14:05:40.074779
-21.0,-435.0,651.0,14:05:40.085253
-57.0,-297.0,729.0,14:05:40.094842
106.0,-503.0,1221.0,14:05:40.105330
123.0,-506.0,1006.0,14:05:40.114750
10.0,-602.0,1043.0,14:05:40.124083
49.0,-625.0,1061.0,14:05:40.134702
164.0,-624.0,975.0,14:05:40.144053
130.0,-654.0,1189.0,14:05:40.154648
-29.0,-668.0,1046.0,14:05:40.163990
17.0,-581.0,904.0,14:05:40.173386
-31.0,-466.0,948.0,14:05:40.183779
59.0,-550.0,932.0,14:05:40.193351
58.0,-407.0,754.0,14:05:40.203778
109.0,-404.0,652.0,14:05:40.213177
24.0,-317.0,872.0,14:05:40.223686
120.0,-561.0,1351.0,14:05:40.233004
142.0,-343.0,708.0,14:05:40.242484
39.0,-463.0,803.0,14:05:40.253032
9.0,-255.0,1170.0,14:05:40.262419
33.0,-482.0,1144.0,14:05:40.271849
131.0,-496.0,688.0,14:05:40.282468
-55.0,-406.0,864.0,14:05:40.291931
9.0,-469.0,1017.0,14:05:40.302480
69.0,-445.0,721.0,14:05:40.311834
43.0,-349.0,339.0,14:05:40.321289
54.0,-545.0,1198.0,14:05:40.331784
-129.0,-550.0,1337.0,14:05:40.341306
67.0,-403.0,638.0,14:05:40.350706
-115.0,-499.0,1033.0,14:05:40.361265
-7.0,-518.0,1140.0,14:05:40.370712
71.0,-649.0,948.0,14:05:40.380231
-184.0,-526.0,1000.0,14:05:40.390751
-120.0,-428.0,779.0,14:05:40.400171
213.0,-678.0,928.0,14:05:40.410689
61.0,-432.0,923.0,14:05:40.420097
164.0,-550.0,946.0,14:05:40.429494
67.0,-376.0,950.0,14:05:40.440109
-9.0,-430.0,868.0,14:05:40.452522
162.0,-516.0,731.0,14:05:40.459876
171.0,-570.0,909.0,14:05:40.469185
180.0,-473.0,1140.0,14:05:40.479607
70.0,-549.0,788.0,14:05:40.489089
53.0,-465.0,844.0,14:05:40.499541
85.0,-357.0,1316.0,14:05:40.508941
118.0,-278.0,1044.0,14:05:40.518303
108.0,-189.0,856.0,14:05:40.528835
122.0,-363.0,918.0,14:05:40.538181
28.0,-537.0,1024.0,14:05:40.548676
170.0,-406.0,863.0,14:05:40.557983
71.0,-511.0,955.0,14:05:40.568489
26.0,-694.0,1090.0,14:05:40.577929
70.0,-563.0,956.0,14:05:40.587350
-92.0,-498.0,800.0,14:05:40.597909
55.0,-552.0,880.0,14:05:40.607305
-26.0,-514.0,884.0,14:05:40.617938
-188.0,-401.0,1030.0,14:05:40.627263
9.0,-548.0,892.0,14:05:40.636598
-114.0,-303.0,742.0,14:05:40.647120
9.0,-614.0,944.0,14:05:40.656443
60.0,-468.0,753.0,14:05:40.666949
-48.0,-419.0,977.0,14:05:40.676308
74.0,-605.0,1132.0,14:05:40.685890
9.0,-805.0,885.0,14:05:40.696399
19.0,-617.0,691.0,14:05:40.705980
35.0,-534.0,889.0,14:05:40.716457
160.0,-387.0,1049.0,14:05:40.726031
-31.0,-402.0,964.0,14:05:40.735311
265.0,-541.0,629.0,14:05:40.745914
62.0,-486.0,806.0,14:05:40.755313
121.0,-539.0,1133.0,14:05:40.764839
-98.0,-559.0,1132.0,14:05:40.775328
-47.0,-526.0,903.0,14:05:40.784809
93.0,-675.0,1022.0,14:05:40.795268
59.0,-684.0,1132.0,14:05:40.804783
26.0,-455.0,928.0,14:05:40.814061
-168.0,-333.0,926.0,14:05:40.824665
-89.0,-606.0,886.0,14:05:40.834057
-94.0,-496.0,823.0,14:05:40.843580
-86.0,-411.0,1092.0,14:05:40.854161
-83.0,-331.0,825.0,14:05:40.863640
-96.0,-403.0,889.0,14:05:40.874168
-25.0,-620.0,914.0,14:05:40.883575
127.0,-349.0,755.0,14:05:40.893092
-35.0,-308.0,872.0,14:05:40.903653
109.0,-400.0,936.0,14:05:40.913124
-145.0,-568.0,1004.0,14:05:40.922549
109.0,-648.0,1080.0,14:05:40.933070
106.0,-543.0,719.0,14:05:40.942495
-24.0,-622.0,907.0,14:05:40.952964
139.0,-623.0,1241.0,14:05:40.962473
118.0,-579.0,939.0,14:05:40.971837
-12.0,-414.0,586.0,14:05:40.982421
116.0,-562.0,900.0,14:05:40.991847
143.0,-486.0,896.0,14:05:41.002330
16.0,-491.0,609.0,14:05:41.011684
106.0,-357.0,869.0,14:05:41.020937
26.0,-425.0,1190.0,14:05:41.031393
-63.0,-221.0,874.0,14:05:41.040761
30.0,-311.0,839.0,14:05:41.051310
-122.0,-357.0,1136.0,14:05:41.060745
25.0,-577.0,1196.0,14:05:41.070156
113.0,-467.0,1044.0,14:05:41.080679
-63.0,-214.0,915.0,14:05:41.090156
38.0,-667.0,1107.0,14:05:41.100613
92.0,-611.0,818.0,14:05:41.109991
105.0,-493.0,800.0,14:05:41.120519
68.0,-469.0,963.0,14:05:41.129880
48.0,-563.0,966.0,14:05:41.139340
-69.0,-642.0,864.0,14:05:41.149759
157.0,-473.0,559.0,14:05:41.159316
-27.0,-541.0,856.0,14:05:41.169794
-54.0,-664.0,1214.0,14:05:41.179282
8.0,-558.0,656.0,14:05:41.188578
-12.0,-264.0,619.0,14:05:41.199102
-132.0,-282.0,1128.0,14:05:41.208416
-13.0,-417.0,820.0,14:05:41.219104
1.0,-449.0,881.0,14:05:41.228495
-88.0,-524.0,1142.0,14:05:41.237958
34.0,-558.0,941.0,14:05:41.248455
-89.0,-605.0,934.0,14:05:41.257953
44.0,-713.0,1062.0,14:05:41.268427
130.0,-642.0,1085.0,14:05:41.277907
49.0,-389.0,595.0,14:05:41.287334
-67.0,-468.0,903.0,14:05:41.297952
33.0,-522.0,1056.0,14:05:41.307275
-93.0,-387.0,701.0,14:05:41.316655
-11.0,-380.0,961.0,14:05:41.327279
-7.0,-413.0,1231.0,14:05:41.336630
-4.0,-393.0,918.0,14:05:41.347077
102.0,-335.0,923.0,14:05:41.356551
27.0,-569.0,1152.0,14:05:41.365868
99.0,-524.0,1109.0,14:05:41.376433
136.0,-460.0,864.0,14:05:41.385911
57.0,-618.0,828.0,14:05:41.396452
79.0,-514.0,947.0,14:05:41.405885
173.0,-643.0,897.0,14:05:41.415217
-7.0,-579.0,669.0,14:05:41.425835
42.0,-502.0,689.0,14:05:41.435207
-9.0,-494.0,683.0,14:05:41.445643
-5.0,-412.0,815.0,14:05:41.455070
-143.0,-434.0,1006.0,14:05:41.465497
162.0,-440.0,817.0,14:05:41.474983
8.0,-356.0,751.0,14:05:41.484319
-62.0,-496.0,1080.0,14:05:41.494802
-4.0,-543.0,1129.0,14:05:41.504148
-25.0,-528.0,909.0,14:05:41.514762
-82.0,-382.0,876.0,14:05:41.524189
63.0,-635.0,1141.0,14:05:41.533561
-158.0,-634.0,892.0,14:05:41.544108
20.0,-469.0,769.0,14:05:41.553616
73.0,-544.0,1112.0,14:05:41.564028
27.0,-468.0,1034.0,14:05:41.573478
77.0,-593.0,780.0,14:05:41.582761
46.0,-562.0,959.0,14:05:41.593251
34.0,-539.0,1007.0,14:05:41.602551
-8.0,-373.0,930.0,14:05:41.613151
-46.0,-215.0,939.0,14:05:41.622598
58.0,-449.0,945.0,14:05:41.632063
-28.0,-450.0,773.0,14:05:41.642678
29.0,-356.0,893.0,14:05:41.656166
-76.0,-367.0,910.0,14:05:41.662261
0.0,-347.0,881.0,14:05:41.671668
141.0,-467.0,733.0,14:05:41.682271
3.0,-611.0,961.0,14:05:41.691619
93.0,-519.0,1180.0,14:05:41.701034
8.0,-425.0,857.0,14:05:41.711661
56.0,-477.0,849.0,14:05:41.720983
74.0,-641.0,1251.0,14:05:41.731442
30.0,-669.0,818.0,14:05:41.740763
55.0,-445.0,757.0,14:05:41.751374
-84.0,-540.0,1368.0,14:05:41.760730
34.0,-629.0,971.0,14:05:41.770184
193.0,-457.0,407.0,14:05:41.780643
13.0,-521.0,1064.0,14:05:41.790109
65.0,-442.0,1122.0,14:05:41.800616
-33.0,-361.0,846.0,14:05:41.810113
-82.0,-499.0,865.0,14:05:41.819415
13.0,-612.0,985.0,14:05:41.829947
-6.0,-532.0,987.0,14:05:41.839352
120.0,-353.0,784.0,14:05:41.849929
-85.0,-397.0,983.0,14:05:41.859211
-15.0,-417.0,871.0,14:05:41.868626
-37.0,-517.0,845.0,14:05:41.879102
40.0,-422.0,712.0,14:05:41.888448
59.0,-398.0,935.0,14:05:41.898839
76.0,-497.0,1002.0,14:05:41.908232
-92.0,-564.0,1006.0,14:05:41.918667
200.0,-597.0,835.0,14:05:41.928026
131.0,-507.0,605.0,14:05:41.938616
119.0,-465.0,941.0,14:05:41.947971
-52.0,-486.0,1332.0,14:05:41.957342
-82.0,-499.0,865.0,14:05:41.967931
41.0,-520.0,704.0,14:05:41.977211
-229.0,-369.0,1064.0,14:05:41.987899
98.0,-620.0,1160.0,14:05:41.997275
4.0,-552.0,990.0,14:05:42.006602
-46.0,-405.0,709.0,14:05:42.017062
153.0,-422.0,1103.0,14:05:42.026462
-97.0,-554.0,1078.0,14:05:42.037122
216.0,-553.0,749.0,14:05:42.046454
-11.0,-527.0,879.0,14:05:42.057020
-78.0,-541.0,757.0,14:05:42.066746
-23.0,-479.0,954.0,14:05:42.076204
-58.0,-435.0,1142.0,14:05:42.085524
-90.0,-359.0,1079.0,14:05:42.096096
29.0,-341.0,855.0,14:05:42.105562
-61.0,-361.0,899.0,14:05:42.116116
30.0,-637.0,1259.0,14:05:42.125467
-34.0,-447.0,865.0,14:05:42.134817
46.0,-459.0,702.0,14:05:42.145442
143.0,-694.0,1036.0,14:05:42.154738
-20.0,-612.0,1143.0,14:05:42.165226
155.0,-530.0,803.0,14:05:42.174639
41.0,-460.0,716.0,14:05:42.184016
-8.0,-478.0,1152.0,14:05:42.194609
147.0,-593.0,848.0,14:05:42.204053
-55.0,-479.0,623.0,14:05:42.214566
186.0,-556.0,1045.0,14:05:42.223985
-141.0,-457.0,1029.0,14:05:42.233301
-34.0,-387.0,776.0,14:05:42.243919
-80.0,-441.0,953.0,14:05:42.253226
-121.0,-557.0,938.0,14:05:42.263817
26.0,-570.0,840.0,14:05:42.273114
43.0,-384.0,808.0,14:05:42.283661
-148.0,-416.0,977.0,14:05:42.293024
81.0,-587.0,954.0,14:05:42.302581
-37.0,-342.0,707.0,14:05:42.313009
8.0,-560.0,1168.0,14:05:42.322521
134.0,-601.0,955.0,14:05:42.331847
-7.0,-408.0,828.0,14:05:42.342511
75.0,-466.0,1210.0,14:05:42.351839
78.0,-675.0,978.0,14:05:42.362495
33.0,-428.0,860.0,14:05:42.371855
69.0,-499.0,1057.0,14:05:42.381306
20.0,-664.0,910.0,14:05:42.391761
5.0,-442.0,838.0,14:05:42.401036
39.0,-560.0,813.0,14:05:42.411519
-193.0,-527.0,1098.0,14:05:42.420946
31.0,-497.0,898.0,14:05:42.431407
-185.0,-342.0,729.0,14:05:42.440776
45.0,-526.0,1041.0,14:05:42.450293
-116.0,-476.0,994.0,14:05:42.460886
-56.0,-449.0,895.0,14:05:42.470307
85.0,-337.0,996.0,14:05:42.480744
-25.0,-422.0,931.0,14:05:42.490326
190.0,-456.0,845.0,14:05:42.499651
1.0,-550.0,869.0,14:05:42.510244
99.0,-591.0,928.0,14:05:42.519594
147.0,-521.0,836.0,14:05:42.529139
248.0,-409.0,809.0,14:05:42.539685
96.0,-381.0,1022.0,14:05:42.549067
9.0,-364.0,920.0,14:05:42.559661
-69.0,-467.0,1043.0,14:05:42.569090
-75.0,-394.0,1054.0,14:05:42.578522
-8.0,-739.0,1130.0,14:05:42.589064
69.0,-629.0,857.0,14:05:42.598450
-105.0,-490.0,1043.0,14:05:42.607905
73.0,-572.0,895.0,14:05:42.618388
83.0,-516.0,960.0,14:05:42.628365
144.0,-571.0,740.0,14:05:42.638084
140.0,-545.0,717.0,14:05:42.647482
171.0,-350.0,817.0,14:05:42.658084
58.0,-360.0,829.0,14:05:42.667393
134.0,-297.0,779.0,14:05:42.677958
-63.0,-586.0,998.0,14:05:42.687373
52.0,-511.0,881.0,14:05:42.696740
137.0,-361.0,969.0,14:05:42.707257
-13.0,-417.0,1002.0,14:05:42.716675
108.0,-452.0,981.0,14:05:42.727156
-14.0,-487.0,1028.0,14:05:42.736529
8.0,-527.0,958.0,14:05:42.745890
47.0,-493.0,890.0,14:05:42.756465
-24.0,-617.0,1150.0,14:05:42.765830
169.0,-715.0,882.0,14:05:42.776379
161.0,-625.0,662.0,14:05:42.785717
-89.0,-504.0,955.0,14:05:42.796238
15.0,-634.0,1258.0,14:05:42.805586
68.0,-534.0,783.0,14:05:42.814999
-79.0,-394.0,729.0,14:05:42.825376
44.0,-358.0,971.0,14:05:42.834919
40.0,-502.0,1168.0,14:05:42.845390
71.0,-281.0,853.0,14:05:42.859168
-37.0,-302.0,674.0,14:05:42.864499
-68.0,-429.0,1047.0,14:05:42.875057
61.0,-507.0,1382.0,14:05:42.884481
104.0,-537.0,748.0,14:05:42.893761
45.0,-333.0,581.0,14:05:42.904331
34.0,-469.0,1022.0,14:05:42.913590
61.0,-508.0,997.0,14:05:42.924121
121.0,-409.0,757.0,14:05:42.933610
-75.0,-478.0,897.0,14:05:42.942968
114.0,-355.0,1030.0,14:05:42.953538
-77.0,-316.0,851.0,14:05:42.962934
-31.0,-373.0,871.0,14:05:42.973535
58.0,-520.0,1125.0,14:05:42.982916
-26.0,-462.0,1103.0,14:05:42.992423
165.0,-504.0,1326.0,14:05:43.003016
74.0,-605.0,957.0,14:05:43.012409
154.0,-664.0,788.0,14:05:43.021869
185.0,-784.0,967.0,14:05:43.032484
132.0,-663.0,790.0,14:05:43.041990
60.0,-441.0,845.0,14:05:43.051381
-3.0,-513.0,959.0,14:05:43.061833
-115.0,-550.0,811.0,14:05:43.071287
14.0,-626.0,665.0,14:05:43.081821
74.0,-470.0,684.0,14:05:43.091289
92.0,-319.0,1087.0,14:05:43.100653
76.0,-301.0,991.0,14:05:43.111291
-63.0,-183.0,808.0,14:05:43.120611
82.0,-259.0,616.0,14:05:43.131187
-105.0,-355.0,981.0,14:05:43.140483
49.0,-548.0,1215.0,14:05:43.151050
30.0,-602.0,1234.0,14:05:43.160444
-69.0,-486.0,1003.0,14:05:43.169884
85.0,-589.0,854.0,14:05:43.180332
-54.0,-767.0,1195.0,14:05:43.189835
179.0,-726.0,1094.0,14:05:43.200262
119.0,-603.0,882.0,14:05:43.209627
-166.0,-455.0,746.0,14:05:43.218978
180.0,-666.0,811.0,14:05:43.229519
62.0,-466.0,746.0,14:05:43.238962
185.0,-458.0,865.0,14:05:43.249411
-67.0,-503.0,1139.0,14:05:43.263076
-29.0,-675.0,830.0,14:05:43.268783
132.0,-430.0,884.0,14:05:43.278276
112.0,-482.0,784.0,14:05:43.288709
165.0,-369.0,790.0,14:05:43.298194
-18.0,-566.0,939.0,14:05:43.308679
46.0,-528.0,762.0,14:05:43.318065
231.0,-436.0,875.0,14:05:43.327392
-46.0,-498.0,947.0,14:05:43.337894
-80.0,-455.0,890.0,14:05:43.347342
-18.0,-469.0,980.0,14:05:43.357941
84.0,-491.0,798.0,14:05:43.367302
86.0,-690.0,1179.0,14:05:43.377827
13.0,-378.0,775.0,14:05:43.387215
-147.0,-372.0,826.0,14:05:43.396617
-7.0,-559.0,1233.0,14:05:43.407111
20.0,-720.0,1114.0,14:05:43.416374
19.0,-463.0,552.0,14:05:43.426000
-54.0,-619.0,1063.0,14:05:43.436417
-171.0,-466.0,996.0,14:05:43.445888
4.0,-501.0,593.0,14:05:43.456455
59.0,-554.0,823.0,14:05:43.465995
-28.0,-303.0,1125.0,14:05:43.475387
121.0,-312.0,748.0,14:05:43.486064
-13.0,-285.0,832.0,14:05:43.495445
19.0,-448.0,1020.0,14:05:43.504870
-15.0,-710.0,883.0,14:05:43.515365
55.0,-598.0,1025.0,14:05:43.524830
-69.0,-144.0,1041.0,14:05:43.535299
-39.0,-360.0,1204.0,14:05:43.544818
-31.0,-404.0,854.0,14:05:43.554185
-92.0,-572.0,885.0,14:05:43.564723
-35.0,-505.0,1054.0,14:05:43.574078
62.0,-694.0,1253.0,14:05:43.583651
-3.0,-636.0,918.0,14:05:43.594082
288.0,-843.0,915.0,14:05:43.603480
58.0,-799.0,872.0,14:05:43.614031
136.0,-522.0,705.0,14:05:43.623457
-55.0,-433.0,1099.0,14:05:43.634000
4.0,-462.0,1199.0,14:05:43.643321
-53.0,-376.0,550.0,14:05:43.652780
-220.0,-311.0,789.0,14:05:43.663263
33.0,-237.0,1131.0,14:05:43.672639
-114.0,-365.0,761.0,14:05:43.683148
116.0,-395.0,710.0,14:05:43.692613
38.0,-603.0,1282.0,14:05:43.701967
-50.0,-672.0,758.0,14:05:43.712619
116.0,-552.0,1080.0,14:05:43.721905
-179.0,-610.0,1527.0,14:05:43.732559
109.0,-709.0,917.0,14:05:43.741899
132.0,-338.0,398.0,14:05:43.751553
-40.0,-547.0,1369.0,14:05:43.761951
-66.0,-557.0,1097.0,14:05:43.771421
-83.0,-543.0,521.0,14:05:43.780785
147.0,-516.0,789.0,14:05:43.791331
35.0,-596.0,1078.0,14:05:43.800742
55.0,-557.0,780.0,14:05:43.811332
-34.0,-455.0,759.0,14:05:43.820765
-65.0,-503.0,1022.0,14:05:43.830163
91.0,-453.0,854.0,14:05:43.840736
104.0,-394.0,837.0,14:05:43.850177
-117.0,-320.0,786.0,14:05:43.860711
-28.0,-415.0,845.0,14:05:43.870177
-51.0,-226.0,802.0,14:05:43.879541
-134.0,-426.0,991.0,14:05:43.890158
-72.0,-427.0,970.0,14:05:43.899558
-58.0,-725.0,893.0,14:05:43.909068
-45.0,-596.0,986.0,14:05:43.919636
13.0,-589.0,989.0,14:05:43.929020
143.0,-695.0,879.0,14:05:43.938535
72.0,-530.0,618.0,14:05:43.949027
-30.0,-474.0,1057.0,14:05:43.958559
-123.0,-450.0,901.0,14:05:43.969088
-2.0,-434.0,728.0,14:05:43.978477
20.0,-355.0,966.0,14:05:43.987877
-121.0,-468.0,1132.0,14:05:43.998447
-90.0,-577.0,1027.0,14:05:44.007928
177.0,-481.0,738.0,14:05:44.017297
96.0,-399.0,857.0,14:05:44.028006
69.0,-581.0,750.0,14:05:44.037339
185.0,-634.0,1048.0,14:05:44.047911
-129.0,-366.0,1169.0,14:05:44.063058
-92.0,-244.0,1025.0,14:05:44.066870
6.0,-301.0,1045.0,14:05:44.077504
108.0,-479.0,1083.0,14:05:44.086941
14.0,-497.0,908.0,14:05:44.096270
-22.0,-679.0,1020.0,14:05:44.106712
256.0,-559.0,1092.0,14:05:44.116120
221.0,-478.0,815.0,14:05:44.126600
138.0,-613.0,757.0,14:05:44.135950
46.0,-352.0,508.0,14:05:44.146473
-67.0,-498.0,975.0,14:05:44.155959
17.0,-422.0,914.0,14:05:44.165261
153.0,-550.0,829.0,14:05:44.175968
52.0,-592.0,994.0,14:05:44.185221
33.0,-662.0,1256.0,14:05:44.195928
-79.0,-504.0,814.0,14:05:44.205205
93.0,-406.0,523.0,14:05:44.214754
49.0,-577.0,1228.0,14:05:44.225232
186.0,-826.0,918.0,14:05:44.234883
1.0,-471.0,204.0,14:05:44.244220
-174.0,-377.0,938.0,14:05:44.254920
50.0,-378.0,1061.0,14:05:44.264315
-4.0,-336.0,710.0,14:05:44.273713
-79.0,-279.0,754.0,14:05:44.284215
40.0,-438.0,782.0,14:05:44.293697
34.0,-334.0,1239.0,14:05:44.304216
-30.0,-388.0,1252.0,14:05:44.313678
158.0,-556.0,874.0,14:05:44.323055
-23.0,-602.0,1204.0,14:05:44.333740
35.0,-710.0,1250.0,14:05:44.343044
132.0,-585.0,882.0,14:05:44.352577
-44.0,-581.0,914.0,14:05:44.363057
82.0,-737.0,989.0,14:05:44.372544
-126.0,-459.0,538.0,14:05:44.383056
-13.0,-696.0,806.0,14:05:44.392572
-60.0,-488.0,871.0,14:05:44.401893
-8.0,-272.0,414.0,14:05:44.412447
31.0,-181.0,686.0,14:05:44.421915
-139.0,-419.0,1962.0,14:05:44.431340
-81.0,-337.0,1495.0,14:05:44.441779
17.0,-416.0,945.0,14:05:44.451220
190.0,-827.0,1488.0,14:05:44.464455
178.0,-739.0,1086.0,14:05:44.471035
48.0,-578.0,851.0,14:05:44.481612
101.0,-631.0,882.0,14:05:44.491002
60.0,-780.0,608.0,14:05:44.500306
58.0,-564.0,190.0,14:05:44.510778
62.0,-479.0,588.0,14:05:44.520228
-127.0,-347.0,1175.0,14:05:44.530763
65.0,-283.0,803.0,14:05:44.540175
-129.0,-20.0,691.0,14:05:44.550713
112.0,-201.0,882.0,14:05:44.560164
1.0,-179.0,1002.0,14:05:44.569601
0.0,-164.0,811.0,14:05:44.580119
-88.0,-388.0,874.0,14:05:44.589507
-28.0,-356.0,1062.0,14:05:44.598959
-4.0,-471.0,823.0,14:05:44.609473
118.0,-532.0,1130.0,14:05:44.618957
9.0,-607.0,827.0,14:05:44.629484
139.0,-568.0,379.0,14:05:44.638690
179.0,-801.0,1154.0,14:05:44.649235
148.0,-830.0,1237.0,14:05:44.658476
59.0,-727.0,823.0,14:05:44.669096
-133.0,-488.0,1086.0,14:05:44.678429
-12.0,-800.0,1355.0,14:05:44.687890
-59.0,-608.0,980.0,14:05:44.698364
42.0,-549.0,1030.0,14:05:44.707883
84.0,-427.0,784.0,14:05:44.717276
64.0,-451.0,928.0,14:05:44.727860
118.0,-432.0,989.0,14:05:44.737155
-80.0,-441.0,367.0,14:05:44.747886
133.0,-472.0,1055.0,14:05:44.757170
-53.0,-305.0,1079.0,14:05:44.766510
-21.0,-514.0,694.0,14:05:44.777123
127.0,-422.0,265.0,14:05:44.786640
51.0,-288.0,1083.0,14:05:44.797156
7.0,-59.0,1458.0,14:05:44.806546
-95.0,139.0,967.0,14:05:44.816008
-108.0,48.0,352.0,14:05:44.826566
4.0,-85.0,404.0,14:05:44.835912
58.0,-322.0,1358.0,14:05:44.845331
1.0,-546.0,1550.0,14:05:44.855906
-63.0,-613.0,1031.0,14:05:44.865331
144.0,-781.0,1104.0,14:05:44.876027
308.0,-1274.0,1349.0,14:05:44.885357
323.0,-1195.0,975.0,14:05:44.894770
69.0,-554.0,648.0,14:05:44.905384
66.0,-521.0,855.0,14:05:44.914757
13.0,-876.0,1019.0,14:05:44.925206
122.0,-756.0,489.0,14:05:44.934687
43.0,-593.0,627.0,14:05:44.944165
48.0,-358.0,1036.0,14:05:44.953767
54.0,-559.0,1127.0,14:05:44.964237
108.0,-624.0,1183.0,14:05:44.973722
200.0,-515.0,694.0,14:05:44.984218
86.0,-121.0,565.0,14:05:44.993649
-85.0,-485.0,1480.0,14:05:45.003015
-69.0,-582.0,1095.0,14:05:45.013672
156.0,-257.0,625.0,14:05:45.023007
-154.0,-78.0,646.0,14:05:45.033597
-186.0,-195.0,1515.0,14:05:45.042983
-314.0,-233.0,1318.0,14:05:45.052503
260.0,-528.0,645.0,14:05:45.063081
-157.0,-408.0,851.0,14:05:45.072578
87.0,-693.0,1483.0,14:05:45.082992
179.0,-699.0,1137.0,14:05:45.092451
-130.0,-601.0,629.0,14:05:45.101741
374.0,-723.0,507.0,14:05:45.112476
-79.0,-547.0,926.0,14:05:45.121719
-82.0,-580.0,1134.0,14:05:45.132280
-117.0,-418.0,424.0,14:05:45.141590
-136.0,-587.0,720.0,14:05:45.150968
99.0,-663.0,1030.0,14:05:45.161407
24.0,-670.0,893.0,14:05:45.170864
267.0,-450.0,828.0,14:05:45.181362
270.0,-970.0,927.0,14:05:45.201084
185.0,-896.0,749.0,14:05:45.210514
-122.0,-380.0,1061.0,14:05:45.220988
-187.0,-90.0,1176.0,14:05:45.230341
-120.0,-155.0,1015.0,14:05:45.239633
124.0,-182.0,571.0,14:05:45.250320
-20.0,-500.0,795.0,14:05:45.265951
47.0,-378.0,1052.0,14:05:45.269883
-26.0,-700.0,1557.0,14:05:45.279283
-98.0,-630.0,1125.0,14:05:45.289756
81.0,-568.0,614.0,14:05:45.299242
108.0,-556.0,1277.0,14:05:45.308654
-138.0,-711.0,1513.0,14:05:45.319253
-64.0,-445.0,431.0,14:05:45.328665
-96.0,-263.0,931.0,14:05:45.339325
8.0,-528.0,1047.0,14:05:45.348656
-43.0,-558.0,773.0,14:05:45.357991
-51.0,-262.0,1099.0,14:05:45.368539
-45.0,-472.0,1100.0,14:05:45.378005
148.0,-358.0,405.0,14:05:45.388468
209.0,-479.0,992.0,14:05:45.397955
-117.0,-588.0,1350.0,14:05:45.407329
196.0,-524.0,870.0,14:05:45.417984
6.0,-271.0,548.0,14:05:45.427368
118.0,-549.0,973.0,14:05:45.437884
21.0,-552.0,887.0,14:05:45.447251
-84.0,-558.0,849.0,14:05:45.456615
128.0,-533.0,736.0,14:05:45.467145
185.0,-555.0,898.0,14:05:45.476481
-78.0,-535.0,1048.0,14:05:45.487125
133.0,-518.0,801.0,14:05:45.496540
-48.0,-418.0,881.0,14:05:45.505924
26.0,-542.0,1228.0,14:05:45.516443
133.0,-525.0,828.0,14:05:45.525989
-51.0,-326.0,792.0,14:05:45.535411
158.0,-356.0,958.0,14:05:45.545950
-84.0,-424.0,929.0,14:05:45.555223
93.0,-443.0,1262.0,14:05:45.565994
-24.0,-480.0,990.0,14:05:45.575321
122.0,-426.0,713.0,14:05:45.584840
232.0,-264.0,1038.0,14:05:45.595239
-127.0,-524.0,1328.0,14:05:45.604798
109.0,-518.0,1012.0,14:05:45.615280
66.0,-327.0,580.0,14:05:45.624701
124.0,-586.0,1126.0,14:05:45.633985
-24.0,-576.0,1188.0,14:05:45.644516
99.0,-442.0,480.0,14:05:45.653975
80.0,-620.0,798.0,14:05:45.670260
67.0,-404.0,954.0,14:05:45.673973
131.0,-334.0,933.0,14:05:45.683236
82.0,-392.0,733.0,14:05:45.693760
-3.0,-431.0,993.0,14:05:45.703034
260.0,-471.0,959.0,14:05:45.713729
60.0,-418.0,857.0,14:05:45.722995
-76.0,-427.0,1001.0,14:05:45.732562
131.0,-526.0,1078.0,14:05:45.743018
-124.0,-320.0,847.0,14:05:45.752540
145.0,-416.0,1109.0,14:05:45.763079
26.0,-392.0,652.0,14:05:45.772611
-38.0,-471.0,977.0,14:05:45.781974
192.0,-616.0,1156.0,14:05:45.792587
162.0,-581.0,1120.0,14:05:45.801908
7.0,-396.0,780.0,14:05:45.811385
-19.0,-421.0,986.0,14:05:45.821986
33.0,-728.0,1146.0,14:05:45.831512
232.0,-717.0,877.0,14:05:45.840928
124.0,-579.0,661.0,14:05:45.851506
-178.0,-608.0,1067.0,14:05:45.860833
65.0,-653.0,1327.0,14:05:45.871325
25.0,-440.0,478.0,14:05:45.880671
143.0,-386.0,577.0,14:05:45.891269
-47.0,-426.0,1129.0,14:05:45.900634
88.0,-557.0,1111.0,14:05:45.910144
-12.0,-352.0,736.0,14:05:45.920588
95.0,-495.0,686.0,14:05:45.930079
-64.0,-483.0,1016.0,14:05:45.940587
100.0,-418.0,1112.0,14:05:45.949938
74.0,-224.0,493.0,14:05:45.959254
-42.0,-361.0,900.0,14:05:45.969803
181.0,-774.0,1293.0,14:05:45.979110
76.0,-487.0,667.0,14:05:45.989518
-24.0,-366.0,1073.0,14:05:45.998961
28.0,-705.0,1457.0,14:05:46.009515
276.0,-599.0,784.0,14:05:46.018981
8.0,-359.0,511.0,14:05:46.028307
-130.0,-423.0,1159.0,14:05:46.038796
41.0,-695.0,1061.0,14:05:46.048227
75.0,-388.0,677.0,14:05:46.058709
-107.0,-250.0,1072.0,14:05:46.068083
-77.0,-465.0,932.0,14:05:46.077516
153.0,-573.0,1035.0,14:05:46.088184
-13.0,-453.0,890.0,14:05:46.097572
118.0,-507.0,679.0,14:05:46.108131
8.0,-304.0,914.0,14:05:46.117484
165.0,-523.0,1187.0,14:05:46.126918
257.0,-521.0,751.0,14:05:46.137524
110.0,-590.0,867.0,14:05:46.146897
-3.0,-517.0,973.0,14:05:46.157424
107.0,-516.0,985.0,14:05:46.166880
71.0,-638.0,1053.0,14:05:46.176189
-111.0,-589.0,1004.0,14:05:46.186719
51.0,-481.0,809.0,14:05:46.196147
-69.0,-482.0,751.0,14:05:46.206781
91.0,-521.0,1136.0,14:05:46.216180
-174.0,-444.0,938.0,14:05:46.225494
123.0,-465.0,902.0,14:05:46.236226
-120.0,-467.0,1017.0,14:05:46.245550
132.0,-497.0,1034.0,14:05:46.256083
-10.0,-343.0,1095.0,14:05:46.265494
151.0,-429.0,999.0,14:05:46.274890
72.0,-455.0,903.0,14:05:46.285367
88.0,-432.0,812.0,14:05:46.294854
19.0,-475.0,720.0,14:05:46.304232
-62.0,-348.0,872.0,14:05:46.314932
-43.0,-532.0,1107.0,14:05:46.324254
-41.0,-483.0,1011.0,14:05:46.334819
178.0,-473.0,816.0,14:05:46.344138
-99.0,-521.0,1121.0,14:05:46.353692
39.0,-564.0,875.0,14:05:46.364201
116.0,-519.0,749.0,14:05:46.373677
-10.0,-504.0,1149.0,14:05:46.383007
2.0,-428.0,852.0,14:05:46.393682
7.0,-343.0,668.0,14:05:46.403030
237.0,-574.0,872.0,14:05:46.413614
-181.0,-522.0,1085.0,14:05:46.422979
85.0,-424.0,941.0,14:05:46.432480
0.0,-376.0,914.0,14:05:46.442990
93.0,-564.0,1048.0,14:05:46.452482
315.0,-640.0,722.0,14:05:46.469054
-34.0,-386.0,715.0,14:05:46.472508
82.0,-423.0,1228.0,14:05:46.481881
-84.0,-458.0,852.0,14:05:46.492515
96.0,-424.0,908.0,14:05:46.501836
20.0,-402.0,912.0,14:05:46.511342
-30.0,-425.0,980.0,14:05:46.521832
105.0,-443.0,1008.0,14:05:46.531373
-108.0,-551.0,1079.0,14:05:46.541887
93.0,-344.0,748.0,14:05:46.551326
143.0,-554.0,966.0,14:05:46.560712
50.0,-653.0,1270.0,14:05:46.571301
78.0,-344.0,802.0,14:05:46.580712
-3.0,-415.0,862.0,14:05:46.590168
-133.0,-431.0,1038.0,14:05:46.600773
137.0,-625.0,911.0,14:05:46.610190
133.0,-600.0,547.0,14:05:46.620692
61.0,-398.0,893.0,14:05:46.630132
-157.0,-457.0,1535.0,14:05:46.639486
170.0,-575.0,782.0,14:05:46.650106
116.0,-585.0,395.0,14:05:46.659496
73.0,-574.0,1124.0,14:05:46.669007
220.0,-629.0,1050.0,14:05:46.679561
-45.0,-271.0,654.0,14:05:46.689132
89.0,-233.0,1069.0,14:05:46.698461
8.0,-558.0,1297.0,14:05:46.708972
45.0,-460.0,500.0,14:05:46.718484
-37.0,-371.0,752.0,14:05:46.729046
-57.0,-559.0,1240.0,14:05:46.738411
74.0,-438.0,1260.0,14:05:46.747957
98.0,-620.0,560.0,14:05:46.758482
70.0,-531.0,863.0,14:05:46.767932
42.0,-493.0,1252.0,14:05:46.778387
8.0,-465.0,883.0,14:05:46.787927
151.0,-358.0,798.0,14:05:46.797304
21.0,-490.0,980.0,14:05:46.807932
90.0,-657.0,979.0,14:05:46.817393
40.0,-684.0,813.0,14:05:46.826729
-3.0,-567.0,890.0,14:05:46.837189
-47.0,-501.0,1113.0,14:05:46.846539
63.0,-559.0,927.0,14:05:46.857138
151.0,-420.0,594.0,14:05:46.871360
66.0,-452.0,975.0,14:05:46.876598
-19.0,-483.0,1142.0,14:05:46.885961
94.0,-480.0,690.0,14:05:46.896489
70.0,-498.0,928.0,14:05:46.905871
52.0,-553.0,1092.0,14:05:46.916392
64.0,-482.0,585.0,14:05:46.925842
-153.0,-282.0,955.0,14:05:46.935218
53.0,-382.0,1206.0,14:05:46.945785
27.0,-492.0,895.0,14:05:46.955082
-4.0,-163.0,824.0,14:05:46.965531
-146.0,-457.0,1020.0,14:05:46.974953
117.0,-702.0,1003.0,14:05:46.984355
60.0,-553.0,1044.0,14:05:46.994892
-70.0,-442.0,1207.0,14:05:47.004210
205.0,-582.0,843.0,14:05:47.014944
69.0,-513.0,1079.0,14:05:47.024317
70.0,-458.0,842.0,14:05:47.033885
32.0,-625.0,700.0,14:05:47.044479
105.0,-427.0,847.0,14:05:47.053840
-53.0,-356.0,987.0,14:05:47.063153
67.0,-648.0,856.0,14:05:47.073598
22.0,-499.0,887.0,14:05:47.082983
-64.0,-295.0,948.0,14:05:47.093567
-13.0,-478.0,1034.0,14:05:47.102931
15.0,-547.0,979.0,14:05:47.113554
8.0,-475.0,778.0,14:05:47.122874
208.0,-592.0,847.0,14:05:47.132399
-58.0,-509.0,996.0,14:05:47.142974
145.0,-564.0,888.0,14:05:47.152462
-57.0,-553.0,747.0,14:05:47.161833
-67.0,-280.0,915.0,14:05:47.172418
-113.0,-519.0,948.0,14:05:47.181865
-56.0,-370.0,975.0,14:05:47.191291
-58.0,-282.0,756.0,14:05:47.201885
-108.0,-594.0,871.0,14:05:47.211334
14.0,-802.0,1354.0,14:05:47.221812
-21.0,-649.0,1040.0,14:05:47.231186
83.0,-294.0,373.0,14:05:47.240580
-131.0,-466.0,1093.0,14:05:47.251230
56.0,-839.0,1475.0,14:05:47.260575
-14.0,-572.0,660.0,14:05:47.271175
1.0,-306.0,321.0,14:05:47.280646
-98.0,-661.0,1181.0,14:05:47.290124
134.0,-901.0,1207.0,14:05:47.300632
173.0,-548.0,563.0,14:05:47.309899
-221.0,-155.0,932.0,14:05:47.320552
-123.0,-487.0,1053.0,14:05:47.329866
138.0,-732.0,1022.0,14:05:47.339221
28.0,-450.0,617.0,14:05:47.349652
16.0,-327.0,831.0,14:05:47.359094
-12.0,-391.0,1113.0,14:05:47.369650
178.0,-472.0,1034.0,14:05:47.379107
-43.0,-548.0,872.0,14:05:47.389524
-55.0,-607.0,740.0,14:05:47.399084
5.0,-189.0,877.0,14:05:47.408413
-25.0,-481.0,1575.0,14:05:47.419094
95.0,-748.0,782.0,14:05:47.428442
81.0,-410.0,340.0,14:05:47.438014
-92.0,-431.0,1148.0,14:05:47.448466
-39.0,-476.0,1405.0,14:05:47.457942
65.0,-424.0,720.0,14:05:47.467315
56.0,-318.0,622.0,14:05:47.477885
-72.0,-615.0,1283.0,14:05:47.487257
33.0,-537.0,808.0,14:05:47.497834
5.0,-439.0,839.0,14:05:47.507086
15.0,-589.0,1293.0,14:05:47.517756
190.0,-601.0,688.0,14:05:47.527073
119.0,-501.0,514.0,14:05:47.536481
-46.0,-477.0,1105.0,14:05:47.547002
46.0,-510.0,1066.0,14:05:47.556520
88.0,-388.0,397.0,14:05:47.565914
62.0,-475.0,770.0,14:05:47.576401
-96.0,-471.0,1147.0,14:05:47.585895
4.0,-304.0,934.0,14:05:47.596483
75.0,-460.0,1093.0,14:05:47.605849
149.0,-458.0,1202.0,14:05:47.615313
92.0,-471.0,832.0,14:05:47.625946
157.0,-430.0,778.0,14:05:47.635414
39.0,-367.0,1078.0,14:05:47.655010
45.0,-439.0,1008.0,14:05:47.673197
113.0,-494.0,1054.0,14:05:47.675849
100.0,-459.0,892.0,14:05:47.685233
16.0,-336.0,969.0,14:05:47.694702
-95.0,-470.0,1438.0,14:05:47.704099
49.0,-646.0,676.0,14:05:47.714613
128.0,-552.0,597.0,14:05:47.724049
-33.0,-395.0,1022.0,14:05:47.733550
126.0,-472.0,1191.0,14:05:47.744063
-16.0,-390.0,590.0,14:05:47.753579
185.0,-317.0,628.0,14:05:47.763041
-85.0,-357.0,1302.0,14:05:47.773589
-47.0,-365.0,1077.0,14:05:47.783022
-8.0,-400.0,760.0,14:05:47.793561
-111.0,-394.0,598.0,14:05:47.803024
139.0,-678.0,1205.0,14:05:47.812395
107.0,-625.0,1200.0,14:05:47.822996
84.0,-632.0,874.0,14:05:47.832397
-85.0,-422.0,825.0,14:05:47.842928
68.0,-497.0,888.0,14:05:47.852244
33.0,-607.0,920.0,14:05:47.861582
208.0,-367.0,985.0,14:05:47.871969
-3.0,-473.0,903.0,14:05:47.881490
87.0,-482.0,838.0,14:05:47.891880
54.0,-502.0,914.0,14:05:47.901394
57.0,-369.0,1108.0,14:05:47.911855
83.0,-454.0,806.0,14:05:47.921460
17.0,-579.0,992.0,14:05:47.930786
18.0,-527.0,1266.0,14:05:47.941360
28.0,-464.0,688.0,14:05:47.950650
148.0,-339.0,621.0,14:05:47.961246
5.0,-620.0,1446.0,14:05:47.970611
-5.0,-456.0,993.0,14:05:47.980069
-66.0,-475.0,685.0,14:05:47.990530
-12.0,-576.0,843.0,14:05:48.000107
45.0,-593.0,1007.0,14:05:48.010564
78.0,-459.0,756.0,14:05:48.019986
41.0,-524.0,983.0,14:05:48.029260
11.0,-440.0,964.0,14:05:48.039794
134.0,-413.0,939.0,14:05:48.049077
32.0,-527.0,864.0,14:05:48.059649
78.0,-563.0,940.0,14:05:48.070414
34.0,-479.0,995.0,14:05:48.080300
-5.0,-565.0,1057.0,14:05:48.088534
52.0,-640.0,794.0,14:05:48.099030
-142.0,-464.0,717.0,14:05:48.108476
66.0,-447.0,886.0,14:05:48.119008
50.0,-533.0,895.0,14:05:48.128419
85.0,-392.0,897.0,14:05:48.137846
-21.0,-452.0,846.0,14:05:48.148415
-13.0,-498.0,817.0,14:05:48.157818
78.0,-508.0,1127.0,14:05:48.167241
27.0,-326.0,1169.0,14:05:48.177863
-57.0,-313.0,674.0,14:05:48.187211
-95.0,-484.0,1206.0,14:05:48.197791
74.0,-578.0,1093.0,14:05:48.207279
66.0,-649.0,732.0,14:05:48.216547
141.0,-496.0,559.0,14:05:48.227136
-93.0,-550.0,1248.0,14:05:48.236463
97.0,-507.0,831.0,14:05:48.246130
-72.0,-529.0,776.0,14:05:48.256599
164.0,-573.0,1122.0,14:05:48.265998
37.0,-512.0,856.0,14:05:48.276412
84.0,-478.0,774.0,14:05:48.285911
10.0,-531.0,1129.0,14:05:48.295309
202.0,-437.0,955.0,14:05:48.305884
79.0,-305.0,849.0,14:05:48.315165
69.0,-312.0,911.0,14:05:48.325877
89.0,-416.0,966.0,14:05:48.335165
147.0,-489.0,820.0,14:05:48.344537
-31.0,-322.0,1055.0,14:05:48.355019
-72.0,-522.0,1158.0,14:05:48.364471
114.0,-577.0,735.0,14:05:48.374909
-235.0,-312.0,988.0,14:05:48.384283
199.0,-425.0,884.0,14:05:48.394927
-151.0,-551.0,1192.0,14:05:48.404397
51.0,-402.0,975.0,14:05:48.413795
150.0,-369.0,782.0,14:05:48.424330
153.0,-462.0,958.0,14:05:48.433653
157.0,-581.0,1105.0,14:05:48.444203
-193.0,-416.0,842.0,14:05:48.453562
17.0,-352.0,949.0,14:05:48.463105
287.0,-499.0,786.0,14:05:48.473594
65.0,-371.0,632.0,14:05:48.482983
55.0,-555.0,1093.0,14:05:48.492463
78.0,-648.0,850.0,14:05:48.502937
90.0,-322.0,913.0,14:05:48.512388
33.0,-358.0,1149.0,14:05:48.523019
-6.0,-533.0,1124.0,14:05:48.532523
151.0,-323.0,517.0,14:05:48.541929
0.0,-427.0,869.0,14:05:48.552574
107.0,-508.0,1298.0,14:05:48.562067
14.0,-742.0,1125.0,14:05:48.571390
270.0,-611.0,546.0,14:05:48.581883
9.0,-492.0,939.0,14:05:48.591315
-1.0,-765.0,1153.0,14:05:48.601893
227.0,-656.0,600.0,14:05:48.611370
-79.0,-451.0,848.0,14:05:48.620708
-5.0,-440.0,1241.0,14:05:48.631287
-74.0,-674.0,1063.0,14:05:48.640650
77.0,-453.0,475.0,14:05:48.650167
-42.0,-457.0,777.0,14:05:48.660594
72.0,-666.0,1178.0,14:05:48.669976
-196.0,-491.0,1042.0,14:05:48.680452
-92.0,-366.0,583.0,14:05:48.689913
-86.0,-548.0,893.0,14:05:48.700438
3.0,-694.0,996.0,14:05:48.709846
-121.0,-439.0,612.0,14:05:48.719308
-146.0,-358.0,1041.0,14:05:48.729851
72.0,-638.0,1292.0,14:05:48.739202
42.0,-521.0,637.0,14:05:48.749744
-6.0,-588.0,629.0,14:05:48.759102
-94.0,-621.0,1314.0,14:05:48.768398
14.0,-446.0,845.0,14:05:48.778970
-80.0,-582.0,870.0,14:05:48.788324
101.0,-496.0,1037.0,14:05:48.799000
117.0,-447.0,644.0,14:05:48.808322
9.0,-420.0,912.0,14:05:48.817740
98.0,-562.0,1401.0,14:05:48.828290
225.0,-645.0,805.0,14:05:48.837752
360.0,-467.0,571.0,14:05:48.848276
-169.0,-382.0,1154.0,14:05:48.857574
39.0,-375.0,741.0,14:05:48.874607
66.0,-300.0,976.0,14:05:48.878649
-189.0,-189.0,1103.0,14:05:48.886822
-71.0,-474.0,919.0,14:05:48.897399
209.0,-610.0,686.0,14:05:48.906682
44.0,-558.0,1111.0,14:05:48.917216
22.0,-562.0,1203.0,14:05:48.926581
-57.0,-399.0,861.0,14:05:48.937007
80.0,-522.0,804.0,14:05:48.946297
125.0,-380.0,787.0,14:05:48.955909
61.0,-515.0,884.0,14:05:48.966430
146.0,-545.0,788.0,14:05:48.975915
-19.0,-391.0,930.0,14:05:48.985225
56.0,-357.0,1136.0,14:05:48.995846
84.0,-538.0,1130.0,14:05:49.005246
13.0,-497.0,951.0,14:05:49.015922
-7.0,-516.0,966.0,14:05:49.025316
107.0,-679.0,1062.0,14:05:49.034840
111.0,-643.0,855.0,14:05:49.045268
116.0,-581.0,1031.0,14:05:49.054691
88.0,-493.0,829.0,14:05:49.064087
141.0,-657.0,620.0,14:05:49.074708
37.0,-408.0,769.0,14:05:49.084042
-268.0,-225.0,765.0,14:05:49.094521
-26.0,-377.0,842.0,14:05:49.103818
-34.0,-439.0,1018.0,14:05:49.114422
-124.0,-401.0,1044.0,14:05:49.123838
-130.0,-532.0,1017.0,14:05:49.133197
22.0,-491.0,903.0,14:05:49.143642
-62.0,-427.0,1181.0,14:05:49.153063
92.0,-598.0,1135.0,14:05:49.163649
36.0,-463.0,832.0,14:05:49.173152
25.0,-406.0,1136.0,14:05:49.182485
139.0,-520.0,929.0,14:05:49.192965
-112.0,-475.0,725.0,14:05:49.202341
82.0,-470.0,1079.0,14:05:49.212839
-87.0,-653.0,1173.0,14:05:49.222160
214.0,-613.0,647.0,14:05:49.232713
-13.0,-359.0,629.0,14:05:49.242126
56.0,-299.0,1029.0,14:05:49.251524
-21.0,-391.0,1027.0,14:05:49.261933
192.0,-365.0,521.0,14:05:49.277380
98.0,-330.0,731.0,14:05:49.281611
54.0,-452.0,1528.0,14:05:49.290933
-25.0,-420.0,770.0,14:05:49.301477
-75.0,-329.0,497.0,14:05:49.310865
27.0,-773.0,1481.0,14:05:49.321517
110.0,-716.0,1288.0,14:05:49.330850
129.0,-204.0,267.0,14:05:49.340259
37.0,-506.0,1255.0,14:05:49.350703
168.0,-750.0,1311.0,14:05:49.360181
-16.0,-565.0,517.0,14:05:49.370678
-19.0,-409.0,882.0,14:05:49.380139
-104.0,-550.0,1414.0,14:05:49.389437
227.0,-590.0,797.0,14:05:49.400153
0.0,-464.0,724.0,14:05:49.409480
135.0,-560.0,1248.0,14:05:49.420091
172.0,-531.0,844.0,14:05:49.429343
69.0,-453.0,676.0,14:05:49.438881
28.0,-689.0,1246.0,14:05:49.449366
68.0,-754.0,810.0,14:05:49.458703
-15.0,-264.0,537.0,14:05:49.469264
6.0,-289.0,849.0,14:05:49.478782
-16.0,-359.0,1300.0,14:05:49.488073
108.0,-393.0,597.0,14:05:49.498620
0.0,-240.0,390.0,14:05:49.507958
78.0,-381.0,1204.0,14:05:49.518553
-130.0,-527.0,1200.0,14:05:49.527960
71.0,-415.0,899.0,14:05:49.537333
94.0,-341.0,817.0,14:05:49.547867
71.0,-356.0,881.0,14:05:49.557254
55.0,-567.0,1172.0,14:05:49.567895
-29.0,-664.0,1039.0,14:05:49.577250
96.0,-672.0,787.0,14:05:49.586555
-3.0,-576.0,881.0,14:05:49.597171
32.0,-814.0,1141.0,14:05:49.606496
247.0,-821.0,1181.0,14:05:49.617097
139.0,-715.0,632.0,14:05:49.626472
65.0,-451.0,603.0,14:05:49.636014
116.0,-461.0,1255.0,14:05:49.646485
-4.0,-489.0,1058.0,14:05:49.655902
37.0,-632.0,481.0,14:05:49.666416
-88.0,-450.0,947.0,14:05:49.675903
-53.0,-460.0,1106.0,14:05:49.685310
-66.0,-411.0,990.0,14:05:49.695861
-104.0,-327.0,1166.0,14:05:49.705196
-134.0,-203.0,1027.0,14:05:49.714720
26.0,-530.0,775.0,14:05:49.725193
165.0,-607.0,1097.0,14:05:49.734632
71.0,-508.0,991.0,14:05:49.745022
34.0,-562.0,954.0,14:05:49.754415
-61.0,-572.0,643.0,14:05:49.764840
-42.0,-562.0,1316.0,14:05:49.774187
32.0,-436.0,1047.0,14:05:49.783699
116.0,-453.0,442.0,14:05:49.794236
252.0,-366.0,853.0,14:05:49.803667
-21.0,-303.0,1048.0,14:05:49.814199
80.0,-670.0,1167.0,14:05:49.823709
120.0,-427.0,333.0,14:05:49.833070
-162.0,-438.0,1090.0,14:05:49.843603
31.0,-571.0,1349.0,14:05:49.852999
87.0,-440.0,316.0,14:05:49.863565
-177.0,-329.0,584.0,14:05:49.872940
52.0,-655.0,1514.0,14:05:49.882412
33.0,-514.0,586.0,14:05:49.892850
-10.0,-344.0,361.0,14:05:49.902307
62.0,-627.0,1709.0,14:05:49.911787
21.0,-644.0,1143.0,14:05:49.922425
20.0,-203.0,507.0,14:05:49.931892
37.0,-627.0,1546.0,14:05:49.942567
213.0,-929.0,890.0,14:05:49.952028
179.0,-372.0,-3.0,14:05:49.961354
-43.0,-180.0,1025.0,14:05:49.971857
-104.0,-660.0,1762.0,14:05:49.981402
77.0,-499.0,752.0,14:05:49.990874
24.0,-181.0,278.0,14:05:50.001369
-84.0,-563.0,1475.0,14:05:50.010686
119.0,-799.0,1579.0,14:05:50.021287
210.0,-496.0,633.0,14:05:50.030617
-92.0,-340.0,871.0,14:05:50.040125
103.0,-575.0,1395.0,14:05:50.050638
43.0,-481.0,605.0,14:05:50.060087
-194.0,-324.0,662.0,14:05:50.077766
189.0,-413.0,1116.0,14:05:50.080412
-105.0,-390.0,1021.0,14:05:50.089828
65.0,-560.0,727.0,14:05:50.099151
135.0,-420.0,436.0,14:05:50.109623
150.0,-509.0,813.0,14:05:50.119068
155.0,-436.0,1042.0,14:05:50.129598
7.0,-167.0,748.0,14:05:50.138954
163.0,-506.0,995.0,14:05:50.149510
149.0,-589.0,1175.0,14:05:50.158982
55.0,-520.0,702.0,14:05:50.168281
239.0,-469.0,673.0,14:05:50.178801
270.0,-732.0,1225.0,14:05:50.188198
200.0,-711.0,1190.0,14:05:50.198675
-36.0,-506.0,773.0,14:05:50.208064
-46.0,-423.0,600.0,14:05:50.217412
81.0,-893.0,1085.0,14:05:50.228039
208.0,-763.0,1214.0,14:05:50.237394
161.0,-348.0,499.0,14:05:50.247952
-144.0,-558.0,1068.0,14:05:50.257235
194.0,-466.0,555.0,14:05:50.276946
84.0,-539.0,499.0,14:05:50.287464
18.0,-367.0,1577.0,14:05:50.296808
15.0,-147.0,1045.0,14:05:50.306346
68.0,-519.0,384.0,14:05:50.316824
159.0,-758.0,793.0,14:05:50.326170
169.0,-442.0,1025.0,14:05:50.336598
245.0,-222.0,927.0,14:05:50.345971
-171.0,-529.0,1210.0,14:05:50.356402
-41.0,-347.0,679.0,14:05:50.365983
-15.0,-570.0,663.0,14:05:50.375325
-40.0,-552.0,1207.0,14:05:50.386027
-173.0,-467.0,1213.0,14:05:50.395352
73.0,-356.0,861.0,14:05:50.404841
-13.0,-810.0,893.0,14:05:50.415334
14.0,-608.0,792.0,14:05:50.424829
100.0,-559.0,947.0,14:05:50.435255
34.0,-412.0,1043.0,14:05:50.444695
-248.0,-453.0,1112.0,14:05:50.454100
-71.0,-477.0,540.0,14:05:50.464829
134.0,-782.0,520.0,14:05:50.481160
44.0,-357.0,1025.0,14:05:50.484977
227.0,-585.0,1139.0,14:05:50.493369
72.0,-386.0,826.0,14:05:50.503748
28.0,-234.0,1025.0,14:05:50.513189
-83.0,-285.0,926.0,14:05:50.523666
56.0,-616.0,1000.0,14:05:50.533032
119.0,-653.0,1284.0,14:05:50.543593
194.0,-333.0,712.0,14:05:50.552994
-54.0,-390.0,914.0,14:05:50.562494
-86.0,-347.0,1012.0,14:05:50.573015
17.0,-542.0,842.0,14:05:50.582456
85.0,-221.0,226.0,14:05:50.592943
141.0,-321.0,1143.0,14:05:50.602412
-105.0,-606.0,1544.0,14:05:50.611780
66.0,-486.0,864.0,14:05:50.622428
19.0,-582.0,973.0,14:05:50.631813
233.0,-670.0,1028.0,14:05:50.641324
157.0,-607.0,1371.0,14:05:50.651793
76.0,-487.0,820.0,14:05:50.661299
-3.0,-381.0,716.0,14:05:50.671666
-4.0,-527.0,744.0,14:05:50.681067
162.0,-558.0,685.0,14:05:50.691510
183.0,-580.0,710.0,14:05:50.700937
31.0,-295.0,952.0,14:05:50.710308
-15.0,-309.0,950.0,14:05:50.720848
19.0,-497.0,970.0,14:05:50.730230
67.0,-272.0,859.0,14:05:50.740755
111.0,-520.0,1108.0,14:05:50.750081
69.0,-401.0,1162.0,14:05:50.759550
-80.0,-317.0,1012.0,14:05:50.770023
-171.0,-269.0,611.0,14:05:50.779449
2.0,-840.0,1381.0,14:05:50.789909
98.0,-803.0,1208.0,14:05:50.799222
-23.0,-489.0,768.0,14:05:50.809668
89.0,-614.0,883.0,14:05:50.819147
-60.0,-840.0,995.0,14:05:50.829605
227.0,-757.0,877.0,14:05:50.839062
-15.0,-601.0,599.0,14:05:50.848474
52.0,-545.0,904.0,14:05:50.859150
-46.0,-326.0,977.0,14:05:50.868551
55.0,-375.0,832.0,14:05:50.877955
77.0,-431.0,451.0,14:05:50.888472
95.0,-420.0,836.0,14:05:50.897910
-188.0,-368.0,1343.0,14:05:50.907350
-45.0,-182.0,782.0,14:05:50.917986
-58.0,-295.0,779.0,14:05:50.927410
-165.0,-601.0,1170.0,14:05:50.937977
79.0,-574.0,623.0,14:05:50.947338
-89.0,-125.0,347.0,14:05:50.956710
7.0,-702.0,1675.0,14:05:50.967244
-77.0,-846.0,1296.0,14:05:50.976533
-35.0,-373.0,252.0,14:05:50.987069
44.0,-633.0,1329.0,14:05:50.996387
-219.0,-1092.0,1562.0,14:05:51.005984
125.0,-802.0,743.0,14:05:51.016450
49.0,-527.0,557.0,14:05:51.025963
50.0,-715.0,1209.0,14:05:51.036414
75.0,-533.0,1010.0,14:05:51.045908
152.0,-438.0,363.0,14:05:51.055185
-200.0,-264.0,622.0,14:05:51.065659
66.0,-318.0,1401.0,14:05:51.074958
-169.0,-342.0,945.0,14:05:51.085654
-41.0,-288.0,411.0,14:05:51.094975
-58.0,-285.0,747.0,14:05:51.105544
133.0,-456.0,1105.0,14:05:51.114893
51.0,-325.0,1175.0,14:05:51.124345
-212.0,-180.0,1099.0,14:05:51.134864
99.0,-634.0,909.0,14:05:51.144247
-150.0,-563.0,1154.0,14:05:51.154756
91.0,-729.0,1238.0,14:05:51.164189
-158.0,-551.0,734.0,14:05:51.173685
-15.0,-633.0,783.0,14:05:51.184251
155.0,-821.0,1014.0,14:05:51.193860
240.0,-500.0,410.0,14:05:51.203182
-82.0,-212.0,578.0,14:05:51.213623
-21.0,-591.0,1575.0,14:05:51.222994
-6.0,-531.0,944.0,14:05:51.233516
238.0,-175.0,189.0,14:05:51.243072
42.0,-393.0,1364.0,14:05:51.252419
-79.0,-544.0,1398.0,14:05:51.262937
-16.0,-387.0,660.0,14:05:51.272487
-156.0,-124.0,497.0,14:05:51.283236
42.0,-644.0,929.0,14:05:51.292218
169.0,-536.0,928.0,14:05:51.302729
66.0,-288.0,830.0,14:05:51.312084
-84.0,-505.0,1053.0,14:05:51.321575
48.0,-182.0,702.0,14:05:51.332036
112.0,-365.0,1214.0,14:05:51.341462
89.0,-873.0,2047.0,14:05:51.351975
-17.0,-331.0,1021.0,14:05:51.361364
170.0,-317.0,650.0,14:05:51.370757
155.0,-1117.0,1916.0,14:05:51.381323
201.0,-1096.0,1161.0,14:05:51.390651
252.0,-633.0,477.0,14:05:51.401389
-217.0,-429.0,974.0,14:05:51.410597
91.0,-526.0,886.0,14:05:51.420130
129.0,-731.0,790.0,14:05:51.430527
3.0,-396.0,103.0,14:05:51.440255
60.0,-316.0,891.0,14:05:51.449739
-96.0,-392.0,1346.0,14:05:51.460350
0.0,-413.0,290.0,14:05:51.469708
-16.0,-519.0,205.0,14:05:51.479127
60.0,-528.0,1095.0,14:05:51.489663
-121.0,-21.0,937.0,14:05:51.499173
36.0,89.0,709.0,14:05:51.509576
-41.0,-374.0,1536.0,14:05:51.518996
102.0,-567.0,860.0,14:05:51.529527
155.0,-7.0,539.0,14:05:51.539043
-84.0,-350.0,1565.0,14:05:51.548314
-99.0,-813.0,1300.0,14:05:51.558980
178.0,-609.0,458.0,14:05:51.568327
112.0,-621.0,441.0,14:05:51.577811
17.0,-627.0,1218.0,14:05:51.588255
-97.0,-425.0,1181.0,14:05:51.597716
13.0,-570.0,780.0,14:05:51.608226
93.0,-651.0,1057.0,14:05:51.627973
128.0,-477.0,697.0,14:05:51.637366
32.0,-750.0,939.0,14:05:51.646698
39.0,-710.0,1014.0,14:05:51.657160
86.0,-558.0,737.0,14:05:51.666501
266.0,-93.0,767.0,14:05:51.684751
-36.0,-262.0,1172.0,14:05:51.687714
-16.0,-484.0,735.0,14:05:51.697147
164.0,-414.0,305.0,14:05:51.706489
-44.0,7.0,693.0,14:05:51.715887
-259.0,241.0,893.0,14:05:51.726464
-73.0,-1.0,1675.0,14:05:51.735918
-235.0,-312.0,1762.0,14:05:51.745337
84.0,-460.0,929.0,14:05:51.755997
241.0,-494.0,1248.0,14:05:51.765285
190.0,-1206.0,2047.0,14:05:51.775942
165.0,-1205.0,1189.0,14:05:51.785220
170.0,-514.0,401.0,14:05:51.794768
-141.0,-494.0,784.0,14:05:51.805239
71.0,-604.0,424.0,14:05:51.814777
16.0,-545.0,13.0,14:05:51.825170
19.0,-366.0,818.0,14:05:51.834655
-64.0,-754.0,1467.0,14:05:51.844033
-22.0,-433.0,362.0,14:05:51.854685
22.0,-455.0,601.0,14:05:51.864080
-74.0,-778.0,1504.0,14:05:51.873630
208.0,-788.0,751.0,14:05:51.884107
-193.0,-169.0,521.0,14:05:51.893638
-116.0,-125.0,946.0,14:05:51.904074
260.0,-541.0,910.0,14:05:51.913650
-8.0,-487.0,746.0,14:05:51.922943
47.0,-220.0,799.0,14:05:51.933563
-89.0,-270.0,1345.0,14:05:51.942901
41.0,-330.0,1267.0,14:05:51.952417
-96.0,-250.0,777.0,14:05:51.962883
169.0,-702.0,1079.0,14:05:51.972237
13.0,-596.0,1092.0,14:05:51.982641
93.0,-398.0,639.0,14:05:51.992093
-187.0,-465.0,986.0,14:05:52.002552
-100.0,-644.0,1015.0,14:05:52.011966
198.0,-720.0,809.0,14:05:52.021412
201.0,-537.0,508.0,14:05:52.032004
-66.0,-418.0,1297.0,14:05:52.041445
220.0,-660.0,1110.0,14:05:52.050857
-37.0,-704.0,855.0,14:05:52.061465
126.0,-651.0,658.0,14:05:52.070841
109.0,-808.0,1075.0,14:05:52.081450
52.0,-654.0,1080.0,14:05:52.090772
-49.0,-514.0,596.0,14:05:52.100309
121.0,-585.0,467.0,14:05:52.110795
-68.0,-570.0,1040.0,14:05:52.120239
-101.0,-315.0,1155.0,14:05:52.130677
-287.0,-211.0,1498.0,14:05:52.140178
-317.0,93.0,928.0,14:05:52.149590
124.0,-335.0,477.0,14:05:52.160126
-108.0,-469.0,988.0,14:05:52.169365
50.0,-501.0,1221.0,14:05:52.180060
-176.0,-386.0,1231.0,14:05:52.189338
-34.0,-697.0,1179.0,14:05:52.198799
69.0,-776.0,786.0,14:05:52.209371
126.0,-518.0,883.0,14:05:52.218858
-112.0,-405.0,1172.0,14:05:52.228239
-94.0,-393.0,1092.0,14:05:52.238819
135.0,-512.0,924.0,14:05:52.248162
202.0,-575.0,607.0,14:05:52.258682
80.0,-400.0,621.0,14:05:52.267952
218.0,-430.0,992.0,14:05:52.278531
252.0,-482.0,870.0,14:05:52.287900
108.0,-376.0,688.0,14:05:52.297390
227.0,-448.0,725.0,14:05:52.307902
5.0,-159.0,928.0,14:05:52.317261
63.0,-322.0,1210.0,14:05:52.327774
28.0,-402.0,873.0,14:05:52.337201
156.0,-269.0,710.0,14:05:52.346614
-8.0,-506.0,1060.0,14:05:52.357046
161.0,-532.0,1151.0,14:05:52.366423
12.0,-441.0,998.0,14:05:52.377054
16.0,-548.0,963.0,14:05:52.386369
120.0,-391.0,807.0,14:05:52.395790
74.0,-582.0,949.0,14:05:52.406399
104.0,-265.0,877.0,14:05:52.415874
-78.0,-342.0,809.0,14:05:52.426434
-2.0,-610.0,1083.0,14:05:52.435919
90.0,-532.0,974.0,14:05:52.445417
183.0,-487.0,928.0,14:05:52.455876
162.0,-594.0,1119.0,14:05:52.465283
86.0,-416.0,1045.0,14:05:52.475771
7.0,-563.0,999.0,14:05:52.487046
45.0,-488.0,961.0,14:05:52.495482
236.0,-380.0,937.0,14:05:52.504775
76.0,-416.0,1100.0,14:05:52.514156
-46.0,-484.0,1034.0,14:05:52.524683
75.0,-474.0,821.0,14:05:52.534088
-112.0,-496.0,881.0,14:05:52.544668
50.0,-454.0,825.0,14:05:52.553984
51.0,-490.0,921.0,14:05:52.564462
0.0,-497.0,848.0,14:05:52.573945
5.0,-408.0,770.0,14:05:52.583238
248.0,-334.0,858.0,14:05:52.593786
87.0,-345.0,1103.0,14:05:52.603191
-25.0,-394.0,679.0,14:05:52.613676
53.0,-410.0,669.0,14:05:52.623025
51.0,-684.0,1330.0,14:05:52.633491
-58.0,-550.0,886.0,14:05:52.642928
105.0,-385.0,585.0,14:05:52.652362
-39.0,-465.0,958.0,14:05:52.662907
58.0,-573.0,1159.0,14:05:52.672358
37.0,-411.0,813.0,14:05:52.681767
-71.0,-478.0,884.0,14:05:52.692366
93.0,-588.0,1283.0,14:05:52.701821
-153.0,-663.0,1234.0,14:05:52.712423
252.0,-769.0,1002.0,14:05:52.721927
-46.0,-418.0,944.0,14:05:52.731335
372.0,-613.0,1106.0,14:05:52.741816
-86.0,-498.0,946.0,14:05:52.751248
315.0,-565.0,888.0,14:05:52.760723
120.0,-525.0,958.0,14:05:52.771233
41.0,-333.0,1014.0,14:05:52.780560
80.0,-445.0,794.0,14:05:52.791069
20.0,-538.0,936.0,14:05:52.800389
94.0,-478.0,1095.0,14:05:52.810846
209.0,-498.0,862.0,14:05:52.820213
-85.0,-452.0,810.0,14:05:52.829656
223.0,-490.0,941.0,14:05:52.840181
136.0,-378.0,759.0,14:05:52.849523
81.0,-330.0,920.0,14:05:52.860091
-4.0,-440.0,1177.0,14:05:52.869584
28.0,-346.0,817.0,14:05:52.886658
-31.0,-484.0,802.0,14:05:52.890473
-94.0,-462.0,960.0,14:05:52.898820
-63.0,-376.0,941.0,14:05:52.909269
-6.0,-472.0,869.0,14:05:52.918742
15.0,-515.0,811.0,14:05:52.929192
166.0,-598.0,1039.0,14:05:52.938624
101.0,-491.0,682.0,14:05:52.947969
78.0,-476.0,998.0,14:05:52.958538
16.0,-537.0,1218.0,14:05:52.967911
141.0,-692.0,990.0,14:05:52.978352
14.0,-597.0,698.0,14:05:52.987904
130.0,-626.0,1000.0,14:05:52.997328
189.0,-599.0,807.0,14:05:53.007954
48.0,-571.0,917.0,14:05:53.017277
135.0,-619.0,818.0,14:05:53.027827
160.0,-570.0,784.0,14:05:53.037272
5.0,-422.0,1023.0,14:05:53.046615
-15.0,-404.0,963.0,14:05:53.057195
-157.0,-402.0,1039.0,14:05:53.066530
-14.0,-300.0,994.0,14:05:53.077097
-63.0,-350.0,962.0,14:05:53.086475
-49.0,-325.0,953.0,14:05:53.095941
-38.0,-363.0,964.0,14:05:53.106460
-67.0,-439.0,936.0,14:05:53.116089
49.0,-519.0,961.0,14:05:53.125434
-7.0,-509.0,1009.0,14:05:53.135942
108.0,-386.0,914.0,14:05:53.145444
-120.0,-410.0,929.0,14:05:53.155995
81.0,-606.0,1054.0,14:05:53.165344
-68.0,-646.0,969.0,14:05:53.174765
173.0,-354.0,567.0,14:05:53.185380
-195.0,-622.0,1391.0,14:05:53.194806
217.0,-830.0,1114.0,14:05:53.204235
139.0,-508.0,423.0,14:05:53.214801
145.0,-522.0,757.0,14:05:53.224201
163.0,-606.0,1368.0,14:05:53.234733
-31.0,-365.0,839.0,14:05:53.244171
170.0,-510.0,802.0,14:05:53.253527
-128.0,-588.0,813.0,14:05:53.264088
56.0,-768.0,903.0,14:05:53.273715
51.0,-550.0,826.0,14:05:53.283229
-173.0,-525.0,974.0,14:05:53.293707
41.0,-508.0,965.0,14:05:53.303147
-171.0,-481.0,980.0,14:05:53.313617
29.0,-632.0,733.0,14:05:53.322987
-14.0,-417.0,650.0,14:05:53.332371
-189.0,-310.0,1001.0,14:05:53.342992
-131.0,-442.0,1277.0,14:05:53.352394
-91.0,-414.0,933.0,14:05:53.362906
94.0,-363.0,746.0,14:05:53.372240
-75.0,-283.0,905.0,14:05:53.381732
27.0,-504.0,1211.0,14:05:53.392225
-43.0,-505.0,1097.0,14:05:53.401622
7.0,-664.0,938.0,14:05:53.412032
59.0,-651.0,872.0,14:05:53.421396
161.0,-577.0,880.0,14:05:53.431872
-34.0,-612.0,1017.0,14:05:53.441388
39.0,-455.0,728.0,14:05:53.450676
-28.0,-589.0,704.0,14:05:53.461295
-42.0,-501.0,969.0,14:05:53.470659
-3.0,-532.0,843.0,14:05:53.480180
-5.0,-355.0,650.0,14:05:53.490715
5.0,-374.0,822.0,14:05:53.500267
17.0,-422.0,746.0,14:05:53.510800
48.0,-419.0,931.0,14:05:53.520203
-84.0,-443.0,1134.0,14:05:53.529493
-24.0,-263.0,905.0,14:05:53.540142
-76.0,-441.0,915.0,14:05:53.549563
70.0,-813.0,1032.0,14:05:53.560078
1.0,-539.0,1151.0,14:05:53.569491
31.0,-231.0,900.0,14:05:53.578869
77.0,-415.0,1052.0,14:05:53.589348
76.0,-511.0,1114.0,14:05:53.598791
78.0,-592.0,764.0,14:05:53.609410
130.0,-363.0,625.0,14:05:53.618808
-142.0,-548.0,1389.0,14:05:53.628165
-23.0,-625.0,1465.0,14:05:53.638598
65.0,-549.0,862.0,14:05:53.648049
42.0,-473.0,649.0,14:05:53.658541
142.0,-608.0,1045.0,14:05:53.667970
-55.0,-522.0,1035.0,14:05:53.678425
-3.0,-454.0,804.0,14:05:53.691149
-85.0,-358.0,546.0,14:05:53.697159
121.0,-488.0,443.0,14:05:53.707719
-153.0,-447.0,844.0,14:05:53.717121
-16.0,-315.0,797.0,14:05:53.727720
-65.0,-401.0,1038.0,14:05:53.737165
-80.0,-501.0,1118.0,14:05:53.746631
13.0,-467.0,848.0,14:05:53.757136
28.0,-537.0,878.0,14:05:53.766448
-111.0,-484.0,1151.0,14:05:53.776008
79.0,-559.0,1380.0,14:05:53.786450
88.0,-529.0,645.0,14:05:53.795903
40.0,-484.0,622.0,14:05:53.806324
16.0,-581.0,1255.0,14:05:53.815729
41.0,-533.0,1019.0,14:05:53.826193
-33.0,-462.0,542.0,14:05:53.835539
-55.0,-524.0,953.0,14:05:53.846012
-24.0,-686.0,1396.0,14:05:53.855462
107.0,-515.0,954.0,14:05:53.864783
130.0,-371.0,885.0,14:05:53.875351
127.0,-592.0,1080.0,14:05:53.884728
268.0,-493.0,836.0,14:05:53.895212
-79.0,-413.0,790.0,14:05:53.904484
92.0,-449.0,760.0,14:05:53.914908
47.0,-339.0,1134.0,14:05:53.924257
7.0,-361.0,605.0,14:05:53.933672
-25.0,-302.0,800.0,14:05:53.944097
72.0,-585.0,1051.0,14:05:53.953611
23.0,-520.0,1137.0,14:05:53.964104
45.0,-563.0,837.0,14:05:53.973531
-149.0,-431.0,769.0,14:05:53.982921
37.0,-545.0,974.0,14:05:53.993489
15.0,-647.0,1048.0,14:05:54.002889
84.0,-512.0,672.0,14:05:54.013487
-18.0,-380.0,805.0,14:05:54.022921
-229.0,-284.0,1129.0,14:05:54.032279
27.0,-555.0,799.0,14:05:54.042814
-86.0,-525.0,751.0,14:05:54.052188
-11.0,-447.0,1167.0,14:05:54.062689
70.0,-620.0,998.0,14:05:54.072070
56.0,-535.0,714.0,14:05:54.081555
168.0,-632.0,723.0,14:05:54.091400
142.0,-369.0,526.0,14:05:54.101662
-125.0,-124.0,833.0,14:05:54.111027
-110.0,-577.0,1911.0,14:05:54.121535
-37.0,-468.0,1383.0,14:05:54.130992
13.0,-682.0,1063.0,14:05:54.141379
218.0,-967.0,1441.0,14:05:54.150821
130.0,-832.0,1597.0,14:05:54.161349
63.0,-609.0,1135.0,14:05:54.170807
-64.0,-492.0,807.0,14:05:54.180176
-67.0,-620.0,812.0,14:05:54.190685
60.0,-543.0,378.0,14:05:54.200093
-131.0,-324.0,503.0,14:05:54.210631
-326.0,-373.0,1073.0,14:05:54.220155
34.0,-341.0,1095.0,14:05:54.229492
-35.0,-370.0,719.0,14:05:54.239918
106.0,-489.0,775.0,14:05:54.249426
349.0,-519.0,1071.0,14:05:54.259836
22.0,-267.0,900.0,14:05:54.269226
233.0,-402.0,729.0,14:05:54.279721
27.0,-541.0,830.0,14:05:54.289114
115.0,-473.0,692.0,14:05:54.298440
26.0,-337.0,745.0,14:05:54.308831
-13.0,-325.0,1139.0,14:05:54.318226
-87.0,-241.0,1004.0,14:05:54.328732
28.0,-264.0,669.0,14:05:54.338088
7.0,-344.0,634.0,14:05:54.348574
116.0,-330.0,755.0,14:05:54.357996
104.0,-526.0,1150.0,14:05:54.368420
63.0,-613.0,1079.0,14:05:54.377945
85.0,-399.0,820.0,14:05:54.387208
130.0,-447.0,784.0,14:05:54.397937
98.0,-622.0,1065.0,14:05:54.407225
67.0,-711.0,1149.0,14:05:54.417821
86.0,-459.0,1027.0,14:05:54.427140
58.0,-571.0,904.0,14:05:54.436516
132.0,-682.0,1084.0,14:05:54.447188
91.0,-581.0,651.0,14:05:54.456501
120.0,-605.0,837.0,14:05:54.465922
194.0,-755.0,915.0,14:05:54.476555
73.0,-547.0,751.0,14:05:54.485877
-105.0,-62.0,922.0,14:05:54.496348
-145.0,-13.0,1392.0,14:05:54.505818
-133.0,94.0,1298.0,14:05:54.515284
58.0,97.0,1132.0,14:05:54.525828
-30.0,-451.0,1137.0,14:05:54.535148
25.0,-688.0,1250.0,14:05:54.545947
9.0,-586.0,1206.0,14:05:54.555230
-51.0,-601.0,1150.0,14:05:54.564739
103.0,-748.0,976.0,14:05:54.575219
140.0,-721.0,636.0,14:05:54.584729
41.0,-544.0,744.0,14:05:54.594103
-72.0,-487.0,657.0,14:05:54.604706
-118.0,-591.0,802.0,14:05:54.614055
19.0,-445.0,597.0,14:05:54.624692
61.0,-438.0,701.0,14:05:54.634109
182.0,-330.0,652.0,14:05:54.643540
-24.0,-325.0,611.0,14:05:54.654049
249.0,-406.0,884.0,14:05:54.663580
34.0,-549.0,1030.0,14:05:54.674057
91.0,-293.0,762.0,14:05:54.683444
184.0,-449.0,1173.0,14:05:54.692810
13.0,-629.0,1408.0,14:05:54.703507
146.0,-649.0,779.0,14:05:54.712830
152.0,-89.0,339.0,14:05:54.723288
-36.0,-524.0,1651.0,14:05:54.732670
153.0,-765.0,1133.0,14:05:54.741953
160.0,-418.0,231.0,14:05:54.752556
39.0,-343.0,963.0,14:05:54.761950
40.0,-647.0,1577.0,14:05:54.772589
216.0,-559.0,870.0,14:05:54.781847
6.0,-453.0,675.0,14:05:54.791251
238.0,-667.0,1155.0,14:05:54.801702
137.0,-574.0,1010.0,14:05:54.811118
77.0,-472.0,1020.0,14:05:54.821508
99.0,-649.0,1220.0,14:05:54.830937
106.0,-755.0,856.0,14:05:54.841472
164.0,-494.0,707.0,14:05:54.850808
-75.0,-367.0,1030.0,14:05:54.861376
90.0,-508.0,897.0,14:05:54.870695
-33.0,-354.0,707.0,14:05:54.880268
-23.0,-415.0,686.0,14:05:54.892902
-63.0,-343.0,764.0,14:05:54.900315
41.0,-389.0,1019.0,14:05:54.909706
-221.0,-467.0,1079.0,14:05:54.920230
-136.0,-521.0,943.0,14:05:54.929761
-58.0,-582.0,905.0,14:05:54.939073
12.0,-657.0,939.0,14:05:54.949619
-90.0,-629.0,1180.0,14:05:54.959012
65.0,-536.0,1082.0,14:05:54.969699
-40.0,-508.0,817.0,14:05:54.979070
87.0,-496.0,792.0,14:05:54.988423
-73.0,-631.0,842.0,14:05:54.999165
-124.0,-437.0,763.0,14:05:55.008503
-27.0,-420.0,860.0,14:05:55.017952
-73.0,-608.0,810.0,14:05:55.028463
-92.0,-575.0,740.0,14:05:55.037979
61.0,-315.0,830.0,14:05:55.048453
3.0,-187.0,834.0,14:05:55.057891
19.0,-149.0,1118.0,14:05:55.068335
129.0,-237.0,914.0,14:05:55.077849
181.0,-448.0,818.0,14:05:55.087270
105.0,-452.0,748.0,14:05:55.097957
27.0,-421.0,1200.0,14:05:55.107277
26.0,-318.0,999.0,14:05:55.116746
82.0,-450.0,943.0,14:05:55.127189
