11.0,-519.0,869.0,14:06:45.121880
-23.0,-413.0,942.0,14:06:45.129044
54.0,-318.0,962.0,14:06:45.138425
-58.0,-465.0,1025.0,14:06:45.149037
217.0,-653.0,1023.0,14:06:45.158346
86.0,-639.0,1074.0,14:06:45.167852
205.0,-467.0,788.0,14:06:45.178299
111.0,-521.0,864.0,14:06:45.187788
-46.0,-577.0,1197.0,14:06:45.198301
-33.0,-374.0,902.0,14:06:45.207613
44.0,-388.0,637.0,14:06:45.217149
-58.0,-265.0,887.0,14:06:45.227584
83.0,-678.0,1198.0,14:06:45.237095
-40.0,-520.0,850.0,14:06:45.247546
-39.0,-302.0,706.0,14:06:45.257084
-54.0,-579.0,1112.0,14:06:45.266406
26.0,-531.0,1091.0,14:06:45.277153
5.0,-567.0,847.0,14:06:45.286398
62.0,-336.0,786.0,14:06:45.295920
34.0,-374.0,1135.0,14:06:45.306418
91.0,-463.0,745.0,14:06:45.326028
-95.0,-631.0,1224.0,14:06:45.335438
242.0,-621.0,1053.0,14:06:45.346026
-23.0,-395.0,834.0,14:06:45.355392
-53.0,-631.0,903.0,14:06:45.365918
171.0,-577.0,1020.0,14:06:45.375293
138.0,-414.0,752.0,14:06:45.384763
55.0,-403.0,939.0,14:06:45.395268
10.0,-486.0,1088.0,14:06:45.404675
80.0,-396.0,643.0,14:06:45.421772
-26.0,-391.0,945.0,14:06:45.425740
-72.0,-427.0,937.0,14:06:45.433991
100.0,-588.0,1046.0,14:06:45.444433
-49.0,-554.0,919.0,14:06:45.453826
-5.0,-540.0,776.0,14:06:45.464337
296.0,-447.0,906.0,14:06:45.473637
-63.0,-640.0,1158.0,14:06:45.484076
251.0,-558.0,779.0,14:06:45.493605
-24.0,-432.0,631.0,14:06:45.503998
-163.0,-467.0,1315.0,14:06:45.513450
54.0,-675.0,984.0,14:06:45.522734
22.0,-471.0,572.0,14:06:45.533297
140.0,-430.0,969.0,14:06:45.542597
-68.0,-668.0,1167.0,14:06:45.553069
148.0,-478.0,855.0,14:06:45.562556
-41.0,-433.0,801.0,14:06:45.571956
-66.0,-420.0,1059.0,14:06:45.582469
215.0,-484.0,889.0,14:06:45.591923
81.0,-275.0,683.0,14:06:45.602419
-109.0,-260.0,1123.0,14:06:45.611898
173.0,-587.0,885.0,14:06:45.621339
62.0,-493.0,833.0,14:06:45.631937
58.0,-395.0,959.0,14:06:45.641342
-33.0,-517.0,1047.0,14:06:45.651851
192.0,-357.0,935.0,14:06:45.661327
193.0,-538.0,821.0,14:06:45.670663
-61.0,-495.0,1103.0,14:06:45.681195
176.0,-526.0,815.0,14:06:45.690608
26.0,-466.0,912.0,14:06:45.701101
51.0,-573.0,1156.0,14:06:45.710418
25.0,-621.0,841.0,14:06:45.720942
162.0,-689.0,826.0,14:06:45.730233
-28.0,-531.0,1020.0,14:06:45.739635
109.0,-516.0,1076.0,14:06:45.750099
-18.0,-511.0,764.0,14:06:45.759525
58.0,-534.0,680.0,14:06:45.770131
45.0,-647.0,968.0,14:06:45.779482
65.0,-474.0,1148.0,14:06:45.789891
-12.0,-390.0,818.0,14:06:45.799275
5.0,-689.0,770.0,14:06:45.809716
135.0,-579.0,1003.0,14:06:45.819151
73.0,-299.0,792.0,14:06:45.828499
89.0,-307.0,642.0,14:06:45.839108
-32.0,-501.0,995.0,14:06:45.848480
-104.0,-553.0,1112.0,14:06:45.859028
61.0,-426.0,855.0,14:06:45.868418
-11.0,-304.0,846.0,14:06:45.877787
16.0,-541.0,1322.0,14:06:45.888355
45.0,-514.0,948.0,14:06:45.897704
7.0,-543.0,824.0,14:06:45.908164
-5.0,-643.0,1188.0,14:06:45.917482
84.0,-677.0,975.0,14:06:45.926893
162.0,-672.0,838.0,14:06:45.937477
-112.0,-560.0,777.0,14:06:45.946868
12.0,-442.0,927.0,14:06:45.957362
-4.0,-474.0,881.0,14:06:45.966783
-63.0,-441.0,723.0,14:06:45.977230
22.0,-383.0,1006.0,14:06:45.986643
-76.0,-471.0,1062.0,14:06:45.996080
-20.0,-408.0,802.0,14:06:46.006565
-54.0,-527.0,1035.0,14:06:46.016032
43.0,-541.0,1069.0,14:06:46.026445
50.0,-419.0,738.0,14:06:46.035954
180.0,-281.0,831.0,14:06:46.045230
-31.0,-530.0,973.0,14:06:46.055793
-11.0,-529.0,715.0,14:06:46.065057
195.0,-469.0,993.0,14:06:46.075761
-27.0,-445.0,1000.0,14:06:46.085103
-61.0,-553.0,909.0,14:06:46.094675
153.0,-594.0,870.0,14:06:46.105210
80.0,-500.0,827.0,14:06:46.114733
140.0,-438.0,1006.0,14:06:46.125235
-118.0,-528.0,1014.0,14:06:46.134678
33.0,-566.0,811.0,14:06:46.143986
-167.0,-455.0,934.0,14:06:46.153710
-10.0,-378.0,847.0,14:06:46.164143
60.0,-397.0,1031.0,14:06:46.173664
6.0,-426.0,863.0,14:06:46.184071
160.0,-539.0,1057.0,14:06:46.193519
78.0,-401.0,803.0,14:06:46.203925
-51.0,-376.0,790.0,14:06:46.213256
-8.0,-693.0,1208.0,14:06:46.223704
22.0,-475.0,975.0,14:06:46.233069
-44.0,-424.0,681.0,14:06:46.242442
57.0,-485.0,835.0,14:06:46.253052
117.0,-570.0,1142.0,14:06:46.262509
-17.0,-649.0,1107.0,14:06:46.273071
263.0,-653.0,659.0,14:06:46.282537
36.0,-511.0,870.0,14:06:46.291850
218.0,-878.0,1259.0,14:06:46.302503
71.0,-629.0,574.0,14:06:46.311784
15.0,-332.0,563.0,14:06:46.321301
-53.0,-484.0,1228.0,14:06:46.331711
-99.0,-482.0,927.0,14:06:46.341087
117.0,-549.0,603.0,14:06:46.351674
-29.0,-342.0,637.0,14:06:46.360959
157.0,-450.0,1305.0,14:06:46.371487
-38.0,-473.0,1022.0,14:06:46.380955
9.0,-398.0,743.0,14:06:46.391375
-86.0,-548.0,1156.0,14:06:46.400719
168.0,-554.0,1101.0,14:06:46.410123
130.0,-422.0,812.0,14:06:46.420658
-76.0,-451.0,917.0,14:06:46.430083
98.0,-528.0,1009.0,14:06:46.440587
91.0,-608.0,583.0,14:06:46.449920
12.0,-531.0,1050.0,14:06:46.460430
2.0,-417.0,1048.0,14:06:46.469730
35.0,-475.0,756.0,14:06:46.479095
76.0,-518.0,903.0,14:06:46.489531
38.0,-554.0,1014.0,14:06:46.499076
146.0,-442.0,862.0,14:06:46.509568
106.0,-428.0,917.0,14:06:46.518974
138.0,-387.0,946.0,14:06:46.529381
-17.0,-468.0,1029.0,14:06:46.538797
19.0,-567.0,867.0,14:06:46.548190
13.0,-491.0,847.0,14:06:46.558736
-129.0,-401.0,954.0,14:06:46.567997
135.0,-483.0,1141.0,14:06:46.578636
-19.0,-524.0,852.0,14:06:46.587989
21.0,-397.0,902.0,14:06:46.598555
41.0,-464.0,1090.0,14:06:46.607915
4.0,-377.0,1005.0,14:06:46.625407
100.0,-332.0,707.0,14:06:46.629270
-4.0,-552.0,1120.0,14:06:46.637403
228.0,-523.0,1026.0,14:06:46.646923
44.0,-392.0,949.0,14:06:46.657370
145.0,-402.0,727.0,14:06:46.666752
3.0,-593.0,1089.0,14:06:46.677201
102.0,-577.0,950.0,14:06:46.686531
109.0,-440.0,700.0,14:06:46.697055
86.0,-455.0,767.0,14:06:46.706535
-129.0,-493.0,1120.0,14:06:46.715905
17.0,-411.0,715.0,14:06:46.726348
-150.0,-318.0,660.0,14:06:46.735668
30.0,-484.0,989.0,14:06:46.746214
26.0,-384.0,1029.0,14:06:46.755517
15.0,-490.0,889.0,14:06:46.765964
-81.0,-326.0,842.0,14:06:46.775295
-56.0,-644.0,1286.0,14:06:46.784745
115.0,-723.0,950.0,14:06:46.795218
135.0,-523.0,818.0,14:06:46.804629
-42.0,-434.0,952.0,14:06:46.815117
136.0,-623.0,950.0,14:06:46.824415
163.0,-421.0,836.0,14:06:46.834868
-68.0,-475.0,953.0,14:06:46.844176
180.0,-435.0,975.0,14:06:46.854759
91.0,-527.0,1025.0,14:06:46.864199
210.0,-537.0,1038.0,14:06:46.873590
178.0,-389.0,807.0,14:06:46.884041
31.0,-422.0,1029.0,14:06:46.893372
139.0,-486.0,998.0,14:06:46.903808
42.0,-485.0,858.0,14:06:46.913150
119.0,-531.0,918.0,14:06:46.923585
212.0,-616.0,875.0,14:06:46.932960
61.0,-550.0,833.0,14:06:46.943520
-94.0,-613.0,868.0,14:06:46.952837
29.0,-716.0,988.0,14:06:46.962301
-23.0,-557.0,836.0,14:06:46.972810
-16.0,-481.0,699.0,14:06:46.982088
-182.0,-485.0,875.0,14:06:46.992620
-118.0,-642.0,962.0,14:06:47.001925
102.0,-484.0,894.0,14:06:47.012627
33.0,-596.0,982.0,14:06:47.022788
167.0,-590.0,822.0,14:06:47.032016
90.0,-577.0,949.0,14:06:47.041330
-128.0,-484.0,981.0,14:06:47.051843
246.0,-531.0,868.0,14:06:47.061377
-58.0,-463.0,863.0,14:06:47.070657
45.0,-581.0,789.0,14:06:47.081245
-15.0,-484.0,925.0,14:06:47.090529
42.0,-522.0,875.0,14:06:47.101327
5.0,-473.0,889.0,14:06:47.110585
0.0,-408.0,877.0,14:06:47.120047
-115.0,-520.0,932.0,14:06:47.130493
26.0,-498.0,953.0,14:06:47.139928
2.0,-421.0,814.0,14:06:47.150350
29.0,-454.0,752.0,14:06:47.159771
67.0,-474.0,1134.0,14:06:47.170246
-82.0,-455.0,1041.0,14:06:47.179603
254.0,-408.0,852.0,14:06:47.189165
-92.0,-554.0,1004.0,14:06:47.199674
35.0,-487.0,1147.0,14:06:47.209049
64.0,-494.0,937.0,14:06:47.219657
42.0,-617.0,915.0,14:06:47.229076
89.0,-446.0,991.0,14:06:47.238422
84.0,-322.0,827.0,14:06:47.258145
-57.0,-449.0,1040.0,14:06:47.268585
-66.0,-402.0,848.0,14:06:47.277917
78.0,-291.0,758.0,14:06:47.288389
-144.0,-416.0,916.0,14:06:47.297769
37.0,-500.0,1353.0,14:06:47.308280
-14.0,-411.0,780.0,14:06:47.317609
-13.0,-520.0,839.0,14:06:47.327135
47.0,-606.0,1262.0,14:06:47.337610
116.0,-644.0,872.0,14:06:47.346969
167.0,-443.0,604.0,14:06:47.357526
12.0,-406.0,1053.0,14:06:47.367025
-4.0,-559.0,1066.0,14:06:47.377434
178.0,-482.0,674.0,14:06:47.386787
94.0,-397.0,890.0,14:06:47.396058
-94.0,-432.0,1032.0,14:06:47.406619
135.0,-487.0,1062.0,14:06:47.415956
148.0,-564.0,987.0,14:06:47.426393
39.0,-526.0,910.0,14:06:47.435789
140.0,-633.0,849.0,14:06:47.446386
-7.0,-464.0,976.0,14:06:47.455738
177.0,-479.0,981.0,14:06:47.465062
4.0,-463.0,846.0,14:06:47.475524
134.0,-361.0,842.0,14:06:47.484982
-64.0,-507.0,851.0,14:06:47.495395
64.0,-618.0,872.0,14:06:47.504857
68.0,-604.0,1032.0,14:06:47.515347
7.0,-519.0,763.0,14:06:47.524912
63.0,-565.0,864.0,14:06:47.534191
-75.0,-514.0,991.0,14:06:47.544745
53.0,-416.0,972.0,14:06:47.554148
-45.0,-477.0,732.0,14:06:47.563671
39.0,-388.0,847.0,14:06:47.574184
-49.0,-523.0,1281.0,14:06:47.583640
117.0,-566.0,889.0,14:06:47.594099
58.0,-630.0,719.0,14:06:47.603572
42.0,-544.0,963.0,14:06:47.614004
-105.0,-447.0,1165.0,14:06:47.623343
17.0,-585.0,855.0,14:06:47.632698
-62.0,-635.0,747.0,14:06:47.643139
37.0,-481.0,999.0,14:06:47.652551
4.0,-552.0,976.0,14:06:47.663027
66.0,-398.0,875.0,14:06:47.672472
0.0,-435.0,1021.0,14:06:47.682915
94.0,-495.0,888.0,14:06:47.692318
78.0,-609.0,873.0,14:06:47.702770
85.0,-421.0,990.0,14:06:47.712142
116.0,-311.0,840.0,14:06:47.721438
79.0,-413.0,842.0,14:06:47.731963
183.0,-466.0,914.0,14:06:47.741342
-66.0,-478.0,1020.0,14:06:47.751895
181.0,-529.0,818.0,14:06:47.761258
22.0,-400.0,940.0,14:06:47.771739
19.0,-562.0,1125.0,14:06:47.781046
78.0,-641.0,891.0,14:06:47.790525
-69.0,-509.0,845.0,14:06:47.801020
149.0,-517.0,935.0,14:06:47.810462
-46.0,-518.0,802.0,14:06:47.828294
9.0,-626.0,957.0,14:06:47.832144
51.0,-552.0,871.0,14:06:47.840431
8.0,-616.0,869.0,14:06:47.849805
91.0,-503.0,995.0,14:06:47.860261
-87.0,-556.0,938.0,14:06:47.869692
25.0,-512.0,739.0,14:06:47.880242
-36.0,-476.0,1065.0,14:06:47.889553
-112.0,-408.0,906.0,14:06:47.899044
-3.0,-513.0,758.0,14:06:47.909536
-208.0,-484.0,939.0,14:06:47.919035
-28.0,-445.0,982.0,14:06:47.929450
-40.0,-508.0,955.0,14:06:47.939039
70.0,-394.0,920.0,14:06:47.948328
21.0,-509.0,1090.0,14:06:47.959028
60.0,-438.0,1105.0,14:06:47.968434
183.0,-489.0,818.0,14:06:47.977851
35.0,-217.0,897.0,14:06:47.988494
180.0,-423.0,1103.0,14:06:47.997903
-10.0,-538.0,855.0,14:06:48.008553
283.0,-338.0,659.0,14:06:48.017929
-94.0,-365.0,918.0,14:06:48.027402
32.0,-528.0,1016.0,14:06:48.037933
148.0,-457.0,902.0,14:06:48.047312
6.0,-431.0,940.0,14:06:48.057860
148.0,-492.0,982.0,14:06:48.067263
53.0,-478.0,940.0,14:06:48.076635
42.0,-480.0,797.0,14:06:48.087166
187.0,-586.0,885.0,14:06:48.096445
-20.0,-600.0,1025.0,14:06:48.107075
-12.0,-522.0,895.0,14:06:48.116385
18.0,-507.0,875.0,14:06:48.125982
-20.0,-577.0,803.0,14:06:48.136410
58.0,-678.0,1027.0,14:06:48.145933
136.0,-558.0,931.0,14:06:48.155272
-19.0,-442.0,853.0,14:06:48.165879
143.0,-544.0,917.0,14:06:48.175194
13.0,-516.0,944.0,14:06:48.185845
-9.0,-595.0,915.0,14:06:48.195235
-46.0,-505.0,937.0,14:06:48.204660
-175.0,-502.0,961.0,14:06:48.215106
35.0,-589.0,942.0,14:06:48.229307
6.0,-519.0,905.0,14:06:48.234455
-128.0,-549.0,1066.0,14:06:48.244864
154.0,-559.0,917.0,14:06:48.254208
36.0,-380.0,870.0,14:06:48.264719
52.0,-549.0,1006.0,14:06:48.274111
143.0,-514.0,934.0,14:06:48.283556
96.0,-519.0,861.0,14:06:48.294046
-49.0,-389.0,945.0,14:06:48.303360
114.0,-430.0,837.0,14:06:48.313858
105.0,-576.0,761.0,14:06:48.323248
77.0,-420.0,789.0,14:06:48.333713
135.0,-451.0,1014.0,14:06:48.353355
51.0,-444.0,905.0,14:06:48.362675
26.0,-440.0,803.0,14:06:48.373117
80.0,-460.0,1006.0,14:06:48.382594
141.0,-564.0,886.0,14:06:48.391987
-32.0,-565.0,880.0,14:06:48.402537
41.0,-447.0,910.0,14:06:48.411829
54.0,-555.0,816.0,14:06:48.422433
195.0,-459.0,861.0,14:06:48.431685
-82.0,-359.0,902.0,14:06:48.442185
12.0,-407.0,928.0,14:06:48.451583
109.0,-496.0,1041.0,14:06:48.461001
-55.0,-618.0,1016.0,14:06:48.471557
132.0,-567.0,925.0,14:06:48.481097
208.0,-562.0,888.0,14:06:48.491621
15.0,-488.0,1016.0,14:06:48.501054
65.0,-628.0,936.0,14:06:48.510364
-65.0,-592.0,862.0,14:06:48.520892
105.0,-476.0,759.0,14:06:48.530283
-160.0,-427.0,957.0,14:06:48.540708
-80.0,-461.0,1030.0,14:06:48.550702
-40.0,-525.0,969.0,14:06:48.560244
-52.0,-450.0,864.0,14:06:48.569575
7.0,-488.0,903.0,14:06:48.580230
-136.0,-443.0,1050.0,14:06:48.589560
-16.0,-391.0,992.0,14:06:48.598982
-51.0,-370.0,899.0,14:06:48.609642
-109.0,-484.0,963.0,14:06:48.619037
-3.0,-509.0,818.0,14:06:48.629537
77.0,-413.0,847.0,14:06:48.638940
-5.0,-476.0,1075.0,14:06:48.648411
38.0,-569.0,959.0,14:06:48.658926
76.0,-525.0,830.0,14:06:48.668294
27.0,-561.0,814.0,14:06:48.678718
231.0,-428.0,839.0,14:06:48.688080
119.0,-372.0,924.0,14:06:48.698483
101.0,-371.0,880.0,14:06:48.707969
139.0,-392.0,889.0,14:06:48.718389
99.0,-589.0,835.0,14:06:48.727964
3.0,-429.0,888.0,14:06:48.737269
-29.0,-547.0,1084.0,14:06:48.747805
18.0,-494.0,1029.0,14:06:48.757160
68.0,-605.0,756.0,14:06:48.767783
175.0,-594.0,819.0,14:06:48.777122
51.0,-519.0,1011.0,14:06:48.786446
2.0,-450.0,968.0,14:06:48.797108
109.0,-493.0,866.0,14:06:48.806459
-117.0,-487.0,909.0,14:06:48.817006
13.0,-477.0,933.0,14:06:48.826346
-88.0,-636.0,935.0,14:06:48.835868
89.0,-494.0,1046.0,14:06:48.846354
16.0,-563.0,947.0,14:06:48.855751
-117.0,-621.0,826.0,14:06:48.866209
232.0,-444.0,806.0,14:06:48.875726
22.0,-490.0,1080.0,14:06:48.885028
98.0,-455.0,965.0,14:06:48.895601
50.0,-406.0,748.0,14:06:48.904856
66.0,-440.0,819.0,14:06:48.915389
17.0,-599.0,1161.0,14:06:48.924703
57.0,-597.0,984.0,14:06:48.935248
99.0,-607.0,832.0,14:06:48.944719
-149.0,-622.0,932.0,14:06:48.954200
189.0,-627.0,959.0,14:06:48.964795
128.0,-534.0,778.0,14:06:48.974171
74.0,-485.0,842.0,14:06:48.983533
143.0,-469.0,968.0,14:06:48.994177
89.0,-508.0,863.0,14:06:49.003556
56.0,-463.0,831.0,14:06:49.014080
39.0,-570.0,946.0,14:06:49.030600
36.0,-520.0,954.0,14:06:49.033153
-114.0,-362.0,857.0,14:06:49.043749
-27.0,-480.0,794.0,14:06:49.053099
101.0,-312.0,745.0,14:06:49.062580
2.0,-215.0,666.0,14:06:49.073000
0.0,-144.0,485.0,14:06:49.082521
39.0,-591.0,1566.0,14:06:49.092997
-69.0,-498.0,1325.0,14:06:49.102450
78.0,-675.0,1036.0,14:06:49.111853
113.0,-909.0,1245.0,14:06:49.122488
147.0,-1058.0,1551.0,14:06:49.131762
167.0,-808.0,950.0,14:06:49.142190
170.0,-829.0,904.0,14:06:49.151524
89.0,-728.0,791.0,14:06:49.162025
-19.0,-783.0,475.0,14:06:49.171401
330.0,-525.0,690.0,14:06:49.180809
-193.0,-526.0,1157.0,14:06:49.191424
27.0,-499.0,1001.0,14:06:49.200760
85.0,-225.0,552.0,14:06:49.211272
-240.0,-85.0,816.0,14:06:49.220621
-46.0,-334.0,1268.0,14:06:49.230181
-67.0,-296.0,710.0,14:06:49.240618
-131.0,-153.0,633.0,14:06:49.250114
60.0,-239.0,815.0,14:06:49.260630
-81.0,-231.0,968.0,14:06:49.270312
-46.0,-51.0,801.0,14:06:49.279650
43.0,-309.0,910.0,14:06:49.290240
38.0,-538.0,1118.0,14:06:49.299501
261.0,-505.0,813.0,14:06:49.308959
-19.0,-473.0,965.0,14:06:49.319532
189.0,-574.0,1153.0,14:06:49.329020
108.0,-478.0,750.0,14:06:49.339424
112.0,-616.0,792.0,14:06:49.349016
167.0,-615.0,1074.0,14:06:49.358276
4.0,-408.0,1022.0,14:06:49.368967
15.0,-512.0,902.0,14:06:49.378198
45.0,-776.0,1020.0,14:06:49.388943
0.0,-740.0,1022.0,14:06:49.398219
62.0,-802.0,570.0,14:06:49.407579
143.0,-690.0,662.0,14:06:49.418296
-60.0,-290.0,1204.0,14:06:49.432668
-162.0,-104.0,1243.0,14:06:49.437706
-60.0,-63.0,842.0,14:06:49.447099
-170.0,-259.0,611.0,14:06:49.457788
71.0,-410.0,1141.0,14:06:49.467094
134.0,-355.0,1369.0,14:06:49.477589
220.0,-625.0,1385.0,14:06:49.487026
233.0,-749.0,1135.0,14:06:49.496453
142.0,-686.0,700.0,14:06:49.506944
68.0,-722.0,791.0,14:06:49.516350
99.0,-660.0,1330.0,14:06:49.526920
-208.0,-622.0,1155.0,14:06:49.536295
92.0,-376.0,362.0,14:06:49.545726
-214.0,-524.0,787.0,14:06:49.556272
89.0,-602.0,1034.0,14:06:49.565672
60.0,-475.0,856.0,14:06:49.576219
-108.0,-321.0,606.0,14:06:49.585547
57.0,-486.0,694.0,14:06:49.595006
149.0,-412.0,494.0,14:06:49.605439
9.0,-505.0,1030.0,14:06:49.614791
206.0,-586.0,1038.0,14:06:49.625182
-11.0,-176.0,779.0,14:06:49.634585
-9.0,-635.0,952.0,14:06:49.645090
133.0,-774.0,551.0,14:06:49.654511
91.0,-439.0,1012.0,14:06:49.664951
-80.0,-471.0,1332.0,14:06:49.674414
112.0,-484.0,829.0,14:06:49.683664
179.0,-663.0,586.0,14:06:49.694190
23.0,-473.0,1010.0,14:06:49.703612
73.0,-722.0,1079.0,14:06:49.714114
-95.0,-493.0,876.0,14:06:49.723523
90.0,-399.0,823.0,14:06:49.734026
30.0,-567.0,858.0,14:06:49.743301
57.0,-436.0,889.0,14:06:49.752725
-70.0,-429.0,1221.0,14:06:49.763177
-49.0,-466.0,1222.0,14:06:49.772667
-157.0,-541.0,976.0,14:06:49.783170
-33.0,-562.0,994.0,14:06:49.792558
-115.0,-742.0,1310.0,14:06:49.803077
-41.0,-497.0,886.0,14:06:49.812546
79.0,-328.0,742.0,14:06:49.821925
-130.0,-461.0,1073.0,14:06:49.832482
-174.0,-500.0,598.0,14:06:49.841810
50.0,-487.0,778.0,14:06:49.851309
-5.0,-511.0,958.0,14:06:49.861735
-116.0,-399.0,1199.0,14:06:49.871210
95.0,-498.0,1046.0,14:06:49.881812
-1.0,-565.0,852.0,14:06:49.891288
2.0,-496.0,858.0,14:06:49.900694
82.0,-387.0,839.0,14:06:49.911348
109.0,-454.0,962.0,14:06:49.920775
71.0,-289.0,635.0,14:06:49.930229
-18.0,-407.0,711.0,14:06:49.940682
19.0,-367.0,1056.0,14:06:49.950105
-188.0,-341.0,1180.0,14:06:49.960744
-22.0,-506.0,823.0,14:06:49.970178
207.0,-444.0,1006.0,14:06:49.979548
41.0,-490.0,932.0,14:06:49.990094
220.0,-611.0,981.0,14:06:49.999530
51.0,-340.0,1090.0,14:06:50.010100
234.0,-337.0,738.0,14:06:50.019444
-50.0,-555.0,813.0,14:06:50.028905
169.0,-571.0,955.0,14:06:50.039485
24.0,-575.0,966.0,14:06:50.048790
-17.0,-413.0,777.0,14:06:50.059267
-58.0,-434.0,923.0,14:06:50.068571
135.0,-553.0,819.0,14:06:50.079117
120.0,-521.0,756.0,14:06:50.088494
124.0,-439.0,777.0,14:06:50.097950
-17.0,-312.0,1204.0,14:06:50.108430
44.0,-337.0,1085.0,14:06:50.117902
49.0,-370.0,748.0,14:06:50.127323
17.0,-549.0,899.0,14:06:50.137962
5.0,-504.0,1020.0,14:06:50.147186
-1.0,-553.0,1170.0,14:06:50.157827
96.0,-624.0,1126.0,14:06:50.167091
119.0,-515.0,738.0,14:06:50.177537
70.0,-484.0,615.0,14:06:50.186947
79.0,-537.0,1062.0,14:06:50.197505
20.0,-503.0,904.0,14:06:50.206827
-2.0,-370.0,939.0,14:06:50.216168
44.0,-460.0,1014.0,14:06:50.229102
43.0,-441.0,726.0,14:06:50.237776
-133.0,-394.0,1040.0,14:06:50.246051
147.0,-554.0,895.0,14:06:50.256517
111.0,-505.0,819.0,14:06:50.265985
9.0,-513.0,940.0,14:06:50.275358
31.0,-787.0,1125.0,14:06:50.285983
124.0,-543.0,833.0,14:06:50.295256
41.0,-276.0,644.0,14:06:50.305810
86.0,-480.0,1095.0,14:06:50.315195
65.0,-747.0,1146.0,14:06:50.324614
88.0,-665.0,695.0,14:06:50.335093
-8.0,-621.0,1078.0,14:06:50.344431
-60.0,-545.0,1008.0,14:06:50.354930
130.0,-700.0,858.0,14:06:50.364402
42.0,-634.0,814.0,14:06:50.374936
51.0,-538.0,947.0,14:06:50.384342
79.0,-446.0,863.0,14:06:50.393766
176.0,-347.0,843.0,14:06:50.404220
-23.0,-573.0,1208.0,14:06:50.413667
-32.0,-572.0,750.0,14:06:50.424176
86.0,-476.0,618.0,14:06:50.433605
-37.0,-439.0,1007.0,14:06:50.442980
-189.0,-312.0,1211.0,14:06:50.453597
-4.0,-433.0,955.0,14:06:50.463000
-252.0,-359.0,516.0,14:06:50.472502
33.0,-426.0,955.0,14:06:50.482937
43.0,-600.0,936.0,14:06:50.492451
-10.0,-609.0,1101.0,14:06:50.502864
46.0,-283.0,971.0,14:06:50.512385
-104.0,-578.0,978.0,14:06:50.522807
-141.0,-608.0,923.0,14:06:50.532258
206.0,-507.0,817.0,14:06:50.541666
-34.0,-595.0,889.0,14:06:50.552185
196.0,-455.0,945.0,14:06:50.561543
-92.0,-474.0,822.0,14:06:50.572071
-41.0,-403.0,812.0,14:06:50.581350
177.0,-540.0,913.0,14:06:50.591844
-32.0,-375.0,755.0,14:06:50.601258
234.0,-391.0,982.0,14:06:50.610804
74.0,-364.0,873.0,14:06:50.621337
-17.0,-228.0,1035.0,14:06:50.635052
71.0,-406.0,960.0,14:06:50.640180
13.0,-498.0,1067.0,14:06:50.650575
-115.0,-580.0,1029.0,14:06:50.660092
180.0,-345.0,676.0,14:06:50.670544
-205.0,-385.0,952.0,14:06:50.680146
-106.0,-491.0,1360.0,14:06:50.689424
86.0,-588.0,770.0,14:06:50.699967
159.0,-498.0,1059.0,14:06:50.709252
15.0,-509.0,1017.0,14:06:50.719712
68.0,-642.0,926.0,14:06:50.729082
-27.0,-636.0,1092.0,14:06:50.748652
-159.0,-373.0,778.0,14:06:50.759145
-2.0,-544.0,871.0,14:06:50.768481
87.0,-403.0,1003.0,14:06:50.779109
76.0,-461.0,594.0,14:06:50.788519
136.0,-573.0,881.0,14:06:50.797928
66.0,-410.0,1033.0,14:06:50.808378
97.0,-315.0,786.0,14:06:50.817888
54.0,-424.0,1035.0,14:06:50.828345
-31.0,-471.0,927.0,14:06:50.837957
28.0,-363.0,707.0,14:06:50.847264
-54.0,-482.0,1031.0,14:06:50.857936
-25.0,-506.0,1032.0,14:06:50.867384
-108.0,-590.0,942.0,14:06:50.876707
115.0,-526.0,688.0,14:06:50.887167
29.0,-459.0,1099.0,14:06:50.896496
103.0,-502.0,976.0,14:06:50.907073
183.0,-470.0,757.0,14:06:50.916448
193.0,-490.0,874.0,14:06:50.927013
63.0,-502.0,997.0,14:06:50.936433
108.0,-669.0,851.0,14:06:50.945875
92.0,-467.0,996.0,14:06:50.956397
-9.0,-451.0,1180.0,14:06:50.965849
102.0,-732.0,1122.0,14:06:50.976333
173.0,-611.0,810.0,14:06:50.985852
40.0,-384.0,976.0,14:06:50.995242
133.0,-644.0,1177.0,14:06:51.005795
116.0,-588.0,621.0,14:06:51.015088
150.0,-482.0,756.0,14:06:51.025634
122.0,-549.0,915.0,14:06:51.035021
16.0,-471.0,652.0,14:06:51.044390
9.0,-191.0,1148.0,14:06:51.054867
-40.0,-348.0,903.0,14:06:51.064279
174.0,-492.0,739.0,14:06:51.074763
-32.0,-200.0,964.0,14:06:51.084100
52.0,-285.0,883.0,14:06:51.094666
-52.0,-590.0,1147.0,14:06:51.104150
-37.0,-461.0,1069.0,14:06:51.113520
195.0,-427.0,800.0,14:06:51.123978
222.0,-431.0,630.0,14:06:51.133231
65.0,-518.0,1339.0,14:06:51.143733
-52.0,-512.0,845.0,14:06:51.153018
163.0,-629.0,866.0,14:06:51.163725
-69.0,-666.0,978.0,14:06:51.172944
59.0,-660.0,1103.0,14:06:51.182442
-36.0,-568.0,802.0,14:06:51.192927
76.0,-589.0,1026.0,14:06:51.202453
-86.0,-535.0,1030.0,14:06:51.212933
230.0,-600.0,665.0,14:06:51.222400
-147.0,-544.0,934.0,14:06:51.231808
82.0,-427.0,845.0,14:06:51.242484
-12.0,-567.0,782.0,14:06:51.251817
-63.0,-614.0,1011.0,14:06:51.261244
-79.0,-576.0,895.0,14:06:51.271859
81.0,-451.0,826.0,14:06:51.281233
39.0,-527.0,933.0,14:06:51.291709
-59.0,-184.0,824.0,14:06:51.301110
-124.0,-422.0,981.0,14:06:51.311619
-97.0,-283.0,1106.0,14:06:51.321076
109.0,-400.0,663.0,14:06:51.330477
-85.0,-299.0,1238.0,14:06:51.341079
21.0,-599.0,1360.0,14:06:51.350455
136.0,-659.0,546.0,14:06:51.360896
-150.0,-528.0,829.0,14:06:51.370264
16.0,-671.0,1445.0,14:06:51.379659
119.0,-618.0,738.0,14:06:51.390207
-116.0,-416.0,582.0,14:06:51.399546
76.0,-684.0,1085.0,14:06:51.410143
-87.0,-613.0,1129.0,14:06:51.419598
278.0,-458.0,703.0,14:06:51.436855
99.0,-426.0,833.0,14:06:51.439420
-39.0,-652.0,1090.0,14:06:51.448857
220.0,-561.0,811.0,14:06:51.459324
-77.0,-504.0,800.0,14:06:51.468692
179.0,-493.0,874.0,14:06:51.478155
99.0,-625.0,944.0,14:06:51.488632
75.0,-367.0,818.0,14:06:51.497981
-72.0,-332.0,895.0,14:06:51.508445
57.0,-410.0,972.0,14:06:51.517991
72.0,-571.0,910.0,14:06:51.528455
99.0,-505.0,587.0,14:06:51.537895
-62.0,-341.0,1072.0,14:06:51.547218
92.0,-556.0,1267.0,14:06:51.557826
109.0,-445.0,587.0,14:06:51.567176
11.0,-385.0,805.0,14:06:51.577835
-52.0,-572.0,1189.0,14:06:51.587129
164.0,-624.0,939.0,14:06:51.596582
-72.0,-390.0,876.0,14:06:51.606989
138.0,-598.0,903.0,14:06:51.616406
-9.0,-528.0,1000.0,14:06:51.626970
55.0,-759.0,913.0,14:06:51.636364
133.0,-520.0,803.0,14:06:51.645812
9.0,-530.0,892.0,14:06:51.656309
39.0,-329.0,829.0,14:06:51.665734
6.0,-426.0,804.0,14:06:51.676315
23.0,-515.0,921.0,14:06:51.685601
-256.0,-312.0,1019.0,14:06:51.696202
-44.0,-606.0,840.0,14:06:51.705482
-92.0,-551.0,1170.0,14:06:51.714951
-98.0,-676.0,1040.0,14:06:51.725349
155.0,-716.0,837.0,14:06:51.734824
64.0,-574.0,923.0,14:06:51.745224
-112.0,-238.0,1009.0,14:06:51.754737
102.0,-650.0,1147.0,14:06:51.765260
-21.0,-379.0,784.0,14:06:51.774683
34.0,-326.0,979.0,14:06:51.783956
87.0,-298.0,1048.0,14:06:51.794703
-98.0,-506.0,1192.0,14:06:51.804017
56.0,-320.0,910.0,14:06:51.813574
11.0,-516.0,1098.0,14:06:51.823996
-31.0,-574.0,1190.0,14:06:51.838795
274.0,-392.0,896.0,14:06:51.843907
44.0,-304.0,718.0,14:06:51.853585
-9.0,-551.0,927.0,14:06:51.863010
284.0,-510.0,897.0,14:06:51.873558
-5.0,-494.0,870.0,14:06:51.882929
202.0,-432.0,803.0,14:06:51.892379
59.0,-393.0,1009.0,14:06:51.903006
-28.0,-586.0,980.0,14:06:51.912372
225.0,-508.0,706.0,14:06:51.922924
220.0,-649.0,797.0,14:06:51.932430
192.0,-445.0,940.0,14:06:51.941777
-102.0,-333.0,806.0,14:06:51.952176
54.0,-515.0,1082.0,14:06:51.961551
95.0,-523.0,631.0,14:06:51.972197
-79.0,-304.0,509.0,14:06:51.981567
58.0,-655.0,1291.0,14:06:51.990903
-48.0,-506.0,1266.0,14:06:52.001495
-65.0,-447.0,870.0,14:06:52.010883
124.0,-591.0,993.0,14:06:52.021400
-47.0,-499.0,1201.0,14:06:52.030805
202.0,-633.0,811.0,14:06:52.040225
-108.0,-486.0,1013.0,14:06:52.050699
-39.0,-466.0,961.0,14:06:52.060018
71.0,-496.0,913.0,14:06:52.070604
-28.0,-340.0,765.0,14:06:52.080097
110.0,-472.0,1114.0,14:06:52.089491
158.0,-588.0,957.0,14:06:52.099957
210.0,-456.0,827.0,14:06:52.109242
-90.0,-463.0,992.0,14:06:52.119708
85.0,-563.0,1090.0,14:06:52.129210
68.0,-552.0,1097.0,14:06:52.139629
129.0,-403.0,472.0,14:06:52.149099
9.0,-527.0,1196.0,14:06:52.168739
42.0,-386.0,614.0,14:06:52.179211
43.0,-387.0,664.0,14:06:52.188488
-64.0,-646.0,1007.0,14:06:52.199099
161.0,-495.0,641.0,14:06:52.208646
15.0,-597.0,905.0,14:06:52.218012
175.0,-442.0,791.0,14:06:52.228444
-184.0,-298.0,958.0,14:06:52.237862
53.0,-559.0,1203.0,14:06:52.247342
90.0,-583.0,937.0,14:06:52.257945
-112.0,-535.0,1040.0,14:06:52.267268
284.0,-611.0,997.0,14:06:52.277987
44.0,-803.0,1153.0,14:06:52.287395
211.0,-615.0,789.0,14:06:52.296914
45.0,-508.0,811.0,14:06:52.307367
56.0,-644.0,787.0,14:06:52.316744
16.0,-556.0,613.0,14:06:52.326156
58.0,-280.0,658.0,14:06:52.336600
-69.0,-213.0,806.0,14:06:52.345981
94.0,-90.0,840.0,14:06:52.356563
-204.0,-252.0,1270.0,14:06:52.365901
89.0,-571.0,993.0,14:06:52.376356
49.0,-499.0,1035.0,14:06:52.385733
51.0,-423.0,1211.0,14:06:52.395204
242.0,-494.0,957.0,14:06:52.405735
47.0,-575.0,1010.0,14:06:52.415121
38.0,-768.0,1196.0,14:06:52.425586
51.0,-695.0,653.0,14:06:52.434991
-112.0,-377.0,659.0,14:06:52.444446
-39.0,-715.0,1110.0,14:06:52.454921
77.0,-762.0,863.0,14:06:52.464236
67.0,-381.0,792.0,14:06:52.474812
-25.0,-408.0,1042.0,14:06:52.484159
24.0,-566.0,957.0,14:06:52.494789
153.0,-556.0,827.0,14:06:52.504049
-66.0,-501.0,838.0,14:06:52.513575
183.0,-566.0,927.0,14:06:52.524098
-14.0,-426.0,1135.0,14:06:52.533490
-20.0,-404.0,669.0,14:06:52.543963
-26.0,-537.0,910.0,14:06:52.553361
115.0,-620.0,823.0,14:06:52.563795
64.0,-383.0,945.0,14:06:52.573314
-96.0,-386.0,1068.0,14:06:52.582575
-38.0,-376.0,821.0,14:06:52.593228
-148.0,-354.0,913.0,14:06:52.602574
-51.0,-492.0,1118.0,14:06:52.613080
87.0,-317.0,789.0,14:06:52.622491
-101.0,-385.0,1216.0,14:06:52.641099
195.0,-515.0,1117.0,14:06:52.642514
-122.0,-562.0,671.0,14:06:52.651835
237.0,-650.0,851.0,14:06:52.662513
52.0,-648.0,1304.0,14:06:52.671789
85.0,-497.0,923.0,14:06:52.681270
154.0,-537.0,683.0,14:06:52.691661
80.0,-482.0,624.0,14:06:52.701047
43.0,-505.0,1108.0,14:06:52.711652
-39.0,-340.0,813.0,14:06:52.721015
48.0,-196.0,847.0,14:06:52.730363
-65.0,-354.0,1158.0,14:06:52.741022
56.0,-556.0,856.0,14:06:52.750326
119.0,-390.0,686.0,14:06:52.760925
77.0,-328.0,852.0,14:06:52.770322
49.0,-345.0,1417.0,14:06:52.780876
87.0,-445.0,988.0,14:06:52.790198
107.0,-423.0,657.0,14:06:52.799569
7.0,-552.0,979.0,14:06:52.810175
40.0,-713.0,1277.0,14:06:52.819563
157.0,-383.0,735.0,14:06:52.829035
-150.0,-494.0,908.0,14:06:52.839518
450.0,-609.0,891.0,14:06:52.849003
-35.0,-460.0,740.0,14:06:52.859551
151.0,-370.0,971.0,14:06:52.869026
157.0,-510.0,948.0,14:06:52.878454
82.0,-646.0,898.0,14:06:52.889000
199.0,-711.0,870.0,14:06:52.898332
-37.0,-431.0,800.0,14:06:52.908726
65.0,-542.0,967.0,14:06:52.918085
113.0,-565.0,1183.0,14:06:52.928545
111.0,-441.0,832.0,14:06:52.937937
74.0,-468.0,512.0,14:06:52.948383
-98.0,-476.0,1162.0,14:06:52.957845
136.0,-550.0,963.0,14:06:52.967238
-43.0,-478.0,778.0,14:06:52.977786
19.0,-442.0,959.0,14:06:52.987083
-104.0,-603.0,1086.0,14:06:52.997557
55.0,-670.0,1007.0,14:06:53.007114
-90.0,-537.0,974.0,14:06:53.016419
-6.0,-684.0,913.0,14:06:53.027040
100.0,-634.0,837.0,14:06:53.040812
-175.0,-489.0,990.0,14:06:53.045930
3.0,-514.0,824.0,14:06:53.056397
-138.0,-524.0,726.0,14:06:53.065822
-98.0,-683.0,1114.0,14:06:53.076394
-129.0,-487.0,1004.0,14:06:53.085820
-80.0,-512.0,669.0,14:06:53.095294
152.0,-641.0,1090.0,14:06:53.105846
-196.0,-474.0,1170.0,14:06:53.115155
26.0,-520.0,583.0,14:06:53.125721
-28.0,-532.0,777.0,14:06:53.135100
14.0,-486.0,1089.0,14:06:53.145523
-65.0,-414.0,871.0,14:06:53.154892
121.0,-277.0,660.0,14:06:53.165347
-30.0,-295.0,791.0,14:06:53.174870
117.0,-494.0,998.0,14:06:53.184201
51.0,-253.0,892.0,14:06:53.194929
86.0,-296.0,805.0,14:06:53.204266
48.0,-434.0,1259.0,14:06:53.213667
-37.0,-574.0,1165.0,14:06:53.224260
161.0,-467.0,545.0,14:06:53.233653
-26.0,-454.0,1112.0,14:06:53.244162
10.0,-594.0,1129.0,14:06:53.253666
228.0,-454.0,821.0,14:06:53.263033
-34.0,-420.0,841.0,14:06:53.273576
175.0,-535.0,787.0,14:06:53.282899
90.0,-502.0,921.0,14:06:53.293502
-143.0,-444.0,967.0,14:06:53.302868
141.0,-479.0,806.0,14:06:53.312343
-23.0,-463.0,1057.0,14:06:53.322795
105.0,-459.0,1092.0,14:06:53.332212
-102.0,-443.0,940.0,14:06:53.342717
-2.0,-512.0,906.0,14:06:53.352200
-172.0,-421.0,1078.0,14:06:53.361518
-79.0,-544.0,962.0,14:06:53.372050
91.0,-483.0,768.0,14:06:53.381400
130.0,-556.0,968.0,14:06:53.392004
39.0,-645.0,870.0,14:06:53.401425
63.0,-609.0,735.0,14:06:53.410833
15.0,-411.0,1041.0,14:06:53.421369
109.0,-535.0,1050.0,14:06:53.430750
-66.0,-344.0,627.0,14:06:53.441293
-81.0,-328.0,908.0,14:06:53.450775
-49.0,-553.0,1236.0,14:06:53.460189
129.0,-723.0,1041.0,14:06:53.470756
-180.0,-335.0,566.0,14:06:53.480110
151.0,-602.0,1020.0,14:06:53.490727
-42.0,-604.0,1292.0,14:06:53.500097
108.0,-686.0,547.0,14:06:53.509507
-120.0,-436.0,515.0,14:06:53.519996
-105.0,-380.0,1136.0,14:06:53.529370
42.0,-621.0,952.0,14:06:53.539874
8.0,-527.0,622.0,14:06:53.549187
94.0,-503.0,792.0,14:06:53.559681
-26.0,-480.0,1043.0,14:06:53.569157
-87.0,-591.0,1232.0,14:06:53.578500
100.0,-433.0,849.0,14:06:53.589282
-31.0,-424.0,809.0,14:06:53.598574
34.0,-671.0,1294.0,14:06:53.607977
59.0,-775.0,1200.0,14:06:53.618407
90.0,-435.0,710.0,14:06:53.627791
-23.0,-761.0,1085.0,14:06:53.638333
72.0,-601.0,982.0,14:06:53.647849
150.0,-296.0,402.0,14:06:53.658253
-175.0,-482.0,813.0,14:06:53.667572
-41.0,-389.0,1181.0,14:06:53.677168
-236.0,-216.0,766.0,14:06:53.687875
-178.0,-432.0,732.0,14:06:53.697283
6.0,-603.0,1333.0,14:06:53.706709
104.0,-422.0,988.0,14:06:53.717130
221.0,-365.0,523.0,14:06:53.726626
-181.0,-345.0,1084.0,14:06:53.737090
-11.0,-511.0,1303.0,14:06:53.746483
54.0,-483.0,511.0,14:06:53.755901
-32.0,-561.0,598.0,14:06:53.766477
52.0,-595.0,1234.0,14:06:53.775838
118.0,-464.0,826.0,14:06:53.786314
83.0,-370.0,608.0,14:06:53.795774
72.0,-366.0,871.0,14:06:53.805214
3.0,-311.0,974.0,14:06:53.815782
56.0,-361.0,962.0,14:06:53.825107
5.0,-378.0,678.0,14:06:53.842244
-6.0,-367.0,860.0,14:06:53.846057
-111.0,-345.0,939.0,14:06:53.855564
282.0,-302.0,524.0,14:06:53.864919
-15.0,-235.0,939.0,14:06:53.874293
197.0,-579.0,1538.0,14:06:53.884745
-32.0,-477.0,1271.0,14:06:53.894147
308.0,-628.0,934.0,14:06:53.904778
89.0,-788.0,1582.0,14:06:53.914135
213.0,-885.0,1371.0,14:06:53.923491
339.0,-656.0,640.0,14:06:53.933977
172.0,-367.0,882.0,14:06:53.943403
-61.0,-601.0,1601.0,14:06:53.953928
147.0,-631.0,463.0,14:06:53.963218
-151.0,-159.0,393.0,14:06:53.973847
64.0,-402.0,1250.0,14:06:53.983163
-157.0,-479.0,1303.0,14:06:53.992516
107.0,-545.0,748.0,14:06:54.003047
-59.0,-622.0,862.0,14:06:54.012506
58.0,-573.0,1228.0,14:06:54.022948
187.0,-601.0,1011.0,14:06:54.032402
205.0,-340.0,563.0,14:06:54.042825
-156.0,-175.0,762.0,14:06:54.052282
14.0,-262.0,879.0,14:06:54.061585
85.0,-256.0,746.0,14:06:54.072190
-50.0,-307.0,839.0,14:06:54.081476
178.0,-348.0,799.0,14:06:54.092057
-40.0,-481.0,1258.0,14:06:54.101470
211.0,-677.0,1155.0,14:06:54.111938
187.0,-611.0,675.0,14:06:54.121396
4.0,-463.0,761.0,14:06:54.130827
209.0,-455.0,1081.0,14:06:54.141412
-80.0,-516.0,1011.0,14:06:54.150789
276.0,-612.0,792.0,14:06:54.160187
-20.0,-579.0,863.0,14:06:54.170864
171.0,-708.0,962.0,14:06:54.180177
101.0,-720.0,710.0,14:06:54.190771
147.0,-737.0,805.0,14:06:54.200235
123.0,-659.0,955.0,14:06:54.209644
40.0,-432.0,922.0,14:06:54.220224
-43.0,-229.0,812.0,14:06:54.229626
17.0,-106.0,789.0,14:06:54.239153
0.0,-140.0,892.0,14:06:54.249302
-2.0,-89.0,919.0,14:06:54.258765
-66.0,-267.0,1443.0,14:06:54.269207
252.0,-587.0,1157.0,14:06:54.278579
113.0,-613.0,936.0,14:06:54.289089
164.0,-523.0,1262.0,14:06:54.298593
139.0,-672.0,971.0,14:06:54.309110
126.0,-656.0,961.0,14:06:54.318478
65.0,-549.0,1035.0,14:06:54.327856
-59.0,-646.0,890.0,14:06:54.338464
218.0,-490.0,651.0,14:06:54.347854
-96.0,-492.0,836.0,14:06:54.357299
50.0,-550.0,700.0,14:06:54.367869
21.0,-470.0,754.0,14:06:54.377275
-153.0,-490.0,755.0,14:06:54.387792
102.0,-699.0,910.0,14:06:54.397184
-71.0,-590.0,828.0,14:06:54.407606
70.0,-554.0,755.0,14:06:54.417166
-104.0,-564.0,1012.0,14:06:54.426434
-66.0,-583.0,965.0,14:06:54.436989
-91.0,-541.0,855.0,14:06:54.446266
-68.0,-426.0,777.0,14:06:54.456980
-124.0,-601.0,967.0,14:06:54.466309
-101.0,-498.0,1042.0,14:06:54.475666
-217.0,-477.0,924.0,14:06:54.486169
-60.0,-629.0,948.0,14:06:54.495583
1.0,-382.0,1016.0,14:06:54.505992
55.0,-472.0,1119.0,14:06:54.515327
178.0,-353.0,908.0,14:06:54.525809
76.0,-379.0,1079.0,14:06:54.535292
100.0,-397.0,1070.0,14:06:54.545802
55.0,-400.0,1055.0,14:06:54.555196
102.0,-423.0,945.0,14:06:54.564517
125.0,-458.0,932.0,14:06:54.575094
186.0,-368.0,865.0,14:06:54.584528
158.0,-426.0,763.0,14:06:54.595033
-89.0,-324.0,918.0,14:06:54.604295
130.0,-374.0,841.0,14:06:54.613822
67.0,-403.0,967.0,14:06:54.624220
71.0,-523.0,943.0,14:06:54.633720
3.0,-386.0,770.0,14:06:54.644279
-17.0,-582.0,1039.0,14:06:54.653773
116.0,-715.0,1043.0,14:06:54.663128
122.0,-653.0,832.0,14:06:54.673669
214.0,-536.0,821.0,14:06:54.683070
70.0,-549.0,897.0,14:06:54.692542
220.0,-573.0,841.0,14:06:54.703005
-75.0,-612.0,748.0,14:06:54.712495
14.0,-496.0,887.0,14:06:54.722955
49.0,-536.0,1010.0,14:06:54.732471
-79.0,-542.0,1231.0,14:06:54.742963
95.0,-452.0,909.0,14:06:54.752486
-34.0,-618.0,801.0,14:06:54.761797
-9.0,-495.0,1045.0,14:06:54.772501
52.0,-576.0,1084.0,14:06:54.781859
14.0,-532.0,770.0,14:06:54.791291
6.0,-516.0,951.0,14:06:54.801727
-108.0,-602.0,1001.0,14:06:54.811193
88.0,-616.0,776.0,14:06:54.821699
-225.0,-502.0,828.0,14:06:54.831170
19.0,-462.0,1019.0,14:06:54.840537
-10.0,-490.0,1014.0,14:06:54.851081
63.0,-446.0,795.0,14:06:54.860353
-5.0,-460.0,780.0,14:06:54.870950
79.0,-524.0,1083.0,14:06:54.880364
45.0,-496.0,896.0,14:06:54.889763
-80.0,-420.0,733.0,14:06:54.900252
188.0,-430.0,1032.0,14:06:54.909572
-4.0,-653.0,947.0,14:06:54.920099
56.0,-602.0,705.0,14:06:54.929571
14.0,-529.0,774.0,14:06:54.939963
-106.0,-576.0,1056.0,14:06:54.949325
187.0,-637.0,1149.0,14:06:54.959777
-70.0,-518.0,744.0,14:06:54.969148
46.0,-459.0,721.0,14:06:54.979591
-125.0,-378.0,1115.0,14:06:54.988978
-109.0,-508.0,918.0,14:06:54.998455
-58.0,-410.0,772.0,14:06:55.009067
-9.0,-623.0,994.0,14:06:55.018360
-73.0,-493.0,980.0,14:06:55.029003
-181.0,-427.0,745.0,14:06:55.045007
58.0,-560.0,952.0,14:06:55.049059
-166.0,-458.0,1099.0,14:06:55.058399
70.0,-472.0,795.0,14:06:55.067937
-107.0,-457.0,910.0,14:06:55.077269
91.0,-459.0,922.0,14:06:55.087819
23.0,-408.0,964.0,14:06:55.097215
32.0,-266.0,742.0,14:06:55.107766
-46.0,-551.0,1138.0,14:06:55.117077
16.0,-440.0,768.0,14:06:55.126520
96.0,-563.0,993.0,14:06:55.137169
-14.0,-394.0,1122.0,14:06:55.146581
52.0,-525.0,930.0,14:06:55.157012
42.0,-505.0,784.0,14:06:55.166528
100.0,-522.0,934.0,14:06:55.175930
149.0,-432.0,755.0,14:06:55.186483
176.0,-271.0,557.0,14:06:55.195930
-98.0,-115.0,729.0,14:06:55.205307
21.0,-392.0,1368.0,14:06:55.215913
-78.0,-461.0,1129.0,14:06:55.225312
61.0,-419.0,1241.0,14:06:55.235817
83.0,-876.0,1552.0,14:06:55.245198
264.0,-910.0,1236.0,14:06:55.254692
122.0,-678.0,1012.0,14:06:55.265226
75.0,-674.0,1233.0,14:06:55.274623
353.0,-632.0,629.0,14:06:55.285161
165.0,-627.0,603.0,14:06:55.294470
57.0,-476.0,561.0,14:06:55.303918
-163.0,-551.0,1103.0,14:06:55.314425
-147.0,-257.0,969.0,14:06:55.323929
-95.0,-549.0,775.0,14:06:55.334418
-8.0,-406.0,889.0,14:06:55.343819
-100.0,-465.0,893.0,14:06:55.354310
-111.0,-449.0,1014.0,14:06:55.363712
-5.0,-248.0,863.0,14:06:55.373000
82.0,-347.0,436.0,14:06:55.383702
61.0,-204.0,576.0,14:06:55.392984
-33.0,-256.0,1009.0,14:06:55.403612
-101.0,-301.0,1303.0,14:06:55.412870
38.0,-383.0,858.0,14:06:55.422272
68.0,-652.0,845.0,14:06:55.432706
224.0,-658.0,1182.0,14:06:55.446909
119.0,-625.0,873.0,14:06:55.452015
62.0,-529.0,1114.0,14:06:55.462466
28.0,-351.0,958.0,14:06:55.471810
21.0,-447.0,637.0,14:06:55.482334
217.0,-473.0,607.0,14:06:55.491837
-157.0,-456.0,961.0,14:06:55.501165
44.0,-323.0,801.0,14:06:55.511690
29.0,-572.0,916.0,14:06:55.520977
117.0,-619.0,897.0,14:06:55.531505
139.0,-455.0,683.0,14:06:55.540758
227.0,-703.0,792.0,14:06:55.551422
367.0,-657.0,1342.0,14:06:55.560755
-72.0,-279.0,1045.0,14:06:55.570183
70.0,-150.0,952.0,14:06:55.580706
124.0,-397.0,810.0,14:06:55.590180
67.0,-447.0,898.0,14:06:55.600716
64.0,-338.0,1139.0,14:06:55.610219
-8.0,-443.0,1455.0,14:06:55.619621
-57.0,-699.0,1443.0,14:06:55.630119
-55.0,-721.0,986.0,14:06:55.639660
-42.0,-706.0,1370.0,14:06:55.649033
78.0,-807.0,1052.0,14:06:55.659527
-33.0,-783.0,878.0,14:06:55.669115
23.0,-585.0,679.0,14:06:55.679673
65.0,-633.0,1009.0,14:06:55.689059
24.0,-600.0,805.0,14:06:55.698389
104.0,-499.0,540.0,14:06:55.708956
20.0,-413.0,501.0,14:06:55.718452
61.0,-382.0,883.0,14:06:55.729042
74.0,-612.0,627.0,14:06:55.738492
44.0,-328.0,447.0,14:06:55.747881
-32.0,31.0,711.0,14:06:55.758467
-53.0,-7.0,977.0,14:06:55.767861
41.0,-273.0,999.0,14:06:55.777322
-101.0,-207.0,681.0,14:06:55.787819
46.0,-610.0,1453.0,14:06:55.797294
-44.0,-614.0,1850.0,14:06:55.807839
106.0,-611.0,1043.0,14:06:55.817224
-75.0,-807.0,1156.0,14:06:55.826509
149.0,-924.0,962.0,14:06:55.837120
245.0,-802.0,792.0,14:06:55.846466
234.0,-973.0,958.0,14:06:55.857000
288.0,-581.0,693.0,14:06:55.866262
221.0,-645.0,952.0,14:06:55.876837
263.0,-677.0,733.0,14:06:55.886099
251.0,-289.0,972.0,14:06:55.896600
342.0,-92.0,1243.0,14:06:55.905877
-35.0,-211.0,854.0,14:06:55.915300
60.0,-285.0,806.0,14:06:55.925887
-192.0,-386.0,871.0,14:06:55.935355
138.0,-200.0,819.0,14:06:55.944833
-124.0,-184.0,1122.0,14:06:55.955393
-181.0,-47.0,1160.0,14:06:55.964753
-103.0,-354.0,1032.0,14:06:55.975224
113.0,-402.0,1062.0,14:06:55.984613
-121.0,-280.0,956.0,14:06:55.995194
190.0,-680.0,1276.0,14:06:56.004645
59.0,-952.0,1289.0,14:06:56.013957
434.0,-970.0,850.0,14:06:56.024449
110.0,-684.0,968.0,14:06:56.033873
209.0,-655.0,872.0,14:06:56.044378
60.0,-758.0,894.0,14:06:56.053767
196.0,-607.0,815.0,14:06:56.063134
4.0,-568.0,471.0,14:06:56.073770
21.0,-532.0,482.0,14:06:56.083113
-19.0,-529.0,609.0,14:06:56.093678
-80.0,-436.0,626.0,14:06:56.103166
48.0,-201.0,983.0,14:06:56.112482
-180.0,-378.0,980.0,14:06:56.122968
-286.0,-249.0,863.0,14:06:56.132354
58.0,-341.0,1035.0,14:06:56.142884
-98.0,-239.0,1169.0,14:06:56.152307
-107.0,-168.0,1308.0,14:06:56.161739
32.0,-355.0,872.0,14:06:56.172211
75.0,-577.0,597.0,14:06:56.181612
89.0,-626.0,851.0,14:06:56.192187
126.0,-568.0,936.0,14:06:56.201605
-16.0,-480.0,949.0,14:06:56.212057
31.0,-646.0,885.0,14:06:56.221473
20.0,-686.0,842.0,14:06:56.230775
10.0,-637.0,993.0,14:06:56.248806
-34.0,-551.0,1082.0,14:06:56.252604
40.0,-549.0,918.0,14:06:56.260921
-37.0,-663.0,971.0,14:06:56.270288
3.0,-465.0,1085.0,14:06:56.280691
-53.0,-482.0,891.0,14:06:56.290106
57.0,-460.0,972.0,14:06:56.300551
-38.0,-493.0,910.0,14:06:56.310091
58.0,-449.0,913.0,14:06:56.320554
17.0,-564.0,827.0,14:06:56.329916
153.0,-489.0,546.0,14:06:56.340335
-114.0,-178.0,998.0,14:06:56.349705
-2.0,-356.0,974.0,14:06:56.359133
42.0,-339.0,681.0,14:06:56.369641
-173.0,-456.0,1216.0,14:06:56.379100
-63.0,-437.0,1240.0,14:06:56.389613
75.0,-585.0,843.0,14:06:56.399044
31.0,-802.0,1301.0,14:06:56.408429
6.0,-650.0,1059.0,14:06:56.419068
101.0,-680.0,707.0,14:06:56.428408
-19.0,-674.0,1009.0,14:06:56.438930
78.0,-650.0,686.0,14:06:56.448351
132.0,-552.0,457.0,14:06:56.457804
75.0,-528.0,746.0,14:06:56.468258
-27.0,-366.0,991.0,14:06:56.477580
-167.0,-334.0,855.0,14:06:56.488225
-70.0,-368.0,726.0,14:06:56.497769
-67.0,-336.0,944.0,14:06:56.507086
-41.0,-379.0,975.0,14:06:56.517767
-14.0,-444.0,1079.0,14:06:56.527058
-15.0,-392.0,793.0,14:06:56.536550
75.0,-355.0,868.0,14:06:56.547114
53.0,-426.0,786.0,14:06:56.563117
189.0,-553.0,817.0,14:06:56.570518
-26.0,-444.0,1142.0,14:06:56.576544
26.0,-466.0,908.0,14:06:56.588235
-119.0,-650.0,787.0,14:06:56.600476
114.0,-546.0,924.0,14:06:56.606512
120.0,-275.0,995.0,14:06:56.615667
26.0,-228.0,948.0,14:06:56.626118
87.0,-167.0,743.0,14:06:56.635470
-146.0,-140.0,953.0,14:06:56.650557
-16.0,-165.0,1087.0,14:06:56.655509
-58.0,-342.0,1035.0,14:06:56.664950
113.0,-424.0,960.0,14:06:56.675474
37.0,-616.0,983.0,14:06:56.684933
284.0,-731.0,1057.0,14:06:56.694259
231.0,-672.0,863.0,14:06:56.704799
83.0,-667.0,824.0,14:06:56.714119
225.0,-614.0,1027.0,14:06:56.724742
44.0,-681.0,994.0,14:06:56.734148
308.0,-462.0,623.0,14:06:56.743595
-67.0,-387.0,1068.0,14:06:56.754152
-17.0,-508.0,1346.0,14:06:56.763565
188.0,-538.0,885.0,14:06:56.774145
-21.0,-447.0,801.0,14:06:56.783543
32.0,-737.0,1154.0,14:06:56.792965
34.0,-708.0,994.0,14:06:56.803441
201.0,-581.0,737.0,14:06:56.812822
40.0,-402.0,753.0,14:06:56.823260
60.0,-515.0,761.0,14:06:56.832602
91.0,-611.0,675.0,14:06:56.843076
68.0,-586.0,1126.0,14:06:56.852566
-87.0,-443.0,1078.0,14:06:56.861853
-34.0,-396.0,867.0,14:06:56.872535
-130.0,-582.0,1116.0,14:06:56.881875
88.0,-633.0,886.0,14:06:56.891448
-49.0,-781.0,1304.0,14:06:56.901897
127.0,-475.0,736.0,14:06:56.911497
46.0,-349.0,734.0,14:06:56.921984
25.0,-469.0,609.0,14:06:56.931359
-204.0,-675.0,933.0,14:06:56.941818
-118.0,-403.0,1020.0,14:06:56.951221
-99.0,-491.0,1001.0,14:06:56.960672
26.0,-544.0,961.0,14:06:56.971243
-28.0,-957.0,1178.0,14:06:56.980580
189.0,-775.0,546.0,14:06:56.991011
16.0,-656.0,944.0,14:06:57.000348
-126.0,-451.0,858.0,14:06:57.009833
-10.0,-422.0,794.0,14:06:57.020338
-120.0,-413.0,690.0,14:06:57.029665
141.0,-535.0,696.0,14:06:57.040246
-193.0,-284.0,1098.0,14:06:57.049644
31.0,-361.0,956.0,14:06:57.059068
-55.0,-281.0,869.0,14:06:57.069544
-109.0,-597.0,1173.0,14:06:57.079083
313.0,-621.0,811.0,14:06:57.089549
-18.0,-211.0,889.0,14:06:57.098998
-106.0,-249.0,1210.0,14:06:57.108392
24.0,-339.0,1084.0,14:06:57.119091
-24.0,-373.0,951.0,14:06:57.128358
37.0,-342.0,787.0,14:06:57.138967
77.0,-473.0,1228.0,14:06:57.148260
145.0,-716.0,1277.0,14:06:57.157851
194.0,-798.0,1012.0,14:06:57.168328
224.0,-482.0,711.0,14:06:57.177899
131.0,-478.0,856.0,14:06:57.187218
8.0,-570.0,860.0,14:06:57.197812
7.0,-315.0,703.0,14:06:57.207114
-51.0,-106.0,740.0,14:06:57.217579
-31.0,-321.0,903.0,14:06:57.227135
59.0,-204.0,788.0,14:06:57.236533
96.0,-158.0,893.0,14:06:57.247030
77.0,-476.0,1147.0,14:06:57.256405
-86.0,-675.0,1260.0,14:06:57.266980
92.0,-565.0,786.0,14:06:57.276343
116.0,-719.0,948.0,14:06:57.286877
344.0,-509.0,995.0,14:06:57.296138
96.0,-278.0,806.0,14:06:57.306663
24.0,-605.0,1027.0,14:06:57.315877
77.0,-647.0,1072.0,14:06:57.325271
289.0,-649.0,531.0,14:06:57.335844
5.0,-431.0,1085.0,14:06:57.345215
59.0,-473.0,992.0,14:06:57.355766
67.0,-674.0,799.0,14:06:57.365107
-30.0,-397.0,807.0,14:06:57.375515
-20.0,-583.0,985.0,14:06:57.384910
-185.0,-278.0,798.0,14:06:57.395335
-179.0,-559.0,1214.0,14:06:57.404867
-7.0,-631.0,809.0,14:06:57.414202
-74.0,-467.0,786.0,14:06:57.424863
201.0,-540.0,745.0,14:06:57.434146
14.0,-422.0,744.0,14:06:57.452256
-73.0,-632.0,1171.0,14:06:57.454413
137.0,-367.0,686.0,14:06:57.463700
11.0,-379.0,739.0,14:06:57.474288
-3.0,-678.0,1380.0,14:06:57.483614
56.0,-619.0,828.0,14:06:57.492948
-65.0,-449.0,890.0,14:06:57.503646
-117.0,-535.0,1083.0,14:06:57.513703
-57.0,-589.0,956.0,14:06:57.523066
56.0,-655.0,875.0,14:06:57.532528
-127.0,-594.0,1051.0,14:06:57.542967
178.0,-504.0,431.0,14:06:57.552522
45.0,-646.0,739.0,14:06:57.561865
62.0,-426.0,1092.0,14:06:57.572448
53.0,-268.0,984.0,14:06:57.581848
-8.0,-464.0,670.0,14:06:57.591448
77.0,-539.0,879.0,14:06:57.601960
-42.0,-205.0,962.0,14:06:57.611355
-110.0,-375.0,882.0,14:06:57.621991
102.0,-311.0,627.0,14:06:57.631390
-194.0,-570.0,1462.0,14:06:57.641822
103.0,-478.0,687.0,14:06:57.651295
85.0,-458.0,547.0,14:06:57.660658
-8.0,-453.0,1398.0,14:06:57.671291
-4.0,-575.0,1261.0,14:06:57.680683
76.0,-501.0,503.0,14:06:57.690080
-60.0,-623.0,991.0,14:06:57.700651
-125.0,-695.0,1599.0,14:06:57.710138
57.0,-553.0,466.0,14:06:57.720617
164.0,-488.0,747.0,14:06:57.729889
10.0,-569.0,1144.0,14:06:57.740410
245.0,-578.0,809.0,14:06:57.749776
179.0,-121.0,341.0,14:06:57.759156
-100.0,-365.0,1167.0,14:06:57.769653
102.0,-694.0,1158.0,14:06:57.779113
263.0,-389.0,648.0,14:06:57.789565
-82.0,-511.0,1147.0,14:06:57.799112
-18.0,-666.0,1312.0,14:06:57.808444
281.0,-440.0,693.0,14:06:57.819081
-230.0,-336.0,667.0,14:06:57.828391
89.0,-628.0,1359.0,14:06:57.839097
-20.0,-408.0,862.0,14:06:57.853570
-56.0,-328.0,596.0,14:06:57.858688
-147.0,-511.0,1029.0,14:06:57.868137
-13.0,-503.0,991.0,14:06:57.877438
-14.0,-657.0,876.0,14:06:57.887976
10.0,-519.0,909.0,14:06:57.897273
15.0,-405.0,914.0,14:06:57.907861
47.0,-622.0,1219.0,14:06:57.917251
228.0,-505.0,681.0,14:06:57.927783
212.0,-595.0,932.0,14:06:57.937112
-77.0,-310.0,710.0,14:06:57.946585
7.0,-186.0,373.0,14:06:57.957055
-260.0,-510.0,1599.0,14:06:57.966454
125.0,-765.0,1149.0,14:06:57.977054
-29.0,-201.0,662.0,14:06:57.986447
-77.0,-382.0,1183.0,14:06:57.995859
87.0,-917.0,1214.0,14:06:58.006353
125.0,-714.0,477.0,14:06:58.015930
271.0,-515.0,940.0,14:06:58.026357
-137.0,-432.0,1360.0,14:06:58.035818
-35.0,-545.0,1125.0,14:06:58.045182
136.0,-473.0,589.0,14:06:58.055826
40.0,-671.0,983.0,14:06:58.065104
-61.0,-642.0,1606.0,14:06:58.075661
-81.0,-540.0,678.0,14:06:58.085081
252.0,-584.0,591.0,14:06:58.094579
71.0,-598.0,1340.0,14:06:58.104997
-45.0,-834.0,1033.0,14:06:58.114340
78.0,-512.0,507.0,14:06:58.124794
-69.0,-255.0,500.0,14:06:58.134224
-15.0,-515.0,1195.0,14:06:58.143664
23.0,-703.0,1100.0,14:06:58.154194
49.0,-434.0,678.0,14:06:58.163653
-74.0,-191.0,795.0,14:06:58.174168
-156.0,-240.0,713.0,14:06:58.183648
88.0,-556.0,698.0,14:06:58.192977
178.0,-489.0,782.0,14:06:58.203404
92.0,-315.0,1022.0,14:06:58.212791
-123.0,-316.0,1274.0,14:06:58.223236
-56.0,-531.0,1300.0,14:06:58.232759
133.0,-676.0,653.0,14:06:58.252498
142.0,-926.0,1295.0,14:06:58.262974
260.0,-858.0,1123.0,14:06:58.272338
122.0,-479.0,641.0,14:06:58.281679
-216.0,-610.0,552.0,14:06:58.292319
297.0,-709.0,814.0,14:06:58.301668
27.0,-464.0,796.0,14:06:58.312210
-147.0,-398.0,917.0,14:06:58.321638
-254.0,-483.0,1369.0,14:06:58.331119
-70.0,-684.0,1087.0,14:06:58.341644
105.0,-427.0,311.0,14:06:58.350994
53.0,-389.0,1032.0,14:06:58.361518
26.0,-362.0,1154.0,14:06:58.370860
-44.0,-414.0,1029.0,14:06:58.381366
-21.0,-285.0,683.0,14:06:58.390808
-107.0,-512.0,988.0,14:06:58.400248
-1.0,-624.0,1090.0,14:06:58.410731
44.0,-558.0,907.0,14:06:58.420146
-113.0,-288.0,605.0,14:06:58.430760
-110.0,-443.0,1068.0,14:06:58.440252
20.0,-846.0,1241.0,14:06:58.449651
-2.0,-503.0,444.0,14:06:58.460238
-68.0,-311.0,938.0,14:06:58.469542
-93.0,-572.0,1149.0,14:06:58.479090
180.0,-482.0,666.0,14:06:58.489569
-44.0,-731.0,1146.0,14:06:58.499019
78.0,-783.0,1238.0,14:06:58.509512
22.0,-315.0,563.0,14:06:58.519028
-66.0,-412.0,748.0,14:06:58.528264
53.0,-653.0,851.0,14:06:58.538758
150.0,-487.0,363.0,14:06:58.548136
-94.0,-326.0,896.0,14:06:58.558739
94.0,-73.0,981.0,14:06:58.568068
-180.0,-178.0,1406.0,14:06:58.577489
117.0,-402.0,1063.0,14:06:58.588057
61.0,-448.0,898.0,14:06:58.597548
-180.0,-533.0,1187.0,14:06:58.608093
181.0,-815.0,1380.0,14:06:58.617476
-37.0,-707.0,1011.0,14:06:58.626960
158.0,-574.0,267.0,14:06:58.637538
-46.0,-378.0,645.0,14:06:58.654293
71.0,-830.0,1180.0,14:06:58.658187
-124.0,-303.0,629.0,14:06:58.666445
-193.0,-299.0,835.0,14:06:58.677088
-106.0,-409.0,1130.0,14:06:58.686500
105.0,-447.0,823.0,14:06:58.695926
8.0,-379.0,771.0,14:06:58.706450
93.0,-567.0,1223.0,14:06:58.715843
189.0,-323.0,540.0,14:06:58.726412
-50.0,-414.0,833.0,14:06:58.735806
123.0,-488.0,1104.0,14:06:58.745185
73.0,-468.0,1004.0,14:06:58.755675
-153.0,-407.0,763.0,14:06:58.764993
268.0,-601.0,1085.0,14:06:58.775514
163.0,-841.0,1066.0,14:06:58.784810
137.0,-679.0,906.0,14:06:58.795306
126.0,-544.0,640.0,14:06:58.804766
108.0,-368.0,1199.0,14:06:58.815212
97.0,-548.0,1167.0,14:06:58.824632
290.0,-670.0,303.0,14:06:58.834028
108.0,-276.0,550.0,14:06:58.844724
-159.0,-334.0,1252.0,14:06:58.854071
100.0,-501.0,1146.0,14:06:58.863401
-75.0,-447.0,837.0,14:06:58.874075
-80.0,-581.0,887.0,14:06:58.883453
46.0,-678.0,898.0,14:06:58.893973
-25.0,-549.0,1391.0,14:06:58.903304
55.0,-417.0,696.0,14:06:58.912793
249.0,-571.0,833.0,14:06:58.923306
50.0,-380.0,1139.0,14:06:58.932670
253.0,-467.0,595.0,14:06:58.943248
-61.0,-323.0,494.0,14:06:58.952699
-157.0,-214.0,1405.0,14:06:58.962000
127.0,-591.0,1410.0,14:06:58.972481
135.0,-233.0,232.0,14:06:58.981773
-2.0,-511.0,1091.0,14:06:58.992463
200.0,-837.0,1468.0,14:06:59.001812
177.0,-720.0,1100.0,14:06:59.012380
79.0,-672.0,429.0,14:06:59.021730
28.0,-284.0,1066.0,14:06:59.031275
82.0,-659.0,1176.0,14:06:59.041724
261.0,-743.0,744.0,14:06:59.057084
63.0,-357.0,392.0,14:06:59.060887
-188.0,-129.0,536.0,14:06:59.071385
-5.0,-375.0,1114.0,14:06:59.080857
209.0,-429.0,898.0,14:06:59.090244
134.0,-593.0,534.0,14:06:59.100720
119.0,-271.0,836.0,14:06:59.110163
-32.0,-283.0,1454.0,14:06:59.120702
-206.0,-334.0,1352.0,14:06:59.130171
160.0,-450.0,969.0,14:06:59.139510
-12.0,-674.0,1190.0,14:06:59.149924
101.0,-627.0,845.0,14:06:59.159388
-26.0,-539.0,881.0,14:06:59.169842
94.0,-762.0,1032.0,14:06:59.179287
188.0,-950.0,1203.0,14:06:59.189781
102.0,-489.0,416.0,14:06:59.199194
-35.0,-222.0,359.0,14:06:59.208624
-145.0,-650.0,1329.0,14:06:59.219099
-108.0,-710.0,1446.0,14:06:59.228544
57.0,-236.0,467.0,14:06:59.239075
-268.0,-210.0,741.0,14:06:59.248417
5.0,-391.0,1148.0,14:06:59.257888
137.0,-846.0,931.0,14:06:59.268422
-48.0,-584.0,989.0,14:06:59.277816
57.0,-425.0,1013.0,14:06:59.288277
-149.0,-239.0,654.0,14:06:59.297575
128.0,-398.0,620.0,14:06:59.308263
-51.0,-478.0,1020.0,14:06:59.317548
-37.0,-420.0,1144.0,14:06:59.326997
99.0,-23.0,475.0,14:06:59.337418
124.0,-209.0,828.0,14:06:59.346902
-53.0,-558.0,1309.0,14:06:59.357396
143.0,-637.0,908.0,14:06:59.366759
-108.0,-488.0,967.0,14:06:59.377244
100.0,-557.0,1202.0,14:06:59.386671
-94.0,-795.0,1137.0,14:06:59.395940
-24.0,-596.0,616.0,14:06:59.406629
3.0,-694.0,1033.0,14:06:59.415932
94.0,-599.0,1081.0,14:06:59.425515
97.0,-857.0,974.0,14:06:59.435922
155.0,-609.0,411.0,14:06:59.445277
-19.0,-421.0,568.0,14:06:59.455783
-20.0,-529.0,1331.0,14:06:59.465234
89.0,-602.0,1230.0,14:06:59.475797
-9.0,-319.0,104.0,14:06:59.485137
215.0,-119.0,701.0,14:06:59.494633
31.0,-78.0,1528.0,14:06:59.505255
91.0,-396.0,953.0,14:06:59.514630
152.0,-225.0,314.0,14:06:59.525090
77.0,-325.0,1210.0,14:06:59.534428
-114.0,-558.0,1742.0,14:06:59.543822
164.0,-725.0,874.0,14:06:59.554314
117.0,-629.0,685.0,14:06:59.563661
161.0,-641.0,809.0,14:06:59.574181
-142.0,-603.0,958.0,14:06:59.583748
164.0,-607.0,1115.0,14:06:59.593136
-44.0,-364.0,814.0,14:06:59.603675
-21.0,-320.0,486.0,14:06:59.613040
-69.0,-649.0,996.0,14:06:59.623691
-90.0,-799.0,1266.0,14:06:59.633020
157.0,-323.0,774.0,14:06:59.642492
-52.0,-298.0,934.0,14:06:59.653081
-191.0,-638.0,1053.0,14:06:59.662531
115.0,-758.0,765.0,14:06:59.671959
172.0,-588.0,628.0,14:06:59.682581
151.0,-473.0,825.0,14:06:59.691979
-38.0,-418.0,1003.0,14:06:59.702551
-98.0,-648.0,1010.0,14:06:59.711891
122.0,-450.0,384.0,14:06:59.721284
102.0,-235.0,1112.0,14:06:59.731906
-168.0,-205.0,972.0,14:06:59.741330
-80.0,-571.0,1097.0,14:06:59.751849
198.0,-627.0,961.0,14:06:59.761322
12.0,-436.0,852.0,14:06:59.770701
-8.0,-518.0,1801.0,14:06:59.790427
-122.0,-749.0,1025.0,14:06:59.800886
168.0,-635.0,557.0,14:06:59.810420
-121.0,-353.0,1200.0,14:06:59.820847
26.0,-810.0,1402.0,14:06:59.830327
141.0,-950.0,834.0,14:06:59.839712
0.0,-573.0,458.0,14:06:59.857546
237.0,-343.0,927.0,14:06:59.860733
-239.0,-318.0,1154.0,14:06:59.870151
124.0,-346.0,638.0,14:06:59.879558
-1.0,-316.0,579.0,14:06:59.889096
6.0,-510.0,879.0,14:06:59.899650
47.0,-373.0,1056.0,14:06:59.909086
8.0,-398.0,987.0,14:06:59.919604
145.0,-294.0,516.0,14:06:59.929103
106.0,-459.0,802.0,14:06:59.938413
-81.0,-516.0,1209.0,14:06:59.949041
40.0,-223.0,619.0,14:06:59.958372
-21.0,-360.0,1013.0,14:06:59.967860
215.0,-644.0,1264.0,14:06:59.978406
-11.0,-769.0,737.0,14:06:59.987872
81.0,-336.0,510.0,14:06:59.998322
-177.0,-494.0,1567.0,14:07:00.007797
321.0,-694.0,1176.0,14:07:00.017184
-105.0,-610.0,822.0,14:07:00.027774
41.0,-313.0,530.0,14:07:00.037189
114.0,-455.0,977.0,14:07:00.046622
-58.0,-901.0,1739.0,14:07:00.057029
156.0,-720.0,583.0,14:07:00.066430
208.0,-276.0,406.0,14:07:00.076988
-96.0,-427.0,1256.0,14:07:00.086332
14.0,-827.0,910.0,14:07:00.096946
-47.0,-614.0,927.0,14:07:00.106240
15.0,-434.0,603.0,14:07:00.115701
142.0,-347.0,525.0,14:07:00.126117
-116.0,-353.0,1296.0,14:07:00.135514
70.0,-528.0,1424.0,14:07:00.145962
-132.0,-302.0,628.0,14:07:00.155322
47.0,-437.0,737.0,14:07:00.165934
97.0,-507.0,1512.0,14:07:00.175324
-42.0,-750.0,1538.0,14:07:00.185769
229.0,-687.0,281.0,14:07:00.195252
113.0,-636.0,590.0,14:07:00.204619
162.0,-432.0,1074.0,14:07:00.215188
227.0,-460.0,959.0,14:07:00.224508
-166.0,-488.0,579.0,14:07:00.235059
-169.0,-539.0,511.0,14:07:00.244346
7.0,-486.0,910.0,14:07:00.260692
-253.0,-461.0,1111.0,14:07:00.264617
132.0,-632.0,1037.0,14:07:00.274008
-154.0,-603.0,635.0,14:07:00.283497
32.0,-425.0,1055.0,14:07:00.293893
123.0,-475.0,1173.0,14:07:00.303284
281.0,-573.0,569.0,14:07:00.313762
-148.0,-385.0,850.0,14:07:00.323122
112.0,-623.0,846.0,14:07:00.333718
188.0,-615.0,813.0,14:07:00.343049
55.0,-476.0,1210.0,14:07:00.352627
-79.0,-643.0,1047.0,14:07:00.363159
55.0,-439.0,858.0,14:07:00.372515
30.0,-386.0,697.0,14:07:00.381920
-94.0,-715.0,1091.0,14:07:00.392543
-152.0,-373.0,1056.0,14:07:00.401875
-226.0,-387.0,823.0,14:07:00.412490
177.0,-417.0,870.0,14:07:00.421804
-37.0,-491.0,1344.0,14:07:00.431399
-6.0,-465.0,758.0,14:07:00.441832
42.0,-220.0,738.0,14:07:00.451373
53.0,-494.0,1337.0,14:07:00.461821
196.0,-619.0,1241.0,14:07:00.471301
118.0,-548.0,497.0,14:07:00.480646
-74.0,-331.0,735.0,14:07:00.491174
137.0,-387.0,1124.0,14:07:00.500588
70.0,-449.0,1081.0,14:07:00.510060
234.0,-350.0,648.0,14:07:00.520565
-137.0,-324.0,985.0,14:07:00.529935
-5.0,-477.0,1217.0,14:07:00.540488
-50.0,-614.0,1008.0,14:07:00.549838
21.0,-700.0,887.0,14:07:00.560246
135.0,-856.0,1024.0,14:07:00.569550
124.0,-701.0,819.0,14:07:00.580151
232.0,-647.0,905.0,14:07:00.589509
221.0,-529.0,815.0,14:07:00.598990
34.0,-584.0,1130.0,14:07:00.609399
30.0,-259.0,517.0,14:07:00.618776
158.0,-449.0,851.0,14:07:00.629174
-57.0,-499.0,1124.0,14:07:00.638509
-5.0,-299.0,788.0,14:07:00.649048
-39.0,-265.0,706.0,14:07:00.658552
-125.0,-418.0,1035.0,14:07:00.669012
36.0,-437.0,1008.0,14:07:00.678428
-40.0,-380.0,887.0,14:07:00.687838
21.0,-495.0,878.0,14:07:00.698466
41.0,-212.0,650.0,14:07:00.708027
-50.0,-336.0,1130.0,14:07:00.717436
-43.0,-600.0,1219.0,14:07:00.727988
125.0,-350.0,762.0,14:07:00.737356
96.0,-370.0,689.0,14:07:00.747879
132.0,-697.0,1047.0,14:07:00.757097
152.0,-903.0,1243.0,14:07:00.766586
79.0,-547.0,713.0,14:07:00.777029
83.0,-507.0,709.0,14:07:00.786390
-97.0,-620.0,975.0,14:07:00.796925
143.0,-732.0,923.0,14:07:00.806332
3.0,-305.0,625.0,14:07:00.815766
94.0,-446.0,1243.0,14:07:00.826293
246.0,-563.0,603.0,14:07:00.835570
132.0,-317.0,369.0,14:07:00.846138
-2.0,-519.0,1354.0,14:07:00.855519
-122.0,-494.0,845.0,14:07:00.866091
80.0,-394.0,1080.0,14:07:00.875448
-58.0,-383.0,1199.0,14:07:00.884795
-131.0,-524.0,1078.0,14:07:00.895335
111.0,-674.0,1236.0,14:07:00.904828
114.0,-646.0,895.0,14:07:00.915313
-69.0,-342.0,854.0,14:07:00.924742
-116.0,-457.0,784.0,14:07:00.934112
17.0,-594.0,752.0,14:07:00.944724
-18.0,-538.0,1013.0,14:07:00.954149
49.0,-380.0,895.0,14:07:00.963585
-65.0,-510.0,793.0,14:07:00.974134
79.0,-396.0,1049.0,14:07:00.983519
-15.0,-636.0,1154.0,14:07:00.994042
267.0,-570.0,994.0,14:07:01.003409
-159.0,-491.0,859.0,14:07:01.013983
123.0,-521.0,788.0,14:07:01.023349
158.0,-657.0,863.0,14:07:01.032712
222.0,-414.0,754.0,14:07:01.043128
145.0,-420.0,946.0,14:07:01.052489
114.0,-660.0,874.0,14:07:01.062624
142.0,-528.0,691.0,14:07:01.072304
114.0,-513.0,786.0,14:07:01.082764
-43.0,-476.0,884.0,14:07:01.092081
33.0,-458.0,1283.0,14:07:01.102560
-102.0,-398.0,583.0,14:07:01.111922
32.0,-206.0,619.0,14:07:01.121401
7.0,-525.0,1094.0,14:07:01.142141
102.0,-295.0,1061.0,14:07:01.151585
-61.0,-591.0,1089.0,14:07:01.160869
245.0,-625.0,976.0,14:07:01.171378
-19.0,-525.0,943.0,14:07:01.180706
65.0,-772.0,870.0,14:07:01.191326
-47.0,-671.0,1174.0,14:07:01.200766
29.0,-445.0,868.0,14:07:01.210203
-205.0,-418.0,823.0,14:07:01.220662
129.0,-284.0,773.0,14:07:01.230249
-86.0,-331.0,1089.0,14:07:01.240709
73.0,-157.0,711.0,14:07:01.250087
64.0,-163.0,1010.0,14:07:01.259466
-58.0,-306.0,807.0,14:07:01.270108
92.0,-441.0,781.0,14:07:01.279436
-57.0,-528.0,1014.0,14:07:01.289845
54.0,-796.0,864.0,14:07:01.299406
9.0,-472.0,955.0,14:07:01.308689
-49.0,-627.0,1256.0,14:07:01.319285
79.0,-512.0,681.0,14:07:01.328687
-77.0,-492.0,1169.0,14:07:01.339345
3.0,-375.0,1183.0,14:07:01.348670
42.0,-252.0,671.0,14:07:01.358008
60.0,-403.0,728.0,14:07:01.368427
204.0,-472.0,1104.0,14:07:01.377902
123.0,-579.0,921.0,14:07:01.388341
226.0,-376.0,649.0,14:07:01.397823
-32.0,-311.0,1056.0,14:07:01.408284
118.0,-687.0,1147.0,14:07:01.417724
334.0,-639.0,917.0,14:07:01.427100
69.0,-680.0,862.0,14:07:01.437560
86.0,-415.0,731.0,14:07:01.447064
60.0,-455.0,1306.0,14:07:01.464429
93.0,-796.0,1013.0,14:07:01.468231
-24.0,-414.0,657.0,14:07:01.476500
153.0,-411.0,656.0,14:07:01.487098
-112.0,-470.0,1063.0,14:07:01.496599
68.0,-415.0,729.0,14:07:01.505949
85.0,-220.0,734.0,14:07:01.516415
58.0,-282.0,1386.0,14:07:01.525864
120.0,-606.0,1000.0,14:07:01.536537
52.0,-494.0,500.0,14:07:01.545853
3.0,-523.0,1211.0,14:07:01.555268
130.0,-606.0,919.0,14:07:01.565873
32.0,-685.0,1213.0,14:07:01.575221
-80.0,-584.0,853.0,14:07:01.585755
-98.0,-469.0,746.0,14:07:01.595054
83.0,-646.0,900.0,14:07:01.605584
133.0,-639.0,1145.0,14:07:01.615023
128.0,-613.0,791.0,14:07:01.624333
49.0,-660.0,901.0,14:07:01.634838
141.0,-559.0,1178.0,14:07:01.644218
-97.0,-652.0,780.0,14:07:01.654727
-26.0,-311.0,732.0,14:07:01.664065
-60.0,-565.0,1001.0,14:07:01.673644
140.0,-472.0,779.0,14:07:01.684222
-130.0,-230.0,985.0,14:07:01.693568
65.0,-264.0,898.0,14:07:01.704165
115.0,-464.0,737.0,14:07:01.713530
-35.0,-651.0,1264.0,14:07:01.723102
355.0,-580.0,1009.0,14:07:01.733633
-205.0,-356.0,952.0,14:07:01.742988
171.0,-507.0,1207.0,14:07:01.752644
-25.0,-837.0,1075.0,14:07:01.763213
218.0,-437.0,495.0,14:07:01.772583
163.0,-510.0,572.0,14:07:01.783032
-207.0,-255.0,959.0,14:07:01.792552
40.0,-509.0,1470.0,14:07:01.801981
1.0,-553.0,671.0,14:07:01.812585
-59.0,-488.0,549.0,14:07:01.821882
-102.0,-252.0,1371.0,14:07:01.831374
-185.0,-788.0,1664.0,14:07:01.841925
299.0,-716.0,614.0,14:07:01.851361
118.0,-440.0,446.0,14:07:01.861779
56.0,-522.0,1108.0,14:07:01.871258
176.0,-496.0,919.0,14:07:01.880578
75.0,-250.0,142.0,14:07:01.891259
-89.0,-314.0,1085.0,14:07:01.900555
-33.0,-496.0,1209.0,14:07:01.911127
-12.0,-224.0,407.0,14:07:01.920505
43.0,-727.0,1605.0,14:07:01.940189
-2.0,-490.0,630.0,14:07:01.949620
230.0,-183.0,319.0,14:07:01.960126
130.0,-654.0,1566.0,14:07:01.969433
169.0,-731.0,1311.0,14:07:01.980070
294.0,-245.0,466.0,14:07:01.989485
-227.0,-422.0,1194.0,14:07:01.998967
-14.0,-763.0,1110.0,14:07:02.009398
-50.0,-697.0,365.0,14:07:02.018809
-202.0,-324.0,933.0,14:07:02.029256
-293.0,-526.0,1490.0,14:07:02.038787
-170.0,-649.0,656.0,14:07:02.049216
-15.0,-642.0,546.0,14:07:02.058606
-159.0,-648.0,871.0,14:07:02.069111
28.0,-507.0,940.0,14:07:02.078440
-188.0,-446.0,1259.0,14:07:02.087851
-105.0,-325.0,898.0,14:07:02.098432
-220.0,-401.0,653.0,14:07:02.107822
292.0,-779.0,770.0,14:07:02.117255
271.0,-283.0,870.0,14:07:02.127813
234.0,-580.0,1246.0,14:07:02.137243
136.0,-520.0,801.0,14:07:02.147774
38.0,-139.0,636.0,14:07:02.157070
-202.0,-231.0,1000.0,14:07:02.167728
58.0,-401.0,996.0,14:07:02.177001
-82.0,-435.0,1089.0,14:07:02.186424
-9.0,-393.0,684.0,14:07:02.196940
4.0,-598.0,896.0,14:07:02.206438
50.0,-651.0,1232.0,14:07:02.216964
245.0,-702.0,829.0,14:07:02.226333
86.0,-535.0,509.0,14:07:02.235635
7.0,-452.0,564.0,14:07:02.246278
32.0,-499.0,1474.0,14:07:02.255636
28.0,-559.0,1273.0,14:07:02.266164
74.0,-447.0,669.0,14:07:02.275526
76.0,-376.0,969.0,14:07:02.284959
202.0,-495.0,704.0,14:07:02.295420
373.0,-786.0,1005.0,14:07:02.304831
196.0,-493.0,1098.0,14:07:02.315234
-92.0,33.0,682.0,14:07:02.324691
-49.0,-77.0,454.0,14:07:02.335246
10.0,-463.0,1249.0,14:07:02.344730
185.0,-370.0,1276.0,14:07:02.354007
27.0,-352.0,664.0,14:07:02.364567
28.0,-861.0,1382.0,14:07:02.373849
87.0,-972.0,1167.0,14:07:02.384406
-58.0,-540.0,785.0,14:07:02.393773
276.0,-784.0,1083.0,14:07:02.403203
64.0,-576.0,889.0,14:07:02.413603
-80.0,-485.0,448.0,14:07:02.422927
180.0,-440.0,778.0,14:07:02.433511
-86.0,-541.0,767.0,14:07:02.442997
103.0,-402.0,614.0,14:07:02.453527
-81.0,-33.0,1095.0,14:07:02.462816
-238.0,-422.0,1533.0,14:07:02.473321
207.0,-686.0,1091.0,14:07:02.482620
16.0,-458.0,874.0,14:07:02.491955
99.0,-636.0,1238.0,14:07:02.502429
-89.0,-518.0,732.0,14:07:02.511814
-61.0,-567.0,989.0,14:07:02.522500
70.0,-701.0,1253.0,14:07:02.531860
19.0,-532.0,369.0,14:07:02.541248
173.0,-367.0,410.0,14:07:02.551748
139.0,-686.0,1319.0,14:07:02.561180
100.0,-219.0,480.0,14:07:02.571712
-204.0,-216.0,950.0,14:07:02.580985
32.0,-475.0,1300.0,14:07:02.590558
-36.0,-552.0,942.0,14:07:02.600976
-21.0,-623.0,1026.0,14:07:02.610388
-26.0,-561.0,994.0,14:07:02.620900
-53.0,-351.0,935.0,14:07:02.630236
49.0,-636.0,1087.0,14:07:02.640755
62.0,-582.0,467.0,14:07:02.650128
43.0,-339.0,369.0,14:07:02.667545
27.0,-567.0,1254.0,14:07:02.671089
-15.0,-558.0,1070.0,14:07:02.680348
-24.0,-380.0,885.0,14:07:02.699057
147.0,-693.0,1147.0,14:07:02.709589
82.0,-379.0,1194.0,14:07:02.718948
-249.0,-168.0,1128.0,14:07:02.729516
-81.0,-427.0,890.0,14:07:02.739015
229.0,-607.0,897.0,14:07:02.748523
206.0,-462.0,673.0,14:07:02.759143
-8.0,-482.0,702.0,14:07:02.778794
216.0,-395.0,874.0,14:07:02.788161
25.0,-445.0,958.0,14:07:02.798667
171.0,-521.0,556.0,14:07:02.807972
-27.0,-469.0,1004.0,14:07:02.817508
-63.0,-587.0,1681.0,14:07:02.828075
92.0,-580.0,887.0,14:07:02.837528
113.0,-142.0,578.0,14:07:02.846884
29.0,-463.0,983.0,14:07:02.857499
96.0,-953.0,1511.0,14:07:02.866913
68.0,-612.0,674.0,14:07:02.877407
338.0,-381.0,331.0,14:07:02.886846
190.0,-674.0,1118.0,14:07:02.896218
120.0,-817.0,1211.0,14:07:02.906678
176.0,-525.0,377.0,14:07:02.916039
4.0,-620.0,669.0,14:07:02.926466
-55.0,-312.0,1638.0,14:07:02.935978
-60.0,-541.0,960.0,14:07:02.946496
-31.0,-306.0,501.0,14:07:02.955860
-47.0,-476.0,1015.0,14:07:02.965258
-65.0,-709.0,963.0,14:07:02.975821
134.0,-546.0,635.0,14:07:02.985271
10.0,-448.0,976.0,14:07:02.995790
74.0,-624.0,956.0,14:07:03.005172
242.0,-842.0,901.0,14:07:03.014549
70.0,-581.0,1088.0,14:07:03.024954
10.0,-481.0,828.0,14:07:03.034413
-86.0,-513.0,1120.0,14:07:03.044823
-12.0,-475.0,888.0,14:07:03.054191
-200.0,-452.0,613.0,14:07:03.064743
-140.0,-158.0,853.0,14:07:03.074102
-43.0,-413.0,978.0,14:07:03.083601
-45.0,-563.0,1290.0,14:07:03.094111
-84.0,-477.0,957.0,14:07:03.103493
200.0,-453.0,477.0,14:07:03.114114
-129.0,-564.0,1545.0,14:07:03.123460
130.0,-862.0,1335.0,14:07:03.132830
151.0,-692.0,439.0,14:07:03.143349
145.0,-367.0,634.0,14:07:03.152750
-101.0,-420.0,1428.0,14:07:03.163147
-91.0,-519.0,798.0,14:07:03.172493
28.0,-232.0,619.0,14:07:03.183080
-67.0,-409.0,791.0,14:07:03.192499
-35.0,-602.0,1059.0,14:07:03.201849
-54.0,-577.0,1357.0,14:07:03.212483
28.0,-457.0,685.0,14:07:03.221910
-14.0,-269.0,563.0,14:07:03.232603
21.0,-788.0,1491.0,14:07:03.241990
13.0,-806.0,854.0,14:07:03.251403
75.0,-288.0,167.0,14:07:03.261988
-149.0,-188.0,893.0,14:07:03.271362
-84.0,-700.0,1571.0,14:07:03.281808
105.0,-508.0,845.0,14:07:03.291239
0.0,-329.0,584.0,14:07:03.300758
-92.0,-245.0,892.0,14:07:03.311265
269.0,-605.0,1329.0,14:07:03.320589
118.0,-631.0,948.0,14:07:03.331114
-13.0,-245.0,638.0,14:07:03.340430
-259.0,-264.0,815.0,14:07:03.349782
-75.0,-323.0,1155.0,14:07:03.360274
-193.0,-412.0,1203.0,14:07:03.369694
60.0,-571.0,643.0,14:07:03.380204
70.0,-420.0,930.0,14:07:03.389530
-50.0,-601.0,1395.0,14:07:03.400143
271.0,-723.0,882.0,14:07:03.409599
233.0,-417.0,692.0,14:07:03.418961
-10.0,-434.0,1099.0,14:07:03.429399
-107.0,-371.0,784.0,14:07:03.438747
44.0,-240.0,599.0,14:07:03.449318
105.0,-332.0,719.0,14:07:03.458731
17.0,-229.0,950.0,14:07:03.469094
-229.0,-277.0,1427.0,14:07:03.477934
183.0,-551.0,899.0,14:07:03.488524
68.0,-669.0,993.0,14:07:03.497929
177.0,-717.0,1156.0,14:07:03.508450
-6.0,-694.0,1247.0,14:07:03.517837
356.0,-441.0,571.0,14:07:03.527306
63.0,-450.0,910.0,14:07:03.537850
7.0,-659.0,971.0,14:07:03.547211
103.0,-472.0,473.0,14:07:03.557729
128.0,-288.0,826.0,14:07:03.567178
-66.0,-330.0,1063.0,14:07:03.577586
-8.0,-484.0,1259.0,14:07:03.587075
-38.0,-593.0,700.0,14:07:03.596432
294.0,-478.0,497.0,14:07:03.607127
75.0,-460.0,1847.0,14:07:03.616484
156.0,-684.0,1422.0,14:07:03.625896
218.0,-432.0,244.0,14:07:03.636466
135.0,-395.0,251.0,14:07:03.645833
90.0,-558.0,1207.0,14:07:03.656440
226.0,-547.0,1028.0,14:07:03.665763
-90.0,-317.0,943.0,14:07:03.675275
-129.0,-239.0,667.0,14:07:03.685823
93.0,-908.0,945.0,14:07:03.695139
428.0,-799.0,921.0,14:07:03.705831
66.0,-497.0,1439.0,14:07:03.715164
55.0,-310.0,631.0,14:07:03.724597
234.0,-373.0,549.0,14:07:03.735062
-94.0,-401.0,1555.0,14:07:03.744450
95.0,-657.0,941.0,14:07:03.754960
108.0,-312.0,80.0,14:07:03.764322
-63.0,-36.0,1076.0,14:07:03.774749
-42.0,-642.0,1506.0,14:07:03.784236
150.0,-813.0,607.0,14:07:03.793587
189.0,-475.0,767.0,14:07:03.804168
30.0,-492.0,1066.0,14:07:03.813550
141.0,-378.0,1003.0,14:07:03.824096
34.0,-395.0,1181.0,14:07:03.833731
79.0,-646.0,1072.0,14:07:03.843110
81.0,-395.0,727.0,14:07:03.853677
43.0,-155.0,864.0,14:07:03.870996
-15.0,-507.0,1277.0,14:07:03.874510
81.0,-970.0,973.0,14:07:03.882794
75.0,-443.0,802.0,14:07:03.892177
133.0,-554.0,549.0,14:07:03.902692
-69.0,-535.0,809.0,14:07:03.911960
-6.0,-506.0,1045.0,14:07:03.922542
28.0,-568.0,1168.0,14:07:03.931924
-71.0,-202.0,800.0,14:07:03.941366
-108.0,-324.0,586.0,14:07:03.951810
98.0,-546.0,1389.0,14:07:03.961266
86.0,-484.0,1189.0,14:07:03.971716
-15.0,-315.0,654.0,14:07:03.981234
-120.0,-442.0,823.0,14:07:03.991683
15.0,-835.0,1044.0,14:07:04.001030
236.0,-690.0,806.0,14:07:04.010356
179.0,-463.0,981.0,14:07:04.020855
13.0,-535.0,954.0,14:07:04.030232
-12.0,-520.0,864.0,14:07:04.040677
-169.0,-485.0,949.0,14:07:04.050323
91.0,-659.0,798.0,14:07:04.060743
17.0,-330.0,944.0,14:07:04.070343
28.0,-372.0,1093.0,14:07:04.079632
-147.0,-484.0,1235.0,14:07:04.090243
129.0,-371.0,633.0,14:07:04.099562
205.0,-545.0,589.0,14:07:04.109009
103.0,-452.0,1413.0,14:07:04.119528
35.0,-782.0,1499.0,14:07:04.128949
111.0,-533.0,156.0,14:07:04.139416
73.0,-384.0,510.0,14:07:04.148785
239.0,-675.0,1594.0,14:07:04.159347
23.0,-772.0,1248.0,14:07:04.168699
65.0,-425.0,242.0,14:07:04.178140
-221.0,-554.0,1089.0,14:07:04.188551
97.0,-563.0,1265.0,14:07:04.198083
146.0,-467.0,520.0,14:07:04.208582
-22.0,-481.0,321.0,14:07:04.217979
-99.0,-654.0,1669.0,14:07:04.227382
-70.0,-488.0,767.0,14:07:04.237932
55.0,-376.0,239.0,14:07:04.247280
-105.0,-593.0,1196.0,14:07:04.257793
107.0,-852.0,968.0,14:07:04.267396
-35.0,-367.0,792.0,14:07:04.276654
-135.0,-396.0,1417.0,14:07:04.287172
-38.0,-646.0,800.0,14:07:04.296464
27.0,-396.0,235.0,14:07:04.307120
100.0,-419.0,921.0,14:07:04.316512
-47.0,-583.0,1305.0,14:07:04.325907
200.0,-512.0,829.0,14:07:04.336426
31.0,-328.0,625.0,14:07:04.345946
-48.0,-342.0,930.0,14:07:04.356409
255.0,-658.0,1027.0,14:07:04.365859
102.0,-640.0,964.0,14:07:04.375265
-105.0,-289.0,983.0,14:07:04.385848
-248.0,-415.0,1055.0,14:07:04.395227
193.0,-598.0,826.0,14:07:04.405768
-40.0,-463.0,1146.0,14:07:04.415208
32.0,-582.0,1168.0,14:07:04.424602
-138.0,-492.0,770.0,14:07:04.435128
-107.0,-332.0,1199.0,14:07:04.444471
13.0,-733.0,1176.0,14:07:04.454916
284.0,-711.0,640.0,14:07:04.464358
-1.0,26.0,381.0,14:07:04.474726
-232.0,-90.0,1359.0,14:07:04.484115
36.0,-527.0,928.0,14:07:04.493573
92.0,-595.0,749.0,14:07:04.504076
-208.0,-172.0,815.0,14:07:04.513426
183.0,-189.0,570.0,14:07:04.524003
47.0,-479.0,1460.0,14:07:04.533394
172.0,-551.0,1590.0,14:07:04.543932
-6.0,-567.0,210.0,14:07:04.553284
34.0,-721.0,525.0,14:07:04.562646
170.0,-671.0,1560.0,14:07:04.573080
210.0,-507.0,903.0,14:07:04.582400
277.0,-401.0,365.0,14:07:04.593051
-97.0,-669.0,1251.0,14:07:04.602354
42.0,-675.0,1165.0,14:07:04.612912
131.0,-562.0,462.0,14:07:04.622236
1.0,-402.0,1036.0,14:07:04.631609
-29.0,-472.0,1376.0,14:07:04.642213
-68.0,-574.0,788.0,14:07:04.651537
102.0,-546.0,557.0,14:07:04.662120
-18.0,-529.0,1089.0,14:07:04.672592
-20.0,-590.0,1083.0,14:07:04.681781
-87.0,-504.0,917.0,14:07:04.691444
-21.0,-517.0,1146.0,14:07:04.700732
20.0,-512.0,781.0,14:07:04.711367
-52.0,-577.0,701.0,14:07:04.720698
56.0,-587.0,970.0,14:07:04.731246
13.0,-610.0,1005.0,14:07:04.740610
35.0,-300.0,755.0,14:07:04.750042
73.0,-428.0,903.0,14:07:04.760490
-169.0,-483.0,1144.0,14:07:04.769871
9.0,-275.0,927.0,14:07:04.780396
-35.0,-185.0,634.0,14:07:04.789773
37.0,-533.0,1178.0,14:07:04.800270
-2.0,-527.0,1173.0,14:07:04.809532
0.0,-534.0,465.0,14:07:04.819119
158.0,-697.0,928.0,14:07:04.829525
171.0,-860.0,1393.0,14:07:04.839015
95.0,-716.0,580.0,14:07:04.849526
-44.0,-579.0,762.0,14:07:04.858979
-198.0,-613.0,1251.0,14:07:04.868351
0.0,-661.0,857.0,14:07:04.878838
61.0,-517.0,753.0,14:07:04.888267
32.0,-612.0,713.0,14:07:04.898664
164.0,-619.0,605.0,14:07:04.907988
-64.0,-288.0,828.0,14:07:04.918445
48.0,-357.0,665.0,14:07:04.927919
-16.0,-329.0,620.0,14:07:04.938301
95.0,-302.0,995.0,14:07:04.947799
-43.0,-325.0,1124.0,14:07:04.957150
1.0,-292.0,982.0,14:07:04.967612
62.0,-510.0,1284.0,14:07:04.977110
-30.0,-610.0,1089.0,14:07:04.987594
132.0,-414.0,846.0,14:07:04.997086
-10.0,-471.0,1012.0,14:07:05.006361
24.0,-569.0,1175.0,14:07:05.017101
175.0,-489.0,788.0,14:07:05.026411
-148.0,-556.0,847.0,14:07:05.035846
-64.0,-561.0,1036.0,14:07:05.046338
113.0,-590.0,932.0,14:07:05.055808
67.0,-689.0,955.0,14:07:05.069214
334.0,-711.0,990.0,14:07:05.076653
-63.0,-676.0,1005.0,14:07:05.086083
101.0,-489.0,752.0,14:07:05.095444
190.0,-501.0,887.0,14:07:05.105850
42.0,-401.0,951.0,14:07:05.115258
129.0,-360.0,711.0,14:07:05.124691
-104.0,-403.0,564.0,14:07:05.135257
-29.0,-496.0,977.0,14:07:05.144755
56.0,-389.0,1046.0,14:07:05.154233
-132.0,-499.0,924.0,14:07:05.164732
97.0,-540.0,1301.0,14:07:05.174061
-101.0,-296.0,907.0,14:07:05.184747
66.0,-598.0,966.0,14:07:05.194077
-35.0,-601.0,1059.0,14:07:05.203496
40.0,-472.0,805.0,14:07:05.214025
-42.0,-420.0,771.0,14:07:05.223459
-109.0,-312.0,1026.0,14:07:05.233913
-80.0,-501.0,1049.0,14:07:05.243314
35.0,-595.0,900.0,14:07:05.253788
100.0,-657.0,937.0,14:07:05.263141
-46.0,-703.0,875.0,14:07:05.272534
26.0,-617.0,894.0,14:07:05.283068
-41.0,-560.0,1082.0,14:07:05.292558
-70.0,-556.0,992.0,14:07:05.303072
21.0,-308.0,692.0,14:07:05.312549
-56.0,-279.0,784.0,14:07:05.322969
-41.0,-420.0,774.0,14:07:05.332519
-79.0,-300.0,808.0,14:07:05.341817
69.0,-575.0,1036.0,14:07:05.352501
79.0,-419.0,803.0,14:07:05.372114
34.0,-527.0,1000.0,14:07:05.381528
145.0,-546.0,1036.0,14:07:05.390818
-113.0,-456.0,967.0,14:07:05.401433
73.0,-384.0,844.0,14:07:05.410753
0.0,-344.0,871.0,14:07:05.421257
61.0,-282.0,1001.0,14:07:05.430502
147.0,-298.0,881.0,14:07:05.441097
-18.0,-412.0,962.0,14:07:05.450395
283.0,-518.0,1238.0,14:07:05.461000
171.0,-399.0,900.0,14:07:05.470313
225.0,-458.0,801.0,14:07:05.479680
232.0,-566.0,1131.0,14:07:05.490277
129.0,-703.0,1032.0,14:07:05.499605
332.0,-361.0,612.0,14:07:05.510271
-88.0,-311.0,1124.0,14:07:05.519534
65.0,-490.0,741.0,14:07:05.529132
175.0,-367.0,708.0,14:07:05.539606
-47.0,-443.0,1004.0,14:07:05.549067
-19.0,-738.0,914.0,14:07:05.559485
164.0,-640.0,425.0,14:07:05.568906
-23.0,-683.0,1226.0,14:07:05.578320
130.0,-520.0,1114.0,14:07:05.588997
6.0,-550.0,872.0,14:07:05.598420
207.0,-581.0,652.0,14:07:05.607867
47.0,-504.0,976.0,14:07:05.618488
123.0,-449.0,937.0,14:07:05.627914
155.0,-423.0,944.0,14:07:05.638394
-102.0,-596.0,969.0,14:07:05.647869
-30.0,-631.0,802.0,14:07:05.657309
211.0,-469.0,984.0,14:07:05.667875
5.0,-640.0,1374.0,14:07:05.677307
24.0,-608.0,770.0,14:07:05.686650
207.0,-492.0,726.0,14:07:05.697161
50.0,-249.0,553.0,14:07:05.706453
-172.0,-390.0,1222.0,14:07:05.717094
-28.0,-551.0,1092.0,14:07:05.726566
155.0,-404.0,754.0,14:07:05.737023
-154.0,-177.0,567.0,14:07:05.746368
-174.0,-518.0,1475.0,14:07:05.755762
148.0,-605.0,1067.0,14:07:05.766418
82.0,-586.0,886.0,14:07:05.775766
31.0,-506.0,980.0,14:07:05.786333
27.0,-452.0,876.0,14:07:05.795757
108.0,-703.0,1271.0,14:07:05.805166
3.0,-622.0,908.0,14:07:05.815634
73.0,-479.0,513.0,14:07:05.824963
74.0,-394.0,893.0,14:07:05.835413
-69.0,-606.0,1416.0,14:07:05.844844
91.0,-553.0,498.0,14:07:05.855290
-6.0,-541.0,849.0,14:07:05.864734
75.0,-478.0,1057.0,14:07:05.875432
43.0,-636.0,737.0,14:07:05.883918
102.0,-308.0,742.0,14:07:05.894366
-23.0,-472.0,954.0,14:07:05.903743
-151.0,-284.0,649.0,14:07:05.914282
-89.0,-231.0,952.0,14:07:05.923753
47.0,-343.0,1073.0,14:07:05.934180
110.0,-484.0,629.0,14:07:05.943624
3.0,-596.0,967.0,14:07:05.952891
289.0,-455.0,1056.0,14:07:05.963572
148.0,-350.0,793.0,14:07:05.972888
117.0,-357.0,1103.0,14:07:05.983385
84.0,-604.0,1266.0,14:07:05.992724
104.0,-384.0,669.0,14:07:06.003201
-8.0,-203.0,798.0,14:07:06.012546
-37.0,-368.0,747.0,14:07:06.022963
-52.0,-605.0,940.0,14:07:06.032565
-51.0,-468.0,1050.0,14:07:06.041851
-81.0,-441.0,941.0,14:07:06.052646
98.0,-541.0,674.0,14:07:06.061973
116.0,-791.0,952.0,14:07:06.071618
-35.0,-622.0,1364.0,14:07:06.082183
70.0,-380.0,937.0,14:07:06.091538
-109.0,-391.0,629.0,14:07:06.100972
32.0,-590.0,1115.0,14:07:06.111434
150.0,-685.0,1065.0,14:07:06.120763
167.0,-434.0,401.0,14:07:06.131241
-134.0,-328.0,1174.0,14:07:06.140634
74.0,-470.0,1354.0,14:07:06.150124
142.0,-592.0,949.0,14:07:06.160621
65.0,-575.0,1015.0,14:07:06.169982
-58.0,-629.0,1193.0,14:07:06.180502
105.0,-370.0,562.0,14:07:06.189827
-49.0,-594.0,1226.0,14:07:06.200405
175.0,-480.0,681.0,14:07:06.209814
121.0,-435.0,632.0,14:07:06.219224
-49.0,-183.0,768.0,14:07:06.229619
-48.0,-388.0,758.0,14:07:06.239060
109.0,-540.0,888.0,14:07:06.249535
306.0,-802.0,1235.0,14:07:06.259035
79.0,-574.0,943.0,14:07:06.277181
88.0,-388.0,969.0,14:07:06.279819
144.0,-510.0,1468.0,14:07:06.289204
-64.0,-641.0,899.0,14:07:06.298611
324.0,-564.0,284.0,14:07:06.307960
-55.0,-90.0,492.0,14:07:06.318402
-29.0,-246.0,897.0,14:07:06.327786
26.0,-944.0,1085.0,14:07:06.338411
115.0,-602.0,1086.0,14:07:06.347777
85.0,-200.0,523.0,14:07:06.357175
-235.0,-569.0,1093.0,14:07:06.367525
-36.0,-1013.0,1250.0,14:07:06.377120
198.0,-759.0,801.0,14:07:06.387567
164.0,-389.0,697.0,14:07:06.397005
-92.0,-478.0,1276.0,14:07:06.407564
-68.0,-731.0,886.0,14:07:06.417010
130.0,-488.0,190.0,14:07:06.426437
-75.0,-429.0,1169.0,14:07:06.436901
-20.0,-285.0,1120.0,14:07:06.446279
-47.0,-430.0,585.0,14:07:06.456701
-133.0,-551.0,1492.0,14:07:06.466066
-167.0,-485.0,976.0,14:07:06.476518
208.0,-371.0,937.0,14:07:06.486023
-15.0,-572.0,1763.0,14:07:06.495347
34.0,-651.0,1302.0,14:07:06.505877
317.0,-265.0,-35.0,14:07:06.515191
-238.0,-400.0,606.0,14:07:06.525905
124.0,-898.0,1645.0,14:07:06.535234
160.0,-403.0,820.0,14:07:06.544640
-37.0,-250.0,249.0,14:07:06.555319
112.0,-567.0,1202.0,14:07:06.564942
57.0,-690.0,1213.0,14:07:06.574304
221.0,-445.0,477.0,14:07:06.584747
-15.0,-165.0,685.0,14:07:06.594188
47.0,-509.0,1183.0,14:07:06.604684
-79.0,-655.0,1162.0,14:07:06.614049
169.0,-500.0,733.0,14:07:06.623474
-239.0,-322.0,956.0,14:07:06.634027
182.0,-694.0,1282.0,14:07:06.643515
52.0,-717.0,788.0,14:07:06.654021
-43.0,-320.0,780.0,14:07:06.663377
-41.0,-331.0,926.0,14:07:06.672715
-187.0,-595.0,1205.0,14:07:06.683175
95.0,-408.0,670.0,14:07:06.692554
-4.0,-640.0,1166.0,14:07:06.703176
-349.0,-851.0,1365.0,14:07:06.712486
-30.0,-750.0,856.0,14:07:06.723076
40.0,-528.0,651.0,14:07:06.732437
175.0,-702.0,1174.0,14:07:06.741953
-173.0,-487.0,1160.0,14:07:06.752546
154.0,-384.0,605.0,14:07:06.762002
-58.0,-383.0,395.0,14:07:06.771422
-55.0,-339.0,1272.0,14:07:06.781921
29.0,-542.0,833.0,14:07:06.791379
153.0,-538.0,471.0,14:07:06.801818
-140.0,-279.0,1124.0,14:07:06.811351
-166.0,-126.0,611.0,14:07:06.820627
56.0,-273.0,744.0,14:07:06.831203
-11.0,-303.0,1401.0,14:07:06.840573
-97.0,-175.0,660.0,14:07:06.851272
143.0,-708.0,957.0,14:07:06.860527
-115.0,-855.0,1177.0,14:07:06.869892
247.0,-720.0,821.0,14:07:06.880347
175.0,-412.0,481.0,14:07:06.889788
17.0,-288.0,927.0,14:07:06.900254
-39.0,-368.0,1228.0,14:07:06.909673
0.0,-328.0,599.0,14:07:06.920258
231.0,-637.0,802.0,14:07:06.929626
249.0,-784.0,964.0,14:07:06.939098
247.0,-600.0,805.0,14:07:06.949595
-11.0,-65.0,1042.0,14:07:06.959134
-124.0,-499.0,1434.0,14:07:06.969529
223.0,-677.0,619.0,14:07:06.979049
-36.0,-426.0,695.0,14:07:06.988345
-238.0,-307.0,1208.0,14:07:06.999082
75.0,-674.0,1197.0,14:07:07.008468
70.0,-587.0,751.0,14:07:07.017860
-51.0,-514.0,897.0,14:07:07.028475
251.0,-605.0,909.0,14:07:07.038150
38.0,-728.0,1008.0,14:07:07.047810
77.0,-182.0,860.0,14:07:07.057417
-209.0,-261.0,1003.0,14:07:07.068150
65.0,-534.0,1022.0,14:07:07.078944
223.0,-611.0,834.0,14:07:07.087194
-21.0,-414.0,793.0,14:07:07.096828
275.0,-413.0,910.0,14:07:07.107559
-68.0,-553.0,967.0,14:07:07.117275
12.0,-526.0,973.0,14:07:07.126963
6.0,-508.0,1067.0,14:07:07.136487
80.0,-476.0,638.0,14:07:07.146076
-144.0,-431.0,1162.0,14:07:07.156799
123.0,-450.0,911.0,14:07:07.166403
176.0,-505.0,925.0,14:07:07.185495
101.0,-333.0,842.0,14:07:07.196311
-17.0,-528.0,1172.0,14:07:07.205956
97.0,-468.0,836.0,14:07:07.215579
-38.0,-461.0,664.0,14:07:07.225278
146.0,-585.0,675.0,14:07:07.234897
-157.0,-599.0,1184.0,14:07:07.245565
-43.0,-617.0,1141.0,14:07:07.255081
15.0,-424.0,866.0,14:07:07.264429
2.0,-479.0,954.0,14:07:07.274898
-41.0,-227.0,959.0,14:07:07.284206
-146.0,-395.0,773.0,14:07:07.294730
19.0,-428.0,798.0,14:07:07.304039
-27.0,-582.0,1162.0,14:07:07.314487
28.0,-606.0,972.0,14:07:07.323807
134.0,-398.0,686.0,14:07:07.334228
-80.0,-436.0,1159.0,14:07:07.343752
81.0,-541.0,1235.0,14:07:07.353097
-34.0,-572.0,788.0,14:07:07.363606
102.0,-413.0,647.0,14:07:07.372954
-145.0,-383.0,1008.0,14:07:07.383355
-97.0,-297.0,1027.0,14:07:07.392643
-47.0,-457.0,1026.0,14:07:07.403150
22.0,-614.0,726.0,14:07:07.412460
57.0,-536.0,802.0,14:07:07.422864
-111.0,-421.0,1008.0,14:07:07.432207
10.0,-555.0,778.0,14:07:07.442645
-3.0,-507.0,880.0,14:07:07.451936
83.0,-580.0,1023.0,14:07:07.462601
117.0,-562.0,961.0,14:07:07.479242
-108.0,-436.0,829.0,14:07:07.482691
76.0,-405.0,871.0,14:07:07.491986
65.0,-407.0,885.0,14:07:07.501387
74.0,-417.0,1027.0,14:07:07.520993
-35.0,-573.0,1090.0,14:07:07.531536
227.0,-327.0,543.0,14:07:07.540856
137.0,-625.0,985.0,14:07:07.551296
64.0,-590.0,1110.0,14:07:07.560623
199.0,-471.0,778.0,14:07:07.570046
89.0,-360.0,743.0,14:07:07.580485
-37.0,-445.0,1109.0,14:07:07.589879
202.0,-590.0,821.0,14:07:07.600443
126.0,-464.0,959.0,14:07:07.609773
-18.0,-438.0,1119.0,14:07:07.620193
85.0,-610.0,834.0,14:07:07.629497
156.0,-614.0,755.0,14:07:07.640020
108.0,-425.0,1080.0,14:07:07.649360
62.0,-591.0,947.0,14:07:07.659816
69.0,-560.0,791.0,14:07:07.669258
58.0,-469.0,917.0,14:07:07.678630
99.0,-522.0,883.0,14:07:07.689068
76.0,-570.0,794.0,14:07:07.698443
145.0,-407.0,865.0,14:07:07.708979
-99.0,-544.0,1235.0,14:07:07.718287
105.0,-567.0,897.0,14:07:07.728776
114.0,-573.0,938.0,14:07:07.738087
-55.0,-605.0,1025.0,14:07:07.748532
67.0,-640.0,1144.0,14:07:07.757940
26.0,-646.0,858.0,14:07:07.767281
74.0,-531.0,720.0,14:07:07.777869
111.0,-527.0,899.0,14:07:07.797379
-16.0,-444.0,907.0,14:07:07.806692
-29.0,-384.0,833.0,14:07:07.817126
33.0,-392.0,724.0,14:07:07.826505
-112.0,-514.0,918.0,14:07:07.837087
129.0,-738.0,1153.0,14:07:07.846435
1.0,-473.0,858.0,14:07:07.856962
11.0,-390.0,1108.0,14:07:07.866279
-116.0,-381.0,1265.0,14:07:07.876675
113.0,-710.0,935.0,14:07:07.885948
163.0,-483.0,265.0,14:07:07.896445
-158.0,-423.0,1163.0,14:07:07.905760
-293.0,-476.0,1058.0,14:07:07.916228
-17.0,-623.0,800.0,14:07:07.925544
-188.0,-436.0,899.0,14:07:07.934809
19.0,-584.0,1257.0,14:07:07.945275
121.0,-525.0,850.0,14:07:07.954753
25.0,-299.0,668.0,14:07:07.965225
129.0,-377.0,1144.0,14:07:07.974665
-25.0,-629.0,1181.0,14:07:07.984132
279.0,-443.0,783.0,14:07:07.994823
-134.0,-368.0,975.0,14:07:08.004234
62.0,-474.0,877.0,14:07:08.014816
118.0,-550.0,623.0,14:07:08.024118
-47.0,-540.0,789.0,14:07:08.033505
105.0,-621.0,1105.0,14:07:08.044072
-138.0,-574.0,838.0,14:07:08.053504
230.0,-347.0,630.0,14:07:08.063961
18.0,-400.0,1042.0,14:07:08.073294
-171.0,-502.0,1186.0,14:07:08.083702
4.0,-442.0,798.0,14:07:08.093024
-162.0,-453.0,1176.0,14:07:08.103529
-198.0,-402.0,1372.0,14:07:08.112898
253.0,-659.0,559.0,14:07:08.122340
-4.0,-700.0,741.0,14:07:08.132821
40.0,-597.0,684.0,14:07:08.152620
198.0,-449.0,435.0,14:07:08.161982
-32.0,-512.0,1109.0,14:07:08.172524
61.0,-551.0,732.0,14:07:08.181824
-136.0,-371.0,736.0,14:07:08.191204
-21.0,-244.0,940.0,14:07:08.201732
-147.0,-356.0,1113.0,14:07:08.211239
198.0,-555.0,858.0,14:07:08.221783
119.0,-661.0,1011.0,14:07:08.231722
131.0,-497.0,1171.0,14:07:08.241055
180.0,-409.0,615.0,14:07:08.251470
51.0,-342.0,787.0,14:07:08.260321
257.0,-876.0,1227.0,14:07:08.270991
145.0,-740.0,981.0,14:07:08.281837
-10.0,-359.0,314.0,14:07:08.290377
-52.0,-263.0,773.0,14:07:08.299885
26.0,-507.0,1171.0,14:07:08.309565
82.0,-967.0,1257.0,14:07:08.320084
254.0,-577.0,683.0,14:07:08.329415
-144.0,-188.0,674.0,14:07:08.339889
-10.0,-540.0,1304.0,14:07:08.349385
19.0,-536.0,1126.0,14:07:08.359876
-111.0,-690.0,950.0,14:07:08.369204
-117.0,-528.0,411.0,14:07:08.378605
35.0,-583.0,1183.0,14:07:08.389166
153.0,-441.0,604.0,14:07:08.398442
319.0,-692.0,479.0,14:07:08.409082
-95.0,-463.0,1013.0,14:07:08.418474
-69.0,-251.0,1088.0,14:07:08.429017
-282.0,-193.0,679.0,14:07:08.438362
-24.0,-458.0,944.0,14:07:08.447867
-87.0,-628.0,1379.0,14:07:08.458492
-110.0,-429.0,709.0,14:07:08.468038
130.0,-398.0,1003.0,14:07:08.477491
74.0,-643.0,1484.0,14:07:08.488129
263.0,-652.0,756.0,14:07:08.497557
176.0,-553.0,623.0,14:07:08.507045
-6.0,-516.0,1511.0,14:07:08.517473
-90.0,-591.0,1230.0,14:07:08.526967
176.0,-467.0,559.0,14:07:08.536379
-28.0,-565.0,691.0,14:07:08.546906
159.0,-874.0,1142.0,14:07:08.556208
75.0,-377.0,752.0,14:07:08.566816
-146.0,-354.0,731.0,14:07:08.576089
27.0,-212.0,1054.0,14:07:08.586679
6.0,-555.0,895.0,14:07:08.595991
16.0,-757.0,824.0,14:07:08.605392
53.0,-298.0,785.0,14:07:08.615862
-99.0,-271.0,1217.0,14:07:08.625253
59.0,-503.0,903.0,14:07:08.635857
97.0,-498.0,358.0,14:07:08.645320
209.0,-406.0,860.0,14:07:08.654684
-293.0,-426.0,1129.0,14:07:08.665110
-131.0,-304.0,1231.0,14:07:08.678000
38.0,-264.0,756.0,14:07:08.685898
3.0,-716.0,912.0,14:07:08.694154
203.0,-892.0,1484.0,14:07:08.704684
88.0,-676.0,871.0,14:07:08.714082
74.0,-339.0,1019.0,14:07:08.724660
153.0,-522.0,1260.0,14:07:08.733955
2.0,-840.0,792.0,14:07:08.744476
24.0,-795.0,357.0,14:07:08.753755
-173.0,-575.0,903.0,14:07:08.763189
48.0,-194.0,845.0,14:07:08.773626
-208.0,-389.0,903.0,14:07:08.782935
39.0,-618.0,459.0,14:07:08.793357
-24.0,-163.0,431.0,14:07:08.802848
-79.0,-365.0,1125.0,14:07:08.813271
-30.0,-229.0,1315.0,14:07:08.822709
-76.0,-277.0,819.0,14:07:08.833188
55.0,-613.0,1005.0,14:07:08.842586
169.0,-770.0,961.0,14:07:08.852986
172.0,-467.0,1384.0,14:07:08.862457
-195.0,-207.0,1469.0,14:07:08.871891
-123.0,-623.0,1014.0,14:07:08.882455
234.0,-876.0,843.0,14:07:08.891780
295.0,-887.0,681.0,14:07:08.901232
256.0,-640.0,932.0,14:07:08.911761
-214.0,-493.0,959.0,14:07:08.921109
243.0,-639.0,767.0,14:07:08.931715
-3.0,-899.0,990.0,14:07:08.941098
237.0,-443.0,338.0,14:07:08.950528
-147.0,-320.0,724.0,14:07:08.960959
-86.0,-646.0,1476.0,14:07:08.970416
97.0,-183.0,701.0,14:07:08.980868
88.0,-456.0,431.0,14:07:08.990269
232.0,-558.0,910.0,14:07:09.000741
178.0,-454.0,1044.0,14:07:09.010167
-218.0,-114.0,743.0,14:07:09.019666
-207.0,-312.0,857.0,14:07:09.030374
-167.0,-770.0,1103.0,14:07:09.039816
115.0,-177.0,895.0,14:07:09.049144
-263.0,-58.0,958.0,14:07:09.059654
-19.0,-386.0,1346.0,14:07:09.069055
-164.0,-456.0,1004.0,14:07:09.079574
10.0,-754.0,668.0,14:07:09.089049
317.0,-846.0,1012.0,14:07:09.098446
-147.0,-663.0,1639.0,14:07:09.108948
232.0,-544.0,620.0,14:07:09.118441
-33.0,-640.0,864.0,14:07:09.128975
378.0,-925.0,1050.0,14:07:09.138394
306.0,-794.0,468.0,14:07:09.148798
319.0,-291.0,697.0,14:07:09.158139
159.0,-317.0,1345.0,14:07:09.167423
-11.0,-674.0,1137.0,14:07:09.177996
294.0,-399.0,112.0,14:07:09.187375
-112.0,-85.0,455.0,14:07:09.197905
-85.0,-265.0,1683.0,14:07:09.207263
-36.0,-275.0,1179.0,14:07:09.217789
-263.0,2.0,648.0,14:07:09.227131
-64.0,-460.0,908.0,14:07:09.237584
74.0,-470.0,1012.0,14:07:09.247090
90.0,-324.0,1369.0,14:07:09.256341
-7.0,-670.0,1211.0,14:07:09.266931
9.0,-659.0,1342.0,14:07:09.276277
89.0,-468.0,716.0,14:07:09.285770
2.0,-938.0,1027.0,14:07:09.296264
122.0,-766.0,1379.0,14:07:09.305590
158.0,-552.0,547.0,14:07:09.316100
147.0,-312.0,371.0,14:07:09.325490
-70.0,-612.0,760.0,14:07:09.335963
203.0,-409.0,699.0,14:07:09.345385
-204.0,-283.0,1155.0,14:07:09.355889
-152.0,-272.0,858.0,14:07:09.365281
82.0,-418.0,1038.0,14:07:09.374729
-110.0,-885.0,907.0,14:07:09.385180
276.0,-465.0,289.0,14:07:09.394644
-3.0,-301.0,1303.0,14:07:09.405135
162.0,-321.0,1186.0,14:07:09.414496
186.0,-381.0,298.0,14:07:09.423841
-30.0,-408.0,542.0,14:07:09.434547
16.0,-561.0,1416.0,14:07:09.443929
-374.0,-474.0,1606.0,14:07:09.454440
129.0,-595.0,976.0,14:07:09.463851
361.0,-874.0,1115.0,14:07:09.473257
-67.0,-592.0,931.0,14:07:09.484448
302.0,-489.0,519.0,14:07:09.493134
-185.0,-443.0,1039.0,14:07:09.503662
35.0,-456.0,953.0,14:07:09.513083
-129.0,-315.0,733.0,14:07:09.522519
-200.0,-319.0,716.0,14:07:09.532998
103.0,-254.0,910.0,14:07:09.542439
-249.0,-262.0,1446.0,14:07:09.552956
424.0,-749.0,1233.0,14:07:09.562359
304.0,-676.0,677.0,14:07:09.571758
197.0,-370.0,1042.0,14:07:09.582390
396.0,-550.0,611.0,14:07:09.591805
-58.0,-545.0,938.0,14:07:09.602290
243.0,-695.0,899.0,14:07:09.611739
94.0,-128.0,497.0,14:07:09.622167
-157.0,-235.0,1065.0,14:07:09.631660
258.0,-842.0,1142.0,14:07:09.640951
75.0,-537.0,713.0,14:07:09.651376
79.0,-520.0,961.0,14:07:09.660818
71.0,-977.0,1294.0,14:07:09.671344
18.0,-745.0,800.0,14:07:09.680732
77.0,-610.0,685.0,14:07:09.690148
-98.0,-481.0,1178.0,14:07:09.700645
11.0,-486.0,1019.0,14:07:09.710078
-119.0,-214.0,545.0,14:07:09.720557
43.0,-436.0,605.0,14:07:09.729975
-70.0,-621.0,1023.0,14:07:09.739405
-6.0,-674.0,1020.0,14:07:09.749834
136.0,-483.0,908.0,14:07:09.759184
-84.0,-516.0,920.0,14:07:09.769653
-109.0,-324.0,947.0,14:07:09.779127
123.0,-199.0,876.0,14:07:09.789645
-28.0,-308.0,808.0,14:07:09.799049
-131.0,-418.0,1245.0,14:07:09.808428
9.0,-484.0,880.0,14:07:09.819049
59.0,-540.0,755.0,14:07:09.828429
140.0,-645.0,952.0,14:07:09.838945
-193.0,-504.0,1056.0,14:07:09.848426
152.0,-464.0,392.0,14:07:09.857857
-37.0,-282.0,819.0,14:07:09.868374
168.0,-406.0,1292.0,14:07:09.885085
175.0,-481.0,676.0,14:07:09.889196
11.0,-502.0,708.0,14:07:09.897392
85.0,-569.0,1190.0,14:07:09.908076
-1.0,-516.0,1110.0,14:07:09.917353
