136.0,-436.0,992.0,14:08:49.693857
-7.0,-371.0,755.0,14:08:49.698588
-10.0,-435.0,1046.0,14:08:49.709146
121.0,-625.0,1224.0,14:08:49.718466
151.0,-639.0,649.0,14:08:49.729008
88.0,-487.0,726.0,14:08:49.740347
-49.0,-505.0,1070.0,14:08:49.748758
132.0,-540.0,909.0,14:08:49.758100
134.0,-346.0,832.0,14:08:49.768474
104.0,-567.0,834.0,14:08:49.777848
277.0,-687.0,937.0,14:08:49.788302
47.0,-414.0,1015.0,14:08:49.797728
130.0,-604.0,1004.0,14:08:49.806988
66.0,-667.0,856.0,14:08:49.817360
17.0,-610.0,860.0,14:08:49.826698
-1.0,-521.0,978.0,14:08:49.837076
-42.0,-515.0,974.0,14:08:49.846447
20.0,-471.0,839.0,14:08:49.856935
-24.0,-565.0,875.0,14:08:49.866273
84.0,-631.0,828.0,14:08:49.876600
159.0,-373.0,774.0,14:08:49.885906
146.0,-309.0,1022.0,14:08:49.896376
-40.0,-568.0,1226.0,14:08:49.905782
189.0,-410.0,733.0,14:08:49.916210
133.0,-545.0,955.0,14:08:49.925500
89.0,-487.0,1149.0,14:08:49.935922
136.0,-679.0,839.0,14:08:49.945270
143.0,-611.0,906.0,14:08:49.955743
167.0,-455.0,982.0,14:08:49.964957
-109.0,-387.0,672.0,14:08:49.975482
41.0,-449.0,777.0,14:08:49.984711
103.0,-562.0,970.0,14:08:49.995150
180.0,-567.0,834.0,14:08:50.004472
111.0,-570.0,841.0,14:08:50.015010
21.0,-548.0,857.0,14:08:50.024244
214.0,-606.0,1156.0,14:08:50.034708
101.0,-687.0,754.0,14:08:50.044043
33.0,-337.0,912.0,14:08:50.053546
-132.0,-415.0,1082.0,14:08:50.064042
67.0,-690.0,826.0,14:08:50.073597
87.0,-601.0,854.0,14:08:50.084177
217.0,-450.0,962.0,14:08:50.093506
-3.0,-526.0,957.0,14:08:50.102825
36.0,-578.0,1043.0,14:08:50.113228
54.0,-701.0,1001.0,14:08:50.122564
3.0,-544.0,689.0,14:08:50.132939
1.0,-491.0,764.0,14:08:50.142334
-74.0,-477.0,1163.0,14:08:50.152760
-92.0,-518.0,1020.0,14:08:50.162159
-24.0,-483.0,855.0,14:08:50.172586
28.0,-487.0,956.0,14:08:50.181855
-139.0,-387.0,874.0,14:08:50.201439
155.0,-474.0,1134.0,14:08:50.211942
-87.0,-434.0,1019.0,14:08:50.221323
-115.0,-524.0,791.0,14:08:50.231909
34.0,-616.0,1028.0,14:08:50.241303
-11.0,-571.0,992.0,14:08:50.251748
32.0,-733.0,962.0,14:08:50.261191
88.0,-663.0,878.0,14:08:50.270542
-55.0,-464.0,725.0,14:08:50.280914
64.0,-558.0,990.0,14:08:50.290267
-110.0,-537.0,776.0,14:08:50.300740
-95.0,-568.0,719.0,14:08:50.310153
12.0,-268.0,629.0,14:08:50.320617
-50.0,-515.0,1100.0,14:08:50.329874
47.0,-461.0,993.0,14:08:50.340327
-16.0,-431.0,946.0,14:08:50.349622
151.0,-529.0,908.0,14:08:50.360118
-49.0,-585.0,995.0,14:08:50.369363
59.0,-523.0,832.0,14:08:50.379910
81.0,-449.0,967.0,14:08:50.389205
-82.0,-611.0,1182.0,14:08:50.399656
-55.0,-492.0,853.0,14:08:50.409008
33.0,-442.0,557.0,14:08:50.428515
-134.0,-295.0,613.0,14:08:50.439134
-128.0,-615.0,954.0,14:08:50.448411
56.0,-689.0,999.0,14:08:50.457879
-91.0,-358.0,753.0,14:08:50.468249
-40.0,-288.0,758.0,14:08:50.477507
-172.0,-321.0,926.0,14:08:50.488224
75.0,-655.0,1402.0,14:08:50.497565
74.0,-618.0,1346.0,14:08:50.508066
150.0,-407.0,545.0,14:08:50.517373
-19.0,-573.0,839.0,14:08:50.526913
97.0,-779.0,1470.0,14:08:50.542138
58.0,-764.0,1032.0,14:08:50.546918
146.0,-409.0,447.0,14:08:50.557361
-105.0,-463.0,744.0,14:08:50.566765
-73.0,-659.0,1253.0,14:08:50.576147
69.0,-651.0,595.0,14:08:50.586538
24.0,-195.0,388.0,14:08:50.595911
79.0,-216.0,762.0,14:08:50.606294
-51.0,-514.0,1395.0,14:08:50.615725
-16.0,-561.0,1213.0,14:08:50.626137
-52.0,-233.0,665.0,14:08:50.635457
13.0,-404.0,849.0,14:08:50.645949
-30.0,-584.0,1349.0,14:08:50.655423
-45.0,-820.0,1036.0,14:08:50.665855
290.0,-765.0,577.0,14:08:50.675266
183.0,-522.0,902.0,14:08:50.684643
-44.0,-458.0,985.0,14:08:50.695058
85.0,-558.0,613.0,14:08:50.704557
87.0,-672.0,736.0,14:08:50.715088
76.0,-404.0,704.0,14:08:50.724530
145.0,-477.0,964.0,14:08:50.734907
-34.0,-487.0,1216.0,14:08:50.744227
88.0,-421.0,848.0,14:08:50.754707
106.0,-461.0,895.0,14:08:50.764090
77.0,-491.0,1067.0,14:08:50.773316
98.0,-415.0,1029.0,14:08:50.783820
-33.0,-367.0,786.0,14:08:50.793079
23.0,-569.0,1015.0,14:08:50.803698
-27.0,-593.0,968.0,14:08:50.812926
222.0,-662.0,769.0,14:08:50.823499
74.0,-620.0,814.0,14:08:50.832782
57.0,-582.0,906.0,14:08:50.843335
98.0,-670.0,1091.0,14:08:50.852551
61.0,-754.0,699.0,14:08:50.862986
-42.0,-637.0,558.0,14:08:50.872383
-78.0,-323.0,897.0,14:08:50.882893
-103.0,-265.0,1111.0,14:08:50.892245
-171.0,-197.0,907.0,14:08:50.901592
55.0,-384.0,927.0,14:08:50.912030
-36.0,-559.0,1090.0,14:08:50.921383
-4.0,-429.0,1101.0,14:08:50.931825
138.0,-387.0,831.0,14:08:50.947400
45.0,-428.0,819.0,14:08:50.951066
-43.0,-563.0,1270.0,14:08:50.961581
152.0,-653.0,1024.0,14:08:50.970986
173.0,-472.0,650.0,14:08:50.981349
128.0,-655.0,840.0,14:08:50.990720
-63.0,-716.0,1071.0,14:08:51.000222
167.0,-472.0,711.0,14:08:51.010792
-111.0,-501.0,920.0,14:08:51.020199
31.0,-477.0,1252.0,14:08:51.030621
-4.0,-399.0,630.0,14:08:51.040148
27.0,-483.0,590.0,14:08:51.049470
7.0,-476.0,1153.0,14:08:51.059882
-20.0,-541.0,1036.0,14:08:51.069233
76.0,-351.0,643.0,14:08:51.079698
82.0,-625.0,1086.0,14:08:51.089040
-16.0,-613.0,993.0,14:08:51.099460
-73.0,-573.0,851.0,14:08:51.108746
-12.0,-515.0,895.0,14:08:51.119235
103.0,-601.0,1215.0,14:08:51.128589
52.0,-681.0,1035.0,14:08:51.139065
86.0,-549.0,542.0,14:08:51.148323
-80.0,-411.0,788.0,14:08:51.158805
-24.0,-455.0,1622.0,14:08:51.168084
207.0,-690.0,944.0,14:08:51.178549
39.0,-625.0,401.0,14:08:51.187881
-39.0,-283.0,855.0,14:08:51.198373
114.0,-542.0,1242.0,14:08:51.207706
-72.0,-446.0,808.0,14:08:51.218142
-105.0,-444.0,927.0,14:08:51.227453
-27.0,-342.0,582.0,14:08:51.236830
139.0,-460.0,861.0,14:08:51.247271
-103.0,-405.0,718.0,14:08:51.256588
1.0,-584.0,1280.0,14:08:51.266979
-7.0,-598.0,1156.0,14:08:51.276261
0.0,-592.0,724.0,14:08:51.286730
195.0,-581.0,910.0,14:08:51.296058
-65.0,-761.0,1065.0,14:08:51.306431
120.0,-696.0,1005.0,14:08:51.315862
29.0,-429.0,912.0,14:08:51.326252
24.0,-612.0,990.0,14:08:51.335556
45.0,-756.0,633.0,14:08:51.345893
-4.0,-594.0,500.0,14:08:51.355259
-173.0,-135.0,564.0,14:08:51.365718
43.0,-447.0,1060.0,14:08:51.375043
-4.0,-633.0,1174.0,14:08:51.385468
99.0,-440.0,973.0,14:08:51.394808
79.0,-376.0,652.0,14:08:51.405225
111.0,-682.0,1227.0,14:08:51.414602
129.0,-686.0,1004.0,14:08:51.425021
140.0,-560.0,843.0,14:08:51.434366
185.0,-508.0,945.0,14:08:51.444826
26.0,-682.0,1022.0,14:08:51.454173
48.0,-401.0,674.0,14:08:51.464671
-85.0,-534.0,639.0,14:08:51.483192
72.0,-589.0,986.0,14:08:51.493666
177.0,-736.0,1084.0,14:08:51.504197
-64.0,-516.0,773.0,14:08:51.513584
112.0,-514.0,1098.0,14:08:51.522879
-50.0,-519.0,808.0,14:08:51.533297
29.0,-474.0,688.0,14:08:51.542646
-69.0,-494.0,1108.0,14:08:51.553086
-66.0,-589.0,867.0,14:08:51.562477
86.0,-599.0,779.0,14:08:51.572942
-65.0,-423.0,965.0,14:08:51.582343
-27.0,-646.0,1142.0,14:08:51.592845
5.0,-503.0,769.0,14:08:51.602366
-37.0,-256.0,835.0,14:08:51.611640
-14.0,-597.0,1358.0,14:08:51.622124
40.0,-618.0,625.0,14:08:51.631358
65.0,-599.0,608.0,14:08:51.641819
-70.0,-486.0,996.0,14:08:51.651155
70.0,-495.0,1058.0,14:08:51.661644
-52.0,-386.0,1011.0,14:08:51.670920
57.0,-343.0,797.0,14:08:51.681399
-135.0,-523.0,964.0,14:08:51.690639
20.0,-494.0,814.0,14:08:51.701156
87.0,-676.0,886.0,14:08:51.710403
-28.0,-410.0,1073.0,14:08:51.720836
-12.0,-443.0,1125.0,14:08:51.730154
105.0,-559.0,586.0,14:08:51.745211
169.0,-505.0,625.0,14:08:51.749730
2.0,-637.0,1076.0,14:08:51.760200
-49.0,-331.0,1025.0,14:08:51.769563
64.0,-329.0,751.0,14:08:51.780106
-17.0,-389.0,862.0,14:08:51.789482
-147.0,-403.0,1367.0,14:08:51.799900
112.0,-496.0,902.0,14:08:51.809218
79.0,-649.0,480.0,14:08:51.819610
108.0,-587.0,1044.0,14:08:51.829039
-50.0,-409.0,1267.0,14:08:51.838348
128.0,-553.0,765.0,14:08:51.848769
47.0,-527.0,856.0,14:08:51.858051
-86.0,-288.0,1189.0,14:08:51.868531
-5.0,-453.0,999.0,14:08:51.877890
-23.0,-572.0,677.0,14:08:51.888327
254.0,-701.0,966.0,14:08:51.897787
256.0,-535.0,931.0,14:08:51.908317
-75.0,-479.0,1130.0,14:08:51.917743
118.0,-500.0,1036.0,14:08:51.928162
20.0,-665.0,649.0,14:08:51.937486
44.0,-436.0,661.0,14:08:51.946955
-144.0,-511.0,870.0,14:08:51.957457
-59.0,-384.0,921.0,14:08:51.966921
-77.0,-516.0,960.0,14:08:51.977425
-88.0,-547.0,757.0,14:08:51.986905
189.0,-426.0,688.0,14:08:51.996247
-80.0,-371.0,809.0,14:08:52.006634
-35.0,-675.0,1331.0,14:08:52.016043
146.0,-640.0,1175.0,14:08:52.026450
115.0,-663.0,555.0,14:08:52.035908
261.0,-600.0,898.0,14:08:52.046360
-12.0,-763.0,1331.0,14:08:52.055877
210.0,-495.0,667.0,14:08:52.065134
47.0,-310.0,319.0,14:08:52.075566
-127.0,-426.0,1111.0,14:08:52.085976
-32.0,-632.0,1214.0,14:08:52.095440
68.0,-517.0,363.0,14:08:52.104741
129.0,-537.0,790.0,14:08:52.115200
-74.0,-598.0,1424.0,14:08:52.124650
83.0,-797.0,1035.0,14:08:52.135135
201.0,-647.0,957.0,14:08:52.146384
103.0,-549.0,976.0,14:08:52.153938
-55.0,-388.0,725.0,14:08:52.164375
110.0,-642.0,638.0,14:08:52.173662
97.0,-620.0,822.0,14:08:52.184143
-114.0,-510.0,810.0,14:08:52.193535
49.0,-470.0,691.0,14:08:52.203902
-89.0,-421.0,879.0,14:08:52.213173
10.0,-481.0,1002.0,14:08:52.223664
36.0,-528.0,1020.0,14:08:52.232953
38.0,-599.0,904.0,14:08:52.243407
144.0,-540.0,915.0,14:08:52.252779
-22.0,-471.0,964.0,14:08:52.263164
132.0,-351.0,989.0,14:08:52.272485
56.0,-567.0,1029.0,14:08:52.282942
16.0,-652.0,932.0,14:08:52.292388
121.0,-508.0,737.0,14:08:52.302767
-37.0,-457.0,842.0,14:08:52.312091
167.0,-529.0,993.0,14:08:52.322515
12.0,-322.0,725.0,14:08:52.331808
27.0,-318.0,715.0,14:08:52.342318
50.0,-659.0,1060.0,14:08:52.351759
101.0,-475.0,941.0,14:08:52.361071
60.0,-386.0,733.0,14:08:52.371602
-21.0,-525.0,879.0,14:08:52.380939
-2.0,-621.0,1031.0,14:08:52.391338
45.0,-560.0,1159.0,14:08:52.400756
18.0,-259.0,770.0,14:08:52.411334
69.0,-239.0,763.0,14:08:52.420737
-136.0,-683.0,1468.0,14:08:52.430085
70.0,-595.0,876.0,14:08:52.440591
92.0,-552.0,662.0,14:08:52.450072
173.0,-475.0,1152.0,14:08:52.460507
87.0,-788.0,1066.0,14:08:52.469820
119.0,-601.0,740.0,14:08:52.480326
98.0,-532.0,831.0,14:08:52.489619
62.0,-549.0,954.0,14:08:52.500090
-75.0,-385.0,857.0,14:08:52.509554
77.0,-402.0,838.0,14:08:52.518915
1.0,-364.0,872.0,14:08:52.529461
-23.0,-461.0,1155.0,14:08:52.538769
3.0,-402.0,839.0,14:08:52.549288
57.0,-564.0,1070.0,14:08:52.558601
205.0,-569.0,942.0,14:08:52.569059
115.0,-557.0,783.0,14:08:52.578365
165.0,-508.0,913.0,14:08:52.588929
-26.0,-522.0,893.0,14:08:52.598230
113.0,-521.0,805.0,14:08:52.607578
-19.0,-481.0,1010.0,14:08:52.618201
-102.0,-531.0,962.0,14:08:52.627503
-120.0,-599.0,1046.0,14:08:52.638150
95.0,-677.0,928.0,14:08:52.647420
82.0,-758.0,760.0,14:08:52.657972
78.0,-432.0,771.0,14:08:52.667239
60.0,-584.0,1060.0,14:08:52.677716
-16.0,-534.0,986.0,14:08:52.686976
-81.0,-508.0,868.0,14:08:52.696306
-75.0,-420.0,979.0,14:08:52.706855
38.0,-471.0,959.0,14:08:52.716212
62.0,-675.0,744.0,14:08:52.726748
110.0,-432.0,794.0,14:08:52.746176
135.0,-379.0,846.0,14:08:52.755505
8.0,-426.0,851.0,14:08:52.766040
-71.0,-536.0,609.0,14:08:52.775262
24.0,-468.0,855.0,14:08:52.785781
-48.0,-541.0,1110.0,14:08:52.795022
53.0,-516.0,857.0,14:08:52.805532
-121.0,-594.0,849.0,14:08:52.814801
-4.0,-535.0,1302.0,14:08:52.825250
119.0,-552.0,1058.0,14:08:52.834713
112.0,-614.0,706.0,14:08:52.845071
171.0,-352.0,861.0,14:08:52.854385
22.0,-581.0,1151.0,14:08:52.864753
141.0,-528.0,861.0,14:08:52.874114
228.0,-405.0,706.0,14:08:52.884678
-137.0,-475.0,753.0,14:08:52.894152
280.0,-732.0,971.0,14:08:52.903592
248.0,-689.0,986.0,14:08:52.914070
87.0,-342.0,563.0,14:08:52.923585
20.0,-397.0,790.0,14:08:52.933963
208.0,-621.0,1076.0,14:08:52.948294
134.0,-612.0,887.0,14:08:52.953162
16.0,-334.0,572.0,14:08:52.962564
19.0,-452.0,1052.0,14:08:52.973029
44.0,-592.0,1059.0,14:08:52.982356
109.0,-585.0,784.0,14:08:52.992935
85.0,-598.0,866.0,14:08:53.002294
-50.0,-479.0,1180.0,14:08:53.012835
22.0,-563.0,1370.0,14:08:53.022198
58.0,-443.0,641.0,14:08:53.031520
37.0,-489.0,610.0,14:08:53.041987
213.0,-770.0,1106.0,14:08:53.051392
153.0,-650.0,962.0,14:08:53.061861
-68.0,-312.0,621.0,14:08:53.071213
-1.0,-428.0,1018.0,14:08:53.081634
107.0,-500.0,1160.0,14:08:53.090921
225.0,-445.0,723.0,14:08:53.101426
-18.0,-417.0,913.0,14:08:53.110677
40.0,-444.0,824.0,14:08:53.121303
109.0,-551.0,1088.0,14:08:53.130540
30.0,-565.0,850.0,14:08:53.140994
119.0,-541.0,870.0,14:08:53.150240
70.0,-543.0,1003.0,14:08:53.160660
262.0,-689.0,841.0,14:08:53.169990
88.0,-412.0,643.0,14:08:53.180435
-16.0,-358.0,1117.0,14:08:53.199880
-132.0,-257.0,595.0,14:08:53.209301
22.0,-596.0,1151.0,14:08:53.219798
-92.0,-737.0,1370.0,14:08:53.229150
252.0,-752.0,887.0,14:08:53.239566
14.0,-561.0,813.0,14:08:53.249054
114.0,-398.0,969.0,14:08:53.259447
-209.0,-590.0,814.0,14:08:53.268716
49.0,-627.0,851.0,14:08:53.278153
-60.0,-379.0,772.0,14:08:53.288547
-141.0,-292.0,811.0,14:08:53.297953
22.0,-591.0,1048.0,14:08:53.308389
4.0,-719.0,1093.0,14:08:53.317821
249.0,-545.0,654.0,14:08:53.328330
139.0,-603.0,846.0,14:08:53.337779
25.0,-698.0,1027.0,14:08:53.350154
67.0,-422.0,625.0,14:08:53.357367
-56.0,-342.0,679.0,14:08:53.367975
7.0,-476.0,1131.0,14:08:53.377315
-108.0,-393.0,1176.0,14:08:53.386684
89.0,-265.0,813.0,14:08:53.397225
-106.0,-378.0,893.0,14:08:53.406492
-90.0,-674.0,1215.0,14:08:53.417175
77.0,-693.0,1133.0,14:08:53.426411
38.0,-576.0,933.0,14:08:53.435970
70.0,-572.0,856.0,14:08:53.446370
74.0,-603.0,888.0,14:08:53.455811
-12.0,-436.0,485.0,14:08:53.466214
11.0,-493.0,737.0,14:08:53.475604
-179.0,-555.0,1439.0,14:08:53.486001
-21.0,-436.0,728.0,14:08:53.495296
-64.0,-234.0,575.0,14:08:53.505892
-41.0,-541.0,1087.0,14:08:53.515229
180.0,-810.0,1133.0,14:08:53.524697
161.0,-608.0,813.0,14:08:53.535171
56.0,-66.0,579.0,14:08:53.544561
-64.0,-670.0,1187.0,14:08:53.554955
77.0,-1001.0,1156.0,14:08:53.564292
294.0,-844.0,583.0,14:08:53.574749
-17.0,-434.0,1029.0,14:08:53.584085
-185.0,-502.0,1299.0,14:08:53.594496
-169.0,-652.0,726.0,14:08:53.603788
70.0,-748.0,620.0,14:08:53.614324
24.0,-505.0,944.0,14:08:53.623578
62.0,-387.0,670.0,14:08:53.634044
8.0,-574.0,1026.0,14:08:53.643273
19.0,-655.0,801.0,14:08:53.653778
41.0,-741.0,607.0,14:08:53.663073
-19.0,-353.0,733.0,14:08:53.673516
-33.0,-535.0,1226.0,14:08:53.682848
8.0,-529.0,954.0,14:08:53.693409
-122.0,-581.0,768.0,14:08:53.702658
50.0,-569.0,1001.0,14:08:53.713100
159.0,-602.0,1013.0,14:08:53.722515
141.0,-524.0,450.0,14:08:53.731777
112.0,-489.0,650.0,14:08:53.742232
-148.0,-645.0,1290.0,14:08:53.751466
23.0,-746.0,789.0,14:08:53.762056
38.0,-435.0,327.0,14:08:53.771345
-110.0,-239.0,1345.0,14:08:53.781886
-194.0,-509.0,1202.0,14:08:53.791276
97.0,-643.0,468.0,14:08:53.801771
-85.0,-397.0,1066.0,14:08:53.811158
-176.0,-486.0,1111.0,14:08:53.820465
24.0,-469.0,691.0,14:08:53.831242
45.0,-648.0,867.0,14:08:53.840494
-162.0,-692.0,1402.0,14:08:53.851053
263.0,-746.0,978.0,14:08:53.860451
-253.0,-160.0,311.0,14:08:53.869825
114.0,-301.0,879.0,14:08:53.880230
-127.0,-424.0,1089.0,14:08:53.889568
23.0,-479.0,781.0,14:08:53.900101
170.0,-487.0,1230.0,14:08:53.909420
158.0,-416.0,1164.0,14:08:53.919901
9.0,-562.0,646.0,14:08:53.929175
218.0,-635.0,671.0,14:08:53.939629
-60.0,-364.0,1123.0,14:08:53.949051
29.0,-325.0,1058.0,14:08:53.959601
-46.0,-294.0,1215.0,14:08:53.969060
18.0,-279.0,913.0,14:08:53.978466
-15.0,-290.0,479.0,14:08:53.989048
42.0,-532.0,1067.0,14:08:53.998399
208.0,-828.0,1551.0,14:08:54.008979
100.0,-723.0,955.0,14:08:54.018301
214.0,-442.0,416.0,14:08:54.027584
34.0,-529.0,834.0,14:08:54.038049
-11.0,-578.0,1124.0,14:08:54.047427
117.0,-612.0,883.0,14:08:54.057913
26.0,-306.0,411.0,14:08:54.067291
69.0,-401.0,1071.0,14:08:54.077759
-192.0,-537.0,739.0,14:08:54.087196
130.0,-326.0,392.0,14:08:54.097714
-129.0,-539.0,1416.0,14:08:54.107066
-7.0,-729.0,1588.0,14:08:54.116339
283.0,-890.0,812.0,14:08:54.126862
181.0,-548.0,850.0,14:08:54.136173
158.0,-421.0,1248.0,14:08:54.150965
78.0,-594.0,738.0,14:08:54.155991
-57.0,-609.0,843.0,14:08:54.166560
59.0,-271.0,1019.0,14:08:54.175878
-47.0,-563.0,746.0,14:08:54.186344
183.0,-372.0,517.0,14:08:54.195747
-12.0,-190.0,720.0,14:08:54.205081
-1.0,-321.0,826.0,14:08:54.215588
92.0,-540.0,1063.0,14:08:54.224903
-88.0,-484.0,1115.0,14:08:54.235311
30.0,-224.0,755.0,14:08:54.244722
69.0,-425.0,1224.0,14:08:54.255157
84.0,-914.0,1302.0,14:08:54.264473
187.0,-757.0,1046.0,14:08:54.275129
-35.0,-460.0,650.0,14:08:54.284424
198.0,-814.0,635.0,14:08:54.294855
54.0,-571.0,970.0,14:08:54.304287
17.0,-397.0,732.0,14:08:54.313685
-175.0,-284.0,556.0,14:08:54.324091
-126.0,-293.0,806.0,14:08:54.333543
113.0,-671.0,822.0,14:08:54.344102
203.0,-591.0,842.0,14:08:54.353522
-178.0,-415.0,1590.0,14:08:54.362918
106.0,-526.0,944.0,14:08:54.373327
149.0,-458.0,453.0,14:08:54.382769
329.0,-808.0,1105.0,14:08:54.393126
240.0,-667.0,1216.0,14:08:54.402491
104.0,-370.0,775.0,14:08:54.412993
-203.0,-369.0,806.0,14:08:54.422360
235.0,-737.0,1172.0,14:08:54.432853
108.0,-719.0,1176.0,14:08:54.442167
16.0,-655.0,432.0,14:08:54.452664
134.0,-497.0,761.0,14:08:54.461995
102.0,-445.0,1090.0,14:08:54.471374
267.0,-814.0,867.0,14:08:54.481783
18.0,-752.0,664.0,14:08:54.491281
52.0,-412.0,842.0,14:08:54.501711
108.0,-269.0,964.0,14:08:54.510996
-140.0,-319.0,906.0,14:08:54.521519
-71.0,-530.0,1039.0,14:08:54.530771
-106.0,-604.0,957.0,14:08:54.541338
48.0,-379.0,486.0,14:08:54.552590
79.0,-302.0,791.0,14:08:54.560909
92.0,-746.0,1136.0,14:08:54.570266
102.0,-580.0,847.0,14:08:54.580694
-51.0,-359.0,583.0,14:08:54.590112
-108.0,-546.0,924.0,14:08:54.600532
78.0,-628.0,1284.0,14:08:54.609852
257.0,-700.0,709.0,14:08:54.620267
5.0,-531.0,898.0,14:08:54.629505
-176.0,-648.0,1307.0,14:08:54.639010
234.0,-407.0,892.0,14:08:54.649414
-120.0,-425.0,898.0,14:08:54.658722
87.0,-528.0,713.0,14:08:54.669182
22.0,-717.0,892.0,14:08:54.678495
-1.0,-601.0,766.0,14:08:54.689023
8.0,-479.0,1096.0,14:08:54.698276
-110.0,-580.0,1102.0,14:08:54.708757
-6.0,-722.0,950.0,14:08:54.718069
104.0,-445.0,707.0,14:08:54.728708
-85.0,-592.0,1153.0,14:08:54.737953
29.0,-443.0,1207.0,14:08:54.748542
-114.0,-423.0,693.0,14:08:54.757920
-29.0,-573.0,930.0,14:08:54.767215
-68.0,-444.0,861.0,14:08:54.777947
-135.0,-662.0,1157.0,14:08:54.787180
105.0,-529.0,755.0,14:08:54.797873
-137.0,-554.0,986.0,14:08:54.807171
-117.0,-445.0,778.0,14:08:54.816585
0.0,-498.0,903.0,14:08:54.827106
-169.0,-380.0,685.0,14:08:54.836393
100.0,-415.0,488.0,14:08:54.847067
-18.0,-258.0,826.0,14:08:54.856367
-54.0,-424.0,1332.0,14:08:54.865806
113.0,-317.0,698.0,14:08:54.876237
96.0,-567.0,623.0,14:08:54.885681
60.0,-597.0,1733.0,14:08:54.896072
14.0,-638.0,1507.0,14:08:54.905354
218.0,-470.0,719.0,14:08:54.915858
211.0,-349.0,708.0,14:08:54.925175
0.0,-498.0,771.0,14:08:54.935575
180.0,-705.0,649.0,14:08:54.944819
176.0,-505.0,628.0,14:08:54.955317
45.0,-379.0,656.0,14:08:54.964638
-36.0,-303.0,474.0,14:08:54.975063
-79.0,-480.0,1169.0,14:08:54.984388
45.0,-476.0,945.0,14:08:54.994847
-13.0,-416.0,1010.0,14:08:55.004139
105.0,-582.0,1222.0,14:08:55.014614
64.0,-556.0,1443.0,14:08:55.024002
17.0,-452.0,1066.0,14:08:55.034381
265.0,-687.0,874.0,14:08:55.043739
309.0,-759.0,1132.0,14:08:55.054167
128.0,-501.0,1048.0,14:08:55.063520
95.0,-637.0,827.0,14:08:55.072826
19.0,-440.0,412.0,14:08:55.083215
-20.0,-349.0,839.0,14:08:55.093691
-153.0,-269.0,663.0,14:08:55.102972
305.0,-496.0,581.0,14:08:55.112607
12.0,-520.0,912.0,14:08:55.123025
70.0,-531.0,1301.0,14:08:55.132444
-78.0,-640.0,1062.0,14:08:55.142920
167.0,-763.0,687.0,14:08:55.152199
68.0,-518.0,689.0,14:08:55.162716
109.0,-484.0,1189.0,14:08:55.171952
39.0,-499.0,1240.0,14:08:55.182446
107.0,-610.0,1079.0,14:08:55.191771
67.0,-378.0,400.0,14:08:55.201169
-25.0,-497.0,772.0,14:08:55.211638
-41.0,-910.0,1059.0,14:08:55.221008
175.0,-828.0,706.0,14:08:55.231518
-62.0,-666.0,661.0,14:08:55.240837
110.0,-462.0,672.0,14:08:55.251346
-143.0,-527.0,944.0,14:08:55.260671
170.0,-505.0,826.0,14:08:55.270695
36.0,-324.0,853.0,14:08:55.280755
-109.0,-298.0,1386.0,14:08:55.290086
-80.0,-386.0,1271.0,14:08:55.300624
39.0,-537.0,740.0,14:08:55.309873
-18.0,-575.0,892.0,14:08:55.320415
11.0,-650.0,998.0,14:08:55.329844
61.0,-809.0,1043.0,14:08:55.339135
292.0,-707.0,728.0,14:08:55.354397
170.0,-733.0,498.0,14:08:55.359286
112.0,-550.0,739.0,14:08:55.369737
-82.0,-457.0,1104.0,14:08:55.379151
32.0,-249.0,618.0,14:08:55.388425
-19.0,-258.0,734.0,14:08:55.398933
-114.0,-401.0,1083.0,14:08:55.408256
33.0,-524.0,1500.0,14:08:55.418709
-18.0,-350.0,987.0,14:08:55.428010
-74.0,-373.0,779.0,14:08:55.438453
26.0,-486.0,965.0,14:08:55.447894
-116.0,-480.0,904.0,14:08:55.458256
80.0,-742.0,1260.0,14:08:55.467547
102.0,-518.0,954.0,14:08:55.478106
172.0,-533.0,683.0,14:08:55.487407
93.0,-644.0,555.0,14:08:55.497967
94.0,-590.0,485.0,14:08:55.507254
98.0,-419.0,844.0,14:08:55.516642
-63.0,-234.0,1582.0,14:08:55.527044
-148.0,-292.0,1187.0,14:08:55.536368
154.0,-511.0,311.0,14:08:55.546963
24.0,-823.0,714.0,14:08:55.556185
261.0,-786.0,1277.0,14:08:55.566716
-7.0,-444.0,1087.0,14:08:55.575983
-47.0,-516.0,1222.0,14:08:55.586482
-8.0,-557.0,596.0,14:08:55.595858
109.0,-349.0,473.0,14:08:55.606266
-80.0,-382.0,1037.0,14:08:55.615625
12.0,-604.0,1360.0,14:08:55.626051
51.0,-645.0,880.0,14:08:55.635330
84.0,-623.0,581.0,14:08:55.645868
154.0,-837.0,1083.0,14:08:55.655315
148.0,-576.0,957.0,14:08:55.664643
22.0,-212.0,822.0,14:08:55.675131
-208.0,-149.0,883.0,14:08:55.684535
-99.0,-373.0,860.0,14:08:55.694961
35.0,-536.0,640.0,14:08:55.704311
-35.0,-544.0,1116.0,14:08:55.714854
25.0,-498.0,1247.0,14:08:55.724310
63.0,-720.0,1018.0,14:08:55.733592
145.0,-787.0,801.0,14:08:55.743972
179.0,-771.0,979.0,14:08:55.755898
112.0,-436.0,932.0,14:08:55.763154
83.0,-286.0,862.0,14:08:55.773604
-75.0,-428.0,807.0,14:08:55.782947
-21.0,-675.0,619.0,14:08:55.793584
101.0,-406.0,494.0,14:08:55.802874
-178.0,-181.0,867.0,14:08:55.813428
208.0,-276.0,1190.0,14:08:55.822808
-65.0,-502.0,1014.0,14:08:55.832194
241.0,-612.0,763.0,14:08:55.842580
396.0,-712.0,792.0,14:08:55.851875
131.0,-522.0,1028.0,14:08:55.862398
81.0,-383.0,1027.0,14:08:55.871678
-80.0,-337.0,828.0,14:08:55.882249
105.0,-582.0,745.0,14:08:55.891605
173.0,-843.0,702.0,14:08:55.902108
127.0,-527.0,559.0,14:08:55.911453
59.0,-159.0,875.0,14:08:55.921822
1.0,-468.0,1164.0,14:08:55.931268
54.0,-803.0,1280.0,14:08:55.941622
129.0,-622.0,891.0,14:08:55.951015
-75.0,-614.0,926.0,14:08:55.961407
79.0,-747.0,493.0,14:08:55.970770
-145.0,-803.0,1483.0,14:08:55.980113
-97.0,-700.0,1068.0,14:08:55.990531
84.0,-572.0,520.0,14:08:55.999923
123.0,-397.0,1072.0,14:08:56.010286
58.0,-445.0,1339.0,14:08:56.019646
84.0,-502.0,546.0,14:08:56.030155
48.0,-259.0,612.0,14:08:56.039478
-7.0,-616.0,1568.0,14:08:56.049921
69.0,-561.0,1351.0,14:08:56.059222
93.0,-496.0,729.0,14:08:56.069679
143.0,-577.0,595.0,14:08:56.079054
157.0,-656.0,1179.0,14:08:56.089605
-3.0,-729.0,1198.0,14:08:56.098945
-117.0,-486.0,1173.0,14:08:56.108389
112.0,-300.0,968.0,14:08:56.118792
-18.0,-526.0,1151.0,14:08:56.128058
86.0,-555.0,766.0,14:08:56.138654
6.0,-583.0,675.0,14:08:56.148071
-62.0,-729.0,1279.0,14:08:56.158738
192.0,-549.0,953.0,14:08:56.168055
133.0,-567.0,863.0,14:08:56.177389
69.0,-380.0,679.0,14:08:56.188022
-60.0,-393.0,682.0,14:08:56.197289
-5.0,-331.0,687.0,14:08:56.208003
88.0,-443.0,887.0,14:08:56.217345
-14.0,-575.0,1148.0,14:08:56.226695
249.0,-471.0,726.0,14:08:56.237144
49.0,-176.0,309.0,14:08:56.246520
112.0,-388.0,875.0,14:08:56.256980
115.0,-769.0,1213.0,14:08:56.266319
65.0,-433.0,441.0,14:08:56.276819
146.0,-279.0,643.0,14:08:56.286094
-194.0,-429.0,1111.0,14:08:56.296520
9.0,-712.0,1071.0,14:08:56.305870
169.0,-493.0,491.0,14:08:56.316375
40.0,-568.0,964.0,14:08:56.325794
85.0,-350.0,1018.0,14:08:56.335143
-217.0,-533.0,1314.0,14:08:56.345691
31.0,-448.0,650.0,14:08:56.355001
60.0,-604.0,1224.0,14:08:56.365506
-205.0,-371.0,1251.0,14:08:56.374777
32.0,-503.0,865.0,14:08:56.385302
-59.0,-345.0,1088.0,14:08:56.394649
-44.0,-449.0,1112.0,14:08:56.405076
115.0,-729.0,973.0,14:08:56.414383
34.0,-546.0,761.0,14:08:56.424849
-186.0,-297.0,877.0,14:08:56.434167
-91.0,-394.0,1061.0,14:08:56.444641
45.0,-546.0,774.0,14:08:56.454025
89.0,-533.0,754.0,14:08:56.464379
-72.0,-441.0,1338.0,14:08:56.473696
95.0,-511.0,1194.0,14:08:56.484070
2.0,-578.0,470.0,14:08:56.493534
201.0,-286.0,674.0,14:08:56.502744
52.0,-443.0,1630.0,14:08:56.513144
-64.0,-741.0,1322.0,14:08:56.522566
165.0,-510.0,457.0,14:08:56.532959
127.0,-572.0,530.0,14:08:56.542367
19.0,-845.0,981.0,14:08:56.556939
171.0,-798.0,738.0,14:08:56.563033
227.0,-460.0,580.0,14:08:56.572452
-61.0,-438.0,783.0,14:08:56.581792
-38.0,-523.0,764.0,14:08:56.592325
84.0,-492.0,694.0,14:08:56.601605
-119.0,-743.0,1084.0,14:08:56.612030
60.0,-408.0,618.0,14:08:56.621393
6.0,-360.0,780.0,14:08:56.631779
-36.0,-582.0,1160.0,14:08:56.641290
102.0,-783.0,921.0,14:08:56.651717
17.0,-646.0,914.0,14:08:56.661131
-5.0,-529.0,820.0,14:08:56.670399
55.0,-765.0,927.0,14:08:56.680875
41.0,-621.0,854.0,14:08:56.690241
-89.0,-605.0,983.0,14:08:56.700633
-7.0,-384.0,799.0,14:08:56.710066
-99.0,-464.0,715.0,14:08:56.720572
-11.0,-388.0,884.0,14:08:56.730052
113.0,-517.0,1029.0,14:08:56.740481
-76.0,-481.0,719.0,14:08:56.749908
-38.0,-440.0,1104.0,14:08:56.759187
-78.0,-231.0,1410.0,14:08:56.769662
55.0,-580.0,912.0,14:08:56.779141
141.0,-709.0,817.0,14:08:56.789595
133.0,-419.0,1006.0,14:08:56.799049
-9.0,-521.0,973.0,14:08:56.809418
205.0,-546.0,623.0,14:08:56.818919
176.0,-523.0,795.0,14:08:56.828157
91.0,-405.0,691.0,14:08:56.838582
-92.0,-197.0,739.0,14:08:56.849065
-213.0,-172.0,823.0,14:08:56.858434
-91.0,-674.0,904.0,14:08:56.867781
156.0,-413.0,1045.0,14:08:56.878209
-10.0,-512.0,1293.0,14:08:56.887523
-22.0,-743.0,1224.0,14:08:56.898014
9.0,-724.0,909.0,14:08:56.907407
48.0,-308.0,690.0,14:08:56.917938
143.0,-598.0,1095.0,14:08:56.927290
104.0,-655.0,1160.0,14:08:56.937888
9.0,-554.0,452.0,14:08:56.947107
27.0,-412.0,571.0,14:08:56.958293
-1.0,-473.0,901.0,14:08:56.966631
131.0,-509.0,1086.0,14:08:56.977222
213.0,-333.0,871.0,14:08:56.986505
-114.0,-547.0,1172.0,14:08:56.995898
-43.0,-490.0,1160.0,14:08:57.006432
144.0,-472.0,958.0,14:08:57.015805
152.0,-644.0,1252.0,14:08:57.026256
-62.0,-616.0,1026.0,14:08:57.035503
86.0,-696.0,1154.0,14:08:57.046016
-116.0,-406.0,769.0,14:08:57.055294
207.0,-292.0,486.0,14:08:57.065757
56.0,-528.0,1251.0,14:08:57.075129
44.0,-669.0,1207.0,14:08:57.085496
60.0,-558.0,630.0,14:08:57.094805
42.0,-380.0,748.0,14:08:57.105181
23.0,-519.0,1066.0,14:08:57.114601
41.0,-733.0,959.0,14:08:57.125095
38.0,-758.0,769.0,14:08:57.134395
-146.0,-480.0,834.0,14:08:57.143859
14.0,-334.0,851.0,14:08:57.154259
-59.0,-481.0,794.0,14:08:57.163608
60.0,-464.0,606.0,14:08:57.174007
-108.0,-404.0,865.0,14:08:57.183390
-13.0,-496.0,1339.0,14:08:57.193808
-28.0,-534.0,1081.0,14:08:57.203153
43.0,-587.0,546.0,14:08:57.213601
106.0,-615.0,439.0,14:08:57.222986
95.0,-595.0,1440.0,14:08:57.242595
-41.0,-660.0,1132.0,14:08:57.253098
69.0,-180.0,362.0,14:08:57.262402
-95.0,-321.0,948.0,14:08:57.272906
20.0,-372.0,1551.0,14:08:57.282214
12.0,-571.0,1113.0,14:08:57.292673
52.0,-282.0,218.0,14:08:57.302004
16.0,-919.0,1372.0,14:08:57.312466
202.0,-694.0,986.0,14:08:57.321805
160.0,-727.0,593.0,14:08:57.331146
-33.0,-390.0,938.0,14:08:57.341567
-66.0,-529.0,1143.0,14:08:57.350816
193.0,-286.0,569.0,14:08:57.361429
17.0,-239.0,438.0,14:08:57.370673
-141.0,-320.0,1345.0,14:08:57.381190
-120.0,-441.0,1337.0,14:08:57.390530
177.0,-432.0,615.0,14:08:57.401150
53.0,-650.0,939.0,14:08:57.410518
173.0,-681.0,1325.0,14:08:57.420905
108.0,-748.0,988.0,14:08:57.430304
130.0,-681.0,776.0,14:08:57.440694
120.0,-625.0,932.0,14:08:57.450125
71.0,-564.0,644.0,14:08:57.459415
37.0,-769.0,506.0,14:08:57.469927
-81.0,-489.0,868.0,14:08:57.479211
-191.0,-454.0,830.0,14:08:57.489653
235.0,-367.0,904.0,14:08:57.499054
-73.0,-477.0,933.0,14:08:57.509479
148.0,-585.0,642.0,14:08:57.518782
10.0,-452.0,997.0,14:08:57.529155
-223.0,-442.0,1328.0,14:08:57.538519
-69.0,-702.0,1134.0,14:08:57.549005
120.0,-678.0,602.0,14:08:57.563733
223.0,-962.0,1105.0,14:08:57.569111
-88.0,-460.0,639.0,14:08:57.581858
-65.0,-523.0,603.0,14:08:57.591527
23.0,-636.0,1109.0,14:08:57.599565
-255.0,-409.0,1297.0,14:08:57.609733
75.0,-108.0,315.0,14:08:57.618231
-109.0,-205.0,618.0,14:08:57.627698
-144.0,-558.0,1506.0,14:08:57.637016
163.0,-712.0,1139.0,14:08:57.647719
-15.0,-156.0,364.0,14:08:57.656953
58.0,-390.0,1453.0,14:08:57.667404
59.0,-850.0,1550.0,14:08:57.676680
117.0,-806.0,734.0,14:08:57.687132
132.0,-569.0,510.0,14:08:57.696396
-48.0,-343.0,1008.0,14:08:57.706933
15.0,-516.0,1441.0,14:08:57.716285
-46.0,-585.0,856.0,14:08:57.725692
40.0,-724.0,400.0,14:08:57.736188
-133.0,-550.0,572.0,14:08:57.745468
-80.0,-303.0,897.0,14:08:57.761483
70.0,-590.0,1091.0,14:08:57.765169
-65.0,-640.0,832.0,14:08:57.775543
-86.0,-283.0,691.0,14:08:57.784902
-206.0,-354.0,1281.0,14:08:57.795303
-30.0,-502.0,1121.0,14:08:57.804771
38.0,-651.0,711.0,14:08:57.815270
205.0,-554.0,613.0,14:08:57.824639
7.0,-504.0,1402.0,14:08:57.834828
21.0,-659.0,977.0,14:08:57.844978
155.0,-490.0,320.0,14:08:57.854236
-16.0,-578.0,890.0,14:08:57.864690
58.0,-674.0,973.0,14:08:57.874035
62.0,-697.0,1013.0,14:08:57.884417
54.0,-455.0,692.0,14:08:57.893739
35.0,-379.0,675.0,14:08:57.903043
-170.0,-445.0,1430.0,14:08:57.913748
61.0,-553.0,980.0,14:08:57.923095
-106.0,-366.0,423.0,14:08:57.933612
-53.0,-257.0,885.0,14:08:57.942962
-241.0,-179.0,1112.0,14:08:57.952378
104.0,-424.0,357.0,14:08:57.962809
10.0,-371.0,538.0,14:08:57.972208
18.0,-524.0,1443.0,14:08:57.982682
-14.0,-563.0,1405.0,14:08:57.992021
-53.0,-183.0,742.0,14:08:58.002572
-17.0,-704.0,1280.0,14:08:58.011818
19.0,-673.0,1346.0,14:08:58.022391
42.0,-543.0,1200.0,14:08:58.031708
120.0,-581.0,811.0,14:08:58.042181
168.0,-699.0,934.0,14:08:58.051465
176.0,-622.0,641.0,14:08:58.060936
148.0,-724.0,780.0,14:08:58.071440
102.0,-633.0,948.0,14:08:58.080709
20.0,-323.0,731.0,14:08:58.091281
-94.0,-322.0,703.0,14:08:58.100607
-93.0,-532.0,872.0,14:08:58.111212
97.0,-701.0,1007.0,14:08:58.120458
136.0,-541.0,1075.0,14:08:58.130061
191.0,-308.0,849.0,14:08:58.140453
17.0,-562.0,869.0,14:08:58.149795
79.0,-728.0,731.0,14:08:58.161360
175.0,-499.0,939.0,14:08:58.169341
-89.0,-351.0,903.0,14:08:58.179816
-47.0,-416.0,522.0,14:08:58.189195
-49.0,-567.0,780.0,14:08:58.199703
-119.0,-542.0,1094.0,14:08:58.209131
146.0,-681.0,899.0,14:08:58.219536
4.0,-487.0,1111.0,14:08:58.229098
25.0,-582.0,911.0,14:08:58.238416
60.0,-886.0,1303.0,14:08:58.249027
77.0,-690.0,908.0,14:08:58.258295
212.0,-533.0,690.0,14:08:58.268716
108.0,-699.0,868.0,14:08:58.278035
-7.0,-470.0,1075.0,14:08:58.288545
5.0,-388.0,930.0,14:08:58.297949
221.0,-572.0,339.0,14:08:58.308324
-23.0,-471.0,863.0,14:08:58.317718
-96.0,-492.0,1311.0,14:08:58.328207
61.0,-521.0,754.0,14:08:58.337555
38.0,-552.0,776.0,14:08:58.346943
64.0,-777.0,910.0,14:08:58.357511
71.0,-832.0,749.0,14:08:58.366867
204.0,-792.0,753.0,14:08:58.377297
95.0,-368.0,882.0,14:08:58.386590
-106.0,-128.0,1065.0,14:08:58.396159
-44.0,-292.0,706.0,14:08:58.406665
-176.0,-169.0,1006.0,14:08:58.415927
-131.0,-188.0,945.0,14:08:58.426505
-52.0,-158.0,715.0,14:08:58.435821
-80.0,-358.0,1508.0,14:08:58.446323
-28.0,-553.0,1267.0,14:08:58.455799
166.0,-819.0,439.0,14:08:58.466336
157.0,-707.0,862.0,14:08:58.475667
-123.0,-586.0,1460.0,14:08:58.484994
138.0,-628.0,1149.0,14:08:58.495381
58.0,-775.0,582.0,14:08:58.504774
88.0,-772.0,692.0,14:08:58.515324
4.0,-453.0,857.0,14:08:58.524764
26.0,-463.0,768.0,14:08:58.535294
-12.0,-483.0,907.0,14:08:58.544607
-212.0,-599.0,886.0,14:08:58.554083
27.0,-529.0,744.0,14:08:58.564593
-118.0,-402.0,877.0,14:08:58.573964
-76.0,-428.0,1099.0,14:08:58.584404
-35.0,-463.0,934.0,14:08:58.593736
79.0,-611.0,710.0,14:08:58.604203
17.0,-326.0,867.0,14:08:58.613605
129.0,-254.0,1026.0,14:08:58.624038
-134.0,-344.0,1101.0,14:08:58.633384
-8.0,-393.0,1000.0,14:08:58.642841
122.0,-431.0,893.0,14:08:58.653284
115.0,-424.0,724.0,14:08:58.662685
128.0,-546.0,1203.0,14:08:58.673142
187.0,-604.0,1136.0,14:08:58.682548
169.0,-620.0,800.0,14:08:58.692916
192.0,-535.0,943.0,14:08:58.702190
-36.0,-622.0,1235.0,14:08:58.712662
143.0,-578.0,836.0,14:08:58.721998
58.0,-513.0,633.0,14:08:58.732511
-128.0,-414.0,1034.0,14:08:58.741824
17.0,-465.0,912.0,14:08:58.751272
-64.0,-448.0,708.0,14:08:58.761630
20.0,-542.0,844.0,14:08:58.770946
50.0,-554.0,973.0,14:08:58.781372
-40.0,-456.0,855.0,14:08:58.790714
239.0,-522.0,869.0,14:08:58.801128
-41.0,-263.0,993.0,14:08:58.810380
124.0,-414.0,956.0,14:08:58.820867
22.0,-514.0,778.0,14:08:58.830266
124.0,-608.0,1041.0,14:08:58.840686
134.0,-849.0,991.0,14:08:58.849907
87.0,-602.0,799.0,14:08:58.860436
-47.0,-612.0,978.0,14:08:58.869678
93.0,-679.0,931.0,14:08:58.880226
141.0,-582.0,829.0,14:08:58.889446
-8.0,-543.0,843.0,14:08:58.900191
91.0,-512.0,880.0,14:08:58.909447
90.0,-544.0,915.0,14:08:58.918896
95.0,-518.0,816.0,14:08:58.929389
-23.0,-527.0,961.0,14:08:58.938677
-22.0,-553.0,762.0,14:08:58.949146
46.0,-504.0,754.0,14:08:58.962731
-39.0,-358.0,1124.0,14:08:58.968708
-25.0,-481.0,1050.0,14:08:58.978185
2.0,-506.0,678.0,14:08:58.988642
62.0,-436.0,824.0,14:08:58.997972
107.0,-576.0,1071.0,14:08:59.008450
91.0,-564.0,862.0,14:08:59.017932
34.0,-482.0,802.0,14:08:59.028464
-16.0,-596.0,949.0,14:08:59.037847
12.0,-732.0,972.0,14:08:59.047170
74.0,-617.0,815.0,14:08:59.057721
27.0,-490.0,722.0,14:08:59.067114
142.0,-721.0,896.0,14:08:59.077522
40.0,-537.0,814.0,14:08:59.086967
61.0,-567.0,752.0,14:08:59.097336
-141.0,-391.0,823.0,14:08:59.106686
80.0,-541.0,1058.0,14:08:59.117091
-20.0,-561.0,889.0,14:08:59.126503
121.0,-539.0,775.0,14:08:59.135884
-43.0,-415.0,889.0,14:08:59.146282
-63.0,-466.0,1120.0,14:08:59.155643
-27.0,-540.0,1073.0,14:08:59.166064
189.0,-642.0,883.0,14:08:59.175407
56.0,-459.0,904.0,14:08:59.185859
-18.0,-435.0,1071.0,14:08:59.195381
71.0,-591.0,921.0,14:08:59.205844
82.0,-497.0,752.0,14:08:59.215188
-97.0,-467.0,954.0,14:08:59.225689
-51.0,-518.0,922.0,14:08:59.235056
-110.0,-642.0,933.0,14:08:59.244324
29.0,-595.0,1043.0,14:08:59.254789
15.0,-453.0,879.0,14:08:59.264090
-56.0,-486.0,854.0,14:08:59.274855
56.0,-608.0,1103.0,14:08:59.284255
113.0,-436.0,830.0,14:08:59.294687
117.0,-439.0,932.0,14:08:59.304027
11.0,-472.0,935.0,14:08:59.314423
93.0,-473.0,882.0,14:08:59.323696
34.0,-482.0,775.0,14:08:59.334188
-76.0,-609.0,1178.0,14:08:59.343583
3.0,-449.0,1097.0,14:08:59.352914
-26.0,-585.0,700.0,14:08:59.364406
45.0,-578.0,763.0,14:08:59.373585
82.0,-470.0,765.0,14:08:59.382899
96.0,-539.0,1073.0,14:08:59.392308
48.0,-544.0,849.0,14:08:59.402820
40.0,-483.0,737.0,14:08:59.412047
-29.0,-424.0,759.0,14:08:59.422578
-38.0,-468.0,673.0,14:08:59.431866
23.0,-524.0,973.0,14:08:59.442438
-94.0,-477.0,1207.0,14:08:59.451791
80.0,-358.0,693.0,14:08:59.461255
51.0,-404.0,750.0,14:08:59.471801
42.0,-751.0,1539.0,14:08:59.481272
72.0,-457.0,757.0,14:08:59.491815
6.0,-634.0,1139.0,14:08:59.501149
155.0,-677.0,1150.0,14:08:59.511627
-15.0,-592.0,1027.0,14:08:59.521062
-51.0,-564.0,773.0,14:08:59.530567
76.0,-701.0,576.0,14:08:59.540977
100.0,-658.0,836.0,14:08:59.550292
-202.0,-344.0,853.0,14:08:59.560681
-74.0,-469.0,979.0,14:08:59.570128
-50.0,-484.0,636.0,14:08:59.580613
-175.0,-615.0,1097.0,14:08:59.590012
4.0,-369.0,875.0,14:08:59.599434
96.0,-559.0,1087.0,14:08:59.609953
43.0,-527.0,834.0,14:08:59.619252
122.0,-445.0,877.0,14:08:59.629689
51.0,-424.0,923.0,14:08:59.639088
-10.0,-633.0,1135.0,14:08:59.649500
173.0,-651.0,937.0,14:08:59.658909
4.0,-428.0,496.0,14:08:59.669261
53.0,-480.0,788.0,14:08:59.678697
20.0,-434.0,861.0,14:08:59.689088
-83.0,-474.0,1037.0,14:08:59.698374
124.0,-608.0,747.0,14:08:59.708814
72.0,-511.0,1035.0,14:08:59.718168
177.0,-424.0,795.0,14:08:59.728538
70.0,-589.0,725.0,14:08:59.737961
39.0,-587.0,1162.0,14:08:59.747243
20.0,-517.0,1278.0,14:08:59.757707
72.0,-324.0,621.0,14:08:59.767035
31.0,-673.0,1031.0,14:08:59.777432
88.0,-708.0,994.0,14:08:59.786783
66.0,-514.0,514.0,14:08:59.797173
121.0,-651.0,879.0,14:08:59.806511
138.0,-567.0,994.0,14:08:59.816940
-33.0,-430.0,779.0,14:08:59.826278
-215.0,-302.0,578.0,14:08:59.836783
48.0,-602.0,1135.0,14:08:59.846065
162.0,-519.0,699.0,14:08:59.856507
50.0,-451.0,1076.0,14:08:59.865921
-4.0,-517.0,1340.0,14:08:59.876339
152.0,-577.0,902.0,14:08:59.885684
266.0,-471.0,999.0,14:08:59.896287
156.0,-551.0,877.0,14:08:59.905616
157.0,-468.0,921.0,14:08:59.915009
52.0,-537.0,853.0,14:08:59.925460
169.0,-646.0,935.0,14:08:59.934822
172.0,-515.0,749.0,14:08:59.945381
-8.0,-375.0,939.0,14:08:59.954713
36.0,-453.0,1108.0,14:08:59.965275
49.0,-454.0,780.0,14:08:59.974701
69.0,-473.0,802.0,14:08:59.984014
48.0,-332.0,976.0,14:08:59.994617
-26.0,-368.0,911.0,14:09:00.003990
31.0,-589.0,1025.0,14:09:00.014369
-14.0,-616.0,974.0,14:09:00.023697
84.0,-766.0,907.0,14:09:00.034108
105.0,-612.0,831.0,14:09:00.043524
188.0,-424.0,962.0,14:09:00.053979
36.0,-470.0,931.0,14:09:00.063263
28.0,-590.0,748.0,14:09:00.073724
7.0,-655.0,985.0,14:09:00.082994
52.0,-661.0,996.0,14:09:00.092379
11.0,-512.0,770.0,14:09:00.102773
88.0,-458.0,841.0,14:09:00.112176
-129.0,-459.0,1015.0,14:09:00.122614
-44.0,-514.0,888.0,14:09:00.132000
-13.0,-404.0,895.0,14:09:00.142452
105.0,-406.0,1051.0,14:09:00.151863
-141.0,-544.0,1184.0,14:09:00.165827
90.0,-467.0,707.0,14:09:00.171666
171.0,-354.0,706.0,14:09:00.182073
-81.0,-438.0,1162.0,14:09:00.191471
-36.0,-581.0,1112.0,14:09:00.201921
136.0,-440.0,665.0,14:09:00.211325
35.0,-401.0,379.0,14:09:00.220611
98.0,-443.0,985.0,14:09:00.231114
59.0,-419.0,929.0,14:09:00.241469
-100.0,-289.0,783.0,14:09:00.250848
-5.0,-318.0,1374.0,14:09:00.260218
14.0,-469.0,1270.0,14:09:00.270775
161.0,-632.0,924.0,14:09:00.280171
164.0,-596.0,994.0,14:09:00.290648
138.0,-626.0,1126.0,14:09:00.300123
129.0,-522.0,956.0,14:09:00.309382
214.0,-524.0,937.0,14:09:00.319857
230.0,-439.0,882.0,14:09:00.329152
1.0,-332.0,648.0,14:09:00.339668
144.0,-563.0,657.0,14:09:00.349020
216.0,-571.0,672.0,14:09:00.359567
100.0,-465.0,1017.0,14:09:00.368773
31.0,-487.0,1141.0,14:09:00.379380
95.0,-625.0,783.0,14:09:00.388710
198.0,-526.0,1182.0,14:09:00.408231
-121.0,-625.0,1226.0,14:09:00.418830
106.0,-536.0,836.0,14:09:00.428159
28.0,-505.0,826.0,14:09:00.438656
120.0,-785.0,1047.0,14:09:00.448062
107.0,-669.0,714.0,14:09:00.457314
48.0,-556.0,894.0,14:09:00.468015
-162.0,-495.0,924.0,14:09:00.477300
138.0,-591.0,753.0,14:09:00.487858
-41.0,-680.0,754.0,14:09:00.497155
136.0,-473.0,641.0,14:09:00.507705
-10.0,-536.0,914.0,14:09:00.517076
-63.0,-481.0,986.0,14:09:00.526476
-76.0,-464.0,1003.0,14:09:00.537043
111.0,-516.0,711.0,14:09:00.546296
94.0,-661.0,1065.0,14:09:00.556831
69.0,-511.0,1088.0,14:09:00.567028
-2.0,-555.0,853.0,14:09:00.576469
-31.0,-424.0,776.0,14:09:00.585858
75.0,-595.0,853.0,14:09:00.596273
142.0,-535.0,808.0,14:09:00.605661
104.0,-717.0,925.0,14:09:00.616086
73.0,-554.0,864.0,14:09:00.625368
98.0,-400.0,728.0,14:09:00.634818
44.0,-414.0,943.0,14:09:00.645316
31.0,-465.0,1167.0,14:09:00.654806
-94.0,-262.0,719.0,14:09:00.665251
-76.0,-236.0,1060.0,14:09:00.674708
178.0,-581.0,1056.0,14:09:00.685107
108.0,-712.0,886.0,14:09:00.694387
196.0,-561.0,584.0,14:09:00.704869
170.0,-592.0,1234.0,14:09:00.714168
61.0,-506.0,1172.0,14:09:00.724670
142.0,-493.0,895.0,14:09:00.733932
-16.0,-513.0,701.0,14:09:00.743285
60.0,-577.0,925.0,14:09:00.753702
84.0,-642.0,846.0,14:09:00.762992
-172.0,-386.0,939.0,14:09:00.773543
197.0,-611.0,677.0,14:09:00.782931
-156.0,-614.0,848.0,14:09:00.793390
139.0,-525.0,1138.0,14:09:00.802791
-65.0,-438.0,931.0,14:09:00.813236
-145.0,-329.0,797.0,14:09:00.822655
76.0,-412.0,998.0,14:09:00.833148
-102.0,-618.0,995.0,14:09:00.842437
193.0,-468.0,664.0,14:09:00.851785
37.0,-486.0,1163.0,14:09:00.862382
-169.0,-461.0,1157.0,14:09:00.871778
-30.0,-435.0,649.0,14:09:00.882288
46.0,-488.0,682.0,14:09:00.891685
-81.0,-490.0,947.0,14:09:00.901126
76.0,-417.0,803.0,14:09:00.911624
81.0,-367.0,910.0,14:09:00.920902
-6.0,-503.0,853.0,14:09:00.931488
79.0,-647.0,907.0,14:09:00.940792
94.0,-541.0,1009.0,14:09:00.951285
115.0,-510.0,960.0,14:09:00.960645
31.0,-506.0,881.0,14:09:00.970092
97.0,-407.0,751.0,14:09:00.980534
-38.0,-606.0,752.0,14:09:00.989876
24.0,-550.0,1008.0,14:09:01.000354
-26.0,-343.0,1090.0,14:09:01.009652
-47.0,-368.0,1149.0,14:09:01.020246
23.0,-559.0,1120.0,14:09:01.029686
93.0,-721.0,1258.0,14:09:01.039130
86.0,-603.0,1080.0,14:09:01.049533
105.0,-879.0,1030.0,14:09:01.059042
153.0,-511.0,1016.0,14:09:01.069411
-37.0,-439.0,943.0,14:09:01.078809
9.0,-538.0,749.0,14:09:01.089220
151.0,-559.0,549.0,14:09:01.098504
-45.0,-294.0,467.0,14:09:01.109003
3.0,-280.0,600.0,14:09:01.118369
64.0,-420.0,756.0,14:09:01.128740
-123.0,-338.0,875.0,14:09:01.138002
13.0,-452.0,1049.0,14:09:01.148572
15.0,-425.0,1063.0,14:09:01.157951
61.0,-534.0,1279.0,14:09:01.168437
250.0,-906.0,1222.0,14:09:01.177811
300.0,-911.0,855.0,14:09:01.187235
11.0,-303.0,978.0,14:09:01.197737
60.0,-484.0,1044.0,14:09:01.207052
84.0,-624.0,922.0,14:09:01.217434
26.0,-545.0,617.0,14:09:01.226792
106.0,-714.0,577.0,14:09:01.237197
8.0,-668.0,916.0,14:09:01.246528
-44.0,-809.0,862.0,14:09:01.257035
10.0,-723.0,735.0,14:09:01.266367
-36.0,-610.0,791.0,14:09:01.276850
-33.0,-657.0,1019.0,14:09:01.286109
59.0,-406.0,635.0,14:09:01.296663
-31.0,-494.0,832.0,14:09:01.305867
-14.0,-546.0,1223.0,14:09:01.315318
-34.0,-448.0,911.0,14:09:01.325802
117.0,-363.0,690.0,14:09:01.335243
-155.0,-527.0,1184.0,14:09:01.345873
59.0,-574.0,801.0,14:09:01.355288
78.0,-385.0,511.0,14:09:01.368629
-54.0,-408.0,989.0,14:09:01.374585
126.0,-698.0,1188.0,14:09:01.385123
-160.0,-378.0,736.0,14:09:01.394399
54.0,-536.0,994.0,14:09:01.404796
4.0,-319.0,1134.0,14:09:01.414165
-73.0,-396.0,1239.0,14:09:01.424665
-32.0,-469.0,906.0,14:09:01.433972
-70.0,-529.0,896.0,14:09:01.444378
-7.0,-614.0,1017.0,14:09:01.453781
-102.0,-629.0,887.0,14:09:01.464211
59.0,-644.0,1078.0,14:09:01.473691
117.0,-740.0,909.0,14:09:01.483034
-16.0,-542.0,412.0,14:09:01.493638
170.0,-653.0,796.0,14:09:01.502925
-84.0,-690.0,1077.0,14:09:01.513347
40.0,-655.0,689.0,14:09:01.522645
154.0,-444.0,727.0,14:09:01.533091
-54.0,-330.0,800.0,14:09:01.542531
34.0,-309.0,1230.0,14:09:01.552922
-75.0,-283.0,945.0,14:09:01.562282
36.0,-264.0,666.0,14:09:01.572678
-39.0,-357.0,1130.0,14:09:01.581969
52.0,-511.0,1194.0,14:09:01.592431
-4.0,-382.0,951.0,14:09:01.601786
95.0,-461.0,883.0,14:09:01.612169
42.0,-532.0,1021.0,14:09:01.621452
-15.0,-547.0,968.0,14:09:01.641269
155.0,-528.0,932.0,14:09:01.651614
5.0,-544.0,1000.0,14:09:01.660972
71.0,-571.0,944.0,14:09:01.670334
129.0,-664.0,834.0,14:09:01.681171
131.0,-448.0,595.0,14:09:01.690472
17.0,-280.0,911.0,14:09:01.700857
-71.0,-546.0,1043.0,14:09:01.710337
-12.0,-361.0,693.0,14:09:01.719606
55.0,-391.0,897.0,14:09:01.730302
-19.0,-497.0,964.0,14:09:01.739650
135.0,-755.0,1022.0,14:09:01.750226
17.0,-585.0,959.0,14:09:01.759544
28.0,-527.0,1034.0,14:09:01.769089
49.0,-498.0,854.0,14:09:01.779913
38.0,-580.0,825.0,14:09:01.789159
76.0,-501.0,1058.0,14:09:01.798616
32.0,-431.0,956.0,14:09:01.809067
71.0,-548.0,596.0,14:09:01.818333
146.0,-644.0,933.0,14:09:01.829035
10.0,-367.0,1028.0,14:09:01.838330
225.0,-517.0,754.0,14:09:01.848850
-71.0,-439.0,797.0,14:09:01.858127
74.0,-421.0,1201.0,14:09:01.867494
-66.0,-583.0,1117.0,14:09:01.878052
157.0,-747.0,895.0,14:09:01.887457
25.0,-295.0,852.0,14:09:01.897966
123.0,-517.0,857.0,14:09:01.907309
103.0,-491.0,911.0,14:09:01.917799
32.0,-497.0,933.0,14:09:01.927097
93.0,-203.0,554.0,14:09:01.937548
99.0,-384.0,930.0,14:09:01.946933
-125.0,-500.0,1020.0,14:09:01.957428
205.0,-518.0,1116.0,14:09:01.966737
71.0,-574.0,626.0,14:09:01.976140
155.0,-702.0,953.0,14:09:01.986597
176.0,-664.0,1211.0,14:09:01.996011
79.0,-594.0,842.0,14:09:02.006412
133.0,-420.0,655.0,14:09:02.015858
94.0,-446.0,792.0,14:09:02.026236
95.0,-727.0,985.0,14:09:02.035555
77.0,-415.0,669.0,14:09:02.046031
130.0,-311.0,891.0,14:09:02.055445
244.0,-423.0,863.0,14:09:02.065863
109.0,-659.0,868.0,14:09:02.075123
128.0,-673.0,1033.0,14:09:02.085594
74.0,-482.0,1060.0,14:09:02.094859
267.0,-570.0,744.0,14:09:02.104191
109.0,-485.0,1121.0,14:09:02.114720
70.0,-430.0,729.0,14:09:02.124094
48.0,-469.0,707.0,14:09:02.134644
-16.0,-498.0,1032.0,14:09:02.143999
40.0,-516.0,1018.0,14:09:02.154495
124.0,-444.0,881.0,14:09:02.163859
10.0,-317.0,920.0,14:09:02.174252
78.0,-502.0,1095.0,14:09:02.183646
-180.0,-544.0,1012.0,14:09:02.194100
-18.0,-590.0,919.0,14:09:02.203531
-8.0,-442.0,1040.0,14:09:02.212943
67.0,-578.0,894.0,14:09:02.223384
73.0,-540.0,856.0,14:09:02.232847
11.0,-384.0,820.0,14:09:02.243277
88.0,-514.0,917.0,14:09:02.252616
50.0,-409.0,908.0,14:09:02.263070
40.0,-442.0,863.0,14:09:02.272497
26.0,-551.0,1061.0,14:09:02.281913
-78.0,-507.0,871.0,14:09:02.292498
54.0,-644.0,1020.0,14:09:02.301788
25.0,-575.0,1105.0,14:09:02.311323
187.0,-750.0,678.0,14:09:02.321688
69.0,-400.0,735.0,14:09:02.332097
15.0,-515.0,1194.0,14:09:02.341515
82.0,-447.0,913.0,14:09:02.350812
68.0,-432.0,639.0,14:09:02.361309
11.0,-472.0,702.0,14:09:02.370635
15.0,-462.0,870.0,14:09:02.381186
-82.0,-426.0,961.0,14:09:02.390438
25.0,-484.0,1247.0,14:09:02.400946
11.0,-534.0,858.0,14:09:02.410246
109.0,-499.0,561.0,14:09:02.420758
61.0,-482.0,1135.0,14:09:02.430145
73.0,-668.0,1187.0,14:09:02.439463
13.0,-505.0,813.0,14:09:02.449962
90.0,-271.0,685.0,14:09:02.459346
-60.0,-559.0,1302.0,14:09:02.469759
105.0,-486.0,896.0,14:09:02.479109
146.0,-416.0,684.0,14:09:02.489634
-58.0,-254.0,1061.0,14:09:02.499045
-7.0,-607.0,1268.0,14:09:02.509505
189.0,-546.0,635.0,14:09:02.518760
-64.0,-602.0,1108.0,14:09:02.529285
39.0,-570.0,648.0,14:09:02.538537
60.0,-576.0,955.0,14:09:02.549220
-46.0,-550.0,1033.0,14:09:02.558574
63.0,-553.0,922.0,14:09:02.571656
26.0,-233.0,694.0,14:09:02.577928
-1.0,-370.0,738.0,14:09:02.588311
53.0,-584.0,933.0,14:09:02.597829
104.0,-609.0,968.0,14:09:02.608260
24.0,-448.0,858.0,14:09:02.617573
49.0,-556.0,960.0,14:09:02.626938
41.0,-583.0,950.0,14:09:02.637349
255.0,-631.0,1052.0,14:09:02.646723
-25.0,-481.0,1008.0,14:09:02.657112
184.0,-547.0,997.0,14:09:02.666484
-8.0,-475.0,908.0,14:09:02.676940
75.0,-465.0,848.0,14:09:02.686397
44.0,-453.0,731.0,14:09:02.696858
33.0,-466.0,858.0,14:09:02.706218
46.0,-541.0,972.0,14:09:02.716704
-104.0,-730.0,899.0,14:09:02.726036
117.0,-643.0,608.0,14:09:02.736493
27.0,-629.0,1096.0,14:09:02.745848
77.0,-651.0,850.0,14:09:02.765443
37.0,-565.0,807.0,14:09:02.775962
76.0,-497.0,1127.0,14:09:02.785212
-28.0,-490.0,674.0,14:09:02.794710
107.0,-809.0,864.0,14:09:02.805140
27.0,-536.0,837.0,14:09:02.814455
156.0,-340.0,942.0,14:09:02.825011
-138.0,-297.0,847.0,14:09:02.834345
-24.0,-500.0,994.0,14:09:02.844783
-3.0,-594.0,889.0,14:09:02.854122
205.0,-588.0,1038.0,14:09:02.863543
-180.0,-376.0,1139.0,14:09:02.873992
48.0,-412.0,1000.0,14:09:02.883303
-15.0,-553.0,847.0,14:09:02.893719
84.0,-490.0,880.0,14:09:02.903136
50.0,-503.0,1075.0,14:09:02.913578
24.0,-589.0,832.0,14:09:02.922918
84.0,-624.0,790.0,14:09:02.933307
91.0,-451.0,776.0,14:09:02.942668
-33.0,-484.0,760.0,14:09:02.953131
112.0,-503.0,687.0,14:09:02.962545
-65.0,-525.0,926.0,14:09:02.975081
31.0,-412.0,1053.0,14:09:02.982176
-60.0,-302.0,664.0,14:09:02.992750
33.0,-573.0,1003.0,14:09:03.002112
134.0,-605.0,1106.0,14:09:03.012492
-61.0,-587.0,885.0,14:09:03.021897
41.0,-468.0,1039.0,14:09:03.031300
89.0,-670.0,1256.0,14:09:03.041764
22.0,-520.0,782.0,14:09:03.051074
65.0,-635.0,920.0,14:09:03.061575
3.0,-594.0,878.0,14:09:03.070771
-14.0,-509.0,1078.0,14:09:03.081360
-31.0,-626.0,1041.0,14:09:03.090638
-17.0,-566.0,725.0,14:09:03.101327
119.0,-570.0,953.0,14:09:03.110672
-128.0,-439.0,1005.0,14:09:03.120090
159.0,-419.0,861.0,14:09:03.130542
7.0,-321.0,748.0,14:09:03.139844
-134.0,-442.0,1074.0,14:09:03.150319
124.0,-553.0,996.0,14:09:03.159575
-211.0,-455.0,790.0,14:09:03.170166
38.0,-435.0,1043.0,14:09:03.179601
22.0,-524.0,1046.0,14:09:03.190164
33.0,-618.0,809.0,14:09:03.199377
75.0,-619.0,789.0,14:09:03.208859
-78.0,-458.0,762.0,14:09:03.219322
-23.0,-469.0,1124.0,14:09:03.228755
-29.0,-650.0,850.0,14:09:03.239244
3.0,-361.0,816.0,14:09:03.248672
-67.0,-449.0,1054.0,14:09:03.258001
-36.0,-620.0,1007.0,14:09:03.268486
57.0,-599.0,957.0,14:09:03.277936
-16.0,-505.0,695.0,14:09:03.288398
100.0,-600.0,880.0,14:09:03.297787
148.0,-575.0,772.0,14:09:03.308188
-172.0,-343.0,915.0,14:09:03.317554
53.0,-595.0,1110.0,14:09:03.328038
128.0,-531.0,445.0,14:09:03.337432
-147.0,-375.0,652.0,14:09:03.346767
23.0,-612.0,1362.0,14:09:03.357285
48.0,-600.0,1095.0,14:09:03.366638
101.0,-486.0,536.0,14:09:03.377137
-35.0,-519.0,854.0,14:09:03.386442
-90.0,-713.0,1248.0,14:09:03.396988
6.0,-571.0,770.0,14:09:03.406291
125.0,-458.0,724.0,14:09:03.416671
-199.0,-425.0,1083.0,14:09:03.426092
74.0,-582.0,977.0,14:09:03.436536
-113.0,-616.0,953.0,14:09:03.445913
-17.0,-448.0,868.0,14:09:03.456297
68.0,-577.0,927.0,14:09:03.465660
56.0,-624.0,885.0,14:09:03.476059
70.0,-587.0,803.0,14:09:03.485383
41.0,-484.0,894.0,14:09:03.494738
-15.0,-423.0,1080.0,14:09:03.505332
-26.0,-428.0,879.0,14:09:03.514751
80.0,-319.0,482.0,14:09:03.525213
54.0,-391.0,872.0,14:09:03.534598
67.0,-607.0,1335.0,14:09:03.544924
150.0,-538.0,1012.0,14:09:03.554281
-108.0,-409.0,827.0,14:09:03.564770
142.0,-544.0,916.0,14:09:03.574135
157.0,-603.0,844.0,14:09:03.583467
201.0,-642.0,925.0,14:09:03.594382
87.0,-457.0,769.0,14:09:03.603668
186.0,-314.0,861.0,14:09:03.614094
111.0,-347.0,800.0,14:09:03.623503
38.0,-385.0,846.0,14:09:03.632737
-6.0,-353.0,1017.0,14:09:03.643325
180.0,-296.0,912.0,14:09:03.652629
161.0,-414.0,964.0,14:09:03.663200
99.0,-631.0,1058.0,14:09:03.672519
125.0,-764.0,1109.0,14:09:03.682980
-20.0,-644.0,914.0,14:09:03.692344
161.0,-294.0,863.0,14:09:03.702829
-172.0,-548.0,1019.0,14:09:03.712325
265.0,-667.0,887.0,14:09:03.721660
159.0,-529.0,732.0,14:09:03.732116
-93.0,-429.0,805.0,14:09:03.741397
12.0,-661.0,1157.0,14:09:03.751857
-15.0,-525.0,721.0,14:09:03.761242
17.0,-535.0,976.0,14:09:03.774100
-57.0,-549.0,917.0,14:09:03.781737
-104.0,-543.0,786.0,14:09:03.791280
-68.0,-389.0,913.0,14:09:03.800551
-169.0,-563.0,1145.0,14:09:03.811166
111.0,-728.0,800.0,14:09:03.820511
-104.0,-505.0,948.0,14:09:03.830062
95.0,-438.0,1076.0,14:09:03.840490
56.0,-467.0,928.0,14:09:03.849848
53.0,-680.0,1149.0,14:09:03.860360
152.0,-478.0,566.0,14:09:03.869618
8.0,-434.0,930.0,14:09:03.880154
-193.0,-307.0,1032.0,14:09:03.889375
140.0,-451.0,814.0,14:09:03.899898
-81.0,-454.0,718.0,14:09:03.909148
23.0,-418.0,993.0,14:09:03.919612
86.0,-175.0,928.0,14:09:03.929020
8.0,-200.0,816.0,14:09:03.939437
86.0,-313.0,1110.0,14:09:03.948809
190.0,-459.0,1186.0,14:09:03.959192
136.0,-527.0,923.0,14:09:03.968520
120.0,-376.0,985.0,14:09:03.979013
47.0,-511.0,1120.0,14:09:03.988310
106.0,-619.0,957.0,14:09:03.998721
180.0,-663.0,889.0,14:09:04.008054
128.0,-585.0,729.0,14:09:04.018465
80.0,-405.0,707.0,14:09:04.027800
-47.0,-561.0,948.0,14:09:04.037164
104.0,-752.0,956.0,14:09:04.047717
13.0,-635.0,763.0,14:09:04.057149
180.0,-450.0,749.0,14:09:04.067713
-9.0,-405.0,937.0,14:09:04.077025
74.0,-534.0,998.0,14:09:04.087475
172.0,-495.0,783.0,14:09:04.096794
62.0,-411.0,930.0,14:09:04.106322
75.0,-513.0,860.0,14:09:04.116791
-41.0,-431.0,889.0,14:09:04.126085
-49.0,-330.0,1061.0,14:09:04.136605
-28.0,-441.0,951.0,14:09:04.145949
89.0,-798.0,712.0,14:09:04.156396
217.0,-512.0,1163.0,14:09:04.165726
-143.0,-383.0,1218.0,14:09:04.175450
126.0,-653.0,796.0,14:09:04.185120
140.0,-617.0,837.0,14:09:04.195518
-36.0,-577.0,1133.0,14:09:04.204938
161.0,-535.0,840.0,14:09:04.215414
104.0,-499.0,870.0,14:09:04.224766
-53.0,-442.0,871.0,14:09:04.235231
80.0,-613.0,814.0,14:09:04.244632
65.0,-529.0,859.0,14:09:04.254038
178.0,-477.0,1086.0,14:09:04.264508
96.0,-436.0,803.0,14:09:04.273973
86.0,-534.0,889.0,14:09:04.284453
160.0,-525.0,956.0,14:09:04.293792
68.0,-566.0,847.0,14:09:04.304202
31.0,-517.0,706.0,14:09:04.313585
-15.0,-531.0,837.0,14:09:04.324081
48.0,-562.0,833.0,14:09:04.333490
71.0,-398.0,839.0,14:09:04.342798
-91.0,-342.0,810.0,14:09:04.353211
-6.0,-269.0,996.0,14:09:04.362598
-28.0,-368.0,1021.0,14:09:04.372987
134.0,-717.0,979.0,14:09:04.382377
31.0,-563.0,949.0,14:09:04.392840
99.0,-594.0,1032.0,14:09:04.412529
97.0,-701.0,1014.0,14:09:04.421767
137.0,-579.0,565.0,14:09:04.432461
36.0,-476.0,797.0,14:09:04.441703
148.0,-583.0,1233.0,14:09:04.452187
64.0,-562.0,1060.0,14:09:04.461588
108.0,-478.0,612.0,14:09:04.471972
-41.0,-470.0,826.0,14:09:04.481401
11.0,-715.0,1337.0,14:09:04.491887
49.0,-622.0,1088.0,14:09:04.501380
99.0,-370.0,541.0,14:09:04.510612
-15.0,-434.0,841.0,14:09:04.520987
23.0,-535.0,956.0,14:09:04.530346
61.0,-518.0,614.0,14:09:04.540757
-164.0,-65.0,844.0,14:09:04.550215
-10.0,-382.0,1255.0,14:09:04.560779
5.0,-377.0,732.0,14:09:04.570166
28.0,-481.0,898.0,14:09:04.580596
164.0,-506.0,852.0,14:09:04.589921
47.0,-499.0,1098.0,14:09:04.599270
17.0,-392.0,1257.0,14:09:04.609645
26.0,-599.0,1021.0,14:09:04.619043
101.0,-618.0,776.0,14:09:04.629509
80.0,-443.0,1011.0,14:09:04.639038
113.0,-613.0,1093.0,14:09:04.649499
222.0,-521.0,915.0,14:09:04.658788
-29.0,-477.0,821.0,14:09:04.669352
148.0,-628.0,774.0,14:09:04.678705
42.0,-327.0,817.0,14:09:04.688031
-59.0,-478.0,919.0,14:09:04.698532
63.0,-498.0,1033.0,14:09:04.707926
-101.0,-570.0,805.0,14:09:04.718407
-152.0,-453.0,747.0,14:09:04.727776
188.0,-280.0,969.0,14:09:04.738252
-103.0,-526.0,1202.0,14:09:04.747515
132.0,-550.0,1102.0,14:09:04.756981
151.0,-554.0,727.0,14:09:04.767361
-11.0,-400.0,681.0,14:09:04.776849
138.0,-670.0,1389.0,14:09:04.787349
37.0,-812.0,1233.0,14:09:04.796653
31.0,-478.0,733.0,14:09:04.807202
78.0,-552.0,551.0,14:09:04.816504
39.0,-453.0,787.0,14:09:04.827031
88.0,-280.0,1026.0,14:09:04.836278
-18.0,-506.0,935.0,14:09:04.846758
195.0,-387.0,576.0,14:09:04.856038
152.0,-322.0,702.0,14:09:04.866473
30.0,-492.0,1153.0,14:09:04.875905
177.0,-593.0,1179.0,14:09:04.885250
0.0,-456.0,786.0,14:09:04.895809
24.0,-523.0,1249.0,14:09:04.905093
109.0,-658.0,1091.0,14:09:04.915659
90.0,-698.0,315.0,14:09:04.924969
108.0,-592.0,936.0,14:09:04.935400
-132.0,-635.0,1380.0,14:09:04.944797
136.0,-504.0,706.0,14:09:04.955237
-147.0,-410.0,536.0,14:09:04.964654
136.0,-525.0,665.0,14:09:04.976626
30.0,-538.0,859.0,14:09:04.983789
10.0,-207.0,786.0,14:09:04.994300
80.0,-218.0,968.0,14:09:05.003534
0.0,-558.0,1290.0,14:09:05.014081
165.0,-442.0,912.0,14:09:05.023429
0.0,-318.0,618.0,14:09:05.033889
103.0,-646.0,1463.0,14:09:05.043227
241.0,-669.0,1236.0,14:09:05.053687
185.0,-600.0,762.0,14:09:05.063059
-54.0,-730.0,1043.0,14:09:05.073582
237.0,-808.0,870.0,14:09:05.082907
15.0,-636.0,742.0,14:09:05.093324
145.0,-463.0,876.0,14:09:05.102722
-82.0,-672.0,974.0,14:09:05.112001
28.0,-571.0,881.0,14:09:05.122521
64.0,-222.0,652.0,14:09:05.131889
-8.0,-405.0,878.0,14:09:05.142342
55.0,-521.0,928.0,14:09:05.151694
63.0,-517.0,915.0,14:09:05.162171
-42.0,-345.0,1225.0,14:09:05.171524
50.0,-331.0,1057.0,14:09:05.182037
17.0,-314.0,562.0,14:09:05.191348
130.0,-671.0,1321.0,14:09:05.200771
154.0,-790.0,963.0,14:09:05.211260
-68.0,-491.0,785.0,14:09:05.220577
-3.0,-479.0,1000.0,14:09:05.230961
-22.0,-641.0,625.0,14:09:05.240370
225.0,-775.0,855.0,14:09:05.250770
30.0,-397.0,792.0,14:09:05.260181
-100.0,-403.0,991.0,14:09:05.270615
-44.0,-447.0,845.0,14:09:05.280015
-20.0,-467.0,1102.0,14:09:05.290515
48.0,-539.0,937.0,14:09:05.299936
95.0,-622.0,674.0,14:09:05.309275
-103.0,-535.0,1128.0,14:09:05.319751
58.0,-426.0,1119.0,14:09:05.329084
45.0,-736.0,767.0,14:09:05.339479
13.0,-774.0,813.0,14:09:05.348923
-2.0,-534.0,829.0,14:09:05.359359
100.0,-606.0,934.0,14:09:05.368610
28.0,-330.0,694.0,14:09:05.380492
-33.0,-621.0,1108.0,14:09:05.388761
79.0,-608.0,968.0,14:09:05.398044
-48.0,-439.0,690.0,14:09:05.408498
-35.0,-526.0,1121.0,14:09:05.428236
-12.0,-462.0,724.0,14:09:05.437579
-68.0,-263.0,931.0,14:09:05.448102
-154.0,-451.0,1322.0,14:09:05.457465
37.0,-517.0,802.0,14:09:05.467996
12.0,-629.0,793.0,14:09:05.477308
37.0,-557.0,1161.0,14:09:05.487782
-54.0,-425.0,923.0,14:09:05.497167
195.0,-417.0,617.0,14:09:05.506528
65.0,-510.0,1252.0,14:09:05.517075
-114.0,-604.0,1121.0,14:09:05.526436
118.0,-585.0,236.0,14:09:05.537089
-46.0,-550.0,788.0,14:09:05.546388
-102.0,-386.0,1277.0,14:09:05.555808
80.0,-379.0,749.0,14:09:05.566441
67.0,-337.0,614.0,14:09:05.575847
-17.0,-514.0,918.0,14:09:05.586418
48.0,-386.0,1034.0,14:09:05.595770
224.0,-561.0,1032.0,14:09:05.605269
-81.0,-491.0,1022.0,14:09:05.615705
136.0,-513.0,913.0,14:09:05.625000
47.0,-807.0,953.0,14:09:05.635483
121.0,-662.0,856.0,14:09:05.644703
7.0,-505.0,947.0,14:09:05.655171
-121.0,-226.0,680.0,14:09:05.664550
94.0,-500.0,856.0,14:09:05.675051
76.0,-512.0,817.0,14:09:05.684348
232.0,-428.0,974.0,14:09:05.694749
-45.0,-422.0,871.0,14:09:05.704078
139.0,-440.0,974.0,14:09:05.714610
106.0,-591.0,1106.0,14:09:05.723910
236.0,-681.0,888.0,14:09:05.734300
295.0,-522.0,719.0,14:09:05.743761
129.0,-448.0,1054.0,14:09:05.753108
111.0,-347.0,911.0,14:09:05.763670
-36.0,-373.0,851.0,14:09:05.773025
75.0,-526.0,701.0,14:09:05.783600
106.0,-479.0,779.0,14:09:05.792871
49.0,-571.0,1249.0,14:09:05.803287
-22.0,-519.0,920.0,14:09:05.812623
34.0,-569.0,541.0,14:09:05.823035
-16.0,-575.0,1197.0,14:09:05.832503
33.0,-531.0,1338.0,14:09:05.841759
-20.0,-376.0,567.0,14:09:05.852236
82.0,-640.0,947.0,14:09:05.861535
-92.0,-558.0,966.0,14:09:05.871989
-72.0,-656.0,765.0,14:09:05.881359
60.0,-556.0,773.0,14:09:05.891845
-44.0,-440.0,969.0,14:09:05.901237
-50.0,-348.0,842.0,14:09:05.911807
38.0,-696.0,909.0,14:09:05.921272
172.0,-653.0,986.0,14:09:05.930524
123.0,-457.0,811.0,14:09:05.941003
-41.0,-451.0,794.0,14:09:05.950261
46.0,-572.0,1180.0,14:09:05.960791
-14.0,-537.0,941.0,14:09:05.970247
43.0,-399.0,347.0,14:09:05.980651
-87.0,-360.0,1145.0,14:09:05.990168
10.0,-370.0,1260.0,14:09:06.000599
-7.0,-530.0,804.0,14:09:06.009934
196.0,-456.0,839.0,14:09:06.020408
-101.0,-600.0,1235.0,14:09:06.029750
123.0,-599.0,1149.0,14:09:06.039073
88.0,-316.0,606.0,14:09:06.049635
-2.0,-494.0,1232.0,14:09:06.059093
124.0,-524.0,911.0,14:09:06.069628
-56.0,-386.0,824.0,14:09:06.079089
5.0,-425.0,1002.0,14:09:06.088376
-49.0,-613.0,930.0,14:09:06.098975
32.0,-442.0,733.0,14:09:06.108268
142.0,-566.0,887.0,14:09:06.118705
-59.0,-524.0,977.0,14:09:06.128063
157.0,-436.0,938.0,14:09:06.138484
45.0,-456.0,804.0,14:09:06.147873
93.0,-618.0,872.0,14:09:06.158388
1.0,-404.0,609.0,14:09:06.167853
70.0,-532.0,903.0,14:09:06.179181
-30.0,-627.0,1088.0,14:09:06.187107
-5.0,-579.0,1099.0,14:09:06.197702
95.0,-543.0,783.0,14:09:06.207048
-62.0,-435.0,1101.0,14:09:06.217452
60.0,-551.0,921.0,14:09:06.236985
221.0,-539.0,938.0,14:09:06.246376
68.0,-808.0,1204.0,14:09:06.256886
166.0,-462.0,447.0,14:09:06.266276
96.0,-313.0,601.0,14:09:06.276775
208.0,-520.0,1209.0,14:09:06.286077
107.0,-546.0,1101.0,14:09:06.295390
196.0,-332.0,495.0,14:09:06.305843
-39.0,-143.0,722.0,14:09:06.315188
-9.0,-645.0,1540.0,14:09:06.325592
-17.0,-611.0,1048.0,14:09:06.334940
140.0,-503.0,648.0,14:09:06.345393
60.0,-284.0,604.0,14:09:06.354755
47.0,-675.0,1052.0,14:09:06.365192
107.0,-683.0,1349.0,14:09:06.374396
-51.0,-471.0,758.0,14:09:06.384981
-32.0,-421.0,335.0,14:09:06.394271
117.0,-541.0,1066.0,14:09:06.404733
-16.0,-751.0,1262.0,14:09:06.414038
-30.0,-459.0,450.0,14:09:06.424679
79.0,-433.0,812.0,14:09:06.433969
81.0,-537.0,1342.0,14:09:06.444398
90.0,-568.0,863.0,14:09:06.453830
72.0,-591.0,509.0,14:09:06.463063
-67.0,-353.0,1017.0,14:09:06.473691
-196.0,-482.0,1262.0,14:09:06.482988
93.0,-557.0,754.0,14:09:06.493586
120.0,-511.0,691.0,14:09:06.502908
145.0,-559.0,1066.0,14:09:06.513414
-55.0,-603.0,1083.0,14:09:06.522861
104.0,-392.0,918.0,14:09:06.532303
7.0,-505.0,898.0,14:09:06.542861
140.0,-519.0,686.0,14:09:06.552187
151.0,-500.0,637.0,14:09:06.562694
-106.0,-590.0,1206.0,14:09:06.579679
-26.0,-420.0,981.0,14:09:06.583651
-12.0,-248.0,589.0,14:09:06.591793
-162.0,-295.0,878.0,14:09:06.601217
151.0,-722.0,1130.0,14:09:06.611717
22.0,-570.0,613.0,14:09:06.621096
-2.0,-451.0,1050.0,14:09:06.631547
34.0,-514.0,1278.0,14:09:06.640986
53.0,-545.0,699.0,14:09:06.651362
107.0,-487.0,698.0,14:09:06.660692
-134.0,-628.0,1205.0,14:09:06.670102
39.0,-700.0,1152.0,14:09:06.680555
96.0,-590.0,713.0,14:09:06.689862
24.0,-449.0,906.0,14:09:06.700237
44.0,-436.0,1199.0,14:09:06.709661
-169.0,-336.0,657.0,14:09:06.720135
139.0,-352.0,562.0,14:09:06.729446
-121.0,-391.0,989.0,14:09:06.739889
116.0,-593.0,1226.0,14:09:06.749207
30.0,-435.0,984.0,14:09:06.759612
116.0,-474.0,903.0,14:09:06.768940
-21.0,-471.0,768.0,14:09:06.779439
61.0,-579.0,1072.0,14:09:06.788730
53.0,-819.0,1211.0,14:09:06.799171
98.0,-484.0,590.0,14:09:06.808486
-14.0,-549.0,1161.0,14:09:06.819010
103.0,-493.0,863.0,14:09:06.828393
-33.0,-593.0,669.0,14:09:06.838987
-36.0,-456.0,638.0,14:09:06.848340
18.0,-592.0,978.0,14:09:06.857608
-18.0,-519.0,1047.0,14:09:06.868167
56.0,-462.0,862.0,14:09:06.877471
-103.0,-391.0,864.0,14:09:06.888071
-68.0,-605.0,1108.0,14:09:06.907525
-186.0,-475.0,1086.0,14:09:06.916970
70.0,-396.0,927.0,14:09:06.927390
-87.0,-470.0,682.0,14:09:06.936791
84.0,-521.0,767.0,14:09:06.947212
-26.0,-438.0,909.0,14:09:06.956533
-75.0,-338.0,1011.0,14:09:06.967046
-87.0,-363.0,1025.0,14:09:06.976321
-27.0,-630.0,1264.0,14:09:06.985829
213.0,-510.0,592.0,14:09:06.996368
0.0,-550.0,957.0,14:09:07.005869
77.0,-801.0,1381.0,14:09:07.016324
228.0,-666.0,843.0,14:09:07.025769
79.0,-369.0,707.0,14:09:07.035027
133.0,-415.0,887.0,14:09:07.045456
107.0,-342.0,743.0,14:09:07.054812
-23.0,-443.0,1001.0,14:09:07.065236
109.0,-415.0,675.0,14:09:07.074638
-196.0,-327.0,621.0,14:09:07.085072
43.0,-480.0,899.0,14:09:07.094523
100.0,-573.0,1273.0,14:09:07.104985
160.0,-572.0,1179.0,14:09:07.114345
187.0,-355.0,592.0,14:09:07.124785
0.0,-377.0,943.0,14:09:07.134159
97.0,-490.0,1104.0,14:09:07.143557
160.0,-344.0,930.0,14:09:07.153964
189.0,-421.0,1015.0,14:09:07.163398
51.0,-540.0,1033.0,14:09:07.173808
102.0,-503.0,780.0,14:09:07.183152
56.0,-540.0,1008.0,14:09:07.193670
-46.0,-475.0,688.0,14:09:07.203029
118.0,-450.0,1050.0,14:09:07.213588
28.0,-448.0,1252.0,14:09:07.222907
125.0,-584.0,945.0,14:09:07.233384
256.0,-579.0,452.0,14:09:07.242673
121.0,-541.0,853.0,14:09:07.252046
244.0,-481.0,982.0,14:09:07.262500
38.0,-418.0,1070.0,14:09:07.271846
-53.0,-414.0,819.0,14:09:07.282216
-79.0,-546.0,661.0,14:09:07.291514
47.0,-399.0,862.0,14:09:07.302010
25.0,-595.0,1086.0,14:09:07.311327
113.0,-520.0,859.0,14:09:07.321811
-86.0,-346.0,839.0,14:09:07.331132
-7.0,-743.0,1128.0,14:09:07.341656
85.0,-746.0,978.0,14:09:07.350919
51.0,-452.0,645.0,14:09:07.361345
-83.0,-498.0,985.0,14:09:07.370635
-24.0,-614.0,940.0,14:09:07.382670
2.0,-506.0,1054.0,14:09:07.390930
32.0,-402.0,1036.0,14:09:07.400319
-5.0,-556.0,859.0,14:09:07.410765
-48.0,-503.0,757.0,14:09:07.420231
113.0,-715.0,1381.0,14:09:07.429548
55.0,-643.0,951.0,14:09:07.440127
-98.0,-445.0,645.0,14:09:07.449543
29.0,-402.0,1011.0,14:09:07.460135
-80.0,-642.0,1052.0,14:09:07.469405
135.0,-719.0,661.0,14:09:07.478999
-29.0,-466.0,675.0,14:09:07.489392
-87.0,-454.0,1017.0,14:09:07.498761
-18.0,-594.0,905.0,14:09:07.509159
-75.0,-436.0,810.0,14:09:07.518477
29.0,-385.0,921.0,14:09:07.529038
17.0,-533.0,905.0,14:09:07.538307
25.0,-425.0,732.0,14:09:07.548817
34.0,-488.0,674.0,14:09:07.558114
-21.0,-592.0,1520.0,14:09:07.568597
121.0,-421.0,1076.0,14:09:07.577960
-141.0,-373.0,573.0,14:09:07.587390
151.0,-516.0,1124.0,14:09:07.597948
47.0,-720.0,1503.0,14:09:07.607315
-17.0,-388.0,927.0,14:09:07.617803
270.0,-429.0,567.0,14:09:07.627068
-183.0,-712.0,1256.0,14:09:07.637611
168.0,-626.0,831.0,14:09:07.647051
46.0,-454.0,559.0,14:09:07.656400
74.0,-533.0,1109.0,14:09:07.666924
168.0,-550.0,975.0,14:09:07.676267
-130.0,-387.0,637.0,14:09:07.686662
174.0,-313.0,827.0,14:09:07.696001
164.0,-668.0,1353.0,14:09:07.706491
186.0,-733.0,816.0,14:09:07.715805
81.0,-415.0,763.0,14:09:07.726275
-7.0,-515.0,1056.0,14:09:07.735514
17.0,-711.0,966.0,14:09:07.745983
-90.0,-425.0,676.0,14:09:07.755291
-14.0,-401.0,708.0,14:09:07.765878
54.0,-388.0,751.0,14:09:07.782210
-108.0,-400.0,912.0,14:09:07.784712
39.0,-524.0,996.0,14:09:07.794470
25.0,-499.0,905.0,14:09:07.804917
15.0,-569.0,1072.0,14:09:07.814192
174.0,-754.0,1308.0,14:09:07.824754
142.0,-822.0,844.0,14:09:07.834029
146.0,-500.0,635.0,14:09:07.844713
-45.0,-458.0,1062.0,14:09:07.854010
-106.0,-564.0,835.0,14:09:07.863467
115.0,-373.0,380.0,14:09:07.873917
-62.0,-241.0,775.0,14:09:07.883215
-81.0,-635.0,1345.0,14:09:07.893673
94.0,-511.0,681.0,14:09:07.902993
138.0,-314.0,594.0,14:09:07.913672
-112.0,-506.0,1525.0,14:09:07.923016
-7.0,-720.0,1192.0,14:09:07.932552
196.0,-531.0,478.0,14:09:07.942963
71.0,-422.0,1000.0,14:09:07.952450
18.0,-726.0,1225.0,14:09:07.962860
90.0,-584.0,775.0,14:09:07.972273
-67.0,-266.0,538.0,14:09:07.982664
44.0,-467.0,954.0,14:09:07.991959
133.0,-426.0,987.0,14:09:08.002534
-65.0,-457.0,934.0,14:09:08.011864
133.0,-364.0,820.0,14:09:08.021299
36.0,-715.0,1099.0,14:09:08.031752
207.0,-743.0,1050.0,14:09:08.041270
133.0,-354.0,592.0,14:09:08.051674
-79.0,-517.0,984.0,14:09:08.060954
-11.0,-546.0,1113.0,14:09:08.071464
-57.0,-517.0,743.0,14:09:08.080772
26.0,-367.0,505.0,14:09:08.091328
-18.0,-345.0,791.0,14:09:08.100610
-50.0,-586.0,1301.0,14:09:08.110156
123.0,-370.0,941.0,14:09:08.120586
-42.0,-624.0,962.0,14:09:08.129914
308.0,-592.0,965.0,14:09:08.140373
28.0,-537.0,872.0,14:09:08.149712
128.0,-728.0,1057.0,14:09:08.160244
106.0,-639.0,970.0,14:09:08.169515
-73.0,-445.0,1038.0,14:09:08.179974
152.0,-532.0,919.0,14:09:08.189268
-29.0,-522.0,772.0,14:09:08.199724
5.0,-482.0,900.0,14:09:08.209050
-142.0,-301.0,764.0,14:09:08.218436
-2.0,-425.0,571.0,14:09:08.228928
67.0,-618.0,1372.0,14:09:08.238250
-40.0,-625.0,1176.0,14:09:08.248721
8.0,-571.0,667.0,14:09:08.258128
165.0,-488.0,790.0,14:09:08.268546
-44.0,-456.0,1262.0,14:09:08.277972
-72.0,-509.0,931.0,14:09:08.288474
-31.0,-540.0,582.0,14:09:08.297809
69.0,-414.0,894.0,14:09:08.308313
-141.0,-315.0,886.0,14:09:08.317616
-102.0,-592.0,755.0,14:09:08.327176
178.0,-519.0,1037.0,14:09:08.337742
-100.0,-468.0,1041.0,14:09:08.347034
123.0,-431.0,921.0,14:09:08.357477
35.0,-764.0,1215.0,14:09:08.366881
16.0,-685.0,803.0,14:09:08.377306
83.0,-614.0,859.0,14:09:08.386572
-24.0,-634.0,1062.0,14:09:08.395989
-105.0,-361.0,954.0,14:09:08.406521
-15.0,-321.0,691.0,14:09:08.415947
1.0,-434.0,650.0,14:09:08.426372
-13.0,-494.0,775.0,14:09:08.435932
-116.0,-495.0,1269.0,14:09:08.446341
69.0,-460.0,968.0,14:09:08.455761
230.0,-463.0,763.0,14:09:08.465005
102.0,-550.0,840.0,14:09:08.475576
40.0,-729.0,1153.0,14:09:08.484868
-94.0,-439.0,1041.0,14:09:08.495287
71.0,-221.0,732.0,14:09:08.504711
43.0,-319.0,632.0,14:09:08.515227
-209.0,-431.0,1115.0,14:09:08.524692
171.0,-520.0,770.0,14:09:08.535085
-89.0,-490.0,1225.0,14:09:08.553682
-41.0,-497.0,1089.0,14:09:08.564178
34.0,-538.0,752.0,14:09:08.573666
60.0,-613.0,1056.0,14:09:08.585505
124.0,-876.0,1122.0,14:09:08.594042
247.0,-653.0,971.0,14:09:08.603310
-48.0,-584.0,643.0,14:09:08.613818
166.0,-858.0,841.0,14:09:08.623170
-7.0,-506.0,858.0,14:09:08.632691
-73.0,-335.0,815.0,14:09:08.643191
74.0,-428.0,757.0,14:09:08.652480
6.0,-319.0,550.0,14:09:08.663059
-3.0,-396.0,827.0,14:09:08.672412
-104.0,-434.0,823.0,14:09:08.682878
82.0,-762.0,1355.0,14:09:08.692174
232.0,-495.0,795.0,14:09:08.702711
-36.0,-748.0,924.0,14:09:08.711983
27.0,-475.0,975.0,14:09:08.722458
-12.0,-480.0,937.0,14:09:08.731736
-149.0,-256.0,1008.0,14:09:08.742180
-42.0,-239.0,1084.0,14:09:08.751475
-88.0,-663.0,741.0,14:09:08.761884
226.0,-700.0,928.0,14:09:08.771491
-80.0,-670.0,1431.0,14:09:08.780832
74.0,-614.0,869.0,14:09:08.790484
112.0,-550.0,755.0,14:09:08.800923
7.0,-750.0,1097.0,14:09:08.810274
307.0,-769.0,848.0,14:09:08.820781
133.0,-309.0,581.0,14:09:08.830106
-46.0,33.0,600.0,14:09:08.840542
73.0,-368.0,954.0,14:09:08.849868
-31.0,-609.0,957.0,14:09:08.860369
121.0,-307.0,607.0,14:09:08.869654
32.0,-205.0,1036.0,14:09:08.880299
-46.0,-563.0,1335.0,14:09:08.889572
233.0,-722.0,1236.0,14:09:08.898998
-104.0,-323.0,765.0,14:09:08.909406
132.0,-483.0,686.0,14:09:08.918740
234.0,-462.0,1080.0,14:09:08.929204
-31.0,-392.0,832.0,14:09:08.938498
83.0,-780.0,1005.0,14:09:08.949064
-95.0,-443.0,610.0,14:09:08.958426
167.0,-339.0,941.0,14:09:08.969140
156.0,-578.0,1357.0,14:09:08.981217
132.0,-601.0,1081.0,14:09:08.989296
390.0,-555.0,764.0,14:09:08.997732
-42.0,-342.0,766.0,14:09:09.008136
80.0,-430.0,1128.0,14:09:09.017474
10.0,-381.0,1254.0,14:09:09.028021
263.0,-525.0,629.0,14:09:09.037316
113.0,-531.0,631.0,14:09:09.047797
38.0,-296.0,1110.0,14:09:09.057042
10.0,-402.0,1199.0,14:09:09.067597
96.0,-457.0,968.0,14:09:09.077020
62.0,-487.0,633.0,14:09:09.086428
138.0,-430.0,870.0,14:09:09.096878
-13.0,-675.0,1159.0,14:09:09.106303
100.0,-684.0,1009.0,14:09:09.116722
60.0,-453.0,585.0,14:09:09.125964
-54.0,-315.0,737.0,14:09:09.136501
176.0,-444.0,1171.0,14:09:09.145838
-15.0,-560.0,1075.0,14:09:09.156322
-73.0,-361.0,961.0,14:09:09.165555
168.0,-536.0,823.0,14:09:09.176030
79.0,-759.0,950.0,14:09:09.185352
313.0,-473.0,821.0,14:09:09.194707
-117.0,-520.0,1003.0,14:09:09.205119
21.0,-688.0,1014.0,14:09:09.214454
173.0,-589.0,488.0,14:09:09.224902
-99.0,-282.0,591.0,14:09:09.234139
65.0,-460.0,1140.0,14:09:09.244732
-61.0,-358.0,831.0,14:09:09.253966
14.0,-383.0,903.0,14:09:09.264421
24.0,-241.0,757.0,14:09:09.273689
40.0,-623.0,1075.0,14:09:09.284284
148.0,-546.0,1083.0,14:09:09.293556
26.0,-467.0,841.0,14:09:09.304005
106.0,-663.0,1103.0,14:09:09.313346
28.0,-763.0,1172.0,14:09:09.323820
171.0,-713.0,688.0,14:09:09.333196
168.0,-513.0,814.0,14:09:09.343665
-212.0,-577.0,1091.0,14:09:09.353095
-112.0,-494.0,729.0,14:09:09.372743
38.0,-496.0,784.0,14:09:09.383155
96.0,-434.0,1043.0,14:09:09.392463
52.0,-634.0,1179.0,14:09:09.401788
-29.0,-650.0,902.0,14:09:09.412314
215.0,-583.0,594.0,14:09:09.421686
87.0,-450.0,862.0,14:09:09.432071
67.0,-381.0,1044.0,14:09:09.441441
-155.0,-382.0,697.0,14:09:09.451833
-71.0,-216.0,855.0,14:09:09.461306
173.0,-385.0,883.0,14:09:09.471716
0.0,-565.0,819.0,14:09:09.481263
126.0,-437.0,893.0,14:09:09.490583
-119.0,-601.0,1025.0,14:09:09.501034
155.0,-718.0,786.0,14:09:09.510390
58.0,-511.0,1004.0,14:09:09.520781
-15.0,-567.0,926.0,14:09:09.530222
149.0,-517.0,869.0,14:09:09.540756
128.0,-492.0,923.0,14:09:09.550175
-44.0,-528.0,846.0,14:09:09.560655
103.0,-686.0,958.0,14:09:09.570144
23.0,-660.0,900.0,14:09:09.579416
74.0,-618.0,816.0,14:09:09.589771
-109.0,-855.0,1238.0,14:09:09.599194
125.0,-540.0,597.0,14:09:09.609648
-177.0,-556.0,1129.0,14:09:09.618992
-15.0,-422.0,999.0,14:09:09.629356
-88.0,-447.0,699.0,14:09:09.638756
-77.0,-415.0,979.0,14:09:09.649137
68.0,-488.0,933.0,14:09:09.658447
-17.0,-377.0,734.0,14:09:09.669187
-27.0,-442.0,820.0,14:09:09.678508
-17.0,-225.0,601.0,14:09:09.687909
-26.0,-277.0,765.0,14:09:09.698299
16.0,-273.0,1219.0,14:09:09.707775
44.0,-477.0,1214.0,14:09:09.718168
-71.0,-577.0,1211.0,14:09:09.737813
53.0,-691.0,1068.0,14:09:09.747148
98.0,-860.0,1050.0,14:09:09.757751
182.0,-470.0,1030.0,14:09:09.766985
-13.0,-368.0,916.0,14:09:09.777525
-28.0,-639.0,937.0,14:09:09.787994
16.0,-557.0,747.0,14:09:09.796334
3.0,-321.0,690.0,14:09:09.807040
162.0,-319.0,708.0,14:09:09.816288
-2.0,-609.0,918.0,14:09:09.826925
108.0,-670.0,1054.0,14:09:09.836279
33.0,-282.0,893.0,14:09:09.845569
138.0,-357.0,742.0,14:09:09.855999
46.0,-639.0,1176.0,14:09:09.865374
158.0,-468.0,1052.0,14:09:09.875870
31.0,-328.0,557.0,14:09:09.885193
39.0,-241.0,550.0,14:09:09.895899
-37.0,-226.0,627.0,14:09:09.905203
-62.0,-415.0,1088.0,14:09:09.914716
18.0,-450.0,784.0,14:09:09.925153
-201.0,-390.0,898.0,14:09:09.934658
39.0,-537.0,1450.0,14:09:09.945079
257.0,-825.0,1168.0,14:09:09.954360
86.0,-754.0,466.0,14:09:09.964920
39.0,-511.0,1212.0,14:09:09.974215
-71.0,-476.0,1354.0,14:09:09.983713
129.0,-539.0,1106.0,14:09:09.994195
10.0,-393.0,582.0,14:09:10.003655
-213.0,-445.0,454.0,14:09:10.014027
29.0,-417.0,653.0,14:09:10.023360
-108.0,-769.0,1611.0,14:09:10.033781
162.0,-699.0,859.0,14:09:10.043095
89.0,-479.0,573.0,14:09:10.053626
10.0,-356.0,952.0,14:09:10.062872
57.0,-764.0,1106.0,14:09:10.073425
-62.0,-708.0,787.0,14:09:10.082661
87.0,-323.0,1037.0,14:09:10.093154
24.0,-295.0,933.0,14:09:10.102443
-2.0,-284.0,938.0,14:09:10.112819
165.0,-606.0,844.0,14:09:10.122199
-126.0,-455.0,703.0,14:09:10.132580
-48.0,-511.0,1127.0,14:09:10.141963
-72.0,-616.0,1120.0,14:09:10.151320
61.0,-584.0,874.0,14:09:10.161773
-22.0,-399.0,366.0,14:09:10.172161
-12.0,-639.0,1047.0,14:09:10.189301
-110.0,-466.0,1778.0,14:09:10.190817
33.0,-477.0,652.0,14:09:10.200817
-8.0,-382.0,551.0,14:09:10.211336
223.0,-460.0,1299.0,14:09:10.220610
-42.0,-440.0,1022.0,14:09:10.231101
15.0,-270.0,700.0,14:09:10.240381
-175.0,-456.0,1183.0,14:09:10.250781
253.0,-737.0,1175.0,14:09:10.260184
202.0,-508.0,373.0,14:09:10.270654
74.0,-512.0,558.0,14:09:10.280174
296.0,-682.0,1338.0,14:09:10.289469
106.0,-532.0,1054.0,14:09:10.299896
89.0,-415.0,558.0,14:09:10.309171
5.0,-461.0,758.0,14:09:10.319570
208.0,-725.0,1000.0,14:09:10.329036
-15.0,-363.0,1018.0,14:09:10.339426
26.0,-340.0,442.0,14:09:10.348790
-6.0,-494.0,984.0,14:09:10.359201
-141.0,-529.0,1386.0,14:09:10.368578
-56.0,-449.0,548.0,14:09:10.379081
58.0,-217.0,491.0,14:09:10.388380
-127.0,-721.0,1689.0,14:09:10.398916
14.0,-863.0,1262.0,14:09:10.408329
128.0,-541.0,354.0,14:09:10.417618
-186.0,-351.0,719.0,14:09:10.428128
136.0,-501.0,1281.0,14:09:10.437516
-101.0,-248.0,1100.0,14:09:10.448168
-130.0,-364.0,869.0,14:09:10.457552
118.0,-443.0,881.0,14:09:10.466966
-9.0,-527.0,708.0,14:09:10.477437
39.0,-560.0,1160.0,14:09:10.486713
-7.0,-710.0,1260.0,14:09:10.497110
194.0,-630.0,772.0,14:09:10.506551
38.0,-278.0,884.0,14:09:10.516956
132.0,-581.0,1073.0,14:09:10.526273
73.0,-648.0,1169.0,14:09:10.536727
-23.0,-486.0,475.0,14:09:10.546026
126.0,-720.0,852.0,14:09:10.556499
43.0,-442.0,1113.0,14:09:10.565876
-40.0,-451.0,852.0,14:09:10.576289
33.0,-482.0,672.0,14:09:10.585754
-107.0,-588.0,1086.0,14:09:10.595137
4.0,-440.0,1152.0,14:09:10.605568
232.0,-573.0,685.0,14:09:10.615002
105.0,-759.0,1240.0,14:09:10.625421
101.0,-261.0,909.0,14:09:10.634766
-83.0,-580.0,1121.0,14:09:10.645244
-55.0,-536.0,726.0,14:09:10.654618
66.0,-635.0,645.0,14:09:10.665141
-18.0,-372.0,747.0,14:09:10.674432
-40.0,-358.0,812.0,14:09:10.684920
-235.0,-420.0,1187.0,14:09:10.694225
44.0,-502.0,719.0,14:09:10.713841
147.0,-400.0,669.0,14:09:10.724381
223.0,-615.0,1280.0,14:09:10.733643
-85.0,-570.0,1006.0,14:09:10.743027
123.0,-426.0,739.0,14:09:10.753630
63.0,-558.0,930.0,14:09:10.762958
109.0,-524.0,514.0,14:09:10.773431
112.0,-474.0,1214.0,14:09:10.782708
-138.0,-590.0,1033.0,14:09:10.793202
144.0,-504.0,548.0,14:09:10.802456
28.0,-687.0,1341.0,14:09:10.822082
156.0,-601.0,637.0,14:09:10.832618
-52.0,-406.0,415.0,14:09:10.841873
167.0,-583.0,1260.0,14:09:10.852434
-111.0,-610.0,1093.0,14:09:10.861717
79.0,-565.0,621.0,14:09:10.872195
-58.0,-294.0,799.0,14:09:10.881493
-101.0,-474.0,843.0,14:09:10.891979
-131.0,-401.0,846.0,14:09:10.901438
-179.0,-460.0,1339.0,14:09:10.910773
-83.0,-596.0,1180.0,14:09:10.921329
51.0,-488.0,399.0,14:09:10.930631
-50.0,-628.0,817.0,14:09:10.941215
33.0,-610.0,1616.0,14:09:10.950560
-127.0,-575.0,788.0,14:09:10.960993
-24.0,-376.0,409.0,14:09:10.970259
123.0,-349.0,990.0,14:09:10.980731
-45.0,-508.0,1268.0,14:09:10.993478
-63.0,-267.0,771.0,14:09:11.000216
-45.0,-241.0,527.0,14:09:11.009456
-4.0,-388.0,1135.0,14:09:11.020110
105.0,-673.0,1356.0,14:09:11.029456
22.0,-394.0,837.0,14:09:11.039866
130.0,-522.0,820.0,14:09:11.049232
100.0,-494.0,999.0,14:09:11.058602
94.0,-662.0,995.0,14:09:11.069082
62.0,-670.0,1042.0,14:09:11.078404
90.0,-388.0,792.0,14:09:11.088935
-124.0,-356.0,982.0,14:09:11.098272
-4.0,-592.0,827.0,14:09:11.108705
94.0,-640.0,808.0,14:09:11.118024
-10.0,-548.0,769.0,14:09:11.128629
76.0,-504.0,1057.0,14:09:11.137965
-55.0,-370.0,937.0,14:09:11.148404
-30.0,-408.0,723.0,14:09:11.157830
161.0,-582.0,1028.0,14:09:11.167188
144.0,-381.0,1004.0,14:09:11.177760
101.0,-319.0,850.0,14:09:11.187166
-28.0,-449.0,944.0,14:09:11.197701
-56.0,-406.0,1093.0,14:09:11.207061
35.0,-315.0,918.0,14:09:11.216426
78.0,-528.0,858.0,14:09:11.227002
64.0,-570.0,991.0,14:09:11.236344
137.0,-469.0,801.0,14:09:11.246781
153.0,-506.0,821.0,14:09:11.256083
226.0,-361.0,774.0,14:09:11.266449
-7.0,-411.0,1310.0,14:09:11.276035
-125.0,-593.0,1083.0,14:09:11.285398
52.0,-583.0,730.0,14:09:11.295964
65.0,-404.0,1129.0,14:09:11.305259
164.0,-553.0,1059.0,14:09:11.315818
248.0,-686.0,401.0,14:09:11.325102
124.0,-595.0,1164.0,14:09:11.335571
84.0,-515.0,1463.0,14:09:11.344902
19.0,-199.0,300.0,14:09:11.355308
56.0,-470.0,673.0,14:09:11.364728
43.0,-693.0,1346.0,14:09:11.375111
172.0,-599.0,850.0,14:09:11.391645
-2.0,-388.0,743.0,14:09:11.395422
13.0,-470.0,913.0,14:09:11.404760
53.0,-646.0,889.0,14:09:11.414195
168.0,-324.0,625.0,14:09:11.423556
20.0,-251.0,937.0,14:09:11.434032
-84.0,-427.0,1238.0,14:09:11.443334
-56.0,-476.0,919.0,14:09:11.453720
-16.0,-512.0,665.0,14:09:11.463065
20.0,-532.0,1132.0,14:09:11.473597
103.0,-616.0,1378.0,14:09:11.482896
-17.0,-308.0,550.0,14:09:11.493299
-40.0,-373.0,1061.0,14:09:11.502718
31.0,-517.0,976.0,14:09:11.513098
120.0,-781.0,869.0,14:09:11.522483
122.0,-305.0,545.0,14:09:11.532882
-62.0,-490.0,1357.0,14:09:11.542180
0.0,-595.0,1130.0,14:09:11.552635
82.0,-544.0,958.0,14:09:11.561905
61.0,-461.0,988.0,14:09:11.571361
371.0,-374.0,543.0,14:09:11.581768
22.0,-508.0,960.0,14:09:11.591074
-26.0,-506.0,1224.0,14:09:11.601446
132.0,-456.0,717.0,14:09:11.610827
6.0,-468.0,482.0,14:09:11.621314
79.0,-404.0,827.0,14:09:11.630577
80.0,-686.0,1272.0,14:09:11.641006
82.0,-693.0,1060.0,14:09:11.650293
47.0,-446.0,800.0,14:09:11.660834
-164.0,-268.0,702.0,14:09:11.670227
115.0,-324.0,928.0,14:09:11.680807
8.0,-615.0,1377.0,14:09:11.690128
25.0,-579.0,1335.0,14:09:11.699533
24.0,-377.0,644.0,14:09:11.709944
-29.0,-537.0,602.0,14:09:11.719293
180.0,-873.0,1220.0,14:09:11.729853
228.0,-495.0,1085.0,14:09:11.739178
-52.0,-400.0,943.0,14:09:11.749611
-51.0,-339.0,987.0,14:09:11.759053
-63.0,-556.0,1013.0,14:09:11.769472
232.0,-511.0,611.0,14:09:11.778767
-9.0,-285.0,591.0,14:09:11.789291
98.0,-455.0,1038.0,14:09:11.798590
-36.0,-561.0,1063.0,14:09:11.809072
-119.0,-461.0,1015.0,14:09:11.818525
227.0,-466.0,554.0,14:09:11.827946
164.0,-284.0,717.0,14:09:11.838397
88.0,-439.0,1444.0,14:09:11.847806
76.0,-615.0,871.0,14:09:11.858253
93.0,-570.0,457.0,14:09:11.867547
-16.0,-437.0,1163.0,14:09:11.878051
23.0,-725.0,1017.0,14:09:11.887362
-11.0,-824.0,853.0,14:09:11.897905
2.0,-600.0,932.0,14:09:11.907183
14.0,-606.0,757.0,14:09:11.917614
21.0,-446.0,1048.0,14:09:11.927030
-139.0,-492.0,1110.0,14:09:11.936371
4.0,-663.0,1100.0,14:09:11.947024
-146.0,-310.0,1179.0,14:09:11.956299
85.0,-488.0,1085.0,14:09:11.966820
11.0,-485.0,830.0,14:09:11.976111
20.0,-677.0,924.0,14:09:11.986528
-23.0,-430.0,749.0,14:09:11.995835
37.0,-585.0,925.0,14:09:12.006327
32.0,-449.0,886.0,14:09:12.015687
-189.0,-341.0,718.0,14:09:12.024977
22.0,-249.0,594.0,14:09:12.035408
-29.0,-378.0,1111.0,14:09:12.044823
-32.0,-332.0,1042.0,14:09:12.055228
9.0,-406.0,757.0,14:09:12.064720
101.0,-531.0,881.0,14:09:12.075084
11.0,-500.0,771.0,14:09:12.084541
278.0,-519.0,938.0,14:09:12.094998
-18.0,-492.0,1231.0,14:09:12.104311
89.0,-487.0,1177.0,14:09:12.114813
154.0,-605.0,737.0,14:09:12.124080
134.0,-785.0,688.0,14:09:12.133473
38.0,-805.0,1090.0,14:09:12.143961
-71.0,-606.0,928.0,14:09:12.153381
-145.0,-457.0,950.0,14:09:12.163865
-174.0,-474.0,875.0,14:09:12.173198
147.0,-577.0,841.0,14:09:12.183625
-123.0,-390.0,728.0,14:09:12.194591
-20.0,-356.0,869.0,14:09:12.202681
-11.0,-576.0,1373.0,14:09:12.213119
-51.0,-519.0,964.0,14:09:12.222453
65.0,-523.0,364.0,14:09:12.232933
62.0,-382.0,813.0,14:09:12.242379
-38.0,-387.0,1467.0,14:09:12.252878
-46.0,-392.0,997.0,14:09:12.262161
-3.0,-251.0,196.0,14:09:12.271668
80.0,-422.0,961.0,14:09:12.282070
-39.0,-638.0,1442.0,14:09:12.291394
-76.0,-356.0,552.0,14:09:12.301895
49.0,-286.0,706.0,14:09:12.311305
-150.0,-430.0,1440.0,14:09:12.321684
163.0,-665.0,1089.0,14:09:12.330938
202.0,-442.0,416.0,14:09:12.341486
31.0,-540.0,1004.0,14:09:12.350786
53.0,-486.0,1260.0,14:09:12.361333
59.0,-549.0,1120.0,14:09:12.370580
42.0,-513.0,674.0,14:09:12.380077
-32.0,-430.0,820.0,14:09:12.390527
-73.0,-676.0,1227.0,14:09:12.399852
64.0,-628.0,962.0,14:09:12.410365
36.0,-465.0,480.0,14:09:12.419607
113.0,-302.0,1201.0,14:09:12.430216
13.0,-510.0,1041.0,14:09:12.439475
-30.0,-497.0,797.0,14:09:12.449948
78.0,-393.0,681.0,14:09:12.459219
119.0,-696.0,915.0,14:09:12.469649
41.0,-544.0,971.0,14:09:12.479021
69.0,-281.0,820.0,14:09:12.489470
42.0,-500.0,869.0,14:09:12.498909
-65.0,-535.0,904.0,14:09:12.508155
80.0,-425.0,1004.0,14:09:12.518791
-32.0,-490.0,926.0,14:09:12.528085
-30.0,-575.0,993.0,14:09:12.538596
-38.0,-471.0,1039.0,14:09:12.547960
-12.0,-515.0,974.0,14:09:12.558520
58.0,-399.0,843.0,14:09:12.567859
77.0,-579.0,1073.0,14:09:12.578383
117.0,-523.0,1124.0,14:09:12.594781
201.0,-505.0,942.0,14:09:12.598546
33.0,-396.0,903.0,14:09:12.607846
-26.0,-445.0,847.0,14:09:12.617261
61.0,-682.0,1234.0,14:09:12.626611
95.0,-472.0,826.0,14:09:12.637109
60.0,-335.0,672.0,14:09:12.646474
-109.0,-359.0,1003.0,14:09:12.657014
42.0,-560.0,1008.0,14:09:12.666368
7.0,-483.0,715.0,14:09:12.675803
88.0,-447.0,656.0,14:09:12.686244
-56.0,-615.0,1067.0,14:09:12.695652
-24.0,-494.0,902.0,14:09:12.706217
80.0,-491.0,769.0,14:09:12.715508
4.0,-477.0,1015.0,14:09:12.726042
-17.0,-387.0,693.0,14:09:12.735299
-106.0,-479.0,827.0,14:09:12.745879
-69.0,-560.0,1200.0,14:09:12.755194
116.0,-748.0,1297.0,14:09:12.764597
34.0,-588.0,738.0,14:09:12.775058
59.0,-675.0,761.0,14:09:12.784395
-83.0,-538.0,1200.0,14:09:12.794951
-8.0,-603.0,865.0,14:09:12.804289
72.0,-572.0,853.0,14:09:12.814804
-37.0,-405.0,875.0,14:09:12.824114
-63.0,-432.0,801.0,14:09:12.834615
-16.0,-316.0,955.0,14:09:12.843903
-13.0,-344.0,1110.0,14:09:12.854340
163.0,-529.0,950.0,14:09:12.863657
2.0,-445.0,957.0,14:09:12.874022
-80.0,-429.0,1005.0,14:09:12.883429
-36.0,-604.0,744.0,14:09:12.893901
85.0,-710.0,778.0,14:09:12.903229
51.0,-499.0,909.0,14:09:12.913618
104.0,-197.0,745.0,14:09:12.922938
49.0,-299.0,696.0,14:09:12.932215
-55.0,-462.0,995.0,14:09:12.942644
-27.0,-338.0,805.0,14:09:12.952325
104.0,-502.0,1044.0,14:09:12.962568
40.0,-477.0,1074.0,14:09:12.972156
91.0,-606.0,1076.0,14:09:12.982588
-86.0,-689.0,917.0,14:09:12.991884
115.0,-785.0,1238.0,14:09:13.001482
-22.0,-457.0,857.0,14:09:13.011874
61.0,-387.0,754.0,14:09:13.021294
31.0,-500.0,800.0,14:09:13.031848
-18.0,-583.0,989.0,14:09:13.041192
-71.0,-547.0,1074.0,14:09:13.051675
92.0,-417.0,990.0,14:09:13.060990
109.0,-590.0,1085.0,14:09:13.070520
77.0,-412.0,986.0,14:09:13.081014
91.0,-392.0,836.0,14:09:13.090313
81.0,-510.0,906.0,14:09:13.100827
18.0,-523.0,1043.0,14:09:13.110218
48.0,-352.0,590.0,14:09:13.120637
211.0,-416.0,548.0,14:09:13.130139
142.0,-545.0,822.0,14:09:13.139506
147.0,-461.0,959.0,14:09:13.159183
-12.0,-425.0,679.0,14:09:13.169567
-96.0,-265.0,792.0,14:09:13.179027
109.0,-518.0,1358.0,14:09:13.189443
74.0,-492.0,1007.0,14:09:13.198733
43.0,-505.0,907.0,14:09:13.209230
142.0,-635.0,754.0,14:09:13.218491
193.0,-668.0,978.0,14:09:13.229034
-35.0,-536.0,945.0,14:09:13.238279
10.0,-597.0,917.0,14:09:13.248773
101.0,-638.0,1284.0,14:09:13.258051
68.0,-499.0,968.0,14:09:13.268478
131.0,-562.0,816.0,14:09:13.277862
61.0,-430.0,1006.0,14:09:13.287227
85.0,-502.0,1017.0,14:09:13.297748
69.0,-555.0,1020.0,14:09:13.307455
-33.0,-539.0,924.0,14:09:13.316923
83.0,-407.0,526.0,14:09:13.327356
43.0,-381.0,516.0,14:09:13.336659
-53.0,-422.0,888.0,14:09:13.347096
82.0,-638.0,987.0,14:09:13.356515
43.0,-533.0,728.0,14:09:13.366922
-18.0,-511.0,956.0,14:09:13.376222
115.0,-587.0,1287.0,14:09:13.386683
-102.0,-453.0,1006.0,14:09:13.396887
46.0,-498.0,924.0,14:09:13.406288
-174.0,-544.0,905.0,14:09:13.415628
-138.0,-377.0,892.0,14:09:13.426048
-120.0,-620.0,1091.0,14:09:13.435512
-77.0,-760.0,846.0,14:09:13.445950
85.0,-591.0,606.0,14:09:13.455314
-158.0,-315.0,806.0,14:09:13.465885
64.0,-499.0,949.0,14:09:13.475148
-56.0,-462.0,981.0,14:09:13.485595
-135.0,-414.0,1290.0,14:09:13.494821
13.0,-472.0,1027.0,14:09:13.504204
90.0,-320.0,860.0,14:09:13.514654
-31.0,-394.0,1070.0,14:09:13.524065
84.0,-403.0,767.0,14:09:13.534530
151.0,-643.0,1181.0,14:09:13.543967
91.0,-580.0,908.0,14:09:13.554453
78.0,-492.0,501.0,14:09:13.563716
-1.0,-669.0,997.0,14:09:13.574280
85.0,-650.0,901.0,14:09:13.583596
83.0,-621.0,614.0,14:09:13.592923
81.0,-496.0,897.0,14:09:13.603446
-55.0,-465.0,1183.0,14:09:13.612893
28.0,-510.0,902.0,14:09:13.623293
37.0,-487.0,551.0,14:09:13.632584
44.0,-559.0,1111.0,14:09:13.643034
-14.0,-478.0,1071.0,14:09:13.652395
3.0,-600.0,1101.0,14:09:13.662830
64.0,-399.0,810.0,14:09:13.672062
-11.0,-526.0,1052.0,14:09:13.682629
-36.0,-634.0,1264.0,14:09:13.691961
96.0,-472.0,817.0,14:09:13.702475
-26.0,-509.0,973.0,14:09:13.711789
114.0,-504.0,847.0,14:09:13.721268
104.0,-691.0,916.0,14:09:13.731694
154.0,-589.0,952.0,14:09:13.741150
101.0,-298.0,652.0,14:09:13.751612
63.0,-528.0,834.0,14:09:13.760890
287.0,-755.0,727.0,14:09:13.771373
92.0,-734.0,711.0,14:09:13.780671
15.0,-487.0,829.0,14:09:13.798509
4.0,-375.0,952.0,14:09:13.802252
-60.0,-286.0,930.0,14:09:13.810534
-79.0,-191.0,992.0,14:09:13.819812
-106.0,-250.0,828.0,14:09:13.830413
-153.0,-516.0,855.0,14:09:13.839811
-15.0,-639.0,1044.0,14:09:13.850232
0.0,-636.0,969.0,14:09:13.859631
36.0,-728.0,883.0,14:09:13.870171
61.0,-656.0,718.0,14:09:13.879418
-15.0,-523.0,933.0,14:09:13.889896
79.0,-578.0,942.0,14:09:13.899255
46.0,-420.0,742.0,14:09:13.909678
42.0,-355.0,1009.0,14:09:13.919088
52.0,-270.0,1049.0,14:09:13.928390
82.0,-363.0,716.0,14:09:13.938823
110.0,-482.0,1000.0,14:09:13.948087
72.0,-592.0,1112.0,14:09:13.958527
235.0,-427.0,1027.0,14:09:13.967946
146.0,-437.0,860.0,14:09:13.978377
96.0,-489.0,865.0,14:09:13.987711
185.0,-479.0,991.0,14:09:13.998340
8.0,-335.0,817.0,14:09:14.007722
29.0,-432.0,836.0,14:09:14.017065
104.0,-612.0,1063.0,14:09:14.027520
132.0,-445.0,869.0,14:09:14.037070
44.0,-562.0,975.0,14:09:14.047536
27.0,-586.0,978.0,14:09:14.056950
95.0,-499.0,1019.0,14:09:14.066334
27.0,-665.0,1207.0,14:09:14.076870
149.0,-522.0,765.0,14:09:14.086161
0.0,-439.0,951.0,14:09:14.096646
23.0,-497.0,876.0,14:09:14.105990
-13.0,-546.0,1046.0,14:09:14.116407
10.0,-479.0,1002.0,14:09:14.125794
15.0,-469.0,835.0,14:09:14.136288
-40.0,-560.0,797.0,14:09:14.145535
13.0,-549.0,1041.0,14:09:14.156007
-142.0,-631.0,1010.0,14:09:14.165363
62.0,-579.0,711.0,14:09:14.175865
-211.0,-535.0,913.0,14:09:14.185154
74.0,-552.0,945.0,14:09:14.195502
-87.0,-435.0,728.0,14:09:14.204876
-38.0,-356.0,810.0,14:09:14.215248
0.0,-457.0,1072.0,14:09:14.224667
-4.0,-538.0,923.0,14:09:14.235051
86.0,-453.0,810.0,14:09:14.244385
58.0,-442.0,947.0,14:09:14.253752
186.0,-492.0,881.0,14:09:14.264125
36.0,-551.0,978.0,14:09:14.273566
86.0,-427.0,997.0,14:09:14.283978
140.0,-557.0,892.0,14:09:14.293277
139.0,-571.0,839.0,14:09:14.303726
26.0,-467.0,977.0,14:09:14.313153
79.0,-519.0,975.0,14:09:14.323624
-58.0,-604.0,1010.0,14:09:14.332969
1.0,-595.0,799.0,14:09:14.343581
2.0,-463.0,685.0,14:09:14.352844
-164.0,-443.0,1059.0,14:09:14.362205
-17.0,-483.0,857.0,14:09:14.372654
-67.0,-502.0,944.0,14:09:14.381969
1.0,-487.0,966.0,14:09:14.392486
27.0,-477.0,900.0,14:09:14.401718
-50.0,-420.0,976.0,14:09:14.412244
-19.0,-418.0,1030.0,14:09:14.421524
15.0,-628.0,1060.0,14:09:14.431990
75.0,-540.0,696.0,14:09:14.441329
27.0,-516.0,779.0,14:09:14.451769
111.0,-545.0,945.0,14:09:14.461065
9.0,-573.0,989.0,14:09:14.471446
-38.0,-344.0,720.0,14:09:14.480959
147.0,-316.0,1045.0,14:09:14.491379
13.0,-419.0,970.0,14:09:14.500791
192.0,-463.0,962.0,14:09:14.510171
262.0,-579.0,871.0,14:09:14.520587
