64.0,-401.0,1321.0,14:07:09.987960
-20.0,-521.0,1051.0,14:07:09.989482
164.0,-522.0,389.0,14:07:09.996534
100.0,-473.0,936.0,14:07:10.005947
-109.0,-318.0,1312.0,14:07:10.016498
69.0,-349.0,953.0,14:07:10.025890
28.0,-435.0,708.0,14:07:10.035235
110.0,-528.0,989.0,14:07:10.045806
37.0,-519.0,928.0,14:07:10.055166
-91.0,-457.0,922.0,14:07:10.065684
-5.0,-465.0,928.0,14:07:10.075131
-190.0,-495.0,899.0,14:07:10.084622
28.0,-605.0,867.0,14:07:10.095144
136.0,-464.0,893.0,14:07:10.104430
-113.0,-457.0,943.0,14:07:10.115004
227.0,-556.0,890.0,14:07:10.124301
-60.0,-422.0,939.0,14:07:10.134746
61.0,-601.0,728.0,14:07:10.144239
57.0,-519.0,960.0,14:07:10.153594
172.0,-466.0,1053.0,14:07:10.164140
62.0,-504.0,855.0,14:07:10.173535
-13.0,-558.0,820.0,14:07:10.184158
125.0,-609.0,910.0,14:07:10.193539
107.0,-679.0,908.0,14:07:10.202874
190.0,-714.0,770.0,14:07:10.213323
35.0,-563.0,859.0,14:07:10.222686
69.0,-582.0,913.0,14:07:10.233141
117.0,-423.0,806.0,14:07:10.242610
7.0,-354.0,850.0,14:07:10.253127
-37.0,-423.0,992.0,14:07:10.262519
62.0,-325.0,817.0,14:07:10.271839
-94.0,-308.0,1024.0,14:07:10.282506
-33.0,-494.0,1355.0,14:07:10.291960
78.0,-510.0,990.0,14:07:10.302452
-77.0,-386.0,850.0,14:07:10.311796
135.0,-511.0,1087.0,14:07:10.322227
-12.0,-537.0,1046.0,14:07:10.331745
112.0,-576.0,941.0,14:07:10.341102
8.0,-539.0,845.0,14:07:10.351584
-21.0,-580.0,826.0,14:07:10.360957
82.0,-514.0,844.0,14:07:10.371556
-138.0,-464.0,904.0,14:07:10.380969
-19.0,-475.0,690.0,14:07:10.400757
-172.0,-583.0,925.0,14:07:10.410184
86.0,-490.0,968.0,14:07:10.420753
-62.0,-424.0,893.0,14:07:10.430135
146.0,-528.0,761.0,14:07:10.439552
-70.0,-460.0,900.0,14:07:10.450054
102.0,-494.0,961.0,14:07:10.459510
-1.0,-358.0,881.0,14:07:10.470082
-60.0,-461.0,938.0,14:07:10.479549
155.0,-665.0,1219.0,14:07:10.489018
47.0,-427.0,833.0,14:07:10.499516
-113.0,-516.0,878.0,14:07:10.508962
153.0,-428.0,1070.0,14:07:10.519449
-108.0,-605.0,1086.0,14:07:10.528998
95.0,-483.0,824.0,14:07:10.538312
51.0,-332.0,978.0,14:07:10.549020
-23.0,-470.0,1023.0,14:07:10.558365
176.0,-390.0,913.0,14:07:10.567861
16.0,-436.0,905.0,14:07:10.578348
74.0,-598.0,960.0,14:07:10.587800
43.0,-364.0,944.0,14:07:10.598246
52.0,-490.0,1108.0,14:07:10.607523
107.0,-461.0,890.0,14:07:10.618090
7.0,-485.0,834.0,14:07:10.627464
120.0,-410.0,957.0,14:07:10.636879
-58.0,-450.0,825.0,14:07:10.647394
-41.0,-459.0,830.0,14:07:10.656831
69.0,-441.0,1017.0,14:07:10.667253
81.0,-485.0,901.0,14:07:10.676581
124.0,-438.0,804.0,14:07:10.686964
65.0,-585.0,934.0,14:07:10.695960
144.0,-532.0,1200.0,14:07:10.706536
96.0,-575.0,963.0,14:07:10.715926
171.0,-470.0,768.0,14:07:10.726380
-71.0,-602.0,1236.0,14:07:10.735857
82.0,-574.0,807.0,14:07:10.746324
49.0,-376.0,640.0,14:07:10.755909
61.0,-375.0,763.0,14:07:10.765200
173.0,-372.0,973.0,14:07:10.775808
94.0,-418.0,775.0,14:07:10.785055
-115.0,-407.0,839.0,14:07:10.795533
89.0,-503.0,1062.0,14:07:10.804967
4.0,-516.0,1112.0,14:07:10.814349
114.0,-409.0,1065.0,14:07:10.824881
-35.0,-508.0,1022.0,14:07:10.834163
143.0,-565.0,835.0,14:07:10.844824
160.0,-590.0,922.0,14:07:10.854247
87.0,-566.0,916.0,14:07:10.863668
105.0,-516.0,824.0,14:07:10.874119
126.0,-646.0,870.0,14:07:10.883663
-88.0,-564.0,807.0,14:07:10.894078
-26.0,-622.0,1030.0,14:07:10.903484
-107.0,-504.0,920.0,14:07:10.913030
71.0,-538.0,847.0,14:07:10.923554
-62.0,-497.0,881.0,14:07:10.932986
-80.0,-399.0,873.0,14:07:10.943475
12.0,-424.0,903.0,14:07:10.952998
-145.0,-469.0,1033.0,14:07:10.962385
-18.0,-442.0,900.0,14:07:10.972946
53.0,-496.0,963.0,14:07:10.982521
22.0,-469.0,931.0,14:07:10.991980
162.0,-433.0,924.0,14:07:11.002513
29.0,-506.0,890.0,14:07:11.011866
171.0,-568.0,995.0,14:07:11.021345
6.0,-493.0,850.0,14:07:11.031777
30.0,-431.0,813.0,14:07:11.041288
52.0,-235.0,1060.0,14:07:11.051684
32.0,-351.0,883.0,14:07:11.061114
35.0,-464.0,730.0,14:07:11.071507
-4.0,-412.0,1143.0,14:07:11.088710
211.0,-554.0,1008.0,14:07:11.092508
54.0,-618.0,787.0,14:07:11.100805
15.0,-719.0,987.0,14:07:11.110378
1.0,-701.0,814.0,14:07:11.120916
205.0,-461.0,863.0,14:07:11.130235
71.0,-410.0,935.0,14:07:11.139673
147.0,-468.0,891.0,14:07:11.150182
-57.0,-476.0,777.0,14:07:11.159552
8.0,-434.0,883.0,14:07:11.170104
-43.0,-452.0,1222.0,14:07:11.179503
186.0,-365.0,880.0,14:07:11.188941
-88.0,-508.0,878.0,14:07:11.199412
38.0,-523.0,988.0,14:07:11.208777
8.0,-560.0,983.0,14:07:11.219346
72.0,-420.0,982.0,14:07:11.228688
154.0,-290.0,970.0,14:07:11.239214
-72.0,-401.0,994.0,14:07:11.248615
84.0,-542.0,827.0,14:07:11.259104
-56.0,-504.0,970.0,14:07:11.268547
-144.0,-462.0,1180.0,14:07:11.277915
-1.0,-529.0,870.0,14:07:11.288568
79.0,-605.0,882.0,14:07:11.297948
58.0,-561.0,946.0,14:07:11.307361
75.0,-452.0,748.0,14:07:11.317941
-12.0,-503.0,948.0,14:07:11.327358
51.0,-502.0,989.0,14:07:11.337958
49.0,-600.0,812.0,14:07:11.347260
81.0,-514.0,918.0,14:07:11.356759
171.0,-521.0,852.0,14:07:11.367168
-112.0,-386.0,930.0,14:07:11.385832
62.0,-580.0,924.0,14:07:11.396368
-55.0,-480.0,768.0,14:07:11.405895
95.0,-540.0,900.0,14:07:11.416373
70.0,-454.0,1081.0,14:07:11.425842
-32.0,-520.0,898.0,14:07:11.436311
-49.0,-369.0,854.0,14:07:11.445697
-135.0,-449.0,986.0,14:07:11.456202
-8.0,-546.0,924.0,14:07:11.465727
58.0,-574.0,933.0,14:07:11.475046
77.0,-576.0,908.0,14:07:11.485575
-25.0,-462.0,914.0,14:07:11.494887
107.0,-558.0,927.0,14:07:11.505537
120.0,-544.0,925.0,14:07:11.514836
183.0,-448.0,911.0,14:07:11.524167
28.0,-355.0,877.0,14:07:11.534811
-5.0,-496.0,909.0,14:07:11.544152
73.0,-539.0,1004.0,14:07:11.554752
-85.0,-565.0,763.0,14:07:11.564018
82.0,-598.0,1002.0,14:07:11.574603
80.0,-631.0,936.0,14:07:11.583921
92.0,-501.0,718.0,14:07:11.593253
151.0,-509.0,814.0,14:07:11.603634
-120.0,-597.0,1185.0,14:07:11.613035
20.0,-442.0,703.0,14:07:11.623640
51.0,-356.0,681.0,14:07:11.632969
-97.0,-450.0,1328.0,14:07:11.643508
87.0,-782.0,1192.0,14:07:11.652818
-2.0,-402.0,433.0,14:07:11.663327
6.0,-577.0,1325.0,14:07:11.672561
42.0,-581.0,1144.0,14:07:11.682074
-56.0,-357.0,619.0,14:07:11.692578
-16.0,-471.0,897.0,14:07:11.701956
-79.0,-800.0,1387.0,14:07:11.712475
-97.0,-568.0,594.0,14:07:11.721914
69.0,-423.0,557.0,14:07:11.731384
-95.0,-595.0,1286.0,14:07:11.741864
104.0,-628.0,1083.0,14:07:11.751262
35.0,-383.0,593.0,14:07:11.761780
159.0,-358.0,812.0,14:07:11.771223
-99.0,-284.0,1000.0,14:07:11.780585
35.0,-482.0,922.0,14:07:11.791392
33.0,-486.0,1085.0,14:07:11.800705
-26.0,-430.0,932.0,14:07:11.810222
-7.0,-303.0,720.0,14:07:11.820725
82.0,-525.0,1225.0,14:07:11.830232
-60.0,-524.0,952.0,14:07:11.840625
132.0,-405.0,419.0,14:07:11.850201
93.0,-304.0,812.0,14:07:11.859520
-161.0,-486.0,1252.0,14:07:11.870083
156.0,-436.0,607.0,14:07:11.879552
84.0,-354.0,850.0,14:07:11.890539
24.0,-449.0,1503.0,14:07:11.899517
-22.0,-556.0,1112.0,14:07:11.908949
247.0,-404.0,631.0,14:07:11.919504
-100.0,-506.0,1386.0,14:07:11.928931
252.0,-848.0,1132.0,14:07:11.938339
-27.0,-460.0,751.0,14:07:11.949114
-6.0,-374.0,827.0,14:07:11.958484
46.0,-748.0,1143.0,14:07:11.969052
161.0,-547.0,591.0,14:07:11.978382
34.0,-178.0,756.0,14:07:11.987962
-38.0,-386.0,1227.0,14:07:11.998407
1.0,-467.0,724.0,14:07:12.007863
-8.0,-246.0,595.0,14:07:12.017231
-230.0,-371.0,1276.0,14:07:12.027764
94.0,-492.0,886.0,14:07:12.037186
-32.0,-485.0,911.0,14:07:12.047706
-38.0,-460.0,1069.0,14:07:12.057151
19.0,-599.0,1067.0,14:07:12.067549
-92.0,-561.0,926.0,14:07:12.077158
56.0,-706.0,1062.0,14:07:12.086413
36.0,-453.0,450.0,14:07:12.097056
-38.0,-517.0,833.0,14:07:12.106410
-225.0,-412.0,1258.0,14:07:12.115895
6.0,-560.0,1000.0,14:07:12.126382
49.0,-539.0,478.0,14:07:12.135793
-8.0,-501.0,854.0,14:07:12.146267
202.0,-577.0,1155.0,14:07:12.155652
211.0,-542.0,967.0,14:07:12.166148
12.0,-462.0,776.0,14:07:12.175542
-14.0,-417.0,987.0,14:07:12.186025
84.0,-669.0,1092.0,14:07:12.195275
178.0,-559.0,753.0,14:07:12.204840
-44.0,-97.0,588.0,14:07:12.215242
32.0,-545.0,937.0,14:07:12.224719
151.0,-255.0,793.0,14:07:12.234241
47.0,-270.0,1000.0,14:07:12.244925
30.0,-374.0,1076.0,14:07:12.254161
142.0,-619.0,1050.0,14:07:12.264704
228.0,-470.0,686.0,14:07:12.274109
87.0,-576.0,1346.0,14:07:12.291782
49.0,-694.0,1399.0,14:07:12.295774
253.0,-542.0,679.0,14:07:12.304065
131.0,-417.0,507.0,14:07:12.313731
179.0,-692.0,910.0,14:07:12.323117
16.0,-828.0,1114.0,14:07:12.333587
-88.0,-480.0,1224.0,14:07:12.342965
-48.0,-337.0,806.0,14:07:12.353536
94.0,-602.0,781.0,14:07:12.362968
9.0,-554.0,836.0,14:07:12.372382
46.0,-501.0,679.0,14:07:12.382966
-65.0,-334.0,823.0,14:07:12.392458
-70.0,-361.0,1235.0,14:07:12.402001
306.0,-477.0,725.0,14:07:12.412562
45.0,-284.0,581.0,14:07:12.421959
-43.0,-570.0,1143.0,14:07:12.432523
43.0,-551.0,986.0,14:07:12.441865
-22.0,-740.0,1045.0,14:07:12.451268
218.0,-577.0,1112.0,14:07:12.461704
106.0,-552.0,1057.0,14:07:12.471078
-33.0,-728.0,1149.0,14:07:12.481492
-42.0,-467.0,946.0,14:07:12.490951
38.0,-457.0,566.0,14:07:12.501422
59.0,-665.0,1113.0,14:07:12.510821
-110.0,-559.0,1182.0,14:07:12.520210
134.0,-486.0,827.0,14:07:12.530674
-176.0,-173.0,912.0,14:07:12.539966
-64.0,-381.0,1018.0,14:07:12.550530
20.0,-713.0,766.0,14:07:12.559938
113.0,-412.0,691.0,14:07:12.570441
361.0,-377.0,694.0,14:07:12.579846
109.0,-207.0,1031.0,14:07:12.589156
-57.0,-407.0,1196.0,14:07:12.599647
101.0,-405.0,815.0,14:07:12.608979
102.0,-315.0,701.0,14:07:12.619574
82.0,-377.0,1064.0,14:07:12.629058
-43.0,-401.0,1277.0,14:07:12.639519
47.0,-226.0,808.0,14:07:12.648916
-99.0,-473.0,835.0,14:07:12.658304
305.0,-659.0,891.0,14:07:12.668933
193.0,-584.0,980.0,14:07:12.678245
201.0,-645.0,868.0,14:07:12.688729
104.0,-689.0,1232.0,14:07:12.698029
18.0,-599.0,1140.0,14:07:12.708485
-33.0,-500.0,708.0,14:07:12.717868
-84.0,-569.0,813.0,14:07:12.727366
-107.0,-663.0,1108.0,14:07:12.737925
0.0,-464.0,662.0,14:07:12.747376
-279.0,-635.0,757.0,14:07:12.757896
27.0,-570.0,993.0,14:07:12.767317
24.0,-514.0,941.0,14:07:12.776701
-3.0,-406.0,844.0,14:07:12.787335
-19.0,-378.0,930.0,14:07:12.796747
-84.0,-554.0,1039.0,14:07:12.806107
19.0,-312.0,909.0,14:07:12.816650
-55.0,-296.0,1020.0,14:07:12.825945
-32.0,-649.0,1096.0,14:07:12.836497
147.0,-494.0,683.0,14:07:12.845968
6.0,-295.0,894.0,14:07:12.856478
38.0,-594.0,1071.0,14:07:12.865915
125.0,-467.0,796.0,14:07:12.875287
-61.0,-418.0,1033.0,14:07:12.885946
175.0,-612.0,1077.0,14:07:12.895354
-26.0,-716.0,795.0,14:07:12.904756
-16.0,-698.0,813.0,14:07:12.915370
173.0,-692.0,829.0,14:07:12.924814
196.0,-638.0,773.0,14:07:12.935247
147.0,-598.0,856.0,14:07:12.944731
77.0,-562.0,964.0,14:07:12.954147
47.0,-369.0,664.0,14:07:12.964685
-51.0,-236.0,831.0,14:07:12.973996
-95.0,-421.0,960.0,14:07:12.984572
-32.0,-495.0,944.0,14:07:12.993845
25.0,-571.0,1138.0,14:07:13.004359
-73.0,-260.0,651.0,14:07:13.013732
-165.0,-393.0,1019.0,14:07:13.023159
3.0,-596.0,956.0,14:07:13.033658
-15.0,-302.0,778.0,14:07:13.043002
-8.0,-129.0,979.0,14:07:13.053591
-180.0,-458.0,1471.0,14:07:13.063031
-26.0,-614.0,879.0,14:07:13.072437
122.0,-410.0,560.0,14:07:13.082953
16.0,-435.0,1263.0,14:07:13.095914
13.0,-711.0,1386.0,14:07:13.103057
239.0,-770.0,839.0,14:07:13.112466
89.0,-469.0,384.0,14:07:13.121883
29.0,-518.0,987.0,14:07:13.132404
109.0,-639.0,915.0,14:07:13.141759
112.0,-454.0,769.0,14:07:13.151274
65.0,-395.0,736.0,14:07:13.161723
-29.0,-509.0,1004.0,14:07:13.171082
-19.0,-602.0,1214.0,14:07:13.181735
98.0,-421.0,477.0,14:07:13.190999
-123.0,-333.0,982.0,14:07:13.201598
57.0,-523.0,1328.0,14:07:13.210885
-34.0,-545.0,891.0,14:07:13.220357
-123.0,-234.0,351.0,14:07:13.230900
9.0,-552.0,1158.0,14:07:13.240385
172.0,-564.0,1180.0,14:07:13.250889
32.0,-469.0,903.0,14:07:13.260261
30.0,-327.0,755.0,14:07:13.269718
-60.0,-479.0,1142.0,14:07:13.280193
162.0,-691.0,1089.0,14:07:13.289559
167.0,-496.0,876.0,14:07:13.300101
-145.0,-591.0,1067.0,14:07:13.309447
11.0,-514.0,820.0,14:07:13.318946
-1.0,-416.0,958.0,14:07:13.329447
11.0,-544.0,784.0,14:07:13.338939
-71.0,-518.0,942.0,14:07:13.349483
-29.0,-331.0,870.0,14:07:13.358796
-15.0,-673.0,1030.0,14:07:13.368265
130.0,-455.0,676.0,14:07:13.378704
56.0,-587.0,828.0,14:07:13.388095
32.0,-577.0,1180.0,14:07:13.398671
-102.0,-602.0,1083.0,14:07:13.408086
-148.0,-250.0,380.0,14:07:13.418536
48.0,-400.0,976.0,14:07:13.427935
-24.0,-529.0,1028.0,14:07:13.437426
45.0,-182.0,677.0,14:07:13.447956
-91.0,-241.0,1088.0,14:07:13.457260
-16.0,-483.0,1297.0,14:07:13.467798
374.0,-674.0,930.0,14:07:13.477250
198.0,-624.0,884.0,14:07:13.494324
150.0,-513.0,660.0,14:07:13.498259
161.0,-421.0,978.0,14:07:13.506545
72.0,-499.0,1151.0,14:07:13.517012
169.0,-428.0,810.0,14:07:13.526403
6.0,-305.0,620.0,14:07:13.535910
153.0,-390.0,876.0,14:07:13.546396
-49.0,-515.0,1199.0,14:07:13.555752
40.0,-703.0,887.0,14:07:13.566428
138.0,-634.0,808.0,14:07:13.575813
59.0,-591.0,1317.0,14:07:13.585179
100.0,-572.0,966.0,14:07:13.595667
24.0,-587.0,627.0,14:07:13.605154
117.0,-544.0,716.0,14:07:13.615647
30.0,-604.0,1114.0,14:07:13.625002
34.0,-492.0,874.0,14:07:13.635520
-247.0,-394.0,651.0,14:07:13.644867
7.0,-409.0,942.0,14:07:13.654197
114.0,-434.0,1167.0,14:07:13.664844
79.0,-613.0,711.0,14:07:13.674176
25.0,-667.0,840.0,14:07:13.684696
115.0,-584.0,1154.0,14:07:13.694048
76.0,-627.0,1116.0,14:07:13.704534
4.0,-288.0,486.0,14:07:13.714015
-64.0,-264.0,953.0,14:07:13.723277
-16.0,-515.0,1078.0,14:07:13.733888
100.0,-649.0,874.0,14:07:13.743293
-53.0,-153.0,830.0,14:07:13.753916
72.0,-310.0,642.0,14:07:13.763291
202.0,-672.0,1126.0,14:07:13.772647
83.0,-610.0,1320.0,14:07:13.783210
89.0,-358.0,452.0,14:07:13.792564
-55.0,-321.0,766.0,14:07:13.803034
-13.0,-471.0,1384.0,14:07:13.812503
115.0,-582.0,1113.0,14:07:13.821952
-93.0,-341.0,732.0,14:07:13.832456
106.0,-455.0,1064.0,14:07:13.841787
60.0,-575.0,1035.0,14:07:13.852297
150.0,-681.0,925.0,14:07:13.861703
68.0,-541.0,852.0,14:07:13.872098
139.0,-563.0,951.0,14:07:13.881576
-45.0,-620.0,1283.0,14:07:13.890921
9.0,-403.0,527.0,14:07:13.901452
-95.0,-455.0,700.0,14:07:13.910774
-49.0,-536.0,1007.0,14:07:13.921323
116.0,-533.0,1286.0,14:07:13.930688
-189.0,-180.0,852.0,14:07:13.940199
49.0,-358.0,717.0,14:07:13.950642
136.0,-539.0,1159.0,14:07:13.959940
64.0,-520.0,922.0,14:07:13.970437
210.0,-308.0,730.0,14:07:13.979724
-183.0,-290.0,1014.0,14:07:13.990267
297.0,-561.0,1195.0,14:07:13.999559
73.0,-327.0,640.0,14:07:14.010215
-172.0,-499.0,934.0,14:07:14.019514
33.0,-505.0,1085.0,14:07:14.028935
139.0,-390.0,1001.0,14:07:14.039409
-4.0,-397.0,1053.0,14:07:14.048908
154.0,-443.0,996.0,14:07:14.059448
25.0,-618.0,677.0,14:07:14.068770
83.0,-688.0,1274.0,14:07:14.079344
171.0,-539.0,927.0,14:07:14.088743
-102.0,-459.0,501.0,14:07:14.098076
-93.0,-432.0,810.0,14:07:14.108650
-39.0,-445.0,995.0,14:07:14.118058
14.0,-493.0,954.0,14:07:14.128501
167.0,-443.0,919.0,14:07:14.137991
32.0,-409.0,648.0,14:07:14.147229
303.0,-473.0,826.0,14:07:14.157921
117.0,-523.0,1031.0,14:07:14.167238
43.0,-511.0,884.0,14:07:14.186995
41.0,-238.0,545.0,14:07:14.197549
-12.0,-510.0,1074.0,14:07:14.207050
55.0,-759.0,939.0,14:07:14.216432
249.0,-550.0,704.0,14:07:14.227133
-192.0,-437.0,1049.0,14:07:14.236580
107.0,-518.0,1225.0,14:07:14.245954
-2.0,-722.0,824.0,14:07:14.256424
238.0,-493.0,381.0,14:07:14.265933
-6.0,-370.0,1243.0,14:07:14.276447
-202.0,-421.0,1250.0,14:07:14.285965
35.0,-473.0,936.0,14:07:14.296824
164.0,-596.0,450.0,14:07:14.305625
-26.0,-454.0,875.0,14:07:14.315019
4.0,-452.0,1152.0,14:07:14.325498
-32.0,-535.0,704.0,14:07:14.334828
50.0,-509.0,869.0,14:07:14.345465
-46.0,-667.0,1384.0,14:07:14.354874
18.0,-556.0,949.0,14:07:14.364223
126.0,-278.0,427.0,14:07:14.374722
-226.0,-349.0,862.0,14:07:14.384144
118.0,-797.0,1594.0,14:07:14.394821
91.0,-762.0,970.0,14:07:14.404161
116.0,-200.0,315.0,14:07:14.413552
9.0,-365.0,1244.0,14:07:14.424162
-106.0,-886.0,1408.0,14:07:14.433634
-49.0,-451.0,535.0,14:07:14.444098
-92.0,-317.0,766.0,14:07:14.453611
70.0,-566.0,1108.0,14:07:14.462988
-113.0,-701.0,1063.0,14:07:14.473491
76.0,-552.0,660.0,14:07:14.482761
165.0,-320.0,344.0,14:07:14.493316
-151.0,-544.0,1064.0,14:07:14.502741
133.0,-412.0,1521.0,14:07:14.512142
-154.0,-575.0,869.0,14:07:14.522645
33.0,-325.0,390.0,14:07:14.532057
-65.0,-549.0,1135.0,14:07:14.542512
-317.0,-752.0,1306.0,14:07:14.551922
178.0,-382.0,434.0,14:07:14.562485
-112.0,-667.0,782.0,14:07:14.571879
-70.0,-430.0,1097.0,14:07:14.581278
50.0,-553.0,709.0,14:07:14.591943
93.0,-381.0,166.0,14:07:14.601379
81.0,-431.0,1297.0,14:07:14.610693
-72.0,-585.0,1549.0,14:07:14.621334
-10.0,-327.0,672.0,14:07:14.630595
-204.0,-240.0,462.0,14:07:14.641242
135.0,-789.0,1586.0,14:07:14.650523
49.0,-512.0,938.0,14:07:14.661055
87.0,-80.0,343.0,14:07:14.670451
-282.0,-109.0,1094.0,14:07:14.679839
190.0,-575.0,1293.0,14:07:14.698495
62.0,-335.0,450.0,14:07:14.701384
-105.0,-20.0,881.0,14:07:14.709535
-23.0,-605.0,1764.0,14:07:14.720162
331.0,-929.0,1007.0,14:07:14.729596
174.0,-675.0,540.0,14:07:14.739088
-1.0,-520.0,1061.0,14:07:14.749515
24.0,-799.0,1350.0,14:07:14.759072
-126.0,-538.0,864.0,14:07:14.769505
-65.0,-259.0,563.0,14:07:14.779034
-85.0,-479.0,430.0,14:07:14.788434
182.0,-961.0,1300.0,14:07:14.799067
54.0,-675.0,1042.0,14:07:14.808419
45.0,-363.0,581.0,14:07:14.818918
134.0,-418.0,593.0,14:07:14.828454
73.0,-579.0,1291.0,14:07:14.837819
299.0,-603.0,625.0,14:07:14.848299
-63.0,-103.0,208.0,14:07:14.857591
-359.0,-237.0,1314.0,14:07:14.867200
-36.0,-575.0,1057.0,14:07:14.877751
-52.0,-604.0,1064.0,14:07:14.887154
28.0,-611.0,1072.0,14:07:14.897803
216.0,-569.0,1048.0,14:07:14.907107
149.0,-698.0,1013.0,14:07:14.916466
137.0,-647.0,1058.0,14:07:14.926986
183.0,-612.0,728.0,14:07:14.936352
215.0,-632.0,470.0,14:07:14.946974
69.0,-648.0,1123.0,14:07:14.956344
-229.0,-373.0,618.0,14:07:14.965672
-181.0,-416.0,911.0,14:07:14.976188
-69.0,-433.0,982.0,14:07:14.985525
-146.0,-373.0,753.0,14:07:14.996058
-50.0,-344.0,1511.0,14:07:15.005438
25.0,-334.0,608.0,14:07:15.016006
130.0,-489.0,212.0,14:07:15.025301
56.0,-344.0,1293.0,14:07:15.034671
-120.0,-692.0,1285.0,14:07:15.045306
218.0,-351.0,322.0,14:07:15.054677
-14.0,-564.0,1610.0,14:07:15.065209
-235.0,-429.0,1128.0,14:07:15.074616
190.0,-465.0,754.0,14:07:15.084156
118.0,-495.0,835.0,14:07:15.094709
-82.0,-419.0,1139.0,14:07:15.103971
25.0,-372.0,1024.0,14:07:15.114538
-86.0,-602.0,833.0,14:07:15.123825
189.0,-570.0,822.0,14:07:15.134449
210.0,-564.0,990.0,14:07:15.143825
8.0,-322.0,967.0,14:07:15.153317
25.0,-508.0,1337.0,14:07:15.163807
-104.0,-542.0,1245.0,14:07:15.173123
-21.0,-587.0,821.0,14:07:15.183771
239.0,-596.0,744.0,14:07:15.193166
143.0,-589.0,652.0,14:07:15.202532
251.0,-377.0,963.0,14:07:15.212986
-31.0,-449.0,900.0,14:07:15.222517
51.0,-328.0,759.0,14:07:15.231925
87.0,-377.0,947.0,14:07:15.242560
-135.0,-362.0,832.0,14:07:15.251897
53.0,-465.0,1333.0,14:07:15.262453
-20.0,-585.0,911.0,14:07:15.271824
202.0,-741.0,704.0,14:07:15.281234
-36.0,-626.0,909.0,14:07:15.291767
-45.0,-595.0,1195.0,14:07:15.301249
205.0,-426.0,732.0,14:07:15.311806
-136.0,-390.0,1012.0,14:07:15.321156
42.0,-600.0,928.0,14:07:15.330666
36.0,-653.0,743.0,14:07:15.341106
-64.0,-364.0,1213.0,14:07:15.350499
131.0,-602.0,995.0,14:07:15.361045
50.0,-812.0,790.0,14:07:15.370412
22.0,-505.0,1123.0,14:07:15.379829
21.0,-541.0,684.0,14:07:15.390241
-64.0,-304.0,941.0,14:07:15.399759
-176.0,-167.0,1173.0,14:07:15.410257
-109.0,-385.0,849.0,14:07:15.419531
-103.0,-400.0,887.0,14:07:15.430129
-11.0,-536.0,865.0,14:07:15.439485
234.0,-707.0,860.0,14:07:15.448972
126.0,-529.0,1205.0,14:07:15.459411
129.0,-493.0,1051.0,14:07:15.469037
79.0,-509.0,789.0,14:07:15.479530
-18.0,-526.0,779.0,14:07:15.488894
82.0,-396.0,1010.0,14:07:15.500276
-45.0,-346.0,1082.0,14:07:15.508700
107.0,-380.0,1024.0,14:07:15.518204
35.0,-594.0,990.0,14:07:15.528687
56.0,-620.0,917.0,14:07:15.547273
86.0,-573.0,770.0,14:07:15.557869
154.0,-585.0,913.0,14:07:15.567216
157.0,-563.0,1051.0,14:07:15.577733
97.0,-396.0,724.0,14:07:15.587097
158.0,-482.0,956.0,14:07:15.597724
43.0,-300.0,468.0,14:07:15.607040
363.0,-422.0,767.0,14:07:15.617585
-74.0,-479.0,1349.0,14:07:15.627023
107.0,-597.0,1001.0,14:07:15.636460
244.0,-560.0,918.0,14:07:15.647086
33.0,-497.0,863.0,14:07:15.656480
62.0,-476.0,569.0,14:07:15.665900
50.0,-659.0,971.0,14:07:15.676402
193.0,-746.0,1153.0,14:07:15.685901
134.0,-537.0,795.0,14:07:15.696408
-130.0,-443.0,873.0,14:07:15.705883
14.0,-622.0,866.0,14:07:15.715241
-92.0,-703.0,960.0,14:07:15.725833
30.0,-844.0,1267.0,14:07:15.735240
-201.0,-660.0,874.0,14:07:15.744712
10.0,-220.0,473.0,14:07:15.755231
-297.0,-661.0,1195.0,14:07:15.764703
75.0,-673.0,599.0,14:07:15.775196
-252.0,-95.0,182.0,14:07:15.784628
-248.0,-230.0,900.0,14:07:15.794137
-300.0,-563.0,1406.0,14:07:15.804732
-194.0,-429.0,677.0,14:07:15.814111
-15.0,-463.0,776.0,14:07:15.824644
-57.0,-596.0,1309.0,14:07:15.834115
-189.0,-694.0,1007.0,14:07:15.843518
85.0,-464.0,776.0,14:07:15.854012
-123.0,-429.0,1054.0,14:07:15.863400
37.0,-567.0,982.0,14:07:15.873938
-159.0,-556.0,1026.0,14:07:15.883372
124.0,-427.0,1005.0,14:07:15.900888
-1.0,-405.0,903.0,14:07:15.904721
78.0,-437.0,662.0,14:07:15.912983
72.0,-207.0,582.0,14:07:15.922503
118.0,-230.0,235.0,14:07:15.933007
-6.0,-727.0,1652.0,14:07:15.942356
11.0,-517.0,1725.0,14:07:15.952805
233.0,-713.0,1118.0,14:07:15.962183
85.0,-1035.0,1632.0,14:07:15.971478
133.0,-1003.0,1152.0,14:07:15.982008
111.0,-446.0,1109.0,14:07:15.991433
-194.0,-315.0,1074.0,14:07:16.001926
42.0,-551.0,277.0,14:07:16.011341
-99.0,-396.0,139.0,14:07:16.020881
68.0,-260.0,38.0,14:07:16.031381
-205.0,-224.0,974.0,14:07:16.040676
-329.0,-21.0,1733.0,14:07:16.051357
-99.0,-280.0,637.0,14:07:16.060744
151.0,-536.0,715.0,14:07:16.070169
-77.0,-441.0,1398.0,14:07:16.080613
125.0,-471.0,921.0,14:07:16.090216
203.0,-511.0,772.0,14:07:16.100654
-40.0,-524.0,1119.0,14:07:16.110166
92.0,-631.0,892.0,14:07:16.119539
-8.0,-433.0,682.0,14:07:16.130164
64.0,-498.0,956.0,14:07:16.139588
54.0,-414.0,856.0,14:07:16.148959
235.0,-425.0,559.0,14:07:16.159510
199.0,-335.0,811.0,14:07:16.168811
255.0,-372.0,1363.0,14:07:16.179285
72.0,-628.0,991.0,14:07:16.188695
79.0,-427.0,619.0,14:07:16.199193
94.0,-431.0,993.0,14:07:16.208599
99.0,-448.0,1025.0,14:07:16.219086
38.0,-139.0,461.0,14:07:16.228497
157.0,-590.0,1351.0,14:07:16.237947
179.0,-566.0,1026.0,14:07:16.248505
307.0,-503.0,767.0,14:07:16.257967
135.0,-1042.0,1217.0,14:07:16.267352
275.0,-958.0,483.0,14:07:16.277950
89.0,-45.0,614.0,14:07:16.287206
-124.0,-100.0,2018.0,14:07:16.297832
-148.0,-159.0,1296.0,14:07:16.307230
116.0,-33.0,-101.0,14:07:16.316627
299.0,-334.0,888.0,14:07:16.327108
502.0,-647.0,1407.0,14:07:16.336500
148.0,-610.0,1092.0,14:07:16.347100
52.0,-678.0,1348.0,14:07:16.356470
-49.0,-631.0,848.0,14:07:16.365896
82.0,-674.0,472.0,14:07:16.376419
-28.0,-767.0,1127.0,14:07:16.385832
67.0,-764.0,1315.0,14:07:16.396326
60.0,-458.0,258.0,14:07:16.405906
-89.0,-630.0,686.0,14:07:16.416325
-37.0,-560.0,1119.0,14:07:16.425645
55.0,-670.0,850.0,14:07:16.435058
-5.0,-223.0,197.0,14:07:16.445629
-118.0,-393.0,650.0,14:07:16.455020
-99.0,-634.0,1178.0,14:07:16.465480
85.0,-580.0,1393.0,14:07:16.475122
-263.0,-389.0,1437.0,14:07:16.484406
238.0,-587.0,782.0,14:07:16.494980
135.0,-851.0,915.0,14:07:16.504280
289.0,-869.0,1655.0,14:07:16.514836
8.0,-565.0,1244.0,14:07:16.524184
18.0,-232.0,377.0,14:07:16.533601
-7.0,-204.0,866.0,14:07:16.544170
-78.0,-449.0,1194.0,14:07:16.553579
261.0,-499.0,274.0,14:07:16.564251
40.0,-311.0,525.0,14:07:16.573523
-102.0,21.0,1564.0,14:07:16.583044
131.0,-423.0,1001.0,14:07:16.593599
88.0,-331.0,628.0,14:07:16.602991
97.0,-109.0,1013.0,14:07:16.612455
-131.0,-163.0,940.0,14:07:16.622976
68.0,-227.0,723.0,14:07:16.632519
36.0,-158.0,386.0,14:07:16.642992
40.0,-289.0,460.0,14:07:16.652479
166.0,-463.0,891.0,14:07:16.661863
56.0,-293.0,1123.0,14:07:16.672440
140.0,-541.0,1177.0,14:07:16.681776
-62.0,-621.0,1020.0,14:07:16.691303
156.0,-657.0,1054.0,14:07:16.706010
71.0,-617.0,1315.0,14:07:16.711560
139.0,-751.0,897.0,14:07:16.721004
90.0,-569.0,1163.0,14:07:16.731467
8.0,-658.0,861.0,14:07:16.740859
-115.0,-770.0,465.0,14:07:16.751398
42.0,-692.0,1163.0,14:07:16.760779
-165.0,-697.0,992.0,14:07:16.770266
63.0,-766.0,534.0,14:07:16.780750
-14.0,-422.0,1081.0,14:07:16.790259
75.0,-507.0,1083.0,14:07:16.800722
185.0,-286.0,782.0,14:07:16.810202
-115.0,-71.0,1289.0,14:07:16.820624
36.0,-269.0,1301.0,14:07:16.830068
181.0,-373.0,938.0,14:07:16.839491
-52.0,-533.0,843.0,14:07:16.850044
-8.0,-560.0,1066.0,14:07:16.859352
49.0,-517.0,948.0,14:07:16.869778
-65.0,-402.0,825.0,14:07:16.879134
182.0,-683.0,1033.0,14:07:16.889682
-11.0,-786.0,539.0,14:07:16.899112
87.0,-645.0,740.0,14:07:16.908379
-91.0,-469.0,1198.0,14:07:16.919047
-15.0,-575.0,855.0,14:07:16.928329
-38.0,-482.0,718.0,14:07:16.938933
-50.0,-773.0,809.0,14:07:16.948304
-68.0,-696.0,787.0,14:07:16.957843
201.0,-533.0,680.0,14:07:16.968402
-46.0,-411.0,1183.0,14:07:16.977760
-37.0,-623.0,838.0,14:07:16.987220
19.0,-657.0,413.0,14:07:16.997825
79.0,-981.0,661.0,14:07:17.007231
139.0,-749.0,973.0,14:07:17.017800
-89.0,-369.0,1094.0,14:07:17.027308
-36.0,-390.0,954.0,14:07:17.037085
-139.0,-193.0,785.0,14:07:17.046611
107.0,-349.0,787.0,14:07:17.057138
22.0,-158.0,1020.0,14:07:17.066558
-168.0,-113.0,1155.0,14:07:17.075904
-18.0,-301.0,1106.0,14:07:17.086518
146.0,-532.0,1050.0,14:07:17.095923
20.0,-588.0,974.0,14:07:17.105658
38.0,-487.0,1172.0,14:07:17.116207
-127.0,-541.0,1254.0,14:07:17.125555
58.0,-598.0,1204.0,14:07:17.135996
208.0,-537.0,814.0,14:07:17.145411
68.0,-481.0,656.0,14:07:17.154751
136.0,-461.0,885.0,14:07:17.165230
-74.0,-501.0,1127.0,14:07:17.174626
163.0,-456.0,845.0,14:07:17.185330
135.0,-439.0,720.0,14:07:17.194719
26.0,-444.0,837.0,14:07:17.204190
49.0,-458.0,940.0,14:07:17.214761
-25.0,-535.0,858.0,14:07:17.224114
96.0,-448.0,806.0,14:07:17.234730
45.0,-415.0,977.0,14:07:17.244036
23.0,-546.0,993.0,14:07:17.253625
47.0,-414.0,953.0,14:07:17.264063
22.0,-376.0,695.0,14:07:17.273563
-2.0,-478.0,1017.0,14:07:17.284069
-86.0,-583.0,1007.0,14:07:17.293641
16.0,-597.0,835.0,14:07:17.302998
-47.0,-572.0,957.0,14:07:17.313539
24.0,-591.0,1157.0,14:07:17.322899
-7.0,-592.0,925.0,14:07:17.333312
-99.0,-402.0,838.0,14:07:17.342716
-72.0,-619.0,944.0,14:07:17.352059
-70.0,-588.0,930.0,14:07:17.362624
-50.0,-633.0,969.0,14:07:17.371989
-56.0,-552.0,878.0,14:07:17.382539
16.0,-586.0,882.0,14:07:17.391865
-139.0,-455.0,892.0,14:07:17.401410
-104.0,-574.0,961.0,14:07:17.411901
-88.0,-605.0,1007.0,14:07:17.421395
-34.0,-333.0,714.0,14:07:17.431911
-74.0,-427.0,874.0,14:07:17.441403
-90.0,-430.0,1048.0,14:07:17.450786
-19.0,-539.0,914.0,14:07:17.461402
23.0,-331.0,724.0,14:07:17.470822
230.0,-493.0,822.0,14:07:17.481327
53.0,-371.0,985.0,14:07:17.490779
16.0,-567.0,1042.0,14:07:17.500129
192.0,-540.0,701.0,14:07:17.510735
-14.0,-639.0,1109.0,14:07:17.520107
132.0,-485.0,921.0,14:07:17.530629
102.0,-390.0,779.0,14:07:17.540090
158.0,-438.0,926.0,14:07:17.549439
119.0,-534.0,952.0,14:07:17.560167
22.0,-367.0,830.0,14:07:17.569521
172.0,-464.0,1001.0,14:07:17.579099
122.0,-485.0,995.0,14:07:17.589524
193.0,-470.0,899.0,14:07:17.599029
192.0,-462.0,925.0,14:07:17.608407
147.0,-548.0,1013.0,14:07:17.619032
191.0,-496.0,916.0,14:07:17.628346
84.0,-412.0,862.0,14:07:17.638911
-33.0,-490.0,889.0,14:07:17.648414
38.0,-473.0,926.0,14:07:17.657815
20.0,-475.0,842.0,14:07:17.668366
-41.0,-388.0,985.0,14:07:17.677822
64.0,-565.0,874.0,14:07:17.687288
121.0,-552.0,990.0,14:07:17.697859
-24.0,-534.0,834.0,14:07:17.707257
65.0,-533.0,942.0,14:07:17.717845
-5.0,-511.0,987.0,14:07:17.727323
122.0,-548.0,1050.0,14:07:17.736723
-100.0,-505.0,850.0,14:07:17.747192
8.0,-463.0,933.0,14:07:17.756560
20.0,-502.0,935.0,14:07:17.767142
-34.0,-536.0,1065.0,14:07:17.776512
188.0,-395.0,850.0,14:07:17.785942
108.0,-488.0,896.0,14:07:17.796471
31.0,-648.0,1041.0,14:07:17.805942
110.0,-552.0,977.0,14:07:17.816515
59.0,-349.0,832.0,14:07:17.825932
73.0,-516.0,1038.0,14:07:17.835379
52.0,-508.0,774.0,14:07:17.845885
-29.0,-472.0,857.0,14:07:17.855260
-126.0,-471.0,1021.0,14:07:17.865860
-107.0,-562.0,953.0,14:07:17.875248
76.0,-476.0,821.0,14:07:17.884752
-40.0,-487.0,1003.0,14:07:17.895282
17.0,-524.0,863.0,14:07:17.906860
-37.0,-398.0,898.0,14:07:17.914111
-110.0,-542.0,1123.0,14:07:17.924661
179.0,-484.0,736.0,14:07:17.934053
47.0,-570.0,1146.0,14:07:17.944696
-49.0,-663.0,1214.0,14:07:17.954062
151.0,-477.0,1041.0,14:07:17.963428
-102.0,-407.0,757.0,14:07:17.973842
118.0,-618.0,634.0,14:07:17.983281
-72.0,-557.0,800.0,14:07:17.993686
255.0,-334.0,829.0,14:07:18.003140
-264.0,4.0,768.0,14:07:18.013608
-119.0,-370.0,882.0,14:07:18.023169
1.0,-689.0,1370.0,14:07:18.032467
99.0,-799.0,1272.0,14:07:18.043030
158.0,-393.0,590.0,14:07:18.052438
-103.0,-423.0,1504.0,14:07:18.062932
-73.0,-704.0,1228.0,14:07:18.072456
116.0,-540.0,-73.0,14:07:18.081764
-23.0,-241.0,439.0,14:07:18.092471
92.0,-689.0,1477.0,14:07:18.101803
147.0,-518.0,884.0,14:07:18.112368
-15.0,-412.0,436.0,14:07:18.121689
-172.0,-685.0,1138.0,14:07:18.131230
130.0,-785.0,1262.0,14:07:18.141730
132.0,-346.0,534.0,14:07:18.151076
-35.0,-459.0,1081.0,14:07:18.161539
156.0,-613.0,1305.0,14:07:18.170897
198.0,-463.0,413.0,14:07:18.181376
99.0,-256.0,448.0,14:07:18.190835
74.0,-843.0,1651.0,14:07:18.200284
-28.0,-600.0,799.0,14:07:18.210769
-26.0,-477.0,698.0,14:07:18.220250
-119.0,-596.0,1231.0,14:07:18.230700
119.0,-725.0,1193.0,14:07:18.240235
62.0,-484.0,414.0,14:07:18.249572
15.0,-496.0,1066.0,14:07:18.260139
-142.0,-443.0,1091.0,14:07:18.269503
5.0,-199.0,348.0,14:07:18.279073
-49.0,-370.0,973.0,14:07:18.289483
74.0,-457.0,1362.0,14:07:18.298942
-258.0,-170.0,709.0,14:07:18.310955
54.0,-282.0,772.0,14:07:18.319183
-140.0,-833.0,1180.0,14:07:18.328496
147.0,-1025.0,782.0,14:07:18.339081
60.0,-549.0,943.0,14:07:18.348370
-124.0,-610.0,1195.0,14:07:18.357992
0.0,-584.0,800.0,14:07:18.368432
-241.0,-213.0,533.0,14:07:18.377858
-18.0,-539.0,1051.0,14:07:18.388357
-119.0,-623.0,1112.0,14:07:18.397858
129.0,-518.0,940.0,14:07:18.407197
-109.0,-352.0,528.0,14:07:18.417768
198.0,-820.0,894.0,14:07:18.427231
-86.0,-735.0,901.0,14:07:18.437742
190.0,-279.0,767.0,14:07:18.447136
68.0,-539.0,1225.0,14:07:18.457581
105.0,-363.0,710.0,14:07:18.476263
-181.0,-311.0,827.0,14:07:18.486829
-35.0,-514.0,1008.0,14:07:18.496274
-67.0,-267.0,838.0,14:07:18.505783
89.0,-495.0,897.0,14:07:18.516408
-32.0,-332.0,679.0,14:07:18.525842
-44.0,-226.0,669.0,14:07:18.536485
52.0,-291.0,994.0,14:07:18.545916
-74.0,-562.0,1683.0,14:07:18.555296
27.0,-245.0,564.0,14:07:18.565912
-59.0,-428.0,1235.0,14:07:18.575292
37.0,-639.0,1447.0,14:07:18.584823
201.0,-833.0,698.0,14:07:18.595243
235.0,-541.0,697.0,14:07:18.604757
145.0,-366.0,1034.0,14:07:18.615232
212.0,-398.0,1084.0,14:07:18.624706
168.0,-458.0,876.0,14:07:18.633975
47.0,-564.0,579.0,14:07:18.644510
67.0,-409.0,639.0,14:07:18.653833
298.0,-451.0,1197.0,14:07:18.664263
104.0,-333.0,1082.0,14:07:18.673788
-33.0,-349.0,675.0,14:07:18.684293
14.0,-472.0,1206.0,14:07:18.693732
150.0,-263.0,894.0,14:07:18.703103
180.0,-392.0,826.0,14:07:18.713784
71.0,-485.0,1023.0,14:07:18.723068
145.0,-538.0,1065.0,14:07:18.733698
55.0,-404.0,466.0,14:07:18.742975
110.0,-246.0,1261.0,14:07:18.752585
151.0,-518.0,1272.0,14:07:18.763005
128.0,-576.0,576.0,14:07:18.772454
174.0,-324.0,758.0,14:07:18.781886
165.0,-321.0,1199.0,14:07:18.792430
279.0,-600.0,992.0,14:07:18.801844
141.0,-611.0,909.0,14:07:18.812312
118.0,-533.0,969.0,14:07:18.821816
256.0,-463.0,897.0,14:07:18.832314
214.0,-664.0,996.0,14:07:18.841720
50.0,-498.0,1132.0,14:07:18.851001
-4.0,-475.0,1100.0,14:07:18.861514
29.0,-613.0,1053.0,14:07:18.870813
138.0,-525.0,865.0,14:07:18.881425
319.0,-654.0,1000.0,14:07:18.890745
109.0,-705.0,1061.0,14:07:18.900235
253.0,-449.0,948.0,14:07:18.910722
161.0,-467.0,720.0,14:07:18.920179
189.0,-364.0,507.0,14:07:18.930790
148.0,-133.0,515.0,14:07:18.940306
-18.0,-25.0,718.0,14:07:18.949674
-1.0,-42.0,461.0,14:07:18.960195
5.0,-354.0,1161.0,14:07:18.969696
51.0,-516.0,1323.0,14:07:18.980189
219.0,-574.0,914.0,14:07:18.989617
-124.0,-491.0,1113.0,14:07:18.999049
15.0,-519.0,1132.0,14:07:19.009699
81.0,-704.0,1316.0,14:07:19.019107
270.0,-818.0,691.0,14:07:19.028492
25.0,-649.0,948.0,14:07:19.048195
186.0,-722.0,504.0,14:07:19.058718
-45.0,-441.0,905.0,14:07:19.068050
140.0,-680.0,1446.0,14:07:19.078616
-186.0,-622.0,741.0,14:07:19.087983
0.0,-574.0,911.0,14:07:19.097433
-327.0,-703.0,1530.0,14:07:19.109146
72.0,-740.0,866.0,14:07:19.117800
54.0,-634.0,509.0,14:07:19.127305
135.0,-538.0,1383.0,14:07:19.137804
-266.0,-597.0,978.0,14:07:19.147148
33.0,-204.0,148.0,14:07:19.157755
-200.0,30.0,592.0,14:07:19.167099
-56.0,-184.0,951.0,14:07:19.176510
-203.0,-168.0,1149.0,14:07:19.187022
-194.0,16.0,889.0,14:07:19.196489
-121.0,-266.0,978.0,14:07:19.207024
3.0,-539.0,1146.0,14:07:19.216408
179.0,-617.0,937.0,14:07:19.225742
46.0,-434.0,1043.0,14:07:19.236276
86.0,-556.0,1331.0,14:07:19.245564
72.0,-654.0,735.0,14:07:19.256144
140.0,-689.0,700.0,14:07:19.265454
10.0,-824.0,949.0,14:07:19.276033
141.0,-477.0,602.0,14:07:19.285440
127.0,-626.0,708.0,14:07:19.294773
-68.0,-535.0,1111.0,14:07:19.305297
-4.0,-609.0,684.0,14:07:19.314729
142.0,-526.0,506.0,14:07:19.325323
97.0,-583.0,1203.0,14:07:19.334667
20.0,-634.0,1103.0,14:07:19.344158
326.0,-517.0,898.0,14:07:19.354713
-14.0,-419.0,1260.0,14:07:19.364045
245.0,-474.0,975.0,14:07:19.374687
-21.0,-460.0,950.0,14:07:19.384070
-262.0,-368.0,1084.0,14:07:19.393510
-270.0,-359.0,661.0,14:07:19.403956
-454.0,-512.0,883.0,14:07:19.413559
-173.0,-656.0,1232.0,14:07:19.422877
-29.0,-594.0,838.0,14:07:19.433360
-235.0,-659.0,897.0,14:07:19.442665
-59.0,-529.0,1177.0,14:07:19.453315
-110.0,-411.0,975.0,14:07:19.462689
78.0,-494.0,938.0,14:07:19.473290
20.0,-409.0,717.0,14:07:19.482556
-339.0,-475.0,966.0,14:07:19.492061
51.0,-734.0,956.0,14:07:19.510620
-43.0,-656.0,680.0,14:07:19.512013
-58.0,-426.0,746.0,14:07:19.522492
71.0,-608.0,820.0,14:07:19.531834
128.0,-398.0,801.0,14:07:19.541327
100.0,-448.0,953.0,14:07:19.551808
26.0,-277.0,679.0,14:07:19.561312
196.0,-432.0,727.0,14:07:19.571907
47.0,-543.0,931.0,14:07:19.581294
89.0,-530.0,978.0,14:07:19.590729
-57.0,-358.0,702.0,14:07:19.601239
-72.0,-475.0,931.0,14:07:19.620962
37.0,-759.0,669.0,14:07:19.630354
201.0,-657.0,1095.0,14:07:19.640866
-67.0,-608.0,1393.0,14:07:19.650271
46.0,-305.0,823.0,14:07:19.659590
-137.0,-525.0,884.0,14:07:19.670187
-96.0,-636.0,1588.0,14:07:19.679549
97.0,-455.0,899.0,14:07:19.690121
-47.0,-271.0,788.0,14:07:19.699431
-10.0,-395.0,1451.0,14:07:19.709921
85.0,-790.0,1008.0,14:07:19.719416
46.0,-393.0,297.0,14:07:19.728696
-237.0,-405.0,1154.0,14:07:19.739246
101.0,-731.0,1430.0,14:07:19.748525
126.0,-365.0,538.0,14:07:19.759141
-104.0,-313.0,849.0,14:07:19.768499
239.0,-684.0,1088.0,14:07:19.779101
-121.0,-308.0,696.0,14:07:19.788414
55.0,-740.0,1005.0,14:07:19.797919
-34.0,-542.0,600.0,14:07:19.808499
-12.0,-416.0,574.0,14:07:19.817939
73.0,-614.0,1063.0,14:07:19.827247
22.0,-429.0,1244.0,14:07:19.837921
-82.0,-101.0,458.0,14:07:19.847227
-4.0,-459.0,600.0,14:07:19.857858
97.0,-633.0,1188.0,14:07:19.867304
314.0,-707.0,1330.0,14:07:19.876719
213.0,-417.0,1033.0,14:07:19.887206
42.0,-179.0,1172.0,14:07:19.896518
238.0,-617.0,1058.0,14:07:19.907220
358.0,-532.0,763.0,14:07:19.916493
186.0,-208.0,310.0,14:07:19.926001
-3.0,-222.0,1147.0,14:07:19.936498
-49.0,-476.0,1376.0,14:07:19.946074
223.0,-633.0,629.0,14:07:19.955482
105.0,-414.0,480.0,14:07:19.966110
56.0,-457.0,1617.0,14:07:19.975420
63.0,-266.0,1132.0,14:07:19.986018
72.0,-331.0,931.0,14:07:19.995414
251.0,-770.0,969.0,14:07:20.004820
248.0,-576.0,511.0,14:07:20.015291
-164.0,-117.0,485.0,14:07:20.024821
-140.0,-423.0,1684.0,14:07:20.035306
255.0,-674.0,1277.0,14:07:20.044741
167.0,-717.0,690.0,14:07:20.054096
208.0,-346.0,196.0,14:07:20.064746
-91.0,-406.0,787.0,14:07:20.074131
54.0,-572.0,1304.0,14:07:20.084635
-2.0,-471.0,1315.0,14:07:20.094071
-107.0,-209.0,596.0,14:07:20.103471
12.0,-558.0,1217.0,14:07:20.123283
260.0,-683.0,832.0,14:07:20.133837
128.0,-465.0,968.0,14:07:20.143108
259.0,-434.0,955.0,14:07:20.153666
241.0,-463.0,748.0,14:07:20.163010
149.0,-721.0,847.0,14:07:20.172538
213.0,-471.0,707.0,14:07:20.182964
-232.0,-357.0,896.0,14:07:20.192395
-26.0,-440.0,1055.0,14:07:20.202928
18.0,-578.0,1091.0,14:07:20.212412
39.0,-366.0,904.0,14:07:20.221754
-205.0,-294.0,1129.0,14:07:20.232160
180.0,-465.0,1108.0,14:07:20.241578
-104.0,-693.0,866.0,14:07:20.251973
208.0,-743.0,596.0,14:07:20.261385
241.0,-687.0,716.0,14:07:20.271807
97.0,-633.0,981.0,14:07:20.281312
147.0,-556.0,1363.0,14:07:20.290691
-135.0,-329.0,656.0,14:07:20.301235
44.0,-435.0,414.0,14:07:20.317173
-44.0,-697.0,1060.0,14:07:20.320998
-33.0,-663.0,1077.0,14:07:20.330341
-39.0,-578.0,725.0,14:07:20.340915
-95.0,-245.0,1199.0,14:07:20.350354
84.0,-430.0,1195.0,14:07:20.360849
101.0,-594.0,535.0,14:07:20.370163
-1.0,-414.0,712.0,14:07:20.379529
116.0,-482.0,1201.0,14:07:20.390200
5.0,-619.0,1401.0,14:07:20.399552
308.0,-568.0,508.0,14:07:20.410048
-197.0,-668.0,530.0,14:07:20.419542
-77.0,-229.0,833.0,14:07:20.428911
-36.0,-611.0,1289.0,14:07:20.439663
26.0,-582.0,815.0,14:07:20.449056
-248.0,102.0,582.0,14:07:20.458500
-203.0,-624.0,1646.0,14:07:20.469209
145.0,-523.0,710.0,14:07:20.478743
46.0,-384.0,517.0,14:07:20.488018
130.0,-611.0,1238.0,14:07:20.498532
14.0,-797.0,1157.0,14:07:20.507914
-98.0,-592.0,771.0,14:07:20.518511
134.0,-722.0,1003.0,14:07:20.527947
14.0,-506.0,856.0,14:07:20.537294
-28.0,-217.0,541.0,14:07:20.547827
-170.0,-703.0,1081.0,14:07:20.557277
-127.0,-536.0,777.0,14:07:20.567830
-10.0,-151.0,786.0,14:07:20.577215
-135.0,-280.0,873.0,14:07:20.586601
172.0,-588.0,1209.0,14:07:20.597157
-36.0,-534.0,859.0,14:07:20.606563
91.0,-626.0,657.0,14:07:20.617029
-140.0,-486.0,1267.0,14:07:20.626449
191.0,-508.0,1233.0,14:07:20.636035
103.0,-408.0,803.0,14:07:20.646525
37.0,-493.0,863.0,14:07:20.655873
282.0,-619.0,564.0,14:07:20.666420
32.0,-508.0,885.0,14:07:20.675885
-182.0,-498.0,1316.0,14:07:20.685229
-45.0,-343.0,1059.0,14:07:20.695799
-135.0,-363.0,802.0,14:07:20.705202
48.0,-542.0,732.0,14:07:20.715202
54.0,-633.0,759.0,14:07:20.724789
-8.0,-425.0,884.0,14:07:20.735228
-89.0,-366.0,960.0,14:07:20.744704
-80.0,-329.0,1053.0,14:07:20.754199
184.0,-603.0,933.0,14:07:20.764748
-13.0,-576.0,735.0,14:07:20.774177
31.0,-519.0,1008.0,14:07:20.784716
-24.0,-506.0,872.0,14:07:20.794110
291.0,-431.0,1119.0,14:07:20.803515
7.0,-335.0,1103.0,14:07:20.814127
52.0,-620.0,691.0,14:07:20.823591
129.0,-578.0,669.0,14:07:20.834066
76.0,-469.0,1220.0,14:07:20.843565
-148.0,-438.0,1071.0,14:07:20.852827
217.0,-673.0,737.0,14:07:20.863457
93.0,-471.0,997.0,14:07:20.872764
27.0,-475.0,996.0,14:07:20.883234
266.0,-615.0,744.0,14:07:20.892528
33.0,-578.0,994.0,14:07:20.902072
268.0,-543.0,947.0,14:07:20.912588
-51.0,-508.0,690.0,14:07:20.922055
-44.0,-507.0,1071.0,14:07:20.932624
183.0,-456.0,908.0,14:07:20.942053
-62.0,-417.0,932.0,14:07:20.951363
120.0,-496.0,868.0,14:07:20.961966
164.0,-449.0,849.0,14:07:20.971340
208.0,-588.0,953.0,14:07:20.981858
2.0,-458.0,1044.0,14:07:20.991250
6.0,-450.0,791.0,14:07:21.001728
143.0,-420.0,861.0,14:07:21.011245
13.0,-557.0,913.0,14:07:21.020609
29.0,-518.0,1128.0,14:07:21.031067
24.0,-563.0,829.0,14:07:21.040396
93.0,-620.0,874.0,14:07:21.050864
-35.0,-708.0,1279.0,14:07:21.060289
-20.0,-745.0,1086.0,14:07:21.069725
177.0,-552.0,541.0,14:07:21.080198
66.0,-466.0,886.0,14:07:21.089587
123.0,-540.0,894.0,14:07:21.100104
-16.0,-524.0,766.0,14:07:21.109533
-81.0,-291.0,653.0,14:07:21.118992
-223.0,-289.0,1082.0,14:07:21.129588
-130.0,-638.0,1170.0,14:07:21.139029
5.0,-525.0,759.0,14:07:21.149518
-106.0,-396.0,1200.0,14:07:21.158840
-75.0,-612.0,1321.0,14:07:21.169375
278.0,-549.0,794.0,14:07:21.178662
107.0,-420.0,761.0,14:07:21.188019
131.0,-605.0,1204.0,14:07:21.198469
61.0,-425.0,596.0,14:07:21.207986
17.0,-12.0,414.0,14:07:21.218476
93.0,-314.0,1441.0,14:07:21.227919
0.0,-567.0,897.0,14:07:21.238362
9.0,-423.0,892.0,14:07:21.247801
-15.0,-356.0,1162.0,14:07:21.257218
196.0,-441.0,1010.0,14:07:21.267781
23.0,-599.0,1147.0,14:07:21.277130
256.0,-660.0,822.0,14:07:21.287814
166.0,-431.0,800.0,14:07:21.297172
26.0,-260.0,636.0,14:07:21.306436
171.0,-268.0,495.0,14:07:21.317041
54.0,-400.0,794.0,14:07:21.326354
91.0,-549.0,1278.0,14:07:21.337026
54.0,-330.0,814.0,14:07:21.346280
-7.0,-477.0,1147.0,14:07:21.355903
46.0,-805.0,1015.0,14:07:21.366366
-85.0,-932.0,1147.0,14:07:21.375828
80.0,-454.0,702.0,14:07:21.385242
-15.0,-231.0,649.0,14:07:21.395937
65.0,-63.0,1002.0,14:07:21.405351
7.0,-788.0,1382.0,14:07:21.414798
87.0,-735.0,25.0,14:07:21.425247
-259.0,-371.0,816.0,14:07:21.434692
-213.0,-834.0,1746.0,14:07:21.445360
141.0,-1019.0,902.0,14:07:21.454767
-127.0,-359.0,272.0,14:07:21.464237
-233.0,-253.0,1035.0,14:07:21.474767
-184.0,-282.0,1615.0,14:07:21.484115
76.0,-594.0,697.0,14:07:21.494631
56.0,-543.0,109.0,14:07:21.504020
-104.0,-248.0,1362.0,14:07:21.516131
133.0,-694.0,1578.0,14:07:21.523884
124.0,-774.0,952.0,14:07:21.533273
118.0,-649.0,691.0,14:07:21.543691
74.0,-748.0,830.0,14:07:21.563339
-47.0,-520.0,998.0,14:07:21.572822
-45.0,-268.0,941.0,14:07:21.583357
-63.0,-347.0,964.0,14:07:21.592862
9.0,-340.0,800.0,14:07:21.602202
29.0,-365.0,1308.0,14:07:21.612757
160.0,-296.0,1105.0,14:07:21.622018
177.0,-770.0,838.0,14:07:21.632559
54.0,-660.0,889.0,14:07:21.641842
-20.0,-778.0,1440.0,14:07:21.652516
131.0,-914.0,1216.0,14:07:21.661808
196.0,-738.0,749.0,14:07:21.671307
61.0,-677.0,1162.0,14:07:21.681768
46.0,-869.0,1078.0,14:07:21.691062
316.0,-754.0,701.0,14:07:21.701588
-94.0,-561.0,580.0,14:07:21.710918
195.0,-353.0,532.0,14:07:21.721516
-39.0,-188.0,924.0,14:07:21.730841
-89.0,-402.0,612.0,14:07:21.740322
-55.0,-215.0,1019.0,14:07:21.759975
-123.0,-333.0,1183.0,14:07:21.770412
44.0,-467.0,1178.0,14:07:21.779923
-110.0,-643.0,968.0,14:07:21.790327
174.0,-506.0,757.0,14:07:21.799777
102.0,-658.0,1005.0,14:07:21.810240
24.0,-505.0,1259.0,14:07:21.819660
164.0,-480.0,941.0,14:07:21.829114
-40.0,-505.0,515.0,14:07:21.839669
83.0,-497.0,710.0,14:07:21.849046
-290.0,-308.0,882.0,14:07:21.859663
-141.0,-238.0,874.0,14:07:21.869156
-172.0,-274.0,803.0,14:07:21.878573
-122.0,-306.0,748.0,14:07:21.889195
93.0,-284.0,951.0,14:07:21.898682
3.0,-364.0,936.0,14:07:21.916024
111.0,-463.0,981.0,14:07:21.920056
167.0,-361.0,1143.0,14:07:21.928203
69.0,-404.0,1013.0,14:07:21.937597
168.0,-555.0,934.0,14:07:21.948158
81.0,-460.0,1147.0,14:07:21.957600
107.0,-595.0,1038.0,14:07:21.967033
113.0,-588.0,735.0,14:07:21.977592
136.0,-507.0,1087.0,14:07:21.987009
4.0,-247.0,1034.0,14:07:21.997508
-187.0,-118.0,835.0,14:07:22.006877
-216.0,-177.0,1056.0,14:07:22.017437
-156.0,-484.0,919.0,14:07:22.026778
16.0,-560.0,747.0,14:07:22.036258
22.0,-699.0,978.0,14:07:22.056034
170.0,-642.0,1091.0,14:07:22.066573
197.0,-784.0,935.0,14:07:22.075860
42.0,-721.0,857.0,14:07:22.086522
104.0,-629.0,971.0,14:07:22.096029
-72.0,-577.0,841.0,14:07:22.105298
37.0,-617.0,825.0,14:07:22.115843
91.0,-607.0,919.0,14:07:22.125139
59.0,-536.0,982.0,14:07:22.135637
90.0,-518.0,1030.0,14:07:22.144926
95.0,-535.0,961.0,14:07:22.155390
134.0,-534.0,903.0,14:07:22.164775
168.0,-500.0,957.0,14:07:22.174189
-42.0,-438.0,1043.0,14:07:22.184784
-73.0,-542.0,1038.0,14:07:22.194174
39.0,-582.0,792.0,14:07:22.204808
143.0,-529.0,636.0,14:07:22.214172
256.0,-457.0,748.0,14:07:22.223579
38.0,-362.0,742.0,14:07:22.234162
-25.0,-475.0,836.0,14:07:22.243550
56.0,-419.0,730.0,14:07:22.254106
7.0,-387.0,765.0,14:07:22.263523
15.0,-365.0,785.0,14:07:22.272978
37.0,-417.0,849.0,14:07:22.283606
-3.0,-345.0,967.0,14:07:22.292899
-62.0,-321.0,1037.0,14:07:22.303531
-66.0,-328.0,871.0,14:07:22.312848
48.0,-388.0,987.0,14:07:22.322456
25.0,-501.0,1093.0,14:07:22.332865
-45.0,-615.0,1160.0,14:07:22.342380
146.0,-689.0,1071.0,14:07:22.351856
111.0,-860.0,921.0,14:07:22.362528
208.0,-830.0,851.0,14:07:22.371884
-15.0,-867.0,712.0,14:07:22.381321
88.0,-712.0,719.0,14:07:22.391754
-23.0,-506.0,775.0,14:07:22.401214
86.0,-433.0,636.0,14:07:22.411787
-168.0,-275.0,689.0,14:07:22.421269
-141.0,-133.0,908.0,14:07:22.430597
-24.0,-212.0,826.0,14:07:22.441315
-226.0,-133.0,999.0,14:07:22.450662
-3.0,-191.0,1097.0,14:07:22.460105
-89.0,-333.0,982.0,14:07:22.470728
1.0,-361.0,996.0,14:07:22.480638
-17.0,-432.0,1274.0,14:07:22.490129
57.0,-392.0,1153.0,14:07:22.500589
-140.0,-511.0,1063.0,14:07:22.509950
-8.0,-568.0,1054.0,14:07:22.519352
-24.0,-638.0,962.0,14:07:22.529847
105.0,-646.0,961.0,14:07:22.539245
49.0,-570.0,1083.0,14:07:22.549806
54.0,-638.0,869.0,14:07:22.559149
89.0,-626.0,807.0,14:07:22.569671
108.0,-561.0,834.0,14:07:22.579066
65.0,-438.0,727.0,14:07:22.588496
119.0,-449.0,761.0,14:07:22.599088
24.0,-409.0,749.0,14:07:22.608414
-67.0,-445.0,685.0,14:07:22.618927
31.0,-407.0,853.0,14:07:22.628340
-8.0,-328.0,886.0,14:07:22.637772
-4.0,-353.0,802.0,14:07:22.648270
54.0,-310.0,887.0,14:07:22.657573
-8.0,-454.0,1134.0,14:07:22.668291
206.0,-579.0,1013.0,14:07:22.677612
-26.0,-612.0,980.0,14:07:22.687054
182.0,-542.0,1163.0,14:07:22.697484
144.0,-567.0,1202.0,14:07:22.707079
4.0,-574.0,1016.0,14:07:22.719102
212.0,-626.0,1065.0,14:07:22.727417
33.0,-676.0,1041.0,14:07:22.736779
104.0,-585.0,895.0,14:07:22.746167
53.0,-607.0,1015.0,14:07:22.756685
88.0,-691.0,845.0,14:07:22.766012
52.0,-539.0,779.0,14:07:22.776452
97.0,-542.0,832.0,14:07:22.785848
44.0,-397.0,853.0,14:07:22.805475
-46.0,-326.0,819.0,14:07:22.815995
40.0,-442.0,839.0,14:07:22.825536
-72.0,-379.0,782.0,14:07:22.834883
121.0,-367.0,816.0,14:07:22.845389
-46.0,-239.0,854.0,14:07:22.854777
66.0,-354.0,911.0,14:07:22.865395
56.0,-442.0,954.0,14:07:22.874726
70.0,-476.0,925.0,14:07:22.885189
128.0,-519.0,987.0,14:07:22.894566
75.0,-605.0,932.0,14:07:22.904054
41.0,-650.0,965.0,14:07:22.914586
-2.0,-745.0,989.0,14:07:22.923947
130.0,-814.0,1044.0,14:07:22.934484
8.0,-666.0,984.0,14:07:22.943790
197.0,-790.0,1068.0,14:07:22.953200
-124.0,-777.0,990.0,14:07:22.963662
34.0,-650.0,859.0,14:07:22.973121
-15.0,-627.0,1001.0,14:07:22.983677
4.0,-597.0,961.0,14:07:22.993061
51.0,-501.0,777.0,14:07:23.002515
-113.0,-478.0,732.0,14:07:23.013027
9.0,-324.0,814.0,14:07:23.022427
-23.0,-264.0,743.0,14:07:23.032952
-231.0,-232.0,843.0,14:07:23.042286
73.0,-218.0,880.0,14:07:23.051773
-226.0,-210.0,808.0,14:07:23.062221
85.0,-303.0,922.0,14:07:23.071556
-82.0,-375.0,1294.0,14:07:23.082092
-30.0,-548.0,1147.0,14:07:23.091396
229.0,-553.0,910.0,14:07:23.102028
-24.0,-522.0,1044.0,14:07:23.119645
129.0,-784.0,1106.0,14:07:23.121106
34.0,-729.0,809.0,14:07:23.131748
-20.0,-528.0,727.0,14:07:23.141106
-38.0,-554.0,678.0,14:07:23.150536
-83.0,-606.0,953.0,14:07:23.160989
-155.0,-476.0,827.0,14:07:23.170480
-125.0,-560.0,818.0,14:07:23.180919
48.0,-584.0,910.0,14:07:23.190404
-144.0,-460.0,1014.0,14:07:23.200854
79.0,-374.0,1000.0,14:07:23.210258
75.0,-366.0,958.0,14:07:23.219592
20.0,-432.0,999.0,14:07:23.230101
-32.0,-456.0,839.0,14:07:23.239554
150.0,-536.0,960.0,14:07:23.249077
-44.0,-366.0,943.0,14:07:23.259645
110.0,-461.0,964.0,14:07:23.269031
72.0,-415.0,920.0,14:07:23.279588
43.0,-488.0,926.0,14:07:23.289062
55.0,-280.0,948.0,14:07:23.298413
-68.0,-311.0,1033.0,14:07:23.308470
-45.0,-381.0,979.0,14:07:23.318031
42.0,-299.0,858.0,14:07:23.328460
40.0,-432.0,893.0,14:07:23.337888
86.0,-484.0,1012.0,14:07:23.348439
8.0,-412.0,940.0,14:07:23.357951
-109.0,-541.0,840.0,14:07:23.368393
-5.0,-632.0,750.0,14:07:23.377867
-172.0,-663.0,710.0,14:07:23.387245
140.0,-665.0,810.0,14:07:23.397921
-1.0,-542.0,737.0,14:07:23.407232
1.0,-387.0,477.0,14:07:23.416704
34.0,-496.0,896.0,14:07:23.427165
37.0,-647.0,1356.0,14:07:23.436575
-47.0,-342.0,1037.0,14:07:23.447041
-96.0,-771.0,1329.0,14:07:23.456398
164.0,-642.0,783.0,14:07:23.467068
-2.0,-264.0,384.0,14:07:23.476438
-123.0,-465.0,1315.0,14:07:23.485883
-16.0,-884.0,1457.0,14:07:23.496352
152.0,-772.0,836.0,14:07:23.505942
-58.0,-527.0,414.0,14:07:23.516408
20.0,-593.0,1067.0,14:07:23.525910
-21.0,-807.0,1689.0,14:07:23.535264
-45.0,-672.0,939.0,14:07:23.545917
105.0,-372.0,466.0,14:07:23.555210
-226.0,-445.0,1026.0,14:07:23.564630
-86.0,-403.0,944.0,14:07:23.575252
99.0,-360.0,770.0,14:07:23.584777
2.0,-330.0,832.0,14:07:23.595186
-24.0,-293.0,969.0,14:07:23.604668
134.0,-450.0,920.0,14:07:23.613991
-6.0,-470.0,906.0,14:07:23.624475
106.0,-439.0,867.0,14:07:23.633881
-37.0,-317.0,864.0,14:07:23.644305
121.0,-471.0,1038.0,14:07:23.653786
68.0,-595.0,960.0,14:07:23.664208
34.0,-596.0,851.0,14:07:23.673708
122.0,-532.0,652.0,14:07:23.683008
144.0,-586.0,968.0,14:07:23.693733
173.0,-439.0,1030.0,14:07:23.703084
52.0,-605.0,813.0,14:07:23.712496
213.0,-422.0,424.0,14:07:23.722939
65.0,-525.0,1029.0,14:07:23.732480
170.0,-593.0,1181.0,14:07:23.743030
0.0,-455.0,894.0,14:07:23.752403
56.0,-645.0,695.0,14:07:23.762852
-8.0,-641.0,1043.0,14:07:23.772385
272.0,-504.0,1002.0,14:07:23.781697
-70.0,-101.0,823.0,14:07:23.792361
-184.0,11.0,1272.0,14:07:23.801794
-57.0,-431.0,1060.0,14:07:23.811192
226.0,-738.0,490.0,14:07:23.821765
5.0,-427.0,835.0,14:07:23.831165
-132.0,-225.0,1565.0,14:07:23.841670
-42.0,-447.0,1322.0,14:07:23.850993
90.0,-205.0,768.0,14:07:23.861484
79.0,-490.0,951.0,14:07:23.870933
55.0,-438.0,1158.0,14:07:23.880346
-98.0,-391.0,1195.0,14:07:23.890781
176.0,-347.0,929.0,14:07:23.900254
175.0,-681.0,989.0,14:07:23.910704
39.0,-725.0,798.0,14:07:23.922013
284.0,-807.0,698.0,14:07:23.930284
2.0,-574.0,916.0,14:07:23.939575
119.0,-301.0,969.0,14:07:23.950162
-20.0,-311.0,832.0,14:07:23.959515
108.0,-451.0,632.0,14:07:23.969096
90.0,-511.0,707.0,14:07:23.979548
-13.0,-292.0,800.0,14:07:23.988836
67.0,-327.0,1147.0,14:07:23.999417
17.0,-481.0,1122.0,14:07:24.008697
-11.0,-581.0,832.0,14:07:24.019188
103.0,-512.0,735.0,14:07:24.028603
5.0,-529.0,972.0,14:07:24.038014
-33.0,-557.0,1116.0,14:07:24.048494
284.0,-523.0,911.0,14:07:24.057966
77.0,-504.0,884.0,14:07:24.068339
-2.0,-738.0,904.0,14:07:24.077798
-121.0,-446.0,918.0,14:07:24.088215
-24.0,-402.0,991.0,14:07:24.097617
8.0,-355.0,969.0,14:07:24.107040
77.0,-537.0,1012.0,14:07:24.117529
23.0,-496.0,948.0,14:07:24.127053
266.0,-624.0,669.0,14:07:24.137483
140.0,-449.0,1075.0,14:07:24.146989
137.0,-677.0,1294.0,14:07:24.156373
204.0,-546.0,759.0,14:07:24.167021
1.0,-368.0,644.0,14:07:24.176326
60.0,-560.0,913.0,14:07:24.185945
-34.0,-547.0,905.0,14:07:24.196420
-63.0,-312.0,858.0,14:07:24.205857
-125.0,-392.0,1124.0,14:07:24.216291
43.0,-648.0,886.0,14:07:24.225779
121.0,-666.0,678.0,14:07:24.236290
81.0,-511.0,664.0,14:07:24.245715
-90.0,-506.0,1038.0,14:07:24.255190
-15.0,-496.0,1121.0,14:07:24.265797
35.0,-421.0,760.0,14:07:24.275144
124.0,-580.0,766.0,14:07:24.284639
-70.0,-668.0,1199.0,14:07:24.295175
69.0,-531.0,915.0,14:07:24.304641
120.0,-495.0,900.0,14:07:24.322380
54.0,-703.0,1069.0,14:07:24.326402
51.0,-626.0,995.0,14:07:24.334649
103.0,-544.0,744.0,14:07:24.344073
138.0,-484.0,821.0,14:07:24.354491
-56.0,-611.0,977.0,14:07:24.363910
94.0,-586.0,919.0,14:07:24.373356
-63.0,-355.0,842.0,14:07:24.383907
-26.0,-546.0,965.0,14:07:24.393286
-141.0,-537.0,868.0,14:07:24.403684
177.0,-428.0,591.0,14:07:24.413195
-230.0,-470.0,1073.0,14:07:24.422510
-31.0,-355.0,1080.0,14:07:24.433029
-107.0,-326.0,909.0,14:07:24.442408
-74.0,-476.0,951.0,14:07:24.452993
106.0,-500.0,811.0,14:07:24.462494
-6.0,-560.0,1121.0,14:07:24.471813
1.0,-582.0,876.0,14:07:24.482468
66.0,-612.0,984.0,14:07:24.491791
166.0,-605.0,738.0,14:07:24.502276
18.0,-651.0,871.0,14:07:24.511618
-90.0,-559.0,1066.0,14:07:24.522120
-130.0,-447.0,964.0,14:07:24.531408
-169.0,-459.0,789.0,14:07:24.541925
-10.0,-698.0,908.0,14:07:24.551374
84.0,-499.0,1150.0,14:07:24.560810
-155.0,-331.0,1016.0,14:07:24.571377
206.0,-481.0,890.0,14:07:24.580735
173.0,-629.0,1075.0,14:07:24.590304
6.0,-482.0,675.0,14:07:24.600741
112.0,-319.0,759.0,14:07:24.610294
-43.0,-298.0,966.0,14:07:24.620712
-52.0,-216.0,764.0,14:07:24.630494
127.0,-405.0,828.0,14:07:24.639890
17.0,-370.0,731.0,14:07:24.650360
66.0,-347.0,1121.0,14:07:24.659677
-69.0,-396.0,1233.0,14:07:24.669057
247.0,-497.0,978.0,14:07:24.679613
42.0,-588.0,1125.0,14:07:24.688984
169.0,-485.0,772.0,14:07:24.699544
60.0,-351.0,896.0,14:07:24.708981
-208.0,-511.0,1275.0,14:07:24.718453
11.0,-690.0,671.0,14:07:24.729088
40.0,-409.0,470.0,14:07:24.738606
-89.0,-467.0,1143.0,14:07:24.747968
-51.0,-511.0,1028.0,14:07:24.758476
126.0,-551.0,635.0,14:07:24.768013
-49.0,-512.0,927.0,14:07:24.778538
168.0,-464.0,1031.0,14:07:24.788113
54.0,-278.0,1152.0,14:07:24.797464
18.0,-484.0,886.0,14:07:24.807056
48.0,-417.0,921.0,14:07:24.817490
93.0,-430.0,884.0,14:07:24.826938
64.0,-587.0,1010.0,14:07:24.837413
-14.0,-553.0,1031.0,14:07:24.846861
113.0,-589.0,679.0,14:07:24.857329
22.0,-609.0,780.0,14:07:24.866752
-3.0,-505.0,948.0,14:07:24.877179
-90.0,-444.0,936.0,14:07:24.886578
-156.0,-540.0,1054.0,14:07:24.895924
-49.0,-634.0,878.0,14:07:24.906509
40.0,-493.0,905.0,14:07:24.915902
42.0,-574.0,1076.0,14:07:24.926473
25.0,-590.0,1016.0,14:07:24.935929
108.0,-511.0,955.0,14:07:24.945238
-34.0,-562.0,592.0,14:07:24.955893
218.0,-637.0,796.0,14:07:24.965271
4.0,-526.0,1073.0,14:07:24.974795
82.0,-665.0,749.0,14:07:24.985202
102.0,-586.0,914.0,14:07:24.994669
61.0,-604.0,1001.0,14:07:25.005115
176.0,-421.0,839.0,14:07:25.014511
-17.0,-315.0,879.0,14:07:25.024966
-46.0,-468.0,1007.0,14:07:25.034391
-2.0,-365.0,887.0,14:07:25.044862
-38.0,-442.0,813.0,14:07:25.054235
-54.0,-459.0,1080.0,14:07:25.063646
-110.0,-335.0,1033.0,14:07:25.074211
22.0,-625.0,634.0,14:07:25.083646
148.0,-571.0,890.0,14:07:25.094144
-17.0,-445.0,1037.0,14:07:25.103733
78.0,-472.0,1096.0,14:07:25.113035
55.0,-614.0,916.0,14:07:25.125598
25.0,-583.0,771.0,14:07:25.132952
-100.0,-539.0,924.0,14:07:25.142402
20.0,-445.0,934.0,14:07:25.152986
-77.0,-370.0,1063.0,14:07:25.162378
17.0,-517.0,800.0,14:07:25.172924
-62.0,-486.0,809.0,14:07:25.182367
117.0,-483.0,991.0,14:07:25.191793
28.0,-403.0,810.0,14:07:25.202431
128.0,-590.0,1021.0,14:07:25.211863
154.0,-581.0,1088.0,14:07:25.221391
146.0,-349.0,769.0,14:07:25.231903
-52.0,-373.0,893.0,14:07:25.241347
40.0,-449.0,1085.0,14:07:25.251770
68.0,-551.0,1031.0,14:07:25.261394
14.0,-355.0,836.0,14:07:25.270693
44.0,-450.0,874.0,14:07:25.281348
106.0,-497.0,973.0,14:07:25.290662
105.0,-504.0,961.0,14:07:25.300128
-1.0,-433.0,917.0,14:07:25.310585
50.0,-440.0,965.0,14:07:25.320061
155.0,-603.0,912.0,14:07:25.330620
-40.0,-505.0,762.0,14:07:25.340038
220.0,-439.0,981.0,14:07:25.350591
-55.0,-463.0,955.0,14:07:25.360020
80.0,-472.0,905.0,14:07:25.369483
-60.0,-395.0,861.0,14:07:25.380063
132.0,-580.0,1138.0,14:07:25.389469
-153.0,-609.0,1021.0,14:07:25.398904
187.0,-588.0,824.0,14:07:25.409442
66.0,-450.0,985.0,14:07:25.418825
48.0,-488.0,927.0,14:07:25.429366
-22.0,-739.0,801.0,14:07:25.438725
-30.0,-469.0,794.0,14:07:25.458349
36.0,-551.0,848.0,14:07:25.468769
-54.0,-431.0,938.0,14:07:25.478312
62.0,-506.0,826.0,14:07:25.487725
136.0,-335.0,847.0,14:07:25.498310
32.0,-316.0,1026.0,14:07:25.507725
125.0,-548.0,1121.0,14:07:25.517267
83.0,-533.0,843.0,14:07:25.527237
155.0,-527.0,758.0,14:07:25.537928
79.0,-535.0,953.0,14:07:25.547214
18.0,-704.0,1220.0,14:07:25.556596
175.0,-529.0,560.0,14:07:25.567051
37.0,-317.0,778.0,14:07:25.576376
-31.0,-514.0,1214.0,14:07:25.586991
49.0,-577.0,897.0,14:07:25.596420
6.0,-493.0,715.0,14:07:25.606922
-3.0,-410.0,824.0,14:07:25.616337
66.0,-533.0,1165.0,14:07:25.625807
65.0,-384.0,923.0,14:07:25.636384
56.0,-313.0,820.0,14:07:25.645955
25.0,-522.0,1050.0,14:07:25.655287
91.0,-681.0,918.0,14:07:25.665796
79.0,-611.0,808.0,14:07:25.675244
42.0,-403.0,929.0,14:07:25.685806
-66.0,-571.0,1072.0,14:07:25.695157
118.0,-574.0,892.0,14:07:25.704699
47.0,-326.0,627.0,14:07:25.715290
-136.0,-522.0,1002.0,14:07:25.724778
61.0,-597.0,924.0,14:07:25.734136
51.0,-466.0,1032.0,14:07:25.744755
119.0,-393.0,871.0,14:07:25.754035
-25.0,-519.0,929.0,14:07:25.764679
-18.0,-561.0,906.0,14:07:25.774038
-106.0,-584.0,818.0,14:07:25.783545
5.0,-522.0,880.0,14:07:25.794057
-87.0,-426.0,1038.0,14:07:25.803536
41.0,-569.0,1054.0,14:07:25.814039
-9.0,-561.0,933.0,14:07:25.823410
124.0,-476.0,814.0,14:07:25.832832
203.0,-461.0,847.0,14:07:25.843412
18.0,-557.0,1318.0,14:07:25.852821
127.0,-407.0,677.0,14:07:25.862266
83.0,-340.0,909.0,14:07:25.872808
64.0,-292.0,1115.0,14:07:25.882103
239.0,-556.0,903.0,14:07:25.892663
77.0,-420.0,870.0,14:07:25.901933
-18.0,-373.0,999.0,14:07:25.912501
78.0,-430.0,870.0,14:07:25.921803
-107.0,-595.0,1054.0,14:07:25.931326
71.0,-590.0,1003.0,14:07:25.941845
79.0,-441.0,819.0,14:07:25.951243
73.0,-592.0,696.0,14:07:25.961813
118.0,-620.0,902.0,14:07:25.971234
-238.0,-522.0,1185.0,14:07:25.981686
60.0,-542.0,712.0,14:07:25.991030
-44.0,-345.0,746.0,14:07:26.000529
0.0,-454.0,1111.0,14:07:26.011030
27.0,-528.0,988.0,14:07:26.020375
-19.0,-584.0,838.0,14:07:26.030826
228.0,-569.0,1013.0,14:07:26.040276
-40.0,-503.0,1218.0,14:07:26.050717
120.0,-491.0,868.0,14:07:26.060264
195.0,-450.0,694.0,14:07:26.069512
-58.0,-435.0,1046.0,14:07:26.080170
-34.0,-561.0,959.0,14:07:26.089482
-76.0,-418.0,880.0,14:07:26.099034
-59.0,-289.0,814.0,14:07:26.109508
5.0,-531.0,830.0,14:07:26.119069
-4.0,-495.0,1010.0,14:07:26.129598
-15.0,-534.0,993.0,14:07:26.139059
104.0,-517.0,691.0,14:07:26.148504
47.0,-510.0,891.0,14:07:26.159079
99.0,-518.0,1102.0,14:07:26.168405
141.0,-382.0,879.0,14:07:26.178974
48.0,-397.0,905.0,14:07:26.188493
35.0,-400.0,919.0,14:07:26.197945
197.0,-422.0,849.0,14:07:26.208527
123.0,-326.0,1051.0,14:07:26.217954
21.0,-441.0,916.0,14:07:26.227368
81.0,-533.0,944.0,14:07:26.237948
-68.0,-603.0,971.0,14:07:26.247293
42.0,-682.0,972.0,14:07:26.257912
164.0,-424.0,831.0,14:07:26.267283
125.0,-555.0,891.0,14:07:26.276646
203.0,-480.0,879.0,14:07:26.287065
94.0,-509.0,836.0,14:07:26.296452
86.0,-561.0,738.0,14:07:26.307087
61.0,-480.0,1090.0,14:07:26.316516
9.0,-489.0,755.0,14:07:26.335335
164.0,-514.0,802.0,14:07:26.346027
-126.0,-479.0,1065.0,14:07:26.356442
124.0,-441.0,947.0,14:07:26.365912
3.0,-509.0,963.0,14:07:26.375244
-68.0,-578.0,834.0,14:07:26.385958
143.0,-484.0,872.0,14:07:26.395398
19.0,-501.0,1022.0,14:07:26.404850
-9.0,-531.0,975.0,14:07:26.415272
15.0,-512.0,948.0,14:07:26.424804
41.0,-434.0,898.0,14:07:26.435219
58.0,-460.0,1006.0,14:07:26.444756
75.0,-582.0,888.0,14:07:26.454145
161.0,-518.0,903.0,14:07:26.464835
-26.0,-553.0,1158.0,14:07:26.474235
4.0,-493.0,944.0,14:07:26.483678
83.0,-459.0,797.0,14:07:26.494176
119.0,-498.0,932.0,14:07:26.503648
92.0,-553.0,895.0,14:07:26.514131
-16.0,-376.0,725.0,14:07:26.523527
-1.0,-339.0,803.0,14:07:26.532897
34.0,-456.0,1049.0,14:07:26.543499
173.0,-419.0,879.0,14:07:26.552914
-52.0,-532.0,1029.0,14:07:26.563414
62.0,-502.0,978.0,14:07:26.572848
52.0,-439.0,746.0,14:07:26.582233
-13.0,-531.0,1111.0,14:07:26.592774
353.0,-593.0,938.0,14:07:26.602059
-19.0,-363.0,548.0,14:07:26.612611
-6.0,-494.0,1231.0,14:07:26.621899
53.0,-545.0,1006.0,14:07:26.632593
43.0,-471.0,621.0,14:07:26.641999
13.0,-447.0,837.0,14:07:26.651499
-16.0,-614.0,1030.0,14:07:26.662007
-54.0,-244.0,1068.0,14:07:26.671354
90.0,-413.0,818.0,14:07:26.680792
5.0,-404.0,796.0,14:07:26.691318
-23.0,-664.0,1437.0,14:07:26.700681
168.0,-621.0,986.0,14:07:26.710330
54.0,-611.0,733.0,14:07:26.720858
-66.0,-519.0,1253.0,14:07:26.730922
165.0,-574.0,982.0,14:07:26.740389
-26.0,-489.0,565.0,14:07:26.749771
88.0,-522.0,618.0,14:07:26.760290
90.0,-450.0,950.0,14:07:26.769714
7.0,-456.0,896.0,14:07:26.780262
-79.0,-377.0,804.0,14:07:26.789703
-103.0,-360.0,1045.0,14:07:26.800159
-101.0,-573.0,1296.0,14:07:26.814953
95.0,-373.0,693.0,14:07:26.822313
8.0,-386.0,1106.0,14:07:26.832265
188.0,-677.0,1131.0,14:07:26.843014
103.0,-682.0,955.0,14:07:26.851325
192.0,-521.0,925.0,14:07:26.862269
39.0,-467.0,594.0,14:07:26.868250
78.0,-562.0,754.0,14:07:26.878747
131.0,-690.0,1049.0,14:07:26.888164
4.0,-495.0,738.0,14:07:26.898580
-96.0,-415.0,765.0,14:07:26.907968
-23.0,-405.0,883.0,14:07:26.918384
59.0,-638.0,1133.0,14:07:26.927859
64.0,-548.0,826.0,14:07:26.938283
17.0,-336.0,777.0,14:07:26.947782
-98.0,-788.0,1143.0,14:07:26.957119
144.0,-555.0,911.0,14:07:26.967781
38.0,-376.0,602.0,14:07:26.977205
-29.0,-483.0,870.0,14:07:26.986574
70.0,-477.0,902.0,14:07:26.997056
-2.0,-425.0,628.0,14:07:27.006558
31.0,-512.0,910.0,14:07:27.017072
-45.0,-231.0,616.0,14:07:27.026464
-28.0,-378.0,850.0,14:07:27.035922
41.0,-649.0,1719.0,14:07:27.046513
-85.0,-427.0,731.0,14:07:27.055904
-259.0,92.0,-17.0,14:07:27.066472
-10.0,-955.0,2047.0,14:07:27.076025
325.0,-1057.0,1553.0,14:07:27.085289
-88.0,-380.0,-150.0,14:07:27.095931
290.0,-370.0,929.0,14:07:27.105217
-116.0,-943.0,1887.0,14:07:27.114832
238.0,-845.0,795.0,14:07:27.125361
-90.0,-616.0,222.0,14:07:27.134930
63.0,-304.0,675.0,14:07:27.144346
158.0,-407.0,1436.0,14:07:27.154949
-119.0,-432.0,889.0,14:07:27.164323
-230.0,-83.0,541.0,14:07:27.174830
-194.0,-176.0,1141.0,14:07:27.184275
63.0,-363.0,1075.0,14:07:27.193729
262.0,-349.0,897.0,14:07:27.204185
34.0,-474.0,859.0,14:07:27.213656
92.0,-503.0,935.0,14:07:27.224226
26.0,-530.0,1149.0,14:07:27.233602
86.0,-567.0,857.0,14:07:27.242938
120.0,-516.0,700.0,14:07:27.253490
-35.0,-517.0,748.0,14:07:27.263003
106.0,-467.0,1018.0,14:07:27.272447
42.0,-380.0,928.0,14:07:27.282958
73.0,-267.0,555.0,14:07:27.292387
59.0,-513.0,1067.0,14:07:27.302945
146.0,-527.0,1096.0,14:07:27.312320
-45.0,-499.0,632.0,14:07:27.321839
-60.0,-592.0,1084.0,14:07:27.332390
237.0,-462.0,1182.0,14:07:27.341808
219.0,-744.0,789.0,14:07:27.352405
249.0,-321.0,471.0,14:07:27.361777
-88.0,-636.0,1455.0,14:07:27.371085
47.0,-572.0,848.0,14:07:27.381600
104.0,-372.0,634.0,14:07:27.390935
0.0,-348.0,1031.0,14:07:27.401429
42.0,-496.0,923.0,14:07:27.410703
-269.0,-442.0,1013.0,14:07:27.421243
110.0,-355.0,1019.0,14:07:27.430661
-178.0,-452.0,943.0,14:07:27.441212
122.0,-190.0,1142.0,14:07:27.450578
171.0,-506.0,1150.0,14:07:27.459912
81.0,-486.0,555.0,14:07:27.470501
-114.0,-416.0,1191.0,14:07:27.479931
171.0,-477.0,1272.0,14:07:27.490503
-100.0,-356.0,957.0,14:07:27.499783
49.0,-332.0,748.0,14:07:27.509156
-234.0,-516.0,835.0,14:07:27.519603
-132.0,-444.0,899.0,14:07:27.532751
362.0,-473.0,752.0,14:07:27.538968
108.0,-604.0,1275.0,14:07:27.549510
107.0,-568.0,891.0,14:07:27.559029
176.0,-524.0,660.0,14:07:27.569396
163.0,-640.0,1246.0,14:07:27.578834
104.0,-565.0,906.0,14:07:27.588227
152.0,-340.0,807.0,14:07:27.598732
26.0,-625.0,814.0,14:07:27.608091
263.0,-663.0,762.0,14:07:27.617605
179.0,-508.0,869.0,14:07:27.628209
116.0,-608.0,897.0,14:07:27.637704
186.0,-499.0,846.0,14:07:27.648241
115.0,-552.0,870.0,14:07:27.657756
104.0,-617.0,963.0,14:07:27.667085
196.0,-483.0,960.0,14:07:27.677732
-176.0,-212.0,833.0,14:07:27.687052
-37.0,-358.0,1322.0,14:07:27.696516
-101.0,-566.0,795.0,14:07:27.707038
114.0,-588.0,611.0,14:07:27.716531
-15.0,-403.0,986.0,14:07:27.727055
-19.0,-400.0,1079.0,14:07:27.736471
-118.0,-419.0,714.0,14:07:27.745905
-119.0,-473.0,919.0,14:07:27.756424
82.0,-659.0,1132.0,14:07:27.765929
34.0,-478.0,923.0,14:07:27.775413
73.0,-433.0,868.0,14:07:27.785863
-55.0,-615.0,1164.0,14:07:27.795230
-11.0,-584.0,1101.0,14:07:27.805766
-44.0,-535.0,847.0,14:07:27.815255
-9.0,-555.0,672.0,14:07:27.825774
95.0,-535.0,759.0,14:07:27.835177
-75.0,-648.0,1276.0,14:07:27.844587
30.0,-583.0,697.0,14:07:27.855119
29.0,-423.0,559.0,14:07:27.864434
-4.0,-582.0,1268.0,14:07:27.874909
24.0,-594.0,933.0,14:07:27.884199
5.0,-539.0,827.0,14:07:27.893760
-126.0,-442.0,926.0,14:07:27.904167
109.0,-463.0,1058.0,14:07:27.913670
-32.0,-297.0,825.0,14:07:27.924125
48.0,-277.0,1048.0,14:07:27.934594
13.0,-266.0,948.0,14:07:27.943130
124.0,-179.0,722.0,14:07:27.953607
-42.0,-409.0,1249.0,14:07:27.963015
38.0,-554.0,1297.0,14:07:27.973521
66.0,-590.0,943.0,14:07:27.983004
142.0,-605.0,645.0,14:07:27.992346
26.0,-539.0,1069.0,14:07:28.002958
89.0,-644.0,1087.0,14:07:28.012423
198.0,-486.0,689.0,14:07:28.022950
75.0,-380.0,597.0,14:07:28.032398
-37.0,-482.0,933.0,14:07:28.041731
101.0,-501.0,1049.0,14:07:28.052263
90.0,-552.0,909.0,14:07:28.061638
62.0,-388.0,876.0,14:07:28.072126
100.0,-433.0,920.0,14:07:28.081562
161.0,-575.0,818.0,14:07:28.091990
23.0,-591.0,961.0,14:07:28.101499
-29.0,-549.0,926.0,14:07:28.110882
24.0,-507.0,995.0,14:07:28.121484
-81.0,-309.0,921.0,14:07:28.130821
-15.0,-463.0,963.0,14:07:28.141327
52.0,-351.0,801.0,14:07:28.150761
-74.0,-496.0,1114.0,14:07:28.160213
111.0,-598.0,1077.0,14:07:28.170769
19.0,-620.0,1093.0,14:07:28.180204
81.0,-531.0,833.0,14:07:28.190653
39.0,-578.0,839.0,14:07:28.200150
57.0,-628.0,1092.0,14:07:28.209479
73.0,-498.0,1013.0,14:07:28.220087
-161.0,-406.0,737.0,14:07:28.229514
173.0,-591.0,837.0,14:07:28.238942
-16.0,-471.0,892.0,14:07:28.249424
155.0,-508.0,883.0,14:07:28.258793
-48.0,-442.0,969.0,14:07:28.269391
168.0,-569.0,585.0,14:07:28.278737
27.0,-714.0,881.0,14:07:28.289189
140.0,-500.0,833.0,14:07:28.298566
-57.0,-369.0,780.0,14:07:28.309108
-162.0,-494.0,1028.0,14:07:28.318565
-78.0,-437.0,996.0,14:07:28.328002
-69.0,-423.0,695.0,14:07:28.338530
-28.0,-677.0,1082.0,14:07:28.347957
-15.0,-572.0,1087.0,14:07:28.357258
203.0,-656.0,888.0,14:07:28.367965
85.0,-615.0,737.0,14:07:28.377256
-89.0,-740.0,968.0,14:07:28.387814
7.0,-422.0,853.0,14:07:28.397198
-139.0,-627.0,915.0,14:07:28.406562
133.0,-423.0,891.0,14:07:28.417039
-225.0,-474.0,1061.0,14:07:28.426461
180.0,-525.0,648.0,14:07:28.437070
-95.0,-442.0,1132.0,14:07:28.446497
-2.0,-378.0,1151.0,14:07:28.455885
-46.0,-323.0,933.0,14:07:28.466492
-113.0,-418.0,848.0,14:07:28.475878
128.0,-429.0,903.0,14:07:28.486458
66.0,-450.0,1102.0,14:07:28.495842
-25.0,-478.0,990.0,14:07:28.505242
205.0,-369.0,788.0,14:07:28.515800
111.0,-474.0,894.0,14:07:28.525155
20.0,-549.0,1115.0,14:07:28.535667
80.0,-488.0,907.0,14:07:28.545006
96.0,-525.0,744.0,14:07:28.555437
116.0,-341.0,938.0,14:07:28.564921
169.0,-334.0,912.0,14:07:28.574209
62.0,-451.0,1040.0,14:07:28.584829
188.0,-494.0,975.0,14:07:28.594182
117.0,-536.0,865.0,14:07:28.604909
147.0,-504.0,857.0,14:07:28.614290
106.0,-548.0,929.0,14:07:28.623752
107.0,-572.0,961.0,14:07:28.634178
27.0,-419.0,923.0,14:07:28.643633
-21.0,-469.0,744.0,14:07:28.653094
102.0,-370.0,931.0,14:07:28.663681
35.0,-559.0,1044.0,14:07:28.673006
102.0,-623.0,1010.0,14:07:28.683624
83.0,-297.0,579.0,14:07:28.692929
-67.0,-438.0,1302.0,14:07:28.702415
168.0,-688.0,1184.0,14:07:28.712869
312.0,-428.0,558.0,14:07:28.722306
54.0,-214.0,751.0,14:07:28.735346
57.0,-568.0,1283.0,14:07:28.742698
121.0,-566.0,806.0,14:07:28.752001
31.0,-428.0,866.0,14:07:28.762560
49.0,-385.0,900.0,14:07:28.771905
-18.0,-504.0,945.0,14:07:28.781350
105.0,-687.0,1128.0,14:07:28.791794
-79.0,-478.0,697.0,14:07:28.801318
66.0,-501.0,994.0,14:07:28.811908
162.0,-674.0,1169.0,14:07:28.821369
186.0,-536.0,971.0,14:07:28.830637
-42.0,-357.0,621.0,14:07:28.841254
36.0,-568.0,985.0,14:07:28.850544
85.0,-421.0,934.0,14:07:28.861199
-94.0,-550.0,1047.0,14:07:28.870477
200.0,-525.0,789.0,14:07:28.880144
30.0,-410.0,901.0,14:07:28.890600
-76.0,-436.0,842.0,14:07:28.899959
102.0,-647.0,965.0,14:07:28.910458
51.0,-603.0,769.0,14:07:28.919869
96.0,-475.0,886.0,14:07:28.930276
91.0,-297.0,828.0,14:07:28.939741
-49.0,-455.0,1162.0,14:07:28.949254
-79.0,-598.0,743.0,14:07:28.958835
184.0,-404.0,624.0,14:07:28.969285
-211.0,-630.0,1418.0,14:07:28.978643
77.0,-694.0,1027.0,14:07:28.989148
117.0,-501.0,667.0,14:07:28.998604
-149.0,-509.0,952.0,14:07:29.009144
-39.0,-606.0,939.0,14:07:29.018560
-2.0,-520.0,700.0,14:07:29.028016
24.0,-490.0,984.0,14:07:29.038612
-151.0,-460.0,1290.0,14:07:29.048116
16.0,-552.0,847.0,14:07:29.057499
95.0,-585.0,561.0,14:07:29.068246
-46.0,-607.0,1110.0,14:07:29.077592
114.0,-652.0,1123.0,14:07:29.087122
-62.0,-432.0,713.0,14:07:29.097612
60.0,-331.0,760.0,14:07:29.107107
-170.0,-628.0,1176.0,14:07:29.117584
79.0,-548.0,924.0,14:07:29.127038
115.0,-399.0,782.0,14:07:29.137157
-1.0,-481.0,976.0,14:07:29.146697
-52.0,-473.0,1127.0,14:07:29.156121
15.0,-480.0,973.0,14:07:29.166637
47.0,-497.0,612.0,14:07:29.176026
-118.0,-422.0,894.0,14:07:29.186459
-30.0,-455.0,1143.0,14:07:29.196021
-71.0,-381.0,671.0,14:07:29.205395
61.0,-595.0,931.0,14:07:29.215944
96.0,-490.0,957.0,14:07:29.225227
-64.0,-366.0,775.0,14:07:29.235998
31.0,-426.0,954.0,14:07:29.245309
95.0,-606.0,1224.0,14:07:29.254736
1.0,-557.0,934.0,14:07:29.265147
185.0,-377.0,647.0,14:07:29.274561
31.0,-589.0,1071.0,14:07:29.285072
243.0,-624.0,897.0,14:07:29.294477
-52.0,-199.0,696.0,14:07:29.304886
-39.0,-498.0,886.0,14:07:29.314302
28.0,-551.0,1042.0,14:07:29.324784
-28.0,-353.0,885.0,14:07:29.334248
89.0,-448.0,891.0,14:07:29.343701
123.0,-537.0,1100.0,14:07:29.354252
-97.0,-531.0,969.0,14:07:29.363600
51.0,-510.0,841.0,14:07:29.374027
-5.0,-654.0,799.0,14:07:29.383367
177.0,-587.0,1217.0,14:07:29.392882
25.0,-274.0,1061.0,14:07:29.403360
-3.0,-402.0,642.0,14:07:29.412695
69.0,-489.0,969.0,14:07:29.423151
-54.0,-551.0,1191.0,14:07:29.432492
176.0,-451.0,757.0,14:07:29.442938
47.0,-427.0,842.0,14:07:29.452376
105.0,-532.0,1224.0,14:07:29.461840
18.0,-613.0,928.0,14:07:29.472394
67.0,-472.0,628.0,14:07:29.481698
36.0,-348.0,1014.0,14:07:29.492249
11.0,-385.0,1056.0,14:07:29.501643
-72.0,-588.0,1003.0,14:07:29.512135
-47.0,-461.0,722.0,14:07:29.521516
85.0,-445.0,883.0,14:07:29.530850
7.0,-414.0,975.0,14:07:29.541537
177.0,-562.0,860.0,14:07:29.550831
42.0,-605.0,700.0,14:07:29.561440
-22.0,-561.0,911.0,14:07:29.570817
108.0,-426.0,1014.0,14:07:29.590579
34.0,-488.0,789.0,14:07:29.600075
23.0,-557.0,767.0,14:07:29.610541
64.0,-506.0,1066.0,14:07:29.620167
-53.0,-553.0,1126.0,14:07:29.629494
16.0,-597.0,814.0,14:07:29.640065
125.0,-494.0,659.0,14:07:29.649426
100.0,-601.0,756.0,14:07:29.659013
-43.0,-404.0,1037.0,14:07:29.669449
53.0,-612.0,1022.0,14:07:29.678970
56.0,-563.0,826.0,14:07:29.689425
-71.0,-477.0,939.0,14:07:29.698927
-34.0,-509.0,988.0,14:07:29.708338
63.0,-490.0,860.0,14:07:29.718947
30.0,-494.0,1010.0,14:07:29.728269
-3.0,-467.0,863.0,14:07:29.738771
14.0,-444.0,811.0,14:07:29.748110
159.0,-598.0,986.0,14:07:29.758650
-45.0,-493.0,1014.0,14:07:29.767984
163.0,-374.0,945.0,14:07:29.777476
-183.0,-375.0,1021.0,14:07:29.788026
90.0,-613.0,916.0,14:07:29.797450
41.0,-444.0,827.0,14:07:29.808026
89.0,-381.0,1044.0,14:07:29.817325
147.0,-422.0,939.0,14:07:29.826648
102.0,-465.0,753.0,14:07:29.837207
145.0,-414.0,808.0,14:07:29.846506
-155.0,-389.0,1050.0,14:07:29.857116
132.0,-450.0,938.0,14:07:29.866424
88.0,-376.0,805.0,14:07:29.877015
-16.0,-577.0,1133.0,14:07:29.886330
-41.0,-524.0,1017.0,14:07:29.895824
94.0,-484.0,753.0,14:07:29.906413
90.0,-589.0,852.0,14:07:29.915775
44.0,-545.0,1133.0,14:07:29.925263
-41.0,-440.0,789.0,14:07:29.939086
-4.0,-575.0,1030.0,14:07:29.945758
133.0,-501.0,903.0,14:07:29.955178
-153.0,-467.0,1090.0,14:07:29.965703
106.0,-459.0,834.0,14:07:29.975207
34.0,-591.0,995.0,14:07:29.984618
-4.0,-597.0,850.0,14:07:29.995128
115.0,-470.0,933.0,14:07:30.004448
-105.0,-441.0,967.0,14:07:30.014017
31.0,-570.0,993.0,14:07:30.033775
107.0,-358.0,661.0,14:07:30.044242
-60.0,-371.0,940.0,14:07:30.053770
134.0,-579.0,1081.0,14:07:30.064222
93.0,-537.0,817.0,14:07:30.073645
54.0,-244.0,821.0,14:07:30.084091
23.0,-441.0,1065.0,14:07:30.093522
51.0,-547.0,1070.0,14:07:30.103014
256.0,-493.0,839.0,14:07:30.113533
-77.0,-355.0,862.0,14:07:30.122871
-12.0,-498.0,1171.0,14:07:30.132378
-2.0,-508.0,833.0,14:07:30.142859
1.0,-528.0,947.0,14:07:30.152318
24.0,-612.0,889.0,14:07:30.162829
-38.0,-491.0,806.0,14:07:30.172362
-140.0,-607.0,1076.0,14:07:30.181715
0.0,-629.0,937.0,14:07:30.192147
-165.0,-550.0,753.0,14:07:30.201572
84.0,-577.0,884.0,14:07:30.212049
-110.0,-517.0,1047.0,14:07:30.221546
-33.0,-458.0,926.0,14:07:30.231986
41.0,-384.0,819.0,14:07:30.241445
-81.0,-435.0,713.0,14:07:30.250832
87.0,-553.0,1076.0,14:07:30.261412
-8.0,-508.0,1134.0,14:07:30.270730
35.0,-565.0,615.0,14:07:30.281339
37.0,-550.0,835.0,14:07:30.290611
-21.0,-445.0,1078.0,14:07:30.300080
135.0,-670.0,867.0,14:07:30.310500
70.0,-644.0,896.0,14:07:30.319991
-27.0,-533.0,954.0,14:07:30.330428
74.0,-450.0,802.0,14:07:30.340953
34.0,-419.0,807.0,14:07:30.349425
-60.0,-487.0,1097.0,14:07:30.359911
-66.0,-302.0,939.0,14:07:30.369430
-14.0,-584.0,810.0,14:07:30.379855
98.0,-645.0,893.0,14:07:30.389296
72.0,-410.0,1020.0,14:07:30.398635
-141.0,-361.0,951.0,14:07:30.409131
-38.0,-403.0,1087.0,14:07:30.418467
178.0,-474.0,782.0,14:07:30.429124
-4.0,-630.0,765.0,14:07:30.438465
-28.0,-547.0,967.0,14:07:30.449110
47.0,-517.0,1238.0,14:07:30.458433
-4.0,-455.0,904.0,14:07:30.467930
134.0,-389.0,752.0,14:07:30.478382
-61.0,-494.0,1042.0,14:07:30.487936
250.0,-663.0,1041.0,14:07:30.497304
-11.0,-538.0,690.0,14:07:30.508028
-4.0,-382.0,951.0,14:07:30.517369
-55.0,-582.0,1194.0,14:07:30.528004
123.0,-400.0,649.0,14:07:30.537420
4.0,-500.0,748.0,14:07:30.546749
11.0,-344.0,1065.0,14:07:30.557240
47.0,-518.0,919.0,14:07:30.566554
37.0,-488.0,790.0,14:07:30.577066
-21.0,-470.0,913.0,14:07:30.586443
132.0,-525.0,1001.0,14:07:30.596005
-126.0,-592.0,1117.0,14:07:30.606413
127.0,-393.0,866.0,14:07:30.615876
113.0,-476.0,782.0,14:07:30.626396
45.0,-442.0,1166.0,14:07:30.635906
-2.0,-396.0,993.0,14:07:30.645201
-59.0,-510.0,751.0,14:07:30.655753
-17.0,-419.0,823.0,14:07:30.665081
40.0,-521.0,1128.0,14:07:30.675760
-24.0,-487.0,957.0,14:07:30.685043
135.0,-324.0,683.0,14:07:30.695585
-57.0,-295.0,1021.0,14:07:30.704877
211.0,-484.0,1075.0,14:07:30.714313
-23.0,-589.0,868.0,14:07:30.724919
262.0,-425.0,890.0,14:07:30.734309
1.0,-538.0,1184.0,14:07:30.744818
49.0,-578.0,886.0,14:07:30.754257
93.0,-410.0,710.0,14:07:30.763631
19.0,-434.0,815.0,14:07:30.774142
44.0,-505.0,1085.0,14:07:30.783537
-3.0,-385.0,927.0,14:07:30.794041
34.0,-389.0,668.0,14:07:30.803342
127.0,-441.0,1022.0,14:07:30.813899
-46.0,-615.0,1031.0,14:07:30.823347
18.0,-466.0,788.0,14:07:30.832653
-121.0,-488.0,1096.0,14:07:30.843202
134.0,-616.0,1033.0,14:07:30.852523
47.0,-447.0,784.0,14:07:30.863064
88.0,-463.0,752.0,14:07:30.872612
-128.0,-248.0,857.0,14:07:30.881995
133.0,-493.0,1066.0,14:07:30.892517
-38.0,-377.0,884.0,14:07:30.901999
113.0,-379.0,1004.0,14:07:30.912535
174.0,-707.0,1186.0,14:07:30.921904
141.0,-666.0,942.0,14:07:30.931240
210.0,-553.0,748.0,14:07:30.941892
-12.0,-468.0,985.0,14:07:30.951270
160.0,-516.0,1089.0,14:07:30.961932
49.0,-468.0,656.0,14:07:30.971320
84.0,-416.0,704.0,14:07:30.980844
134.0,-341.0,1238.0,14:07:30.991403
47.0,-466.0,866.0,14:07:31.000775
93.0,-576.0,890.0,14:07:31.010225
-6.0,-679.0,949.0,14:07:31.020746
146.0,-626.0,814.0,14:07:31.030340
294.0,-519.0,957.0,14:07:31.039793
-116.0,-549.0,984.0,14:07:31.050244
16.0,-441.0,855.0,14:07:31.059626
-16.0,-549.0,965.0,14:07:31.070238
31.0,-442.0,795.0,14:07:31.079651
15.0,-458.0,959.0,14:07:31.089045
-26.0,-463.0,902.0,14:07:31.099608
40.0,-500.0,756.0,14:07:31.109089
17.0,-530.0,993.0,14:07:31.119547
-82.0,-488.0,874.0,14:07:31.128994
26.0,-574.0,894.0,14:07:31.142682
32.0,-633.0,1063.0,14:07:31.148514
89.0,-546.0,777.0,14:07:31.159093
-101.0,-419.0,1013.0,14:07:31.168422
-92.0,-390.0,977.0,14:07:31.177931
103.0,-477.0,851.0,14:07:31.188419
-62.0,-434.0,936.0,14:07:31.197857
-85.0,-647.0,971.0,14:07:31.208277
112.0,-493.0,864.0,14:07:31.217752
159.0,-675.0,886.0,14:07:31.227073
90.0,-504.0,896.0,14:07:31.237619
75.0,-429.0,946.0,14:07:31.246978
46.0,-554.0,889.0,14:07:31.257555
48.0,-302.0,638.0,14:07:31.266975
-41.0,-348.0,878.0,14:07:31.276442
56.0,-576.0,1010.0,14:07:31.286988
5.0,-460.0,1100.0,14:07:31.296360
-142.0,-321.0,1288.0,14:07:31.306964
89.0,-578.0,952.0,14:07:31.316316
-73.0,-598.0,877.0,14:07:31.325679
165.0,-561.0,1106.0,14:07:31.336259
-14.0,-570.0,899.0,14:07:31.345556
84.0,-500.0,636.0,14:07:31.356127
-38.0,-535.0,946.0,14:07:31.365514
34.0,-589.0,859.0,14:07:31.376037
-66.0,-416.0,743.0,14:07:31.385352
99.0,-415.0,754.0,14:07:31.394866
-87.0,-434.0,1341.0,14:07:31.405421
15.0,-452.0,1084.0,14:07:31.414796
57.0,-455.0,659.0,14:07:31.425243
107.0,-549.0,1054.0,14:07:31.434698
39.0,-659.0,1172.0,14:07:31.444137
198.0,-582.0,648.0,14:07:31.454730
66.0,-360.0,738.0,14:07:31.464258
45.0,-487.0,871.0,14:07:31.483886
76.0,-339.0,1063.0,14:07:31.493256
-23.0,-368.0,981.0,14:07:31.503714
-79.0,-391.0,765.0,14:07:31.513018
-48.0,-509.0,1084.0,14:07:31.523738
6.0,-575.0,818.0,14:07:31.533043
109.0,-191.0,380.0,14:07:31.545610
-204.0,-549.0,1905.0,14:07:31.552745
194.0,-699.0,1279.0,14:07:31.563246
-38.0,-329.0,561.0,14:07:31.572653
140.0,-809.0,1338.0,14:07:31.581983
277.0,-888.0,985.0,14:07:31.592568
83.0,-606.0,820.0,14:07:31.601949
97.0,-579.0,957.0,14:07:31.612568
80.0,-643.0,698.0,14:07:31.621870
43.0,-565.0,513.0,14:07:31.632407
121.0,-464.0,665.0,14:07:31.641700
39.0,-392.0,1157.0,14:07:31.651279
41.0,-274.0,1200.0,14:07:31.661755
-111.0,-235.0,735.0,14:07:31.671204
125.0,-420.0,718.0,14:07:31.681675
262.0,-451.0,1022.0,14:07:31.691077
13.0,-535.0,1221.0,14:07:31.700413
82.0,-428.0,905.0,14:07:31.710936
-56.0,-584.0,934.0,14:07:31.720225
177.0,-590.0,838.0,14:07:31.730785
-63.0,-715.0,912.0,14:07:31.740155
63.0,-452.0,812.0,14:07:31.750752
-1.0,-335.0,1075.0,14:07:31.760220
-68.0,-538.0,968.0,14:07:31.769712
16.0,-556.0,952.0,14:07:31.780274
32.0,-488.0,770.0,14:07:31.789632
-90.0,-553.0,1101.0,14:07:31.798993
28.0,-684.0,972.0,14:07:31.809542
76.0,-595.0,715.0,14:07:31.819081
-37.0,-449.0,842.0,14:07:31.829550
59.0,-412.0,931.0,14:07:31.838931
-72.0,-413.0,917.0,14:07:31.848400
89.0,-468.0,938.0,14:07:31.858922
72.0,-630.0,872.0,14:07:31.868252
-23.0,-576.0,984.0,14:07:31.878709
171.0,-791.0,655.0,14:07:31.888091
128.0,-476.0,1033.0,14:07:31.898521
-91.0,-371.0,966.0,14:07:31.908076
-90.0,-237.0,820.0,14:07:31.917578
-129.0,-283.0,1018.0,14:07:31.928203
-40.0,-528.0,974.0,14:07:31.937553
93.0,-551.0,807.0,14:07:31.947066
54.0,-262.0,938.0,14:07:31.957724
57.0,-423.0,1271.0,14:07:31.967144
-26.0,-490.0,959.0,14:07:31.976547
240.0,-601.0,784.0,14:07:31.987085
38.0,-560.0,1175.0,14:07:31.996447
61.0,-507.0,1078.0,14:07:32.007077
-63.0,-394.0,853.0,14:07:32.016445
32.0,-595.0,1002.0,14:07:32.025956
86.0,-530.0,796.0,14:07:32.036543
206.0,-469.0,801.0,14:07:32.045906
8.0,-252.0,882.0,14:07:32.056375
99.0,-310.0,989.0,14:07:32.065791
59.0,-364.0,820.0,14:07:32.075316
132.0,-373.0,817.0,14:07:32.085859
70.0,-454.0,1002.0,14:07:32.095347
-58.0,-416.0,995.0,14:07:32.104744
-20.0,-458.0,965.0,14:07:32.115330
41.0,-690.0,1031.0,14:07:32.124754
106.0,-533.0,702.0,14:07:32.135229
21.0,-470.0,715.0,14:07:32.144648
265.0,-483.0,1109.0,14:07:32.154010
-10.0,-726.0,981.0,14:07:32.164461
189.0,-393.0,797.0,14:07:32.173987
57.0,-498.0,1132.0,14:07:32.184416
51.0,-589.0,883.0,14:07:32.193869
2.0,-441.0,759.0,14:07:32.204273
-75.0,-476.0,1173.0,14:07:32.213676
50.0,-592.0,972.0,14:07:32.224106
-34.0,-496.0,790.0,14:07:32.233625
-14.0,-559.0,887.0,14:07:32.242981
-79.0,-480.0,949.0,14:07:32.253591
226.0,-576.0,811.0,14:07:32.262928
10.0,-637.0,914.0,14:07:32.272446
34.0,-670.0,1019.0,14:07:32.282861
-44.0,-609.0,925.0,14:07:32.292270
47.0,-504.0,765.0,14:07:32.302754
-70.0,-652.0,904.0,14:07:32.312243
56.0,-451.0,854.0,14:07:32.322747
10.0,-520.0,837.0,14:07:32.332093
96.0,-368.0,860.0,14:07:32.345440
-172.0,-442.0,931.0,14:07:32.351680
8.0,-458.0,878.0,14:07:32.361102
-38.0,-519.0,950.0,14:07:32.371691
-34.0,-600.0,952.0,14:07:32.381050
135.0,-646.0,931.0,14:07:32.391496
-110.0,-623.0,847.0,14:07:32.401016
127.0,-656.0,1056.0,14:07:32.411471
-51.0,-415.0,1120.0,14:07:32.420846
-55.0,-609.0,820.0,14:07:32.430239
29.0,-700.0,887.0,14:07:32.440941
-79.0,-503.0,977.0,14:07:32.450297
-155.0,-437.0,716.0,14:07:32.459673
-60.0,-558.0,776.0,14:07:32.470259
-7.0,-524.0,1071.0,14:07:32.479675
-63.0,-459.0,731.0,14:07:32.490220
19.0,-399.0,663.0,14:07:32.499642
-130.0,-310.0,1200.0,14:07:32.509032
54.0,-505.0,1062.0,14:07:32.519563
116.0,-244.0,650.0,14:07:32.529039
-23.0,-530.0,1134.0,14:07:32.539548
-7.0,-474.0,1042.0,14:07:32.548939
155.0,-517.0,775.0,14:07:32.558467
-14.0,-320.0,838.0,14:07:32.569040
177.0,-516.0,868.0,14:07:32.578428
128.0,-488.0,1037.0,14:07:32.588972
133.0,-478.0,931.0,14:07:32.598384
-69.0,-419.0,718.0,14:07:32.607848
161.0,-662.0,1182.0,14:07:32.618344
32.0,-519.0,1023.0,14:07:32.627750
30.0,-416.0,702.0,14:07:32.638295
-197.0,-452.0,1188.0,14:07:32.647604
3.0,-778.0,1277.0,14:07:32.657041
62.0,-495.0,544.0,14:07:32.667431
-27.0,-396.0,825.0,14:07:32.676781
26.0,-462.0,1054.0,14:07:32.687295
184.0,-499.0,842.0,14:07:32.696614
-49.0,-394.0,1022.0,14:07:32.707032
46.0,-636.0,1080.0,14:07:32.716548
55.0,-489.0,836.0,14:07:32.727038
180.0,-367.0,797.0,14:07:32.736350
-47.0,-555.0,1044.0,14:07:32.747070
179.0,-452.0,904.0,14:07:32.755588
-19.0,-358.0,648.0,14:07:32.766089
-9.0,-399.0,869.0,14:07:32.775495
89.0,-442.0,1214.0,14:07:32.785983
88.0,-355.0,817.0,14:07:32.795353
178.0,-418.0,720.0,14:07:32.804857
84.0,-530.0,1077.0,14:07:32.815251
-133.0,-483.0,1222.0,14:07:32.824659
61.0,-484.0,922.0,14:07:32.835163
205.0,-610.0,830.0,14:07:32.844718
58.0,-470.0,938.0,14:07:32.855261
54.0,-457.0,1085.0,14:07:32.864670
83.0,-436.0,749.0,14:07:32.874068
-143.0,-377.0,632.0,14:07:32.884658
100.0,-620.0,897.0,14:07:32.894026
190.0,-639.0,894.0,14:07:32.903511
32.0,-461.0,906.0,14:07:32.914085
113.0,-399.0,878.0,14:07:32.923630
-47.0,-430.0,909.0,14:07:32.934189
58.0,-500.0,1106.0,14:07:32.943577
186.0,-474.0,926.0,14:07:32.953049
30.0,-360.0,957.0,14:07:32.963569
151.0,-559.0,1349.0,14:07:32.972916
-104.0,-374.0,779.0,14:07:32.982328
63.0,-574.0,890.0,14:07:32.992947
172.0,-823.0,1162.0,14:07:33.002357
-91.0,-428.0,829.0,14:07:33.012810
88.0,-702.0,663.0,14:07:33.022154
-136.0,-522.0,1078.0,14:07:33.031658
4.0,-437.0,873.0,14:07:33.042134
-33.0,-470.0,340.0,14:07:33.051535
-26.0,-303.0,781.0,14:07:33.061994
3.0,-301.0,1244.0,14:07:33.071432
-30.0,-370.0,1089.0,14:07:33.081983
216.0,-663.0,896.0,14:07:33.091444
-22.0,-597.0,1130.0,14:07:33.100731
141.0,-638.0,934.0,14:07:33.111548
113.0,-781.0,1305.0,14:07:33.120836
134.0,-502.0,792.0,14:07:33.131398
15.0,-433.0,579.0,14:07:33.140653
117.0,-520.0,765.0,14:07:33.150131
-87.0,-686.0,1041.0,14:07:33.160631
169.0,-341.0,573.0,14:07:33.170106
-217.0,-130.0,690.0,14:07:33.180582
-121.0,-599.0,1629.0,14:07:33.189966
-9.0,-405.0,827.0,14:07:33.199366
57.0,-545.0,766.0,14:07:33.209958
149.0,-503.0,972.0,14:07:33.219194
26.0,-593.0,1199.0,14:07:33.229755
107.0,-710.0,954.0,14:07:33.239059
180.0,-467.0,815.0,14:07:33.249550
37.0,-481.0,838.0,14:07:33.258847
67.0,-734.0,920.0,14:07:33.269383
-151.0,-428.0,609.0,14:07:33.278794
-137.0,-288.0,620.0,14:07:33.288152
-34.0,-294.0,1058.0,14:07:33.298695
160.0,-558.0,1452.0,14:07:33.308136
107.0,-395.0,964.0,14:07:33.318615
-99.0,-63.0,473.0,14:07:33.328011
118.0,-823.0,1335.0,14:07:33.337484
214.0,-647.0,1176.0,14:07:33.348188
-15.0,-386.0,659.0,14:07:33.357510
151.0,-345.0,675.0,14:07:33.367042
-294.0,-717.0,1495.0,14:07:33.377601
148.0,-513.0,779.0,14:07:33.387035
-13.0,-151.0,-25.0,14:07:33.397807
30.0,-895.0,1397.0,14:07:33.407114
62.0,-812.0,1452.0,14:07:33.416614
73.0,-193.0,450.0,14:07:33.427038
-93.0,-311.0,951.0,14:07:33.436422
107.0,-213.0,888.0,14:07:33.445874
28.0,-270.0,990.0,14:07:33.456431
-117.0,-377.0,1293.0,14:07:33.465869
-21.0,-424.0,827.0,14:07:33.476393
58.0,-513.0,600.0,14:07:33.485883
55.0,-1038.0,1629.0,14:07:33.495387
203.0,-919.0,1399.0,14:07:33.505975
122.0,-637.0,371.0,14:07:33.515408
5.0,-509.0,707.0,14:07:33.524764
-55.0,-860.0,1208.0,14:07:33.535311
-91.0,-604.0,720.0,14:07:33.548798
-15.0,-429.0,717.0,14:07:33.554696
-197.0,-204.0,774.0,14:07:33.564217
-107.0,-292.0,1022.0,14:07:33.574754
-12.0,-407.0,270.0,14:07:33.584208
-112.0,-510.0,1211.0,14:07:33.594748
10.0,-327.0,1192.0,14:07:33.604160
-46.0,-143.0,969.0,14:07:33.613516
34.0,-463.0,1335.0,14:07:33.624062
237.0,-782.0,944.0,14:07:33.633542
228.0,-477.0,881.0,14:07:33.644005
64.0,-622.0,740.0,14:07:33.653296
201.0,-609.0,735.0,14:07:33.663852
235.0,-411.0,759.0,14:07:33.673179
-77.0,-382.0,657.0,14:07:33.683630
32.0,-665.0,1251.0,14:07:33.693079
-166.0,-377.0,912.0,14:07:33.702538
51.0,-347.0,425.0,14:07:33.712998
122.0,-684.0,1087.0,14:07:33.722460
230.0,-703.0,1232.0,14:07:33.731850
-100.0,-250.0,840.0,14:07:33.742401
-184.0,-698.0,793.0,14:07:33.751738
232.0,-614.0,1129.0,14:07:33.762371
53.0,-556.0,1037.0,14:07:33.771793
178.0,-325.0,34.0,14:07:33.781265
-147.0,-359.0,1235.0,14:07:33.791773
222.0,-934.0,1574.0,14:07:33.801338
260.0,-596.0,-49.0,14:07:33.811108
-259.0,-31.0,730.0,14:07:33.821722
-115.0,-452.0,2047.0,14:07:33.831065
138.0,-687.0,1048.0,14:07:33.840430
67.0,-340.0,428.0,14:07:33.850991
54.0,-157.0,1168.0,14:07:33.860426
21.0,-563.0,1190.0,14:07:33.870961
164.0,-602.0,674.0,14:07:33.880238
-11.0,-377.0,923.0,14:07:33.889706
51.0,-713.0,1096.0,14:07:33.900208
219.0,-573.0,518.0,14:07:33.909558
-98.0,-360.0,1056.0,14:07:33.920101
-114.0,-389.0,1053.0,14:07:33.929497
84.0,-764.0,538.0,14:07:33.938990
29.0,-524.0,656.0,14:07:33.950539
-28.0,-256.0,1134.0,14:07:33.959397
-22.0,-269.0,1019.0,14:07:33.968728
-116.0,-265.0,947.0,14:07:33.979364
-17.0,-676.0,778.0,14:07:33.988690
211.0,-557.0,383.0,14:07:33.998196
-47.0,-298.0,954.0,14:07:34.008667
51.0,-163.0,885.0,14:07:34.018148
96.0,-582.0,1577.0,14:07:34.028570
192.0,-857.0,1216.0,14:07:34.037956
361.0,-475.0,188.0,14:07:34.048507
-103.0,-312.0,1024.0,14:07:34.057998
-40.0,-905.0,2047.0,14:07:34.067285
226.0,-916.0,1512.0,14:07:34.077865
25.0,-277.0,-73.0,14:07:34.087179
230.0,-187.0,418.0,14:07:34.097892
75.0,-491.0,1573.0,14:07:34.107173
-181.0,-825.0,1598.0,14:07:34.116549
117.0,-244.0,282.0,14:07:34.127054
-164.0,-302.0,592.0,14:07:34.136419
128.0,-695.0,1298.0,14:07:34.147018
220.0,-852.0,906.0,14:07:34.156341
46.0,-140.0,682.0,14:07:34.166903
-23.0,-188.0,1216.0,14:07:34.176420
-71.0,-242.0,1156.0,14:07:34.185806
105.0,-473.0,792.0,14:07:34.196296
170.0,-476.0,614.0,14:07:34.205584
-4.0,-333.0,907.0,14:07:34.216160
-105.0,-440.0,1336.0,14:07:34.225567
-124.0,-495.0,843.0,14:07:34.234915
-29.0,-723.0,445.0,14:07:34.245467
41.0,-810.0,587.0,14:07:34.254850
67.0,-680.0,1043.0,14:07:34.265297
43.0,-340.0,725.0,14:07:34.274837
-274.0,-474.0,1227.0,14:07:34.284168
81.0,-580.0,874.0,14:07:34.294728
-20.0,-323.0,425.0,14:07:34.304092
-60.0,-339.0,920.0,14:07:34.314695
-48.0,-519.0,1358.0,14:07:34.324098
-46.0,-656.0,1014.0,14:07:34.333625
198.0,-415.0,693.0,14:07:34.344197
-123.0,-550.0,1350.0,14:07:34.353580
183.0,-817.0,1011.0,14:07:34.363125
154.0,-944.0,670.0,14:07:34.373575
361.0,-691.0,927.0,14:07:34.383081
-212.0,-32.0,1326.0,14:07:34.393564
-67.0,-184.0,656.0,14:07:34.402999
-5.0,-480.0,662.0,14:07:34.412369
-100.0,-225.0,1019.0,14:07:34.432067
-49.0,-189.0,850.0,14:07:34.442691
-4.0,-561.0,1442.0,14:07:34.452028
123.0,-712.0,1298.0,14:07:34.462553
111.0,-550.0,434.0,14:07:34.471891
-98.0,-147.0,541.0,14:07:34.481386
13.0,-546.0,1532.0,14:07:34.491903
8.0,-579.0,1354.0,14:07:34.501325
177.0,-454.0,380.0,14:07:34.511808
92.0,-387.0,245.0,14:07:34.521265
24.0,-459.0,1242.0,14:07:34.530654
-47.0,-426.0,1339.0,14:07:34.541206
162.0,-564.0,810.0,14:07:34.550585
109.0,-386.0,661.0,14:07:34.561060
90.0,-548.0,1013.0,14:07:34.570366
151.0,-541.0,794.0,14:07:34.580920
70.0,-346.0,1043.0,14:07:34.590468
16.0,-439.0,1310.0,14:07:34.599823
223.0,-384.0,835.0,14:07:34.610245
133.0,-460.0,457.0,14:07:34.619540
246.0,-579.0,652.0,14:07:34.630108
5.0,-569.0,1452.0,14:07:34.639484
84.0,-193.0,1155.0,14:07:34.650116
-94.0,-325.0,1009.0,14:07:34.659447
179.0,-440.0,603.0,14:07:34.668817
85.0,-578.0,657.0,14:07:34.679237
14.0,-543.0,1179.0,14:07:34.688733
-42.0,-341.0,1177.0,14:07:34.699172
-126.0,-237.0,953.0,14:07:34.708631
32.0,-447.0,927.0,14:07:34.719172
233.0,-578.0,969.0,14:07:34.728588
224.0,-635.0,1229.0,14:07:34.737962
-50.0,-538.0,1062.0,14:07:34.751831
50.0,-437.0,758.0,14:07:34.758037
-8.0,-533.0,1021.0,14:07:34.767339
135.0,-688.0,765.0,14:07:34.778002
-122.0,-411.0,728.0,14:07:34.787334
-139.0,-326.0,1118.0,14:07:34.797973
