65.0,-450.0,987.0,14:07:34.860707
12.0,-359.0,793.0,14:07:34.866925
196.0,-432.0,771.0,14:07:34.876395
-126.0,-344.0,1059.0,14:07:34.885825
-59.0,-424.0,998.0,14:07:34.896302
148.0,-595.0,774.0,14:07:34.905711
79.0,-479.0,856.0,14:07:34.916178
14.0,-554.0,1222.0,14:07:34.925600
12.0,-393.0,865.0,14:07:34.934946
122.0,-687.0,1054.0,14:07:34.945490
87.0,-454.0,749.0,14:07:34.954812
91.0,-385.0,867.0,14:07:34.965261
-16.0,-510.0,1318.0,14:07:34.974782
82.0,-540.0,939.0,14:07:34.984271
123.0,-429.0,676.0,14:07:34.994764
172.0,-587.0,974.0,14:07:35.004238
17.0,-579.0,1431.0,14:07:35.014763
64.0,-417.0,641.0,14:07:35.024169
21.0,-553.0,701.0,14:07:35.033707
177.0,-585.0,803.0,14:07:35.044268
64.0,-646.0,891.0,14:07:35.053627
82.0,-522.0,760.0,14:07:35.064146
-64.0,-152.0,1082.0,14:07:35.073615
-178.0,-385.0,929.0,14:07:35.082970
130.0,-703.0,783.0,14:07:35.093490
-54.0,-497.0,747.0,14:07:35.102876
13.0,-426.0,867.0,14:07:35.113286
-26.0,-694.0,1007.0,14:07:35.122564
-198.0,-713.0,1252.0,14:07:35.132993
97.0,-582.0,564.0,14:07:35.142496
58.0,-352.0,425.0,14:07:35.155454
-16.0,-341.0,1116.0,14:07:35.162080
45.0,-591.0,1632.0,14:07:35.172690
75.0,-381.0,651.0,14:07:35.182122
-26.0,-257.0,553.0,14:07:35.191482
106.0,-597.0,1225.0,14:07:35.201992
156.0,-803.0,1354.0,14:07:35.211305
116.0,-403.0,744.0,14:07:35.221960
-91.0,-349.0,698.0,14:07:35.231385
168.0,-704.0,1266.0,14:07:35.240696
52.0,-494.0,840.0,14:07:35.251226
111.0,-285.0,521.0,14:07:35.260597
17.0,-211.0,813.0,14:07:35.271009
25.0,-328.0,1279.0,14:07:35.280448
142.0,-521.0,1032.0,14:07:35.290851
86.0,-485.0,462.0,14:07:35.300320
67.0,-325.0,888.0,14:07:35.309700
124.0,-509.0,1213.0,14:07:35.320306
72.0,-471.0,1109.0,14:07:35.329579
236.0,-468.0,929.0,14:07:35.340183
-182.0,-310.0,639.0,14:07:35.349580
-1.0,-438.0,1100.0,14:07:35.359048
142.0,-545.0,1089.0,14:07:35.369500
153.0,-464.0,582.0,14:07:35.378941
158.0,-602.0,984.0,14:07:35.389384
-281.0,-644.0,1159.0,14:07:35.398884
152.0,-569.0,1115.0,14:07:35.409434
144.0,-592.0,860.0,14:07:35.418755
136.0,-489.0,692.0,14:07:35.428083
6.0,-589.0,946.0,14:07:35.438535
-45.0,-676.0,984.0,14:07:35.448021
31.0,-378.0,863.0,14:07:35.458508
-8.0,-455.0,869.0,14:07:35.467936
-59.0,-454.0,1146.0,14:07:35.478383
21.0,-631.0,500.0,14:07:35.487857
67.0,-554.0,1009.0,14:07:35.497245
104.0,-542.0,1330.0,14:07:35.507823
-16.0,-486.0,765.0,14:07:35.517121
102.0,-640.0,762.0,14:07:35.527732
128.0,-370.0,729.0,14:07:35.537033
-200.0,-495.0,986.0,14:07:35.546396
-22.0,-273.0,1130.0,14:07:35.557036
-261.0,-375.0,743.0,14:07:35.566487
-72.0,-306.0,719.0,14:07:35.577078
27.0,-594.0,1103.0,14:07:35.586366
-27.0,-560.0,1157.0,14:07:35.595757
-30.0,-468.0,970.0,14:07:35.606176
-82.0,-545.0,800.0,14:07:35.615594
140.0,-747.0,907.0,14:07:35.626023
7.0,-556.0,1015.0,14:07:35.635444
24.0,-527.0,1010.0,14:07:35.645956
40.0,-316.0,860.0,14:07:35.655374
131.0,-583.0,671.0,14:07:35.675153
87.0,-708.0,834.0,14:07:35.684551
-82.0,-315.0,844.0,14:07:35.695087
104.0,-616.0,1069.0,14:07:35.704502
-45.0,-540.0,1082.0,14:07:35.715044
298.0,-544.0,527.0,14:07:35.724396
155.0,-464.0,564.0,14:07:35.734752
84.0,-300.0,1267.0,14:07:35.744202
99.0,-523.0,802.0,14:07:35.753631
62.0,-336.0,416.0,14:07:35.764117
75.0,-199.0,717.0,14:07:35.773651
-45.0,-88.0,287.0,14:07:35.783070
87.0,-278.0,821.0,14:07:35.793646
-198.0,-534.0,1629.0,14:07:35.803075
113.0,-616.0,1470.0,14:07:35.813700
-48.0,-924.0,1345.0,14:07:35.823121
96.0,-771.0,1114.0,14:07:35.832519
22.0,-781.0,1504.0,14:07:35.843065
17.0,-660.0,1074.0,14:07:35.852531
137.0,-678.0,706.0,14:07:35.863010
180.0,-564.0,434.0,14:07:35.872557
-57.0,-599.0,894.0,14:07:35.881863
-23.0,-643.0,863.0,14:07:35.892473
-152.0,-528.0,924.0,14:07:35.901810
-167.0,-499.0,1101.0,14:07:35.911302
184.0,-621.0,1091.0,14:07:35.921745
64.0,-538.0,911.0,14:07:35.931208
276.0,-452.0,435.0,14:07:35.941766
119.0,-172.0,977.0,14:07:35.955102
56.0,-488.0,829.0,14:07:35.960977
38.0,-406.0,686.0,14:07:35.970470
-87.0,-268.0,925.0,14:07:35.980897
-27.0,-410.0,1066.0,14:07:35.990296
-83.0,-445.0,898.0,14:07:36.000738
-69.0,-530.0,1159.0,14:07:36.010270
-53.0,-379.0,924.0,14:07:36.020780
-37.0,-736.0,660.0,14:07:36.030233
257.0,-451.0,1030.0,14:07:36.039563
77.0,-467.0,594.0,14:07:36.050131
21.0,-446.0,587.0,14:07:36.059433
-55.0,-476.0,1109.0,14:07:36.069160
-9.0,-367.0,488.0,14:07:36.079677
-74.0,-317.0,128.0,14:07:36.089084
-10.0,-567.0,1233.0,14:07:36.099598
-24.0,-815.0,2042.0,14:07:36.108993
88.0,-424.0,823.0,14:07:36.118444
148.0,-734.0,1003.0,14:07:36.128974
141.0,-1277.0,1193.0,14:07:36.138275
293.0,-1037.0,898.0,14:07:36.148805
-80.0,-407.0,803.0,14:07:36.158094
-138.0,-212.0,1334.0,14:07:36.168732
-239.0,232.0,823.0,14:07:36.178026
-143.0,-341.0,420.0,14:07:36.187504
-91.0,-230.0,750.0,14:07:36.198031
-67.0,-248.0,1437.0,14:07:36.207317
46.0,-369.0,1298.0,14:07:36.217969
-176.0,-781.0,1206.0,14:07:36.227312
122.0,-707.0,759.0,14:07:36.237931
12.0,-482.0,819.0,14:07:36.247176
-199.0,-391.0,1432.0,14:07:36.256683
24.0,-527.0,1095.0,14:07:36.267245
-141.0,-643.0,457.0,14:07:36.276565
38.0,-651.0,584.0,14:07:36.286034
-54.0,-712.0,1028.0,14:07:36.296466
-81.0,-470.0,500.0,14:07:36.305903
39.0,-360.0,896.0,14:07:36.316383
-128.0,-378.0,1000.0,14:07:36.325958
39.0,-392.0,786.0,14:07:36.336393
30.0,-390.0,873.0,14:07:36.345823
-44.0,-490.0,850.0,14:07:36.356425
117.0,-288.0,856.0,14:07:36.365780
169.0,-434.0,913.0,14:07:36.375149
-66.0,-431.0,780.0,14:07:36.385618
21.0,-334.0,711.0,14:07:36.394948
78.0,-717.0,1149.0,14:07:36.404370
227.0,-615.0,758.0,14:07:36.414850
236.0,-600.0,855.0,14:07:36.424240
96.0,-711.0,1075.0,14:07:36.434816
44.0,-854.0,824.0,14:07:36.444190
106.0,-975.0,615.0,14:07:36.453647
-26.0,-327.0,955.0,14:07:36.464146
129.0,-260.0,1310.0,14:07:36.473652
-182.0,-96.0,1209.0,14:07:36.484065
-34.0,-476.0,733.0,14:07:36.493478
284.0,-482.0,459.0,14:07:36.503863
133.0,-454.0,1279.0,14:07:36.513299
-13.0,-323.0,1661.0,14:07:36.523734
-140.0,-405.0,964.0,14:07:36.533102
-24.0,-550.0,917.0,14:07:36.542573
-98.0,-538.0,857.0,14:07:36.553011
281.0,-441.0,784.0,14:07:36.562584
-8.0,-410.0,943.0,14:07:36.573035
73.0,-523.0,1163.0,14:07:36.582497
66.0,-551.0,799.0,14:07:36.591764
11.0,-590.0,555.0,14:07:36.602214
60.0,-631.0,876.0,14:07:36.611509
-42.0,-500.0,1241.0,14:07:36.622027
262.0,-765.0,802.0,14:07:36.631422
132.0,-643.0,383.0,14:07:36.641892
-53.0,-293.0,800.0,14:07:36.651351
112.0,-585.0,1073.0,14:07:36.661845
64.0,-551.0,683.0,14:07:36.671232
-56.0,-314.0,724.0,14:07:36.680571
57.0,-520.0,1132.0,14:07:36.691182
-68.0,-384.0,926.0,14:07:36.700520
78.0,-452.0,940.0,14:07:36.710976
36.0,-588.0,1065.0,14:07:36.720418
124.0,-522.0,915.0,14:07:36.730831
-50.0,-507.0,1028.0,14:07:36.740294
99.0,-806.0,1160.0,14:07:36.749622
-49.0,-453.0,746.0,14:07:36.760212
-91.0,-382.0,1029.0,14:07:36.769583
187.0,-502.0,1133.0,14:07:36.779057
-61.0,-438.0,983.0,14:07:36.789532
220.0,-329.0,635.0,14:07:36.798960
-39.0,-414.0,1166.0,14:07:36.809608
25.0,-373.0,972.0,14:07:36.818987
6.0,-345.0,776.0,14:07:36.828397
30.0,-488.0,1083.0,14:07:36.838933
-73.0,-421.0,903.0,14:07:36.848289
-10.0,-392.0,877.0,14:07:36.858814
129.0,-482.0,927.0,14:07:36.868177
41.0,-537.0,1053.0,14:07:36.878677
144.0,-541.0,962.0,14:07:36.888037
121.0,-560.0,807.0,14:07:36.897439
22.0,-462.0,1005.0,14:07:36.907952
180.0,-589.0,818.0,14:07:36.917324
60.0,-539.0,736.0,14:07:36.927822
59.0,-482.0,949.0,14:07:36.937262
54.0,-353.0,957.0,14:07:36.947776
21.0,-482.0,1150.0,14:07:36.957185
38.0,-459.0,893.0,14:07:36.966529
22.0,-400.0,786.0,14:07:36.977078
-50.0,-308.0,1245.0,14:07:36.986436
129.0,-592.0,1019.0,14:07:36.996915
74.0,-473.0,644.0,14:07:37.006417
72.0,-355.0,1226.0,14:07:37.016898
-54.0,-715.0,937.0,14:07:37.026194
49.0,-653.0,709.0,14:07:37.035520
13.0,-453.0,1036.0,14:07:37.046067
4.0,-537.0,997.0,14:07:37.055330
31.0,-473.0,1023.0,14:07:37.065936
-3.0,-503.0,889.0,14:07:37.075251
126.0,-606.0,887.0,14:07:37.085800
61.0,-512.0,795.0,14:07:37.095129
36.0,-531.0,873.0,14:07:37.104537
88.0,-340.0,896.0,14:07:37.115139
93.0,-444.0,787.0,14:07:37.124421
-25.0,-487.0,786.0,14:07:37.135021
-14.0,-473.0,953.0,14:07:37.144338
18.0,-450.0,927.0,14:07:37.157968
-66.0,-431.0,977.0,14:07:37.164087
69.0,-496.0,922.0,14:07:37.173530
99.0,-627.0,889.0,14:07:37.183982
65.0,-435.0,925.0,14:07:37.193597
-78.0,-497.0,978.0,14:07:37.203226
80.0,-565.0,902.0,14:07:37.213923
152.0,-521.0,1001.0,14:07:37.223721
14.0,-545.0,913.0,14:07:37.233322
52.0,-541.0,1016.0,14:07:37.242826
-31.0,-478.0,883.0,14:07:37.253485
137.0,-581.0,839.0,14:07:37.263272
-108.0,-590.0,845.0,14:07:37.272780
42.0,-635.0,1112.0,14:07:37.282091
55.0,-492.0,889.0,14:07:37.292572
-114.0,-355.0,747.0,14:07:37.301944
-121.0,-581.0,1202.0,14:07:37.312534
73.0,-444.0,814.0,14:07:37.321888
11.0,-392.0,817.0,14:07:37.331360
33.0,-404.0,1004.0,14:07:37.341781
-38.0,-674.0,1064.0,14:07:37.351258
53.0,-566.0,662.0,14:07:37.361717
123.0,-429.0,906.0,14:07:37.371166
-116.0,-541.0,1219.0,14:07:37.381636
-39.0,-613.0,951.0,14:07:37.390954
72.0,-592.0,718.0,14:07:37.401466
50.0,-453.0,1081.0,14:07:37.410745
-62.0,-403.0,1030.0,14:07:37.420209
19.0,-402.0,788.0,14:07:37.430719
46.0,-474.0,866.0,14:07:37.440161
-60.0,-586.0,859.0,14:07:37.450589
185.0,-589.0,817.0,14:07:37.460043
1.0,-504.0,810.0,14:07:37.469425
98.0,-389.0,1005.0,14:07:37.479901
42.0,-349.0,1015.0,14:07:37.489267
-28.0,-463.0,1053.0,14:07:37.499753
98.0,-506.0,735.0,14:07:37.509109
-3.0,-413.0,812.0,14:07:37.519520
108.0,-576.0,1296.0,14:07:37.529019
-137.0,-549.0,1080.0,14:07:37.539471
116.0,-442.0,771.0,14:07:37.548998
16.0,-481.0,865.0,14:07:37.559713
-25.0,-646.0,1006.0,14:07:37.568056
50.0,-448.0,630.0,14:07:37.578624
-116.0,-364.0,1095.0,14:07:37.588066
-101.0,-591.0,962.0,14:07:37.598523
-29.0,-418.0,752.0,14:07:37.607940
-141.0,-402.0,1076.0,14:07:37.617421
1.0,-534.0,1045.0,14:07:37.627955
-46.0,-385.0,840.0,14:07:37.637323
-111.0,-469.0,1039.0,14:07:37.647922
6.0,-665.0,974.0,14:07:37.657389
49.0,-580.0,817.0,14:07:37.666724
-2.0,-593.0,715.0,14:07:37.677154
80.0,-473.0,818.0,14:07:37.686642
-78.0,-605.0,1048.0,14:07:37.697076
54.0,-575.0,959.0,14:07:37.706553
43.0,-422.0,824.0,14:07:37.717078
-134.0,-458.0,1018.0,14:07:37.726442
117.0,-587.0,795.0,14:07:37.735878
8.0,-417.0,881.0,14:07:37.746295
1.0,-451.0,1109.0,14:07:37.755651
21.0,-405.0,828.0,14:07:37.766049
15.0,-420.0,759.0,14:07:37.775385
39.0,-584.0,882.0,14:07:37.785920
61.0,-542.0,984.0,14:07:37.795342
74.0,-506.0,915.0,14:07:37.804697
-40.0,-584.0,992.0,14:07:37.815346
-43.0,-547.0,859.0,14:07:37.824752
-74.0,-571.0,1095.0,14:07:37.834303
-10.0,-536.0,801.0,14:07:37.844766
-127.0,-520.0,757.0,14:07:37.854143
4.0,-383.0,919.0,14:07:37.864697
73.0,-691.0,965.0,14:07:37.874101
-20.0,-481.0,602.0,14:07:37.884728
-89.0,-345.0,652.0,14:07:37.894119
-64.0,-452.0,1337.0,14:07:37.903566
70.0,-361.0,834.0,14:07:37.914069
100.0,-348.0,365.0,14:07:37.923397
44.0,-430.0,692.0,14:07:37.933819
-61.0,-356.0,977.0,14:07:37.943197
6.0,-268.0,876.0,14:07:37.953638
-117.0,-383.0,949.0,14:07:37.962982
102.0,-430.0,916.0,14:07:37.972409
-83.0,-401.0,716.0,14:07:37.983001
59.0,-358.0,903.0,14:07:37.992366
49.0,-681.0,1391.0,14:07:38.002876
235.0,-634.0,891.0,14:07:38.012159
95.0,-408.0,787.0,14:07:38.022735
89.0,-575.0,1136.0,14:07:38.032001
120.0,-629.0,857.0,14:07:38.041457
-16.0,-521.0,859.0,14:07:38.051905
107.0,-526.0,1115.0,14:07:38.061359
201.0,-567.0,1009.0,14:07:38.071776
49.0,-411.0,1050.0,14:07:38.081107
16.0,-436.0,822.0,14:07:38.091592
199.0,-519.0,1057.0,14:07:38.100914
131.0,-502.0,1178.0,14:07:38.111382
100.0,-433.0,1140.0,14:07:38.120644
59.0,-558.0,947.0,14:07:38.131358
38.0,-597.0,1024.0,14:07:38.140725
125.0,-626.0,1051.0,14:07:38.150300
247.0,-455.0,740.0,14:07:38.160840
64.0,-376.0,1097.0,14:07:38.170212
-58.0,-327.0,1148.0,14:07:38.179495
-48.0,-394.0,1079.0,14:07:38.190259
148.0,-737.0,921.0,14:07:38.199627
76.0,-612.0,1098.0,14:07:38.209130
41.0,-448.0,1041.0,14:07:38.219554
118.0,-571.0,1086.0,14:07:38.228997
58.0,-807.0,1043.0,14:07:38.239522
118.0,-637.0,864.0,14:07:38.248984
-60.0,-565.0,796.0,14:07:38.259464
-11.0,-519.0,841.0,14:07:38.268781
108.0,-784.0,1136.0,14:07:38.278179
28.0,-795.0,1014.0,14:07:38.288717
-10.0,-709.0,613.0,14:07:38.298056
145.0,-592.0,768.0,14:07:38.308567
33.0,-702.0,1285.0,14:07:38.318001
157.0,-562.0,745.0,14:07:38.328455
10.0,-429.0,391.0,14:07:38.337922
-113.0,-360.0,859.0,14:07:38.347211
-128.0,-380.0,765.0,14:07:38.362038
-92.0,-131.0,846.0,14:07:38.367563
-206.0,-213.0,885.0,14:07:38.377042
-47.0,-335.0,900.0,14:07:38.387541
22.0,-365.0,1058.0,14:07:38.396997
41.0,-423.0,925.0,14:07:38.406367
-46.0,-358.0,959.0,14:07:38.416997
-11.0,-501.0,1080.0,14:07:38.426437
183.0,-519.0,914.0,14:07:38.435912
42.0,-320.0,910.0,14:07:38.446425
38.0,-450.0,948.0,14:07:38.455858
-123.0,-277.0,981.0,14:07:38.466272
-65.0,-376.0,932.0,14:07:38.475650
83.0,-514.0,831.0,14:07:38.486085
143.0,-529.0,827.0,14:07:38.495425
-20.0,-425.0,1042.0,14:07:38.505870
-22.0,-279.0,532.0,14:07:38.515252
-148.0,-503.0,1225.0,14:07:38.524764
143.0,-631.0,1171.0,14:07:38.535286
-97.0,-211.0,639.0,14:07:38.544670
-40.0,-468.0,954.0,14:07:38.555233
23.0,-576.0,1042.0,14:07:38.564716
148.0,-438.0,878.0,14:07:38.574064
128.0,-398.0,794.0,14:07:38.584570
-104.0,-366.0,867.0,14:07:38.594002
-68.0,-232.0,910.0,14:07:38.604443
83.0,-595.0,1199.0,14:07:38.613866
66.0,-577.0,966.0,14:07:38.624368
-3.0,-369.0,1062.0,14:07:38.633671
-36.0,-469.0,1056.0,14:07:38.643110
9.0,-714.0,1042.0,14:07:38.653552
100.0,-498.0,1026.0,14:07:38.663023
124.0,-657.0,1109.0,14:07:38.673568
241.0,-453.0,906.0,14:07:38.683050
44.0,-449.0,805.0,14:07:38.692452
29.0,-711.0,1001.0,14:07:38.703002
203.0,-829.0,923.0,14:07:38.712471
160.0,-611.0,689.0,14:07:38.722932
159.0,-312.0,666.0,14:07:38.732343
96.0,-416.0,970.0,14:07:38.741692
49.0,-488.0,705.0,14:07:38.752188
146.0,-258.0,659.0,14:07:38.762648
-52.0,-451.0,1004.0,14:07:38.771979
73.0,-374.0,894.0,14:07:38.781377
29.0,-663.0,952.0,14:07:38.791976
-14.0,-512.0,814.0,14:07:38.801372
-112.0,-384.0,1143.0,14:07:38.810763
93.0,-446.0,1099.0,14:07:38.821441
31.0,-504.0,935.0,14:07:38.830736
-61.0,-354.0,722.0,14:07:38.841302
113.0,-521.0,1007.0,14:07:38.850640
-63.0,-457.0,1237.0,14:07:38.860218
18.0,-533.0,895.0,14:07:38.870692
128.0,-711.0,820.0,14:07:38.880300
14.0,-612.0,1159.0,14:07:38.889577
66.0,-588.0,1231.0,14:07:38.900174
184.0,-426.0,860.0,14:07:38.909548
61.0,-459.0,1153.0,14:07:38.920150
168.0,-597.0,961.0,14:07:38.929514
165.0,-637.0,604.0,14:07:38.939943
195.0,-370.0,847.0,14:07:38.949264
21.0,-393.0,1007.0,14:07:38.958555
70.0,-418.0,841.0,14:07:38.969133
65.0,-378.0,662.0,14:07:38.978531
181.0,-254.0,781.0,14:07:38.989147
19.0,-212.0,1125.0,14:07:38.998446
-64.0,-536.0,1161.0,14:07:39.009060
279.0,-564.0,662.0,14:07:39.018380
-80.0,-375.0,909.0,14:07:39.027915
55.0,-565.0,1123.0,14:07:39.038339
-8.0,-620.0,1103.0,14:07:39.047822
-54.0,-521.0,973.0,14:07:39.057235
-3.0,-559.0,943.0,14:07:39.067785
116.0,-511.0,619.0,14:07:39.077191
-40.0,-612.0,1019.0,14:07:39.087787
-118.0,-596.0,1033.0,14:07:39.097188
-47.0,-610.0,823.0,14:07:39.106534
344.0,-491.0,562.0,14:07:39.117077
28.0,-471.0,1012.0,14:07:39.126504
-103.0,-429.0,979.0,14:07:39.137082
-1.0,-314.0,893.0,14:07:39.146409
-11.0,-474.0,845.0,14:07:39.166173
108.0,-485.0,1128.0,14:07:39.175636
137.0,-407.0,775.0,14:07:39.186036
17.0,-466.0,836.0,14:07:39.195485
51.0,-500.0,1032.0,14:07:39.205893
139.0,-508.0,891.0,14:07:39.215249
142.0,-502.0,814.0,14:07:39.225727
70.0,-527.0,928.0,14:07:39.235260
-86.0,-354.0,815.0,14:07:39.244629
-61.0,-553.0,1149.0,14:07:39.255126
56.0,-509.0,893.0,14:07:39.264436
-1.0,-413.0,722.0,14:07:39.275001
67.0,-398.0,1089.0,14:07:39.284427
-27.0,-414.0,1185.0,14:07:39.294988
171.0,-636.0,916.0,14:07:39.304292
-130.0,-460.0,922.0,14:07:39.313664
178.0,-676.0,1147.0,14:07:39.324129
-67.0,-751.0,991.0,14:07:39.333609
140.0,-539.0,851.0,14:07:39.344083
83.0,-753.0,877.0,14:07:39.353785
150.0,-669.0,797.0,14:07:39.363112
49.0,-533.0,771.0,14:07:39.373652
74.0,-581.0,725.0,14:07:39.382966
91.0,-554.0,912.0,14:07:39.392523
85.0,-529.0,900.0,14:07:39.403047
96.0,-439.0,833.0,14:07:39.412431
-71.0,-560.0,1033.0,14:07:39.422913
-9.0,-522.0,950.0,14:07:39.432280
134.0,-549.0,791.0,14:07:39.442847
-80.0,-580.0,830.0,14:07:39.452165
227.0,-517.0,763.0,14:07:39.461642
38.0,-454.0,953.0,14:07:39.472078
-10.0,-478.0,1038.0,14:07:39.481387
151.0,-354.0,829.0,14:07:39.491866
-60.0,-374.0,954.0,14:07:39.501389
-26.0,-408.0,1031.0,14:07:39.511851
-138.0,-364.0,975.0,14:07:39.521437
-159.0,-323.0,664.0,14:07:39.530748
-81.0,-615.0,1188.0,14:07:39.541361
-117.0,-660.0,1263.0,14:07:39.550634
-104.0,-501.0,774.0,14:07:39.564381
136.0,-453.0,562.0,14:07:39.570477
-209.0,-556.0,1110.0,14:07:39.580897
-25.0,-636.0,1241.0,14:07:39.590402
-68.0,-617.0,554.0,14:07:39.599782
123.0,-446.0,800.0,14:07:39.610280
99.0,-539.0,1149.0,14:07:39.619629
-14.0,-538.0,874.0,14:07:39.630271
40.0,-622.0,759.0,14:07:39.639691
15.0,-478.0,868.0,14:07:39.649130
11.0,-397.0,946.0,14:07:39.659762
-92.0,-451.0,947.0,14:07:39.669124
323.0,-515.0,908.0,14:07:39.678491
-42.0,-295.0,1045.0,14:07:39.689057
15.0,-178.0,920.0,14:07:39.698496
98.0,-413.0,950.0,14:07:39.709011
49.0,-288.0,1101.0,14:07:39.718432
-40.0,-398.0,1080.0,14:07:39.738125
-67.0,-358.0,1106.0,14:07:39.747491
-99.0,-570.0,1047.0,14:07:39.758046
88.0,-685.0,930.0,14:07:39.767335
16.0,-485.0,774.0,14:07:39.777957
58.0,-622.0,817.0,14:07:39.787367
12.0,-453.0,729.0,14:07:39.796815
-47.0,-605.0,907.0,14:07:39.807246
133.0,-613.0,1016.0,14:07:39.816729
120.0,-288.0,707.0,14:07:39.827178
-134.0,-285.0,1000.0,14:07:39.836609
43.0,-652.0,953.0,14:07:39.847133
122.0,-674.0,621.0,14:07:39.856569
77.0,-573.0,862.0,14:07:39.865840
25.0,-572.0,847.0,14:07:39.886509
55.0,-567.0,573.0,14:07:39.896067
-100.0,-506.0,996.0,14:07:39.905342
68.0,-531.0,1002.0,14:07:39.916084
-126.0,-558.0,877.0,14:07:39.925421
114.0,-471.0,641.0,14:07:39.935997
-19.0,-452.0,1150.0,14:07:39.945308
36.0,-558.0,1048.0,14:07:39.954782
80.0,-426.0,838.0,14:07:39.966135
-142.0,-336.0,1033.0,14:07:39.974655
-29.0,-684.0,1005.0,14:07:39.985211
-37.0,-482.0,791.0,14:07:39.994662
113.0,-283.0,792.0,14:07:40.004053
-80.0,-583.0,1219.0,14:07:40.014617
8.0,-607.0,1100.0,14:07:40.024035
67.0,-445.0,786.0,14:07:40.034638
93.0,-423.0,766.0,14:07:40.043971
166.0,-547.0,945.0,14:07:40.053275
212.0,-458.0,755.0,14:07:40.073000
15.0,-587.0,1041.0,14:07:40.083578
270.0,-532.0,975.0,14:07:40.092938
-40.0,-416.0,734.0,14:07:40.103590
41.0,-567.0,928.0,14:07:40.112968
-72.0,-572.0,1102.0,14:07:40.122470
208.0,-766.0,1083.0,14:07:40.133040
200.0,-628.0,652.0,14:07:40.142532
-93.0,-560.0,808.0,14:07:40.151870
89.0,-654.0,990.0,14:07:40.162442
44.0,-621.0,902.0,14:07:40.171804
61.0,-206.0,471.0,14:07:40.182464
-60.0,-312.0,930.0,14:07:40.191763
13.0,-442.0,1096.0,14:07:40.201257
-70.0,-335.0,727.0,14:07:40.211749
65.0,-524.0,1133.0,14:07:40.221232
-206.0,-471.0,1099.0,14:07:40.231652
-39.0,-395.0,878.0,14:07:40.241023
101.0,-647.0,1140.0,14:07:40.251498
-91.0,-578.0,931.0,14:07:40.260860
193.0,-378.0,620.0,14:07:40.270248
-60.0,-517.0,1118.0,14:07:40.280825
32.0,-604.0,1182.0,14:07:40.290268
-132.0,-327.0,687.0,14:07:40.300898
-65.0,-746.0,1129.0,14:07:40.319395
104.0,-636.0,1004.0,14:07:40.329933
27.0,-463.0,797.0,14:07:40.339348
45.0,-492.0,889.0,14:07:40.349771
108.0,-452.0,795.0,14:07:40.359129
57.0,-525.0,926.0,14:07:40.369621
5.0,-453.0,928.0,14:07:40.379023
-31.0,-420.0,903.0,14:07:40.389409
30.0,-512.0,1011.0,14:07:40.398821
-119.0,-440.0,871.0,14:07:40.409265
54.0,-494.0,837.0,14:07:40.418660
58.0,-549.0,1149.0,14:07:40.429108
44.0,-583.0,1074.0,14:07:40.438517
153.0,-574.0,840.0,14:07:40.447947
10.0,-745.0,1048.0,14:07:40.458464
123.0,-552.0,1046.0,14:07:40.467952
18.0,-218.0,665.0,14:07:40.478386
-156.0,-296.0,895.0,14:07:40.487941
20.0,-500.0,867.0,14:07:40.497312
41.0,-266.0,631.0,14:07:40.507942
-39.0,-224.0,800.0,14:07:40.517238
34.0,-486.0,1237.0,14:07:40.527834
80.0,-653.0,990.0,14:07:40.537208
119.0,-601.0,606.0,14:07:40.546548
15.0,-423.0,947.0,14:07:40.557121
-40.0,-541.0,1128.0,14:07:40.566446
-21.0,-341.0,827.0,14:07:40.577112
77.0,-456.0,926.0,14:07:40.586487
111.0,-616.0,902.0,14:07:40.595876
103.0,-523.0,822.0,14:07:40.606577
-15.0,-473.0,903.0,14:07:40.615893
157.0,-613.0,764.0,14:07:40.625340
179.0,-588.0,1027.0,14:07:40.635830
2.0,-501.0,1269.0,14:07:40.645199
70.0,-380.0,711.0,14:07:40.655760
-99.0,-510.0,839.0,14:07:40.665111
186.0,-611.0,1117.0,14:07:40.674582
42.0,-609.0,902.0,14:07:40.685157
338.0,-401.0,864.0,14:07:40.694455
33.0,-511.0,1047.0,14:07:40.704924
57.0,-614.0,1053.0,14:07:40.714255
37.0,-471.0,785.0,14:07:40.724861
-47.0,-476.0,736.0,14:07:40.734197
26.0,-545.0,1124.0,14:07:40.743672
-53.0,-501.0,983.0,14:07:40.754096
-13.0,-518.0,597.0,14:07:40.766603
37.0,-523.0,738.0,14:07:40.773445
61.0,-514.0,1322.0,14:07:40.783848
98.0,-320.0,844.0,14:07:40.793230
-144.0,-438.0,843.0,14:07:40.803700
-28.0,-512.0,1062.0,14:07:40.813139
95.0,-612.0,1007.0,14:07:40.822563
105.0,-500.0,817.0,14:07:40.833040
43.0,-446.0,898.0,14:07:40.842492
-158.0,-548.0,971.0,14:07:40.853029
179.0,-620.0,774.0,14:07:40.862467
-34.0,-527.0,790.0,14:07:40.871895
-28.0,-433.0,1040.0,14:07:40.882396
-131.0,-447.0,801.0,14:07:40.891891
81.0,-417.0,684.0,14:07:40.902456
58.0,-518.0,1211.0,14:07:40.911850
81.0,-621.0,1151.0,14:07:40.921216
25.0,-663.0,700.0,14:07:40.931815
129.0,-526.0,982.0,14:07:40.941168
-71.0,-555.0,1134.0,14:07:40.951686
-64.0,-493.0,859.0,14:07:40.961019
-92.0,-610.0,932.0,14:07:40.971547
-21.0,-559.0,687.0,14:07:40.981029
-55.0,-447.0,936.0,14:07:40.990419
-2.0,-450.0,986.0,14:07:41.000845
-131.0,-488.0,953.0,14:07:41.010297
-3.0,-377.0,845.0,14:07:41.020727
-32.0,-345.0,1065.0,14:07:41.030231
10.0,-463.0,1034.0,14:07:41.039605
83.0,-414.0,807.0,14:07:41.050333
50.0,-389.0,970.0,14:07:41.059663
147.0,-382.0,1195.0,14:07:41.069096
48.0,-411.0,866.0,14:07:41.079755
-44.0,-407.0,765.0,14:07:41.089147
98.0,-527.0,1053.0,14:07:41.099690
90.0,-625.0,1046.0,14:07:41.109136
247.0,-651.0,670.0,14:07:41.118455
-18.0,-582.0,953.0,14:07:41.129045
55.0,-570.0,936.0,14:07:41.138435
-26.0,-501.0,851.0,14:07:41.149059
141.0,-454.0,835.0,14:07:41.158403
-7.0,-503.0,829.0,14:07:41.168708
-6.0,-413.0,819.0,14:07:41.178334
33.0,-353.0,1088.0,14:07:41.187743
-63.0,-269.0,919.0,14:07:41.198214
-42.0,-439.0,918.0,14:07:41.207740
14.0,-601.0,791.0,14:07:41.217204
78.0,-578.0,957.0,14:07:41.227763
80.0,-450.0,1115.0,14:07:41.237086
-23.0,-479.0,1058.0,14:07:41.247763
-52.0,-682.0,895.0,14:07:41.257130
133.0,-486.0,803.0,14:07:41.266488
-48.0,-309.0,837.0,14:07:41.277187
81.0,-530.0,1020.0,14:07:41.286626
2.0,-465.0,924.0,14:07:41.295957
3.0,-681.0,850.0,14:07:41.306451
29.0,-582.0,995.0,14:07:41.315895
80.0,-518.0,1092.0,14:07:41.326408
21.0,-594.0,934.0,14:07:41.335795
173.0,-706.0,1149.0,14:07:41.346247
-26.0,-683.0,929.0,14:07:41.355563
225.0,-517.0,626.0,14:07:41.364949
126.0,-514.0,827.0,14:07:41.375449
34.0,-386.0,935.0,14:07:41.384861
115.0,-393.0,926.0,14:07:41.395381
83.0,-377.0,675.0,14:07:41.404825
55.0,-411.0,722.0,14:07:41.414259
15.0,-293.0,912.0,14:07:41.424796
-26.0,-429.0,930.0,14:07:41.434158
-50.0,-357.0,778.0,14:07:41.444767
31.0,-324.0,979.0,14:07:41.454154
-142.0,-365.0,962.0,14:07:41.463591
7.0,-493.0,625.0,14:07:41.474034
49.0,-543.0,1078.0,14:07:41.483526
17.0,-661.0,1315.0,14:07:41.493933
-80.0,-475.0,1028.0,14:07:41.503451
111.0,-622.0,929.0,14:07:41.513901
30.0,-911.0,1256.0,14:07:41.523296
180.0,-767.0,847.0,14:07:41.532615
52.0,-660.0,1014.0,14:07:41.543185
-8.0,-662.0,1064.0,14:07:41.552580
132.0,-554.0,668.0,14:07:41.563146
81.0,-353.0,556.0,14:07:41.572474
35.0,-462.0,990.0,14:07:41.581933
-1.0,-408.0,1108.0,14:07:41.592415
70.0,-251.0,960.0,14:07:41.601875
-62.0,-259.0,973.0,14:07:41.612420
58.0,-573.0,1003.0,14:07:41.621875
121.0,-509.0,819.0,14:07:41.631237
7.0,-429.0,910.0,14:07:41.641753
-23.0,-311.0,850.0,14:07:41.651262
-57.0,-476.0,1066.0,14:07:41.661774
49.0,-400.0,819.0,14:07:41.671211
-105.0,-389.0,741.0,14:07:41.680661
80.0,-472.0,937.0,14:07:41.691258
-103.0,-527.0,1153.0,14:07:41.700576
258.0,-471.0,861.0,14:07:41.711069
91.0,-505.0,853.0,14:07:41.720504
119.0,-593.0,1177.0,14:07:41.729895
125.0,-580.0,846.0,14:07:41.740374
71.0,-365.0,733.0,14:07:41.749786
-58.0,-608.0,951.0,14:07:41.760270
91.0,-589.0,909.0,14:07:41.769618
-126.0,-573.0,961.0,14:07:41.780271
72.0,-555.0,830.0,14:07:41.789682
135.0,-579.0,902.0,14:07:41.799071
-80.0,-537.0,1036.0,14:07:41.809577
92.0,-614.0,803.0,14:07:41.819076
-21.0,-576.0,733.0,14:07:41.828447
15.0,-686.0,1134.0,14:07:41.838950
61.0,-440.0,865.0,14:07:41.848366
-82.0,-157.0,922.0,14:07:41.858780
62.0,-171.0,888.0,14:07:41.868263
-173.0,-397.0,863.0,14:07:41.878723
-22.0,-509.0,911.0,14:07:41.888106
140.0,-497.0,940.0,14:07:41.898584
-2.0,-516.0,989.0,14:07:41.907997
160.0,-618.0,1397.0,14:07:41.917410
12.0,-623.0,970.0,14:07:41.927952
155.0,-568.0,830.0,14:07:41.937277
1.0,-526.0,1133.0,14:07:41.948000
49.0,-354.0,897.0,14:07:41.957418
-39.0,-551.0,913.0,14:07:41.970677
84.0,-612.0,743.0,14:07:41.976741
-33.0,-509.0,789.0,14:07:41.987283
118.0,-427.0,617.0,14:07:41.996602
67.0,-533.0,660.0,14:07:42.007131
115.0,-506.0,1039.0,14:07:42.016479
-151.0,-318.0,905.0,14:07:42.026011
-46.0,-412.0,840.0,14:07:42.036468
114.0,-458.0,743.0,14:07:42.046005
54.0,-566.0,914.0,14:07:42.055367
1.0,-586.0,814.0,14:07:42.066099
9.0,-572.0,1066.0,14:07:42.075512
-27.0,-638.0,996.0,14:07:42.084891
9.0,-706.0,820.0,14:07:42.095423
79.0,-657.0,885.0,14:07:42.104832
41.0,-642.0,776.0,14:07:42.115249
-166.0,-445.0,861.0,14:07:42.124684
-154.0,-469.0,979.0,14:07:42.135156
43.0,-650.0,906.0,14:07:42.144719
28.0,-393.0,964.0,14:07:42.154029
-1.0,-340.0,1260.0,14:07:42.164475
78.0,-240.0,831.0,14:07:42.173905
-26.0,-306.0,1181.0,14:07:42.184359
124.0,-380.0,1129.0,14:07:42.193815
76.0,-467.0,773.0,14:07:42.204260
10.0,-362.0,1083.0,14:07:42.213728
-1.0,-571.0,1067.0,14:07:42.223072
214.0,-432.0,732.0,14:07:42.233635
109.0,-483.0,804.0,14:07:42.243143
44.0,-607.0,943.0,14:07:42.252543
63.0,-587.0,976.0,14:07:42.263110
69.0,-374.0,847.0,14:07:42.272575
163.0,-446.0,827.0,14:07:42.283017
36.0,-382.0,907.0,14:07:42.292581
-101.0,-442.0,891.0,14:07:42.301903
-120.0,-495.0,1062.0,14:07:42.312738
0.0,-605.0,1127.0,14:07:42.322023
88.0,-423.0,712.0,14:07:42.331529
80.0,-648.0,1021.0,14:07:42.342000
-27.0,-730.0,1254.0,14:07:42.351489
113.0,-615.0,748.0,14:07:42.361987
42.0,-471.0,831.0,14:07:42.372419
27.0,-606.0,1158.0,14:07:42.381763
188.0,-419.0,837.0,14:07:42.391051
-52.0,-525.0,711.0,14:07:42.401607
193.0,-475.0,820.0,14:07:42.410928
-50.0,-369.0,874.0,14:07:42.420349
-128.0,-446.0,959.0,14:07:42.430892
1.0,-469.0,1088.0,14:07:42.440244
-53.0,-514.0,857.0,14:07:42.450696
-6.0,-245.0,804.0,14:07:42.460255
102.0,-473.0,1153.0,14:07:42.469597
46.0,-434.0,815.0,14:07:42.480196
125.0,-635.0,653.0,14:07:42.489439
-232.0,-568.0,1147.0,14:07:42.500242
7.0,-505.0,865.0,14:07:42.509562
-67.0,-542.0,817.0,14:07:42.519072
-62.0,-611.0,1142.0,14:07:42.529649
-51.0,-493.0,878.0,14:07:42.539093
-73.0,-574.0,939.0,14:07:42.548517
-58.0,-491.0,898.0,14:07:42.559056
2.0,-465.0,797.0,14:07:42.568442
-23.0,-523.0,1033.0,14:07:42.577962
22.0,-590.0,931.0,14:07:42.588439
55.0,-469.0,667.0,14:07:42.597828
15.0,-536.0,1046.0,14:07:42.608333
-30.0,-349.0,725.0,14:07:42.617860
210.0,-488.0,920.0,14:07:42.628382
-8.0,-590.0,948.0,14:07:42.637832
-48.0,-487.0,929.0,14:07:42.647286
102.0,-598.0,890.0,14:07:42.657952
-90.0,-381.0,764.0,14:07:42.667354
313.0,-420.0,922.0,14:07:42.676712
-6.0,-190.0,756.0,14:07:42.687273
-13.0,-387.0,951.0,14:07:42.696594
53.0,-414.0,827.0,14:07:42.707120
135.0,-352.0,1091.0,14:07:42.716475
26.0,-614.0,1168.0,14:07:42.726016
155.0,-576.0,1177.0,14:07:42.736428
108.0,-577.0,968.0,14:07:42.745870
69.0,-581.0,810.0,14:07:42.756399
207.0,-640.0,1178.0,14:07:42.765909
93.0,-551.0,784.0,14:07:42.776294
146.0,-555.0,901.0,14:07:42.785727
28.0,-454.0,793.0,14:07:42.795019
-40.0,-500.0,802.0,14:07:42.805657
39.0,-466.0,801.0,14:07:42.815009
-17.0,-551.0,1255.0,14:07:42.825487
32.0,-481.0,1044.0,14:07:42.834806
124.0,-448.0,481.0,14:07:42.845347
-76.0,-548.0,1026.0,14:07:42.854761
-37.0,-499.0,1077.0,14:07:42.864212
164.0,-519.0,739.0,14:07:42.874721
-197.0,-259.0,843.0,14:07:42.884124
-11.0,-488.0,1090.0,14:07:42.894638
-19.0,-504.0,837.0,14:07:42.904091
95.0,-576.0,778.0,14:07:42.913482
-117.0,-557.0,1046.0,14:07:42.923982
21.0,-677.0,1147.0,14:07:42.933300
185.0,-635.0,811.0,14:07:42.943742
-28.0,-533.0,823.0,14:07:42.953086
104.0,-537.0,975.0,14:07:42.963679
-66.0,-479.0,944.0,14:07:42.982075
-16.0,-457.0,862.0,14:07:42.992795
55.0,-584.0,940.0,14:07:43.002138
8.0,-417.0,911.0,14:07:43.012797
-20.0,-520.0,926.0,14:07:43.022064
2.0,-369.0,790.0,14:07:43.041820
111.0,-367.0,746.0,14:07:43.052388
39.0,-460.0,963.0,14:07:43.061639
7.0,-388.0,1010.0,14:07:43.072167
11.0,-363.0,826.0,14:07:43.081434
96.0,-462.0,1107.0,14:07:43.090823
-38.0,-294.0,1172.0,14:07:43.101325
6.0,-379.0,907.0,14:07:43.110811
89.0,-509.0,1048.0,14:07:43.121312
180.0,-612.0,1018.0,14:07:43.130653
152.0,-658.0,865.0,14:07:43.141190
64.0,-599.0,1040.0,14:07:43.150611
-32.0,-637.0,1083.0,14:07:43.159962
73.0,-458.0,711.0,14:07:43.174078
133.0,-328.0,905.0,14:07:43.180059
-81.0,-533.0,759.0,14:07:43.189491
16.0,-478.0,819.0,14:07:43.200046
-79.0,-346.0,1131.0,14:07:43.209385
90.0,-509.0,1158.0,14:07:43.220020
98.0,-485.0,730.0,14:07:43.229413
30.0,-584.0,930.0,14:07:43.239820
205.0,-503.0,958.0,14:07:43.249164
25.0,-426.0,999.0,14:07:43.258479
64.0,-493.0,813.0,14:07:43.269091
4.0,-411.0,625.0,14:07:43.278401
72.0,-479.0,815.0,14:07:43.289076
-12.0,-547.0,933.0,14:07:43.298341
103.0,-531.0,764.0,14:07:43.307865
-37.0,-513.0,985.0,14:07:43.318390
43.0,-605.0,941.0,14:07:43.327818
53.0,-556.0,1010.0,14:07:43.338310
-19.0,-573.0,981.0,14:07:43.347940
76.0,-501.0,919.0,14:07:43.357262
38.0,-535.0,890.0,14:07:43.367803
92.0,-530.0,1065.0,14:07:43.377223
58.0,-415.0,928.0,14:07:43.387815
121.0,-430.0,728.0,14:07:43.397135
38.0,-524.0,828.0,14:07:43.406462
18.0,-519.0,1036.0,14:07:43.417052
108.0,-559.0,969.0,14:07:43.426445
12.0,-482.0,832.0,14:07:43.437055
81.0,-512.0,1046.0,14:07:43.446344
89.0,-475.0,924.0,14:07:43.455909
155.0,-487.0,786.0,14:07:43.466334
-44.0,-485.0,864.0,14:07:43.475760
33.0,-523.0,1139.0,14:07:43.486293
153.0,-539.0,835.0,14:07:43.495894
105.0,-537.0,791.0,14:07:43.505275
-100.0,-468.0,1071.0,14:07:43.514915
20.0,-615.0,1081.0,14:07:43.525438
90.0,-496.0,848.0,14:07:43.534826
68.0,-578.0,989.0,14:07:43.545256
111.0,-742.0,815.0,14:07:43.554687
-90.0,-468.0,929.0,14:07:43.565190
-17.0,-330.0,839.0,14:07:43.575516
-172.0,-379.0,1172.0,14:07:43.584692
52.0,-428.0,742.0,14:07:43.594020
8.0,-295.0,517.0,14:07:43.604667
35.0,-587.0,1315.0,14:07:43.614018
145.0,-511.0,1070.0,14:07:43.623549
-20.0,-467.0,799.0,14:07:43.634000
109.0,-568.0,1023.0,14:07:43.643332
253.0,-499.0,971.0,14:07:43.653849
26.0,-426.0,776.0,14:07:43.663186
79.0,-519.0,1039.0,14:07:43.673733
-53.0,-543.0,919.0,14:07:43.683129
202.0,-465.0,754.0,14:07:43.692611
-140.0,-488.0,1005.0,14:07:43.702985
185.0,-379.0,901.0,14:07:43.712461
-84.0,-385.0,833.0,14:07:43.722960
-14.0,-473.0,1017.0,14:07:43.732509
-67.0,-372.0,998.0,14:07:43.741823
117.0,-431.0,844.0,14:07:43.752398
42.0,-518.0,1041.0,14:07:43.761685
48.0,-604.0,1027.0,14:07:43.772356
142.0,-471.0,932.0,14:07:43.781642
-70.0,-423.0,833.0,14:07:43.790962
77.0,-504.0,909.0,14:07:43.810596
154.0,-403.0,780.0,14:07:43.821184
42.0,-661.0,1181.0,14:07:43.830458
191.0,-469.0,888.0,14:07:43.841007
-24.0,-329.0,751.0,14:07:43.850403
64.0,-393.0,911.0,14:07:43.860956
-52.0,-449.0,998.0,14:07:43.870260
17.0,-345.0,979.0,14:07:43.880808
-114.0,-487.0,935.0,14:07:43.890195
-51.0,-671.0,859.0,14:07:43.899661
97.0,-502.0,957.0,14:07:43.910228
55.0,-589.0,985.0,14:07:43.919600
-127.0,-572.0,790.0,14:07:43.930235
51.0,-517.0,994.0,14:07:43.939502
-28.0,-465.0,755.0,14:07:43.959260
67.0,-711.0,953.0,14:07:43.968618
23.0,-396.0,857.0,14:07:43.979167
88.0,-505.0,922.0,14:07:43.988634
64.0,-510.0,1093.0,14:07:43.999170
128.0,-450.0,837.0,14:07:44.008559
63.0,-430.0,759.0,14:07:44.017987
20.0,-536.0,1021.0,14:07:44.028507
26.0,-444.0,987.0,14:07:44.037911
74.0,-532.0,843.0,14:07:44.048329
149.0,-621.0,979.0,14:07:44.057821
16.0,-595.0,897.0,14:07:44.067110
244.0,-678.0,729.0,14:07:44.077844
-110.0,-613.0,1054.0,14:07:44.087125
56.0,-518.0,963.0,14:07:44.097776
23.0,-430.0,783.0,14:07:44.107149
36.0,-436.0,891.0,14:07:44.116518
30.0,-543.0,1089.0,14:07:44.127026
92.0,-554.0,743.0,14:07:44.136363
-27.0,-460.0,875.0,14:07:44.147061
0.0,-554.0,1300.0,14:07:44.156319
134.0,-466.0,926.0,14:07:44.166898
49.0,-479.0,632.0,14:07:44.176161
178.0,-551.0,1023.0,14:07:44.185514
-54.0,-424.0,1157.0,14:07:44.195903
69.0,-325.0,709.0,14:07:44.205282
99.0,-425.0,781.0,14:07:44.215820
-6.0,-512.0,1066.0,14:07:44.225226
113.0,-552.0,827.0,14:07:44.235850
-18.0,-391.0,963.0,14:07:44.245234
16.0,-521.0,1036.0,14:07:44.254674
-11.0,-466.0,726.0,14:07:44.265080
125.0,-459.0,773.0,14:07:44.274555
84.0,-545.0,1072.0,14:07:44.284979
71.0,-498.0,788.0,14:07:44.294345
-68.0,-493.0,987.0,14:07:44.304760
67.0,-699.0,953.0,14:07:44.314150
81.0,-592.0,852.0,14:07:44.323580
15.0,-494.0,895.0,14:07:44.334193
148.0,-455.0,861.0,14:07:44.343556
-84.0,-444.0,921.0,14:07:44.354085
-33.0,-457.0,984.0,14:07:44.363504
-103.0,-549.0,894.0,14:07:44.376949
71.0,-512.0,871.0,14:07:44.383053
-12.0,-445.0,1013.0,14:07:44.392583
176.0,-608.0,982.0,14:07:44.403189
-118.0,-340.0,1042.0,14:07:44.412507
65.0,-441.0,897.0,14:07:44.422974
37.0,-534.0,919.0,14:07:44.432500
14.0,-409.0,786.0,14:07:44.442937
-19.0,-447.0,1189.0,14:07:44.452384
83.0,-505.0,897.0,14:07:44.461795
42.0,-419.0,657.0,14:07:44.472516
32.0,-468.0,1013.0,14:07:44.481932
-73.0,-540.0,1216.0,14:07:44.491363
45.0,-469.0,850.0,14:07:44.501873
100.0,-406.0,835.0,14:07:44.511331
-52.0,-526.0,953.0,14:07:44.521873
-18.0,-597.0,881.0,14:07:44.531343
130.0,-515.0,781.0,14:07:44.540803
-23.0,-530.0,1023.0,14:07:44.551315
225.0,-491.0,854.0,14:07:44.560705
-49.0,-478.0,870.0,14:07:44.571197
-10.0,-480.0,974.0,14:07:44.580647
69.0,-509.0,782.0,14:07:44.590115
-44.0,-544.0,920.0,14:07:44.600696
-29.0,-493.0,986.0,14:07:44.610169
105.0,-534.0,770.0,14:07:44.619564
26.0,-530.0,747.0,14:07:44.630113
85.0,-622.0,1110.0,14:07:44.639512
166.0,-430.0,966.0,14:07:44.649966
-16.0,-304.0,798.0,14:07:44.659419
128.0,-618.0,1071.0,14:07:44.668735
95.0,-690.0,846.0,14:07:44.679182
72.0,-525.0,848.0,14:07:44.688556
55.0,-457.0,1045.0,14:07:44.699088
68.0,-621.0,1059.0,14:07:44.708494
133.0,-701.0,743.0,14:07:44.719082
22.0,-478.0,839.0,14:07:44.728500
-44.0,-508.0,1086.0,14:07:44.738980
92.0,-609.0,948.0,14:07:44.748308
-16.0,-398.0,788.0,14:07:44.757878
119.0,-449.0,867.0,14:07:44.768459
36.0,-329.0,872.0,14:07:44.778706
25.0,-415.0,775.0,14:07:44.787165
-100.0,-498.0,939.0,14:07:44.797709
-3.0,-497.0,1040.0,14:07:44.807072
35.0,-586.0,952.0,14:07:44.817744
-3.0,-550.0,939.0,14:07:44.827187
96.0,-712.0,734.0,14:07:44.836505
-23.0,-506.0,1135.0,14:07:44.847272
68.0,-634.0,996.0,14:07:44.856658
98.0,-490.0,687.0,14:07:44.865978
-97.0,-282.0,795.0,14:07:44.876393
54.0,-804.0,1169.0,14:07:44.885891
67.0,-527.0,742.0,14:07:44.896440
-14.0,-340.0,749.0,14:07:44.905860
95.0,-571.0,994.0,14:07:44.916323
94.0,-503.0,970.0,14:07:44.925915
-23.0,-385.0,819.0,14:07:44.935179
82.0,-430.0,698.0,14:07:44.945899
-10.0,-411.0,1049.0,14:07:44.955201
12.0,-325.0,960.0,14:07:44.964668
-10.0,-413.0,916.0,14:07:44.975162
218.0,-374.0,774.0,14:07:44.984634
45.0,-429.0,1064.0,14:07:44.995131
131.0,-443.0,1096.0,14:07:45.004442
47.0,-393.0,931.0,14:07:45.014952
64.0,-413.0,1014.0,14:07:45.024335
-10.0,-527.0,959.0,14:07:45.033733
148.0,-615.0,914.0,14:07:45.044245
-54.0,-471.0,882.0,14:07:45.053680
-62.0,-480.0,991.0,14:07:45.064135
40.0,-622.0,984.0,14:07:45.073653
193.0,-530.0,819.0,14:07:45.083035
103.0,-432.0,807.0,14:07:45.093622
99.0,-534.0,1220.0,14:07:45.102978
4.0,-425.0,846.0,14:07:45.112543
-80.0,-544.0,744.0,14:07:45.122994
199.0,-660.0,891.0,14:07:45.132451
-4.0,-611.0,1179.0,14:07:45.142996
208.0,-445.0,821.0,14:07:45.152499
160.0,-499.0,743.0,14:07:45.162927
-86.0,-551.0,1079.0,14:07:45.172288
166.0,-515.0,911.0,14:07:45.181662
4.0,-365.0,843.0,14:07:45.192175
45.0,-385.0,1058.0,14:07:45.201477
88.0,-456.0,1023.0,14:07:45.212010
91.0,-386.0,735.0,14:07:45.221490
27.0,-404.0,867.0,14:07:45.230829
50.0,-380.0,1022.0,14:07:45.241495
-48.0,-431.0,740.0,14:07:45.261266
-32.0,-612.0,902.0,14:07:45.270542
-67.0,-489.0,1231.0,14:07:45.281041
-6.0,-613.0,877.0,14:07:45.290384
94.0,-497.0,642.0,14:07:45.300901
-75.0,-463.0,1018.0,14:07:45.310376
264.0,-651.0,1069.0,14:07:45.319758
36.0,-436.0,839.0,14:07:45.330287
111.0,-424.0,733.0,14:07:45.339618
-39.0,-365.0,935.0,14:07:45.350166
123.0,-667.0,988.0,14:07:45.359568
-29.0,-500.0,779.0,14:07:45.369085
153.0,-468.0,926.0,14:07:45.379534
42.0,-454.0,1028.0,14:07:45.389021
9.0,-533.0,934.0,14:07:45.399524
70.0,-390.0,802.0,14:07:45.409059
-113.0,-554.0,946.0,14:07:45.418367
224.0,-480.0,1023.0,14:07:45.429140
-92.0,-555.0,926.0,14:07:45.438532
105.0,-594.0,836.0,14:07:45.447931
-11.0,-634.0,866.0,14:07:45.458467
19.0,-361.0,929.0,14:07:45.467917
80.0,-476.0,888.0,14:07:45.478448
70.0,-438.0,909.0,14:07:45.487823
-65.0,-446.0,1045.0,14:07:45.497316
96.0,-596.0,1014.0,14:07:45.507877
330.0,-323.0,708.0,14:07:45.517326
-29.0,-309.0,1105.0,14:07:45.526739
114.0,-634.0,1233.0,14:07:45.537279
250.0,-553.0,690.0,14:07:45.546610
116.0,-282.0,792.0,14:07:45.557122
-2.0,-397.0,1223.0,14:07:45.566588
-30.0,-623.0,840.0,14:07:45.580399
158.0,-619.0,743.0,14:07:45.586237
65.0,-393.0,887.0,14:07:45.595728
50.0,-724.0,1243.0,14:07:45.606145
135.0,-623.0,860.0,14:07:45.615529
142.0,-493.0,772.0,14:07:45.625966
-74.0,-518.0,978.0,14:07:45.635394
101.0,-591.0,989.0,14:07:45.645985
59.0,-677.0,1054.0,14:07:45.655406
232.0,-558.0,768.0,14:07:45.664757
-21.0,-462.0,755.0,14:07:45.675393
13.0,-532.0,860.0,14:07:45.684768
113.0,-527.0,1047.0,14:07:45.695325
-94.0,-281.0,805.0,14:07:45.704700
-60.0,-396.0,918.0,14:07:45.714067
-46.0,-515.0,1190.0,14:07:45.724722
79.0,-636.0,916.0,14:07:45.734052
70.0,-536.0,673.0,14:07:45.744623
100.0,-360.0,987.0,14:07:45.753921
-88.0,-392.0,917.0,14:07:45.763448
188.0,-483.0,870.0,14:07:45.773972
81.0,-333.0,748.0,14:07:45.783397
-130.0,-506.0,856.0,14:07:45.793883
-66.0,-505.0,922.0,14:07:45.803197
3.0,-592.0,1236.0,14:07:45.813800
49.0,-481.0,986.0,14:07:45.823212
-50.0,-442.0,558.0,14:07:45.832506
-38.0,-716.0,1291.0,14:07:45.843007
-23.0,-554.0,1131.0,14:07:45.852435
-43.0,-519.0,651.0,14:07:45.862984
37.0,-440.0,754.0,14:07:45.872420
-111.0,-685.0,1276.0,14:07:45.881703
135.0,-488.0,526.0,14:07:45.892478
-204.0,-391.0,920.0,14:07:45.901768
-106.0,-510.0,1036.0,14:07:45.911370
-80.0,-551.0,1018.0,14:07:45.921850
-59.0,-509.0,973.0,14:07:45.931350
232.0,-662.0,865.0,14:07:45.941837
-83.0,-304.0,1101.0,14:07:45.951334
-5.0,-428.0,1057.0,14:07:45.960732
41.0,-518.0,942.0,14:07:45.971309
72.0,-419.0,965.0,14:07:45.981764
16.0,-422.0,1064.0,14:07:45.991036
11.0,-518.0,937.0,14:07:46.000345
-171.0,-493.0,894.0,14:07:46.010921
86.0,-633.0,898.0,14:07:46.020317
186.0,-681.0,628.0,14:07:46.029768
-56.0,-422.0,976.0,14:07:46.040241
-16.0,-343.0,1175.0,14:07:46.049687
165.0,-378.0,831.0,14:07:46.060217
-76.0,-387.0,843.0,14:07:46.069576
228.0,-581.0,782.0,14:07:46.079078
148.0,-488.0,842.0,14:07:46.089574
-74.0,-562.0,1028.0,14:07:46.098989
257.0,-551.0,788.0,14:07:46.109563
67.0,-379.0,427.0,14:07:46.118974
161.0,-581.0,1019.0,14:07:46.128354
190.0,-462.0,747.0,14:07:46.138750
42.0,-347.0,645.0,14:07:46.148108
9.0,-481.0,1111.0,14:07:46.158549
59.0,-587.0,970.0,14:07:46.167927
-30.0,-342.0,625.0,14:07:46.178552
16.0,-636.0,1177.0,14:07:46.187930
-106.0,-494.0,696.0,14:07:46.207581
-27.0,-452.0,844.0,14:07:46.218182
10.0,-505.0,767.0,14:07:46.227486
140.0,-560.0,1046.0,14:07:46.237017
-88.0,-626.0,1193.0,14:07:46.247530
-114.0,-443.0,889.0,14:07:46.257142
-3.0,-571.0,1317.0,14:07:46.266441
-13.0,-791.0,1450.0,14:07:46.277138
90.0,-595.0,888.0,14:07:46.286417
116.0,-475.0,838.0,14:07:46.295968
-74.0,-547.0,1038.0,14:07:46.306494
17.0,-459.0,820.0,14:07:46.316056
-39.0,-343.0,740.0,14:07:46.326586
-93.0,-406.0,653.0,14:07:46.335899
143.0,-412.0,1081.0,14:07:46.345415
-75.0,-184.0,832.0,14:07:46.355853
15.0,-285.0,961.0,14:07:46.365329
31.0,-444.0,1051.0,14:07:46.375831
167.0,-426.0,711.0,14:07:46.385348
1.0,-521.0,998.0,14:07:46.394680
121.0,-555.0,967.0,14:07:46.405214
-52.0,-446.0,792.0,14:07:46.414698
38.0,-478.0,962.0,14:07:46.424116
-44.0,-433.0,849.0,14:07:46.434620
-45.0,-465.0,798.0,14:07:46.444089
90.0,-583.0,938.0,14:07:46.454627
37.0,-472.0,915.0,14:07:46.463999
-85.0,-632.0,916.0,14:07:46.474484
-39.0,-629.0,763.0,14:07:46.483820
-1.0,-681.0,955.0,14:07:46.493288
-87.0,-526.0,1131.0,14:07:46.503804
84.0,-493.0,941.0,14:07:46.513171
-31.0,-542.0,866.0,14:07:46.523626
88.0,-709.0,1002.0,14:07:46.533071
193.0,-529.0,910.0,14:07:46.542476
88.0,-311.0,726.0,14:07:46.552951
-42.0,-456.0,878.0,14:07:46.562437
-176.0,-430.0,774.0,14:07:46.573008
159.0,-537.0,847.0,14:07:46.582485
142.0,-467.0,1101.0,14:07:46.602062
-80.0,-247.0,1240.0,14:07:46.611522
24.0,-315.0,1046.0,14:07:46.621980
-15.0,-335.0,973.0,14:07:46.631424
72.0,-248.0,984.0,14:07:46.641883
-48.0,-412.0,1045.0,14:07:46.651345
-151.0,-538.0,1066.0,14:07:46.661922
-128.0,-606.0,1112.0,14:07:46.671308
-104.0,-651.0,896.0,14:07:46.680668
5.0,-687.0,778.0,14:07:46.691368
85.0,-650.0,1037.0,14:07:46.700648
-55.0,-559.0,939.0,14:07:46.711201
71.0,-603.0,863.0,14:07:46.720482
-71.0,-527.0,896.0,14:07:46.729955
162.0,-520.0,778.0,14:07:46.740499
34.0,-334.0,603.0,14:07:46.749828
88.0,-463.0,1003.0,14:07:46.760376
177.0,-512.0,953.0,14:07:46.769708
194.0,-464.0,511.0,14:07:46.779250
73.0,-408.0,1037.0,14:07:46.789369
136.0,-610.0,1171.0,14:07:46.799879
107.0,-512.0,766.0,14:07:46.809357
23.0,-345.0,883.0,14:07:46.818706
95.0,-799.0,1067.0,14:07:46.829206
84.0,-792.0,607.0,14:07:46.838550
67.0,-453.0,691.0,14:07:46.849195
-119.0,-373.0,1172.0,14:07:46.858639
-98.0,-456.0,949.0,14:07:46.868114
-51.0,-615.0,888.0,14:07:46.878515
-46.0,-386.0,1017.0,14:07:46.888051
-140.0,-467.0,841.0,14:07:46.898513
56.0,-429.0,969.0,14:07:46.907958
-35.0,-665.0,1531.0,14:07:46.917290
124.0,-659.0,1000.0,14:07:46.927925
195.0,-370.0,485.0,14:07:46.937310
40.0,-614.0,1132.0,14:07:46.947873
111.0,-452.0,1023.0,14:07:46.957327
36.0,-465.0,804.0,14:07:46.966698
153.0,-449.0,629.0,14:07:46.977148
-110.0,-384.0,916.0,14:07:46.986570
39.0,-241.0,926.0,14:07:46.997135
-98.0,-502.0,999.0,14:07:47.006491
75.0,-625.0,921.0,14:07:47.015903
108.0,-654.0,941.0,14:07:47.026513
85.0,-518.0,960.0,14:07:47.036002
92.0,-554.0,981.0,14:07:47.046437
-116.0,-486.0,737.0,14:07:47.055984
118.0,-596.0,971.0,14:07:47.065318
41.0,-518.0,748.0,14:07:47.075880
39.0,-640.0,900.0,14:07:47.085169
-51.0,-507.0,1010.0,14:07:47.095862
-60.0,-708.0,1041.0,14:07:47.105198
-64.0,-642.0,864.0,14:07:47.114735
52.0,-387.0,795.0,14:07:47.125259
-27.0,-454.0,1159.0,14:07:47.134723
-23.0,-436.0,792.0,14:07:47.144053
-76.0,-257.0,684.0,14:07:47.154731
34.0,-274.0,714.0,14:07:47.164089
-74.0,-461.0,1110.0,14:07:47.174652
-76.0,-366.0,1246.0,14:07:47.185182
24.0,-412.0,863.0,14:07:47.193606
129.0,-367.0,762.0,14:07:47.204102
59.0,-519.0,1093.0,14:07:47.213494
123.0,-630.0,1061.0,14:07:47.223967
96.0,-603.0,757.0,14:07:47.233433
128.0,-551.0,961.0,14:07:47.242796
141.0,-723.0,1029.0,14:07:47.253256
135.0,-607.0,704.0,14:07:47.262550
123.0,-414.0,752.0,14:07:47.273066
-10.0,-314.0,895.0,14:07:47.282658
27.0,-251.0,864.0,14:07:47.291988
-99.0,-466.0,1024.0,14:07:47.302407
47.0,-474.0,731.0,14:07:47.311945
71.0,-398.0,581.0,14:07:47.322435
-95.0,-162.0,777.0,14:07:47.331877
-36.0,-405.0,1381.0,14:07:47.341284
-122.0,-690.0,1299.0,14:07:47.352010
4.0,-369.0,765.0,14:07:47.361417
10.0,-440.0,1076.0,14:07:47.372028
119.0,-722.0,1266.0,14:07:47.381330
4.0,-720.0,974.0,14:07:47.390751
129.0,-428.0,885.0,14:07:47.401330
17.0,-634.0,1034.0,14:07:47.410755
-2.0,-541.0,769.0,14:07:47.421294
57.0,-511.0,816.0,14:07:47.430785
-44.0,-555.0,885.0,14:07:47.440230
262.0,-488.0,938.0,14:07:47.450699
20.0,-236.0,809.0,14:07:47.460128
99.0,-603.0,1069.0,14:07:47.469594
166.0,-696.0,1009.0,14:07:47.480124
116.0,-410.0,730.0,14:07:47.489455
-11.0,-430.0,1060.0,14:07:47.499946
13.0,-507.0,979.0,14:07:47.509397
70.0,-688.0,929.0,14:07:47.518788
77.0,-660.0,765.0,14:07:47.529202
105.0,-606.0,997.0,14:07:47.538614
92.0,-458.0,994.0,14:07:47.549086
22.0,-478.0,702.0,14:07:47.558436
-243.0,-579.0,909.0,14:07:47.569001
89.0,-712.0,1073.0,14:07:47.578476
-5.0,-591.0,671.0,14:07:47.588992
30.0,-442.0,914.0,14:07:47.598369
12.0,-605.0,1250.0,14:07:47.607758
-33.0,-461.0,735.0,14:07:47.618407
133.0,-328.0,595.0,14:07:47.627790
57.0,-517.0,1324.0,14:07:47.637164
47.0,-691.0,1212.0,14:07:47.647772
-92.0,-377.0,694.0,14:07:47.657187
65.0,-421.0,986.0,14:07:47.667951
69.0,-527.0,1015.0,14:07:47.677303
319.0,-684.0,840.0,14:07:47.686613
55.0,-668.0,852.0,14:07:47.697117
118.0,-462.0,941.0,14:07:47.706431
-34.0,-207.0,722.0,14:07:47.717051
-26.0,-388.0,1073.0,14:07:47.726450
-115.0,-331.0,778.0,14:07:47.735961
82.0,-230.0,759.0,14:07:47.746490
76.0,-430.0,891.0,14:07:47.755901
-13.0,-587.0,1417.0,14:07:47.766426
21.0,-461.0,1044.0,14:07:47.775909
198.0,-674.0,735.0,14:07:47.785282
117.0,-612.0,1239.0,14:07:47.795795
160.0,-618.0,949.0,14:07:47.805260
0.0,-460.0,727.0,14:07:47.814648
58.0,-394.0,1049.0,14:07:47.825245
54.0,-518.0,1033.0,14:07:47.834707
-53.0,-524.0,674.0,14:07:47.845351
70.0,-551.0,754.0,14:07:47.854718
-107.0,-389.0,1111.0,14:07:47.864069
-52.0,-448.0,1036.0,14:07:47.874659
72.0,-384.0,843.0,14:07:47.884095
-38.0,-397.0,1009.0,14:07:47.893611
87.0,-428.0,909.0,14:07:47.904129
16.0,-382.0,785.0,14:07:47.913534
23.0,-415.0,965.0,14:07:47.924207
104.0,-412.0,934.0,14:07:47.933625
92.0,-468.0,831.0,14:07:47.943044
24.0,-383.0,966.0,14:07:47.953538
30.0,-426.0,1011.0,14:07:47.963010
104.0,-515.0,840.0,14:07:47.973495
-48.0,-548.0,997.0,14:07:47.985880
98.0,-525.0,1031.0,14:07:47.992224
75.0,-489.0,754.0,14:07:48.002646
-31.0,-441.0,1144.0,14:07:48.012103
-100.0,-470.0,1179.0,14:07:48.022610
-58.0,-555.0,618.0,14:07:48.031983
-49.0,-475.0,864.0,14:07:48.042530
-10.0,-532.0,1220.0,14:07:48.051911
65.0,-488.0,833.0,14:07:48.061432
157.0,-430.0,761.0,14:07:48.071901
-171.0,-447.0,978.0,14:07:48.081334
-34.0,-677.0,1006.0,14:07:48.091867
189.0,-460.0,779.0,14:07:48.101268
-12.0,-430.0,937.0,14:07:48.110603
-17.0,-568.0,980.0,14:07:48.121150
-55.0,-513.0,940.0,14:07:48.130570
168.0,-456.0,840.0,14:07:48.141226
121.0,-433.0,983.0,14:07:48.150559
76.0,-536.0,885.0,14:07:48.159952
75.0,-446.0,706.0,14:07:48.170397
40.0,-468.0,978.0,14:07:48.179828
59.0,-559.0,1050.0,14:07:48.190299
186.0,-442.0,714.0,14:07:48.199704
99.0,-598.0,905.0,14:07:48.210209
64.0,-621.0,1119.0,14:07:48.219618
-80.0,-285.0,819.0,14:07:48.229077
6.0,-489.0,843.0,14:07:48.239745
-21.0,-583.0,1090.0,14:07:48.249160
-23.0,-605.0,894.0,14:07:48.258531
164.0,-493.0,711.0,14:07:48.269047
-116.0,-547.0,957.0,14:07:48.278530
135.0,-562.0,1079.0,14:07:48.289037
32.0,-492.0,825.0,14:07:48.298446
-13.0,-561.0,708.0,14:07:48.307906
5.0,-551.0,1090.0,14:07:48.318580
70.0,-526.0,897.0,14:07:48.327962
28.0,-379.0,831.0,14:07:48.337334
35.0,-397.0,934.0,14:07:48.347833
-28.0,-454.0,816.0,14:07:48.357246
-62.0,-568.0,940.0,14:07:48.367920
101.0,-387.0,900.0,14:07:48.377330
-37.0,-527.0,1048.0,14:07:48.387535
76.0,-545.0,1008.0,14:07:48.397190
-17.0,-561.0,984.0,14:07:48.406608
40.0,-585.0,926.0,14:07:48.417128
48.0,-596.0,804.0,14:07:48.426505
10.0,-489.0,792.0,14:07:48.437016
148.0,-636.0,1097.0,14:07:48.446511
-78.0,-533.0,867.0,14:07:48.455876
82.0,-434.0,772.0,14:07:48.466373
21.0,-486.0,1000.0,14:07:48.475769
-69.0,-535.0,993.0,14:07:48.486327
56.0,-434.0,694.0,14:07:48.495756
-82.0,-509.0,815.0,14:07:48.505119
-97.0,-376.0,964.0,14:07:48.515597
-36.0,-366.0,960.0,14:07:48.524969
39.0,-509.0,900.0,14:07:48.535441
0.0,-440.0,933.0,14:07:48.544935
-37.0,-492.0,978.0,14:07:48.555365
-62.0,-578.0,1005.0,14:07:48.564796
44.0,-550.0,959.0,14:07:48.574093
96.0,-519.0,895.0,14:07:48.584589
103.0,-346.0,732.0,14:07:48.593924
-97.0,-542.0,1003.0,14:07:48.604430
41.0,-302.0,872.0,14:07:48.613908
29.0,-411.0,686.0,14:07:48.624381
119.0,-551.0,931.0,14:07:48.633697
-8.0,-486.0,1022.0,14:07:48.644170
-91.0,-479.0,926.0,14:07:48.653609
15.0,-483.0,995.0,14:07:48.663061
-23.0,-496.0,1001.0,14:07:48.673617
-87.0,-521.0,916.0,14:07:48.682995
-124.0,-618.0,1110.0,14:07:48.692445
72.0,-507.0,924.0,14:07:48.703029
-106.0,-482.0,756.0,14:07:48.712915
2.0,-466.0,938.0,14:07:48.722672
-7.0,-580.0,967.0,14:07:48.732007
77.0,-512.0,756.0,14:07:48.742557
-130.0,-398.0,794.0,14:07:48.751862
26.0,-474.0,962.0,14:07:48.762614
-63.0,-561.0,984.0,14:07:48.771949
-3.0,-467.0,747.0,14:07:48.781349
129.0,-399.0,778.0,14:07:48.792005
9.0,-414.0,1239.0,14:07:48.801339
-29.0,-482.0,598.0,14:07:48.820986
232.0,-583.0,972.0,14:07:48.831538
64.0,-568.0,1092.0,14:07:48.840877
63.0,-476.0,913.0,14:07:48.850277
122.0,-532.0,891.0,14:07:48.860827
46.0,-645.0,962.0,14:07:48.870217
24.0,-642.0,812.0,14:07:48.880754
40.0,-503.0,988.0,14:07:48.890259
-44.0,-398.0,992.0,14:07:48.899628
58.0,-516.0,809.0,14:07:48.910199
-70.0,-410.0,850.0,14:07:48.919600
-65.0,-490.0,1057.0,14:07:48.930151
132.0,-689.0,1135.0,14:07:48.939570
45.0,-474.0,778.0,14:07:48.948998
162.0,-560.0,880.0,14:07:48.959602
78.0,-501.0,1031.0,14:07:48.969076
237.0,-582.0,883.0,14:07:48.978390
-17.0,-490.0,991.0,14:07:48.989013
66.0,-721.0,896.0,14:07:48.998345
24.0,-425.0,877.0,14:07:49.008976
-91.0,-435.0,844.0,14:07:49.018329
168.0,-456.0,961.0,14:07:49.028934
-78.0,-618.0,977.0,14:07:49.038304
37.0,-413.0,902.0,14:07:49.047770
55.0,-538.0,908.0,14:07:49.058227
34.0,-475.0,972.0,14:07:49.067603
298.0,-634.0,1090.0,14:07:49.077092
108.0,-480.0,708.0,14:07:49.087701
57.0,-481.0,929.0,14:07:49.097062
74.0,-650.0,1195.0,14:07:49.107749
-77.0,-597.0,910.0,14:07:49.117019
157.0,-549.0,630.0,14:07:49.126413
-5.0,-546.0,854.0,14:07:49.136964
29.0,-655.0,927.0,14:07:49.146509
-11.0,-292.0,742.0,14:07:49.156973
13.0,-472.0,996.0,14:07:49.166427
87.0,-404.0,945.0,14:07:49.175835
-15.0,-466.0,903.0,14:07:49.189208
88.0,-450.0,1094.0,14:07:49.196285
-116.0,-453.0,1125.0,14:07:49.205574
10.0,-411.0,993.0,14:07:49.216125
46.0,-552.0,848.0,14:07:49.225424
16.0,-535.0,902.0,14:07:49.234939
-63.0,-395.0,889.0,14:07:49.245368
35.0,-474.0,892.0,14:07:49.254843
21.0,-412.0,864.0,14:07:49.265364
-59.0,-191.0,698.0,14:07:49.274921
29.0,-344.0,729.0,14:07:49.284362
-130.0,-499.0,970.0,14:07:49.294836
62.0,-402.0,985.0,14:07:49.304246
89.0,-392.0,1102.0,14:07:49.313695
95.0,-292.0,969.0,14:07:49.324202
94.0,-430.0,1008.0,14:07:49.333626
21.0,-449.0,839.0,14:07:49.344063
93.0,-294.0,1037.0,14:07:49.353676
-56.0,-385.0,1146.0,14:07:49.364111
120.0,-550.0,918.0,14:07:49.373648
119.0,-455.0,623.0,14:07:49.382954
72.0,-482.0,697.0,14:07:49.393606
-15.0,-448.0,863.0,14:07:49.402951
31.0,-314.0,814.0,14:07:49.412410
-272.0,-330.0,797.0,14:07:49.422836
-72.0,-578.0,1312.0,14:07:49.432267
55.0,-804.0,1230.0,14:07:49.442877
-20.0,-498.0,801.0,14:07:49.452275
161.0,-734.0,1266.0,14:07:49.462728
152.0,-755.0,1147.0,14:07:49.472099
13.0,-511.0,874.0,14:07:49.481438
157.0,-377.0,760.0,14:07:49.492031
59.0,-620.0,710.0,14:07:49.501389
147.0,-513.0,634.0,14:07:49.511944
48.0,-355.0,573.0,14:07:49.521299
-34.0,-329.0,1054.0,14:07:49.531780
98.0,-476.0,1123.0,14:07:49.541084
95.0,-388.0,1083.0,14:07:49.550567
2.0,-334.0,756.0,14:07:49.560949
170.0,-513.0,787.0,14:07:49.570371
-2.0,-302.0,1111.0,14:07:49.580853
103.0,-425.0,1088.0,14:07:49.591216
-50.0,-533.0,739.0,14:07:49.599723
174.0,-504.0,662.0,14:07:49.610212
57.0,-584.0,843.0,14:07:49.619637
33.0,-573.0,995.0,14:07:49.630168
131.0,-510.0,712.0,14:07:49.639668
94.0,-523.0,847.0,14:07:49.649117
-14.0,-568.0,962.0,14:07:49.659595
119.0,-646.0,893.0,14:07:49.668958
-3.0,-462.0,805.0,14:07:49.679497
148.0,-455.0,1211.0,14:07:49.688987
6.0,-550.0,811.0,14:07:49.698361
88.0,-538.0,567.0,14:07:49.708813
-44.0,-344.0,1148.0,14:07:49.718307
-14.0,-538.0,1120.0,14:07:49.728727
102.0,-457.0,938.0,14:07:49.738179
83.0,-442.0,664.0,14:07:49.748671
-75.0,-569.0,867.0,14:07:49.758200
81.0,-732.0,1183.0,14:07:49.767593
46.0,-761.0,886.0,14:07:49.778278
95.0,-393.0,590.0,14:07:49.787588
-80.0,-269.0,1238.0,14:07:49.797062
-163.0,-370.0,1469.0,14:07:49.807718
-48.0,-356.0,583.0,14:07:49.817101
78.0,-365.0,688.0,14:07:49.827715
-69.0,-544.0,1527.0,14:07:49.837230
14.0,-704.0,1187.0,14:07:49.846550
110.0,-511.0,767.0,14:07:49.857178
21.0,-619.0,1086.0,14:07:49.866496
172.0,-654.0,990.0,14:07:49.875957
95.0,-539.0,1025.0,14:07:49.886415
111.0,-494.0,702.0,14:07:49.895985
95.0,-446.0,839.0,14:07:49.906432
-68.0,-440.0,1062.0,14:07:49.915845
50.0,-504.0,763.0,14:07:49.925139
55.0,-595.0,799.0,14:07:49.935624
107.0,-416.0,1033.0,14:07:49.944955
167.0,-374.0,926.0,14:07:49.955485
-42.0,-587.0,917.0,14:07:49.964813
88.0,-621.0,860.0,14:07:49.975338
-1.0,-471.0,937.0,14:07:49.984800
163.0,-584.0,1028.0,14:07:49.995267
-28.0,-478.0,927.0,14:07:50.004742
0.0,-626.0,1102.0,14:07:50.014068
159.0,-519.0,860.0,14:07:50.024646
128.0,-595.0,792.0,14:07:50.033913
58.0,-398.0,860.0,14:07:50.044445
74.0,-578.0,1001.0,14:07:50.053778
-36.0,-389.0,845.0,14:07:50.064313
-34.0,-549.0,1093.0,14:07:50.073688
-92.0,-500.0,846.0,14:07:50.083113
-21.0,-516.0,849.0,14:07:50.093585
-88.0,-529.0,827.0,14:07:50.103036
7.0,-452.0,1085.0,14:07:50.113582
-118.0,-384.0,1000.0,14:07:50.123038
-88.0,-439.0,872.0,14:07:50.132386
-28.0,-452.0,926.0,14:07:50.143061
57.0,-573.0,880.0,14:07:50.152483
63.0,-600.0,969.0,14:07:50.162990
145.0,-563.0,946.0,14:07:50.172309
-90.0,-449.0,854.0,14:07:50.181669
184.0,-339.0,1040.0,14:07:50.192228
-24.0,-492.0,902.0,14:07:50.201615
48.0,-484.0,845.0,14:07:50.212073
128.0,-522.0,945.0,14:07:50.221613
-10.0,-631.0,1168.0,14:07:50.230943
145.0,-551.0,776.0,14:07:50.241539
-123.0,-532.0,954.0,14:07:50.250940
81.0,-615.0,1004.0,14:07:50.261570
73.0,-467.0,781.0,14:07:50.270893
77.0,-512.0,752.0,14:07:50.280264
-70.0,-533.0,919.0,14:07:50.290823
205.0,-641.0,854.0,14:07:50.300295
-170.0,-506.0,785.0,14:07:50.310790
23.0,-460.0,892.0,14:07:50.320217
-105.0,-583.0,1088.0,14:07:50.329529
-1.0,-482.0,841.0,14:07:50.340191
38.0,-436.0,767.0,14:07:50.349520
-141.0,-493.0,930.0,14:07:50.360091
13.0,-433.0,952.0,14:07:50.369507
-82.0,-652.0,1004.0,14:07:50.379027
126.0,-584.0,1056.0,14:07:50.391953
70.0,-649.0,957.0,14:07:50.398572
36.0,-594.0,682.0,14:07:50.409093
57.0,-374.0,996.0,14:07:50.418479
-107.0,-461.0,1279.0,14:07:50.429062
111.0,-520.0,750.0,14:07:50.438484
2.0,-489.0,633.0,14:07:50.447927
0.0,-446.0,781.0,14:07:50.458402
54.0,-422.0,837.0,14:07:50.467790
-112.0,-256.0,840.0,14:07:50.478240
-30.0,-298.0,929.0,14:07:50.487603
-260.0,-446.0,904.0,14:07:50.497181
109.0,-490.0,1052.0,14:07:50.507759
-29.0,-559.0,916.0,14:07:50.517148
1.0,-560.0,801.0,14:07:50.527703
141.0,-335.0,955.0,14:07:50.537118
87.0,-406.0,1129.0,14:07:50.546499
172.0,-489.0,936.0,14:07:50.557117
7.0,-508.0,674.0,14:07:50.566374
122.0,-602.0,1150.0,14:07:50.576971
-66.0,-565.0,1072.0,14:07:50.586244
-32.0,-543.0,895.0,14:07:50.596778
-96.0,-478.0,1095.0,14:07:50.606223
129.0,-815.0,972.0,14:07:50.615601
-5.0,-607.0,913.0,14:07:50.626018
-30.0,-504.0,939.0,14:07:50.635397
45.0,-472.0,879.0,14:07:50.645832
60.0,-379.0,984.0,14:07:50.655257
-160.0,-530.0,893.0,14:07:50.665867
106.0,-482.0,693.0,14:07:50.675274
-79.0,-389.0,877.0,14:07:50.684723
76.0,-392.0,860.0,14:07:50.695282
35.0,-533.0,908.0,14:07:50.704720
17.0,-365.0,876.0,14:07:50.714138
137.0,-444.0,830.0,14:07:50.724783
83.0,-445.0,995.0,14:07:50.734303
-77.0,-329.0,1075.0,14:07:50.744854
58.0,-386.0,829.0,14:07:50.754214
-121.0,-382.0,872.0,14:07:50.763682
-69.0,-551.0,1009.0,14:07:50.774242
105.0,-606.0,892.0,14:07:50.783624
122.0,-545.0,947.0,14:07:50.796056
20.0,-642.0,928.0,14:07:50.803863
111.0,-607.0,798.0,14:07:50.813293
170.0,-529.0,931.0,14:07:50.822634
-13.0,-446.0,909.0,14:07:50.833081
-2.0,-506.0,822.0,14:07:50.842511
120.0,-605.0,899.0,14:07:50.852998
-9.0,-449.0,839.0,14:07:50.862476
101.0,-540.0,872.0,14:07:50.871912
80.0,-519.0,701.0,14:07:50.882438
27.0,-312.0,751.0,14:07:50.891911
-3.0,-378.0,1096.0,14:07:50.902495
-63.0,-479.0,957.0,14:07:50.911859
66.0,-541.0,965.0,14:07:50.921266
-40.0,-410.0,1119.0,14:07:50.931946
-5.0,-627.0,1024.0,14:07:50.941345
-6.0,-607.0,921.0,14:07:50.951914
79.0,-592.0,1050.0,14:07:50.961345
5.0,-462.0,950.0,14:07:50.970752
-56.0,-474.0,892.0,14:07:50.981242
156.0,-491.0,768.0,14:07:50.990594
-49.0,-254.0,684.0,14:07:51.001246
-12.0,-406.0,1122.0,14:07:51.010630
21.0,-545.0,1104.0,14:07:51.019923
236.0,-421.0,676.0,14:07:51.030384
146.0,-514.0,1034.0,14:07:51.039657
63.0,-659.0,1278.0,14:07:51.050263
95.0,-488.0,687.0,14:07:51.059687
67.0,-481.0,858.0,14:07:51.070232
43.0,-506.0,974.0,14:07:51.079551
170.0,-527.0,641.0,14:07:51.089046
100.0,-377.0,570.0,14:07:51.099628
65.0,-402.0,1016.0,14:07:51.109056
138.0,-423.0,1068.0,14:07:51.119527
70.0,-492.0,677.0,14:07:51.129040
225.0,-648.0,954.0,14:07:51.138404
61.0,-653.0,1244.0,14:07:51.148972
131.0,-696.0,894.0,14:07:51.158405
1.0,-507.0,835.0,14:07:51.167979
-19.0,-575.0,1020.0,14:07:51.178474
233.0,-509.0,859.0,14:07:51.187995
-134.0,-358.0,829.0,14:07:51.197470
-5.0,-450.0,906.0,14:07:51.208080
0.0,-471.0,895.0,14:07:51.217499
-52.0,-444.0,867.0,14:07:51.228105
24.0,-379.0,900.0,14:07:51.237516
48.0,-433.0,1249.0,14:07:51.246903
135.0,-564.0,1167.0,14:07:51.257526
-8.0,-424.0,814.0,14:07:51.266888
-129.0,-461.0,1177.0,14:07:51.276365
66.0,-602.0,1144.0,14:07:51.286888
56.0,-520.0,720.0,14:07:51.296272
17.0,-270.0,633.0,14:07:51.306691
22.0,-444.0,1032.0,14:07:51.316115
109.0,-738.0,1156.0,14:07:51.326604
211.0,-601.0,823.0,14:07:51.336033
68.0,-575.0,852.0,14:07:51.345382
157.0,-461.0,870.0,14:07:51.356003
-110.0,-602.0,1045.0,14:07:51.365319
278.0,-493.0,677.0,14:07:51.374852
-71.0,-158.0,831.0,14:07:51.385366
1.0,-248.0,1161.0,14:07:51.394910
-36.0,-381.0,915.0,14:07:51.405430
216.0,-563.0,715.0,14:07:51.414776
5.0,-518.0,1005.0,14:07:51.424202
62.0,-684.0,1231.0,14:07:51.434727
188.0,-687.0,802.0,14:07:51.444134
55.0,-472.0,811.0,14:07:51.454676
109.0,-537.0,1057.0,14:07:51.464056
196.0,-497.0,790.0,14:07:51.473566
57.0,-297.0,720.0,14:07:51.484107
7.0,-197.0,952.0,14:07:51.493440
8.0,-473.0,915.0,14:07:51.503955
38.0,-537.0,1143.0,14:07:51.513274
-13.0,-643.0,897.0,14:07:51.523874
196.0,-578.0,1078.0,14:07:51.533186
16.0,-724.0,1073.0,14:07:51.542678
161.0,-623.0,913.0,14:07:51.553125
172.0,-614.0,839.0,14:07:51.562517
123.0,-606.0,686.0,14:07:51.573040
96.0,-578.0,782.0,14:07:51.582531
4.0,-423.0,1018.0,14:07:51.595691
-119.0,-344.0,966.0,14:07:51.601927
-93.0,-432.0,936.0,14:07:51.612536
-81.0,-568.0,1118.0,14:07:51.621928
-67.0,-533.0,829.0,14:07:51.631346
-244.0,-518.0,1038.0,14:07:51.641855
52.0,-648.0,911.0,14:07:51.651361
-3.0,-583.0,1008.0,14:07:51.661813
115.0,-437.0,887.0,14:07:51.671524
17.0,-586.0,893.0,14:07:51.680830
23.0,-577.0,849.0,14:07:51.691376
6.0,-600.0,941.0,14:07:51.700805
-39.0,-564.0,830.0,14:07:51.710204
-5.0,-488.0,899.0,14:07:51.720685
61.0,-508.0,1053.0,14:07:51.730102
-31.0,-512.0,836.0,14:07:51.740713
-15.0,-555.0,686.0,14:07:51.750130
-44.0,-575.0,816.0,14:07:51.759478
-14.0,-505.0,713.0,14:07:51.770087
-167.0,-331.0,887.0,14:07:51.779519
7.0,-448.0,869.0,14:07:51.790021
38.0,-629.0,1138.0,14:07:51.799334
-102.0,-303.0,851.0,14:07:51.809924
18.0,-377.0,594.0,14:07:51.819408
-33.0,-638.0,1164.0,14:07:51.828681
-30.0,-562.0,1109.0,14:07:51.839231
-113.0,-492.0,841.0,14:07:51.848556
37.0,-560.0,950.0,14:07:51.859140
-31.0,-505.0,994.0,14:07:51.868546
-54.0,-511.0,983.0,14:07:51.877979
30.0,-476.0,956.0,14:07:51.888418
18.0,-658.0,1008.0,14:07:51.897946
30.0,-451.0,811.0,14:07:51.908457
-73.0,-570.0,896.0,14:07:51.917930
-9.0,-633.0,868.0,14:07:51.927262
-23.0,-508.0,1071.0,14:07:51.937961
-141.0,-374.0,909.0,14:07:51.947247
69.0,-521.0,860.0,14:07:51.957813
-103.0,-480.0,980.0,14:07:51.967231
-47.0,-422.0,973.0,14:07:51.976723
23.0,-349.0,574.0,14:07:51.987152
7.0,-478.0,979.0,14:07:51.997269
38.0,-597.0,1175.0,14:07:52.007085
10.0,-383.0,652.0,14:07:52.016472
115.0,-428.0,829.0,14:07:52.025922
13.0,-504.0,1163.0,14:07:52.036391
75.0,-443.0,940.0,14:07:52.045778
-18.0,-413.0,846.0,14:07:52.056375
35.0,-398.0,813.0,14:07:52.065827
-77.0,-545.0,1185.0,14:07:52.075127
145.0,-630.0,991.0,14:07:52.085563
-108.0,-554.0,765.0,14:07:52.094984
54.0,-562.0,950.0,14:07:52.105420
12.0,-507.0,885.0,14:07:52.114771
71.0,-604.0,783.0,14:07:52.125211
-49.0,-351.0,751.0,14:07:52.134716
8.0,-461.0,982.0,14:07:52.145164
22.0,-509.0,877.0,14:07:52.154609
46.0,-449.0,792.0,14:07:52.163988
151.0,-518.0,767.0,14:07:52.174633
-2.0,-315.0,1055.0,14:07:52.184054
-52.0,-398.0,1188.0,14:07:52.193482
80.0,-570.0,768.0,14:07:52.204053
128.0,-493.0,777.0,14:07:52.213428
-44.0,-435.0,1115.0,14:07:52.224056
104.0,-479.0,839.0,14:07:52.233427
-24.0,-469.0,860.0,14:07:52.242876
-51.0,-645.0,884.0,14:07:52.253431
172.0,-558.0,821.0,14:07:52.262835
-142.0,-458.0,1007.0,14:07:52.273265
11.0,-540.0,1170.0,14:07:52.282674
55.0,-517.0,1079.0,14:07:52.293094
131.0,-444.0,659.0,14:07:52.302501
-10.0,-518.0,911.0,14:07:52.311879
160.0,-516.0,843.0,14:07:52.322500
119.0,-332.0,936.0,14:07:52.331827
48.0,-538.0,1027.0,14:07:52.342341
-9.0,-368.0,788.0,14:07:52.351810
59.0,-457.0,944.0,14:07:52.361262
75.0,-439.0,1127.0,14:07:52.371695
73.0,-614.0,990.0,14:07:52.381073
133.0,-543.0,902.0,14:07:52.391606
-68.0,-566.0,971.0,14:07:52.400967
91.0,-616.0,908.0,14:07:52.411472
87.0,-423.0,742.0,14:07:52.420830
27.0,-388.0,935.0,14:07:52.430276
69.0,-497.0,1002.0,14:07:52.440662
164.0,-518.0,833.0,14:07:52.450225
17.0,-417.0,1037.0,14:07:52.460671
232.0,-498.0,936.0,14:07:52.470177
29.0,-481.0,951.0,14:07:52.479422
138.0,-530.0,805.0,14:07:52.489887
107.0,-531.0,1042.0,14:07:52.499212
72.0,-485.0,912.0,14:07:52.509764
90.0,-449.0,809.0,14:07:52.519176
118.0,-363.0,864.0,14:07:52.529641
20.0,-461.0,800.0,14:07:52.539133
94.0,-426.0,740.0,14:07:52.548549
43.0,-262.0,924.0,14:07:52.559120
10.0,-478.0,1056.0,14:07:52.568455
63.0,-542.0,862.0,14:07:52.579075
-42.0,-361.0,994.0,14:07:52.588328
3.0,-600.0,1347.0,14:07:52.597967
46.0,-577.0,1007.0,14:07:52.608453
74.0,-503.0,826.0,14:07:52.617998
67.0,-472.0,1089.0,14:07:52.628425
27.0,-563.0,845.0,14:07:52.637940
289.0,-682.0,949.0,14:07:52.647263
155.0,-485.0,929.0,14:07:52.657938
34.0,-557.0,858.0,14:07:52.667327
202.0,-401.0,834.0,14:07:52.676675
-146.0,-444.0,940.0,14:07:52.687236
-72.0,-471.0,1038.0,14:07:52.696527
-29.0,-371.0,973.0,14:07:52.707210
18.0,-331.0,958.0,14:07:52.716540
-41.0,-459.0,949.0,14:07:52.725989
71.0,-390.0,781.0,14:07:52.736409
149.0,-477.0,945.0,14:07:52.745851
18.0,-607.0,1055.0,14:07:52.756361
26.0,-610.0,1075.0,14:07:52.765909
177.0,-549.0,934.0,14:07:52.776344
-8.0,-442.0,800.0,14:07:52.785840
-21.0,-450.0,988.0,14:07:52.798030
207.0,-600.0,962.0,14:07:52.806007
-6.0,-577.0,794.0,14:07:52.815376
141.0,-599.0,765.0,14:07:52.824761
178.0,-475.0,766.0,14:07:52.835270
-71.0,-540.0,1013.0,14:07:52.844800
44.0,-418.0,878.0,14:07:52.855257
9.0,-605.0,1149.0,14:07:52.864737
135.0,-601.0,947.0,14:07:52.873998
55.0,-572.0,890.0,14:07:52.884504
249.0,-398.0,589.0,14:07:52.893780
93.0,-653.0,917.0,14:07:52.904241
99.0,-457.0,985.0,14:07:52.913605
-44.0,-270.0,918.0,14:07:52.924249
49.0,-246.0,900.0,14:07:52.933633
44.0,-381.0,976.0,14:07:52.942964
-91.0,-562.0,1037.0,14:07:52.953608
96.0,-578.0,994.0,14:07:52.962984
192.0,-492.0,918.0,14:07:52.973518
-42.0,-653.0,1088.0,14:07:52.982791
64.0,-602.0,777.0,14:07:52.993287
-19.0,-715.0,804.0,14:07:53.002763
-53.0,-588.0,792.0,14:07:53.012121
-239.0,-409.0,801.0,14:07:53.022634
-109.0,-555.0,1067.0,14:07:53.032021
26.0,-476.0,830.0,14:07:53.042516
-11.0,-419.0,651.0,14:07:53.051836
95.0,-482.0,1033.0,14:07:53.062370
-163.0,-601.0,1160.0,14:07:53.071845
116.0,-294.0,499.0,14:07:53.081226
-35.0,-434.0,885.0,14:07:53.091919
67.0,-488.0,883.0,14:07:53.101287
-91.0,-394.0,719.0,14:07:53.110728
-101.0,-287.0,887.0,14:07:53.121371
56.0,-568.0,1150.0,14:07:53.130710
29.0,-505.0,818.0,14:07:53.140233
10.0,-674.0,993.0,14:07:53.150696
-81.0,-547.0,1253.0,14:07:53.160165
172.0,-576.0,1037.0,14:07:53.170658
130.0,-512.0,844.0,14:07:53.180163
27.0,-639.0,1006.0,14:07:53.189468
-10.0,-453.0,801.0,14:07:53.200566
-74.0,-582.0,908.0,14:07:53.209819
122.0,-375.0,1000.0,14:07:53.219179
-91.0,-427.0,891.0,14:07:53.229772
12.0,-520.0,885.0,14:07:53.239093
0.0,-439.0,775.0,14:07:53.249587
163.0,-329.0,1026.0,14:07:53.259042
-36.0,-627.0,1107.0,14:07:53.268465
46.0,-430.0,810.0,14:07:53.279016
85.0,-490.0,816.0,14:07:53.288391
54.0,-469.0,943.0,14:07:53.299083
-74.0,-308.0,953.0,14:07:53.308438
41.0,-395.0,822.0,14:07:53.317849
-79.0,-391.0,958.0,14:07:53.328374
-125.0,-555.0,1087.0,14:07:53.337890
102.0,-482.0,769.0,14:07:53.348281
50.0,-392.0,917.0,14:07:53.357724
-37.0,-512.0,1261.0,14:07:53.367017
62.0,-531.0,775.0,14:07:53.377580
61.0,-551.0,660.0,14:07:53.386952
35.0,-670.0,1256.0,14:07:53.397468
52.0,-623.0,919.0,14:07:53.406926
-14.0,-354.0,647.0,14:07:53.416418
-11.0,-570.0,1230.0,14:07:53.426956
15.0,-760.0,955.0,14:07:53.436273
140.0,-515.0,803.0,14:07:53.446800
-123.0,-469.0,841.0,14:07:53.456165
108.0,-563.0,1026.0,14:07:53.466730
198.0,-453.0,659.0,14:07:53.476094
-189.0,-390.0,827.0,14:07:53.485533
49.0,-272.0,903.0,14:07:53.495953
-109.0,-421.0,912.0,14:07:53.505285
-5.0,-399.0,1070.0,14:07:53.516048
115.0,-342.0,792.0,14:07:53.525307
-56.0,-572.0,1053.0,14:07:53.534744
135.0,-544.0,1279.0,14:07:53.545310
-118.0,-507.0,964.0,14:07:53.554819
-23.0,-378.0,686.0,14:07:53.565282
-38.0,-609.0,1068.0,14:07:53.574753
60.0,-721.0,1173.0,14:07:53.584169
112.0,-659.0,771.0,14:07:53.594811
8.0,-607.0,679.0,14:07:53.604211
43.0,-660.0,1317.0,14:07:53.613657
198.0,-571.0,883.0,14:07:53.624149
132.0,-526.0,564.0,14:07:53.633597
87.0,-589.0,928.0,14:07:53.644062
116.0,-548.0,816.0,14:07:53.653472
52.0,-122.0,679.0,14:07:53.662905
-54.0,-211.0,1018.0,14:07:53.673505
17.0,-538.0,1135.0,14:07:53.682868
118.0,-514.0,1051.0,14:07:53.693287
-99.0,-436.0,1128.0,14:07:53.702695
-19.0,-560.0,1207.0,14:07:53.713233
141.0,-788.0,981.0,14:07:53.722587
165.0,-537.0,1089.0,14:07:53.731997
-17.0,-557.0,968.0,14:07:53.742568
188.0,-545.0,810.0,14:07:53.751919
26.0,-309.0,845.0,14:07:53.762469
-9.0,-484.0,948.0,14:07:53.771886
-10.0,-524.0,952.0,14:07:53.781313
-14.0,-346.0,846.0,14:07:53.791791
-43.0,-580.0,944.0,14:07:53.801303
-23.0,-631.0,1042.0,14:07:53.811884
-15.0,-519.0,735.0,14:07:53.821272
111.0,-450.0,889.0,14:07:53.830703
-24.0,-476.0,885.0,14:07:53.841326
-54.0,-527.0,587.0,14:07:53.850799
93.0,-343.0,913.0,14:07:53.860218
-161.0,-375.0,1295.0,14:07:53.870673
-17.0,-416.0,1076.0,14:07:53.879998
-115.0,-483.0,1155.0,14:07:53.890484
132.0,-773.0,1005.0,14:07:53.900081
136.0,-810.0,792.0,14:07:53.909375
-102.0,-617.0,1205.0,14:07:53.919962
116.0,-492.0,950.0,14:07:53.929266
-80.0,-500.0,632.0,14:07:53.939750
58.0,-338.0,487.0,14:07:53.949145
74.0,-383.0,827.0,14:07:53.959707
4.0,-339.0,1104.0,14:07:53.969126
-66.0,-270.0,705.0,14:07:53.978435
-255.0,-380.0,1102.0,14:07:53.989026
22.0,-635.0,1186.0,14:07:54.002135
45.0,-465.0,664.0,14:07:54.008242
-103.0,-97.0,993.0,14:07:54.018637
-24.0,-208.0,1273.0,14:07:54.028055
-111.0,-522.0,852.0,14:07:54.038620
168.0,-507.0,566.0,14:07:54.047997
54.0,-531.0,692.0,14:07:54.057417
-47.0,-659.0,1249.0,14:07:54.068022
183.0,-595.0,1156.0,14:07:54.077517
38.0,-576.0,923.0,14:07:54.086949
65.0,-574.0,929.0,14:07:54.097618
25.0,-549.0,977.0,14:07:54.107069
0.0,-554.0,974.0,14:07:54.117790
-25.0,-545.0,908.0,14:07:54.127154
-4.0,-457.0,766.0,14:07:54.136520
97.0,-465.0,828.0,14:07:54.147164
149.0,-421.0,741.0,14:07:54.156535
-2.0,-273.0,965.0,14:07:54.166063
181.0,-491.0,862.0,14:07:54.185679
31.0,-534.0,872.0,14:07:54.196216
120.0,-707.0,858.0,14:07:54.205585
-98.0,-456.0,1032.0,14:07:54.216041
74.0,-473.0,963.0,14:07:54.225445
-30.0,-329.0,1098.0,14:07:54.235889
-69.0,-384.0,863.0,14:07:54.245350
124.0,-535.0,750.0,14:07:54.254863
265.0,-518.0,955.0,14:07:54.265416
44.0,-509.0,1174.0,14:07:54.274831
162.0,-634.0,1061.0,14:07:54.284152
175.0,-822.0,694.0,14:07:54.294753
55.0,-542.0,834.0,14:07:54.304074
68.0,-529.0,832.0,14:07:54.314531
34.0,-489.0,822.0,14:07:54.323954
-314.0,-483.0,1121.0,14:07:54.334494
-150.0,-491.0,859.0,14:07:54.343866
107.0,-552.0,670.0,14:07:54.353275
215.0,-505.0,877.0,14:07:54.363729
33.0,-448.0,986.0,14:07:54.373206
74.0,-334.0,839.0,14:07:54.383768
40.0,-502.0,830.0,14:07:54.393073
72.0,-478.0,963.0,14:07:54.406286
122.0,-573.0,956.0,14:07:54.413538
-80.0,-449.0,854.0,14:07:54.422932
-88.0,-583.0,1108.0,14:07:54.432242
150.0,-597.0,982.0,14:07:54.442684
-32.0,-546.0,878.0,14:07:54.452041
-95.0,-547.0,984.0,14:07:54.462616
-28.0,-506.0,822.0,14:07:54.472020
-38.0,-488.0,898.0,14:07:54.482594
0.0,-545.0,852.0,14:07:54.492017
150.0,-575.0,828.0,14:07:54.501285
-88.0,-324.0,877.0,14:07:54.511872
-107.0,-521.0,1185.0,14:07:54.521294
12.0,-430.0,885.0,14:07:54.530814
-7.0,-545.0,935.0,14:07:54.541333
-47.0,-584.0,971.0,14:07:54.550741
20.0,-379.0,970.0,14:07:54.561354
-2.0,-646.0,1095.0,14:07:54.570823
14.0,-629.0,824.0,14:07:54.580280
0.0,-544.0,774.0,14:07:54.590828
55.0,-440.0,984.0,14:07:54.600226
-106.0,-542.0,945.0,14:07:54.610684
117.0,-468.0,757.0,14:07:54.620180
6.0,-474.0,758.0,14:07:54.629468
0.0,-408.0,936.0,14:07:54.640128
-103.0,-413.0,1112.0,14:07:54.649506
135.0,-450.0,707.0,14:07:54.659011
-8.0,-422.0,807.0,14:07:54.669460
29.0,-284.0,1142.0,14:07:54.678945
37.0,-400.0,925.0,14:07:54.689488
108.0,-368.0,828.0,14:07:54.698965
21.0,-341.0,850.0,14:07:54.708373
-21.0,-547.0,1089.0,14:07:54.719058
73.0,-429.0,1067.0,14:07:54.728394
82.0,-464.0,746.0,14:07:54.738843
33.0,-581.0,935.0,14:07:54.748274
-28.0,-568.0,998.0,14:07:54.757773
-84.0,-477.0,1015.0,14:07:54.768284
-14.0,-549.0,867.0,14:07:54.777724
283.0,-552.0,870.0,14:07:54.787193
-24.0,-637.0,955.0,14:07:54.797613
84.0,-586.0,1000.0,14:07:54.807037
-38.0,-445.0,783.0,14:07:54.817487
125.0,-570.0,936.0,14:07:54.827031
26.0,-756.0,1064.0,14:07:54.837514
100.0,-534.0,728.0,14:07:54.846892
93.0,-327.0,524.0,14:07:54.856259
-55.0,-422.0,1102.0,14:07:54.866779
13.0,-528.0,1056.0,14:07:54.876240
6.0,-380.0,1066.0,14:07:54.895951
-79.0,-463.0,1114.0,14:07:54.906537
213.0,-423.0,803.0,14:07:54.915885
-193.0,-483.0,1001.0,14:07:54.926355
131.0,-539.0,837.0,14:07:54.935906
-52.0,-445.0,949.0,14:07:54.945179
-1.0,-449.0,903.0,14:07:54.955768
-42.0,-491.0,832.0,14:07:54.965207
-85.0,-505.0,993.0,14:07:54.974709
-105.0,-595.0,912.0,14:07:54.985207
82.0,-673.0,893.0,14:07:54.994585
-5.0,-597.0,1092.0,14:07:55.005214
56.0,-653.0,1021.0,14:07:55.014603
45.0,-596.0,834.0,14:07:55.023984
21.0,-468.0,736.0,14:07:55.034643
75.0,-460.0,871.0,14:07:55.044093
82.0,-560.0,1015.0,14:07:55.053552
76.0,-406.0,754.0,14:07:55.064175
-136.0,-302.0,764.0,14:07:55.073635
117.0,-539.0,1025.0,14:07:55.083017
1.0,-383.0,906.0,14:07:55.093537
74.0,-473.0,1019.0,14:07:55.102864
16.0,-561.0,919.0,14:07:55.113378
78.0,-496.0,872.0,14:07:55.122790
128.0,-444.0,954.0,14:07:55.133281
-22.0,-386.0,868.0,14:07:55.142624
-73.0,-585.0,1083.0,14:07:55.152050
82.0,-469.0,1002.0,14:07:55.162527
-26.0,-385.0,782.0,14:07:55.171931
8.0,-420.0,812.0,14:07:55.182446
-64.0,-602.0,1065.0,14:07:55.191963
49.0,-574.0,950.0,14:07:55.204918
-8.0,-506.0,871.0,14:07:55.211278
-42.0,-430.0,1053.0,14:07:55.221737
21.0,-479.0,895.0,14:07:55.231223
65.0,-454.0,830.0,14:07:55.241694
8.0,-565.0,1105.0,14:07:55.251197
119.0,-469.0,905.0,14:07:55.260536
-2.0,-354.0,849.0,14:07:55.271071
77.0,-432.0,944.0,14:07:55.280440
-53.0,-615.0,894.0,14:07:55.291013
43.0,-506.0,950.0,14:07:55.300347
21.0,-475.0,967.0,14:07:55.310851
31.0,-451.0,1010.0,14:07:55.320191
26.0,-507.0,878.0,14:07:55.330655
54.0,-495.0,931.0,14:07:55.339955
153.0,-449.0,829.0,14:07:55.350409
-5.0,-427.0,1024.0,14:07:55.359910
65.0,-566.0,1055.0,14:07:55.369183
7.0,-542.0,1073.0,14:07:55.379779
125.0,-548.0,833.0,14:07:55.389096
87.0,-649.0,734.0,14:07:55.399584
106.0,-522.0,992.0,14:07:55.408966
-65.0,-503.0,1079.0,14:07:55.418401
64.0,-464.0,662.0,14:07:55.429048
-57.0,-558.0,1005.0,14:07:55.438295
85.0,-603.0,941.0,14:07:55.448807
5.0,-491.0,739.0,14:07:55.458204
110.0,-527.0,1026.0,14:07:55.468642
-45.0,-531.0,1059.0,14:07:55.477943
78.0,-523.0,689.0,14:07:55.488580
-25.0,-418.0,867.0,14:07:55.497917
31.0,-545.0,910.0,14:07:55.507377
45.0,-437.0,696.0,14:07:55.517947
-3.0,-506.0,840.0,14:07:55.527387
26.0,-608.0,1082.0,14:07:55.536839
81.0,-603.0,1057.0,14:07:55.547414
127.0,-606.0,800.0,14:07:55.556902
113.0,-573.0,904.0,14:07:55.566294
12.0,-602.0,1146.0,14:07:55.576812
18.0,-577.0,881.0,14:07:55.586102
105.0,-596.0,826.0,14:07:55.596644
7.0,-441.0,613.0,14:07:55.606536
51.0,-506.0,950.0,14:07:55.616114
-25.0,-554.0,996.0,14:07:55.625510
26.0,-510.0,881.0,14:07:55.636014
-55.0,-522.0,934.0,14:07:55.645428
17.0,-764.0,1111.0,14:07:55.656049
159.0,-509.0,780.0,14:07:55.665402
-67.0,-518.0,955.0,14:07:55.674824
91.0,-528.0,975.0,14:07:55.685308
-34.0,-493.0,832.0,14:07:55.694727
83.0,-338.0,580.0,14:07:55.705247
-74.0,-362.0,907.0,14:07:55.714740
75.0,-533.0,1049.0,14:07:55.724196
-27.0,-412.0,995.0,14:07:55.734822
107.0,-427.0,953.0,14:07:55.744198
54.0,-529.0,917.0,14:07:55.753744
-9.0,-659.0,1017.0,14:07:55.764206
169.0,-665.0,898.0,14:07:55.773650
-27.0,-525.0,862.0,14:07:55.784100
-57.0,-501.0,1097.0,14:07:55.793668
-43.0,-546.0,820.0,14:07:55.803007
13.0,-566.0,839.0,14:07:55.813683
-30.0,-522.0,790.0,14:07:55.823140
55.0,-574.0,809.0,14:07:55.832718
-34.0,-502.0,1013.0,14:07:55.843246
-8.0,-407.0,960.0,14:07:55.852521
12.0,-408.0,740.0,14:07:55.863156
-25.0,-439.0,879.0,14:07:55.872449
19.0,-542.0,1016.0,14:07:55.882946
-48.0,-389.0,901.0,14:07:55.892263
-36.0,-384.0,976.0,14:07:55.901692
-64.0,-451.0,1051.0,14:07:55.912265
-26.0,-445.0,928.0,14:07:55.921629
-18.0,-527.0,839.0,14:07:55.932118
-17.0,-613.0,879.0,14:07:55.941570
72.0,-464.0,907.0,14:07:55.952013
-66.0,-509.0,938.0,14:07:55.961404
-38.0,-390.0,889.0,14:07:55.970868
-83.0,-491.0,1054.0,14:07:55.981343
43.0,-513.0,825.0,14:07:55.990815
75.0,-441.0,907.0,14:07:56.000256
-51.0,-380.0,1054.0,14:07:56.010962
109.0,-512.0,1026.0,14:07:56.020254
140.0,-532.0,849.0,14:07:56.030772
147.0,-405.0,890.0,14:07:56.040226
15.0,-419.0,1003.0,14:07:56.049611
80.0,-571.0,906.0,14:07:56.060120
135.0,-483.0,753.0,14:07:56.069464
-62.0,-274.0,942.0,14:07:56.080127
203.0,-418.0,991.0,14:07:56.089434
-50.0,-433.0,1089.0,14:07:56.099926
5.0,-559.0,954.0,14:07:56.109275
13.0,-443.0,730.0,14:07:56.118682
129.0,-567.0,992.0,14:07:56.129264
22.0,-561.0,1149.0,14:07:56.138691
211.0,-473.0,858.0,14:07:56.149154
73.0,-429.0,764.0,14:07:56.158544
66.0,-461.0,889.0,14:07:56.167929
51.0,-554.0,967.0,14:07:56.178451
52.0,-431.0,722.0,14:07:56.187937
80.0,-355.0,919.0,14:07:56.198439
160.0,-395.0,975.0,14:07:56.207850
-97.0,-464.0,1000.0,14:07:56.217158
107.0,-506.0,881.0,14:07:56.227933
79.0,-453.0,863.0,14:07:56.237215
34.0,-476.0,1000.0,14:07:56.247782
175.0,-479.0,846.0,14:07:56.257155
98.0,-369.0,835.0,14:07:56.266511
167.0,-518.0,1131.0,14:07:56.277044
46.0,-459.0,876.0,14:07:56.286440
41.0,-445.0,760.0,14:07:56.296937
151.0,-529.0,1029.0,14:07:56.306367
39.0,-621.0,967.0,14:07:56.316895
211.0,-617.0,795.0,14:07:56.326201
-43.0,-413.0,859.0,14:07:56.335556
116.0,-527.0,1028.0,14:07:56.346079
82.0,-516.0,897.0,14:07:56.355430
130.0,-618.0,870.0,14:07:56.365860
-26.0,-452.0,817.0,14:07:56.375362
51.0,-531.0,824.0,14:07:56.385902
74.0,-540.0,1183.0,14:07:56.395270
3.0,-548.0,1064.0,14:07:56.406929
-11.0,-564.0,600.0,14:07:56.415255
78.0,-540.0,950.0,14:07:56.424874
8.0,-688.0,1329.0,14:07:56.434186
53.0,-645.0,894.0,14:07:56.444723
196.0,-458.0,654.0,14:07:56.454068
-68.0,-635.0,958.0,14:07:56.464765
178.0,-447.0,928.0,14:07:56.474158
71.0,-503.0,893.0,14:07:56.483504
27.0,-427.0,797.0,14:07:56.494296
-55.0,-451.0,851.0,14:07:56.503545
-37.0,-490.0,1042.0,14:07:56.514096
74.0,-521.0,975.0,14:07:56.523574
51.0,-531.0,843.0,14:07:56.533004
-83.0,-519.0,1070.0,14:07:56.543533
74.0,-522.0,828.0,14:07:56.552900
17.0,-472.0,770.0,14:07:56.562412
-108.0,-381.0,934.0,14:07:56.572940
16.0,-465.0,1011.0,14:07:56.582496
-96.0,-406.0,802.0,14:07:56.592924
78.0,-496.0,999.0,14:07:56.602425
-34.0,-537.0,1015.0,14:07:56.611786
108.0,-609.0,933.0,14:07:56.622378
63.0,-497.0,930.0,14:07:56.631695
-31.0,-266.0,948.0,14:07:56.642260
57.0,-548.0,1083.0,14:07:56.651640
99.0,-489.0,774.0,14:07:56.661042
19.0,-351.0,856.0,14:07:56.671496
14.0,-286.0,825.0,14:07:56.680923
50.0,-437.0,1024.0,14:07:56.691365
164.0,-510.0,1031.0,14:07:56.700692
97.0,-483.0,872.0,14:07:56.711287
73.0,-480.0,914.0,14:07:56.720628
132.0,-497.0,868.0,14:07:56.730114
-32.0,-615.0,929.0,14:07:56.740550
46.0,-579.0,928.0,14:07:56.749948
139.0,-404.0,810.0,14:07:56.760360
128.0,-454.0,893.0,14:07:56.769736
-65.0,-513.0,985.0,14:07:56.780223
18.0,-495.0,934.0,14:07:56.789693
84.0,-537.0,774.0,14:07:56.806321
-59.0,-543.0,930.0,14:07:56.810808
74.0,-653.0,1185.0,14:07:56.819123
-35.0,-673.0,973.0,14:07:56.829648
36.0,-568.0,810.0,14:07:56.839126
-6.0,-474.0,914.0,14:07:56.848614
21.0,-627.0,1074.0,14:07:56.859080
104.0,-472.0,801.0,14:07:56.868408
56.0,-595.0,889.0,14:07:56.879017
-87.0,-558.0,953.0,14:07:56.888324
84.0,-479.0,800.0,14:07:56.897760
34.0,-430.0,761.0,14:07:56.908332
199.0,-427.0,867.0,14:07:56.917752
-95.0,-448.0,784.0,14:07:56.928334
88.0,-416.0,778.0,14:07:56.937606
24.0,-276.0,844.0,14:07:56.947227
4.0,-591.0,1011.0,14:07:56.957620
46.0,-492.0,990.0,14:07:56.967194
19.0,-568.0,1005.0,14:07:56.986957
142.0,-558.0,1016.0,14:07:56.996386
46.0,-451.0,945.0,14:07:57.006953
99.0,-633.0,956.0,14:07:57.016315
73.0,-613.0,796.0,14:07:57.026930
174.0,-600.0,772.0,14:07:57.036267
123.0,-606.0,894.0,14:07:57.045592
173.0,-500.0,1043.0,14:07:57.064255
-22.0,-415.0,936.0,14:07:57.065638
-100.0,-592.0,983.0,14:07:57.079492
259.0,-597.0,891.0,14:07:57.089627
115.0,-472.0,755.0,14:07:57.099760
55.0,-444.0,870.0,14:07:57.107025
-47.0,-430.0,1068.0,14:07:57.114944
26.0,-497.0,920.0,14:07:57.125374
112.0,-437.0,921.0,14:07:57.134927
-81.0,-413.0,675.0,14:07:57.144275
148.0,-487.0,962.0,14:07:57.154820
9.0,-467.0,1211.0,14:07:57.164181
-66.0,-491.0,870.0,14:07:57.174786
152.0,-535.0,838.0,14:07:57.184184
43.0,-642.0,927.0,14:07:57.193684
50.0,-456.0,931.0,14:07:57.204111
81.0,-537.0,945.0,14:07:57.213624
19.0,-508.0,759.0,14:07:57.224064
-7.0,-522.0,1069.0,14:07:57.233454
-23.0,-550.0,1018.0,14:07:57.243990
-50.0,-577.0,849.0,14:07:57.253365
-104.0,-529.0,1054.0,14:07:57.262693
109.0,-636.0,1003.0,14:07:57.273205
26.0,-528.0,739.0,14:07:57.282618
29.0,-510.0,996.0,14:07:57.293098
91.0,-532.0,973.0,14:07:57.302508
1.0,-415.0,727.0,14:07:57.312940
-161.0,-328.0,819.0,14:07:57.322374
41.0,-471.0,890.0,14:07:57.331793
-23.0,-375.0,1046.0,14:07:57.342360
132.0,-367.0,924.0,14:07:57.352194
4.0,-496.0,881.0,14:07:57.362107
163.0,-519.0,907.0,14:07:57.371529
121.0,-563.0,1163.0,14:07:57.380963
126.0,-362.0,870.0,14:07:57.391467
150.0,-449.0,906.0,14:07:57.400840
27.0,-465.0,1110.0,14:07:57.411355
167.0,-415.0,961.0,14:07:57.420621
-47.0,-282.0,814.0,14:07:57.431138
53.0,-414.0,1054.0,14:07:57.440562
12.0,-571.0,1058.0,14:07:57.451006
113.0,-550.0,624.0,14:07:57.460415
84.0,-521.0,847.0,14:07:57.469870
73.0,-548.0,924.0,14:07:57.480513
48.0,-416.0,1034.0,14:07:57.489838
-9.0,-320.0,969.0,14:07:57.500313
111.0,-473.0,764.0,14:07:57.509711
7.0,-659.0,1191.0,14:07:57.519150
105.0,-688.0,1128.0,14:07:57.529601
161.0,-536.0,779.0,14:07:57.539141
5.0,-378.0,815.0,14:07:57.549575
72.0,-630.0,811.0,14:07:57.559109
78.0,-770.0,1053.0,14:07:57.568424
27.0,-552.0,762.0,14:07:57.579009
59.0,-438.0,662.0,14:07:57.588388
-78.0,-776.0,1135.0,14:07:57.599105
-45.0,-554.0,966.0,14:07:57.609193
48.0,-392.0,834.0,14:07:57.618240
-26.0,-400.0,896.0,14:07:57.627715
-1.0,-487.0,840.0,14:07:57.638223
46.0,-593.0,803.0,14:07:57.647775
73.0,-492.0,778.0,14:07:57.657100
-21.0,-415.0,946.0,14:07:57.667707
-23.0,-491.0,1105.0,14:07:57.677099
2.0,-573.0,902.0,14:07:57.687834
10.0,-585.0,844.0,14:07:57.697172
3.0,-598.0,918.0,14:07:57.706626
145.0,-420.0,870.0,14:07:57.717111
-152.0,-561.0,929.0,14:07:57.726487
137.0,-683.0,842.0,14:07:57.736996
38.0,-576.0,738.0,14:07:57.746341
163.0,-436.0,993.0,14:07:57.755661
142.0,-428.0,978.0,14:07:57.766256
9.0,-555.0,890.0,14:07:57.775570
-36.0,-724.0,835.0,14:07:57.786120
151.0,-488.0,913.0,14:07:57.795428
-11.0,-478.0,947.0,14:07:57.806008
-47.0,-458.0,1033.0,14:07:57.815304
41.0,-653.0,900.0,14:07:57.824754
111.0,-550.0,742.0,14:07:57.835326
-18.0,-524.0,943.0,14:07:57.844742
71.0,-362.0,1021.0,14:07:57.855238
29.0,-323.0,843.0,14:07:57.864721
14.0,-297.0,1200.0,14:07:57.874038
-112.0,-462.0,893.0,14:07:57.884650
192.0,-543.0,632.0,14:07:57.894021
18.0,-642.0,1253.0,14:07:57.904646
43.0,-668.0,1152.0,14:07:57.913989
50.0,-571.0,733.0,14:07:57.923573
-128.0,-490.0,902.0,14:07:57.934113
-19.0,-601.0,1160.0,14:07:57.943668
4.0,-485.0,953.0,14:07:57.952992
85.0,-481.0,602.0,14:07:57.963750
-25.0,-328.0,826.0,14:07:57.973075
-77.0,-495.0,1216.0,14:07:57.982518
113.0,-614.0,754.0,14:07:57.993107
-19.0,-405.0,665.0,14:07:58.010499
44.0,-442.0,1088.0,14:07:58.014428
-35.0,-515.0,1031.0,14:07:58.022604
-44.0,-370.0,756.0,14:07:58.032037
-30.0,-475.0,832.0,14:07:58.042501
7.0,-482.0,1081.0,14:07:58.051935
198.0,-551.0,1015.0,14:07:58.061416
-31.0,-299.0,702.0,14:07:58.071927
-7.0,-352.0,903.0,14:07:58.081321
60.0,-531.0,918.0,14:07:58.091936
164.0,-510.0,972.0,14:07:58.101310
32.0,-421.0,914.0,14:07:58.110656
-56.0,-547.0,942.0,14:07:58.121100
135.0,-576.0,1026.0,14:07:58.130655
0.0,-599.0,868.0,14:07:58.141217
-64.0,-589.0,962.0,14:07:58.150553
-78.0,-549.0,1029.0,14:07:58.161056
88.0,-615.0,963.0,14:07:58.170446
8.0,-449.0,835.0,14:07:58.179834
-31.0,-496.0,702.0,14:07:58.190386
85.0,-410.0,978.0,14:07:58.210177
-20.0,-521.0,971.0,14:07:58.219511
95.0,-509.0,838.0,14:07:58.229081
-40.0,-437.0,940.0,14:07:58.239605
10.0,-622.0,949.0,14:07:58.249138
44.0,-480.0,970.0,14:07:58.259654
108.0,-424.0,843.0,14:07:58.269058
-35.0,-429.0,771.0,14:07:58.278388
-41.0,-509.0,1014.0,14:07:58.289054
94.0,-523.0,887.0,14:07:58.298452
171.0,-478.0,932.0,14:07:58.308993
-49.0,-544.0,875.0,14:07:58.318336
44.0,-520.0,851.0,14:07:58.327881
86.0,-665.0,972.0,14:07:58.338348
-29.0,-590.0,1057.0,14:07:58.347812
83.0,-441.0,733.0,14:07:58.358241
23.0,-403.0,690.0,14:07:58.367795
-38.0,-529.0,1109.0,14:07:58.377110
120.0,-555.0,962.0,14:07:58.387703
-128.0,-303.0,808.0,14:07:58.397095
1.0,-528.0,877.0,14:07:58.407732
123.0,-507.0,1135.0,14:07:58.417038
130.0,-638.0,964.0,14:07:58.426427
221.0,-537.0,823.0,14:07:58.437101
-97.0,-696.0,962.0,14:07:58.446595
188.0,-466.0,877.0,14:07:58.455931
103.0,-453.0,909.0,14:07:58.466371
170.0,-508.0,812.0,14:07:58.475839
-136.0,-349.0,827.0,14:07:58.486403
39.0,-408.0,927.0,14:07:58.495881
8.0,-465.0,936.0,14:07:58.505209
86.0,-598.0,961.0,14:07:58.515888
58.0,-430.0,907.0,14:07:58.525207
20.0,-427.0,840.0,14:07:58.535857
-25.0,-469.0,1098.0,14:07:58.545180
73.0,-511.0,1000.0,14:07:58.554753
74.0,-432.0,737.0,14:07:58.565187
-6.0,-401.0,998.0,14:07:58.574560
-22.0,-455.0,1146.0,14:07:58.584965
-17.0,-677.0,1070.0,14:07:58.594407
75.0,-539.0,771.0,14:07:58.603870
56.0,-502.0,749.0,14:07:58.614375
-57.0,-618.0,1073.0,14:07:58.623674
-88.0,-484.0,1131.0,14:07:58.634264
-49.0,-527.0,1003.0,14:07:58.643646
1.0,-480.0,810.0,14:07:58.654203
71.0,-475.0,940.0,14:07:58.663580
-110.0,-522.0,1082.0,14:07:58.673026
-34.0,-546.0,933.0,14:07:58.683618
-60.0,-443.0,857.0,14:07:58.692959
-96.0,-577.0,1019.0,14:07:58.702392
112.0,-434.0,849.0,14:07:58.712957
-43.0,-470.0,825.0,14:07:58.722420
133.0,-465.0,856.0,14:07:58.732946
63.0,-352.0,839.0,14:07:58.742298
-15.0,-465.0,906.0,14:07:58.752844
124.0,-384.0,881.0,14:07:58.762203
-43.0,-403.0,980.0,14:07:58.771632
26.0,-407.0,948.0,14:07:58.782112
68.0,-458.0,940.0,14:07:58.791488
30.0,-469.0,1228.0,14:07:58.815872
93.0,-642.0,974.0,14:07:58.820824
52.0,-442.0,641.0,14:07:58.831405
39.0,-522.0,961.0,14:07:58.840802
-37.0,-524.0,1151.0,14:07:58.851417
17.0,-612.0,860.0,14:07:58.860797
31.0,-480.0,753.0,14:07:58.870145
81.0,-550.0,1012.0,14:07:58.880775
118.0,-561.0,971.0,14:07:58.890210
153.0,-602.0,757.0,14:07:58.899728
143.0,-456.0,790.0,14:07:58.910270
-42.0,-423.0,943.0,14:07:58.919700
31.0,-450.0,893.0,14:07:58.930326
14.0,-332.0,790.0,14:07:58.939712
67.0,-350.0,1002.0,14:07:58.949207
-63.0,-450.0,1100.0,14:07:58.959834
86.0,-513.0,949.0,14:07:58.969122
35.0,-563.0,871.0,14:07:58.979642
198.0,-656.0,872.0,14:07:58.989065
13.0,-592.0,1097.0,14:07:58.998553
29.0,-467.0,789.0,14:07:59.009023
4.0,-376.0,762.0,14:07:59.018359
-100.0,-494.0,1018.0,14:07:59.028803
62.0,-532.0,973.0,14:07:59.038206
72.0,-551.0,860.0,14:07:59.048626
-63.0,-579.0,922.0,14:07:59.058143
131.0,-678.0,1019.0,14:07:59.067495
128.0,-648.0,1026.0,14:07:59.078148
112.0,-465.0,793.0,14:07:59.087539
55.0,-463.0,926.0,14:07:59.097082
194.0,-457.0,903.0,14:07:59.107584
-131.0,-343.0,820.0,14:07:59.117104
109.0,-437.0,896.0,14:07:59.127544
-28.0,-501.0,824.0,14:07:59.137007
82.0,-399.0,936.0,14:07:59.146399
5.0,-475.0,954.0,14:07:59.157030
154.0,-584.0,924.0,14:07:59.166260
-24.0,-591.0,925.0,14:07:59.176797
149.0,-395.0,951.0,14:07:59.186058
-10.0,-443.0,953.0,14:07:59.196575
67.0,-663.0,863.0,14:07:59.214145
159.0,-658.0,973.0,14:07:59.215562
50.0,-623.0,821.0,14:07:59.225239
9.0,-567.0,910.0,14:07:59.235725
132.0,-505.0,1051.0,14:07:59.245173
-67.0,-634.0,790.0,14:07:59.255676
89.0,-564.0,788.0,14:07:59.265112
-136.0,-607.0,982.0,14:07:59.275544
0.0,-586.0,932.0,14:07:59.284966
54.0,-486.0,967.0,14:07:59.294387
-146.0,-585.0,846.0,14:07:59.304849
220.0,-465.0,797.0,14:07:59.314253
-172.0,-471.0,937.0,14:07:59.324892
42.0,-426.0,942.0,14:07:59.334162
-163.0,-388.0,1017.0,14:07:59.343665
-132.0,-553.0,1031.0,14:07:59.354130
-122.0,-490.0,768.0,14:07:59.363694
3.0,-676.0,949.0,14:07:59.374139
-80.0,-673.0,1145.0,14:07:59.383743
118.0,-507.0,753.0,14:07:59.393258
-131.0,-379.0,783.0,14:07:59.402937
13.0,-536.0,1199.0,14:07:59.413378
166.0,-516.0,735.0,14:07:59.422808
115.0,-488.0,662.0,14:07:59.433316
123.0,-528.0,1161.0,14:07:59.442733
122.0,-647.0,1129.0,14:07:59.452061
-23.0,-389.0,704.0,14:07:59.462540
81.0,-556.0,1022.0,14:07:59.482278
-179.0,-445.0,878.0,14:07:59.491598
122.0,-558.0,982.0,14:07:59.502108
-223.0,-572.0,880.0,14:07:59.511540
172.0,-599.0,807.0,14:07:59.522092
-38.0,-454.0,859.0,14:07:59.531360
-73.0,-485.0,1017.0,14:07:59.540748
-98.0,-461.0,939.0,14:07:59.551326
-64.0,-407.0,835.0,14:07:59.560806
-54.0,-512.0,907.0,14:07:59.571340
25.0,-421.0,975.0,14:07:59.580716
-71.0,-475.0,939.0,14:07:59.590074
115.0,-538.0,810.0,14:07:59.600710
-66.0,-486.0,935.0,14:07:59.610174
139.0,-413.0,873.0,14:07:59.620641
14.0,-501.0,1029.0,14:07:59.629935
-24.0,-389.0,835.0,14:07:59.640434
100.0,-467.0,908.0,14:07:59.649718
105.0,-523.0,1009.0,14:07:59.659152
166.0,-519.0,847.0,14:07:59.669606
139.0,-351.0,788.0,14:07:59.679102
188.0,-464.0,1112.0,14:07:59.689527
44.0,-518.0,788.0,14:07:59.698918
