42.0,-465.0,800.0,13:59:31.010387
12.0,-377.0,838.0,13:59:31.014055
5.0,-508.0,1103.0,13:59:31.024614
178.0,-473.0,935.0,13:59:31.033965
34.0,-456.0,1067.0,13:59:31.044423
201.0,-419.0,815.0,13:59:31.053832
41.0,-298.0,767.0,13:59:31.064325
70.0,-450.0,1090.0,13:59:31.073633
129.0,-581.0,903.0,13:59:31.090193
36.0,-414.0,580.0,13:59:31.094203
28.0,-533.0,1289.0,13:59:31.103655
86.0,-539.0,1006.0,13:59:31.113009
-100.0,-472.0,935.0,13:59:31.123409
66.0,-430.0,1173.0,13:59:31.132883
45.0,-436.0,680.0,13:59:31.142229
179.0,-290.0,672.0,13:59:31.152675
129.0,-515.0,1161.0,13:59:31.162150
58.0,-406.0,1085.0,13:59:31.172602
13.0,-452.0,1044.0,13:59:31.181903
104.0,-637.0,843.0,13:59:31.192540
91.0,-449.0,968.0,13:59:31.201871
78.0,-641.0,1190.0,13:59:31.211313
139.0,-280.0,325.0,13:59:31.221823
64.0,-163.0,410.0,13:59:31.231296
-46.0,-773.0,1762.0,13:59:31.241715
140.0,-718.0,1159.0,13:59:31.251040
53.0,-473.0,720.0,13:59:31.260567
-13.0,-569.0,1103.0,13:59:31.270979
111.0,-542.0,1163.0,13:59:31.280402
-47.0,-446.0,756.0,13:59:31.290893
90.0,-457.0,662.0,13:59:31.300250
67.0,-400.0,751.0,13:59:31.310073
83.0,-307.0,944.0,13:59:31.320581
-6.0,-480.0,1145.0,13:59:31.330087
235.0,-400.0,825.0,13:59:31.339375
-87.0,-497.0,969.0,13:59:31.349821
154.0,-540.0,1091.0,13:59:31.359204
41.0,-422.0,921.0,13:59:31.369645
131.0,-638.0,1096.0,13:59:31.379069
169.0,-182.0,491.0,13:59:31.389597
85.0,-537.0,935.0,13:59:31.399021
126.0,-573.0,1015.0,13:59:31.409473
29.0,-593.0,784.0,13:59:31.418759
-124.0,-369.0,677.0,13:59:31.428224
110.0,-466.0,969.0,13:59:31.438682
-53.0,-533.0,1170.0,13:59:31.448105
184.0,-576.0,1033.0,13:59:31.458566
157.0,-666.0,970.0,13:59:31.467956
-14.0,-347.0,689.0,13:59:31.478434
77.0,-394.0,767.0,13:59:31.491986
62.0,-283.0,949.0,13:59:31.497129
-21.0,-475.0,784.0,13:59:31.507747
54.0,-350.0,583.0,13:59:31.517078
-79.0,-470.0,1386.0,13:59:31.527498
8.0,-535.0,1375.0,13:59:31.536995
-25.0,-786.0,1182.0,13:59:31.547376
56.0,-405.0,568.0,13:59:31.556823
-63.0,-590.0,1162.0,13:59:31.566167
109.0,-482.0,944.0,13:59:31.576669
76.0,-548.0,639.0,13:59:31.585942
44.0,-577.0,841.0,13:59:31.596424
-37.0,-284.0,971.0,13:59:31.605893
-44.0,-581.0,1153.0,13:59:31.616387
22.0,-394.0,583.0,13:59:31.625787
-80.0,-338.0,849.0,13:59:31.635218
72.0,-513.0,1243.0,13:59:31.645875
124.0,-583.0,1280.0,13:59:31.655204
231.0,-521.0,862.0,13:59:31.665610
248.0,-681.0,879.0,13:59:31.674997
112.0,-465.0,633.0,13:59:31.684349
60.0,-137.0,459.0,13:59:31.694840
-13.0,-299.0,926.0,13:59:31.704267
-25.0,-553.0,1381.0,13:59:31.714753
-59.0,-521.0,1004.0,13:59:31.724127
78.0,-486.0,585.0,13:59:31.734689
41.0,-580.0,1392.0,13:59:31.744014
240.0,-454.0,949.0,13:59:31.753380
70.0,-625.0,874.0,13:59:31.763763
191.0,-272.0,302.0,13:59:31.773320
98.0,-294.0,609.0,13:59:31.783720
67.0,-417.0,1271.0,13:59:31.793010
-30.0,-635.0,1505.0,13:59:31.803697
-32.0,-779.0,1218.0,13:59:31.813346
44.0,-616.0,723.0,13:59:31.822768
-17.0,-407.0,863.0,13:59:31.833245
59.0,-323.0,687.0,13:59:31.842595
57.0,-416.0,831.0,13:59:31.851995
-104.0,-494.0,930.0,13:59:31.862480
139.0,-522.0,451.0,13:59:31.871886
-43.0,-260.0,556.0,13:59:31.882405
6.0,-540.0,1742.0,13:59:31.891744
51.0,-671.0,1439.0,13:59:31.902275
81.0,-884.0,1225.0,13:59:31.911598
213.0,-427.0,453.0,13:59:31.920919
154.0,-493.0,857.0,13:59:31.931396
126.0,-575.0,1042.0,13:59:31.940845
135.0,-307.0,559.0,13:59:31.951345
-24.0,-388.0,1148.0,13:59:31.960634
9.0,-435.0,711.0,13:59:31.971302
-126.0,-134.0,412.0,13:59:31.980591
-49.0,-626.0,1823.0,13:59:31.991027
35.0,-594.0,1446.0,13:59:32.000484
57.0,-696.0,1018.0,13:59:32.009853
240.0,-742.0,1048.0,13:59:32.020310
67.0,-260.0,373.0,13:59:32.029825
43.0,-382.0,913.0,13:59:32.040327
-31.0,-351.0,741.0,13:59:32.049631
-23.0,-279.0,183.0,13:59:32.059140
-9.0,-626.0,1004.0,13:59:32.069696
-3.0,-628.0,1321.0,13:59:32.079062
-24.0,-671.0,1153.0,13:59:32.089505
77.0,-504.0,630.0,13:59:32.098984
-16.0,-663.0,1099.0,13:59:32.108419
75.0,-517.0,793.0,13:59:32.119007
79.0,-395.0,578.0,13:59:32.128396
42.0,-736.0,1278.0,13:59:32.137895
-175.0,-346.0,459.0,13:59:32.148346
-21.0,-620.0,953.0,13:59:32.157710
-137.0,-452.0,1056.0,13:59:32.168289
-44.0,-629.0,1378.0,13:59:32.177571
3.0,-596.0,1315.0,13:59:32.188161
183.0,-518.0,897.0,13:59:32.197536
111.0,-548.0,610.0,13:59:32.206916
169.0,-469.0,747.0,13:59:32.217321
-57.0,-303.0,947.0,13:59:32.226727
-72.0,-216.0,959.0,13:59:32.237177
-7.0,-548.0,1145.0,13:59:32.246528
-142.0,-559.0,680.0,13:59:32.257062
10.0,-413.0,930.0,13:59:32.266445
-65.0,-333.0,1240.0,13:59:32.276912
33.0,-342.0,778.0,13:59:32.292794
82.0,-361.0,799.0,13:59:32.296690
-81.0,-471.0,990.0,13:59:32.306144
81.0,-412.0,858.0,13:59:32.315501
117.0,-520.0,1058.0,13:59:32.326034
-42.0,-448.0,772.0,13:59:32.335343
140.0,-561.0,974.0,13:59:32.345912
127.0,-432.0,627.0,13:59:32.355281
22.0,-573.0,1282.0,13:59:32.364659
25.0,-594.0,1249.0,13:59:32.375352
177.0,-481.0,716.0,13:59:32.384702
59.0,-557.0,1060.0,13:59:32.395111
-28.0,-475.0,612.0,13:59:32.404659
158.0,-269.0,590.0,13:59:32.413920
0.0,-458.0,1140.0,13:59:32.424398
-33.0,-231.0,865.0,13:59:32.433848
25.0,-428.0,1079.0,13:59:32.444262
-13.0,-457.0,1169.0,13:59:32.453663
52.0,-505.0,1055.0,13:59:32.464170
137.0,-503.0,1198.0,13:59:32.473781
108.0,-457.0,1057.0,13:59:32.483214
183.0,-574.0,789.0,13:59:32.493620
302.0,-594.0,678.0,13:59:32.503031
2.0,-408.0,821.0,13:59:32.513592
-46.0,-276.0,437.0,13:59:32.533223
122.0,-609.0,1018.0,13:59:32.542518
19.0,-608.0,1028.0,13:59:32.551893
-3.0,-189.0,856.0,13:59:32.562490
100.0,-395.0,1422.0,13:59:32.571791
59.0,-754.0,1265.0,13:59:32.582394
233.0,-301.0,119.0,13:59:32.591661
14.0,-208.0,800.0,13:59:32.602148
48.0,-842.0,1837.0,13:59:32.611578
6.0,-257.0,350.0,13:59:32.622000
28.0,-600.0,566.0,13:59:32.631645
66.0,-430.0,1118.0,13:59:32.641008
-127.0,-280.0,893.0,13:59:32.651444
-7.0,-567.0,1213.0,13:59:32.660793
175.0,-581.0,869.0,13:59:32.670252
173.0,-467.0,887.0,13:59:32.680759
95.0,-505.0,1114.0,13:59:32.690284
105.0,-623.0,844.0,13:59:32.700762
127.0,-551.0,855.0,13:59:32.709662
30.0,-334.0,778.0,13:59:32.720242
86.0,-607.0,1350.0,13:59:32.729622
9.0,-478.0,829.0,13:59:32.740269
-29.0,-409.0,663.0,13:59:32.749521
-35.0,-492.0,1042.0,13:59:32.759030
-73.0,-499.0,938.0,13:59:32.769499
53.0,-696.0,1013.0,13:59:32.779011
125.0,-450.0,672.0,13:59:32.789458
-67.0,-472.0,794.0,13:59:32.798761
100.0,-720.0,1290.0,13:59:32.808224
46.0,-513.0,988.0,13:59:32.818635
-26.0,-427.0,532.0,13:59:32.827958
-47.0,-627.0,1116.0,13:59:32.838521
63.0,-378.0,886.0,13:59:32.847915
-178.0,-171.0,999.0,13:59:32.858347
225.0,-515.0,954.0,13:59:32.867765
101.0,-483.0,924.0,13:59:32.878269
162.0,-445.0,982.0,13:59:32.887588
118.0,-773.0,1369.0,13:59:32.896983
112.0,-394.0,577.0,13:59:32.907525
34.0,-265.0,975.0,13:59:32.916888
133.0,-720.0,1402.0,13:59:32.927349
196.0,-234.0,479.0,13:59:32.936835
-156.0,-400.0,1217.0,13:59:32.947279
228.0,-253.0,539.0,13:59:32.956622
-2.0,-498.0,1093.0,13:59:32.966006
38.0,-748.0,1142.0,13:59:32.976434
112.0,-157.0,346.0,13:59:32.985851
108.0,-486.0,1342.0,13:59:32.996333
120.0,-666.0,1074.0,13:59:33.005825
197.0,-256.0,258.0,13:59:33.016238
19.0,-524.0,1169.0,13:59:33.025548
62.0,-600.0,1473.0,13:59:33.034940
132.0,-491.0,766.0,13:59:33.045314
170.0,-473.0,798.0,13:59:33.054816
73.0,-435.0,493.0,13:59:33.075192
18.0,-408.0,821.0,13:59:33.090711
126.0,-573.0,1236.0,13:59:33.101239
149.0,-557.0,783.0,13:59:33.110322
7.0,-562.0,717.0,13:59:33.121039
59.0,-663.0,1095.0,13:59:33.128022
-27.0,-411.0,973.0,13:59:33.149941
29.0,-471.0,778.0,13:59:33.160585
88.0,-535.0,842.0,13:59:33.175385
-7.0,-388.0,977.0,13:59:33.176794
-24.0,-422.0,1181.0,13:59:33.185394
74.0,-563.0,1129.0,13:59:33.196674
-26.0,-561.0,624.0,13:59:33.202585
140.0,-594.0,1034.0,13:59:33.216914
132.0,-544.0,880.0,13:59:33.225838
-135.0,-207.0,770.0,13:59:33.237141
-6.0,-678.0,1186.0,13:59:33.247257
192.0,-417.0,543.0,13:59:33.257379
-35.0,-455.0,849.0,13:59:33.262088
102.0,-471.0,1203.0,13:59:33.277743
77.0,-392.0,912.0,13:59:33.281418
1.0,-433.0,927.0,13:59:33.297967
80.0,-616.0,1226.0,13:59:33.301568
104.0,-508.0,853.0,13:59:33.318186
109.0,-198.0,674.0,13:59:33.321842
39.0,-492.0,1330.0,13:59:33.334020
183.0,-466.0,832.0,13:59:33.347534
47.0,-547.0,1005.0,13:59:33.350685
92.0,-462.0,971.0,13:59:33.368988
53.0,-499.0,1056.0,13:59:33.370375
94.0,-676.0,1196.0,13:59:33.389350
84.0,-495.0,783.0,13:59:33.390714
157.0,-532.0,889.0,13:59:33.400368
49.0,-464.0,846.0,13:59:33.410329
152.0,-262.0,731.0,13:59:33.420384
40.0,-336.0,1009.0,13:59:33.429838
162.0,-510.0,807.0,13:59:33.449152
87.0,-328.0,573.0,13:59:33.464273
168.0,-454.0,952.0,13:59:33.472398
106.0,-482.0,1128.0,13:59:33.482159
70.0,-418.0,1036.0,13:59:33.504343
165.0,-545.0,1062.0,13:59:33.511018
74.0,-396.0,810.0,13:59:33.518183
131.0,-658.0,1231.0,13:59:33.528645
71.0,-547.0,843.0,13:59:33.537972
41.0,-590.0,768.0,13:59:33.548393
6.0,-660.0,1065.0,13:59:33.557927
140.0,-373.0,502.0,13:59:33.568351
-86.0,-36.0,209.0,13:59:33.577703
50.0,-431.0,1093.0,13:59:33.587168
-42.0,-318.0,1026.0,13:59:33.597534
9.0,-541.0,1187.0,13:59:33.606997
5.0,-850.0,1690.0,13:59:33.617531
90.0,-645.0,1235.0,13:59:33.626951
303.0,-670.0,1270.0,13:59:33.636321
134.0,-888.0,1506.0,13:59:33.646893
327.0,-505.0,511.0,13:59:33.656320
149.0,-657.0,916.0,13:59:33.666776
29.0,-545.0,620.0,13:59:33.676128
55.0,-441.0,284.0,13:59:33.686657
-226.0,-248.0,732.0,13:59:33.696001
-151.0,-428.0,958.0,13:59:33.705405
-131.0,-103.0,548.0,13:59:33.716000
-143.0,-496.0,1462.0,13:59:33.725361
7.0,-350.0,1022.0,13:59:33.735916
144.0,-404.0,973.0,13:59:33.745242
177.0,-605.0,1270.0,13:59:33.754723
157.0,-72.0,612.0,13:59:33.765148
39.0,-305.0,1186.0,13:59:33.774487
165.0,-662.0,1049.0,13:59:33.785053
107.0,-464.0,547.0,13:59:33.794376
70.0,-254.0,613.0,13:59:33.804834
-18.0,-544.0,1201.0,13:59:33.814654
107.0,-575.0,695.0,13:59:33.823980
86.0,-281.0,475.0,13:59:33.834544
113.0,-852.0,1435.0,13:59:33.843860
27.0,-347.0,611.0,13:59:33.853226
20.0,-523.0,809.0,13:59:33.863778
111.0,-469.0,703.0,13:59:33.883830
28.0,-653.0,929.0,13:59:33.899153
51.0,-538.0,949.0,13:59:33.903080
39.0,-741.0,1636.0,13:59:33.912418
99.0,-815.0,1243.0,13:59:33.922909
239.0,-756.0,857.0,13:59:33.932424
150.0,-549.0,785.0,13:59:33.942961
224.0,-631.0,485.0,13:59:33.952363
159.0,-310.0,415.0,13:59:33.961774
-2.0,-293.0,639.0,13:59:33.972338
-196.0,-307.0,688.0,13:59:33.981671
-14.0,-545.0,1285.0,13:59:33.992197
-111.0,-592.0,1488.0,13:59:34.001536
65.0,-320.0,1006.0,13:59:34.011988
-33.0,-279.0,1480.0,13:59:34.021414
64.0,-107.0,768.0,13:59:34.030698
388.0,-237.0,1013.0,13:59:34.041264
55.0,-401.0,1246.0,13:59:34.050571
20.0,-234.0,478.0,13:59:34.061071
113.0,-327.0,743.0,13:59:34.070391
16.0,-733.0,1524.0,13:59:34.080878
177.0,-308.0,598.0,13:59:34.090299
219.0,-840.0,817.0,13:59:34.100717
290.0,-796.0,905.0,13:59:34.110126
-56.0,-377.0,541.0,13:59:34.119555
165.0,-278.0,189.0,13:59:34.130089
128.0,-716.0,1534.0,13:59:34.139445
75.0,-670.0,1384.0,13:59:34.149939
-61.0,-396.0,589.0,13:59:34.159387
23.0,-566.0,938.0,13:59:34.168691
-22.0,-523.0,1227.0,13:59:34.179179
143.0,-470.0,795.0,13:59:34.188563
261.0,-429.0,361.0,13:59:34.199102
108.0,-352.0,724.0,13:59:34.208388
-8.0,-404.0,1230.0,13:59:34.219031
120.0,-578.0,898.0,13:59:34.228424
-18.0,-536.0,818.0,13:59:34.237885
-8.0,-656.0,1379.0,13:59:34.248461
-1.0,-318.0,802.0,13:59:34.257960
68.0,-496.0,885.0,13:59:34.267290
110.0,-693.0,1524.0,13:59:34.277900
-27.0,-330.0,708.0,13:59:34.287371
-83.0,-247.0,783.0,13:59:34.297915
-68.0,-491.0,1264.0,13:59:34.307244
-43.0,-517.0,1303.0,13:59:34.316692
52.0,-332.0,673.0,13:59:34.327279
64.0,-617.0,1131.0,13:59:34.336672
92.0,-479.0,679.0,13:59:34.347164
164.0,-319.0,289.0,13:59:34.356577
201.0,-705.0,1573.0,13:59:34.365936
34.0,-286.0,954.0,13:59:34.376381
49.0,-469.0,373.0,13:59:34.385972
156.0,-485.0,1029.0,13:59:34.396368
-48.0,-408.0,1238.0,13:59:34.405756
73.0,-290.0,557.0,13:59:34.415179
35.0,-775.0,1188.0,13:59:34.425684
109.0,-414.0,363.0,13:59:34.435000
96.0,-171.0,545.0,13:59:34.445534
26.0,-560.0,1645.0,13:59:34.454879
106.0,-685.0,1468.0,13:59:34.465385
73.0,-399.0,357.0,13:59:34.474731
120.0,-439.0,873.0,13:59:34.484186
77.0,-779.0,1545.0,13:59:34.494668
6.0,-356.0,435.0,13:59:34.503945
170.0,-384.0,638.0,13:59:34.514499
-1.0,-564.0,1237.0,13:59:34.523747
197.0,-426.0,622.0,13:59:34.534302
-11.0,-318.0,746.0,13:59:34.543675
18.0,-455.0,1218.0,13:59:34.554141
38.0,-345.0,857.0,13:59:34.563580
102.0,-653.0,1534.0,13:59:34.572906
163.0,-625.0,1198.0,13:59:34.583537
155.0,-347.0,435.0,13:59:34.592822
134.0,-662.0,1247.0,13:59:34.603394
279.0,-502.0,826.0,13:59:34.612928
-38.0,-475.0,726.0,13:59:34.622303
261.0,-630.0,808.0,13:59:34.632808
-10.0,-310.0,782.0,13:59:34.642162
-25.0,-670.0,1131.0,13:59:34.652646
55.0,-450.0,351.0,13:59:34.661980
19.0,-547.0,1281.0,13:59:34.672448
163.0,-577.0,1073.0,13:59:34.681863
33.0,-333.0,265.0,13:59:34.691210
41.0,-583.0,1417.0,13:59:34.701136
20.0,-560.0,1262.0,13:59:34.711763
113.0,-436.0,649.0,13:59:34.721296
-24.0,-534.0,1009.0,13:59:34.730633
123.0,-528.0,1002.0,13:59:34.741121
-24.0,-597.0,1160.0,13:59:34.750398
83.0,-611.0,748.0,13:59:34.760936
21.0,-572.0,750.0,13:59:34.770270
104.0,-721.0,824.0,13:59:34.780736
-36.0,-277.0,748.0,13:59:34.790258
40.0,-604.0,1049.0,13:59:34.800690
92.0,-658.0,914.0,13:59:34.810120
-48.0,-321.0,650.0,13:59:34.819387
-55.0,-508.0,1540.0,13:59:34.829870
140.0,-691.0,1212.0,13:59:34.839317
16.0,-459.0,232.0,13:59:34.849755
122.0,-506.0,600.0,13:59:34.859127
-122.0,-352.0,1510.0,13:59:34.869618
-117.0,-172.0,560.0,13:59:34.879000
76.0,-598.0,1352.0,13:59:34.888420
28.0,-519.0,1172.0,13:59:34.898931
7.0,-264.0,501.0,13:59:34.908257
140.0,-776.0,1301.0,13:59:34.918686
272.0,-416.0,758.0,13:59:34.928089
-30.0,-321.0,745.0,13:59:34.938610
26.0,-559.0,1351.0,13:59:34.947961
120.0,-499.0,696.0,13:59:34.957357
14.0,-245.0,554.0,13:59:34.967905
176.0,-601.0,1589.0,13:59:34.977177
-103.0,-302.0,793.0,13:59:34.987974
15.0,-463.0,879.0,13:59:34.997314
162.0,-885.0,1344.0,13:59:35.006657
66.0,-239.0,251.0,13:59:35.017108
179.0,-259.0,840.0,13:59:35.026454
57.0,-366.0,1236.0,13:59:35.036989
192.0,-359.0,735.0,13:59:35.046229
99.0,-333.0,758.0,13:59:35.056847
94.0,-662.0,1526.0,13:59:35.066186
195.0,-352.0,677.0,13:59:35.076619
3.0,-436.0,1137.0,13:59:35.086070
116.0,-518.0,917.0,13:59:35.102968
122.0,-432.0,491.0,13:59:35.106755
60.0,-407.0,1301.0,13:59:35.116080
86.0,-695.0,1765.0,13:59:35.125398
90.0,-545.0,403.0,13:59:35.134804
217.0,-506.0,756.0,13:59:35.145292
190.0,-276.0,861.0,13:59:35.154649
90.0,-344.0,1024.0,13:59:35.165259
217.0,-512.0,671.0,13:59:35.174620
108.0,-451.0,934.0,13:59:35.185034
-8.0,-667.0,1434.0,13:59:35.194404
179.0,-627.0,881.0,13:59:35.203731
243.0,-706.0,1033.0,13:59:35.214266
77.0,-694.0,952.0,13:59:35.223567
124.0,-344.0,554.0,13:59:35.234144
49.0,-304.0,790.0,13:59:35.243561
44.0,-613.0,1091.0,13:59:35.253969
-41.0,-478.0,782.0,13:59:35.263396
16.0,-282.0,452.0,13:59:35.273865
-5.0,-627.0,1079.0,13:59:35.283130
28.0,-531.0,1196.0,13:59:35.292588
83.0,-649.0,1085.0,13:59:35.303030
133.0,-622.0,792.0,13:59:35.312452
195.0,-495.0,940.0,13:59:35.323020
109.0,-518.0,1098.0,13:59:35.332477
-24.0,-817.0,1325.0,13:59:35.341869
73.0,-488.0,473.0,13:59:35.352498
-15.0,-409.0,642.0,13:59:35.361937
178.0,-715.0,1324.0,13:59:35.371328
100.0,-384.0,891.0,13:59:35.381843
144.0,-421.0,748.0,13:59:35.391323
92.0,-639.0,1035.0,13:59:35.401799
-19.0,-335.0,480.0,13:59:35.411233
-37.0,-528.0,1306.0,13:59:35.421687
-5.0,-372.0,652.0,13:59:35.431201
155.0,-384.0,553.0,13:59:35.440525
-74.0,-615.0,1165.0,13:59:35.450978
-41.0,-331.0,459.0,13:59:35.460399
60.0,-673.0,1667.0,13:59:35.470777
43.0,-614.0,1195.0,13:59:35.480283
103.0,-527.0,769.0,13:59:35.490757
275.0,-483.0,537.0,13:59:35.500162
-42.0,-302.0,1022.0,13:59:35.509481
230.0,-573.0,1509.0,13:59:35.519960
181.0,-451.0,462.0,13:59:35.529339
17.0,-609.0,767.0,13:59:35.539754
-24.0,-534.0,999.0,13:59:35.549157
-55.0,-355.0,1059.0,13:59:35.559698
7.0,-613.0,1289.0,13:59:35.569058
61.0,-658.0,695.0,13:59:35.578428
-126.0,-407.0,318.0,13:59:35.589118
124.0,-438.0,1249.0,13:59:35.598607
-68.0,-273.0,1087.0,13:59:35.609185
257.0,-611.0,885.0,13:59:35.618448
-48.0,-454.0,538.0,13:59:35.627949
122.0,-356.0,613.0,13:59:35.638378
80.0,-644.0,1712.0,13:59:35.647854
-119.0,-316.0,1073.0,13:59:35.658359
204.0,-460.0,864.0,13:59:35.667777
145.0,-713.0,1082.0,13:59:35.677138
21.0,96.0,4.0,13:59:35.687546
-88.0,-449.0,1520.0,13:59:35.696927
-23.0,-560.0,1309.0,13:59:35.707419
25.0,-460.0,527.0,13:59:35.716723
44.0,-524.0,628.0,13:59:35.727324
37.0,-658.0,1235.0,13:59:35.736590
-39.0,-138.0,797.0,13:59:35.746030
41.0,-411.0,1241.0,13:59:35.756576
151.0,-688.0,975.0,13:59:35.765885
134.0,-466.0,728.0,13:59:35.776399
6.0,-444.0,1085.0,13:59:35.785835
324.0,-690.0,938.0,13:59:35.805441
181.0,-358.0,500.0,13:59:35.815820
86.0,-613.0,1127.0,13:59:35.825237
90.0,-479.0,951.0,13:59:35.835766
129.0,-463.0,774.0,13:59:35.845075
68.0,-257.0,672.0,13:59:35.854448
-31.0,-630.0,1090.0,13:59:35.864955
155.0,-321.0,866.0,13:59:35.874336
44.0,-575.0,1299.0,13:59:35.884793
139.0,-381.0,757.0,13:59:35.894164
4.0,-535.0,971.0,13:59:35.905264
-24.0,-436.0,926.0,13:59:35.913677
-23.0,-409.0,701.0,13:59:35.924087
69.0,-288.0,789.0,13:59:35.933577
-47.0,-796.0,1743.0,13:59:35.944003
100.0,-455.0,719.0,13:59:35.953387
13.0,-651.0,849.0,13:59:35.963793
-38.0,-516.0,700.0,13:59:35.973235
69.0,-531.0,999.0,13:59:35.982599
33.0,-470.0,863.0,13:59:35.993030
49.0,-444.0,538.0,13:59:36.002576
92.0,-551.0,836.0,13:59:36.012994
-33.0,-513.0,1222.0,13:59:36.022399
6.0,-449.0,999.0,13:59:36.032951
36.0,-651.0,930.0,13:59:36.042325
210.0,-465.0,807.0,13:59:36.051664
146.0,-371.0,926.0,13:59:36.062110
95.0,-544.0,936.0,13:59:36.071509
192.0,-662.0,1126.0,13:59:36.081956
142.0,-455.0,518.0,13:59:36.091324
18.0,-518.0,1044.0,13:59:36.100849
71.0,-515.0,1034.0,13:59:36.111447
116.0,-471.0,889.0,13:59:36.120751
225.0,-262.0,519.0,13:59:36.131324
35.0,-644.0,1228.0,13:59:36.140646
-4.0,-631.0,1351.0,13:59:36.151187
117.0,-741.0,968.0,13:59:36.160547
144.0,-376.0,640.0,13:59:36.169931
111.0,-593.0,939.0,13:59:36.180341
49.0,-271.0,518.0,13:59:36.189612
-13.0,-226.0,739.0,13:59:36.200228
74.0,-411.0,993.0,13:59:36.209518
-38.0,-628.0,1098.0,13:59:36.220109
44.0,-544.0,1027.0,13:59:36.229506
109.0,-618.0,1124.0,13:59:36.238939
61.0,-599.0,918.0,13:59:36.249370
15.0,-368.0,694.0,13:59:36.258726
18.0,-445.0,797.0,13:59:36.269224
-21.0,-447.0,815.0,13:59:36.278467
-40.0,-703.0,1045.0,13:59:36.289018
-2.0,-457.0,448.0,13:59:36.305235
40.0,-506.0,1073.0,13:59:36.310314
-88.0,-762.0,1611.0,13:59:36.318586
-28.0,-246.0,247.0,13:59:36.327972
93.0,-1005.0,1418.0,13:59:36.338387
51.0,-451.0,687.0,13:59:36.347928
74.0,-387.0,943.0,13:59:36.357213
-80.0,-863.0,1533.0,13:59:36.367616
172.0,-308.0,214.0,13:59:36.377140
97.0,-533.0,776.0,13:59:36.387704
-135.0,-508.0,1337.0,13:59:36.397027
79.0,-417.0,635.0,13:59:36.407521
-126.0,-459.0,1145.0,13:59:36.416893
-82.0,-702.0,1332.0,13:59:36.426220
148.0,-213.0,69.0,13:59:36.436723
-109.0,-540.0,1399.0,13:59:36.446158
-39.0,-568.0,949.0,13:59:36.456581
154.0,-356.0,646.0,13:59:36.465929
-9.0,-443.0,976.0,13:59:36.476551
100.0,-733.0,1384.0,13:59:36.486007
68.0,-350.0,363.0,13:59:36.495356
74.0,-553.0,893.0,13:59:36.505899
-74.0,-382.0,1107.0,13:59:36.515279
67.0,-395.0,1058.0,13:59:36.525827
62.0,-301.0,657.0,13:59:36.535093
124.0,-312.0,491.0,13:59:36.544502
205.0,-537.0,1150.0,13:59:36.555006
43.0,-605.0,1383.0,13:59:36.564304
135.0,-598.0,869.0,13:59:36.574889
51.0,-802.0,974.0,13:59:36.584249
-11.0,-532.0,888.0,13:59:36.594784
97.0,-35.0,184.0,13:59:36.604103
-68.0,-602.0,1409.0,13:59:36.613637
13.0,-761.0,1586.0,13:59:36.624105
62.0,-435.0,14.0,13:59:36.633656
21.0,-815.0,1183.0,13:59:36.643105
96.0,-792.0,1293.0,13:59:36.653595
78.0,-14.0,214.0,13:59:36.662884
116.0,-837.0,1321.0,13:59:36.673361
81.0,-645.0,811.0,13:59:36.682668
68.0,-514.0,711.0,13:59:36.693185
-41.0,-606.0,1132.0,13:59:36.702538
-40.0,-422.0,1054.0,13:59:36.713163
-26.0,-345.0,564.0,13:59:36.722499
179.0,-475.0,919.0,13:59:36.732927
-153.0,-610.0,1499.0,13:59:36.742434
125.0,-436.0,387.0,13:59:36.751716
-66.0,-639.0,993.0,13:59:36.762179
71.0,-442.0,927.0,13:59:36.771510
37.0,-235.0,438.0,13:59:36.782050
-109.0,-462.0,1392.0,13:59:36.791531
40.0,-754.0,1353.0,13:59:36.800861
36.0,-347.0,257.0,13:59:36.811400
76.0,-641.0,1089.0,13:59:36.820647
64.0,-531.0,847.0,13:59:36.831189
-62.0,-376.0,888.0,13:59:36.840566
-11.0,-542.0,1205.0,13:59:36.850098
136.0,-794.0,1141.0,13:59:36.860687
98.0,-668.0,761.0,13:59:36.870203
-13.0,-253.0,616.0,13:59:36.880687
77.0,-591.0,1189.0,13:59:36.890199
90.0,-652.0,1156.0,13:59:36.899476
202.0,-428.0,250.0,13:59:36.910106
-27.0,-451.0,542.0,13:59:36.919378
-15.0,-516.0,1227.0,13:59:36.929900
87.0,-209.0,876.0,13:59:36.939284
-18.0,-406.0,963.0,13:59:36.949739
26.0,-569.0,1163.0,13:59:36.959162
127.0,-496.0,576.0,13:59:36.968465
67.0,-484.0,827.0,13:59:36.979108
-100.0,-280.0,1410.0,13:59:36.988403
161.0,-563.0,1195.0,13:59:36.998949
113.0,-466.0,345.0,13:59:37.008343
98.0,-619.0,1208.0,13:59:37.018758
155.0,-707.0,1085.0,13:59:37.028117
82.0,-290.0,314.0,13:59:37.037462
102.0,-799.0,1748.0,13:59:37.047968
-102.0,-481.0,847.0,13:59:37.057284
88.0,-600.0,573.0,13:59:37.067862
-15.0,-737.0,1485.0,13:59:37.077231
109.0,-148.0,477.0,13:59:37.087785
-35.0,-371.0,765.0,13:59:37.097046
33.0,-780.0,1431.0,13:59:37.107018
56.0,-328.0,234.0,13:59:37.116528
-75.0,-325.0,851.0,13:59:37.127048
49.0,-717.0,1451.0,13:59:37.136414
62.0,-512.0,602.0,13:59:37.146971
14.0,-292.0,586.0,13:59:37.156348
65.0,-479.0,1215.0,13:59:37.165874
67.0,-439.0,976.0,13:59:37.176277
108.0,-615.0,1066.0,13:59:37.196026
82.0,-550.0,819.0,13:59:37.205322
76.0,-389.0,780.0,13:59:37.215936
120.0,-536.0,1385.0,13:59:37.225362
112.0,-419.0,954.0,13:59:37.234748
13.0,-493.0,728.0,13:59:37.245310
77.0,-324.0,630.0,13:59:37.254756
-42.0,-379.0,1327.0,13:59:37.265208
113.0,-532.0,1170.0,13:59:37.274575
71.0,-656.0,767.0,13:59:37.283993
229.0,-474.0,521.0,13:59:37.294416
84.0,-358.0,619.0,13:59:37.303742
-42.0,-498.0,1550.0,13:59:37.314226
23.0,-470.0,866.0,13:59:37.323614
116.0,-772.0,798.0,13:59:37.334056
38.0,-495.0,873.0,13:59:37.343476
14.0,-507.0,997.0,13:59:37.352894
62.0,-465.0,832.0,13:59:37.363314
93.0,-442.0,569.0,13:59:37.372614
109.0,-342.0,671.0,13:59:37.383234
-68.0,-599.0,1143.0,13:59:37.392526
-39.0,-650.0,1137.0,13:59:37.402998
69.0,-402.0,576.0,13:59:37.412554
-68.0,-318.0,1132.0,13:59:37.421993
17.0,-671.0,1128.0,13:59:37.432567
-44.0,-199.0,330.0,13:59:37.441838
135.0,-510.0,888.0,13:59:37.451445
-76.0,-153.0,680.0,13:59:37.461879
-16.0,-756.0,1598.0,13:59:37.471232
188.0,-550.0,763.0,13:59:37.481826
88.0,-876.0,1317.0,13:59:37.491090
29.0,-572.0,746.0,13:59:37.508341
65.0,-443.0,681.0,13:59:37.511279
74.0,-980.0,1641.0,13:59:37.520699
8.0,-428.0,312.0,13:59:37.531221
-177.0,-1168.0,2047.0,13:59:37.550852
-71.0,-825.0,1150.0,13:59:37.560347
189.0,-829.0,663.0,13:59:37.570858
176.0,-690.0,689.0,13:59:37.580180
276.0,95.0,-152.0,13:59:37.589670
-144.0,-309.0,1190.0,13:59:37.600180
-104.0,-370.0,851.0,13:59:37.609515
5.0,-363.0,513.0,13:59:37.619097
-88.0,-287.0,735.0,13:59:37.629569
-140.0,-617.0,1800.0,13:59:37.639019
16.0,-72.0,769.0,13:59:37.649452
102.0,-670.0,978.0,13:59:37.658910
46.0,-417.0,335.0,13:59:37.669347
184.0,-464.0,971.0,13:59:37.678670
-71.0,-476.0,1030.0,13:59:37.688065
-24.0,-647.0,1610.0,13:59:37.698490
37.0,-752.0,1166.0,13:59:37.708010
90.0,-679.0,431.0,13:59:37.718468
80.0,-632.0,343.0,13:59:37.727892
54.0,-391.0,1160.0,13:59:37.738359
-35.0,-431.0,1241.0,13:59:37.747760
92.0,-892.0,911.0,13:59:37.757249
140.0,-674.0,353.0,13:59:37.767830
195.0,-317.0,638.0,13:59:37.777158
-38.0,-111.0,1172.0,13:59:37.787837
-46.0,-396.0,955.0,13:59:37.797120
4.0,-515.0,698.0,13:59:37.806467
0.0,-518.0,767.0,13:59:37.816986
15.0,-196.0,589.0,13:59:37.826339
51.0,-660.0,1912.0,13:59:37.836938
-8.0,-507.0,1136.0,13:59:37.846188
23.0,-458.0,881.0,13:59:37.856728
190.0,-464.0,592.0,13:59:37.866013
-11.0,-394.0,247.0,13:59:37.875418
-125.0,-123.0,1275.0,13:59:37.885972
-37.0,-574.0,1429.0,13:59:37.895285
125.0,-425.0,375.0,13:59:37.905889
-42.0,-558.0,2008.0,13:59:37.915187
59.0,-88.0,899.0,13:59:37.924652
211.0,-414.0,1049.0,13:59:37.935158
-27.0,-741.0,1413.0,13:59:37.944491
68.0,-495.0,257.0,13:59:37.955155
128.0,-558.0,637.0,13:59:37.964523
-77.0,-442.0,1182.0,13:59:37.974961
105.0,-673.0,882.0,13:59:37.984414
-87.0,-551.0,754.0,13:59:37.993807
-40.0,-712.0,975.0,13:59:38.004317
44.0,-711.0,1154.0,13:59:38.013731
58.0,-607.0,850.0,13:59:38.024331
26.0,-350.0,285.0,13:59:38.033651
-69.0,-429.0,618.0,13:59:38.043038
-73.0,-385.0,848.0,13:59:38.053734
-199.0,-261.0,1140.0,13:59:38.063031
-23.0,-696.0,1646.0,13:59:38.073586
128.0,-328.0,480.0,13:59:38.082949
181.0,-478.0,915.0,13:59:38.092439
62.0,-670.0,1512.0,13:59:38.102964
105.0,-150.0,645.0,13:59:38.112342
228.0,-246.0,600.0,13:59:38.122939
183.0,-530.0,1105.0,13:59:38.132420
110.0,-382.0,950.0,13:59:38.141767
132.0,-385.0,697.0,13:59:38.152305
18.0,-713.0,1033.0,13:59:38.161629
150.0,-510.0,775.0,13:59:38.172095
131.0,-567.0,1155.0,13:59:38.181459
87.0,-296.0,663.0,13:59:38.190812
164.0,-669.0,995.0,13:59:38.201373
-24.0,-471.0,985.0,13:59:38.210647
87.0,-387.0,836.0,13:59:38.221282
92.0,-595.0,1158.0,13:59:38.230537
121.0,-586.0,1133.0,13:59:38.241019
152.0,-648.0,707.0,13:59:38.250509
215.0,-707.0,469.0,13:59:38.260924
160.0,-494.0,849.0,13:59:38.270308
7.0,-529.0,1350.0,13:59:38.279641
9.0,-468.0,1000.0,13:59:38.290206
14.0,-553.0,594.0,13:59:38.299536
11.0,-781.0,976.0,13:59:38.309701
-37.0,-350.0,1033.0,13:59:38.319170
-45.0,-346.0,709.0,13:59:38.329859
-68.0,-889.0,1227.0,13:59:38.339199
177.0,-532.0,508.0,13:59:38.349660
-2.0,-336.0,579.0,13:59:38.359138
-173.0,-648.0,1401.0,13:59:38.368525
-70.0,-520.0,1065.0,13:59:38.379152
-66.0,-425.0,807.0,13:59:38.388588
58.0,-467.0,778.0,13:59:38.398039
22.0,-340.0,683.0,13:59:38.418509
-6.0,-344.0,891.0,13:59:38.427897
-60.0,-632.0,1358.0,13:59:38.437311
89.0,-737.0,953.0,13:59:38.447840
-42.0,-419.0,391.0,13:59:38.457169
-32.0,-498.0,1014.0,13:59:38.467848
111.0,-634.0,1410.0,13:59:38.477249
-102.0,-159.0,282.0,13:59:38.486643
222.0,-771.0,1220.0,13:59:38.497149
-65.0,-765.0,1021.0,13:59:38.506526
90.0,-439.0,412.0,13:59:38.517075
-95.0,-657.0,1367.0,13:59:38.526365
-127.0,-587.0,1038.0,13:59:38.536982
120.0,-418.0,264.0,13:59:38.546352
38.0,-489.0,875.0,13:59:38.555685
-67.0,-541.0,1329.0,13:59:38.566275
-91.0,-352.0,957.0,13:59:38.575631
100.0,-441.0,622.0,13:59:38.586030
-42.0,-368.0,932.0,13:59:38.595418
-57.0,-439.0,1045.0,13:59:38.605875
34.0,-318.0,689.0,13:59:38.615246
126.0,-674.0,1387.0,13:59:38.624625
-42.0,-402.0,983.0,13:59:38.635168
245.0,-388.0,705.0,13:59:38.644586
34.0,-578.0,1319.0,13:59:38.655037
46.0,-505.0,890.0,13:59:38.664381
186.0,18.0,33.0,13:59:38.674824
-238.0,-684.0,1450.0,13:59:38.684186
-89.0,-212.0,420.0,13:59:38.694736
125.0,-391.0,825.0,13:59:38.711732
30.0,-897.0,2047.0,13:59:38.715716
48.0,-696.0,1125.0,13:59:38.723907
228.0,-588.0,50.0,13:59:38.733194
14.0,-319.0,565.0,13:59:38.743843
134.0,-469.0,1503.0,13:59:38.753213
-8.0,-327.0,899.0,13:59:38.763643
45.0,-704.0,960.0,13:59:38.773207
149.0,-687.0,728.0,13:59:38.782501
25.0,-448.0,911.0,13:59:38.792949
-69.0,-359.0,1105.0,13:59:38.802398
-51.0,-395.0,654.0,13:59:38.812974
88.0,-382.0,333.0,13:59:38.822346
-61.0,-339.0,994.0,13:59:38.831610
54.0,-449.0,1143.0,13:59:38.842209
-144.0,-629.0,1385.0,13:59:38.851507
190.0,-693.0,1300.0,13:59:38.862047
86.0,-553.0,1120.0,13:59:38.871616
63.0,-684.0,629.0,13:59:38.881063
-51.0,-397.0,899.0,13:59:38.891555
36.0,-410.0,882.0,13:59:38.900931
31.0,-639.0,810.0,13:59:38.911515
221.0,-515.0,356.0,13:59:38.920864
-79.0,-173.0,475.0,13:59:38.930186
-103.0,-516.0,1566.0,13:59:38.940825
13.0,-713.0,1553.0,13:59:38.950135
21.0,-730.0,876.0,13:59:38.960605
186.0,-293.0,387.0,13:59:38.970072
211.0,-296.0,749.0,13:59:38.980561
149.0,-581.0,1365.0,13:59:38.989833
100.0,-444.0,1161.0,13:59:39.000312
96.0,-604.0,576.0,13:59:39.009712
41.0,-451.0,553.0,13:59:39.019078
-25.0,-549.0,1240.0,13:59:39.029599
-192.0,-346.0,738.0,13:59:39.039091
41.0,-519.0,852.0,13:59:39.049512
119.0,-572.0,568.0,13:59:39.059087
156.0,-723.0,1097.0,13:59:39.068347
20.0,-448.0,1036.0,13:59:39.079046
2.0,-666.0,1314.0,13:59:39.088385
217.0,-244.0,523.0,13:59:39.098800
9.0,-320.0,926.0,13:59:39.108279
-49.0,-680.0,1176.0,13:59:39.117709
261.0,-171.0,486.0,13:59:39.128325
-78.0,-636.0,1508.0,13:59:39.137788
166.0,-512.0,783.0,13:59:39.147089
15.0,-533.0,915.0,13:59:39.157617
32.0,-550.0,1458.0,13:59:39.177315
85.0,-337.0,1075.0,13:59:39.186689
98.0,-485.0,903.0,13:59:39.197140
125.0,-773.0,688.0,13:59:39.206602
109.0,-502.0,443.0,13:59:39.217016
-19.0,-205.0,943.0,13:59:39.226482
-14.0,-256.0,1276.0,13:59:39.235923
78.0,-564.0,1241.0,13:59:39.246416
178.0,-459.0,571.0,13:59:39.255882
21.0,-647.0,1080.0,13:59:39.266324
-71.0,-283.0,846.0,13:59:39.275893
63.0,-501.0,876.0,13:59:39.285272
132.0,-431.0,1109.0,13:59:39.295778
8.0,-577.0,1196.0,13:59:39.305214
226.0,-442.0,730.0,13:59:39.315695
218.0,-690.0,1043.0,13:59:39.325052
46.0,-558.0,995.0,13:59:39.335545
257.0,-260.0,198.0,13:59:39.344858
116.0,-291.0,791.0,13:59:39.354266
113.0,-800.0,1649.0,13:59:39.364814
20.0,-334.0,730.0,13:59:39.374157
-12.0,-637.0,1333.0,13:59:39.384737
97.0,-549.0,896.0,13:59:39.394042
-24.0,-224.0,256.0,13:59:39.403516
74.0,-690.0,1401.0,13:59:39.413976
26.0,-384.0,810.0,13:59:39.423311
76.0,-653.0,784.0,13:59:39.433730
29.0,-948.0,1285.0,13:59:39.443181
-61.0,-99.0,29.0,13:59:39.453642
74.0,-609.0,1677.0,13:59:39.462934
-100.0,-891.0,1174.0,13:59:39.472543
40.0,-327.0,207.0,13:59:39.483042
90.0,-642.0,955.0,13:59:39.492411
-18.0,-448.0,1256.0,13:59:39.502989
-74.0,-506.0,995.0,13:59:39.512350
-3.0,-634.0,684.0,13:59:39.522489
56.0,-389.0,536.0,13:59:39.531853
14.0,-789.0,1207.0,13:59:39.542381
-147.0,-364.0,898.0,13:59:39.551822
21.0,-479.0,1224.0,13:59:39.561224
31.0,-650.0,995.0,13:59:39.571723
145.0,-243.0,121.0,13:59:39.581386
67.0,-816.0,1687.0,13:59:39.590791
32.0,-522.0,1006.0,13:59:39.601303
120.0,-285.0,315.0,13:59:39.610732
-98.0,-469.0,1012.0,13:59:39.621320
122.0,-511.0,789.0,13:59:39.630680
-134.0,-263.0,622.0,13:59:39.641095
-74.0,-849.0,1379.0,13:59:39.650539
238.0,-598.0,640.0,13:59:39.659886
-33.0,-387.0,683.0,13:59:39.670294
-78.0,-388.0,1145.0,13:59:39.679820
57.0,-494.0,1346.0,13:59:39.690269
40.0,-535.0,811.0,13:59:39.699598
157.0,-812.0,1300.0,13:59:39.709085
195.0,-670.0,555.0,13:59:39.719565
67.0,-545.0,608.0,13:59:39.728822
-31.0,-348.0,855.0,13:59:39.739310
16.0,-96.0,539.0,13:59:39.748721
35.0,-516.0,1316.0,13:59:39.759125
22.0,-696.0,708.0,13:59:39.768520
172.0,-191.0,216.0,13:59:39.779146
-41.0,-414.0,2034.0,13:59:39.788384
10.0,-816.0,1531.0,13:59:39.797851
156.0,-377.0,-45.0,13:59:39.808294
15.0,-542.0,997.0,13:59:39.817762
55.0,-327.0,1153.0,13:59:39.828187
172.0,-622.0,1339.0,13:59:39.837514
107.0,-383.0,646.0,13:59:39.848140
-53.0,-717.0,1085.0,13:59:39.857421
51.0,-444.0,708.0,13:59:39.866902
82.0,-548.0,1240.0,13:59:39.877501
189.0,-277.0,629.0,13:59:39.886962
143.0,-629.0,1010.0,13:59:39.897477
71.0,-462.0,741.0,13:59:39.909236
-138.0,-314.0,820.0,13:59:39.917476
240.0,-319.0,769.0,13:59:39.926915
214.0,-596.0,1110.0,13:59:39.936197
-85.0,-574.0,1437.0,13:59:39.946635
86.0,-452.0,841.0,13:59:39.956053
126.0,-705.0,969.0,13:59:39.965416
233.0,-631.0,840.0,13:59:39.975950
44.0,-426.0,751.0,13:59:39.985299
-54.0,-319.0,636.0,13:59:39.995869
179.0,-799.0,1254.0,13:59:40.005208
-99.0,-456.0,969.0,13:59:40.015641
-72.0,-579.0,907.0,13:59:40.025126
173.0,-549.0,811.0,13:59:40.034440
39.0,-632.0,1592.0,13:59:40.044896
18.0,-425.0,425.0,13:59:40.054304
62.0,-526.0,727.0,13:59:40.064773
72.0,-465.0,1350.0,13:59:40.074133
-11.0,-522.0,1047.0,13:59:40.084664
189.0,-398.0,365.0,13:59:40.094019
-2.0,-544.0,1148.0,13:59:40.104510
103.0,-549.0,783.0,13:59:40.113876
16.0,-395.0,777.0,13:59:40.123275
-44.0,-576.0,995.0,13:59:40.133764
74.0,-665.0,985.0,13:59:40.143117
66.0,-511.0,964.0,13:59:40.153651
-8.0,-669.0,1349.0,13:59:40.163014
-18.0,-464.0,611.0,13:59:40.172526
101.0,-549.0,937.0,13:59:40.182975
-112.0,-399.0,1013.0,13:59:40.192567
140.0,-159.0,202.0,13:59:40.203022
-95.0,-207.0,1015.0,13:59:40.212383
23.0,-444.0,1127.0,13:59:40.221839
156.0,-309.0,873.0,13:59:40.232421
-63.0,-693.0,1898.0,13:59:40.241746
107.0,-597.0,1149.0,13:59:40.251294
183.0,-752.0,478.0,13:59:40.261752
66.0,-402.0,705.0,13:59:40.271086
68.0,-437.0,1233.0,13:59:40.281485
52.0,-203.0,382.0,13:59:40.290981
156.0,-569.0,594.0,13:59:40.301410
-25.0,-469.0,765.0,13:59:40.310731
-181.0,-137.0,1123.0,13:59:40.320305
4.0,-671.0,1469.0,13:59:40.330703
137.0,-630.0,830.0,13:59:40.340102
179.0,-353.0,419.0,13:59:40.350566
169.0,-394.0,703.0,13:59:40.359913
-50.0,-387.0,1252.0,13:59:40.370436
-100.0,-721.0,1371.0,13:59:40.379729
191.0,-481.0,-19.0,13:59:40.390321
-14.0,-340.0,810.0,13:59:40.399616
-26.0,-695.0,1898.0,13:59:40.409038
43.0,-744.0,1053.0,13:59:40.419573
18.0,-308.0,316.0,13:59:40.428911
223.0,-728.0,1379.0,13:59:40.439371
204.0,-875.0,1229.0,13:59:40.448732
29.0,-256.0,523.0,13:59:40.459222
192.0,-725.0,1371.0,13:59:40.468538
134.0,-796.0,1202.0,13:59:40.479018
70.0,-626.0,807.0,13:59:40.488453
68.0,-744.0,1252.0,13:59:40.497846
191.0,-376.0,25.0,13:59:40.508301
13.0,90.0,-169.0,13:59:40.517786
19.0,-220.0,1506.0,13:59:40.528187
-26.0,-171.0,1313.0,13:59:40.537548
-92.0,-191.0,363.0,13:59:40.548148
124.0,-818.0,1605.0,13:59:40.557512
-13.0,-577.0,1807.0,13:59:40.567024
-47.0,-452.0,850.0,13:59:40.577545
180.0,-766.0,598.0,13:59:40.587055
112.0,-630.0,299.0,13:59:40.596382
-86.0,-288.0,1350.0,13:59:40.607024
23.0,-813.0,1727.0,13:59:40.616532
4.0,-706.0,479.0,13:59:40.625892
174.0,-383.0,-229.0,13:59:40.636345
-168.0,-763.0,1473.0,13:59:40.645889
129.0,-617.0,1524.0,13:59:40.656435
76.0,-343.0,299.0,13:59:40.665907
-40.0,-485.0,265.0,13:59:40.676280
200.0,-353.0,560.0,13:59:40.685817
-202.0,-438.0,1402.0,13:59:40.695130
-1.0,-393.0,1294.0,13:59:40.705619
-41.0,-846.0,1005.0,13:59:40.715684
120.0,-649.0,939.0,13:59:40.725451
84.0,-295.0,1112.0,13:59:40.734829
109.0,-631.0,1215.0,13:59:40.744202
74.0,-554.0,1013.0,13:59:40.754704
185.0,-416.0,390.0,13:59:40.764081
59.0,-251.0,505.0,13:59:40.774628
-38.0,-221.0,355.0,13:59:40.783894
-227.0,-436.0,1337.0,13:59:40.794479
-107.0,-768.0,1899.0,13:59:40.803764
-80.0,-1071.0,1147.0,13:59:40.814226
145.0,-417.0,90.0,13:59:40.823701
-23.0,-29.0,838.0,13:59:40.832988
-19.0,-202.0,1489.0,13:59:40.843629
54.0,-563.0,847.0,13:59:40.852955
-68.0,-199.0,653.0,13:59:40.863596
39.0,-404.0,1473.0,13:59:40.872986
65.0,-776.0,1450.0,13:59:40.882427
340.0,-835.0,264.0,13:59:40.892937
-130.0,-707.0,1113.0,13:59:40.902373
51.0,-335.0,914.0,13:59:40.912850
287.0,-539.0,404.0,13:59:40.922158
-134.0,-415.0,87.0,13:59:40.931663
-52.0,54.0,297.0,13:59:40.942132
-43.0,-402.0,1380.0,13:59:40.951459
-235.0,-747.0,2024.0,13:59:40.962034
53.0,-614.0,1165.0,13:59:40.971323
60.0,-104.0,642.0,13:59:40.981771
195.0,-980.0,1446.0,13:59:40.991218
180.0,-586.0,693.0,13:59:41.000679
181.0,-171.0,618.0,13:59:41.011339
-198.0,-759.0,1792.0,13:59:41.020729
179.0,-899.0,402.0,13:59:41.030212
107.0,-347.0,138.0,13:59:41.040722
-3.0,-757.0,1730.0,13:59:41.050170
84.0,-809.0,1214.0,13:59:41.060752
2.0,96.0,-416.0,13:59:41.070085
-23.0,-522.0,1197.0,13:59:41.079409
-127.0,-631.0,1148.0,13:59:41.089898
-32.0,196.0,413.0,13:59:41.099304
-271.0,-643.0,1866.0,13:59:41.117109
14.0,-292.0,189.0,13:59:41.120918
105.0,-601.0,897.0,13:59:41.129091
-69.0,-657.0,1491.0,13:59:41.138632
200.0,-110.0,538.0,13:59:41.149108
165.0,-901.0,1198.0,13:59:41.158412
139.0,-799.0,500.0,13:59:41.169095
81.0,-470.0,810.0,13:59:41.178377
176.0,-534.0,1011.0,13:59:41.188920
-71.0,-471.0,956.0,13:59:41.198215
-73.0,-356.0,709.0,13:59:41.207582
-3.0,-388.0,426.0,13:59:41.218103
-97.0,-518.0,1015.0,13:59:41.227418
128.0,-816.0,1747.0,13:59:41.237960
-69.0,-532.0,1305.0,13:59:41.247224
68.0,-373.0,72.0,13:59:41.257886
3.0,-312.0,312.0,13:59:41.267291
-50.0,-181.0,1125.0,13:59:41.276619
-135.0,-155.0,1320.0,13:59:41.287081
37.0,-401.0,1181.0,13:59:41.296391
231.0,-974.0,1531.0,13:59:41.307030
249.0,-655.0,654.0,13:59:41.316309
266.0,-613.0,841.0,13:59:41.326683
190.0,-787.0,1092.0,13:59:41.336082
149.0,-527.0,645.0,13:59:41.346588
-67.0,-68.0,292.0,13:59:41.355965
-236.0,-622.0,1098.0,13:59:41.365333
57.0,-659.0,541.0,13:59:41.375975
-180.0,-307.0,1389.0,13:59:41.385315
-168.0,-619.0,1841.0,13:59:41.395883
319.0,-573.0,177.0,13:59:41.405300
210.0,-564.0,792.0,13:59:41.414682
140.0,-202.0,632.0,13:59:41.425161
157.0,-189.0,1181.0,13:59:41.434579
-66.0,-913.0,2047.0,13:59:41.444986
2.0,-293.0,64.0,13:59:41.454404
58.0,-655.0,644.0,13:59:41.464816
-102.0,-576.0,1648.0,13:59:41.474151
-118.0,-158.0,867.0,13:59:41.484739
160.0,-666.0,543.0,13:59:41.494009
219.0,-1096.0,1189.0,13:59:41.503419
114.0,-281.0,338.0,13:59:41.513916
31.0,-39.0,478.0,13:59:41.523232
-96.0,-396.0,1239.0,13:59:41.533768
39.0,-745.0,1335.0,13:59:41.543113
275.0,-425.0,309.0,13:59:41.553726
73.0,-366.0,496.0,13:59:41.563036
32.0,-767.0,2047.0,13:59:41.572457
154.0,-178.0,529.0,13:59:41.582968
83.0,-389.0,423.0,13:59:41.592209
151.0,-927.0,1267.0,13:59:41.602715
37.0,-410.0,365.0,13:59:41.612102
-276.0,-79.0,1009.0,13:59:41.622533
-68.0,-841.0,2047.0,13:59:41.631948
206.0,-660.0,252.0,13:59:41.642432
249.0,-219.0,-776.0,13:59:41.651785
-48.0,-1014.0,2047.0,13:59:41.661083
51.0,-671.0,1752.0,13:59:41.671727
-31.0,-139.0,-253.0,13:59:41.681039
-136.0,-736.0,742.0,13:59:41.691478
-52.0,-517.0,1496.0,13:59:41.700936
-12.0,-304.0,1079.0,13:59:41.711372
2.0,-534.0,987.0,13:59:41.720682
129.0,-739.0,1225.0,13:59:41.730130
4.0,-379.0,327.0,13:59:41.740689
-11.0,-63.0,337.0,13:59:41.750201
-15.0,-651.0,1557.0,13:59:41.760737
91.0,-798.0,1385.0,13:59:41.770246
-99.0,-179.0,76.0,13:59:41.779649
58.0,-330.0,891.0,13:59:41.790188
12.0,-785.0,1767.0,13:59:41.799574
46.0,-209.0,1.0,13:59:41.808981
47.0,-602.0,1037.0,13:59:41.819415
73.0,-648.0,991.0,13:59:41.828801
-126.0,-202.0,371.0,13:59:41.839331
-42.0,-633.0,1677.0,13:59:41.848701
78.0,-612.0,996.0,13:59:41.859134
51.0,-762.0,933.0,13:59:41.868620
72.0,-804.0,767.0,13:59:41.879081
96.0,-260.0,777.0,13:59:41.888440
-152.0,-314.0,1128.0,13:59:41.897963
-94.0,-687.0,1405.0,13:59:41.908353
362.0,-559.0,-325.0,13:59:41.918842
34.0,-512.0,593.0,13:59:41.927285
-14.0,-281.0,1368.0,13:59:41.937796
0.0,-178.0,694.0,13:59:41.947193
36.0,-508.0,307.0,13:59:41.957783
-28.0,-700.0,1677.0,13:59:41.967121
-150.0,-464.0,1419.0,13:59:41.976541
167.0,-863.0,1073.0,13:59:41.987041
249.0,-940.0,1511.0,13:59:41.996307
115.0,-305.0,684.0,13:59:42.006894
92.0,-388.0,14.0,13:59:42.016171
-85.0,-441.0,624.0,13:59:42.026629
-164.0,71.0,573.0,13:59:42.036030
-149.0,-239.0,513.0,13:59:42.046541
12.0,-753.0,1340.0,13:59:42.055930
-66.0,-841.0,2047.0,13:59:42.065312
78.0,-595.0,967.0,13:59:42.075950
158.0,-604.0,642.0,13:59:42.085262
207.0,-1160.0,1703.0,13:59:42.095909
304.0,0.0,133.0,13:59:42.105251
146.0,-87.0,329.0,13:59:42.114669
40.0,-501.0,1204.0,13:59:42.125246
-43.0,-534.0,1073.0,13:59:42.134684
0.0,-362.0,434.0,13:59:42.144164
-39.0,-622.0,1181.0,13:59:42.154679
10.0,-489.0,1088.0,13:59:42.174464
145.0,-674.0,847.0,13:59:42.183735
172.0,-193.0,50.0,13:59:42.194186
125.0,-556.0,1513.0,13:59:42.203715
156.0,-874.0,1299.0,13:59:42.214117
54.0,-544.0,531.0,13:59:42.223589
-10.0,-558.0,799.0,13:59:42.232933
-199.0,-480.0,810.0,13:59:42.243555
-139.0,-408.0,1060.0,13:59:42.252870
215.0,-445.0,851.0,13:59:42.263321
-69.0,-700.0,1071.0,13:59:42.272717
39.0,-501.0,912.0,13:59:42.283178
-105.0,-354.0,723.0,13:59:42.292573
215.0,-643.0,1407.0,13:59:42.301940
105.0,-235.0,838.0,13:59:42.320536
37.0,-527.0,562.0,13:59:42.323220
45.0,-546.0,770.0,13:59:42.331486
20.0,-670.0,1769.0,13:59:42.341975
139.0,-685.0,752.0,13:59:42.351452
284.0,-914.0,566.0,13:59:42.361882
-120.0,-483.0,760.0,13:59:42.371316
-217.0,-111.0,913.0,13:59:42.381830
-159.0,-511.0,1612.0,13:59:42.391234
80.0,-235.0,361.0,13:59:42.400545
151.0,-500.0,348.0,13:59:42.411004
-40.0,-804.0,1716.0,13:59:42.420298
102.0,-565.0,946.0,13:59:42.430878
76.0,-800.0,800.0,13:59:42.440181
51.0,-790.0,612.0,13:59:42.450723
119.0,-195.0,579.0,13:59:42.460172
-195.0,-312.0,1439.0,13:59:42.469451
-38.0,-199.0,647.0,13:59:42.480079
-115.0,-458.0,1206.0,13:59:42.499705
126.0,-552.0,1331.0,13:59:42.509101
93.0,-438.0,967.0,13:59:42.519841
98.0,-1012.0,1063.0,13:59:42.529215
144.0,-289.0,-97.0,13:59:42.538493
23.0,-268.0,995.0,13:59:42.549140
-15.0,-242.0,1133.0,13:59:42.558422
-16.0,-542.0,864.0,13:59:42.569005
-98.0,-862.0,1206.0,13:59:42.578391
94.0,-512.0,865.0,13:59:42.588915
141.0,-711.0,1578.0,13:59:42.598253
215.0,-853.0,1247.0,13:59:42.607529
39.0,-237.0,420.0,13:59:42.618195
113.0,-521.0,620.0,13:59:42.627588
129.0,-488.0,370.0,13:59:42.638175
-1.0,-55.0,333.0,13:59:42.647575
-293.0,-363.0,1485.0,13:59:42.656939
-56.0,-739.0,1332.0,13:59:42.667425
269.0,-580.0,528.0,13:59:42.676853
70.0,-793.0,1254.0,13:59:42.687284
188.0,-442.0,936.0,13:59:42.696699
147.0,-374.0,1016.0,13:59:42.707158
51.0,-610.0,577.0,13:59:42.716575
231.0,-476.0,869.0,13:59:42.725879
-62.0,-247.0,987.0,13:59:42.736310
-50.0,-390.0,594.0,13:59:42.745781
44.0,-359.0,1010.0,13:59:42.756256
153.0,-727.0,1411.0,13:59:42.765585
168.0,-535.0,349.0,13:59:42.776197
4.0,127.0,-88.0,13:59:42.785541
64.0,-905.0,1336.0,13:59:42.804986
-42.0,-494.0,8.0,13:59:42.815540
-15.0,-284.0,511.0,13:59:42.824833
172.0,-168.0,611.0,13:59:42.835351
-7.0,-186.0,955.0,13:59:42.844817
91.0,-715.0,1555.0,13:59:42.854056
47.0,-645.0,696.0,13:59:42.864613
-26.0,-315.0,256.0,13:59:42.873980
113.0,-1023.0,1981.0,13:59:42.883521
39.0,-534.0,1000.0,13:59:42.894066
57.0,-115.0,534.0,13:59:42.903423
241.0,-1211.0,1388.0,13:59:42.913964
90.0,-437.0,437.0,13:59:42.923254
52.0,-553.0,1403.0,13:59:42.933708
133.0,-576.0,753.0,13:59:42.943084
265.0,-978.0,858.0,13:59:42.953588
-52.0,-413.0,392.0,13:59:42.962925
-23.0,-506.0,1158.0,13:59:42.972261
11.0,-441.0,1339.0,13:59:42.982782
39.0,-281.0,845.0,13:59:42.992133
87.0,-392.0,838.0,13:59:43.002588
222.0,-589.0,1695.0,13:59:43.022207
146.0,-466.0,614.0,13:59:43.031520
203.0,-626.0,651.0,13:59:43.042027
2.0,-663.0,1070.0,13:59:43.051349
42.0,-41.0,97.0,13:59:43.061896
36.0,-446.0,892.0,13:59:43.071329
-1.0,-1102.0,1710.0,13:59:43.080692
-31.0,-531.0,746.0,13:59:43.091289
132.0,-580.0,911.0,13:59:43.100553
-33.0,-401.0,1174.0,13:59:43.111189
68.0,-449.0,912.0,13:59:43.125802
80.0,-835.0,886.0,13:59:43.130713
125.0,-642.0,765.0,13:59:43.140037
-52.0,-432.0,334.0,13:59:43.150662
123.0,-278.0,647.0,13:59:43.160095
-57.0,-682.0,1507.0,13:59:43.169483
-38.0,-625.0,760.0,13:59:43.180001
68.0,-337.0,441.0,13:59:43.189378
-13.0,-224.0,836.0,13:59:43.199800
5.0,-912.0,2047.0,13:59:43.209159
96.0,-568.0,853.0,13:59:43.219675
144.0,-619.0,502.0,13:59:43.229115
-7.0,-1028.0,1227.0,13:59:43.239532
72.0,-186.0,112.0,13:59:43.249026
-108.0,-102.0,902.0,13:59:43.258276
-112.0,-861.0,1525.0,13:59:43.268994
168.0,-562.0,530.0,13:59:43.278350
-12.0,-571.0,572.0,13:59:43.287769
2.0,-422.0,1295.0,13:59:43.298327
-233.0,-292.0,1641.0,13:59:43.307606
24.0,-787.0,1604.0,13:59:43.318349
175.0,-424.0,-15.0,13:59:43.327754
118.0,-376.0,421.0,13:59:43.337097
-135.0,-487.0,1567.0,13:59:43.347705
-128.0,-155.0,832.0,13:59:43.357009
-26.0,-449.0,1040.0,13:59:43.367499
112.0,-938.0,1076.0,13:59:43.376901
54.0,-332.0,346.0,13:59:43.386355
177.0,-504.0,1297.0,13:59:43.396930
-146.0,-797.0,1783.0,13:59:43.406363
114.0,-512.0,338.0,13:59:43.417058
-5.0,-368.0,-49.0,13:59:43.426312
100.0,-471.0,1218.0,13:59:43.435864
106.0,-441.0,861.0,13:59:43.446414
50.0,-230.0,-11.0,13:59:43.455840
33.0,-210.0,672.0,13:59:43.465181
-99.0,-775.0,2036.0,13:59:43.475742
-18.0,-632.0,1476.0,13:59:43.485156
210.0,-665.0,646.0,13:59:43.495549
68.0,-515.0,666.0,13:59:43.504880
-29.0,-389.0,988.0,13:59:43.519113
-56.0,-481.0,1333.0,13:59:43.527521
210.0,-536.0,293.0,13:59:43.534641
254.0,-342.0,111.0,13:59:43.545108
-235.0,-895.0,2047.0,13:59:43.554469
-29.0,-329.0,773.0,13:59:43.563787
206.0,-674.0,836.0,13:59:43.574317
144.0,-1118.0,1459.0,13:59:43.583663
91.0,-498.0,289.0,13:59:43.594200
-213.0,99.0,339.0,13:59:43.603565
108.0,-383.0,860.0,13:59:43.614036
43.0,-158.0,234.0,13:59:43.623363
-109.0,-346.0,1240.0,13:59:43.633795
-29.0,-817.0,1919.0,13:59:43.643224
57.0,-759.0,1028.0,13:59:43.652667
45.0,-542.0,872.0,13:59:43.663278
147.0,-559.0,1095.0,13:59:43.672608
218.0,-166.0,384.0,13:59:43.683085
-24.0,-189.0,139.0,13:59:43.692552
42.0,-133.0,541.0,13:59:43.701828
-142.0,-409.0,1973.0,13:59:43.712393
-315.0,-900.0,1668.0,13:59:43.721749
242.0,-731.0,540.0,13:59:43.732301
95.0,-786.0,1495.0,13:59:43.741652
-6.0,-851.0,1164.0,13:59:43.752112
107.0,-184.0,-67.0,13:59:43.761504
115.0,-322.0,955.0,13:59:43.770800
80.0,-672.0,1333.0,13:59:43.781311
-100.0,-333.0,507.0,13:59:43.790732
-64.0,-369.0,904.0,13:59:43.801255
104.0,-707.0,1514.0,13:59:43.810666
-35.0,-625.0,785.0,13:59:43.821097
54.0,-191.0,71.0,13:59:43.830461
172.0,-353.0,879.0,13:59:43.840887
71.0,-563.0,1362.0,13:59:43.850276
117.0,-757.0,894.0,13:59:43.859629
83.0,-455.0,776.0,13:59:43.870148
-135.0,-881.0,1710.0,13:59:43.879464
37.0,-497.0,515.0,13:59:43.889969
-17.0,-154.0,281.0,13:59:43.899281
27.0,-837.0,1814.0,13:59:43.909834
96.0,-437.0,768.0,13:59:43.919220
-12.0,-465.0,244.0,13:59:43.928579
145.0,-648.0,1312.0,13:59:43.939123
55.0,-613.0,1488.0,13:59:43.948418
-19.0,-48.0,-27.0,13:59:43.959028
31.0,-244.0,650.0,13:59:43.968412
81.0,-353.0,1617.0,13:59:43.978941
63.0,56.0,983.0,13:59:43.988385
124.0,-554.0,595.0,13:59:43.997806
272.0,-1089.0,1612.0,13:59:44.008305
166.0,-705.0,556.0,13:59:44.017793
73.0,-219.0,529.0,13:59:44.027228
-72.0,-330.0,1218.0,13:59:44.037862
36.0,-477.0,1066.0,13:59:44.047190
145.0,-254.0,566.0,13:59:44.057798
3.0,-785.0,1443.0,13:59:44.067214
221.0,-332.0,326.0,13:59:44.076588
175.0,-631.0,912.0,13:59:44.087092
-59.0,-893.0,1328.0,13:59:44.096476
243.0,-301.0,337.0,13:59:44.107054
-31.0,-587.0,1238.0,13:59:44.116406
-169.0,-524.0,971.0,13:59:44.125918
109.0,-340.0,468.0,13:59:44.136364
0.0,-706.0,1798.0,13:59:44.145723
-75.0,-243.0,622.0,13:59:44.156292
166.0,-505.0,582.0,13:59:44.165574
110.0,-526.0,721.0,13:59:44.176048
88.0,-137.0,603.0,13:59:44.185463
-17.0,-326.0,1399.0,13:59:44.195837
78.0,-514.0,868.0,13:59:44.205224
56.0,-569.0,763.0,13:59:44.214619
71.0,-803.0,1528.0,13:59:44.225152
7.0,-639.0,1043.0,13:59:44.234437
84.0,-1037.0,1486.0,13:59:44.244899
128.0,-696.0,844.0,13:59:44.254345
-6.0,-596.0,910.0,13:59:44.264731
202.0,-670.0,734.0,13:59:44.274174
10.0,-635.0,1083.0,13:59:44.283604
41.0,-526.0,721.0,13:59:44.294126
116.0,-354.0,288.0,13:59:44.303553
-70.0,-526.0,1165.0,13:59:44.313950
-55.0,-331.0,1185.0,13:59:44.325686
61.0,-326.0,746.0,13:59:44.333063
-62.0,-689.0,1132.0,13:59:44.343537
155.0,-269.0,576.0,13:59:44.352885
-124.0,-222.0,764.0,13:59:44.362434
12.0,-292.0,706.0,13:59:44.372861
152.0,-640.0,1104.0,13:59:44.382360
-129.0,-668.0,1034.0,13:59:44.392856
34.0,-471.0,746.0,13:59:44.402379
61.0,-793.0,1614.0,13:59:44.411825
107.0,-521.0,430.0,13:59:44.422452
193.0,-341.0,203.0,13:59:44.431890
6.0,-666.0,1415.0,13:59:44.441238
-39.0,-529.0,1166.0,13:59:44.451675
173.0,-431.0,490.0,13:59:44.461053
-49.0,-669.0,901.0,13:59:44.471475
246.0,-580.0,1078.0,13:59:44.480871
67.0,-255.0,612.0,13:59:44.491365
15.0,-226.0,661.0,13:59:44.500751
2.0,-763.0,1447.0,13:59:44.511256
79.0,-624.0,1041.0,13:59:44.520576
-16.0,-680.0,1016.0,13:59:44.529949
71.0,-600.0,935.0,13:59:44.540406
124.0,-411.0,853.0,13:59:44.549818
88.0,-563.0,1160.0,13:59:44.560266
105.0,-434.0,243.0,13:59:44.569627
93.0,-468.0,367.0,13:59:44.580260
44.0,-625.0,1314.0,13:59:44.589516
-57.0,-468.0,971.0,13:59:44.599009
77.0,-626.0,844.0,13:59:44.609399
72.0,-798.0,1416.0,13:59:44.618717
-20.0,-90.0,362.0,13:59:44.638413
1.0,-286.0,948.0,13:59:44.649034
52.0,-400.0,1052.0,13:59:44.658317
-126.0,171.0,470.0,13:59:44.668996
-70.0,-606.0,1812.0,13:59:44.678349
6.0,-867.0,1400.0,13:59:44.687621
-50.0,-587.0,612.0,13:59:44.698283
-58.0,-726.0,1223.0,13:59:44.707535
85.0,-586.0,1100.0,13:59:44.725797
84.0,-248.0,257.0,13:59:44.727303
206.0,-146.0,351.0,13:59:44.737393
28.0,-713.0,1558.0,13:59:44.747932
53.0,-578.0,843.0,13:59:44.757256
-24.0,-765.0,927.0,13:59:44.767828
99.0,-631.0,925.0,13:59:44.777234
117.0,-556.0,830.0,13:59:44.786509
73.0,-447.0,523.0,13:59:44.797062
-38.0,-35.0,350.0,13:59:44.806535
-45.0,-815.0,1757.0,13:59:44.815939
68.0,-648.0,1130.0,13:59:44.826476
150.0,-674.0,958.0,13:59:44.835871
-6.0,-539.0,940.0,13:59:44.846338
7.0,-412.0,690.0,13:59:44.855825
16.0,-444.0,856.0,13:59:44.866228
94.0,-401.0,712.0,13:59:44.875699
64.0,-371.0,544.0,13:59:44.884992
-6.0,-563.0,923.0,13:59:44.895408
-23.0,-557.0,892.0,13:59:44.904874
-20.0,-422.0,972.0,13:59:44.915350
-58.0,-411.0,1460.0,13:59:44.924790
-112.0,-415.0,1046.0,13:59:44.935254
140.0,-547.0,786.0,13:59:44.944782
88.0,-277.0,851.0,13:59:44.954102
-69.0,-222.0,980.0,13:59:44.964683
117.0,-561.0,952.0,13:59:44.974195
29.0,-478.0,774.0,13:59:44.983547
85.0,-845.0,1149.0,13:59:44.994003
81.0,-438.0,540.0,13:59:45.003344
27.0,-504.0,955.0,13:59:45.013822
-1.0,-550.0,947.0,13:59:45.023190
92.0,-593.0,837.0,13:59:45.033730
13.0,-329.0,976.0,13:59:45.043157
91.0,-517.0,1090.0,13:59:45.052468
30.0,-667.0,744.0,13:59:45.062877
103.0,-662.0,823.0,13:59:45.072341
35.0,-360.0,399.0,13:59:45.082784
10.0,-430.0,650.0,13:59:45.092139
-21.0,-645.0,1548.0,13:59:45.102585
79.0,-499.0,1286.0,13:59:45.111938
-51.0,-469.0,351.0,13:59:45.122471
134.0,-842.0,1354.0,13:59:45.131849
44.0,-527.0,1281.0,13:59:45.141387
51.0,-576.0,813.0,13:59:45.151794
182.0,-624.0,610.0,13:59:45.161154
54.0,-628.0,845.0,13:59:45.171858
77.0,-496.0,899.0,13:59:45.181238
-44.0,-552.0,868.0,13:59:45.190694
-32.0,-671.0,603.0,13:59:45.201368
-102.0,-445.0,649.0,13:59:45.210745
-40.0,-588.0,1339.0,13:59:45.220175
-73.0,-428.0,1266.0,13:59:45.230582
-41.0,-569.0,1041.0,13:59:45.240100
-57.0,-499.0,392.0,13:59:45.250611
131.0,-533.0,900.0,13:59:45.260082
28.0,-388.0,835.0,13:59:45.269550
-110.0,-229.0,609.0,13:59:45.280045
-19.0,-680.0,1184.0,13:59:45.289482
-14.0,-522.0,1039.0,13:59:45.299910
130.0,-818.0,1184.0,13:59:45.309267
-90.0,-592.0,951.0,13:59:45.319690
5.0,-672.0,957.0,13:59:45.329064
-37.0,-568.0,854.0,13:59:45.338504
-25.0,-478.0,657.0,13:59:45.349039
168.0,-553.0,918.0,13:59:45.358422
-11.0,-517.0,640.0,13:59:45.368966
-17.0,-353.0,786.0,13:59:45.378271
66.0,-642.0,1094.0,13:59:45.387764
88.0,-355.0,699.0,13:59:45.398200
-46.0,-310.0,963.0,13:59:45.407771
-24.0,-466.0,1103.0,13:59:45.418329
79.0,-484.0,849.0,13:59:45.427726
52.0,-431.0,1040.0,13:59:45.437110
89.0,-421.0,840.0,13:59:45.447498
115.0,-479.0,1185.0,13:59:45.457092
-93.0,-530.0,1149.0,13:59:45.467612
57.0,-477.0,745.0,13:59:45.477083
196.0,-743.0,828.0,13:59:45.486461
75.0,-454.0,690.0,13:59:45.496970
-3.0,-410.0,907.0,13:59:45.506354
-18.0,-455.0,787.0,13:59:45.516889
31.0,-563.0,933.0,13:59:45.527355
18.0,-559.0,995.0,13:59:45.536507
-32.0,-506.0,1137.0,13:59:45.546023
160.0,-543.0,1174.0,13:59:45.555495
-54.0,-459.0,882.0,13:59:45.565982
153.0,-658.0,931.0,13:59:45.575420
60.0,-529.0,895.0,13:59:45.584861
-10.0,-371.0,697.0,13:59:45.595295
28.0,-455.0,998.0,13:59:45.604707
-59.0,-650.0,1069.0,13:59:45.615302
-35.0,-352.0,465.0,13:59:45.624749
-10.0,-458.0,1008.0,13:59:45.634164
87.0,-600.0,1187.0,13:59:45.644767
-35.0,-274.0,673.0,13:59:45.654090
137.0,-445.0,891.0,13:59:45.664710
-49.0,-738.0,1274.0,13:59:45.674033
45.0,-425.0,498.0,13:59:45.683562
-14.0,-763.0,1074.0,13:59:45.693995
-51.0,-516.0,912.0,13:59:45.703289
38.0,-439.0,757.0,13:59:45.713879
-59.0,-584.0,1136.0,13:59:45.723144
118.0,-409.0,779.0,13:59:45.733637
158.0,-491.0,821.0,13:59:45.742967
91.0,-634.0,1255.0,13:59:45.753488
75.0,-421.0,730.0,13:59:45.762816
61.0,-466.0,868.0,13:59:45.772135
80.0,-587.0,1099.0,13:59:45.782731
4.0,-485.0,823.0,13:59:45.802171
66.0,-466.0,1030.0,13:59:45.812672
41.0,-644.0,1080.0,13:59:45.821910
31.0,-449.0,763.0,13:59:45.831338
126.0,-506.0,953.0,13:59:45.841870
108.0,-581.0,969.0,13:59:45.851278
49.0,-517.0,938.0,13:59:45.861760
15.0,-326.0,782.0,13:59:45.871079
-62.0,-466.0,943.0,13:59:45.881641
101.0,-596.0,807.0,13:59:45.890939
51.0,-357.0,868.0,13:59:45.910644
177.0,-670.0,1044.0,13:59:45.927908
117.0,-462.0,519.0,13:59:45.932198
182.0,-470.0,900.0,13:59:45.940389
141.0,-387.0,1029.0,13:59:45.949785
50.0,-478.0,1256.0,13:59:45.960373
39.0,-654.0,1392.0,13:59:45.969691
106.0,-660.0,778.0,13:59:45.980197
119.0,-581.0,878.0,13:59:45.989676
118.0,-495.0,1103.0,13:59:45.999031
74.0,-536.0,840.0,13:59:46.009448
177.0,-623.0,861.0,13:59:46.018914
96.0,-471.0,662.0,13:59:46.029400
111.0,-435.0,599.0,13:59:46.038796
23.0,-684.0,1199.0,13:59:46.049226
62.0,-412.0,832.0,13:59:46.058636
33.0,-586.0,639.0,13:59:46.067953
11.0,-582.0,907.0,13:59:46.078350
-98.0,-410.0,847.0,13:59:46.087849
25.0,-162.0,558.0,13:59:46.098295
-14.0,-687.0,1418.0,13:59:46.107730
-33.0,-393.0,786.0,13:59:46.118201
26.0,-832.0,1171.0,13:59:46.127510
-16.0,-639.0,1058.0,13:59:46.136955
104.0,-591.0,1001.0,13:59:46.147409
68.0,-553.0,755.0,13:59:46.156756
23.0,-490.0,715.0,13:59:46.167162
-75.0,-407.0,625.0,13:59:46.176469
-117.0,-445.0,880.0,13:59:46.187152
-64.0,-355.0,936.0,13:59:46.196495
-49.0,-551.0,1251.0,13:59:46.206031
13.0,-552.0,905.0,13:59:46.216548
88.0,-632.0,1051.0,13:59:46.225908
82.0,-548.0,1084.0,13:59:46.236454
163.0,-411.0,929.0,13:59:46.245834
58.0,-387.0,816.0,13:59:46.265415
60.0,-375.0,940.0,13:59:46.275905
-96.0,-377.0,928.0,13:59:46.285221
39.0,-506.0,908.0,13:59:46.294801
88.0,-575.0,844.0,13:59:46.305299
39.0,-484.0,938.0,13:59:46.314703
64.0,-575.0,841.0,13:59:46.325325
106.0,-505.0,746.0,13:59:46.334685
11.0,-538.0,1056.0,13:59:46.344081
162.0,-431.0,821.0,13:59:46.354728
-36.0,-517.0,964.0,13:59:46.364045
33.0,-490.0,918.0,13:59:46.374554
149.0,-432.0,826.0,13:59:46.383885
-100.0,-269.0,967.0,13:59:46.393394
1.0,-500.0,1118.0,13:59:46.403820
127.0,-547.0,879.0,13:59:46.413168
89.0,-495.0,756.0,13:59:46.423717
42.0,-448.0,1098.0,13:59:46.433081
37.0,-733.0,1369.0,13:59:46.443580
32.0,-532.0,674.0,13:59:46.452907
132.0,-537.0,835.0,13:59:46.462289
-56.0,-710.0,1260.0,13:59:46.472685
72.0,-390.0,482.0,13:59:46.482078
-23.0,-482.0,716.0,13:59:46.492522
-122.0,-616.0,1023.0,13:59:46.501963
-18.0,-571.0,657.0,13:59:46.512524
-63.0,-570.0,1067.0,13:59:46.521892
-83.0,-584.0,1118.0,13:59:46.531378
63.0,-615.0,1000.0,13:59:46.541856
-71.0,-403.0,801.0,13:59:46.551327
35.0,-430.0,1158.0,13:59:46.561804
24.0,-586.0,863.0,13:59:46.571259
89.0,-517.0,590.0,13:59:46.580647
29.0,-331.0,942.0,13:59:46.591178
-87.0,-416.0,785.0,13:59:46.600515
128.0,-496.0,580.0,13:59:46.611027
5.0,-493.0,1065.0,13:59:46.620309
-72.0,-684.0,1354.0,13:59:46.630750
146.0,-374.0,481.0,13:59:46.640263
-57.0,-464.0,1166.0,13:59:46.650698
145.0,-887.0,1530.0,13:59:46.660132
53.0,-326.0,275.0,13:59:46.669435
18.0,-571.0,1220.0,13:59:46.680211
-64.0,-674.0,1033.0,13:59:46.689586
168.0,-650.0,565.0,13:59:46.699064
-62.0,-397.0,842.0,13:59:46.709552
29.0,-628.0,1226.0,13:59:46.719057
-11.0,-533.0,621.0,13:59:46.731321
118.0,-541.0,828.0,13:59:46.738462
34.0,-484.0,934.0,13:59:46.749028
13.0,-469.0,978.0,13:59:46.758443
70.0,-571.0,945.0,13:59:46.768942
18.0,-670.0,1009.0,13:59:46.778323
63.0,-556.0,840.0,13:59:46.787608
-14.0,-490.0,566.0,13:59:46.798238
122.0,-646.0,1031.0,13:59:46.807611
-25.0,-594.0,993.0,13:59:46.818196
83.0,-483.0,753.0,13:59:46.827541
-11.0,-373.0,701.0,13:59:46.837044
15.0,-531.0,886.0,13:59:46.847549
47.0,-390.0,998.0,13:59:46.856913
-36.0,-357.0,1097.0,13:59:46.867470
-2.0,-596.0,1075.0,13:59:46.876867
69.0,-602.0,935.0,13:59:46.886248
-37.0,-414.0,952.0,13:59:46.896675
104.0,-446.0,862.0,13:59:46.906123
39.0,-561.0,1126.0,13:59:46.916518
104.0,-421.0,844.0,13:59:46.925894
-39.0,-546.0,921.0,13:59:46.936378
17.0,-652.0,1100.0,13:59:46.945902
150.0,-403.0,913.0,13:59:46.955276
22.0,-492.0,1102.0,13:59:46.965773
11.0,-661.0,1020.0,13:59:46.975282
35.0,-602.0,826.0,13:59:46.985788
82.0,-434.0,577.0,13:59:46.995142
39.0,-587.0,987.0,13:59:47.004535
-7.0,-430.0,622.0,13:59:47.015068
-119.0,-527.0,817.0,13:59:47.024367
72.0,-542.0,1198.0,13:59:47.034859
134.0,-518.0,777.0,13:59:47.044218
-56.0,-464.0,751.0,13:59:47.054711
56.0,-660.0,1234.0,13:59:47.064108
23.0,-415.0,793.0,13:59:47.073577
-27.0,-442.0,971.0,13:59:47.084221
30.0,-636.0,1026.0,13:59:47.093600
159.0,-485.0,709.0,13:59:47.104064
80.0,-737.0,1382.0,13:59:47.113359
-136.0,-366.0,911.0,13:59:47.131868
35.0,-666.0,1088.0,13:59:47.133280
28.0,-710.0,704.0,13:59:47.142900
83.0,-424.0,811.0,13:59:47.153384
-56.0,-442.0,1101.0,13:59:47.162817
-27.0,-304.0,746.0,13:59:47.172106
78.0,-737.0,1302.0,13:59:47.182623
68.0,-425.0,651.0,13:59:47.191876
151.0,-561.0,716.0,13:59:47.202565
-1.0,-513.0,1270.0,13:59:47.211832
-65.0,-490.0,839.0,13:59:47.222402
43.0,-325.0,507.0,13:59:47.231793
-30.0,-675.0,1219.0,13:59:47.241253
63.0,-520.0,751.0,13:59:47.251685
-82.0,-494.0,735.0,13:59:47.260978
-56.0,-555.0,1026.0,13:59:47.271483
-13.0,-396.0,830.0,13:59:47.280832
81.0,-673.0,1189.0,13:59:47.291474
22.0,-523.0,862.0,13:59:47.300820
118.0,-593.0,883.0,13:59:47.310284
7.0,-497.0,817.0,13:59:47.320786
109.0,-545.0,880.0,13:59:47.330177
-2.0,-546.0,1150.0,13:59:47.340725
138.0,-385.0,644.0,13:59:47.350146
-33.0,-413.0,936.0,13:59:47.359567
52.0,-636.0,1284.0,13:59:47.370043
139.0,-401.0,602.0,13:59:47.379400
-5.0,-530.0,770.0,13:59:47.389842
76.0,-602.0,1084.0,13:59:47.399210
-22.0,-472.0,797.0,13:59:47.409670
-20.0,-551.0,869.0,13:59:47.419094
76.0,-671.0,876.0,13:59:47.428407
35.0,-515.0,854.0,13:59:47.438993
30.0,-459.0,923.0,13:59:47.448455
79.0,-509.0,783.0,13:59:47.459063
-54.0,-608.0,993.0,13:59:47.468409
108.0,-562.0,824.0,13:59:47.477884
-88.0,-382.0,643.0,13:59:47.488514
129.0,-564.0,1020.0,13:59:47.497888
18.0,-548.0,1317.0,13:59:47.508335
-16.0,-327.0,794.0,13:59:47.517813
147.0,-558.0,851.0,13:59:47.527222
104.0,-677.0,1080.0,13:59:47.537809
21.0,-393.0,874.0,13:59:47.547100
195.0,-391.0,610.0,13:59:47.556670
158.0,-525.0,906.0,13:59:47.567046
224.0,-503.0,800.0,13:59:47.576435
-27.0,-184.0,619.0,13:59:47.587042
81.0,-619.0,1167.0,13:59:47.596481
12.0,-588.0,1358.0,13:59:47.606991
99.0,-576.0,972.0,13:59:47.616348
192.0,-716.0,894.0,13:59:47.625761
191.0,-396.0,778.0,13:59:47.636291
23.0,-411.0,864.0,13:59:47.645649
94.0,-436.0,625.0,13:59:47.656043
122.0,-392.0,694.0,13:59:47.665418
46.0,-464.0,993.0,13:59:47.675888
28.0,-430.0,1241.0,13:59:47.685241
125.0,-653.0,903.0,13:59:47.695706
103.0,-493.0,707.0,13:59:47.705114
136.0,-643.0,1183.0,13:59:47.714378
74.0,-481.0,915.0,13:59:47.724825
61.0,-471.0,685.0,13:59:47.734254
43.0,-571.0,894.0,13:59:47.744728
36.0,-408.0,939.0,13:59:47.754076
24.0,-575.0,1231.0,13:59:47.764589
52.0,-642.0,930.0,13:59:47.774014
45.0,-651.0,866.0,13:59:47.783400
8.0,-525.0,1073.0,13:59:47.793879
-23.0,-466.0,881.0,13:59:47.803208
113.0,-453.0,768.0,13:59:47.813735
56.0,-576.0,675.0,13:59:47.823053
-24.0,-396.0,994.0,13:59:47.833601
22.0,-494.0,908.0,13:59:47.843187
75.0,-622.0,1015.0,13:59:47.852573
93.0,-583.0,804.0,13:59:47.863010
145.0,-656.0,1172.0,13:59:47.872375
41.0,-606.0,1017.0,13:59:47.882909
83.0,-529.0,606.0,13:59:47.892219
-40.0,-541.0,751.0,13:59:47.901609
-41.0,-504.0,756.0,13:59:47.912030
-219.0,-354.0,840.0,13:59:47.921419
-81.0,-488.0,1201.0,13:59:47.935345
59.0,-694.0,1104.0,13:59:47.941960
-8.0,-686.0,737.0,13:59:47.951356
48.0,-585.0,786.0,13:59:47.961800
-7.0,-432.0,1020.0,13:59:47.971250
-24.0,-406.0,563.0,13:59:47.980585
61.0,-453.0,795.0,13:59:47.991009
41.0,-506.0,1264.0,13:59:48.000377
-198.0,-346.0,928.0,13:59:48.010868
40.0,-424.0,1153.0,13:59:48.020283
-28.0,-576.0,1205.0,13:59:48.030712
60.0,-312.0,433.0,13:59:48.040218
-27.0,-547.0,945.0,13:59:48.050603
-30.0,-393.0,818.0,13:59:48.059909
-4.0,-218.0,739.0,13:59:48.069378
32.0,-477.0,1187.0,13:59:48.079895
-93.0,-548.0,1015.0,13:59:48.089214
149.0,-608.0,797.0,13:59:48.099676
-84.0,-435.0,1007.0,13:59:48.109125
234.0,-610.0,1227.0,13:59:48.119576
271.0,-392.0,621.0,13:59:48.129017
13.0,-310.0,609.0,13:59:48.138277
93.0,-588.0,1140.0,13:59:48.148835
166.0,-456.0,607.0,13:59:48.158137
-19.0,-380.0,817.0,13:59:48.168683
79.0,-561.0,1251.0,13:59:48.178000
-35.0,-571.0,1023.0,13:59:48.188519
215.0,-679.0,1232.0,13:59:48.197898
85.0,-544.0,679.0,13:59:48.208327
145.0,-602.0,983.0,13:59:48.226962
155.0,-513.0,715.0,13:59:48.237416
36.0,-602.0,912.0,13:59:48.246711
112.0,-597.0,1065.0,13:59:48.257224
43.0,-632.0,925.0,13:59:48.266470
10.0,-500.0,748.0,13:59:48.277083
80.0,-459.0,808.0,13:59:48.286383
-10.0,-364.0,879.0,13:59:48.296982
39.0,-563.0,909.0,13:59:48.306312
33.0,-629.0,935.0,13:59:48.316743
66.0,-686.0,1428.0,13:59:48.326170
26.0,-528.0,846.0,13:59:48.336125
52.0,-365.0,479.0,13:59:48.345772
-45.0,-643.0,1193.0,13:59:48.355176
-25.0,-551.0,764.0,13:59:48.365621
102.0,-260.0,145.0,13:59:48.375064
-59.0,-440.0,829.0,13:59:48.385570
-53.0,-647.0,1310.0,13:59:48.395036
22.0,-476.0,652.0,13:59:48.405520
66.0,-269.0,640.0,13:59:48.414945
-57.0,-848.0,2047.0,13:59:48.424219
2.0,-534.0,983.0,13:59:48.434780
154.0,-723.0,783.0,13:59:48.444084
101.0,-685.0,812.0,13:59:48.454657
205.0,-353.0,652.0,13:59:48.464025
-56.0,-386.0,799.0,13:59:48.474395
91.0,-481.0,803.0,13:59:48.483809
-203.0,-535.0,1059.0,13:59:48.493163
58.0,-647.0,1079.0,13:59:48.503690
38.0,-530.0,1066.0,13:59:48.512963
-2.0,-349.0,827.0,13:59:48.532624
193.0,-638.0,1246.0,13:59:48.543062
9.0,-268.0,448.0,13:59:48.552512
69.0,-445.0,985.0,13:59:48.563142
66.0,-648.0,1371.0,13:59:48.572454
-6.0,-315.0,601.0,13:59:48.583047
-18.0,-616.0,1347.0,13:59:48.592502
213.0,-535.0,987.0,13:59:48.601859
97.0,-125.0,272.0,13:59:48.612547
77.0,-544.0,1202.0,13:59:48.621881
71.0,-730.0,1191.0,13:59:48.631338
38.0,-396.0,673.0,13:59:48.641761
68.0,-561.0,1305.0,13:59:48.651185
63.0,-342.0,718.0,13:59:48.661571
-79.0,-648.0,1045.0,13:59:48.671026
102.0,-621.0,906.0,13:59:48.681458
114.0,-72.0,337.0,13:59:48.690864
61.0,-591.0,1170.0,13:59:48.700270
54.0,-711.0,1093.0,13:59:48.710852
123.0,-236.0,196.0,13:59:48.720214
-45.0,-268.0,1216.0,13:59:48.730708
56.0,-785.0,1698.0,13:59:48.740127
205.0,-432.0,416.0,13:59:48.749583
-69.0,-620.0,1102.0,13:59:48.760132
144.0,-842.0,1249.0,13:59:48.769457
203.0,-627.0,422.0,13:59:48.780193
-15.0,-315.0,763.0,13:59:48.789487
10.0,-770.0,1311.0,13:59:48.799049
36.0,-429.0,237.0,13:59:48.809500
-17.0,-391.0,662.0,13:59:48.818991
-111.0,-363.0,1352.0,13:59:48.829447
2.0,-384.0,998.0,13:59:48.838944
94.0,-572.0,1031.0,13:59:48.848258
51.0,-722.0,1102.0,13:59:48.858972
90.0,-494.0,693.0,13:59:48.868205
72.0,-290.0,760.0,13:59:48.877794
-16.0,-490.0,1287.0,13:59:48.888270
-11.0,-384.0,857.0,13:59:48.897765
3.0,-663.0,948.0,13:59:48.908204
5.0,-644.0,1102.0,13:59:48.917445
125.0,-439.0,662.0,13:59:48.927973
40.0,-601.0,1067.0,13:59:48.937327
71.0,-464.0,608.0,13:59:48.946692
-20.0,-421.0,668.0,13:59:48.957120
-82.0,-526.0,1050.0,13:59:48.966595
-14.0,-305.0,819.0,13:59:48.977058
-10.0,-489.0,962.0,13:59:48.986436
141.0,-867.0,1501.0,13:59:48.997169
89.0,-368.0,501.0,13:59:49.006560
129.0,-735.0,1187.0,13:59:49.015868
124.0,-719.0,1002.0,13:59:49.026307
69.0,-366.0,297.0,13:59:49.035668
8.0,-574.0,1098.0,13:59:49.046167
6.0,-648.0,1195.0,13:59:49.055465
45.0,-362.0,307.0,13:59:49.065968
105.0,-448.0,798.0,13:59:49.075337
-28.0,-718.0,1310.0,13:59:49.084791
46.0,-445.0,550.0,13:59:49.095315
-21.0,-507.0,988.0,13:59:49.104787
-39.0,-639.0,1333.0,13:59:49.114279
112.0,-514.0,735.0,13:59:49.124749
10.0,-392.0,352.0,13:59:49.136848
-22.0,-296.0,899.0,13:59:49.144254
10.0,-524.0,1549.0,13:59:49.154764
-36.0,-390.0,693.0,13:59:49.164187
15.0,-708.0,1140.0,13:59:49.173526
223.0,-446.0,718.0,13:59:49.184006
-31.0,-402.0,958.0,13:59:49.193287
33.0,-482.0,1275.0,13:59:49.203892
321.0,-511.0,457.0,13:59:49.213192
76.0,-713.0,972.0,13:59:49.223653
53.0,-581.0,980.0,13:59:49.233072
100.0,-564.0,1318.0,13:59:49.242483
28.0,-510.0,868.0,13:59:49.252969
15.0,-379.0,343.0,13:59:49.262401
14.0,-472.0,673.0,13:59:49.272899
29.0,-376.0,1004.0,13:59:49.282137
-10.0,-359.0,1186.0,13:59:49.292679
15.0,-553.0,657.0,13:59:49.302006
132.0,-560.0,843.0,13:59:49.311458
22.0,-558.0,1487.0,13:59:49.321898
182.0,-570.0,1004.0,13:59:49.331327
48.0,-579.0,784.0,13:59:49.341751
132.0,-634.0,859.0,13:59:49.351307
79.0,-526.0,877.0,13:59:49.361787
80.0,-453.0,1037.0,13:59:49.371274
-51.0,-640.0,859.0,13:59:49.380645
-40.0,-423.0,629.0,13:59:49.391236
-19.0,-483.0,927.0,13:59:49.400706
-91.0,-503.0,1183.0,13:59:49.410165
-14.0,-510.0,1087.0,13:59:49.420761
-28.0,-556.0,865.0,13:59:49.430165
78.0,-526.0,813.0,13:59:49.440686
30.0,-436.0,1035.0,13:59:49.450129
-134.0,-359.0,861.0,13:59:49.459572
52.0,-512.0,817.0,13:59:49.470065
-38.0,-466.0,990.0,13:59:49.489748
34.0,-478.0,797.0,13:59:49.499160
89.0,-552.0,955.0,13:59:49.509650
72.0,-373.0,884.0,13:59:49.519115
37.0,-400.0,741.0,13:59:49.528425
-47.0,-543.0,720.0,13:59:49.538216
105.0,-519.0,973.0,13:59:49.549085
19.0,-522.0,1410.0,13:59:49.558456
121.0,-509.0,940.0,13:59:49.567839
101.0,-661.0,1137.0,13:59:49.578343
-22.0,-539.0,707.0,13:59:49.587774
174.0,-276.0,686.0,13:59:49.598285
-30.0,-481.0,1259.0,13:59:49.607571
-36.0,-459.0,565.0,13:59:49.618211
26.0,-525.0,1025.0,13:59:49.627587
-89.0,-346.0,1055.0,13:59:49.637058
30.0,-496.0,998.0,13:59:49.647501
178.0,-487.0,957.0,13:59:49.656994
43.0,-443.0,619.0,13:59:49.667453
89.0,-504.0,891.0,13:59:49.676849
43.0,-421.0,895.0,13:59:49.686240
137.0,-691.0,1120.0,13:59:49.705883
58.0,-426.0,753.0,13:59:49.716436
29.0,-406.0,890.0,13:59:49.725851
39.0,-652.0,1287.0,13:59:49.736335
187.0,-472.0,747.0,13:59:49.745758
86.0,-295.0,605.0,13:59:49.755146
125.0,-481.0,939.0,13:59:49.765778
96.0,-593.0,1060.0,13:59:49.775068
183.0,-386.0,744.0,13:59:49.785559
-40.0,-675.0,1015.0,13:59:49.794837
-65.0,-523.0,910.0,13:59:49.805485
20.0,-537.0,1249.0,13:59:49.814759
121.0,-562.0,1048.0,13:59:49.824131
179.0,-558.0,655.0,13:59:49.834690
56.0,-261.0,775.0,13:59:49.844139
119.0,-470.0,1247.0,13:59:49.854673
146.0,-604.0,1149.0,13:59:49.863997
72.0,-946.0,1598.0,13:59:49.874455
-14.0,-556.0,710.0,13:59:49.883794
88.0,-784.0,809.0,13:59:49.893146
134.0,-611.0,750.0,13:59:49.903673
97.0,-284.0,427.0,13:59:49.913100
-24.0,-355.0,736.0,13:59:49.923678
24.0,-666.0,513.0,13:59:49.933041
49.0,-570.0,551.0,13:59:49.942470
20.0,-415.0,1152.0,13:59:49.953051
-139.0,-407.0,1217.0,13:59:49.962391
-78.0,-471.0,812.0,13:59:49.973032
96.0,-500.0,731.0,13:59:49.982385
21.0,-390.0,927.0,13:59:49.991766
120.0,-354.0,942.0,13:59:50.002241
-85.0,-382.0,938.0,13:59:50.011566
-21.0,-560.0,912.0,13:59:50.022020
-14.0,-489.0,620.0,13:59:50.031411
-76.0,-378.0,636.0,13:59:50.041844
-162.0,-464.0,1045.0,13:59:50.051280
-29.0,-671.0,1313.0,13:59:50.061781
62.0,-678.0,923.0,13:59:50.071224
127.0,-928.0,1363.0,13:59:50.080715
109.0,-591.0,736.0,13:59:50.091285
10.0,-626.0,964.0,13:59:50.100653
87.0,-552.0,1015.0,13:59:50.110045
44.0,-460.0,685.0,13:59:50.120633
24.0,-345.0,604.0,13:59:50.129908
-153.0,-316.0,934.0,13:59:50.140598
-2.0,-503.0,1127.0,13:59:50.149898
-43.0,-584.0,1165.0,13:59:50.159264
96.0,-586.0,817.0,13:59:50.169752
56.0,-703.0,1093.0,13:59:50.179105
22.0,-507.0,838.0,13:59:50.189559
62.0,-527.0,663.0,13:59:50.199015
-4.0,-386.0,831.0,13:59:50.209511
-115.0,-177.0,570.0,13:59:50.218949
-60.0,-792.0,1595.0,13:59:50.228327
-30.0,-409.0,871.0,13:59:50.238746
21.0,-531.0,1034.0,13:59:50.248182
-1.0,-580.0,884.0,13:59:50.258650
83.0,-208.0,888.0,13:59:50.268041
-10.0,-409.0,1296.0,13:59:50.278456
23.0,-380.0,562.0,13:59:50.287986
79.0,-446.0,939.0,13:59:50.298426
22.0,-618.0,1282.0,13:59:50.307945
132.0,-496.0,658.0,13:59:50.317245
122.0,-403.0,642.0,13:59:50.327895
29.0,-587.0,1175.0,13:59:50.340497
38.0,-604.0,1073.0,13:59:50.346792
52.0,-665.0,907.0,13:59:50.357291
120.0,-649.0,936.0,13:59:50.366727
100.0,-625.0,872.0,13:59:50.377226
24.0,-427.0,576.0,13:59:50.386589
-24.0,-462.0,917.0,13:59:50.395978
-29.0,-508.0,815.0,13:59:50.406546
83.0,-485.0,490.0,13:59:50.415885
-91.0,-503.0,839.0,13:59:50.426409
64.0,-589.0,857.0,13:59:50.435788
-39.0,-646.0,916.0,13:59:50.445209
67.0,-539.0,833.0,13:59:50.455693
-20.0,-622.0,1360.0,13:59:50.465028
17.0,-556.0,1070.0,13:59:50.475509
41.0,-414.0,791.0,13:59:50.484872
119.0,-461.0,894.0,13:59:50.495342
-3.0,-551.0,916.0,13:59:50.504864
90.0,-448.0,751.0,13:59:50.515309
-155.0,-466.0,1087.0,13:59:50.524853
36.0,-649.0,1013.0,13:59:50.534245
48.0,-482.0,592.0,13:59:50.544698
42.0,-428.0,877.0,13:59:50.554183
50.0,-404.0,1130.0,13:59:50.563564
-102.0,-393.0,1051.0,13:59:50.574032
33.0,-757.0,1214.0,13:59:50.583560
71.0,-599.0,773.0,13:59:50.594085
-78.0,-502.0,812.0,13:59:50.603391
45.0,-610.0,1110.0,13:59:50.612780
-68.0,-280.0,440.0,13:59:50.623203
-73.0,-471.0,1003.0,13:59:50.642778
-13.0,-547.0,998.0,13:59:50.653246
9.0,-644.0,1001.0,13:59:50.662630
57.0,-493.0,721.0,13:59:50.671922
59.0,-795.0,1358.0,13:59:50.682509
307.0,-613.0,670.0,13:59:50.691790
74.0,-440.0,827.0,13:59:50.702411
149.0,-574.0,1056.0,13:59:50.711756
326.0,-579.0,691.0,13:59:50.722235
9.0,-596.0,744.0,13:59:50.731507
2.0,-414.0,1017.0,13:59:50.741187
136.0,-429.0,940.0,13:59:50.751790
-33.0,-465.0,817.0,13:59:50.761197
79.0,-377.0,1007.0,13:59:50.771625
81.0,-458.0,1229.0,13:59:50.781026
124.0,-280.0,648.0,13:59:50.790326
78.0,-399.0,872.0,13:59:50.800838
96.0,-561.0,1383.0,13:59:50.810191
58.0,-346.0,851.0,13:59:50.820784
142.0,-485.0,760.0,13:59:50.830110
65.0,-847.0,1318.0,13:59:50.840607
113.0,-262.0,354.0,13:59:50.849925
-49.0,-295.0,634.0,13:59:50.859316
21.0,-750.0,1687.0,13:59:50.869805
174.0,-447.0,903.0,13:59:50.879141
79.0,-425.0,233.0,13:59:50.889745
16.0,-544.0,904.0,13:59:50.899150
138.0,-723.0,1461.0,13:59:50.909788
-67.0,-523.0,880.0,13:59:50.919079
-9.0,-603.0,958.0,13:59:50.928516
66.0,-692.0,1141.0,13:59:50.939082
49.0,-545.0,609.0,13:59:50.948434
11.0,-572.0,955.0,13:59:50.959017
136.0,-402.0,787.0,13:59:50.968415
-110.0,-339.0,873.0,13:59:50.977852
43.0,-719.0,1328.0,13:59:50.988302
91.0,-586.0,960.0,13:59:50.997778
-52.0,-490.0,875.0,13:59:51.007245
43.0,-617.0,1081.0,13:59:51.017916
126.0,-319.0,305.0,13:59:51.027196
4.0,-327.0,862.0,13:59:51.037918
-77.0,-460.0,1091.0,13:59:51.047241
166.0,-687.0,1040.0,13:59:51.056639
11.0,-467.0,907.0,13:59:51.067056
44.0,-504.0,888.0,13:59:51.076530
-46.0,-509.0,1171.0,13:59:51.087063
128.0,-387.0,665.0,13:59:51.096477
7.0,-534.0,844.0,13:59:51.105875
27.0,-621.0,1114.0,13:59:51.116424
11.0,-303.0,880.0,13:59:51.125807
50.0,-630.0,1073.0,13:59:51.136185
129.0,-639.0,766.0,13:59:51.145663
-25.0,-384.0,583.0,13:59:51.156083
-115.0,-438.0,1188.0,13:59:51.165441
34.0,-680.0,1296.0,13:59:51.174839
33.0,-511.0,751.0,13:59:51.185384
88.0,-525.0,607.0,13:59:51.194868
-15.0,-601.0,1079.0,13:59:51.204345
-2.0,-323.0,818.0,13:59:51.214796
60.0,-418.0,1003.0,13:59:51.224261
33.0,-492.0,902.0,13:59:51.234793
-64.0,-499.0,771.0,13:59:51.244113
17.0,-516.0,974.0,13:59:51.254734
-111.0,-447.0,983.0,13:59:51.264021
67.0,-525.0,1044.0,13:59:51.273341
-6.0,-713.0,983.0,13:59:51.283903
80.0,-542.0,392.0,13:59:51.293472
25.0,-462.0,915.0,13:59:51.303993
24.0,-389.0,1073.0,13:59:51.313464
-41.0,-635.0,1002.0,13:59:51.322748
145.0,-476.0,746.0,13:59:51.333539
-17.0,-444.0,984.0,13:59:51.342841
47.0,-588.0,936.0,13:59:51.352222
111.0,-602.0,1002.0,13:59:51.362695
89.0,-604.0,796.0,13:59:51.372067
76.0,-432.0,584.0,13:59:51.382526
74.0,-520.0,1212.0,13:59:51.391900
2.0,-369.0,966.0,13:59:51.402523
10.0,-458.0,1143.0,13:59:51.411820
-9.0,-716.0,1028.0,13:59:51.421276
130.0,-422.0,277.0,13:59:51.431690
73.0,-509.0,1224.0,13:59:51.441081
-68.0,-588.0,1039.0,13:59:51.451547
63.0,-420.0,417.0,13:59:51.460905
92.0,-770.0,1368.0,13:59:51.471405
7.0,-695.0,1157.0,13:59:51.480761
101.0,-394.0,609.0,13:59:51.491288
150.0,-605.0,869.0,13:59:51.500540
25.0,-522.0,739.0,13:59:51.509958
126.0,-473.0,847.0,13:59:51.520491
-5.0,-479.0,892.0,13:59:51.529811
-24.0,-637.0,1067.0,13:59:51.544939
-43.0,-712.0,1006.0,13:59:51.549438
82.0,-616.0,686.0,13:59:51.559969
20.0,-376.0,948.0,13:59:51.569211
-92.0,-520.0,1112.0,13:59:51.579745
28.0,-432.0,756.0,13:59:51.589109
78.0,-488.0,737.0,13:59:51.599759
-109.0,-425.0,978.0,13:59:51.609136
46.0,-623.0,974.0,13:59:51.618502
-48.0,-498.0,875.0,13:59:51.629095
-11.0,-487.0,763.0,13:59:51.638443
-80.0,-563.0,1128.0,13:59:51.648995
120.0,-720.0,1179.0,13:59:51.658308
-26.0,-269.0,645.0,13:59:51.667826
81.0,-616.0,1053.0,13:59:51.678371
28.0,-621.0,858.0,13:59:51.687870
31.0,-408.0,762.0,13:59:51.698281
72.0,-509.0,915.0,13:59:51.707776
28.0,-615.0,1157.0,13:59:51.717114
-6.0,-384.0,727.0,13:59:51.727592
5.0,-463.0,735.0,13:59:51.737069
-20.0,-631.0,1309.0,13:59:51.747618
56.0,-480.0,936.0,13:59:51.757054
32.0,-399.0,665.0,13:59:51.766362
-32.0,-442.0,779.0,13:59:51.776916
-2.0,-582.0,1069.0,13:59:51.786251
5.0,-315.0,683.0,13:59:51.796737
-61.0,-398.0,1120.0,13:59:51.806008
7.0,-593.0,1013.0,13:59:51.816573
16.0,-431.0,795.0,13:59:51.825864
39.0,-474.0,925.0,13:59:51.836375
37.0,-434.0,1054.0,13:59:51.855038
62.0,-559.0,929.0,13:59:51.865502
89.0,-507.0,856.0,13:59:51.874823
-7.0,-349.0,858.0,13:59:51.885390
1.0,-493.0,1021.0,13:59:51.894792
77.0,-520.0,1075.0,13:59:51.905260
156.0,-587.0,846.0,13:59:51.914677
60.0,-553.0,873.0,13:59:51.924039
40.0,-451.0,946.0,13:59:51.934554
52.0,-463.0,1027.0,13:59:51.944731
-16.0,-523.0,1015.0,13:59:51.954253
104.0,-506.0,797.0,13:59:51.963629
96.0,-501.0,824.0,13:59:51.974239
-77.0,-366.0,867.0,13:59:51.992789
-14.0,-554.0,970.0,13:59:52.003361
-46.0,-372.0,848.0,13:59:52.012768
63.0,-519.0,924.0,13:59:52.023208
73.0,-570.0,934.0,13:59:52.032604
140.0,-642.0,1193.0,13:59:52.043143
-55.0,-263.0,761.0,13:59:52.052474
48.0,-518.0,1099.0,13:59:52.063041
227.0,-423.0,889.0,13:59:52.072478
73.0,-438.0,923.0,13:59:52.081877
122.0,-488.0,827.0,13:59:52.092384
232.0,-423.0,660.0,13:59:52.101730
-8.0,-529.0,1144.0,13:59:52.112147
190.0,-368.0,883.0,13:59:52.121637
290.0,-449.0,783.0,13:59:52.132060
111.0,-572.0,1020.0,13:59:52.141475
147.0,-502.0,907.0,13:59:52.150761
4.0,-500.0,1028.0,13:59:52.161343
136.0,-533.0,869.0,13:59:52.170654
63.0,-573.0,1031.0,13:59:52.181228
9.0,-499.0,903.0,13:59:52.190549
107.0,-351.0,607.0,13:59:52.201035
163.0,-424.0,877.0,13:59:52.210417
143.0,-458.0,950.0,13:59:52.220841
114.0,-387.0,834.0,13:59:52.230496
143.0,-512.0,974.0,13:59:52.239833
94.0,-428.0,852.0,13:59:52.250305
200.0,-652.0,1449.0,13:59:52.259659
51.0,-763.0,1508.0,13:59:52.269119
99.0,-719.0,921.0,13:59:52.279531
212.0,-896.0,858.0,13:59:52.289195
291.0,-669.0,476.0,13:59:52.298806
111.0,-131.0,513.0,13:59:52.309393
-62.0,-482.0,1094.0,13:59:52.318650
0.0,-604.0,818.0,13:59:52.338193
11.0,-429.0,799.0,13:59:52.348688
-104.0,-252.0,948.0,13:59:52.358003
-141.0,-294.0,854.0,13:59:52.368462
87.0,-501.0,1010.0,13:59:52.377976
129.0,-533.0,978.0,13:59:52.388473
-92.0,-767.0,1360.0,13:59:52.397847
59.0,-535.0,1086.0,13:59:52.407221
166.0,-759.0,1257.0,13:59:52.417865
219.0,-683.0,780.0,13:59:52.427231
84.0,-564.0,615.0,13:59:52.436636
79.0,-518.0,800.0,13:59:52.447053
-170.0,-454.0,823.0,13:59:52.456592
29.0,-579.0,649.0,13:59:52.467064
12.0,-564.0,817.0,13:59:52.476403
-69.0,-746.0,1154.0,13:59:52.485952
-48.0,-227.0,579.0,13:59:52.496381
11.0,-599.0,1366.0,13:59:52.505816
37.0,-683.0,1083.0,13:59:52.516227
-139.0,-359.0,568.0,13:59:52.525700
165.0,-414.0,580.0,13:59:52.536118
-35.0,-515.0,1117.0,13:59:52.545458
33.0,-542.0,1024.0,13:59:52.555921
3.0,-685.0,909.0,13:59:52.565297
-64.0,-617.0,1086.0,13:59:52.574666
99.0,-631.0,970.0,13:59:52.585123
-14.0,-574.0,854.0,13:59:52.594447
13.0,-398.0,864.0,13:59:52.604993
-37.0,-320.0,748.0,13:59:52.614372
-41.0,-574.0,744.0,13:59:52.624819
-191.0,-456.0,776.0,13:59:52.634276
0.0,-619.0,1024.0,13:59:52.644749
-95.0,-568.0,1037.0,13:59:52.654095
-40.0,-598.0,1071.0,13:59:52.663453
52.0,-511.0,959.0,13:59:52.673936
-109.0,-295.0,1044.0,13:59:52.683288
-57.0,-394.0,1050.0,13:59:52.693824
-24.0,-346.0,922.0,13:59:52.703120
110.0,-445.0,1190.0,13:59:52.713722
8.0,-621.0,791.0,13:59:52.723022
141.0,-401.0,604.0,13:59:52.732415
14.0,-449.0,1010.0,13:59:52.745598
68.0,-622.0,984.0,13:59:52.752973
150.0,-602.0,640.0,13:59:52.762356
99.0,-356.0,709.0,13:59:52.772801
90.0,-469.0,1065.0,13:59:52.782105
23.0,-598.0,1003.0,13:59:52.791536
105.0,-305.0,778.0,13:59:52.802017
26.0,-455.0,1030.0,13:59:52.811431
72.0,-218.0,715.0,13:59:52.822025
-21.0,-526.0,1236.0,13:59:52.831439
24.0,-495.0,958.0,13:59:52.841957
105.0,-510.0,914.0,13:59:52.851293
29.0,-406.0,848.0,13:59:52.860641
48.0,-593.0,1216.0,13:59:52.871156
22.0,-378.0,755.0,13:59:52.880533
106.0,-616.0,954.0,13:59:52.890932
181.0,-713.0,1003.0,13:59:52.900344
93.0,-408.0,571.0,13:59:52.910828
179.0,-558.0,1035.0,13:59:52.920221
138.0,-464.0,898.0,13:59:52.929535
169.0,-776.0,1013.0,13:59:52.940200
129.0,-655.0,851.0,13:59:52.949515
112.0,-582.0,774.0,13:59:52.960068
113.0,-504.0,839.0,13:59:52.969368
51.0,-399.0,768.0,13:59:52.979821
8.0,-357.0,681.0,13:59:52.989163
89.0,-628.0,1179.0,13:59:52.999600
-47.0,-725.0,1277.0,13:59:53.009126
81.0,-633.0,988.0,13:59:53.018400
36.0,-492.0,581.0,13:59:53.028944
62.0,-761.0,922.0,13:59:53.038190
37.0,-474.0,698.0,13:59:53.048736
-80.0,-372.0,636.0,13:59:53.063037
13.0,-622.0,1087.0,13:59:53.070440
21.0,-386.0,708.0,13:59:53.081371
-117.0,-668.0,1316.0,13:59:53.088734
7.0,-619.0,1100.0,13:59:53.099892
5.0,-665.0,1022.0,13:59:53.110688
-13.0,-553.0,776.0,13:59:53.117054
108.0,-526.0,840.0,13:59:53.127776
-91.0,-540.0,918.0,13:59:53.137083
18.0,-443.0,473.0,13:59:53.146913
-30.0,-543.0,1034.0,13:59:53.156811
-33.0,-589.0,922.0,13:59:53.166252
23.0,-543.0,797.0,13:59:53.176747
-27.0,-504.0,948.0,13:59:53.186136
-40.0,-583.0,1133.0,13:59:53.196649
50.0,-397.0,674.0,13:59:53.206212
-72.0,-547.0,898.0,13:59:53.215483
128.0,-583.0,955.0,13:59:53.226016
-111.0,-387.0,837.0,13:59:53.235355
-27.0,-555.0,867.0,13:59:53.245977
-47.0,-408.0,834.0,13:59:53.255287
-7.0,-669.0,1167.0,13:59:53.264792
-54.0,-413.0,893.0,13:59:53.275353
87.0,-502.0,833.0,13:59:53.284778
18.0,-656.0,1220.0,13:59:53.295261
101.0,-405.0,820.0,13:59:53.304669
63.0,-363.0,822.0,13:59:53.315172
17.0,-536.0,960.0,13:59:53.324455
18.0,-375.0,909.0,13:59:53.333832
6.0,-350.0,800.0,13:59:53.344251
-82.0,-344.0,934.0,13:59:53.353787
49.0,-614.0,1345.0,13:59:53.364222
162.0,-490.0,891.0,13:59:53.373679
107.0,-473.0,712.0,13:59:53.384094
15.0,-530.0,1023.0,13:59:53.393557
16.0,-637.0,1186.0,13:59:53.402816
94.0,-331.0,663.0,13:59:53.413291
35.0,-299.0,689.0,13:59:53.422634
85.0,-544.0,1087.0,13:59:53.433144
84.0,-377.0,739.0,13:59:53.442513
36.0,-368.0,725.0,13:59:53.453017
102.0,-558.0,1211.0,13:59:53.462409
130.0,-497.0,739.0,13:59:53.472838
71.0,-452.0,776.0,13:59:53.482192
-10.0,-460.0,1169.0,13:59:53.492606
134.0,-451.0,1093.0,13:59:53.502073
105.0,-530.0,887.0,13:59:53.512136
171.0,-473.0,920.0,13:59:53.521586
224.0,-773.0,1318.0,13:59:53.532037
201.0,-267.0,425.0,13:59:53.541437
84.0,-643.0,1143.0,13:59:53.550704
105.0,-676.0,1030.0,13:59:53.561270
107.0,-435.0,507.0,13:59:53.570591
-50.0,-598.0,1176.0,13:59:53.580218
48.0,-489.0,907.0,13:59:53.590756
-24.0,-359.0,599.0,13:59:53.600236
-51.0,-542.0,1092.0,13:59:53.610731
-32.0,-596.0,971.0,13:59:53.620246
108.0,-393.0,673.0,13:59:53.629570
42.0,-474.0,980.0,13:59:53.640195
-63.0,-538.0,1201.0,13:59:53.649571
147.0,-619.0,846.0,13:59:53.660132
170.0,-476.0,848.0,13:59:53.669530
68.0,-539.0,1043.0,13:59:53.679046
40.0,-621.0,994.0,13:59:53.689550
41.0,-533.0,679.0,13:59:53.698911
-11.0,-597.0,878.0,13:59:53.709369
5.0,-562.0,895.0,13:59:53.718714
-27.0,-486.0,715.0,13:59:53.728129
-45.0,-539.0,868.0,13:59:53.738606
32.0,-586.0,964.0,13:59:53.748026
-2.0,-495.0,911.0,13:59:53.758410
76.0,-540.0,946.0,13:59:53.767951
-7.0,-405.0,832.0,13:59:53.778355
69.0,-530.0,1117.0,13:59:53.787760
-57.0,-393.0,832.0,13:59:53.798198
19.0,-512.0,977.0,13:59:53.807526
38.0,-443.0,910.0,13:59:53.816953
22.0,-480.0,909.0,13:59:53.827380
70.0,-583.0,945.0,13:59:53.836777
17.0,-480.0,647.0,13:59:53.847362
86.0,-445.0,865.0,13:59:53.856648
74.0,-599.0,1189.0,13:59:53.867090
87.0,-505.0,834.0,13:59:53.876513
71.0,-517.0,793.0,13:59:53.886959
119.0,-706.0,1173.0,13:59:53.896365
77.0,-518.0,760.0,13:59:53.905879
22.0,-427.0,769.0,13:59:53.916444
10.0,-384.0,918.0,13:59:53.925857
-53.0,-595.0,843.0,13:59:53.935176
126.0,-362.0,700.0,13:59:53.949093
-110.0,-540.0,1287.0,13:59:53.955277
21.0,-527.0,948.0,13:59:53.964741
8.0,-432.0,916.0,13:59:53.975398
91.0,-632.0,1139.0,13:59:53.984746
77.0,-428.0,778.0,13:59:53.995337
69.0,-434.0,871.0,13:59:54.004772
-78.0,-450.0,807.0,13:59:54.014081
51.0,-418.0,914.0,13:59:54.024622
30.0,-540.0,1008.0,13:59:54.034090
48.0,-487.0,832.0,13:59:54.044615
174.0,-555.0,1010.0,13:59:54.054073
62.0,-551.0,878.0,13:59:54.063391
162.0,-468.0,734.0,13:59:54.073931
112.0,-445.0,1083.0,13:59:54.083243
111.0,-448.0,928.0,13:59:54.093732
14.0,-471.0,918.0,13:59:54.103034
27.0,-497.0,960.0,13:59:54.113637
47.0,-520.0,1039.0,13:59:54.122969
69.0,-483.0,896.0,13:59:54.132391
39.0,-464.0,799.0,13:59:54.142893
99.0,-431.0,866.0,13:59:54.152183
35.0,-524.0,1153.0,13:59:54.162671
122.0,-497.0,882.0,13:59:54.171994
74.0,-620.0,1036.0,13:59:54.182638
-7.0,-686.0,1013.0,13:59:54.191898
76.0,-534.0,814.0,13:59:54.201365
61.0,-592.0,838.0,13:59:54.211784
-32.0,-451.0,819.0,13:59:54.221250
90.0,-562.0,969.0,13:59:54.231748
-1.0,-474.0,890.0,13:59:54.241066
24.0,-636.0,903.0,13:59:54.251528
-27.0,-440.0,837.0,13:59:54.260929
-25.0,-594.0,1044.0,13:59:54.271369
-42.0,-476.0,870.0,13:59:54.280708
34.0,-425.0,719.0,13:59:54.290128
-106.0,-504.0,1157.0,13:59:54.300582
77.0,-415.0,919.0,13:59:54.309942
-32.0,-356.0,778.0,13:59:54.320445
-28.0,-531.0,1115.0,13:59:54.329820
44.0,-485.0,918.0,13:59:54.340240
12.0,-488.0,949.0,13:59:54.350797
-19.0,-515.0,916.0,13:59:54.359142
65.0,-496.0,1024.0,13:59:54.369688
55.0,-512.0,965.0,13:59:54.379076
49.0,-323.0,725.0,13:59:54.389537
-25.0,-495.0,1024.0,13:59:54.398970
78.0,-627.0,976.0,13:59:54.409430
23.0,-403.0,901.0,13:59:54.418935
20.0,-458.0,844.0,13:59:54.428321
132.0,-547.0,913.0,13:59:54.438794
78.0,-380.0,977.0,13:59:54.448127
97.0,-499.0,1027.0,13:59:54.458735
116.0,-487.0,875.0,13:59:54.468079
101.0,-553.0,954.0,13:59:54.477405
89.0,-570.0,814.0,13:59:54.487996
69.0,-481.0,798.0,13:59:54.497239
-13.0,-575.0,1024.0,13:59:54.507811
125.0,-555.0,907.0,13:59:54.517170
-26.0,-606.0,866.0,13:59:54.527800
69.0,-553.0,865.0,13:59:54.537075
43.0,-452.0,883.0,13:59:54.546424
11.0,-520.0,1006.0,13:59:54.556971
61.0,-571.0,906.0,13:59:54.566366
32.0,-572.0,752.0,13:59:54.576848
-46.0,-527.0,1020.0,13:59:54.586165
26.0,-514.0,950.0,13:59:54.596618
10.0,-566.0,746.0,13:59:54.605980
38.0,-502.0,927.0,13:59:54.616396
-95.0,-483.0,929.0,13:59:54.625803
120.0,-595.0,996.0,13:59:54.635211
-11.0,-557.0,991.0,13:59:54.645707
21.0,-537.0,888.0,13:59:54.655059
-68.0,-516.0,934.0,13:59:54.665493
21.0,-499.0,892.0,13:59:54.674895
-117.0,-535.0,900.0,13:59:54.685343
105.0,-511.0,834.0,13:59:54.694763
8.0,-507.0,814.0,13:59:54.705216
-70.0,-539.0,878.0,13:59:54.714809
141.0,-663.0,1056.0,13:59:54.724204
17.0,-659.0,963.0,13:59:54.734731
105.0,-465.0,875.0,13:59:54.744153
-6.0,-614.0,978.0,13:59:54.753569
-24.0,-551.0,846.0,13:59:54.764014
50.0,-565.0,844.0,13:59:54.773537
9.0,-431.0,790.0,13:59:54.784060
45.0,-485.0,899.0,13:59:54.793399
80.0,-497.0,913.0,13:59:54.802718
20.0,-459.0,902.0,13:59:54.813113
50.0,-497.0,1012.0,13:59:54.822565
31.0,-453.0,865.0,13:59:54.833008
-71.0,-481.0,910.0,13:59:54.842510
7.0,-510.0,990.0,13:59:54.852961
-17.0,-465.0,912.0,13:59:54.862427
97.0,-502.0,851.0,13:59:54.871711
-4.0,-514.0,1047.0,13:59:54.882178
42.0,-527.0,941.0,13:59:54.891513
64.0,-471.0,821.0,13:59:54.901973
10.0,-577.0,1009.0,13:59:54.911361
41.0,-518.0,845.0,13:59:54.921784
102.0,-476.0,813.0,13:59:54.931361
-3.0,-548.0,1028.0,13:59:54.941761
42.0,-520.0,971.0,13:59:54.951105
68.0,-487.0,864.0,13:59:54.961498
-77.0,-478.0,954.0,13:59:54.970846
115.0,-591.0,975.0,13:59:54.980280
81.0,-352.0,703.0,13:59:54.990705
48.0,-516.0,961.0,13:59:55.000160
17.0,-493.0,825.0,13:59:55.010646
-15.0,-435.0,824.0,13:59:55.019941
38.0,-570.0,1123.0,13:59:55.030432
-1.0,-518.0,957.0,13:59:55.039828
69.0,-563.0,920.0,13:59:55.049143
32.0,-505.0,964.0,13:59:55.059646
-23.0,-478.0,879.0,13:59:55.069067
40.0,-480.0,870.0,13:59:55.079630
44.0,-483.0,937.0,13:59:55.089110
-10.0,-448.0,770.0,13:59:55.098540
59.0,-472.0,847.0,13:59:55.109056
-2.0,-542.0,1067.0,13:59:55.118479
58.0,-546.0,917.0,13:59:55.129086
24.0,-468.0,948.0,13:59:55.138528
7.0,-623.0,1052.0,13:59:55.152781
25.0,-434.0,800.0,13:59:55.157831
55.0,-429.0,867.0,13:59:55.168425
-1.0,-519.0,1051.0,13:59:55.177855
96.0,-611.0,954.0,13:59:55.188276
5.0,-423.0,740.0,13:59:55.197727
-9.0,-658.0,1159.0,13:59:55.207046
86.0,-640.0,951.0,13:59:55.217520
100.0,-478.0,672.0,13:59:55.226953
-88.0,-486.0,946.0,13:59:55.237519
103.0,-526.0,959.0,13:59:55.246939
-42.0,-489.0,796.0,13:59:55.256308
51.0,-594.0,918.0,13:59:55.266811
-70.0,-505.0,971.0,13:59:55.276253
128.0,-561.0,885.0,13:59:55.286690
-32.0,-506.0,954.0,13:59:55.296119
129.0,-586.0,910.0,13:59:55.306630
62.0,-462.0,704.0,13:59:55.315996
68.0,-595.0,1072.0,13:59:55.325361
24.0,-502.0,864.0,13:59:55.335878
67.0,-473.0,733.0,13:59:55.345202
37.0,-507.0,958.0,13:59:55.354826
-13.0,-618.0,1002.0,13:59:55.365325
79.0,-482.0,787.0,13:59:55.374761
-34.0,-494.0,940.0,13:59:55.385305
119.0,-621.0,1074.0,13:59:55.394703
37.0,-535.0,720.0,13:59:55.405199
83.0,-565.0,810.0,13:59:55.414504
-25.0,-626.0,976.0,13:59:55.423902
9.0,-605.0,786.0,13:59:55.434371
-3.0,-482.0,870.0,13:59:55.443670
56.0,-541.0,883.0,13:59:55.454122
-53.0,-520.0,974.0,13:59:55.463537
42.0,-435.0,861.0,13:59:55.474039
27.0,-544.0,1028.0,13:59:55.483467
79.0,-540.0,894.0,13:59:55.493937
-7.0,-457.0,794.0,13:59:55.503289
71.0,-527.0,1038.0,13:59:55.512774
31.0,-511.0,956.0,13:59:55.523297
78.0,-603.0,814.0,13:59:55.532692
-15.0,-424.0,897.0,13:59:55.543172
64.0,-647.0,851.0,13:59:55.554468
7.0,-365.0,859.0,13:59:55.562811
88.0,-495.0,927.0,13:59:55.572079
87.0,-528.0,885.0,13:59:55.581554
23.0,-601.0,951.0,13:59:55.591995
147.0,-536.0,1041.0,13:59:55.601391
86.0,-542.0,979.0,13:59:55.611899
49.0,-421.0,686.0,13:59:55.621364
34.0,-454.0,985.0,13:59:55.631804
25.0,-474.0,917.0,13:59:55.641254
17.0,-386.0,695.0,13:59:55.650628
3.0,-440.0,812.0,13:59:55.661161
32.0,-509.0,1049.0,13:59:55.670454
57.0,-480.0,927.0,13:59:55.680880
124.0,-507.0,902.0,13:59:55.690303
63.0,-490.0,912.0,13:59:55.700740
115.0,-500.0,925.0,13:59:55.710283
34.0,-520.0,958.0,13:59:55.720662
-8.0,-485.0,1013.0,13:59:55.730150
108.0,-523.0,826.0,13:59:55.739448
-65.0,-572.0,1011.0,13:59:55.749849
-1.0,-619.0,1039.0,13:59:55.759194
50.0,-524.0,815.0,13:59:55.769701
43.0,-548.0,1018.0,13:59:55.779092
-64.0,-597.0,1078.0,13:59:55.789553
124.0,-442.0,635.0,13:59:55.798979
9.0,-399.0,833.0,13:59:55.809396
47.0,-607.0,1191.0,13:59:55.818759
50.0,-515.0,783.0,13:59:55.828055
59.0,-401.0,842.0,13:59:55.838664
-68.0,-554.0,1175.0,13:59:55.847990
118.0,-588.0,983.0,13:59:55.858467
193.0,-451.0,707.0,13:59:55.867863
29.0,-432.0,812.0,13:59:55.877364
-3.0,-386.0,1032.0,13:59:55.887862
46.0,-497.0,742.0,13:59:55.897275
71.0,-383.0,765.0,13:59:55.907926
