-149.0,-550.0,1396.0,14:01:10.587094
62.0,-468.0,754.0,14:01:10.588580
-51.0,-415.0,824.0,14:01:10.595576
6.0,-258.0,1386.0,14:01:10.605053
92.0,-129.0,846.0,14:01:10.614400
48.0,-221.0,976.0,14:01:10.624878
-146.0,-271.0,1260.0,14:01:10.634304
25.0,-497.0,887.0,14:01:10.644827
44.0,-420.0,858.0,14:01:10.654156
-65.0,-463.0,1057.0,14:01:10.663569
56.0,-441.0,583.0,14:01:10.674128
45.0,-435.0,653.0,14:01:10.683609
72.0,-557.0,1082.0,14:01:10.694021
150.0,-409.0,870.0,14:01:10.703405
81.0,-436.0,989.0,14:01:10.713893
136.0,-527.0,994.0,14:01:10.723228
75.0,-416.0,596.0,14:01:10.732501
160.0,-303.0,925.0,14:01:10.743104
109.0,-440.0,1188.0,14:01:10.752490
116.0,-376.0,899.0,14:01:10.762938
133.0,-581.0,853.0,14:01:10.772399
288.0,-448.0,761.0,14:01:10.782931
-11.0,-582.0,1216.0,14:01:10.792298
147.0,-755.0,1367.0,14:01:10.801693
199.0,-603.0,814.0,14:01:10.812124
87.0,-477.0,656.0,14:01:10.821540
13.0,-517.0,1065.0,14:01:10.832067
148.0,-336.0,881.0,14:01:10.841397
-61.0,-456.0,869.0,14:01:10.851819
74.0,-507.0,868.0,14:01:10.861371
19.0,-326.0,850.0,14:01:10.870788
30.0,-271.0,887.0,14:01:10.881355
106.0,-527.0,1134.0,14:01:10.890620
-116.0,-457.0,758.0,14:01:10.901226
220.0,-318.0,385.0,14:01:10.910505
14.0,-196.0,696.0,14:01:10.919826
-99.0,-287.0,754.0,14:01:10.930477
-15.0,-277.0,661.0,14:01:10.947044
-21.0,-343.0,825.0,14:01:10.950867
-129.0,-1143.0,2047.0,14:01:10.960164
154.0,-1474.0,1944.0,14:01:10.969638
211.0,-713.0,146.0,14:01:10.979063
-1.0,-617.0,914.0,14:01:10.989583
21.0,-733.0,1081.0,14:01:10.998995
28.0,-620.0,248.0,14:01:11.009477
97.0,-590.0,353.0,14:01:11.018823
-143.0,-588.0,812.0,14:01:11.028363
-379.0,-621.0,1030.0,14:01:11.038774
-130.0,-789.0,1038.0,14:01:11.048229
-188.0,-759.0,1028.0,14:01:11.058677
134.0,-630.0,1014.0,14:01:11.068109
66.0,-732.0,1024.0,14:01:11.078481
78.0,-404.0,571.0,14:01:11.087903
178.0,-434.0,928.0,14:01:11.098337
-67.0,-542.0,1102.0,14:01:11.107812
-86.0,-476.0,539.0,14:01:11.117106
32.0,-350.0,577.0,14:01:11.127851
-247.0,-343.0,1274.0,14:01:11.137160
-90.0,-639.0,1461.0,14:01:11.147755
112.0,-505.0,538.0,14:01:11.157189
-204.0,-252.0,486.0,14:01:11.166513
45.0,-584.0,1358.0,14:01:11.177093
-160.0,-504.0,993.0,14:01:11.186574
72.0,-479.0,641.0,14:01:11.196974
-171.0,-408.0,888.0,14:01:11.206359
-111.0,-443.0,1204.0,14:01:11.215731
-23.0,-576.0,1003.0,14:01:11.226264
102.0,-540.0,447.0,14:01:11.235565
-67.0,-527.0,836.0,14:01:11.246047
139.0,-624.0,1089.0,14:01:11.255346
74.0,-710.0,1012.0,14:01:11.264878
102.0,-562.0,556.0,14:01:11.275270
65.0,-683.0,507.0,14:01:11.284821
-3.0,-660.0,621.0,14:01:11.295255
-138.0,-704.0,1407.0,14:01:11.304758
78.0,-902.0,1284.0,14:01:11.315177
-130.0,-348.0,625.0,14:01:11.324620
105.0,-147.0,769.0,14:01:11.333993
-15.0,-280.0,1182.0,14:01:11.348647
3.0,-331.0,1184.0,14:01:11.353643
88.0,-252.0,917.0,14:01:11.364058
2.0,-588.0,1202.0,14:01:11.373633
55.0,-371.0,1101.0,14:01:11.384034
-16.0,-511.0,1339.0,14:01:11.393518
214.0,-499.0,846.0,14:01:11.402897
12.0,-404.0,628.0,14:01:11.413383
9.0,-527.0,1016.0,14:01:11.422759
-20.0,-293.0,887.0,14:01:11.433344
-17.0,-551.0,1105.0,14:01:11.442688
57.0,-588.0,904.0,14:01:11.453226
164.0,-512.0,928.0,14:01:11.462525
12.0,-633.0,952.0,14:01:11.471924
112.0,-542.0,826.0,14:01:11.482417
75.0,-588.0,956.0,14:01:11.491792
66.0,-620.0,1010.0,14:01:11.502220
120.0,-494.0,582.0,14:01:11.511696
45.0,-361.0,532.0,14:01:11.522099
-16.0,-433.0,955.0,14:01:11.531440
-38.0,-457.0,1183.0,14:01:11.541834
27.0,-400.0,960.0,14:01:11.551348
124.0,-534.0,766.0,14:01:11.560667
156.0,-426.0,937.0,14:01:11.571287
4.0,-399.0,1020.0,14:01:11.580630
137.0,-659.0,1270.0,14:01:11.591243
79.0,-685.0,866.0,14:01:11.600531
65.0,-514.0,845.0,14:01:11.610929
236.0,-526.0,909.0,14:01:11.620277
173.0,-628.0,898.0,14:01:11.629676
42.0,-473.0,618.0,14:01:11.640199
251.0,-368.0,681.0,14:01:11.649628
-42.0,-450.0,962.0,14:01:11.660120
18.0,-471.0,966.0,14:01:11.669630
16.0,-609.0,1052.0,14:01:11.678988
-12.0,-433.0,903.0,14:01:11.689484
-11.0,-751.0,1405.0,14:01:11.698775
-31.0,-625.0,866.0,14:01:11.709343
34.0,-342.0,531.0,14:01:11.718621
109.0,-469.0,939.0,14:01:11.729099
-159.0,-488.0,985.0,14:01:11.738475
-133.0,-595.0,894.0,14:01:11.748050
81.0,-699.0,733.0,14:01:11.758554
29.0,-572.0,943.0,14:01:11.767953
81.0,-660.0,1100.0,14:01:11.778589
61.0,-539.0,692.0,14:01:11.787952
-12.0,-641.0,780.0,14:01:11.797248
56.0,-390.0,736.0,14:01:11.807773
44.0,-435.0,746.0,14:01:11.817094
-78.0,-649.0,1271.0,14:01:11.827584
-13.0,-667.0,1005.0,14:01:11.837108
-110.0,-528.0,901.0,14:01:11.846501
-31.0,-572.0,728.0,14:01:11.857045
133.0,-620.0,1136.0,14:01:11.866475
-221.0,-451.0,848.0,14:01:11.877049
-99.0,-645.0,822.0,14:01:11.886461
-69.0,-555.0,790.0,14:01:11.895971
-185.0,-651.0,813.0,14:01:11.906483
75.0,-384.0,753.0,14:01:11.915855
-185.0,-339.0,1026.0,14:01:11.925291
-72.0,-791.0,1295.0,14:01:11.935902
48.0,-619.0,825.0,14:01:11.945335
-170.0,-363.0,432.0,14:01:11.955893
-199.0,-404.0,1276.0,14:01:11.965232
-221.0,-371.0,582.0,14:01:11.974720
7.0,-125.0,135.0,14:01:11.985217
4.0,-326.0,1034.0,14:01:11.994534
-120.0,-957.0,1846.0,14:01:12.005011
-1.0,-415.0,683.0,14:01:12.014411
48.0,-756.0,742.0,14:01:12.024873
157.0,-1175.0,1863.0,14:01:12.034217
100.0,-712.0,1046.0,14:01:12.053903
-269.0,-398.0,586.0,14:01:12.063362
-104.0,123.0,-187.0,14:01:12.073823
-387.0,-109.0,1013.0,14:01:12.083114
-119.0,-663.0,1482.0,14:01:12.093666
-2.0,-590.0,1024.0,14:01:12.103055
120.0,-588.0,801.0,14:01:12.113576
32.0,-345.0,1338.0,14:01:12.122977
165.0,-830.0,1626.0,14:01:12.132438
293.0,-449.0,364.0,14:01:12.150544
157.0,-342.0,611.0,14:01:12.154427
4.0,-724.0,1343.0,14:01:12.162610
-53.0,-360.0,522.0,14:01:12.171984
-69.0,-408.0,741.0,14:01:12.182567
-82.0,-848.0,1222.0,14:01:12.191891
80.0,-511.0,688.0,14:01:12.201346
-75.0,-397.0,728.0,14:01:12.211789
122.0,-773.0,1321.0,14:01:12.221342
25.0,-428.0,606.0,14:01:12.231714
-1.0,-448.0,858.0,14:01:12.241096
41.0,-592.0,1337.0,14:01:12.251516
-21.0,-414.0,690.0,14:01:12.260934
50.0,-633.0,1243.0,14:01:12.271347
144.0,-639.0,1423.0,14:01:12.280711
122.0,-543.0,516.0,14:01:12.290062
43.0,-544.0,202.0,14:01:12.300589
-105.0,-276.0,727.0,14:01:12.309896
-91.0,-538.0,1441.0,14:01:12.320358
90.0,-597.0,1065.0,14:01:12.329679
152.0,-237.0,191.0,14:01:12.340273
80.0,-355.0,647.0,14:01:12.349700
177.0,-458.0,1129.0,14:01:12.359124
82.0,-136.0,998.0,14:01:12.369589
53.0,-576.0,1329.0,14:01:12.379155
260.0,-546.0,676.0,14:01:12.389535
-100.0,-420.0,1119.0,14:01:12.398986
196.0,-703.0,1760.0,14:01:12.409427
174.0,-511.0,806.0,14:01:12.418959
115.0,-291.0,99.0,14:01:12.428222
282.0,-798.0,1278.0,14:01:12.438722
18.0,-32.0,115.0,14:01:12.448121
118.0,-450.0,724.0,14:01:12.458618
261.0,-934.0,1917.0,14:01:12.468089
54.0,-701.0,578.0,14:01:12.477482
121.0,-615.0,215.0,14:01:12.487998
181.0,-729.0,1618.0,14:01:12.497470
85.0,-541.0,989.0,14:01:12.508018
299.0,-418.0,275.0,14:01:12.517377
21.0,-562.0,1128.0,14:01:12.527879
166.0,-595.0,1074.0,14:01:12.537261
-21.0,-101.0,906.0,14:01:12.552507
99.0,-694.0,1472.0,14:01:12.556302
47.0,-548.0,695.0,14:01:12.566742
29.0,-722.0,622.0,14:01:12.575992
-20.0,-501.0,755.0,14:01:12.586657
118.0,-509.0,1074.0,14:01:12.596040
-43.0,-555.0,1053.0,14:01:12.606623
-199.0,-461.0,820.0,14:01:12.615970
42.0,-582.0,1018.0,14:01:12.625488
-202.0,-704.0,1490.0,14:01:12.635841
167.0,-710.0,579.0,14:01:12.645203
-68.0,-11.0,484.0,14:01:12.655842
-48.0,-700.0,1376.0,14:01:12.665251
33.0,-371.0,653.0,14:01:12.674792
44.0,-597.0,1054.0,14:01:12.685250
-101.0,-745.0,1047.0,14:01:12.694648
182.0,-667.0,573.0,14:01:12.705199
-1.0,-694.0,830.0,14:01:12.714549
91.0,-500.0,971.0,14:01:12.724026
69.0,-490.0,847.0,14:01:12.734479
-43.0,-499.0,528.0,14:01:12.743916
-37.0,-461.0,761.0,14:01:12.754420
-53.0,-333.0,1370.0,14:01:12.763775
-150.0,-498.0,1316.0,14:01:12.773141
56.0,-420.0,743.0,14:01:12.783750
86.0,-759.0,1241.0,14:01:12.793003
89.0,-451.0,476.0,14:01:12.803658
144.0,-588.0,1480.0,14:01:12.813000
301.0,-231.0,876.0,14:01:12.822470
-174.0,-44.0,154.0,14:01:12.832942
49.0,-597.0,936.0,14:01:12.842358
-34.0,-79.0,457.0,14:01:12.852766
-154.0,-72.0,1124.0,14:01:12.862142
-21.0,-944.0,1970.0,14:01:12.872575
266.0,-780.0,916.0,14:01:12.881974
172.0,-504.0,515.0,14:01:12.892491
127.0,-524.0,1351.0,14:01:12.901913
19.0,-482.0,1097.0,14:01:12.911342
282.0,-393.0,226.0,14:01:12.921880
29.0,-513.0,950.0,14:01:12.931305
248.0,-548.0,1221.0,14:01:12.941827
32.0,-698.0,979.0,14:01:12.951074
60.0,-962.0,1102.0,14:01:12.960409
117.0,-384.0,333.0,14:01:12.970872
91.0,-364.0,572.0,14:01:12.980211
-3.0,-106.0,242.0,14:01:12.990631
5.0,-661.0,1109.0,14:01:13.000187
-167.0,-589.0,1099.0,14:01:13.010587
-135.0,-1174.0,1761.0,14:01:13.020166
75.0,-479.0,507.0,14:01:13.029528
59.0,-375.0,749.0,14:01:13.040164
124.0,-964.0,1657.0,14:01:13.049484
78.0,-141.0,165.0,14:01:13.059004
27.0,-225.0,693.0,14:01:13.069519
-20.0,-689.0,1361.0,14:01:13.078995
156.0,-543.0,757.0,14:01:13.089515
24.0,-500.0,958.0,14:01:13.099000
54.0,-482.0,1157.0,14:01:13.108290
230.0,-663.0,924.0,14:01:13.118776
21.0,-592.0,771.0,14:01:13.128174
25.0,-164.0,235.0,14:01:13.138694
72.0,-374.0,1244.0,14:01:13.148079
112.0,-582.0,980.0,14:01:13.157514
-51.0,-340.0,680.0,14:01:13.168053
-75.0,-475.0,1128.0,14:01:13.177434
365.0,-722.0,942.0,14:01:13.187924
65.0,-622.0,716.0,14:01:13.197238
92.0,-486.0,1146.0,14:01:13.207743
62.0,-633.0,971.0,14:01:13.217174
96.0,-666.0,773.0,14:01:13.226543
93.0,-500.0,783.0,14:01:13.237113
-53.0,-455.0,857.0,14:01:13.246409
55.0,-448.0,875.0,14:01:13.257195
14.0,-475.0,995.0,14:01:13.266480
50.0,-547.0,1079.0,14:01:13.275921
60.0,-522.0,1098.0,14:01:13.286448
-5.0,-189.0,651.0,14:01:13.295885
45.0,-526.0,1110.0,14:01:13.306349
65.0,-450.0,1130.0,14:01:13.315818
-6.0,-439.0,940.0,14:01:13.325254
163.0,-667.0,854.0,14:01:13.335844
141.0,-618.0,742.0,14:01:13.348173
-71.0,-368.0,972.0,14:01:13.357444
-76.0,-673.0,1267.0,14:01:13.365695
128.0,-539.0,674.0,14:01:13.375046
-3.0,-562.0,810.0,14:01:13.384500
170.0,-426.0,737.0,14:01:13.394919
5.0,-433.0,1104.0,14:01:13.404248
45.0,-627.0,1310.0,14:01:13.414758
322.0,-532.0,704.0,14:01:13.424205
78.0,-436.0,583.0,14:01:13.433607
9.0,-525.0,1224.0,14:01:13.444152
78.0,-223.0,1062.0,14:01:13.453665
-102.0,-338.0,594.0,14:01:13.464254
208.0,-944.0,1302.0,14:01:13.473631
189.0,-418.0,231.0,14:01:13.482982
50.0,133.0,606.0,14:01:13.493602
-52.0,-670.0,1772.0,14:01:13.502949
16.0,-654.0,1080.0,14:01:13.512429
87.0,-644.0,615.0,14:01:13.522818
57.0,-410.0,856.0,14:01:13.532181
-13.0,-437.0,1491.0,14:01:13.542647
-25.0,-551.0,1014.0,14:01:13.552018
273.0,-429.0,455.0,14:01:13.562493
144.0,-465.0,821.0,14:01:13.571881
288.0,-576.0,1240.0,14:01:13.582461
72.0,-153.0,296.0,14:01:13.591793
109.0,-391.0,969.0,14:01:13.601247
95.0,-923.0,1412.0,14:01:13.611835
88.0,-113.0,309.0,14:01:13.621295
22.0,-721.0,1888.0,14:01:13.631721
0.0,-704.0,1024.0,14:01:13.641075
119.0,-647.0,172.0,14:01:13.651582
21.0,-248.0,361.0,14:01:13.660989
18.0,-429.0,1133.0,14:01:13.670333
-3.0,-883.0,1499.0,14:01:13.680868
110.0,-445.0,823.0,14:01:13.690307
39.0,-921.0,1120.0,14:01:13.700788
-74.0,-276.0,493.0,14:01:13.710198
-127.0,-578.0,1055.0,14:01:13.719520
49.0,-594.0,799.0,14:01:13.730103
166.0,-359.0,715.0,14:01:13.739560
-54.0,-722.0,1200.0,14:01:13.755403
127.0,-357.0,583.0,14:01:13.759461
43.0,-500.0,900.0,14:01:13.768735
58.0,-209.0,643.0,14:01:13.779248
77.0,-825.0,1403.0,14:01:13.788578
-172.0,-269.0,864.0,14:01:13.799130
231.0,-519.0,929.0,14:01:13.808532
82.0,-672.0,1110.0,14:01:13.819185
98.0,-612.0,1046.0,14:01:13.828469
169.0,-659.0,1098.0,14:01:13.837964
119.0,-167.0,-193.0,14:01:13.848451
65.0,-928.0,1283.0,14:01:13.858051
-6.0,-348.0,635.0,14:01:13.867425
-195.0,-8.0,478.0,14:01:13.877956
-122.0,-716.0,1561.0,14:01:13.887392
120.0,-776.0,1019.0,14:01:13.897953
40.0,-419.0,946.0,14:01:13.907302
207.0,-644.0,1209.0,14:01:13.916636
141.0,-624.0,811.0,14:01:13.927034
73.0,-432.0,850.0,14:01:13.936459
85.0,-617.0,1212.0,14:01:13.947003
130.0,-730.0,1096.0,14:01:13.956388
-50.0,-342.0,356.0,14:01:13.965921
162.0,-498.0,935.0,14:01:13.976466
-246.0,-455.0,1458.0,14:01:13.986020
53.0,-538.0,600.0,14:01:13.996561
360.0,-669.0,483.0,14:01:14.005871
2.0,-58.0,134.0,14:01:14.015316
-86.0,-477.0,1706.0,14:01:14.025828
-4.0,-577.0,1603.0,14:01:14.035197
112.0,-920.0,1092.0,14:01:14.045771
217.0,-384.0,184.0,14:01:14.055197
4.0,-15.0,694.0,14:01:14.064604
-76.0,-478.0,1150.0,14:01:14.075059
-14.0,-180.0,500.0,14:01:14.084331
31.0,-383.0,674.0,14:01:14.094929
-73.0,-668.0,1384.0,14:01:14.104214
52.0,-608.0,1157.0,14:01:14.114765
148.0,-510.0,749.0,14:01:14.124100
105.0,-854.0,1607.0,14:01:14.133594
53.0,-317.0,288.0,14:01:14.153956
124.0,-667.0,1498.0,14:01:14.163595
35.0,-322.0,762.0,14:01:14.172934
21.0,-631.0,689.0,14:01:14.183491
137.0,-551.0,545.0,14:01:14.192865
-89.0,-387.0,751.0,14:01:14.203314
-102.0,-756.0,1650.0,14:01:14.212659
-29.0,-499.0,815.0,14:01:14.223089
99.0,-336.0,332.0,14:01:14.232477
76.0,-456.0,933.0,14:01:14.242912
-86.0,-289.0,922.0,14:01:14.252381
-123.0,-779.0,1828.0,14:01:14.261815
31.0,-628.0,756.0,14:01:14.272394
-58.0,-361.0,195.0,14:01:14.281721
-101.0,-550.0,992.0,14:01:14.291330
-17.0,-721.0,1889.0,14:01:14.301742
66.0,-444.0,1047.0,14:01:14.311166
150.0,-663.0,248.0,14:01:14.321628
90.0,-477.0,482.0,14:01:14.331042
82.0,-196.0,308.0,14:01:14.341585
41.0,-141.0,373.0,14:01:14.351054
-8.0,-687.0,1604.0,14:01:14.360369
147.0,-988.0,1447.0,14:01:14.370933
-26.0,-449.0,481.0,14:01:14.380236
0.0,-506.0,1089.0,14:01:14.390714
-123.0,-673.0,1427.0,14:01:14.400083
-29.0,-205.0,10.0,14:01:14.410619
144.0,-738.0,639.0,14:01:14.420015
-110.0,-460.0,1385.0,14:01:14.429403
53.0,-621.0,876.0,14:01:14.439867
1.0,-762.0,663.0,14:01:14.449373
-10.0,-632.0,729.0,14:01:14.459779
159.0,-431.0,928.0,14:01:14.469149
-134.0,-520.0,1643.0,14:01:14.479608
28.0,-746.0,1363.0,14:01:14.489116
124.0,-482.0,167.0,14:01:14.498372
49.0,-479.0,1077.0,14:01:14.508950
-62.0,-656.0,1043.0,14:01:14.518199
33.0,-346.0,591.0,14:01:14.528750
20.0,-356.0,762.0,14:01:14.538005
-11.0,-497.0,1054.0,14:01:14.555065
-17.0,-128.0,708.0,14:01:14.558844
-24.0,-573.0,1499.0,14:01:14.568216
84.0,-753.0,1126.0,14:01:14.577731
270.0,-534.0,633.0,14:01:14.587143
100.0,-600.0,1164.0,14:01:14.597751
48.0,-366.0,477.0,14:01:14.607044
72.0,-285.0,752.0,14:01:14.617704
-68.0,27.0,698.0,14:01:14.626957
225.0,-766.0,1593.0,14:01:14.636298
177.0,-824.0,1574.0,14:01:14.646950
75.0,-248.0,609.0,14:01:14.656320
196.0,-848.0,998.0,14:01:14.666866
312.0,-261.0,393.0,14:01:14.676265
243.0,-459.0,1267.0,14:01:14.685531
129.0,-559.0,747.0,14:01:14.696242
-26.0,-306.0,60.0,14:01:14.705541
-133.0,-1.0,548.0,14:01:14.716131
-338.0,-328.0,1607.0,14:01:14.725506
151.0,-556.0,1330.0,14:01:14.735026
346.0,-1191.0,1356.0,14:01:14.745458
231.0,-761.0,536.0,14:01:14.754847
172.0,-609.0,1460.0,14:01:14.765285
284.0,-562.0,1007.0,14:01:14.774873
133.0,-65.0,-71.0,14:01:14.784147
33.0,-454.0,545.0,14:01:14.794809
-221.0,-420.0,946.0,14:01:14.804188
-29.0,-455.0,826.0,14:01:14.813716
-2.0,-222.0,625.0,14:01:14.824207
-134.0,-507.0,1585.0,14:01:14.833738
-142.0,-883.0,2025.0,14:01:14.844191
270.0,-687.0,328.0,14:01:14.853690
83.0,-448.0,570.0,14:01:14.863073
112.0,-414.0,645.0,14:01:14.873690
132.0,-118.0,860.0,14:01:14.883009
114.0,-691.0,1787.0,14:01:14.893768
-24.0,-966.0,1043.0,14:01:14.903051
-4.0,-829.0,377.0,14:01:14.912581
-273.0,-75.0,842.0,14:01:14.923068
-135.0,-270.0,1253.0,14:01:14.932547
-103.0,-800.0,1092.0,14:01:14.942937
270.0,-877.0,505.0,14:01:14.957960
180.0,-163.0,-99.0,14:01:14.962191
-299.0,-445.0,1429.0,14:01:14.971574
-58.0,-673.0,1761.0,14:01:14.982177
17.0,-564.0,847.0,14:01:14.991456
84.0,-576.0,1300.0,14:01:15.001970
11.0,-454.0,691.0,14:01:15.011318
-47.0,-521.0,990.0,14:01:15.021831
169.0,-436.0,476.0,14:01:15.031310
261.0,-219.0,256.0,14:01:15.040735
35.0,-292.0,923.0,14:01:15.051240
-17.0,-1282.0,2018.0,14:01:15.060655
198.0,-343.0,-60.0,14:01:15.071106
38.0,-271.0,431.0,14:01:15.080486
42.0,-674.0,1523.0,14:01:15.089756
95.0,-568.0,1010.0,14:01:15.100347
143.0,35.0,-12.0,14:01:15.109714
20.0,-433.0,1103.0,14:01:15.120292
75.0,-621.0,1774.0,14:01:15.129644
-173.0,-796.0,1404.0,14:01:15.139103
163.0,-214.0,-23.0,14:01:15.149644
83.0,-824.0,710.0,14:01:15.159094
1.0,-851.0,1181.0,14:01:15.169522
250.0,-268.0,280.0,14:01:15.178994
216.0,-826.0,1276.0,14:01:15.188373
11.0,-853.0,1350.0,14:01:15.198992
97.0,-414.0,537.0,14:01:15.208285
-45.0,-572.0,947.0,14:01:15.218980
147.0,-924.0,1053.0,14:01:15.228371
162.0,-814.0,476.0,14:01:15.237897
-41.0,-354.0,960.0,14:01:15.248337
15.0,-456.0,1229.0,14:01:15.257875
14.0,-401.0,1161.0,14:01:15.267225
-106.0,-283.0,642.0,14:01:15.277782
121.0,-466.0,562.0,14:01:15.287233
-164.0,-597.0,1319.0,14:01:15.297810
34.0,-617.0,1438.0,14:01:15.307139
-105.0,-532.0,643.0,14:01:15.316507
125.0,-818.0,906.0,14:01:15.327018
169.0,-430.0,697.0,14:01:15.336487
-38.0,-102.0,561.0,14:01:15.347030
-181.0,-407.0,1952.0,14:01:15.356429
4.0,-862.0,1365.0,14:01:15.365796
-61.0,-648.0,72.0,14:01:15.376291
165.0,-413.0,18.0,14:01:15.385856
-263.0,-460.0,1239.0,14:01:15.396399
-99.0,-117.0,749.0,14:01:15.405743
7.0,-651.0,1374.0,14:01:15.415146
158.0,-1094.0,1441.0,14:01:15.425560
164.0,-491.0,-145.0,14:01:15.434924
-69.0,-370.0,463.0,14:01:15.445409
-171.0,-399.0,1073.0,14:01:15.454859
51.0,-459.0,932.0,14:01:15.465285
146.0,-476.0,1024.0,14:01:15.474806
1.0,-552.0,1056.0,14:01:15.484113
143.0,-692.0,1648.0,14:01:15.494749
-125.0,-432.0,762.0,14:01:15.504005
-39.0,-476.0,642.0,14:01:15.514769
177.0,-698.0,797.0,14:01:15.524128
51.0,-124.0,729.0,14:01:15.533650
-119.0,-201.0,1190.0,14:01:15.544278
-16.0,-598.0,1500.0,14:01:15.553671
100.0,-836.0,1102.0,14:01:15.563096
384.0,-192.0,56.0,14:01:15.573731
129.0,-757.0,2047.0,14:01:15.583012
-60.0,-627.0,753.0,14:01:15.592478
174.0,204.0,-422.0,14:01:15.602923
38.0,-357.0,1188.0,14:01:15.612517
51.0,-551.0,963.0,14:01:15.622964
47.0,-143.0,259.0,14:01:15.632436
-76.0,-529.0,1320.0,14:01:15.642864
164.0,-779.0,1574.0,14:01:15.652271
118.0,-571.0,660.0,14:01:15.661564
129.0,-730.0,1454.0,14:01:15.672085
127.0,-838.0,1666.0,14:01:15.681404
171.0,-369.0,-134.0,14:01:15.691970
262.0,-351.0,59.0,14:01:15.701402
79.0,-189.0,1150.0,14:01:15.710756
-119.0,-307.0,1460.0,14:01:15.721380
230.0,-658.0,603.0,14:01:15.730787
100.0,-1125.0,1128.0,14:01:15.741277
317.0,-213.0,244.0,14:01:15.750541
133.0,-950.0,1842.0,14:01:15.761814
296.0,-523.0,780.0,14:01:15.770181
362.0,-339.0,464.0,14:01:15.780768
-17.0,-677.0,1198.0,14:01:15.790162
73.0,-486.0,299.0,14:01:15.799505
20.0,-689.0,989.0,14:01:15.809950
-16.0,-255.0,593.0,14:01:15.819358
-69.0,-462.0,905.0,14:01:15.829782
-125.0,-493.0,1025.0,14:01:15.839259
-153.0,-241.0,940.0,14:01:15.849691
47.0,-972.0,1914.0,14:01:15.859202
-28.0,-769.0,1113.0,14:01:15.868524
118.0,-1040.0,1246.0,14:01:15.879105
82.0,-621.0,289.0,14:01:15.888406
134.0,-13.0,-359.0,14:01:15.899026
-165.0,-377.0,1094.0,14:01:15.908444
-173.0,-476.0,1788.0,14:01:15.919073
-53.0,-492.0,803.0,14:01:15.928372
-117.0,-495.0,597.0,14:01:15.937999
201.0,-745.0,1187.0,14:01:15.948423
-68.0,14.0,662.0,14:01:15.957922
23.0,-343.0,745.0,14:01:15.967318
330.0,-861.0,1489.0,14:01:15.978011
300.0,-570.0,818.0,14:01:15.987425
-14.0,-110.0,37.0,14:01:15.996867
148.0,-923.0,1257.0,14:01:16.007360
228.0,-480.0,988.0,14:01:16.016770
-190.0,-274.0,1502.0,14:01:16.027213
-55.0,-773.0,1170.0,14:01:16.036559
142.0,-782.0,468.0,14:01:16.047059
135.0,-341.0,816.0,14:01:16.056425
185.0,-89.0,948.0,14:01:16.065871
-18.0,-964.0,1641.0,14:01:16.076367
-23.0,-203.0,7.0,14:01:16.085835
-113.0,-716.0,1477.0,14:01:16.095265
-122.0,-627.0,1087.0,14:01:16.105778
51.0,-294.0,445.0,14:01:16.115137
115.0,-1360.0,1830.0,14:01:16.125617
-22.0,-148.0,-307.0,14:01:16.135006
-107.0,100.0,-138.0,14:01:16.145517
-315.0,-882.0,2047.0,14:01:16.161037
-111.0,-783.0,748.0,14:01:16.165616
72.0,-775.0,365.0,14:01:16.174929
-209.0,-304.0,1161.0,14:01:16.184379
-69.0,-957.0,2029.0,14:01:16.194977
248.0,-516.0,493.0,14:01:16.204295
23.0,-412.0,478.0,14:01:16.213686
-19.0,55.0,937.0,14:01:16.224234
-174.0,-331.0,1297.0,14:01:16.233544
123.0,-493.0,784.0,14:01:16.243995
30.0,-572.0,760.0,14:01:16.253325
-5.0,-470.0,1048.0,14:01:16.262917
-90.0,-805.0,1466.0,14:01:16.273419
-170.0,-370.0,680.0,14:01:16.282754
-43.0,-428.0,371.0,14:01:16.293356
-121.0,-33.0,257.0,14:01:16.302714
83.0,-665.0,1652.0,14:01:16.313161
138.0,-1162.0,1731.0,14:01:16.322530
176.0,-237.0,108.0,14:01:16.332961
36.0,-172.0,-61.0,14:01:16.342549
-71.0,-143.0,621.0,14:01:16.351962
317.0,-585.0,1791.0,14:01:16.362447
149.0,-682.0,1713.0,14:01:16.371786
194.0,-534.0,619.0,14:01:16.381318
17.0,-474.0,1019.0,14:01:16.391856
-79.0,-717.0,1092.0,14:01:16.401297
138.0,-533.0,559.0,14:01:16.411820
351.0,-770.0,1207.0,14:01:16.421342
188.0,-628.0,741.0,14:01:16.430637
-53.0,-317.0,132.0,14:01:16.441204
126.0,-458.0,1058.0,14:01:16.450563
-7.0,-116.0,621.0,14:01:16.460051
127.0,-1122.0,1711.0,14:01:16.470611
-115.0,-781.0,1655.0,14:01:16.480009
29.0,-907.0,684.0,14:01:16.490509
23.0,-262.0,2.0,14:01:16.499909
31.0,-419.0,494.0,14:01:16.510318
101.0,28.0,137.0,14:01:16.519793
-143.0,-90.0,1155.0,14:01:16.529135
-113.0,-715.0,1450.0,14:01:16.539644
-67.0,-954.0,1462.0,14:01:16.549113
37.0,-417.0,846.0,14:01:16.559552
-393.0,-430.0,1415.0,14:01:16.569040
-103.0,-426.0,746.0,14:01:16.578510
162.0,-811.0,698.0,14:01:16.589070
350.0,-492.0,573.0,14:01:16.598400
6.0,-103.0,583.0,14:01:16.609072
-64.0,-455.0,1426.0,14:01:16.618470
34.0,-583.0,883.0,14:01:16.628094
220.0,-524.0,442.0,14:01:16.638515
140.0,-707.0,1041.0,14:01:16.647968
-93.0,-348.0,1294.0,14:01:16.657264
238.0,-289.0,818.0,14:01:16.667944
117.0,-1078.0,1491.0,14:01:16.677301
286.0,-729.0,719.0,14:01:16.687888
55.0,-448.0,1005.0,14:01:16.697174
15.0,-437.0,776.0,14:01:16.706551
118.0,-508.0,424.0,14:01:16.716971
26.0,-231.0,585.0,14:01:16.726445
-86.0,-384.0,1332.0,14:01:16.736959
20.0,-549.0,985.0,14:01:16.746383
-71.0,-452.0,975.0,14:01:16.756892
102.0,-355.0,1177.0,14:01:16.766307
175.0,-537.0,1000.0,14:01:16.775681
-6.0,-544.0,805.0,14:01:16.786137
109.0,-422.0,948.0,14:01:16.795611
-8.0,-491.0,1122.0,14:01:16.806148
88.0,-518.0,815.0,14:01:16.815469
-22.0,-395.0,1003.0,14:01:16.824869
49.0,-403.0,1071.0,14:01:16.835486
138.0,-632.0,959.0,14:01:16.844823
180.0,-596.0,717.0,14:01:16.855314
-169.0,-488.0,534.0,14:01:16.864712
168.0,-466.0,618.0,14:01:16.874130
238.0,-690.0,1288.0,14:01:16.884774
-109.0,-278.0,604.0,14:01:16.894125
113.0,-571.0,1230.0,14:01:16.904702
2.0,-797.0,1641.0,14:01:16.914111
78.0,-474.0,870.0,14:01:16.923488
258.0,-866.0,1004.0,14:01:16.934078
20.0,-713.0,446.0,14:01:16.943359
15.0,-123.0,5.0,14:01:16.957372
-168.0,-43.0,780.0,14:01:16.965631
-422.0,-710.0,1442.0,14:01:16.972654
-82.0,-447.0,540.0,14:01:16.983193
-213.0,-677.0,1383.0,14:01:16.992531
-170.0,-729.0,1878.0,14:01:17.003073
254.0,-622.0,756.0,14:01:17.012598
168.0,-696.0,926.0,14:01:17.021955
76.0,-16.0,237.0,14:01:17.032518
268.0,333.0,233.0,14:01:17.041880
96.0,-526.0,1583.0,14:01:17.052334
140.0,-1036.0,1900.0,14:01:17.061684
109.0,-815.0,483.0,14:01:17.072107
-116.0,-353.0,531.0,14:01:17.081493
233.0,-707.0,1208.0,14:01:17.091950
250.0,-593.0,1004.0,14:01:17.101306
65.0,-650.0,737.0,14:01:17.111810
162.0,-175.0,76.0,14:01:17.121300
17.0,-672.0,1321.0,14:01:17.130692
-153.0,-696.0,1134.0,14:01:17.141217
52.0,-241.0,174.0,14:01:17.150624
107.0,-778.0,1255.0,14:01:17.159947
-25.0,-767.0,1649.0,14:01:17.170454
253.0,-673.0,476.0,14:01:17.179694
-53.0,-346.0,232.0,14:01:17.190281
2.0,-597.0,1160.0,14:01:17.199641
173.0,-477.0,874.0,14:01:17.210226
-66.0,-299.0,564.0,14:01:17.219628
-63.0,-1241.0,2047.0,14:01:17.229201
193.0,-560.0,750.0,14:01:17.239761
37.0,-637.0,550.0,14:01:17.249128
270.0,-408.0,929.0,14:01:17.259550
-62.0,-155.0,289.0,14:01:17.269082
-74.0,-413.0,457.0,14:01:17.278424
-129.0,-151.0,831.0,14:01:17.289053
-141.0,-1124.0,1562.0,14:01:17.298401
188.0,-251.0,376.0,14:01:17.309013
122.0,-521.0,1276.0,14:01:17.318429
68.0,-652.0,1548.0,14:01:17.327883
89.0,-478.0,582.0,14:01:17.338371
72.0,-662.0,1100.0,14:01:17.347793
17.0,-392.0,848.0,14:01:17.364596
133.0,-293.0,1223.0,14:01:17.369334
91.0,-556.0,898.0,14:01:17.377530
317.0,-898.0,910.0,14:01:17.386939
-24.0,-540.0,880.0,14:01:17.397497
-85.0,-526.0,1189.0,14:01:17.407014
-95.0,-427.0,663.0,14:01:17.416404
23.0,-307.0,366.0,14:01:17.427001
-38.0,-103.0,735.0,14:01:17.436311
-110.0,-478.0,897.0,14:01:17.446775
-130.0,-668.0,1484.0,14:01:17.456038
-18.0,-662.0,1440.0,14:01:17.466606
219.0,-835.0,1498.0,14:01:17.475938
179.0,-624.0,769.0,14:01:17.486388
94.0,-266.0,73.0,14:01:17.495756
148.0,-610.0,1087.0,14:01:17.505108
72.0,-148.0,669.0,14:01:17.515560
-42.0,-141.0,217.0,14:01:17.524927
-44.0,-726.0,826.0,14:01:17.535366
-169.0,-295.0,727.0,14:01:17.544944
-84.0,-584.0,1262.0,14:01:17.555420
116.0,-994.0,1854.0,14:01:17.564811
321.0,-640.0,993.0,14:01:17.574170
24.0,-241.0,649.0,14:01:17.584715
140.0,-692.0,1252.0,14:01:17.594023
-82.0,-347.0,552.0,14:01:17.604621
106.0,-205.0,274.0,14:01:17.614028
-10.0,-616.0,1275.0,14:01:17.623493
32.0,-708.0,1458.0,14:01:17.634054
76.0,-753.0,1370.0,14:01:17.643573
-98.0,-492.0,488.0,14:01:17.652975
51.0,-459.0,543.0,14:01:17.663655
-60.0,-422.0,892.0,14:01:17.672996
16.0,-147.0,403.0,14:01:17.682444
103.0,71.0,146.0,14:01:17.692926
-152.0,-936.0,1800.0,14:01:17.702331
-23.0,-822.0,1565.0,14:01:17.712815
32.0,-523.0,987.0,14:01:17.722252
-45.0,-515.0,924.0,14:01:17.732775
-116.0,-439.0,756.0,14:01:17.742097
-63.0,-314.0,914.0,14:01:17.751504
279.0,-425.0,1256.0,14:01:17.761918
207.0,-793.0,715.0,14:01:17.771489
174.0,-408.0,-168.0,14:01:17.781990
-38.0,-226.0,941.0,14:01:17.791389
80.0,-735.0,1429.0,14:01:17.800748
88.0,-849.0,1307.0,14:01:17.811406
211.0,-221.0,347.0,14:01:17.820674
116.0,-21.0,949.0,14:01:17.831215
-115.0,-960.0,1956.0,14:01:17.840510
412.0,-673.0,308.0,14:01:17.851043
160.0,-740.0,933.0,14:01:17.860292
-17.0,16.0,-255.0,14:01:17.870713
-52.0,-555.0,561.0,14:01:17.880116
113.0,-875.0,1651.0,14:01:17.889472
44.0,-527.0,1203.0,14:01:17.899835
-13.0,-590.0,875.0,14:01:17.909180
-37.0,-676.0,1229.0,14:01:17.919649
-158.0,-617.0,1227.0,14:01:17.929091
343.0,-468.0,519.0,14:01:17.939622
294.0,-628.0,535.0,14:01:17.949073
135.0,-703.0,815.0,14:01:17.959553
-70.0,-78.0,691.0,14:01:17.969027
-190.0,-482.0,1200.0,14:01:17.978343
-100.0,-821.0,1197.0,14:01:17.988851
110.0,-355.0,797.0,14:01:17.998281
16.0,-406.0,913.0,14:01:18.008812
0.0,-939.0,1404.0,14:01:18.018201
159.0,-937.0,1134.0,14:01:18.027576
135.0,-304.0,96.0,14:01:18.038184
341.0,-704.0,1130.0,14:01:18.047570
194.0,-552.0,1464.0,14:01:18.058120
-35.0,-437.0,743.0,14:01:18.067480
-196.0,-195.0,67.0,14:01:18.077029
-113.0,-360.0,-179.0,14:01:18.087584
-142.0,-610.0,1391.0,14:01:18.097120
-379.0,-782.0,2047.0,14:01:18.106421
22.0,-405.0,-307.0,14:01:18.117157
-46.0,-607.0,705.0,14:01:18.126451
-105.0,-761.0,2047.0,14:01:18.137046
4.0,4.0,190.0,14:01:18.146361
50.0,-583.0,710.0,14:01:18.155836
-60.0,-663.0,1807.0,14:01:18.166404
30.0,-238.0,755.0,14:01:18.176111
-180.0,211.0,367.0,14:01:18.185510
215.0,-919.0,1809.0,14:01:18.195905
-53.0,-265.0,488.0,14:01:18.205340
-6.0,-607.0,1124.0,14:01:18.215896
55.0,-575.0,1068.0,14:01:18.225275
129.0,-824.0,742.0,14:01:18.234760
-58.0,-162.0,347.0,14:01:18.245326
-3.0,-229.0,1367.0,14:01:18.254680
64.0,-611.0,1479.0,14:01:18.264225
176.0,-439.0,180.0,14:01:18.274728
48.0,-417.0,691.0,14:01:18.284183
-95.0,-812.0,1638.0,14:01:18.294759
201.0,-517.0,753.0,14:01:18.304163
56.0,-478.0,878.0,14:01:18.313599
183.0,-565.0,756.0,14:01:18.324179
98.0,-501.0,813.0,14:01:18.333557
-162.0,-516.0,1068.0,14:01:18.344014
179.0,-552.0,678.0,14:01:18.353369
67.0,-506.0,797.0,14:01:18.362867
-83.0,-471.0,1123.0,14:01:18.373293
149.0,-686.0,1319.0,14:01:18.382738
-28.0,-533.0,810.0,14:01:18.393259
42.0,-446.0,1073.0,14:01:18.402655
125.0,-666.0,1009.0,14:01:18.413089
20.0,-547.0,258.0,14:01:18.422463
26.0,-503.0,651.0,14:01:18.431844
-10.0,-531.0,993.0,14:01:18.442516
-107.0,-273.0,573.0,14:01:18.451856
-112.0,-877.0,1972.0,14:01:18.461274
124.0,-927.0,1231.0,14:01:18.471852
137.0,-401.0,261.0,14:01:18.481340
225.0,-868.0,1065.0,14:01:18.491908
160.0,99.0,-314.0,14:01:18.501461
-60.0,-57.0,866.0,14:01:18.510851
147.0,-654.0,1826.0,14:01:18.521311
-26.0,-476.0,658.0,14:01:18.530683
58.0,-499.0,548.0,14:01:18.540145
51.0,-661.0,1550.0,14:01:18.550711
32.0,-846.0,1364.0,14:01:18.563378
-39.0,-381.0,328.0,14:01:18.571025
55.0,-594.0,975.0,14:01:18.580361
157.0,-490.0,1039.0,14:01:18.589631
168.0,-497.0,588.0,14:01:18.600247
-115.0,-489.0,901.0,14:01:18.609612
-9.0,-521.0,983.0,14:01:18.619094
135.0,-586.0,943.0,14:01:18.629580
4.0,-614.0,1253.0,14:01:18.639081
50.0,-469.0,906.0,14:01:18.649551
242.0,-367.0,427.0,14:01:18.659072
-133.0,-379.0,549.0,14:01:18.668369
-13.0,-393.0,985.0,14:01:18.679082
-91.0,-655.0,1392.0,14:01:18.688401
35.0,-645.0,951.0,14:01:18.698975
178.0,-452.0,418.0,14:01:18.708343
-218.0,-626.0,1238.0,14:01:18.717901
66.0,-491.0,819.0,14:01:18.728347
152.0,-441.0,729.0,14:01:18.737715
9.0,-221.0,700.0,14:01:18.748207
-11.0,-507.0,1081.0,14:01:18.757604
45.0,-827.0,1568.0,14:01:18.767035
134.0,-807.0,1186.0,14:01:18.777612
109.0,-570.0,717.0,14:01:18.787038
7.0,-539.0,358.0,14:01:18.796405
10.0,-65.0,343.0,14:01:18.807016
-85.0,7.0,1027.0,14:01:18.816274
-259.0,-597.0,1765.0,14:01:18.826915
173.0,-947.0,715.0,14:01:18.836233
-9.0,-681.0,841.0,14:01:18.846702
-45.0,-623.0,1361.0,14:01:18.856044
63.0,-496.0,975.0,14:01:18.865479
56.0,-625.0,767.0,14:01:18.875941
114.0,-466.0,339.0,14:01:18.885426
-59.0,371.0,-35.0,14:01:18.895889
-42.0,-398.0,1508.0,14:01:18.905381
-128.0,-150.0,753.0,14:01:18.914746
225.0,-579.0,1315.0,14:01:18.925290
-20.0,-714.0,1589.0,14:01:18.934677
75.0,-370.0,735.0,14:01:18.945221
160.0,-653.0,953.0,14:01:18.954620
63.0,-220.0,421.0,14:01:18.964071
23.0,51.0,544.0,14:01:18.974512
58.0,-494.0,1602.0,14:01:18.983902
-61.0,-661.0,1560.0,14:01:18.994417
83.0,-335.0,684.0,14:01:19.003778
-13.0,-1300.0,1724.0,14:01:19.014294
93.0,-520.0,499.0,14:01:19.023679
136.0,-495.0,852.0,14:01:19.033057
106.0,-168.0,-125.0,14:01:19.043568
362.0,-82.0,396.0,14:01:19.052941
163.0,-820.0,2047.0,14:01:19.063559
165.0,-626.0,600.0,14:01:19.072933
286.0,-311.0,76.0,14:01:19.082351
-249.0,-414.0,1442.0,14:01:19.092837
176.0,-613.0,1806.0,14:01:19.102218
299.0,-893.0,825.0,14:01:19.112689
189.0,-528.0,829.0,14:01:19.121935
302.0,-749.0,1636.0,14:01:19.132542
290.0,-595.0,526.0,14:01:19.141834
280.0,-45.0,-324.0,14:01:19.152448
94.0,-326.0,943.0,14:01:19.161742
-94.0,-235.0,692.0,14:01:19.171315
-6.0,-454.0,584.0,14:01:19.181794
-272.0,-242.0,1093.0,14:01:19.191222
-76.0,-1143.0,1954.0,14:01:19.201001
-67.0,-607.0,1405.0,14:01:19.210500
337.0,-638.0,692.0,14:01:19.220957
214.0,-725.0,465.0,14:01:19.230315
-45.0,-619.0,943.0,14:01:19.240772
229.0,-771.0,644.0,14:01:19.250248
-38.0,-423.0,419.0,14:01:19.260814
-44.0,-911.0,839.0,14:01:19.270231
-180.0,-428.0,876.0,14:01:19.279546
-294.0,-587.0,1717.0,14:01:19.290198
5.0,-964.0,1238.0,14:01:19.299464
-16.0,-491.0,319.0,14:01:19.309916
18.0,-484.0,576.0,14:01:19.319398
-95.0,-296.0,339.0,14:01:19.329904
101.0,-359.0,1481.0,14:01:19.339335
55.0,-623.0,1782.0,14:01:19.348778
-33.0,-330.0,495.0,14:01:19.359408
-161.0,-450.0,1475.0,14:01:19.369151
115.0,-492.0,963.0,14:01:19.379083
139.0,-544.0,585.0,14:01:19.388456
21.0,-768.0,1185.0,14:01:19.397874
-105.0,19.0,-83.0,14:01:19.408406
141.0,135.0,-27.0,14:01:19.417760
-100.0,-650.0,2047.0,14:01:19.428349
-37.0,-972.0,1835.0,14:01:19.437724
89.0,-631.0,316.0,14:01:19.447210
259.0,-44.0,471.0,14:01:19.457715
34.0,-350.0,1443.0,14:01:19.467094
148.0,-90.0,473.0,14:01:19.477506
327.0,-487.0,612.0,14:01:19.487025
242.0,-610.0,966.0,14:01:19.496417
188.0,-403.0,590.0,14:01:19.507015
18.0,-481.0,1527.0,14:01:19.516375
207.0,-1057.0,1461.0,14:01:19.527056
391.0,-1045.0,674.0,14:01:19.536385
405.0,-344.0,-167.0,14:01:19.545858
-44.0,-234.0,946.0,14:01:19.556349
123.0,-377.0,1602.0,14:01:19.565731
-77.0,-336.0,108.0,14:01:19.576184
-26.0,-546.0,664.0,14:01:19.585468
9.0,-427.0,1877.0,14:01:19.595047
-135.0,-576.0,830.0,14:01:19.605572
13.0,-574.0,605.0,14:01:19.614907
-87.0,-668.0,1292.0,14:01:19.625406
-31.0,-274.0,395.0,14:01:19.634822
-7.0,-405.0,1170.0,14:01:19.645312
-8.0,-691.0,1594.0,14:01:19.654762
38.0,-450.0,508.0,14:01:19.664010
-72.0,-711.0,1396.0,14:01:19.674804
-21.0,-936.0,1631.0,14:01:19.684159
132.0,-776.0,888.0,14:01:19.693559
36.0,-288.0,259.0,14:01:19.704007
-43.0,-390.0,608.0,14:01:19.713485
120.0,-106.0,759.0,14:01:19.723991
-82.0,-210.0,570.0,14:01:19.733432
-279.0,-15.0,8.0,14:01:19.743893
8.0,-744.0,1030.0,14:01:19.753390
-203.0,-958.0,1901.0,14:01:19.770011
140.0,-938.0,1537.0,14:01:19.774038
434.0,-709.0,561.0,14:01:19.782323
-5.0,-482.0,979.0,14:01:19.792825
366.0,-516.0,838.0,14:01:19.802225
43.0,107.0,-150.0,14:01:19.812732
1.0,-457.0,1377.0,14:01:19.822174
302.0,-871.0,1684.0,14:01:19.832566
56.0,-510.0,2.0,14:01:19.842088
74.0,-788.0,909.0,14:01:19.851375
69.0,-645.0,1081.0,14:01:19.861883
-179.0,-736.0,1394.0,14:01:19.871285
-50.0,-719.0,945.0,14:01:19.881818
-84.0,-865.0,754.0,14:01:19.891318
-172.0,-454.0,43.0,14:01:19.900645
7.0,-602.0,583.0,14:01:19.911103
-87.0,-796.0,1201.0,14:01:19.920501
-124.0,-557.0,722.0,14:01:19.930924
-117.0,-789.0,859.0,14:01:19.940270
-455.0,-141.0,1033.0,14:01:19.950783
-76.0,-768.0,1689.0,14:01:19.960226
-19.0,-232.0,185.0,14:01:19.970666
143.0,-872.0,1482.0,14:01:19.980150
51.0,-549.0,1196.0,14:01:19.989484
173.0,-678.0,477.0,14:01:20.000170
-119.0,-35.0,268.0,14:01:20.009468
187.0,-447.0,1571.0,14:01:20.019928
-55.0,-301.0,877.0,14:01:20.029225
6.0,-239.0,632.0,14:01:20.039694
-30.0,-674.0,1350.0,14:01:20.049099
146.0,-513.0,669.0,14:01:20.058434
20.0,-626.0,974.0,14:01:20.069071
-32.0,-315.0,755.0,14:01:20.078512
-48.0,-886.0,1461.0,14:01:20.089075
-92.0,-373.0,578.0,14:01:20.098392
46.0,-666.0,1055.0,14:01:20.107827
-163.0,-546.0,1592.0,14:01:20.118359
124.0,-339.0,1043.0,14:01:20.127932
107.0,-719.0,1074.0,14:01:20.137268
148.0,-781.0,497.0,14:01:20.147843
83.0,29.0,-274.0,14:01:20.157246
131.0,44.0,776.0,14:01:20.167799
85.0,-473.0,1873.0,14:01:20.177136
-202.0,-646.0,1126.0,14:01:20.186588
108.0,-512.0,480.0,14:01:20.197179
291.0,-580.0,1054.0,14:01:20.206516
134.0,-252.0,1701.0,14:01:20.217028
217.0,-511.0,1321.0,14:01:20.226458
234.0,-319.0,280.0,14:01:20.235923
366.0,-406.0,452.0,14:01:20.246380
-27.0,-404.0,1240.0,14:01:20.255867
129.0,-202.0,756.0,14:01:20.266384
-174.0,-501.0,1113.0,14:01:20.275858
34.0,-442.0,558.0,14:01:20.285264
116.0,-480.0,728.0,14:01:20.295785
132.0,-104.0,664.0,14:01:20.305184
160.0,-328.0,1651.0,14:01:20.315751
-57.0,-806.0,2047.0,14:01:20.325147
267.0,-298.0,-250.0,14:01:20.334504
255.0,-964.0,1382.0,14:01:20.345025
105.0,-667.0,1929.0,14:01:20.354426
227.0,-665.0,834.0,14:01:20.364920
316.0,-603.0,217.0,14:01:20.374225
-108.0,-664.0,1242.0,14:01:20.383765
173.0,-440.0,868.0,14:01:20.394225
148.0,-692.0,432.0,14:01:20.403705
185.0,-360.0,-483.0,14:01:20.414169
-220.0,-89.0,403.0,14:01:20.423658
-150.0,-499.0,1971.0,14:01:20.432931
32.0,-1058.0,1588.0,14:01:20.443509
-52.0,-145.0,-41.0,14:01:20.452780
-152.0,-527.0,1679.0,14:01:20.463341
-258.0,-682.0,1265.0,14:01:20.472652
182.0,-610.0,269.0,14:01:20.483302
253.0,32.0,306.0,14:01:20.492636
158.0,-414.0,778.0,14:01:20.503119
-81.0,-409.0,536.0,14:01:20.512511
-127.0,-975.0,1789.0,14:01:20.521887
125.0,-887.0,1426.0,14:01:20.532394
-4.0,-401.0,474.0,14:01:20.541849
-125.0,-721.0,1692.0,14:01:20.551305
51.0,-597.0,667.0,14:01:20.561881
104.0,-787.0,656.0,14:01:20.572007
290.0,-1129.0,1273.0,14:01:20.581406
-93.0,26.0,-117.0,14:01:20.590940
-199.0,11.0,-274.0,14:01:20.601458
-148.0,-1042.0,2047.0,14:01:20.610834
-173.0,-946.0,1823.0,14:01:20.620299
-144.0,-220.0,-524.0,14:01:20.630858
11.0,-651.0,970.0,14:01:20.640179
-189.0,-63.0,997.0,14:01:20.650664
184.0,-591.0,1299.0,14:01:20.659955
272.0,-669.0,793.0,14:01:20.670506
117.0,-676.0,970.0,14:01:20.679881
-130.0,-499.0,1280.0,14:01:20.690338
-104.0,-106.0,637.0,14:01:20.699749
-81.0,-458.0,361.0,14:01:20.709227
203.0,-174.0,64.0,14:01:20.719757
-135.0,-529.0,1545.0,14:01:20.729097
-123.0,-293.0,1311.0,14:01:20.739547
117.0,-825.0,1097.0,14:01:20.749095
3.0,-901.0,1171.0,14:01:20.758435
330.0,-584.0,396.0,14:01:20.769012
43.0,-557.0,851.0,14:01:20.778408
122.0,-646.0,1368.0,14:01:20.789205
107.0,-376.0,835.0,14:01:20.798510
15.0,-588.0,1315.0,14:01:20.807964
-82.0,-768.0,277.0,14:01:20.818373
174.0,-279.0,163.0,14:01:20.827876
-311.0,-666.0,1723.0,14:01:20.837235
-40.0,-472.0,484.0,14:01:20.847868
-58.0,-544.0,911.0,14:01:20.857186
-75.0,-775.0,1215.0,14:01:20.867793
-62.0,-444.0,833.0,14:01:20.877120
133.0,-516.0,1000.0,14:01:20.887572
-25.0,-375.0,995.0,14:01:20.896899
39.0,-301.0,435.0,14:01:20.906335
-222.0,-303.0,1097.0,14:01:20.916816
-57.0,-324.0,1160.0,14:01:20.926277
21.0,-734.0,994.0,14:01:20.936826
3.0,-369.0,598.0,14:01:20.946213
54.0,-501.0,1181.0,14:01:20.955531
14.0,-510.0,919.0,14:01:20.969223
-87.0,-428.0,821.0,14:01:20.976267
207.0,-534.0,1151.0,14:01:20.985662
-10.0,-676.0,880.0,14:01:20.995105
141.0,-642.0,1177.0,14:01:21.005647
112.0,-379.0,1398.0,14:01:21.015008
247.0,-553.0,783.0,14:01:21.025470
30.0,-497.0,475.0,14:01:21.035006
-2.0,-405.0,935.0,14:01:21.044377
-99.0,-725.0,1075.0,14:01:21.054883
-27.0,-591.0,207.0,14:01:21.064279
-55.0,-358.0,580.0,14:01:21.073784
50.0,-262.0,686.0,14:01:21.084271
2.0,-404.0,913.0,14:01:21.093670
59.0,-492.0,1181.0,14:01:21.104140
-91.0,-764.0,1756.0,14:01:21.113685
-102.0,-607.0,916.0,14:01:21.124135
136.0,-501.0,875.0,14:01:21.133582
222.0,-279.0,175.0,14:01:21.142860
123.0,-201.0,828.0,14:01:21.153414
-28.0,-288.0,1440.0,14:01:21.162804
47.0,-887.0,1592.0,14:01:21.173264
138.0,-676.0,661.0,14:01:21.182548
220.0,-633.0,769.0,14:01:21.193092
277.0,-273.0,594.0,14:01:21.202479
230.0,-323.0,751.0,14:01:21.211805
114.0,-583.0,1367.0,14:01:21.222392
226.0,-420.0,777.0,14:01:21.231821
25.0,-832.0,1206.0,14:01:21.242392
157.0,-733.0,739.0,14:01:21.251702
154.0,-257.0,306.0,14:01:21.262123
85.0,-805.0,1319.0,14:01:21.271501
94.0,-61.0,347.0,14:01:21.280823
-98.0,-606.0,1309.0,14:01:21.291390
-10.0,-662.0,1431.0,14:01:21.300807
151.0,-736.0,658.0,14:01:21.311465
20.0,-326.0,288.0,14:01:21.320770
37.0,-276.0,545.0,14:01:21.330227
59.0,-125.0,551.0,14:01:21.340663
-217.0,-390.0,1558.0,14:01:21.349975
122.0,-845.0,1866.0,14:01:21.360557
102.0,-937.0,1087.0,14:01:21.369947
262.0,-288.0,144.0,14:01:21.380502
144.0,-624.0,1261.0,14:01:21.389886
-87.0,-750.0,1411.0,14:01:21.399235
65.0,-443.0,549.0,14:01:21.409739
168.0,-687.0,910.0,14:01:21.419106
41.0,-802.0,934.0,14:01:21.429634
95.0,153.0,-283.0,14:01:21.439095
9.0,-701.0,1691.0,14:01:21.448406
-6.0,-655.0,1673.0,14:01:21.459004
26.0,-234.0,96.0,14:01:21.468422
-58.0,-394.0,1066.0,14:01:21.479075
192.0,-678.0,846.0,14:01:21.488479
263.0,-229.0,488.0,14:01:21.497894
4.0,-415.0,1029.0,14:01:21.508433
-35.0,-239.0,857.0,14:01:21.517861
-38.0,-593.0,1540.0,14:01:21.528343
100.0,-719.0,981.0,14:01:21.537756
69.0,-294.0,350.0,14:01:21.547150
-177.0,-571.0,1154.0,14:01:21.557832
-140.0,-797.0,1560.0,14:01:21.567167
157.0,-702.0,946.0,14:01:21.576515
150.0,-695.0,729.0,14:01:21.587104
-64.0,-163.0,-71.0,14:01:21.596505
-185.0,29.0,321.0,14:01:21.607103
-245.0,-553.0,1606.0,14:01:21.616475
166.0,-922.0,1875.0,14:01:21.625880
48.0,-614.0,1046.0,14:01:21.636370
106.0,-638.0,377.0,14:01:21.645812
-23.0,-470.0,1177.0,14:01:21.656375
-34.0,-359.0,1010.0,14:01:21.665832
207.0,-642.0,626.0,14:01:21.675240
339.0,-630.0,4.0,14:01:21.685843
129.0,-321.0,518.0,14:01:21.695181
-10.0,-292.0,1458.0,14:01:21.705753
-71.0,-620.0,1664.0,14:01:21.715135
-218.0,-367.0,404.0,14:01:21.724445
134.0,-346.0,586.0,14:01:21.734970
-230.0,-1.0,1261.0,14:01:21.744295
-75.0,-554.0,1576.0,14:01:21.754853
189.0,-762.0,999.0,14:01:21.764147
118.0,-806.0,1035.0,14:01:21.775066
6.0,-465.0,568.0,14:01:21.784661
112.0,-500.0,849.0,14:01:21.793951
-93.0,-706.0,914.0,14:01:21.803336
-73.0,-504.0,800.0,14:01:21.813854
47.0,-608.0,1178.0,14:01:21.823179
35.0,-942.0,1144.0,14:01:21.833627
241.0,-479.0,-42.0,14:01:21.843013
-137.0,6.0,180.0,14:01:21.853518
-7.0,-563.0,1648.0,14:01:21.862949
159.0,-865.0,1431.0,14:01:21.872400
91.0,-588.0,354.0,14:01:21.883114
83.0,-469.0,846.0,14:01:21.892492
-73.0,-369.0,1422.0,14:01:21.901894
-108.0,-362.0,726.0,14:01:21.912470
223.0,-689.0,753.0,14:01:21.921896
43.0,-550.0,956.0,14:01:21.932443
-64.0,-506.0,653.0,14:01:21.941850
-28.0,-703.0,630.0,14:01:21.951347
-95.0,-734.0,1068.0,14:01:21.961964
-12.0,-565.0,1136.0,14:01:21.971358
-105.0,-413.0,977.0,14:01:21.981862
-67.0,-585.0,1184.0,14:01:21.991287
40.0,-601.0,825.0,14:01:22.000820
138.0,-379.0,551.0,14:01:22.011319
-27.0,-494.0,1069.0,14:01:22.020649
139.0,-592.0,943.0,14:01:22.030044
120.0,-551.0,549.0,14:01:22.040584
-52.0,-493.0,1036.0,14:01:22.050114
-61.0,-530.0,1387.0,14:01:22.060600
-47.0,-649.0,876.0,14:01:22.069939
156.0,-414.0,421.0,14:01:22.080441
-33.0,-429.0,824.0,14:01:22.089818
25.0,-126.0,687.0,14:01:22.099172
186.0,-464.0,1343.0,14:01:22.109604
48.0,-519.0,1108.0,14:01:22.118976
36.0,-551.0,986.0,14:01:22.129580
215.0,-662.0,638.0,14:01:22.139069
18.0,-489.0,1094.0,14:01:22.148399
139.0,-548.0,1234.0,14:01:22.158959
170.0,-144.0,218.0,14:01:22.175554
29.0,-834.0,1563.0,14:01:22.179444
63.0,-884.0,1567.0,14:01:22.188758
29.0,-536.0,450.0,14:01:22.198173
-54.0,-701.0,835.0,14:01:22.208574
40.0,-208.0,342.0,14:01:22.217954
-228.0,-317.0,1230.0,14:01:22.227240
-3.0,-406.0,1094.0,14:01:22.237871
172.0,-571.0,366.0,14:01:22.247143
-79.0,45.0,-83.0,14:01:22.257853
-60.0,-293.0,1645.0,14:01:22.267184
227.0,-1108.0,2047.0,14:01:22.276560
204.0,-609.0,393.0,14:01:22.287058
198.0,-238.0,-90.0,14:01:22.296544
75.0,-1025.0,2032.0,14:01:22.307097
-10.0,-177.0,560.0,14:01:22.316436
83.0,-433.0,541.0,14:01:22.325840
110.0,-266.0,318.0,14:01:22.336389
130.0,-343.0,548.0,14:01:22.345828
-24.0,-297.0,946.0,14:01:22.356302
-209.0,-306.0,1279.0,14:01:22.365661
156.0,-602.0,877.0,14:01:22.376131
-47.0,-960.0,1440.0,14:01:22.385487
48.0,-439.0,628.0,14:01:22.394843
-33.0,-687.0,1641.0,14:01:22.405330
161.0,-605.0,895.0,14:01:22.414755
102.0,-933.0,877.0,14:01:22.425317
82.0,-58.0,-111.0,14:01:22.434756
128.0,-363.0,1026.0,14:01:22.444140
-131.0,-550.0,1560.0,14:01:22.454659
158.0,-695.0,880.0,14:01:22.464084
29.0,-322.0,249.0,14:01:22.474466
174.0,-1074.0,1982.0,14:01:22.483840
101.0,-418.0,657.0,14:01:22.494395
76.0,-502.0,960.0,14:01:22.503800
155.0,-647.0,796.0,14:01:22.513149
201.0,-283.0,343.0,14:01:22.523732
-112.0,179.0,277.0,14:01:22.533007
45.0,-45.0,750.0,14:01:22.543602
-43.0,-813.0,2039.0,14:01:22.552871
29.0,-1233.0,1719.0,14:01:22.563397
166.0,-598.0,232.0,14:01:22.572713
404.0,-547.0,740.0,14:01:22.583221
241.0,-748.0,1077.0,14:01:22.592565
285.0,-460.0,555.0,14:01:22.602984
101.0,-236.0,257.0,14:01:22.612448
-132.0,-718.0,2034.0,14:01:22.621767
-14.0,-552.0,1161.0,14:01:22.632436
147.0,-400.0,90.0,14:01:22.641752
100.0,-268.0,741.0,14:01:22.651356
211.0,-789.0,1462.0,14:01:22.661754
0.0,-849.0,1110.0,14:01:22.671292
91.0,-621.0,380.0,14:01:22.681766
137.0,-641.0,686.0,14:01:22.691216
87.0,-888.0,1168.0,14:01:22.700575
108.0,-112.0,93.0,14:01:22.711406
-66.0,-11.0,412.0,14:01:22.720670
-120.0,-141.0,711.0,14:01:22.730191
-42.0,-508.0,1584.0,14:01:22.740755
84.0,-961.0,1939.0,14:01:22.750299
42.0,-520.0,1039.0,14:01:22.759635
135.0,-893.0,1487.0,14:01:22.770187
291.0,-835.0,962.0,14:01:22.779503
130.0,-952.0,829.0,14:01:22.790095
51.0,-11.0,-263.0,14:01:22.799518
-122.0,-450.0,1196.0,14:01:22.809019
-216.0,-256.0,1396.0,14:01:22.819472
-132.0,-386.0,367.0,14:01:22.828823
-120.0,-849.0,1269.0,14:01:22.839333
-160.0,-330.0,1358.0,14:01:22.848653
-126.0,-414.0,946.0,14:01:22.859129
104.0,-728.0,297.0,14:01:22.868523
360.0,-851.0,1161.0,14:01:22.877963
129.0,-200.0,552.0,14:01:22.888402
36.0,-319.0,1098.0,14:01:22.897927
-192.0,-611.0,941.0,14:01:22.908373
205.0,-15.0,-510.0,14:01:22.917870
209.0,-875.0,1451.0,14:01:22.927240
162.0,-1014.0,1547.0,14:01:22.937797
58.0,-382.0,974.0,14:01:22.947196
-47.0,-138.0,791.0,14:01:22.957831
-48.0,-217.0,558.0,14:01:22.967181
89.0,-976.0,1244.0,14:01:22.982303
158.0,-312.0,1013.0,14:01:22.987099
40.0,-400.0,1513.0,14:01:22.996504
108.0,-831.0,974.0,14:01:23.007093
-37.0,-685.0,505.0,14:01:23.016452
-146.0,-123.0,710.0,14:01:23.025876
-36.0,-677.0,1155.0,14:01:23.036437
118.0,-872.0,826.0,14:01:23.045913
-4.0,-765.0,259.0,14:01:23.056425
-54.0,-400.0,796.0,14:01:23.065821
-253.0,-454.0,1264.0,14:01:23.075224
-64.0,-439.0,443.0,14:01:23.085771
32.0,-513.0,1407.0,14:01:23.095249
-9.0,-431.0,1885.0,14:01:23.105766
199.0,-421.0,671.0,14:01:23.115097
18.0,-371.0,339.0,14:01:23.124388
-20.0,176.0,176.0,14:01:23.135076
-168.0,109.0,483.0,14:01:23.144472
46.0,-1037.0,2010.0,14:01:23.155000
225.0,-1060.0,1708.0,14:01:23.164295
175.0,-471.0,12.0,14:01:23.173768
-84.0,-303.0,815.0,14:01:23.184204
-373.0,-704.0,1540.0,14:01:23.193643
181.0,-997.0,1218.0,14:01:23.204099
417.0,-504.0,81.0,14:01:23.213552
117.0,-905.0,1216.0,14:01:23.224014
-101.0,-765.0,1410.0,14:01:23.233613
67.0,-219.0,414.0,14:01:23.242968
161.0,-898.0,576.0,14:01:23.253506
-99.0,-150.0,-174.0,14:01:23.262916
-259.0,-399.0,1961.0,14:01:23.272258
-273.0,-1000.0,1674.0,14:01:23.282822
72.0,-497.0,-247.0,14:01:23.292220
-68.0,-143.0,545.0,14:01:23.302830
169.0,-546.0,1514.0,14:01:23.312010
185.0,-674.0,1768.0,14:01:23.322517
40.0,-148.0,353.0,14:01:23.331877
-6.0,-495.0,629.0,14:01:23.341355
54.0,-619.0,1402.0,14:01:23.351947
202.0,-434.0,911.0,14:01:23.361403
45.0,-155.0,113.0,14:01:23.380061
-43.0,-248.0,629.0,14:01:23.382746
-163.0,-821.0,2004.0,14:01:23.391018
154.0,-614.0,907.0,14:01:23.400410
338.0,-1024.0,1262.0,14:01:23.410786
132.0,-97.0,-54.0,14:01:23.420255
101.0,-398.0,1020.0,14:01:23.430677
51.0,-815.0,2047.0,14:01:23.440127
164.0,-414.0,274.0,14:01:23.450637
121.0,-566.0,481.0,14:01:23.460139
-77.0,-700.0,999.0,14:01:23.470565
-140.0,-275.0,213.0,14:01:23.479969
49.0,-63.0,243.0,14:01:23.489266
154.0,-295.0,1107.0,14:01:23.499803
95.0,-898.0,2047.0,14:01:23.509125
367.0,-650.0,1056.0,14:01:23.519601
131.0,-601.0,740.0,14:01:23.529122
104.0,-569.0,1177.0,14:01:23.538501
-6.0,-533.0,982.0,14:01:23.549041
-7.0,-351.0,352.0,14:01:23.558375
-26.0,-190.0,1078.0,14:01:23.569091
-36.0,-532.0,1082.0,14:01:23.578500
-1.0,-655.0,712.0,14:01:23.588006
10.0,-544.0,1092.0,14:01:23.598597
-19.0,-484.0,1426.0,14:01:23.607996
322.0,-586.0,957.0,14:01:23.617297
147.0,-701.0,1025.0,14:01:23.627927
39.0,-626.0,1461.0,14:01:23.637271
162.0,-162.0,72.0,14:01:23.647907
198.0,-572.0,762.0,14:01:23.657151
33.0,-642.0,1374.0,14:01:23.667746
31.0,-118.0,930.0,14:01:23.677112
-169.0,-704.0,1214.0,14:01:23.686629
143.0,-914.0,545.0,14:01:23.697124
55.0,-329.0,201.0,14:01:23.706507
99.0,-397.0,867.0,14:01:23.715910
131.0,-691.0,1697.0,14:01:23.726397
-275.0,-828.0,1159.0,14:01:23.735919
110.0,-462.0,-158.0,14:01:23.746378
97.0,-511.0,1016.0,14:01:23.756094
-156.0,-305.0,964.0,14:01:23.765416
63.0,129.0,239.0,14:01:23.776069
132.0,-436.0,1130.0,14:01:23.785340
-178.0,-790.0,1658.0,14:01:23.794755
182.0,-488.0,609.0,14:01:23.811401
78.0,-878.0,1168.0,14:01:23.816453
22.0,-364.0,1025.0,14:01:23.827480
238.0,-1006.0,1419.0,14:01:23.838654
223.0,-447.0,309.0,14:01:23.845719
172.0,-590.0,753.0,14:01:23.857237
-178.0,57.0,312.0,14:01:23.864090
145.0,-606.0,846.0,14:01:23.874728
-222.0,-726.0,2009.0,14:01:23.884007
171.0,-728.0,1218.0,14:01:23.893404
78.0,-719.0,523.0,14:01:23.903863
109.0,-605.0,965.0,14:01:23.913209
302.0,-461.0,835.0,14:01:23.923614
34.0,-1.0,60.0,14:01:23.933009
-122.0,-493.0,878.0,14:01:23.943608
-37.0,-418.0,1082.0,14:01:23.953092
-156.0,-303.0,558.0,14:01:23.962437
-8.0,-91.0,606.0,14:01:23.973027
20.0,-895.0,1868.0,14:01:23.982527
107.0,-589.0,1290.0,14:01:23.992989
89.0,-784.0,1069.0,14:01:24.002443
100.0,-822.0,1028.0,14:01:24.011816
36.0,-359.0,523.0,14:01:24.022533
251.0,-415.0,475.0,14:01:24.031907
1.0,-1095.0,1448.0,14:01:24.041353
-51.0,-393.0,192.0,14:01:24.051842
-107.0,-644.0,1026.0,14:01:24.061376
11.0,-1078.0,1965.0,14:01:24.071888
167.0,-341.0,-10.0,14:01:24.081352
-172.0,-423.0,568.0,14:01:24.090652
92.0,-619.0,831.0,14:01:24.110523
75.0,-755.0,1397.0,14:01:24.121025
-55.0,-730.0,925.0,14:01:24.130408
-24.0,-379.0,828.0,14:01:24.139828
-110.0,-64.0,887.0,14:01:24.150301
-80.0,-167.0,1078.0,14:01:24.159682
269.0,-703.0,1865.0,14:01:24.170227
-171.0,-532.0,686.0,14:01:24.181983
173.0,-559.0,320.0,14:01:24.189432
-203.0,-539.0,1249.0,14:01:24.199866
-79.0,-273.0,883.0,14:01:24.209258
203.0,-967.0,1289.0,14:01:24.219727
-239.0,35.0,-60.0,14:01:24.229199
39.0,-129.0,587.0,14:01:24.238527
-107.0,-673.0,1300.0,14:01:24.249073
42.0,-532.0,1198.0,14:01:24.258427
258.0,-426.0,749.0,14:01:24.269007
225.0,-951.0,1473.0,14:01:24.278363
78.0,-503.0,929.0,14:01:24.287788
388.0,-474.0,794.0,14:01:24.298266
223.0,-443.0,488.0,14:01:24.307710
66.0,-479.0,630.0,14:01:24.318246
-50.0,-456.0,919.0,14:01:24.327739
31.0,-655.0,1042.0,14:01:24.337057
-2.0,-118.0,559.0,14:01:24.347520
-9.0,-562.0,1417.0,14:01:24.357074
20.0,-868.0,1499.0,14:01:24.367614
192.0,-428.0,610.0,14:01:24.377010
217.0,-490.0,1070.0,14:01:24.386327
10.0,-301.0,718.0,14:01:24.397075
-145.0,-358.0,1146.0,14:01:24.406418
-45.0,-509.0,927.0,14:01:24.415868
-1.0,-538.0,321.0,14:01:24.426523
13.0,-460.0,913.0,14:01:24.435991
-219.0,-313.0,802.0,14:01:24.446538
99.0,-477.0,1251.0,14:01:24.455973
129.0,-778.0,1388.0,14:01:24.465265
154.0,-699.0,307.0,14:01:24.475942
-7.0,-257.0,426.0,14:01:24.485226
1.0,-205.0,880.0,14:01:24.494807
-39.0,-665.0,1966.0,14:01:24.505278
185.0,-603.0,905.0,14:01:24.514767
234.0,-583.0,79.0,14:01:24.525330
-13.0,-325.0,837.0,14:01:24.534743
-108.0,-642.0,1856.0,14:01:24.544123
210.0,-959.0,1127.0,14:01:24.554744
314.0,-912.0,776.0,14:01:24.564101
234.0,-377.0,213.0,14:01:24.577939
3.0,-320.0,600.0,14:01:24.585900
122.0,-529.0,853.0,14:01:24.594170
-17.0,-471.0,742.0,14:01:24.603677
-116.0,-342.0,514.0,14:01:24.613091
-214.0,-276.0,1177.0,14:01:24.623698
-230.0,-362.0,1304.0,14:01:24.633145
-59.0,-1008.0,1449.0,14:01:24.643686
175.0,-847.0,1305.0,14:01:24.653144
143.0,-587.0,1212.0,14:01:24.662501
251.0,-616.0,522.0,14:01:24.673056
228.0,-398.0,112.0,14:01:24.682415
-32.0,-25.0,591.0,14:01:24.691894
-319.0,-635.0,2002.0,14:01:24.702484
-91.0,-758.0,1106.0,14:01:24.711796
70.0,-612.0,410.0,14:01:24.722393
32.0,-48.0,438.0,14:01:24.731797
-59.0,-582.0,1455.0,14:01:24.741204
235.0,-762.0,1127.0,14:01:24.751764
342.0,-197.0,103.0,14:01:24.761132
49.0,-415.0,1263.0,14:01:24.771750
-82.0,-1136.0,2041.0,14:01:24.781101
273.0,-547.0,299.0,14:01:24.791567
126.0,-504.0,464.0,14:01:24.800893
-68.0,-294.0,648.0,14:01:24.810216
-132.0,-298.0,964.0,14:01:24.820822
-14.0,-618.0,682.0,14:01:24.830292
159.0,-577.0,999.0,14:01:24.840817
14.0,-593.0,1169.0,14:01:24.850256
66.0,-685.0,1351.0,14:01:24.859741
57.0,-900.0,1709.0,14:01:24.870349
177.0,-327.0,3.0,14:01:24.879786
218.0,-416.0,409.0,14:01:24.889081
-99.0,-299.0,1160.0,14:01:24.899682
-76.0,179.0,623.0,14:01:24.909038
-152.0,-736.0,1683.0,14:01:24.919606
175.0,-1028.0,1213.0,14:01:24.928976
167.0,-310.0,-28.0,14:01:24.938404
-109.0,-390.0,1130.0,14:01:24.949184
-132.0,-837.0,1911.0,14:01:24.958560
80.0,-190.0,-104.0,14:01:24.967986
101.0,-477.0,386.0,14:01:24.978622
-136.0,-596.0,1850.0,14:01:24.987952
-1.0,-698.0,1673.0,14:01:24.998404
-168.0,-387.0,158.0,14:01:25.007820
61.0,-837.0,651.0,14:01:25.018348
75.0,-257.0,768.0,14:01:25.027841
50.0,329.0,198.0,14:01:25.037188
-133.0,-489.0,1478.0,14:01:25.047747
-38.0,-710.0,1722.0,14:01:25.057053
-28.0,-897.0,1424.0,14:01:25.067598
283.0,-625.0,355.0,14:01:25.077116
69.0,-401.0,621.0,14:01:25.086436
117.0,-658.0,1102.0,14:01:25.097013
80.0,-226.0,411.0,14:01:25.106371
-238.0,-405.0,1077.0,14:01:25.115910
-54.0,-680.0,1261.0,14:01:25.126498
155.0,-750.0,1022.0,14:01:25.135901
145.0,-578.0,709.0,14:01:25.145391
47.0,-576.0,803.0,14:01:25.155865
79.0,-763.0,980.0,14:01:25.165302
35.0,-428.0,594.0,14:01:25.175843
118.0,-485.0,815.0,14:01:25.185226
4.0,-358.0,420.0,14:01:25.195739
-131.0,-499.0,963.0,14:01:25.215262
-26.0,-519.0,364.0,14:01:25.224801
222.0,-611.0,767.0,14:01:25.234178
130.0,-113.0,761.0,14:01:25.244836
-8.0,-449.0,1106.0,14:01:25.254196
18.0,-990.0,1517.0,14:01:25.264772
55.0,-292.0,-5.0,14:01:25.274116
-102.0,-381.0,923.0,14:01:25.283629
67.0,-613.0,1507.0,14:01:25.294175
76.0,-380.0,792.0,14:01:25.303651
48.0,-893.0,923.0,14:01:25.313040
79.0,-618.0,905.0,14:01:25.323609
-107.0,-403.0,910.0,14:01:25.332937
85.0,-444.0,1276.0,14:01:25.343466
34.0,-666.0,1024.0,14:01:25.353620
82.0,-644.0,452.0,14:01:25.363055
-6.0,-404.0,658.0,14:01:25.372504
18.0,-660.0,1104.0,14:01:25.386738
52.0,-664.0,1625.0,14:01:25.392661
78.0,-772.0,1224.0,14:01:25.402129
119.0,-488.0,370.0,14:01:25.412528
131.0,-372.0,694.0,14:01:25.421871
-44.0,-307.0,731.0,14:01:25.431294
87.0,-183.0,651.0,14:01:25.441850
67.0,20.0,89.0,14:01:25.451304
-66.0,-257.0,718.0,14:01:25.461823
-253.0,-671.0,2047.0,14:01:25.471194
39.0,-700.0,1551.0,14:01:25.480596
48.0,-440.0,796.0,14:01:25.491009
228.0,-774.0,1319.0,14:01:25.500335
159.0,-479.0,810.0,14:01:25.510775
102.0,-222.0,-58.0,14:01:25.520216
-52.0,-250.0,680.0,14:01:25.530802
-90.0,-430.0,925.0,14:01:25.540264
-240.0,-356.0,780.0,14:01:25.550671
-124.0,-533.0,904.0,14:01:25.560226
64.0,-872.0,1390.0,14:01:25.569607
67.0,-666.0,1177.0,14:01:25.580207
147.0,-703.0,962.0,14:01:25.589598
268.0,-479.0,578.0,14:01:25.599028
-8.0,-416.0,1110.0,14:01:25.609606
231.0,-619.0,1047.0,14:01:25.619091
52.0,-454.0,435.0,14:01:25.628431
-27.0,-338.0,968.0,14:01:25.639045
-90.0,-454.0,1169.0,14:01:25.648517
120.0,-631.0,1146.0,14:01:25.659117
6.0,-486.0,944.0,14:01:25.668449
112.0,-680.0,1145.0,14:01:25.677958
165.0,-294.0,616.0,14:01:25.688549
42.0,-460.0,1225.0,14:01:25.697999
114.0,-279.0,935.0,14:01:25.707433
-58.0,-526.0,899.0,14:01:25.718046
17.0,-483.0,716.0,14:01:25.727532
39.0,-204.0,855.0,14:01:25.736913
-174.0,-394.0,1636.0,14:01:25.747471
-97.0,-616.0,1189.0,14:01:25.756962
230.0,-534.0,387.0,14:01:25.766472
9.0,-727.0,1097.0,14:01:25.776991
-31.0,-458.0,902.0,14:01:25.786882
228.0,-944.0,1019.0,14:01:25.796559
327.0,-472.0,-15.0,14:01:25.805970
147.0,-523.0,666.0,14:01:25.816541
43.0,-188.0,688.0,14:01:25.825927
-185.0,-740.0,1791.0,14:01:25.836445
14.0,-588.0,1352.0,14:01:25.845906
25.0,-609.0,479.0,14:01:25.855417
91.0,-405.0,89.0,14:01:25.865864
65.0,-303.0,580.0,14:01:25.875243
226.0,-571.0,1531.0,14:01:25.885783
99.0,-994.0,1512.0,14:01:25.895168
-27.0,-643.0,264.0,14:01:25.904554
100.0,-358.0,-50.0,14:01:25.915133
-212.0,6.0,1143.0,14:01:25.924515
-1.0,-559.0,1737.0,14:01:25.935022
-90.0,-805.0,943.0,14:01:25.944358
223.0,-877.0,952.0,14:01:25.954896
-141.0,-111.0,554.0,14:01:25.964179
20.0,-564.0,1503.0,14:01:25.973614
47.0,-804.0,1541.0,14:01:25.984205
180.0,-447.0,351.0,14:01:25.993541
-44.0,-354.0,616.0,14:01:26.004068
-121.0,-483.0,1408.0,14:01:26.013519
91.0,22.0,116.0,14:01:26.022900
-55.0,-331.0,837.0,14:01:26.033323
124.0,-716.0,1533.0,14:01:26.042686
-91.0,-254.0,664.0,14:01:26.053100
26.0,-314.0,635.0,14:01:26.062523
139.0,-754.0,1604.0,14:01:26.072898
-7.0,-771.0,1134.0,14:01:26.082514
153.0,-566.0,613.0,14:01:26.091865
58.0,-927.0,1205.0,14:01:26.102489
27.0,-87.0,-59.0,14:01:26.111886
60.0,-303.0,669.0,14:01:26.121353
-86.0,-868.0,1367.0,14:01:26.131902
-28.0,-402.0,464.0,14:01:26.141412
-10.0,-855.0,1194.0,14:01:26.151961
-55.0,-572.0,873.0,14:01:26.161356
44.0,-730.0,1100.0,14:01:26.170697
66.0,-379.0,847.0,14:01:26.181382
-1.0,-560.0,1242.0,14:01:26.190720
123.0,-326.0,488.0,14:01:26.201320
90.0,-402.0,930.0,14:01:26.210746
-81.0,-730.0,1401.0,14:01:26.220259
-103.0,-468.0,812.0,14:01:26.230688
49.0,-434.0,1190.0,14:01:26.240211
-29.0,-544.0,648.0,14:01:26.250640
33.0,-521.0,942.0,14:01:26.260136
25.0,-430.0,1298.0,14:01:26.269467
-20.0,-335.0,404.0,14:01:26.280111
110.0,-719.0,1053.0,14:01:26.289423
-37.0,-261.0,798.0,14:01:26.298810
3.0,-601.0,1181.0,14:01:26.309218
2.0,-480.0,722.0,14:01:26.318575
-32.0,-529.0,912.0,14:01:26.329068
-120.0,-726.0,1120.0,14:01:26.338605
270.0,-198.0,248.0,14:01:26.349102
-132.0,-698.0,1822.0,14:01:26.358484
164.0,-595.0,467.0,14:01:26.367935
202.0,-539.0,181.0,14:01:26.378582
-108.0,-499.0,1038.0,14:01:26.387942
-97.0,-215.0,923.0,14:01:26.398417
-111.0,-841.0,1768.0,14:01:26.407884
42.0,-609.0,558.0,14:01:26.417267
-30.0,-759.0,1275.0,14:01:26.427800
11.0,-93.0,300.0,14:01:26.437197
-89.0,123.0,506.0,14:01:26.447805
156.0,-772.0,1561.0,14:01:26.457160
-62.0,-456.0,530.0,14:01:26.466487
121.0,-626.0,938.0,14:01:26.477004
15.0,-912.0,1632.0,14:01:26.486374
96.0,-579.0,901.0,14:01:26.497025
121.0,-280.0,300.0,14:01:26.506460
159.0,-558.0,1031.0,14:01:26.515819
208.0,-544.0,1060.0,14:01:26.526360
-38.0,-480.0,1144.0,14:01:26.535847
-65.0,-743.0,1113.0,14:01:26.546328
245.0,-592.0,49.0,14:01:26.555785
25.0,-171.0,287.0,14:01:26.565250
-69.0,-316.0,1537.0,14:01:26.575861
125.0,-614.0,1665.0,14:01:26.587615
14.0,-549.0,383.0,14:01:26.595206
109.0,-748.0,899.0,14:01:26.604568
170.0,-165.0,632.0,14:01:26.615099
61.0,-550.0,1502.0,14:01:26.624422
67.0,-613.0,1099.0,14:01:26.634877
-113.0,-587.0,661.0,14:01:26.644166
105.0,-495.0,404.0,14:01:26.654792
226.0,-683.0,1469.0,14:01:26.664071
-93.0,-437.0,1133.0,14:01:26.673552
-83.0,-671.0,807.0,14:01:26.684024
46.0,-717.0,564.0,14:01:26.693488
142.0,-295.0,172.0,14:01:26.703905
-79.0,96.0,555.0,14:01:26.713305
132.0,-662.0,1497.0,14:01:26.723746
60.0,-693.0,1058.0,14:01:26.733163
126.0,-372.0,712.0,14:01:26.742458
30.0,-732.0,1433.0,14:01:26.753017
104.0,-632.0,1431.0,14:01:26.762458
224.0,-544.0,767.0,14:01:26.772975
-85.0,-97.0,-210.0,14:01:26.782421
183.0,-940.0,1419.0,14:01:26.791770
-108.0,-309.0,673.0,14:01:26.802214
-194.0,-518.0,1403.0,14:01:26.811606
58.0,-859.0,1674.0,14:01:26.822101
162.0,-436.0,83.0,14:01:26.831412
-26.0,-443.0,515.0,14:01:26.841850
-90.0,-434.0,1640.0,14:01:26.851383
162.0,-151.0,1232.0,14:01:26.860766
52.0,-649.0,1403.0,14:01:26.871493
271.0,-698.0,546.0,14:01:26.880922
166.0,171.0,-287.0,14:01:26.890325
58.0,-322.0,1392.0,14:01:26.900774
18.0,-591.0,1459.0,14:01:26.910218
-33.0,-204.0,384.0,14:01:26.920713
-55.0,-639.0,1111.0,14:01:26.930270
119.0,-643.0,899.0,14:01:26.940775
140.0,-103.0,636.0,14:01:26.950147
130.0,-501.0,1578.0,14:01:26.959500
229.0,-355.0,541.0,14:01:26.970159
210.0,-529.0,971.0,14:01:26.979615
158.0,-764.0,1309.0,14:01:26.990237
257.0,-207.0,599.0,14:01:26.999808
-1.0,-550.0,1628.0,14:01:27.009315
136.0,-690.0,905.0,14:01:27.018698
315.0,-219.0,-195.0,14:01:27.029241
39.0,-366.0,979.0,14:01:27.038586
-31.0,-512.0,1166.0,14:01:27.049142
59.0,-467.0,969.0,14:01:27.058520
144.0,-743.0,975.0,14:01:27.067941
151.0,-507.0,446.0,14:01:27.078458
-59.0,-550.0,1460.0,14:01:27.087937
9.0,-344.0,1347.0,14:01:27.097316
74.0,-553.0,764.0,14:01:27.107956
275.0,-438.0,62.0,14:01:27.117283
27.0,-152.0,440.0,14:01:27.127947
28.0,-454.0,1315.0,14:01:27.137237
75.0,-850.0,1434.0,14:01:27.146655
111.0,-514.0,838.0,14:01:27.157153
-116.0,-724.0,1651.0,14:01:27.166556
54.0,-730.0,1332.0,14:01:27.177084
250.0,-789.0,482.0,14:01:27.186455
325.0,-567.0,606.0,14:01:27.196944
106.0,-142.0,282.0,14:01:27.206375
-30.0,-450.0,893.0,14:01:27.215744
-68.0,-655.0,1345.0,14:01:27.226355
-95.0,-646.0,1004.0,14:01:27.235777
-104.0,-716.0,214.0,14:01:27.245212
-115.0,-618.0,1177.0,14:01:27.255826
-83.0,-433.0,973.0,14:01:27.265245
117.0,-419.0,802.0,14:01:27.275780
72.0,-919.0,1819.0,14:01:27.285142
124.0,-354.0,99.0,14:01:27.295572
-16.0,-179.0,-91.0,14:01:27.304972
-156.0,-547.0,989.0,14:01:27.314296
-122.0,-351.0,1078.0,14:01:27.324834
85.0,-1016.0,1936.0,14:01:27.334124
54.0,-518.0,1033.0,14:01:27.344647
-39.0,-481.0,283.0,14:01:27.353966
-147.0,-444.0,755.0,14:01:27.364600
26.0,-51.0,702.0,14:01:27.373923
200.0,-583.0,924.0,14:01:27.383341
55.0,-1197.0,1326.0,14:01:27.393841
230.0,-405.0,825.0,14:01:27.403358
-155.0,-294.0,1157.0,14:01:27.413861
43.0,-439.0,831.0,14:01:27.423209
188.0,-1139.0,1386.0,14:01:27.433735
118.0,-122.0,273.0,14:01:27.443215
-73.0,-318.0,1126.0,14:01:27.452528
189.0,-661.0,799.0,14:01:27.463154
14.0,-792.0,1145.0,14:01:27.472513
193.0,-637.0,675.0,14:01:27.481882
180.0,-270.0,410.0,14:01:27.492413
-224.0,-723.0,1658.0,14:01:27.501782
74.0,-330.0,1251.0,14:01:27.512439
163.0,-235.0,498.0,14:01:27.521811
18.0,-639.0,798.0,14:01:27.531280
-30.0,-394.0,590.0,14:01:27.541793
57.0,-11.0,355.0,14:01:27.551240
-82.0,-309.0,1661.0,14:01:27.561715
-15.0,-1209.0,2047.0,14:01:27.571065
99.0,-583.0,194.0,14:01:27.581487
117.0,-686.0,309.0,14:01:27.590923
66.0,-190.0,415.0,14:01:27.600254
32.0,23.0,799.0,14:01:27.610696
-140.0,-585.0,1884.0,14:01:27.620081
59.0,-760.0,564.0,14:01:27.630649
148.0,-561.0,752.0,14:01:27.640100
52.0,-539.0,1247.0,14:01:27.649506
-41.0,-471.0,1020.0,14:01:27.659920
197.0,-781.0,621.0,14:01:27.669384
140.0,-387.0,384.0,14:01:27.679822
-10.0,-488.0,1467.0,14:01:27.689167
90.0,-594.0,1451.0,14:01:27.699626
-47.0,-592.0,541.0,14:01:27.709085
96.0,-333.0,33.0,14:01:27.718497
75.0,-831.0,1266.0,14:01:27.729122
-266.0,-495.0,1649.0,14:01:27.738423
-53.0,-335.0,1126.0,14:01:27.749056
54.0,-728.0,1132.0,14:01:27.758340
117.0,-495.0,-229.0,14:01:27.768937
127.0,-306.0,702.0,14:01:27.778307
-188.0,208.0,1288.0,14:01:27.792143
58.0,-243.0,1355.0,14:01:27.798249
284.0,-1165.0,1467.0,14:01:27.807534
136.0,-603.0,186.0,14:01:27.818146
-69.0,-170.0,1444.0,14:01:27.827409
146.0,-431.0,932.0,14:01:27.837015
275.0,-457.0,77.0,14:01:27.847567
76.0,-511.0,1409.0,14:01:27.857126
-132.0,-267.0,870.0,14:01:27.866401
32.0,-294.0,270.0,14:01:27.877007
-89.0,-1202.0,1495.0,14:01:27.886340
154.0,-764.0,908.0,14:01:27.897008
123.0,-236.0,68.0,14:01:27.906342
93.0,-606.0,1209.0,14:01:27.916043
-86.0,-496.0,1310.0,14:01:27.926525
-158.0,-417.0,662.0,14:01:27.935952
284.0,-754.0,714.0,14:01:27.945267
54.0,-983.0,1194.0,14:01:27.955827
-62.0,-392.0,870.0,14:01:27.965126
44.0,-389.0,704.0,14:01:27.975574
54.0,-730.0,1078.0,14:01:27.984921
-4.0,-389.0,729.0,14:01:27.995373
-41.0,-127.0,439.0,14:01:28.004783
-12.0,-503.0,1228.0,14:01:28.015296
96.0,-689.0,1145.0,14:01:28.024848
22.0,-195.0,407.0,14:01:28.034147
94.0,-501.0,1439.0,14:01:28.044693
173.0,-675.0,1332.0,14:01:28.053988
29.0,-426.0,489.0,14:01:28.064504
123.0,-664.0,911.0,14:01:28.073787
126.0,-491.0,1255.0,14:01:28.084272
57.0,-234.0,969.0,14:01:28.093552
68.0,-694.0,1245.0,14:01:28.102955
24.0,-219.0,82.0,14:01:28.113608
-35.0,-523.0,622.0,14:01:28.122922
151.0,-446.0,938.0,14:01:28.133518
153.0,-111.0,542.0,14:01:28.142902
-109.0,-925.0,1459.0,14:01:28.153325
176.0,-306.0,998.0,14:01:28.162703
35.0,-369.0,961.0,14:01:28.172059
22.0,-641.0,944.0,14:01:28.182598
231.0,-638.0,1061.0,14:01:28.197584
6.0,-407.0,861.0,14:01:28.202458
90.0,-461.0,960.0,14:01:28.211761
124.0,-725.0,984.0,14:01:28.222186
-77.0,-467.0,761.0,14:01:28.231585
71.0,-568.0,1500.0,14:01:28.242200
-104.0,-510.0,468.0,14:01:28.251589
58.0,-600.0,748.0,14:01:28.260884
17.0,-343.0,837.0,14:01:28.271576
42.0,169.0,171.0,14:01:28.280845
-45.0,-563.0,1594.0,14:01:28.291419
24.0,-729.0,1057.0,14:01:28.300742
-66.0,-528.0,1094.0,14:01:28.310211
24.0,-584.0,1278.0,14:01:28.320766
112.0,-320.0,610.0,14:01:28.330202
-25.0,-416.0,801.0,14:01:28.339588
154.0,-490.0,759.0,14:01:28.350212
15.0,-361.0,710.0,14:01:28.359515
40.0,-571.0,1406.0,14:01:28.370157
185.0,-988.0,2008.0,14:01:28.379547
221.0,-600.0,555.0,14:01:28.389045
120.0,-843.0,972.0,14:01:28.399556
207.0,-529.0,753.0,14:01:28.408970
-65.0,-9.0,597.0,14:01:28.419538
-22.0,-464.0,721.0,14:01:28.428968
-50.0,-42.0,-195.0,14:01:28.438298
-452.0,-782.0,1664.0,14:01:28.448751
51.0,-638.0,1894.0,14:01:28.458100
-117.0,-1117.0,1387.0,14:01:28.468652
-5.0,-537.0,299.0,14:01:28.478019
203.0,-534.0,899.0,14:01:28.488439
-52.0,-293.0,271.0,14:01:28.498013
332.0,-407.0,1079.0,14:01:28.507370
99.0,-997.0,2047.0,14:01:28.517866
-15.0,-636.0,300.0,14:01:28.527183
338.0,-738.0,591.0,14:01:28.537719
-262.0,-616.0,1355.0,14:01:28.547143
-171.0,-102.0,405.0,14:01:28.556525
90.0,-274.0,54.0,14:01:28.567100
-37.0,-529.0,873.0,14:01:28.576488
128.0,-938.0,1652.0,14:01:28.587047
19.0,-748.0,1342.0,14:01:28.596508
-105.0,-679.0,1581.0,14:01:28.605922
3.0,-724.0,632.0,14:01:28.616422
-95.0,-622.0,554.0,14:01:28.625861
71.0,-496.0,621.0,14:01:28.636365
262.0,-327.0,380.0,14:01:28.645862
-97.0,-137.0,267.0,14:01:28.655231
-91.0,-409.0,739.0,14:01:28.665845
-133.0,-609.0,1318.0,14:01:28.675259
-90.0,-878.0,1607.0,14:01:28.684673
85.0,-725.0,1350.0,14:01:28.695258
74.0,-397.0,265.0,14:01:28.704728
-134.0,-290.0,669.0,14:01:28.715289
21.0,-937.0,1954.0,14:01:28.724712
337.0,-106.0,383.0,14:01:28.734102
38.0,-449.0,1007.0,14:01:28.744648
-116.0,-500.0,1080.0,14:01:28.754040
-96.0,-813.0,786.0,14:01:28.764584
-98.0,-271.0,546.0,14:01:28.773973
8.0,-683.0,1358.0,14:01:28.783304
135.0,-488.0,511.0,14:01:28.793751
-96.0,-331.0,1008.0,14:01:28.803015
77.0,-641.0,1296.0,14:01:28.813638
302.0,-429.0,518.0,14:01:28.823051
86.0,-434.0,741.0,14:01:28.832514
19.0,-686.0,923.0,14:01:28.842931
125.0,-530.0,984.0,14:01:28.852448
-192.0,-39.0,797.0,14:01:28.862935
-106.0,-821.0,1580.0,14:01:28.872527
-94.0,-337.0,361.0,14:01:28.881881
15.0,-361.0,748.0,14:01:28.892519
-15.0,-867.0,1595.0,14:01:28.901864
197.0,-686.0,631.0,14:01:28.912458
-66.0,-253.0,-1.0,14:01:28.921796
50.0,-306.0,1378.0,14:01:28.931280
19.0,-351.0,1366.0,14:01:28.941709
-60.0,-600.0,1091.0,14:01:28.951089
161.0,-221.0,191.0,14:01:28.961521
-151.0,-360.0,989.0,14:01:28.970905
-59.0,-535.0,1289.0,14:01:28.981466
213.0,-487.0,895.0,14:01:28.995779
103.0,-836.0,1157.0,14:01:29.001011
348.0,-801.0,535.0,14:01:29.010349
176.0,-307.0,366.0,14:01:29.020923
-75.0,-75.0,696.0,14:01:29.030246
35.0,-339.0,1587.0,14:01:29.039670
41.0,-769.0,1364.0,14:01:29.050176
95.0,-371.0,769.0,14:01:29.069850
75.0,-372.0,1038.0,14:01:29.079218
83.0,-37.0,451.0,14:01:29.089654
9.0,-334.0,956.0,14:01:29.099147
132.0,-1045.0,1941.0,14:01:29.109576
142.0,-455.0,616.0,14:01:29.119103
-92.0,-806.0,1271.0,14:01:29.128482
16.0,-661.0,595.0,14:01:29.139171
209.0,-257.0,570.0,14:01:29.148512
-45.0,-391.0,802.0,14:01:29.157983
2.0,-470.0,1144.0,14:01:29.168502
-113.0,-381.0,963.0,14:01:29.177967
-127.0,-608.0,654.0,14:01:29.188412
212.0,-693.0,1201.0,14:01:29.197845
9.0,-745.0,1619.0,14:01:29.207167
191.0,-675.0,711.0,14:01:29.217783
272.0,-452.0,455.0,14:01:29.227114
241.0,-309.0,178.0,14:01:29.237727
-25.0,-120.0,1034.0,14:01:29.247024
135.0,-530.0,1411.0,14:01:29.256440
-30.0,-723.0,836.0,14:01:29.266993
-50.0,-437.0,932.0,14:01:29.276478
141.0,-395.0,853.0,14:01:29.287017
167.0,-564.0,827.0,14:01:29.296439
275.0,-452.0,808.0,14:01:29.305777
39.0,-437.0,623.0,14:01:29.316304
273.0,-393.0,860.0,14:01:29.325588
116.0,-689.0,1557.0,14:01:29.336147
7.0,-616.0,1261.0,14:01:29.345476
19.0,-931.0,1080.0,14:01:29.356049
156.0,-615.0,401.0,14:01:29.365315
106.0,-449.0,369.0,14:01:29.374866
215.0,-224.0,381.0,14:01:29.385221
-129.0,-471.0,1173.0,14:01:29.400678
-49.0,-610.0,1341.0,14:01:29.404380
82.0,-385.0,237.0,14:01:29.414765
-86.0,-673.0,1295.0,14:01:29.424154
83.0,-639.0,1282.0,14:01:29.434687
196.0,-394.0,-2.0,14:01:29.444063
-101.0,-762.0,1730.0,14:01:29.454636
-122.0,-580.0,1528.0,14:01:29.464096
250.0,-702.0,868.0,14:01:29.473527
-121.0,-639.0,610.0,14:01:29.484086
58.0,-106.0,58.0,14:01:29.493575
-86.0,-515.0,1400.0,14:01:29.502977
-52.0,-306.0,1134.0,14:01:29.513488
184.0,-706.0,736.0,14:01:29.522957
-35.0,-638.0,454.0,14:01:29.533480
-59.0,-312.0,999.0,14:01:29.542967
-156.0,-516.0,1703.0,14:01:29.552426
56.0,-353.0,602.0,14:01:29.563029
68.0,-697.0,1177.0,14:01:29.572470
48.0,-336.0,179.0,14:01:29.581862
-60.0,-603.0,1448.0,14:01:29.592428
95.0,-602.0,1020.0,14:01:29.601802
97.0,-62.0,219.0,14:01:29.612329
-300.0,-873.0,1708.0,14:01:29.621795
-30.0,-553.0,670.0,14:01:29.631163
111.0,-617.0,472.0,14:01:29.641710
-145.0,-747.0,1481.0,14:01:29.651058
281.0,-599.0,1274.0,14:01:29.661566
64.0,-684.0,752.0,14:01:29.670866
137.0,-583.0,1036.0,14:01:29.681321
-62.0,-522.0,1425.0,14:01:29.690670
-79.0,121.0,-229.0,14:01:29.700146
164.0,-417.0,1454.0,14:01:29.710589
-214.0,-410.0,830.0,14:01:29.719892
-17.0,-369.0,314.0,14:01:29.730387
153.0,-370.0,995.0,14:01:29.739772
-21.0,-675.0,1522.0,14:01:29.750273
287.0,-730.0,894.0,14:01:29.759680
108.0,-401.0,1166.0,14:01:29.769059
-61.0,-558.0,1064.0,14:01:29.779600
166.0,-582.0,506.0,14:01:29.789015
126.0,-669.0,754.0,14:01:29.799495
6.0,-235.0,809.0,14:01:29.808795
48.0,-449.0,1244.0,14:01:29.819302
-50.0,-752.0,1381.0,14:01:29.828594
78.0,-475.0,268.0,14:01:29.839074
83.0,-451.0,563.0,14:01:29.848366
-40.0,-587.0,1319.0,14:01:29.857931
-111.0,-95.0,719.0,14:01:29.868474
202.0,-988.0,1566.0,14:01:29.877876
150.0,-927.0,1014.0,14:01:29.888399
176.0,-617.0,519.0,14:01:29.897809
31.0,-540.0,1048.0,14:01:29.907244
-25.0,-508.0,1081.0,14:01:29.917831
68.0,-196.0,455.0,14:01:29.927218
-16.0,-576.0,589.0,14:01:29.937763
6.0,-549.0,1166.0,14:01:29.947101
0.0,-551.0,968.0,14:01:29.956543
-35.0,-624.0,855.0,14:01:29.967104
66.0,-600.0,1298.0,14:01:29.976453
16.0,-575.0,903.0,14:01:29.985900
27.0,-472.0,379.0,14:01:29.996334
47.0,-436.0,1128.0,14:01:30.005790
10.0,-433.0,1105.0,14:01:30.016276
-79.0,-527.0,909.0,14:01:30.025623
142.0,-457.0,710.0,14:01:30.036090
-47.0,-485.0,860.0,14:01:30.045453
-72.0,-617.0,914.0,14:01:30.055930
67.0,-557.0,1057.0,14:01:30.065289
-33.0,-412.0,388.0,14:01:30.074744
113.0,-453.0,661.0,14:01:30.085259
-6.0,-494.0,1177.0,14:01:30.094728
21.0,-468.0,819.0,14:01:30.105192
80.0,-360.0,927.0,14:01:30.114755
-21.0,-390.0,839.0,14:01:30.124205
-37.0,-474.0,792.0,14:01:30.134762
33.0,-511.0,1101.0,14:01:30.144096
39.0,-560.0,915.0,14:01:30.154627
42.0,-473.0,720.0,14:01:30.164083
58.0,-401.0,1134.0,14:01:30.173513
-28.0,-619.0,1234.0,14:01:30.183980
227.0,-915.0,1152.0,14:01:30.198147
146.0,-666.0,824.0,14:01:30.203580
39.0,-487.0,757.0,14:01:30.212969
40.0,-495.0,1035.0,14:01:30.223565
-56.0,-576.0,1148.0,14:01:30.232915
-62.0,-346.0,773.0,14:01:30.242346
-26.0,-394.0,869.0,14:01:30.253019
-60.0,-466.0,1197.0,14:01:30.262420
69.0,-425.0,780.0,14:01:30.272940
57.0,-358.0,879.0,14:01:30.282401
46.0,-606.0,1138.0,14:01:30.291877
117.0,-382.0,842.0,14:01:30.302393
45.0,-415.0,946.0,14:01:30.311686
-39.0,-377.0,773.0,14:01:30.322218
-27.0,-306.0,659.0,14:01:30.331641
-14.0,-489.0,805.0,14:01:30.341032
39.0,-580.0,980.0,14:01:30.351606
94.0,-524.0,932.0,14:01:30.360881
-41.0,-587.0,819.0,14:01:30.371494
94.0,-656.0,1036.0,14:01:30.380846
-9.0,-589.0,1012.0,14:01:30.390216
21.0,-639.0,744.0,14:01:30.400807
109.0,-497.0,788.0,14:01:30.410274
113.0,-556.0,1062.0,14:01:30.420764
10.0,-505.0,897.0,14:01:30.430212
38.0,-448.0,689.0,14:01:30.439497
39.0,-551.0,899.0,14:01:30.450217
19.0,-574.0,1067.0,14:01:30.459503
80.0,-521.0,830.0,14:01:30.470107
-22.0,-535.0,811.0,14:01:30.479465
78.0,-623.0,936.0,14:01:30.488991
36.0,-355.0,833.0,14:01:30.499511
-4.0,-491.0,943.0,14:01:30.508958
96.0,-492.0,983.0,14:01:30.518349
-60.0,-399.0,910.0,14:01:30.529045
19.0,-430.0,1010.0,14:01:30.538361
7.0,-306.0,1065.0,14:01:30.548926
41.0,-556.0,1069.0,14:01:30.558189
111.0,-450.0,814.0,14:01:30.567734
-11.0,-630.0,1186.0,14:01:30.578187
100.0,-558.0,860.0,14:01:30.587568
109.0,-437.0,764.0,14:01:30.600336
-32.0,-508.0,1050.0,14:01:30.607859
156.0,-589.0,933.0,14:01:30.617226
75.0,-444.0,677.0,14:01:30.627756
142.0,-572.0,867.0,14:01:30.637172
161.0,-537.0,1040.0,14:01:30.646522
114.0,-519.0,786.0,14:01:30.657106
59.0,-424.0,677.0,14:01:30.666459
227.0,-596.0,907.0,14:01:30.677055
83.0,-654.0,997.0,14:01:30.686277
23.0,-526.0,880.0,14:01:30.696812
154.0,-661.0,1066.0,14:01:30.706111
36.0,-552.0,751.0,14:01:30.716596
59.0,-453.0,759.0,14:01:30.725907
55.0,-565.0,1091.0,14:01:30.735392
174.0,-598.0,1019.0,14:01:30.745937
124.0,-591.0,923.0,14:01:30.755350
-45.0,-582.0,1001.0,14:01:30.765847
60.0,-664.0,1132.0,14:01:30.775215
182.0,-656.0,1020.0,14:01:30.784529
14.0,-505.0,681.0,14:01:30.795026
78.0,-499.0,700.0,14:01:30.804331
142.0,-286.0,758.0,14:01:30.814919
-69.0,-356.0,865.0,14:01:30.824282
33.0,-354.0,845.0,14:01:30.834860
-24.0,-462.0,960.0,14:01:30.844182
43.0,-349.0,883.0,14:01:30.853659
76.0,-340.0,895.0,14:01:30.864146
95.0,-351.0,935.0,14:01:30.873564
69.0,-322.0,758.0,14:01:30.884028
74.0,-396.0,888.0,14:01:30.893561
85.0,-448.0,893.0,14:01:30.902958
-77.0,-431.0,1080.0,14:01:30.913546
117.0,-384.0,1024.0,14:01:30.922909
-33.0,-457.0,928.0,14:01:30.932419
73.0,-565.0,857.0,14:01:30.942853
85.0,-546.0,1064.0,14:01:30.952386
99.0,-549.0,965.0,14:01:30.962880
162.0,-423.0,712.0,14:01:30.972394
18.0,-597.0,1252.0,14:01:30.981668
50.0,-622.0,1046.0,14:01:30.992117
213.0,-730.0,975.0,14:01:31.001420
60.0,-616.0,1050.0,14:01:31.011929
-53.0,-728.0,1259.0,14:01:31.021329
160.0,-519.0,789.0,14:01:31.031787
29.0,-547.0,845.0,14:01:31.041067
62.0,-505.0,1122.0,14:01:31.051584
112.0,-427.0,758.0,14:01:31.060860
39.0,-365.0,599.0,14:01:31.071378
42.0,-446.0,898.0,14:01:31.080695
77.0,-324.0,1025.0,14:01:31.090176
58.0,-586.0,1064.0,14:01:31.100652
97.0,-354.0,838.0,14:01:31.109962
36.0,-733.0,1414.0,14:01:31.120559
5.0,-436.0,874.0,14:01:31.129937
36.0,-535.0,986.0,14:01:31.140382
-200.0,-319.0,873.0,14:01:31.149734
-80.0,-594.0,922.0,14:01:31.159118
61.0,-586.0,569.0,14:01:31.169762
4.0,-662.0,827.0,14:01:31.179137
-44.0,-583.0,726.0,14:01:31.189621
111.0,-436.0,598.0,14:01:31.199104
-56.0,-498.0,927.0,14:01:31.208483
76.0,-597.0,830.0,14:01:31.219122
-67.0,-433.0,516.0,14:01:31.228469
8.0,-535.0,893.0,14:01:31.239064
1.0,-626.0,1140.0,14:01:31.248519
18.0,-797.0,999.0,14:01:31.257887
77.0,-490.0,637.0,14:01:31.268418
82.0,-438.0,903.0,14:01:31.277959
-27.0,-409.0,669.0,14:01:31.287338
151.0,-570.0,1122.0,14:01:31.297860
-7.0,-613.0,1273.0,14:01:31.307177
-31.0,-917.0,1140.0,14:01:31.317783
-30.0,-279.0,203.0,14:01:31.327225
-85.0,-438.0,1033.0,14:01:31.336653
-267.0,-901.0,1901.0,14:01:31.347120
34.0,-677.0,938.0,14:01:31.356509
174.0,-674.0,944.0,14:01:31.367208
-138.0,-43.0,135.0,14:01:31.376582
-159.0,-769.0,1825.0,14:01:31.385952
141.0,-615.0,1198.0,14:01:31.401193
216.0,-465.0,375.0,14:01:31.407083
-37.0,-685.0,897.0,14:01:31.415429
-213.0,-467.0,1025.0,14:01:31.425941
-53.0,-259.0,576.0,14:01:31.435326
-49.0,-357.0,586.0,14:01:31.445878
-106.0,-530.0,1152.0,14:01:31.455299
204.0,-638.0,1112.0,14:01:31.464741
-53.0,-235.0,632.0,14:01:31.475234
143.0,-687.0,1301.0,14:01:31.484638
151.0,-518.0,1064.0,14:01:31.495095
78.0,-272.0,279.0,14:01:31.504398
129.0,-402.0,603.0,14:01:31.514828
3.0,-153.0,424.0,14:01:31.524219
-148.0,-872.0,1848.0,14:01:31.534844
22.0,-782.0,1205.0,14:01:31.544129
164.0,-713.0,513.0,14:01:31.553586
-32.0,-496.0,551.0,14:01:31.564039
131.0,-704.0,1132.0,14:01:31.573531
71.0,-387.0,640.0,14:01:31.583990
240.0,-419.0,780.0,14:01:31.593329
36.0,-693.0,1452.0,14:01:31.603817
199.0,-569.0,789.0,14:01:31.613172
-16.0,-508.0,706.0,14:01:31.622490
17.0,-594.0,1387.0,14:01:31.633034
104.0,-577.0,1081.0,14:01:31.642470
239.0,-270.0,500.0,14:01:31.653082
40.0,-343.0,572.0,14:01:31.662446
-42.0,-163.0,1125.0,14:01:31.671777
-68.0,-737.0,1692.0,14:01:31.682522
51.0,-255.0,244.0,14:01:31.691895
-17.0,-778.0,1629.0,14:01:31.701353
-192.0,-566.0,1351.0,14:01:31.711852
67.0,-394.0,580.0,14:01:31.721330
156.0,-487.0,689.0,14:01:31.731839
-63.0,-446.0,811.0,14:01:31.741278
75.0,-421.0,680.0,14:01:31.750701
-260.0,-338.0,887.0,14:01:31.761312
20.0,-464.0,818.0,14:01:31.770670
-82.0,-746.0,1124.0,14:01:31.781208
59.0,-575.0,915.0,14:01:31.790602
38.0,-495.0,815.0,14:01:31.805925
254.0,-478.0,895.0,14:01:31.810793
159.0,-552.0,1112.0,14:01:31.820220
124.0,-614.0,885.0,14:01:31.829601
46.0,-459.0,619.0,14:01:31.840141
-17.0,-537.0,797.0,14:01:31.849460
-3.0,-389.0,999.0,14:01:31.859946
136.0,-631.0,965.0,14:01:31.869295
6.0,-343.0,1059.0,14:01:31.879738
30.0,-587.0,889.0,14:01:31.889126
68.0,-470.0,767.0,14:01:31.898683
-193.0,-524.0,1190.0,14:01:31.909153
79.0,-637.0,989.0,14:01:31.918449
187.0,-594.0,646.0,14:01:31.929127
-70.0,-332.0,989.0,14:01:31.938484
116.0,-935.0,1563.0,14:01:31.947899
79.0,-465.0,349.0,14:01:31.958448
149.0,-391.0,476.0,14:01:31.967865
96.0,-676.0,1071.0,14:01:31.978432
-75.0,-499.0,1149.0,14:01:31.987915
102.0,-861.0,939.0,14:01:32.007548
-43.0,-549.0,684.0,14:01:32.016998
67.0,-568.0,860.0,14:01:32.027564
-95.0,-559.0,1110.0,14:01:32.036956
6.0,-569.0,801.0,14:01:32.047456
40.0,-591.0,953.0,14:01:32.057025
31.0,-441.0,762.0,14:01:32.066321
37.0,-448.0,819.0,14:01:32.077087
20.0,-506.0,717.0,14:01:32.086412
60.0,-442.0,1049.0,14:01:32.095926
-1.0,-482.0,721.0,14:01:32.106457
72.0,-691.0,1075.0,14:01:32.115974
221.0,-428.0,1085.0,14:01:32.125312
-4.0,-406.0,769.0,14:01:32.135911
62.0,-725.0,1005.0,14:01:32.145355
67.0,-509.0,811.0,14:01:32.154835
45.0,-445.0,1037.0,14:01:32.165276
-52.0,-539.0,1198.0,14:01:32.174732
-12.0,-607.0,657.0,14:01:32.185184
31.0,-499.0,898.0,14:01:32.194684
42.0,-242.0,563.0,14:01:32.205169
120.0,-337.0,743.0,14:01:32.214613
-93.0,-668.0,1351.0,14:01:32.223925
-64.0,-295.0,668.0,14:01:32.234417
123.0,-860.0,1702.0,14:01:32.243753
156.0,-474.0,905.0,14:01:32.254244
159.0,-329.0,433.0,14:01:32.263617
47.0,-354.0,921.0,14:01:32.274194
48.0,-420.0,1099.0,14:01:32.283709
85.0,-272.0,878.0,14:01:32.293101
-79.0,-585.0,1106.0,14:01:32.303709
-19.0,-520.0,1006.0,14:01:32.313074
159.0,-437.0,606.0,14:01:32.322534
49.0,-394.0,907.0,14:01:32.333077
-22.0,-480.0,1394.0,14:01:32.342459
60.0,-421.0,814.0,14:01:32.353007
65.0,-721.0,1050.0,14:01:32.362392
144.0,-489.0,670.0,14:01:32.371873
59.0,-430.0,1015.0,14:01:32.382366
148.0,-596.0,1447.0,14:01:32.391711
260.0,-456.0,350.0,14:01:32.402145
196.0,-212.0,146.0,14:01:32.411478
57.0,-486.0,1387.0,14:01:32.421950
146.0,-601.0,1302.0,14:01:32.431454
147.0,-611.0,809.0,14:01:32.440851
38.0,-398.0,921.0,14:01:32.451417
76.0,-583.0,1038.0,14:01:32.460686
87.0,-431.0,715.0,14:01:32.471415
103.0,-285.0,892.0,14:01:32.480802
82.0,-626.0,1104.0,14:01:32.490201
14.0,-434.0,854.0,14:01:32.500774
91.0,-680.0,889.0,14:01:32.510152
-42.0,-566.0,1083.0,14:01:32.520605
26.0,-494.0,796.0,14:01:32.530155
-56.0,-393.0,835.0,14:01:32.539556
-4.0,-930.0,1434.0,14:01:32.550259
2.0,-630.0,681.0,14:01:32.559606
186.0,-347.0,412.0,14:01:32.569076
-58.0,-633.0,1314.0,14:01:32.579555
-13.0,-353.0,856.0,14:01:32.588989
131.0,-625.0,922.0,14:01:32.605137
5.0,-555.0,785.0,14:01:32.609094
200.0,-641.0,629.0,14:01:32.618522
-123.0,-326.0,835.0,14:01:32.629042
169.0,-658.0,1027.0,14:01:32.638410
0.0,-585.0,1335.0,14:01:32.648965
-52.0,-598.0,752.0,14:01:32.658317
-57.0,-394.0,446.0,14:01:32.667877
132.0,-573.0,1192.0,14:01:32.678329
-6.0,-664.0,1120.0,14:01:32.687745
83.0,-538.0,491.0,14:01:32.697224
139.0,-450.0,895.0,14:01:32.707793
-111.0,-531.0,1059.0,14:01:32.717191
33.0,-639.0,835.0,14:01:32.727728
-63.0,-741.0,960.0,14:01:32.737195
-7.0,-588.0,823.0,14:01:32.746559
31.0,-534.0,849.0,14:01:32.757082
39.0,-441.0,738.0,14:01:32.766480
15.0,-658.0,1062.0,14:01:32.775940
56.0,-413.0,958.0,14:01:32.786368
-93.0,-305.0,733.0,14:01:32.795876
119.0,-624.0,1066.0,14:01:32.806357
-80.0,-569.0,1092.0,14:01:32.815836
70.0,-636.0,898.0,14:01:32.826243
146.0,-298.0,546.0,14:01:32.835720
-62.0,-525.0,1129.0,14:01:32.845047
94.0,-553.0,1100.0,14:01:32.855610
43.0,-447.0,376.0,14:01:32.865030
83.0,-535.0,530.0,14:01:32.875586
-41.0,-348.0,1212.0,14:01:32.884871
-182.0,-587.0,1435.0,14:01:32.894252
100.0,-531.0,728.0,14:01:32.904751
80.0,-426.0,807.0,14:01:32.914120
-61.0,-492.0,989.0,14:01:32.924717
29.0,-519.0,948.0,14:01:32.934077
85.0,-542.0,1099.0,14:01:32.944682
88.0,-416.0,720.0,14:01:32.953984
58.0,-496.0,765.0,14:01:32.963259
-17.0,-278.0,786.0,14:01:32.973994
-60.0,-587.0,1386.0,14:01:32.983376
-64.0,-328.0,916.0,14:01:32.994014
57.0,-856.0,1037.0,14:01:33.006959
277.0,-291.0,461.0,14:01:33.013057
25.0,-590.0,1455.0,14:01:33.022550
59.0,-552.0,964.0,14:01:33.032948
14.0,-519.0,844.0,14:01:33.042450
84.0,-541.0,610.0,14:01:33.052897
58.0,-313.0,595.0,14:01:33.062399
-68.0,-565.0,1238.0,14:01:33.071717
70.0,-320.0,753.0,14:01:33.082240
26.0,-608.0,1072.0,14:01:33.091662
-12.0,-664.0,1129.0,14:01:33.102218
237.0,-585.0,965.0,14:01:33.111545
120.0,-553.0,933.0,14:01:33.122022
145.0,-302.0,405.0,14:01:33.131306
-17.0,-164.0,506.0,14:01:33.140737
51.0,-419.0,1168.0,14:01:33.151285
13.0,-334.0,941.0,14:01:33.160694
-106.0,-812.0,1638.0,14:01:33.171271
144.0,-614.0,979.0,14:01:33.180668
0.0,-639.0,806.0,14:01:33.191093
-26.0,-730.0,1264.0,14:01:33.200411
-44.0,-632.0,822.0,14:01:33.209717
65.0,-403.0,289.0,14:01:33.220342
33.0,-481.0,937.0,14:01:33.229742
-151.0,-292.0,488.0,14:01:33.240252
-112.0,-398.0,820.0,14:01:33.249720
-68.0,-794.0,1595.0,14:01:33.259152
-25.0,-782.0,1223.0,14:01:33.269706
192.0,-675.0,649.0,14:01:33.279102
183.0,-506.0,815.0,14:01:33.289549
60.0,-603.0,1132.0,14:01:33.299092
137.0,-449.0,619.0,14:01:33.308387
8.0,-486.0,263.0,14:01:33.318996
57.0,-250.0,404.0,14:01:33.328410
-165.0,-546.0,1414.0,14:01:33.339018
-59.0,-785.0,1550.0,14:01:33.348367
165.0,-495.0,468.0,14:01:33.357771
3.0,-746.0,1146.0,14:01:33.368184
82.0,-480.0,898.0,14:01:33.377714
93.0,-494.0,912.0,14:01:33.388156
6.0,-493.0,798.0,14:01:33.397577
9.0,-571.0,1015.0,14:01:33.407039
0.0,-461.0,492.0,14:01:33.417794
-82.0,-555.0,846.0,14:01:33.427137
13.0,-520.0,964.0,14:01:33.436491
52.0,-620.0,1377.0,14:01:33.447063
45.0,-636.0,932.0,14:01:33.456473
-70.0,-223.0,321.0,14:01:33.467072
15.0,-661.0,1278.0,14:01:33.476572
23.0,-568.0,862.0,14:01:33.485917
38.0,-551.0,968.0,14:01:33.496438
85.0,-521.0,594.0,14:01:33.505839
40.0,-487.0,732.0,14:01:33.515362
-180.0,-367.0,1083.0,14:01:33.525862
-25.0,-277.0,943.0,14:01:33.535285
132.0,-524.0,791.0,14:01:33.545889
57.0,-441.0,993.0,14:01:33.555246
93.0,-222.0,1133.0,14:01:33.564725
176.0,-590.0,858.0,14:01:33.575258
166.0,-499.0,851.0,14:01:33.584628
153.0,-676.0,1384.0,14:01:33.595048
40.0,-478.0,743.0,14:01:33.604420
152.0,-523.0,664.0,14:01:33.614977
-61.0,-268.0,893.0,14:01:33.624304
146.0,-348.0,903.0,14:01:33.633609
-162.0,-499.0,1078.0,14:01:33.644188
59.0,-507.0,813.0,14:01:33.653654
55.0,-587.0,793.0,14:01:33.664129
23.0,-547.0,949.0,14:01:33.673512
-77.0,-471.0,965.0,14:01:33.683970
217.0,-436.0,914.0,14:01:33.693337
-28.0,-893.0,1607.0,14:01:33.702698
144.0,-545.0,478.0,14:01:33.713162
11.0,-424.0,645.0,14:01:33.722528
-36.0,-431.0,1269.0,14:01:33.733075
-35.0,-466.0,1017.0,14:01:33.742501
-69.0,-447.0,514.0,14:01:33.753019
74.0,-597.0,853.0,14:01:33.762562
71.0,-343.0,702.0,14:01:33.771941
9.0,-440.0,1053.0,14:01:33.782527
212.0,-354.0,1006.0,14:01:33.791784
105.0,-517.0,1042.0,14:01:33.808812
90.0,-576.0,901.0,14:01:33.812826
142.0,-392.0,1045.0,14:01:33.820959
-10.0,-626.0,1295.0,14:01:33.831617
77.0,-374.0,519.0,14:01:33.840952
178.0,-313.0,613.0,14:01:33.851614
-114.0,-442.0,976.0,14:01:33.860991
86.0,-712.0,1289.0,14:01:33.870404
9.0,-710.0,1017.0,14:01:33.880874
133.0,-444.0,424.0,14:01:33.890323
46.0,-660.0,1090.0,14:01:33.900785
-13.0,-472.0,850.0,14:01:33.910223
204.0,-754.0,1301.0,14:01:33.919557
157.0,-508.0,682.0,14:01:33.930249
-22.0,-519.0,730.0,14:01:33.939526
56.0,-457.0,797.0,14:01:33.950164
8.0,-359.0,917.0,14:01:33.959452
-118.0,-585.0,1008.0,14:01:33.968942
73.0,-748.0,1015.0,14:01:33.979487
-38.0,-626.0,843.0,14:01:33.988981
133.0,-490.0,783.0,14:01:33.999475
22.0,-607.0,1245.0,14:01:34.008952
-18.0,-642.0,717.0,14:01:34.018252
141.0,-483.0,406.0,14:01:34.028986
125.0,-462.0,831.0,14:01:34.038266
-171.0,-427.0,1258.0,14:01:34.047781
61.0,-620.0,991.0,14:01:34.058305
158.0,-691.0,881.0,14:01:34.067718
-78.0,-484.0,1034.0,14:01:34.078226
32.0,-470.0,818.0,14:01:34.087767
-150.0,-546.0,1052.0,14:01:34.097141
138.0,-666.0,900.0,14:01:34.107729
225.0,-456.0,685.0,14:01:34.117069
-125.0,-411.0,896.0,14:01:34.127587
80.0,-719.0,764.0,14:01:34.136946
29.0,-329.0,520.0,14:01:34.146413
-284.0,-370.0,1217.0,14:01:34.157179
100.0,-795.0,1407.0,14:01:34.166660
132.0,-538.0,797.0,14:01:34.175973
-73.0,-572.0,1077.0,14:01:34.186463
117.0,-651.0,850.0,14:01:34.195896
67.0,-515.0,817.0,14:01:34.206041
64.0,-523.0,768.0,14:01:34.215979
53.0,-418.0,697.0,14:01:34.225363
-121.0,-424.0,924.0,14:01:34.235913
-27.0,-511.0,836.0,14:01:34.245346
42.0,-342.0,790.0,14:01:34.254795
-110.0,-693.0,1317.0,14:01:34.265358
37.0,-616.0,1206.0,14:01:34.274764
130.0,-396.0,606.0,14:01:34.285213
-41.0,-565.0,759.0,14:01:34.294744
164.0,-501.0,1066.0,14:01:34.304079
53.0,-376.0,897.0,14:01:34.314364
75.0,-573.0,1021.0,14:01:34.324346
143.0,-407.0,960.0,14:01:34.333828
-40.0,-509.0,1131.0,14:01:34.344310
4.0,-657.0,1061.0,14:01:34.353708
241.0,-361.0,729.0,14:01:34.364089
16.0,-367.0,846.0,14:01:34.373607
97.0,-648.0,978.0,14:01:34.382860
5.0,-446.0,760.0,14:01:34.393336
159.0,-366.0,808.0,14:01:34.402622
60.0,-462.0,891.0,14:01:34.413229
-11.0,-412.0,814.0,14:01:34.422507
115.0,-645.0,1272.0,14:01:34.433005
124.0,-501.0,940.0,14:01:34.442410
97.0,-472.0,840.0,14:01:34.452997
25.0,-612.0,1089.0,14:01:34.462349
144.0,-439.0,777.0,14:01:34.471730
14.0,-563.0,792.0,14:01:34.482154
123.0,-557.0,725.0,14:01:34.491523
9.0,-576.0,998.0,14:01:34.502055
-134.0,-324.0,843.0,14:01:34.511376
-28.0,-440.0,920.0,14:01:34.521876
107.0,-520.0,1003.0,14:01:34.531398
7.0,-316.0,772.0,14:01:34.540636
-44.0,-613.0,1119.0,14:01:34.551276
-79.0,-431.0,798.0,14:01:34.560612
98.0,-874.0,1426.0,14:01:34.570282
108.0,-399.0,594.0,14:01:34.580734
79.0,-698.0,1137.0,14:01:34.590166
4.0,-541.0,858.0,14:01:34.600627
215.0,-185.0,618.0,14:01:34.610099
-36.0,-353.0,874.0,14:01:34.620507
25.0,-398.0,810.0,14:01:34.629939
221.0,-768.0,1223.0,14:01:34.639314
49.0,-590.0,800.0,14:01:34.649955
58.0,-397.0,629.0,14:01:34.659224
70.0,-560.0,1228.0,14:01:34.669750
146.0,-325.0,787.0,14:01:34.679071
29.0,-443.0,840.0,14:01:34.688545
82.0,-637.0,1026.0,14:01:34.699158
-18.0,-489.0,1043.0,14:01:34.708573
91.0,-566.0,832.0,14:01:34.719182
133.0,-562.0,879.0,14:01:34.728630
106.0,-271.0,469.0,14:01:34.737954
84.0,-855.0,1429.0,14:01:34.748459
133.0,-570.0,1027.0,14:01:34.757947
-8.0,-410.0,473.0,14:01:34.768469
49.0,-710.0,1114.0,14:01:34.777880
130.0,-245.0,374.0,14:01:34.787230
-175.0,-584.0,1254.0,14:01:34.797787
173.0,-523.0,859.0,14:01:34.807244
129.0,-424.0,597.0,14:01:34.817777
-33.0,-657.0,1614.0,14:01:34.827123
76.0,-464.0,606.0,14:01:34.836480
134.0,-610.0,888.0,14:01:34.847143
34.0,-722.0,1109.0,14:01:34.856548
222.0,-531.0,721.0,14:01:34.867025
-117.0,-511.0,906.0,14:01:34.876483
103.0,-615.0,878.0,14:01:34.885975
13.0,-411.0,683.0,14:01:34.896408
-76.0,-500.0,889.0,14:01:34.905828
-126.0,-601.0,1304.0,14:01:34.916339
-5.0,-499.0,653.0,14:01:34.925755
14.0,-236.0,645.0,14:01:34.935087
-168.0,-586.0,1567.0,14:01:34.945565
83.0,-486.0,708.0,14:01:34.954951
130.0,-646.0,923.0,14:01:34.965422
-17.0,-535.0,989.0,14:01:34.974779
72.0,-374.0,858.0,14:01:34.985311
-48.0,-392.0,768.0,14:01:34.994748
-8.0,-406.0,957.0,14:01:35.011567
-96.0,-473.0,1027.0,14:01:35.014389
68.0,-537.0,879.0,14:01:35.023788
127.0,-532.0,968.0,14:01:35.034192
-25.0,-482.0,1082.0,14:01:35.043718
165.0,-602.0,1256.0,14:01:35.054229
-64.0,-328.0,434.0,14:01:35.063646
122.0,-620.0,958.0,14:01:35.074131
-35.0,-434.0,991.0,14:01:35.083690
-102.0,-323.0,773.0,14:01:35.093093
33.0,-530.0,1104.0,14:01:35.103667
92.0,-582.0,914.0,14:01:35.112942
4.0,-338.0,706.0,14:01:35.122664
97.0,-563.0,1073.0,14:01:35.132310
53.0,-445.0,857.0,14:01:35.142808
115.0,-446.0,957.0,14:01:35.152319
132.0,-593.0,1108.0,14:01:35.161721
-74.0,-187.0,545.0,14:01:35.172136
132.0,-424.0,832.0,14:01:35.181489
152.0,-455.0,1031.0,14:01:35.191917
-147.0,-430.0,895.0,14:01:35.201402
142.0,-521.0,727.0,14:01:35.211951
69.0,-547.0,1349.0,14:01:35.221377
-119.0,-485.0,993.0,14:01:35.230757
217.0,-680.0,842.0,14:01:35.241333
-117.0,-627.0,1049.0,14:01:35.250658
250.0,-330.0,808.0,14:01:35.261185
7.0,-384.0,964.0,14:01:35.270502
