9.0,-512.0,962.0,14:01:35.338236
123.0,-453.0,557.0,14:01:35.339614
98.0,-561.0,915.0,14:01:35.349191
84.0,-481.0,1048.0,14:01:35.359679
29.0,-573.0,1023.0,14:01:35.369005
144.0,-548.0,782.0,14:01:35.379436
-137.0,-525.0,755.0,14:01:35.388796
115.0,-424.0,937.0,14:01:35.399408
89.0,-495.0,806.0,14:01:35.413442
-44.0,-463.0,881.0,14:01:35.418542
184.0,-462.0,905.0,14:01:35.427984
53.0,-525.0,921.0,14:01:35.438398
4.0,-553.0,1032.0,14:01:35.447873
100.0,-648.0,1168.0,14:01:35.458283
15.0,-459.0,567.0,14:01:35.467586
143.0,-572.0,1084.0,14:01:35.478156
95.0,-398.0,811.0,14:01:35.487589
67.0,-572.0,1028.0,14:01:35.496946
147.0,-505.0,783.0,14:01:35.507494
39.0,-409.0,750.0,14:01:35.516867
-84.0,-535.0,1001.0,14:01:35.527349
208.0,-510.0,885.0,14:01:35.536688
12.0,-319.0,772.0,14:01:35.547192
68.0,-773.0,1495.0,14:01:35.556640
82.0,-568.0,872.0,14:01:35.566026
6.0,-348.0,563.0,14:01:35.576456
168.0,-326.0,748.0,14:01:35.585839
67.0,-454.0,1197.0,14:01:35.596329
-155.0,-543.0,1242.0,14:01:35.605710
291.0,-764.0,976.0,14:01:35.616266
-27.0,-583.0,745.0,14:01:35.625746
-104.0,-615.0,1010.0,14:01:35.635151
163.0,-488.0,825.0,14:01:35.645555
-18.0,-463.0,990.0,14:01:35.654894
58.0,-585.0,951.0,14:01:35.665333
-31.0,-290.0,520.0,14:01:35.674858
-60.0,-685.0,1334.0,14:01:35.685265
-73.0,-564.0,969.0,14:01:35.694852
122.0,-491.0,847.0,14:01:35.704159
-97.0,-422.0,975.0,14:01:35.714783
83.0,-590.0,1179.0,14:01:35.724190
36.0,-385.0,505.0,14:01:35.733627
-23.0,-595.0,1230.0,14:01:35.744096
25.0,-620.0,966.0,14:01:35.753569
-11.0,-574.0,751.0,14:01:35.763978
23.0,-613.0,815.0,14:01:35.773324
126.0,-390.0,849.0,14:01:35.783783
-62.0,-422.0,1103.0,14:01:35.793176
15.0,-418.0,879.0,14:01:35.803653
90.0,-656.0,1032.0,14:01:35.812981
28.0,-326.0,789.0,14:01:35.822298
164.0,-507.0,981.0,14:01:35.832811
101.0,-486.0,934.0,14:01:35.842074
14.0,-448.0,773.0,14:01:35.852618
57.0,-467.0,871.0,14:01:35.861891
-78.0,-587.0,1052.0,14:01:35.872456
-23.0,-436.0,764.0,14:01:35.881920
52.0,-605.0,812.0,14:01:35.891320
-129.0,-567.0,1084.0,14:01:35.901770
39.0,-636.0,1150.0,14:01:35.911210
68.0,-548.0,662.0,14:01:35.921708
-128.0,-520.0,1079.0,14:01:35.931025
151.0,-504.0,921.0,14:01:35.941460
95.0,-542.0,717.0,14:01:35.950887
-5.0,-321.0,898.0,14:01:35.961311
-10.0,-597.0,1187.0,14:01:35.970745
99.0,-353.0,648.0,14:01:35.980102
43.0,-532.0,929.0,14:01:35.990711
-53.0,-531.0,901.0,14:01:36.000131
-12.0,-598.0,934.0,14:01:36.010771
146.0,-621.0,1036.0,14:01:36.020150
184.0,-573.0,832.0,14:01:36.029558
-104.0,-435.0,647.0,14:01:36.040169
146.0,-745.0,1139.0,14:01:36.049531
41.0,-587.0,847.0,14:01:36.059943
54.0,-519.0,918.0,14:01:36.069382
-11.0,-595.0,830.0,14:01:36.078671
126.0,-420.0,563.0,14:01:36.089182
-126.0,-480.0,981.0,14:01:36.098463
28.0,-450.0,1022.0,14:01:36.109109
-81.0,-784.0,1248.0,14:01:36.118475
151.0,-706.0,751.0,14:01:36.127970
-44.0,-585.0,698.0,14:01:36.138384
70.0,-497.0,1017.0,14:01:36.147892
69.0,-525.0,1060.0,14:01:36.158308
111.0,-572.0,683.0,14:01:36.167804
-135.0,-472.0,654.0,14:01:36.178267
-39.0,-562.0,981.0,14:01:36.187715
55.0,-411.0,907.0,14:01:36.197045
-65.0,-587.0,1032.0,14:01:36.215414
21.0,-519.0,874.0,14:01:36.218167
-8.0,-493.0,1158.0,14:01:36.236700
124.0,-600.0,952.0,14:01:36.247118
-9.0,-494.0,800.0,14:01:36.256524
1.0,-471.0,889.0,14:01:36.266986
61.0,-505.0,815.0,14:01:36.276419
-25.0,-374.0,562.0,14:01:36.285844
100.0,-404.0,973.0,14:01:36.296374
-46.0,-492.0,1102.0,14:01:36.305791
-37.0,-494.0,899.0,14:01:36.316372
59.0,-584.0,1120.0,14:01:36.325818
-44.0,-394.0,741.0,14:01:36.335199
-54.0,-667.0,1448.0,14:01:36.345757
120.0,-534.0,939.0,14:01:36.355126
-41.0,-390.0,700.0,14:01:36.365553
111.0,-486.0,735.0,14:01:36.374870
-4.0,-664.0,1095.0,14:01:36.385395
-52.0,-212.0,546.0,14:01:36.394831
56.0,-440.0,1213.0,14:01:36.404265
21.0,-347.0,470.0,14:01:36.414803
-42.0,-579.0,1316.0,14:01:36.424065
166.0,-648.0,1242.0,14:01:36.433616
-35.0,-386.0,697.0,14:01:36.444050
131.0,-608.0,961.0,14:01:36.453497
205.0,-476.0,850.0,14:01:36.463931
-14.0,-402.0,877.0,14:01:36.473332
133.0,-484.0,1006.0,14:01:36.483762
97.0,-476.0,717.0,14:01:36.493153
-35.0,-516.0,1034.0,14:01:36.503602
149.0,-573.0,937.0,14:01:36.513038
51.0,-432.0,917.0,14:01:36.522447
-35.0,-546.0,792.0,14:01:36.532926
139.0,-504.0,846.0,14:01:36.542428
0.0,-456.0,910.0,14:01:36.552942
4.0,-439.0,981.0,14:01:36.562370
72.0,-512.0,1010.0,14:01:36.571770
-66.0,-319.0,820.0,14:01:36.582211
-41.0,-526.0,919.0,14:01:36.591747
67.0,-616.0,947.0,14:01:36.602190
21.0,-372.0,666.0,14:01:36.616933
75.0,-422.0,1017.0,14:01:36.621885
66.0,-836.0,1491.0,14:01:36.631343
3.0,-544.0,699.0,14:01:36.640675
155.0,-634.0,882.0,14:01:36.651137
-74.0,-525.0,972.0,14:01:36.660464
184.0,-490.0,728.0,14:01:36.670919
89.0,-302.0,783.0,14:01:36.680270
56.0,-553.0,616.0,14:01:36.690708
74.0,-492.0,1111.0,14:01:36.700112
130.0,-600.0,1226.0,14:01:36.710531
48.0,-459.0,767.0,14:01:36.719923
53.0,-532.0,904.0,14:01:36.730407
130.0,-583.0,982.0,14:01:36.739724
138.0,-470.0,731.0,14:01:36.749067
52.0,-413.0,759.0,14:01:36.759681
-60.0,-500.0,890.0,14:01:36.769071
80.0,-544.0,893.0,14:01:36.779606
-20.0,-566.0,926.0,14:01:36.789150
107.0,-580.0,1078.0,14:01:36.798544
-15.0,-389.0,823.0,14:01:36.809105
43.0,-725.0,1079.0,14:01:36.818498
133.0,-442.0,878.0,14:01:36.829012
50.0,-519.0,736.0,14:01:36.838442
115.0,-565.0,945.0,14:01:36.847805
25.0,-458.0,936.0,14:01:36.858377
-5.0,-564.0,1026.0,14:01:36.867860
6.0,-470.0,771.0,14:01:36.877281
55.0,-552.0,825.0,14:01:36.887795
48.0,-428.0,822.0,14:01:36.897120
72.0,-554.0,968.0,14:01:36.907576
66.0,-516.0,1054.0,14:01:36.917084
109.0,-538.0,869.0,14:01:36.927523
64.0,-423.0,684.0,14:01:36.936999
39.0,-613.0,941.0,14:01:36.946334
119.0,-470.0,975.0,14:01:36.956030
14.0,-627.0,945.0,14:01:36.966421
7.0,-545.0,933.0,14:01:36.975834
31.0,-492.0,867.0,14:01:36.986365
143.0,-277.0,747.0,14:01:36.995824
-197.0,-513.0,1148.0,14:01:37.006255
133.0,-520.0,886.0,14:01:37.015702
-25.0,-582.0,826.0,14:01:37.026186
115.0,-468.0,853.0,14:01:37.035599
88.0,-410.0,995.0,14:01:37.045022
-9.0,-433.0,936.0,14:01:37.055488
-2.0,-548.0,1035.0,14:01:37.064825
50.0,-508.0,899.0,14:01:37.075337
28.0,-515.0,1128.0,14:01:37.094960
128.0,-504.0,939.0,14:01:37.104361
-7.0,-497.0,846.0,14:01:37.114862
97.0,-425.0,726.0,14:01:37.124193
51.0,-517.0,1081.0,14:01:37.133554
67.0,-544.0,971.0,14:01:37.144097
127.0,-389.0,696.0,14:01:37.153596
69.0,-576.0,976.0,14:01:37.164023
67.0,-542.0,990.0,14:01:37.173448
107.0,-434.0,810.0,14:01:37.182799
34.0,-569.0,877.0,14:01:37.193300
103.0,-608.0,983.0,14:01:37.202613
79.0,-469.0,823.0,14:01:37.212981
112.0,-567.0,983.0,14:01:37.222417
107.0,-492.0,980.0,14:01:37.232873
-29.0,-654.0,871.0,14:01:37.242195
104.0,-440.0,766.0,14:01:37.252635
53.0,-640.0,1131.0,14:01:37.262016
-137.0,-484.0,974.0,14:01:37.271485
67.0,-648.0,967.0,14:01:37.282035
0.0,-570.0,876.0,14:01:37.291339
14.0,-340.0,720.0,14:01:37.301837
-77.0,-508.0,1187.0,14:01:37.311253
-39.0,-516.0,1149.0,14:01:37.321779
17.0,-528.0,776.0,14:01:37.331198
110.0,-429.0,803.0,14:01:37.340646
-59.0,-495.0,1085.0,14:01:37.351159
215.0,-637.0,874.0,14:01:37.360513
83.0,-621.0,898.0,14:01:37.371112
84.0,-509.0,811.0,14:01:37.380476
121.0,-621.0,815.0,14:01:37.389909
115.0,-476.0,821.0,14:01:37.400390
-32.0,-677.0,889.0,14:01:37.413454
118.0,-458.0,620.0,14:01:37.421801
-73.0,-431.0,812.0,14:01:37.429258
-44.0,-639.0,1085.0,14:01:37.439832
31.0,-501.0,795.0,14:01:37.449220
-67.0,-601.0,1010.0,14:01:37.459653
21.0,-543.0,984.0,14:01:37.469118
73.0,-520.0,993.0,14:01:37.479575
-52.0,-511.0,709.0,14:01:37.488962
65.0,-726.0,1094.0,14:01:37.498321
-40.0,-513.0,935.0,14:01:37.508782
60.0,-573.0,805.0,14:01:37.518082
42.0,-526.0,786.0,14:01:37.528550
47.0,-563.0,847.0,14:01:37.537910
-173.0,-486.0,895.0,14:01:37.548402
81.0,-533.0,803.0,14:01:37.557958
-98.0,-544.0,935.0,14:01:37.567282
159.0,-584.0,767.0,14:01:37.577810
-10.0,-406.0,1107.0,14:01:37.587159
-62.0,-574.0,1109.0,14:01:37.597784
166.0,-497.0,798.0,14:01:37.607200
112.0,-424.0,695.0,14:01:37.616597
-47.0,-323.0,815.0,14:01:37.627051
57.0,-486.0,1142.0,14:01:37.636393
3.0,-429.0,864.0,14:01:37.646955
30.0,-436.0,790.0,14:01:37.656289
-6.0,-429.0,849.0,14:01:37.666914
21.0,-455.0,997.0,14:01:37.676230
15.0,-444.0,1039.0,14:01:37.685654
164.0,-555.0,877.0,14:01:37.696158
-23.0,-445.0,975.0,14:01:37.705538
76.0,-505.0,939.0,14:01:37.716189
100.0,-397.0,969.0,14:01:37.725486
12.0,-505.0,1001.0,14:01:37.735971
28.0,-629.0,1047.0,14:01:37.745342
2.0,-421.0,605.0,14:01:37.754747
6.0,-538.0,1027.0,14:01:37.765301
52.0,-530.0,932.0,14:01:37.774725
57.0,-474.0,813.0,14:01:37.785249
97.0,-572.0,838.0,14:01:37.794618
8.0,-613.0,1277.0,14:01:37.803949
16.0,-589.0,968.0,14:01:37.820821
48.0,-452.0,641.0,14:01:37.824606
82.0,-697.0,1168.0,14:01:37.834074
50.0,-461.0,622.0,14:01:37.843478
120.0,-345.0,752.0,14:01:37.853987
-39.0,-469.0,1185.0,14:01:37.863290
41.0,-517.0,1003.0,14:01:37.873773
-34.0,-509.0,702.0,14:01:37.883132
147.0,-571.0,922.0,14:01:37.893679
75.0,-353.0,1016.0,14:01:37.902981
26.0,-447.0,916.0,14:01:37.912441
-30.0,-474.0,962.0,14:01:37.922882
-64.0,-641.0,1048.0,14:01:37.932209
32.0,-405.0,713.0,14:01:37.942728
-59.0,-319.0,712.0,14:01:37.952077
-193.0,-546.0,1210.0,14:01:37.962627
-35.0,-592.0,791.0,14:01:37.972046
124.0,-621.0,908.0,14:01:37.981377
1.0,-442.0,850.0,14:01:37.991907
161.0,-626.0,1147.0,14:01:38.001299
61.0,-473.0,994.0,14:01:38.011776
263.0,-633.0,808.0,14:01:38.021146
92.0,-356.0,608.0,14:01:38.031652
57.0,-539.0,1071.0,14:01:38.041069
50.0,-416.0,804.0,14:01:38.050459
5.0,-619.0,811.0,14:01:38.060869
54.0,-481.0,800.0,14:01:38.070282
116.0,-432.0,728.0,14:01:38.080702
-50.0,-530.0,1054.0,14:01:38.090135
90.0,-520.0,1056.0,14:01:38.100553
8.0,-611.0,1048.0,14:01:38.110052
203.0,-617.0,867.0,14:01:38.119413
138.0,-479.0,929.0,14:01:38.129954
-27.0,-531.0,970.0,14:01:38.139237
171.0,-480.0,925.0,14:01:38.149830
102.0,-462.0,866.0,14:01:38.159192
39.0,-385.0,696.0,14:01:38.169795
117.0,-505.0,1052.0,14:01:38.179093
-22.0,-620.0,1219.0,14:01:38.188491
131.0,-501.0,678.0,14:01:38.199013
88.0,-451.0,610.0,14:01:38.208510
-28.0,-530.0,1048.0,14:01:38.219016
112.0,-431.0,1060.0,14:01:38.228544
72.0,-619.0,1107.0,14:01:38.237935
140.0,-643.0,800.0,14:01:38.248522
91.0,-559.0,778.0,14:01:38.257966
82.0,-516.0,1065.0,14:01:38.267368
-12.0,-442.0,879.0,14:01:38.277845
27.0,-756.0,1114.0,14:01:38.287241
120.0,-464.0,324.0,14:01:38.297766
-91.0,-294.0,413.0,14:01:38.307240
3.0,-598.0,1433.0,14:01:38.316551
-179.0,-798.0,1544.0,14:01:38.327085
108.0,-540.0,653.0,14:01:38.336398
38.0,-555.0,439.0,14:01:38.347012
65.0,-303.0,957.0,14:01:38.356331
-44.0,-397.0,1154.0,14:01:38.365809
100.0,-491.0,965.0,14:01:38.376372
-120.0,-613.0,710.0,14:01:38.385836
49.0,-365.0,648.0,14:01:38.396228
57.0,-547.0,1281.0,14:01:38.405545
28.0,-500.0,1268.0,14:01:38.416027
-3.0,-707.0,1053.0,14:01:38.425383
34.0,-759.0,863.0,14:01:38.435972
196.0,-535.0,811.0,14:01:38.445316
-49.0,-439.0,795.0,14:01:38.454800
12.0,-247.0,551.0,14:01:38.465387
-67.0,-511.0,1027.0,14:01:38.474770
13.0,-392.0,872.0,14:01:38.484122
-106.0,-585.0,1066.0,14:01:38.494733
91.0,-541.0,1109.0,14:01:38.504062
16.0,-725.0,1177.0,14:01:38.514641
95.0,-405.0,594.0,14:01:38.523893
98.0,-323.0,631.0,14:01:38.534437
6.0,-372.0,876.0,14:01:38.543690
-43.0,-454.0,1004.0,14:01:38.554164
98.0,-677.0,1096.0,14:01:38.563639
22.0,-711.0,892.0,14:01:38.573039
47.0,-418.0,863.0,14:01:38.583600
-2.0,-326.0,977.0,14:01:38.593086
25.0,-415.0,980.0,14:01:38.602477
72.0,-576.0,849.0,14:01:38.620682
37.0,-593.0,892.0,14:01:38.624681
-18.0,-510.0,819.0,14:01:38.632833
34.0,-571.0,1195.0,14:01:38.642340
12.0,-706.0,966.0,14:01:38.652786
76.0,-654.0,599.0,14:01:38.662367
-87.0,-335.0,846.0,14:01:38.671653
-59.0,-515.0,1098.0,14:01:38.682159
25.0,-545.0,937.0,14:01:38.691518
54.0,-496.0,744.0,14:01:38.702048
73.0,-585.0,826.0,14:01:38.711429
55.0,-536.0,905.0,14:01:38.720812
39.0,-495.0,943.0,14:01:38.731375
117.0,-598.0,1072.0,14:01:38.740725
132.0,-508.0,707.0,14:01:38.751320
32.0,-533.0,829.0,14:01:38.760776
45.0,-436.0,956.0,14:01:38.770278
21.0,-443.0,920.0,14:01:38.780728
16.0,-446.0,932.0,14:01:38.790148
77.0,-611.0,896.0,14:01:38.800541
127.0,-477.0,665.0,14:01:38.809905
107.0,-647.0,998.0,14:01:38.820349
84.0,-544.0,935.0,14:01:38.829683
-34.0,-685.0,995.0,14:01:38.839051
-9.0,-623.0,929.0,14:01:38.849706
-95.0,-529.0,831.0,14:01:38.859087
69.0,-437.0,863.0,14:01:38.869588
39.0,-448.0,821.0,14:01:38.878986
-24.0,-657.0,990.0,14:01:38.888493
151.0,-430.0,665.0,14:01:38.899072
109.0,-622.0,1175.0,14:01:38.908415
91.0,-309.0,806.0,14:01:38.919043
-41.0,-337.0,893.0,14:01:38.928397
163.0,-565.0,903.0,14:01:38.937902
88.0,-371.0,772.0,14:01:38.948370
15.0,-362.0,753.0,14:01:38.957766
-52.0,-482.0,1316.0,14:01:38.968279
89.0,-532.0,1002.0,14:01:38.977712
222.0,-636.0,952.0,14:01:38.987087
128.0,-424.0,817.0,14:01:38.997755
68.0,-329.0,856.0,14:01:39.007019
152.0,-443.0,1059.0,14:01:39.022739
115.0,-491.0,849.0,14:01:39.027853
22.0,-410.0,788.0,14:01:39.037096
40.0,-505.0,983.0,14:01:39.046517
139.0,-487.0,1064.0,14:01:39.055926
42.0,-481.0,837.0,14:01:39.066439
82.0,-453.0,916.0,14:01:39.075904
-82.0,-534.0,1067.0,14:01:39.086514
215.0,-479.0,975.0,14:01:39.095979
95.0,-452.0,990.0,14:01:39.105396
47.0,-569.0,1048.0,14:01:39.115896
220.0,-583.0,852.0,14:01:39.125275
45.0,-512.0,844.0,14:01:39.135830
49.0,-424.0,900.0,14:01:39.145311
168.0,-491.0,1013.0,14:01:39.154710
22.0,-500.0,791.0,14:01:39.165241
178.0,-435.0,598.0,14:01:39.174574
17.0,-502.0,1195.0,14:01:39.184987
65.0,-504.0,1198.0,14:01:39.194316
33.0,-533.0,785.0,14:01:39.204827
94.0,-446.0,834.0,14:01:39.214109
-3.0,-444.0,905.0,14:01:39.224590
135.0,-597.0,1137.0,14:01:39.233962
-11.0,-547.0,945.0,14:01:39.243312
140.0,-337.0,739.0,14:01:39.253818
39.0,-593.0,1042.0,14:01:39.263158
-81.0,-508.0,920.0,14:01:39.273683
-22.0,-487.0,938.0,14:01:39.283095
18.0,-410.0,853.0,14:01:39.293682
-99.0,-603.0,995.0,14:01:39.302946
135.0,-577.0,962.0,14:01:39.312475
-50.0,-547.0,926.0,14:01:39.322905
38.0,-533.0,912.0,14:01:39.332465
65.0,-454.0,863.0,14:01:39.342954
15.0,-519.0,805.0,14:01:39.352731
28.0,-478.0,983.0,14:01:39.361987
-44.0,-588.0,952.0,14:01:39.372505
-79.0,-504.0,861.0,14:01:39.381868
150.0,-544.0,793.0,14:01:39.391324
51.0,-542.0,1019.0,14:01:39.401913
26.0,-630.0,917.0,14:01:39.411283
51.0,-400.0,729.0,14:01:39.421729
54.0,-510.0,886.0,14:01:39.431275
125.0,-443.0,831.0,14:01:39.440569
-10.0,-548.0,1126.0,14:01:39.451117
-24.0,-437.0,835.0,14:01:39.460498
42.0,-557.0,1030.0,14:01:39.471046
-52.0,-443.0,778.0,14:01:39.480471
21.0,-458.0,869.0,14:01:39.489848
44.0,-560.0,955.0,14:01:39.500356
10.0,-498.0,894.0,14:01:39.509729
81.0,-664.0,1005.0,14:01:39.520191
79.0,-553.0,876.0,14:01:39.529546
139.0,-600.0,1001.0,14:01:39.539019
-15.0,-614.0,868.0,14:01:39.549484
151.0,-505.0,727.0,14:01:39.559048
-88.0,-650.0,936.0,14:01:39.569458
59.0,-567.0,993.0,14:01:39.578986
-73.0,-492.0,774.0,14:01:39.588313
-52.0,-631.0,978.0,14:01:39.598928
-74.0,-466.0,927.0,14:01:39.608301
-1.0,-644.0,1058.0,14:01:39.618923
-42.0,-601.0,933.0,14:01:39.628221
47.0,-539.0,829.0,14:01:39.637572
-14.0,-542.0,934.0,14:01:39.648086
80.0,-433.0,691.0,14:01:39.657514
-157.0,-494.0,996.0,14:01:39.668070
-134.0,-605.0,969.0,14:01:39.677379
-120.0,-540.0,899.0,14:01:39.688001
-90.0,-489.0,724.0,14:01:39.697331
-95.0,-456.0,944.0,14:01:39.706683
92.0,-425.0,931.0,14:01:39.717112
-63.0,-376.0,736.0,14:01:39.726574
27.0,-500.0,993.0,14:01:39.737089
-25.0,-578.0,1005.0,14:01:39.746500
123.0,-656.0,1004.0,14:01:39.756997
7.0,-474.0,875.0,14:01:39.766393
-42.0,-492.0,914.0,14:01:39.775754
33.0,-421.0,890.0,14:01:39.786443
49.0,-469.0,741.0,14:01:39.795802
35.0,-388.0,841.0,14:01:39.805208
38.0,-526.0,950.0,14:01:39.823478
90.0,-518.0,909.0,14:01:39.827129
-85.0,-538.0,947.0,14:01:39.835337
84.0,-491.0,927.0,14:01:39.844764
173.0,-615.0,1094.0,14:01:39.855415
59.0,-353.0,830.0,14:01:39.864812
46.0,-556.0,911.0,14:01:39.874196
47.0,-502.0,1049.0,14:01:39.884884
26.0,-621.0,1120.0,14:01:39.894209
38.0,-417.0,704.0,14:01:39.904719
8.0,-483.0,870.0,14:01:39.914017
-54.0,-514.0,945.0,14:01:39.923541
146.0,-379.0,887.0,14:01:39.934009
-76.0,-587.0,1016.0,14:01:39.943571
93.0,-474.0,882.0,14:01:39.954028
71.0,-417.0,905.0,14:01:39.963540
-82.0,-505.0,1112.0,14:01:39.972894
1.0,-485.0,939.0,14:01:39.983397
91.0,-594.0,927.0,14:01:39.992762
-69.0,-413.0,609.0,14:01:40.003361
-77.0,-559.0,1138.0,14:01:40.012642
16.0,-476.0,962.0,14:01:40.023143
53.0,-593.0,856.0,14:01:40.032515
132.0,-547.0,840.0,14:01:40.041994
-17.0,-506.0,857.0,14:01:40.052538
-18.0,-653.0,1004.0,14:01:40.061845
260.0,-569.0,797.0,14:01:40.071391
-13.0,-511.0,843.0,14:01:40.081914
90.0,-497.0,862.0,14:01:40.091382
12.0,-489.0,939.0,14:01:40.101852
-16.0,-544.0,897.0,14:01:40.111346
104.0,-476.0,859.0,14:01:40.120644
31.0,-519.0,810.0,14:01:40.131215
44.0,-618.0,1012.0,14:01:40.140494
169.0,-427.0,755.0,14:01:40.151119
-76.0,-660.0,1077.0,14:01:40.160404
129.0,-513.0,826.0,14:01:40.170955
30.0,-441.0,783.0,14:01:40.180327
-78.0,-602.0,1003.0,14:01:40.189659
29.0,-473.0,932.0,14:01:40.200229
98.0,-496.0,600.0,14:01:40.209547
-5.0,-456.0,893.0,14:01:40.226204
-1.0,-558.0,1148.0,14:01:40.230282
56.0,-542.0,943.0,14:01:40.239642
33.0,-587.0,1114.0,14:01:40.249111
32.0,-450.0,893.0,14:01:40.259514
-30.0,-684.0,1107.0,14:01:40.268981
12.0,-512.0,877.0,14:01:40.279572
105.0,-428.0,796.0,14:01:40.289007
54.0,-464.0,934.0,14:01:40.298301
21.0,-456.0,792.0,14:01:40.309086
25.0,-385.0,886.0,14:01:40.318358
-34.0,-541.0,1157.0,14:01:40.327805
99.0,-517.0,883.0,14:01:40.338308
71.0,-460.0,654.0,14:01:40.347851
11.0,-510.0,1036.0,14:01:40.358266
64.0,-575.0,1248.0,14:01:40.367702
15.0,-552.0,728.0,14:01:40.377019
184.0,-532.0,834.0,14:01:40.387568
95.0,-542.0,804.0,14:01:40.397120
-8.0,-432.0,964.0,14:01:40.407703
157.0,-559.0,878.0,14:01:40.417031
75.0,-588.0,1124.0,14:01:40.426538
-1.0,-484.0,611.0,14:01:40.437095
41.0,-594.0,1015.0,14:01:40.446461
-76.0,-430.0,872.0,14:01:40.455847
25.0,-463.0,1006.0,14:01:40.466373
60.0,-581.0,869.0,14:01:40.475835
-96.0,-453.0,918.0,14:01:40.486320
108.0,-515.0,932.0,14:01:40.495725
6.0,-521.0,1028.0,14:01:40.515375
108.0,-429.0,812.0,14:01:40.525856
56.0,-577.0,1066.0,14:01:40.535304
96.0,-389.0,794.0,14:01:40.544738
27.0,-454.0,931.0,14:01:40.555175
88.0,-571.0,885.0,14:01:40.564674
22.0,-482.0,697.0,14:01:40.575251
108.0,-347.0,773.0,14:01:40.584582
-144.0,-539.0,1257.0,14:01:40.593959
179.0,-512.0,935.0,14:01:40.604397
198.0,-452.0,886.0,14:01:40.613794
-4.0,-312.0,875.0,14:01:40.624215
164.0,-356.0,923.0,14:01:40.633704
96.0,-370.0,912.0,14:01:40.644128
-73.0,-496.0,924.0,14:01:40.653601
6.0,-499.0,929.0,14:01:40.663033
-51.0,-636.0,912.0,14:01:40.673639
4.0,-474.0,971.0,14:01:40.682944
64.0,-701.0,1177.0,14:01:40.693575
-29.0,-493.0,551.0,14:01:40.702905
252.0,-588.0,834.0,14:01:40.712887
29.0,-378.0,979.0,14:01:40.722289
-27.0,-431.0,880.0,14:01:40.732012
175.0,-568.0,1003.0,14:01:40.742564
-91.0,-593.0,833.0,14:01:40.751972
59.0,-469.0,817.0,14:01:40.762630
63.0,-571.0,1046.0,14:01:40.772013
-46.0,-416.0,996.0,14:01:40.781371
-59.0,-501.0,946.0,14:01:40.791991
-9.0,-599.0,1005.0,14:01:40.811635
168.0,-418.0,918.0,14:01:40.821066
-59.0,-606.0,921.0,14:01:40.830444
-17.0,-461.0,826.0,14:01:40.841028
119.0,-590.0,942.0,14:01:40.850359
-31.0,-556.0,797.0,14:01:40.860793
71.0,-496.0,818.0,14:01:40.870232
34.0,-484.0,838.0,14:01:40.880770
33.0,-412.0,897.0,14:01:40.890200
48.0,-681.0,1193.0,14:01:40.899650
8.0,-768.0,959.0,14:01:40.910159
107.0,-466.0,716.0,14:01:40.919551
69.0,-578.0,1039.0,14:01:40.930042
33.0,-481.0,826.0,14:01:40.939395
84.0,-436.0,746.0,14:01:40.949875
-34.0,-500.0,946.0,14:01:40.959346
30.0,-499.0,884.0,14:01:40.968623
174.0,-498.0,887.0,14:01:40.979176
-39.0,-618.0,880.0,14:01:40.988507
68.0,-543.0,1136.0,14:01:40.999086
53.0,-600.0,974.0,14:01:41.008382
15.0,-407.0,694.0,14:01:41.026178
93.0,-543.0,946.0,14:01:41.030683
-54.0,-424.0,818.0,14:01:41.037879
-18.0,-401.0,750.0,14:01:41.048487
5.0,-605.0,1311.0,14:01:41.057955
-11.0,-632.0,1100.0,14:01:41.067247
119.0,-578.0,614.0,14:01:41.077894
2.0,-502.0,749.0,14:01:41.087230
-3.0,-510.0,1044.0,14:01:41.097769
139.0,-412.0,766.0,14:01:41.107159
-43.0,-429.0,844.0,14:01:41.116554
-53.0,-532.0,1173.0,14:01:41.127118
139.0,-421.0,790.0,14:01:41.136427
-61.0,-435.0,960.0,14:01:41.146985
-49.0,-524.0,1112.0,14:01:41.156364
116.0,-398.0,746.0,14:01:41.165848
-53.0,-555.0,1037.0,14:01:41.176399
35.0,-547.0,1096.0,14:01:41.185910
-19.0,-393.0,760.0,14:01:41.195251
37.0,-480.0,993.0,14:01:41.205850
119.0,-560.0,921.0,14:01:41.215199
-73.0,-575.0,974.0,14:01:41.225837
74.0,-420.0,867.0,14:01:41.235213
73.0,-637.0,1257.0,14:01:41.244675
-94.0,-444.0,849.0,14:01:41.255087
124.0,-695.0,930.0,14:01:41.264447
2.0,-425.0,783.0,14:01:41.274989
22.0,-444.0,693.0,14:01:41.284422
44.0,-367.0,775.0,14:01:41.294869
-57.0,-529.0,882.0,14:01:41.304240
37.0,-616.0,1135.0,14:01:41.313720
115.0,-926.0,1691.0,14:01:41.324205
77.0,-642.0,558.0,14:01:41.333593
145.0,-885.0,1226.0,14:01:41.344083
-18.0,-562.0,714.0,14:01:41.353614
104.0,-322.0,471.0,14:01:41.362980
-18.0,-425.0,1095.0,14:01:41.373401
-165.0,-416.0,644.0,14:01:41.382764
-78.0,-471.0,566.0,14:01:41.393241
-179.0,-477.0,938.0,14:01:41.402607
-121.0,-411.0,1104.0,14:01:41.413084
1.0,-495.0,1223.0,14:01:41.428677
45.0,-720.0,1073.0,14:01:41.432169
64.0,-423.0,557.0,14:01:41.442689
58.0,-479.0,801.0,14:01:41.452140
-36.0,-458.0,1039.0,14:01:41.461480
84.0,-618.0,1079.0,14:01:41.471959
-54.0,-520.0,715.0,14:01:41.481403
16.0,-606.0,695.0,14:01:41.491902
71.0,-523.0,863.0,14:01:41.501382
-102.0,-570.0,1063.0,14:01:41.510824
23.0,-693.0,878.0,14:01:41.521363
187.0,-571.0,645.0,14:01:41.530738
-143.0,-593.0,966.0,14:01:41.541231
18.0,-540.0,870.0,14:01:41.550534
-51.0,-558.0,932.0,14:01:41.561013
-105.0,-406.0,809.0,14:01:41.570385
134.0,-575.0,944.0,14:01:41.580852
-59.0,-449.0,635.0,14:01:41.590353
-10.0,-429.0,953.0,14:01:41.599778
30.0,-320.0,1049.0,14:01:41.610433
44.0,-417.0,846.0,14:01:41.619758
-50.0,-598.0,1130.0,14:01:41.629059
103.0,-453.0,906.0,14:01:41.639606
118.0,-659.0,1027.0,14:01:41.648998
216.0,-669.0,992.0,14:01:41.659597
94.0,-365.0,658.0,14:01:41.669050
9.0,-317.0,724.0,14:01:41.678500
-22.0,-300.0,1101.0,14:01:41.689062
-200.0,-360.0,979.0,14:01:41.698465
58.0,-502.0,973.0,14:01:41.709034
168.0,-574.0,941.0,14:01:41.718417
-107.0,-559.0,939.0,14:01:41.727854
195.0,-689.0,1042.0,14:01:41.738430
71.0,-680.0,1106.0,14:01:41.747816
162.0,-482.0,722.0,14:01:41.757195
130.0,-582.0,827.0,14:01:41.767770
-39.0,-406.0,589.0,14:01:41.777118
31.0,-387.0,859.0,14:01:41.787554
64.0,-505.0,997.0,14:01:41.797021
-108.0,-788.0,1041.0,14:01:41.807546
209.0,-465.0,685.0,14:01:41.816928
72.0,-650.0,1043.0,14:01:41.826255
92.0,-526.0,857.0,14:01:41.836725
70.0,-498.0,942.0,14:01:41.846042
-109.0,-563.0,1064.0,14:01:41.856488
115.0,-446.0,743.0,14:01:41.865924
79.0,-583.0,911.0,14:01:41.876318
17.0,-549.0,986.0,14:01:41.885817
39.0,-488.0,1010.0,14:01:41.896232
63.0,-395.0,791.0,14:01:41.905635
44.0,-484.0,967.0,14:01:41.916023
21.0,-440.0,970.0,14:01:41.925442
20.0,-414.0,925.0,14:01:41.934782
-40.0,-398.0,976.0,14:01:41.945381
102.0,-599.0,974.0,14:01:41.954747
10.0,-453.0,600.0,14:01:41.965229
91.0,-353.0,950.0,14:01:41.974643
47.0,-485.0,1030.0,14:01:41.984011
49.0,-475.0,780.0,14:01:41.994475
193.0,-396.0,1020.0,14:01:42.003798
-60.0,-524.0,1144.0,14:01:42.014372
109.0,-405.0,688.0,14:01:42.023753
-55.0,-435.0,823.0,14:01:42.034328
-41.0,-486.0,923.0,14:01:42.043617
59.0,-431.0,942.0,14:01:42.053203
65.0,-505.0,880.0,14:01:42.063616
-65.0,-564.0,950.0,14:01:42.072964
159.0,-573.0,1011.0,14:01:42.083545
-32.0,-606.0,1075.0,14:01:42.092863
213.0,-460.0,757.0,14:01:42.103353
-3.0,-468.0,1065.0,14:01:42.112700
12.0,-416.0,965.0,14:01:42.122155
150.0,-504.0,901.0,14:01:42.132618
19.0,-452.0,878.0,14:01:42.142089
-1.0,-548.0,1007.0,14:01:42.152529
177.0,-494.0,968.0,14:01:42.161902
84.0,-507.0,930.0,14:01:42.171284
72.0,-440.0,826.0,14:01:42.181768
101.0,-612.0,967.0,14:01:42.191209
100.0,-400.0,781.0,14:01:42.201652
150.0,-348.0,768.0,14:01:42.211218
-14.0,-632.0,1126.0,14:01:42.228879
108.0,-494.0,894.0,14:01:42.232729
79.0,-563.0,878.0,14:01:42.241038
107.0,-677.0,939.0,14:01:42.250355
4.0,-439.0,837.0,14:01:42.260834
26.0,-733.0,1222.0,14:01:42.270188
82.0,-330.0,649.0,14:01:42.280668
156.0,-737.0,849.0,14:01:42.289932
102.0,-642.0,808.0,14:01:42.300375
148.0,-412.0,800.0,14:01:42.309803
-32.0,-599.0,1042.0,14:01:42.320237
67.0,-595.0,760.0,14:01:42.329558
127.0,-650.0,879.0,14:01:42.338964
-54.0,-493.0,833.0,14:01:42.349504
74.0,-597.0,1024.0,14:01:42.358779
-170.0,-542.0,1241.0,14:01:42.369335
71.0,-799.0,809.0,14:01:42.378710
135.0,-488.0,576.0,14:01:42.388150
-2.0,-457.0,903.0,14:01:42.398656
-30.0,-538.0,964.0,14:01:42.408140
-4.0,-576.0,1098.0,14:01:42.418733
-79.0,-544.0,819.0,14:01:42.428081
146.0,-516.0,856.0,14:01:42.437476
-41.0,-578.0,1020.0,14:01:42.448029
-32.0,-452.0,923.0,14:01:42.457542
34.0,-428.0,704.0,14:01:42.467006
-117.0,-504.0,921.0,14:01:42.477708
-13.0,-583.0,1072.0,14:01:42.487083
125.0,-444.0,850.0,14:01:42.497617
-91.0,-536.0,908.0,14:01:42.507099
-1.0,-457.0,1144.0,14:01:42.516442
-33.0,-644.0,927.0,14:01:42.526996
19.0,-488.0,876.0,14:01:42.536385
84.0,-402.0,853.0,14:01:42.546897
-180.0,-515.0,988.0,14:01:42.556284
9.0,-558.0,1056.0,14:01:42.565794
122.0,-523.0,674.0,14:01:42.576212
7.0,-484.0,682.0,14:01:42.585580
36.0,-314.0,894.0,14:01:42.596094
-67.0,-510.0,1264.0,14:01:42.605514
189.0,-455.0,891.0,14:01:42.615986
194.0,-552.0,807.0,14:01:42.632821
-6.0,-330.0,752.0,14:01:42.636036
156.0,-663.0,1303.0,14:01:42.645341
119.0,-491.0,990.0,14:01:42.654861
45.0,-563.0,780.0,14:01:42.665342
132.0,-583.0,1004.0,14:01:42.674751
1.0,-460.0,810.0,14:01:42.684154
99.0,-479.0,817.0,14:01:42.694673
-76.0,-525.0,1082.0,14:01:42.703985
101.0,-550.0,781.0,14:01:42.714396
-84.0,-540.0,980.0,14:01:42.723775
15.0,-525.0,1022.0,14:01:42.734248
-27.0,-637.0,1055.0,14:01:42.743639
-24.0,-545.0,757.0,14:01:42.754006
30.0,-473.0,793.0,14:01:42.763428
-25.0,-617.0,1190.0,14:01:42.772742
14.0,-478.0,823.0,14:01:42.783268
-90.0,-498.0,689.0,14:01:42.792563
107.0,-613.0,1003.0,14:01:42.803231
-31.0,-453.0,851.0,14:01:42.812483
89.0,-689.0,1015.0,14:01:42.823048
17.0,-583.0,924.0,14:01:42.832455
80.0,-495.0,782.0,14:01:42.841871
72.0,-603.0,924.0,14:01:42.852453
22.0,-554.0,881.0,14:01:42.861813
69.0,-354.0,660.0,14:01:42.872413
47.0,-407.0,843.0,14:01:42.881789
-62.0,-409.0,907.0,14:01:42.891224
28.0,-534.0,986.0,14:01:42.901785
109.0,-441.0,913.0,14:01:42.911195
16.0,-487.0,887.0,14:01:42.920624
-16.0,-652.0,1050.0,14:01:42.931186
129.0,-521.0,808.0,14:01:42.940494
84.0,-499.0,823.0,14:01:42.951066
187.0,-450.0,993.0,14:01:42.960415
66.0,-585.0,891.0,14:01:42.970921
56.0,-578.0,811.0,14:01:42.980268
120.0,-596.0,1027.0,14:01:42.989725
-12.0,-600.0,864.0,14:01:43.000213
77.0,-651.0,983.0,14:01:43.009640
140.0,-469.0,841.0,14:01:43.020210
12.0,-546.0,792.0,14:01:43.029725
81.0,-386.0,810.0,14:01:43.039048
97.0,-473.0,708.0,14:01:43.049659
40.0,-501.0,1061.0,14:01:43.059023
65.0,-591.0,994.0,14:01:43.068438
12.0,-415.0,730.0,14:01:43.079050
127.0,-532.0,1174.0,14:01:43.088399
-53.0,-421.0,1013.0,14:01:43.098982
-54.0,-408.0,798.0,14:01:43.108350
117.0,-528.0,1049.0,14:01:43.118851
-1.0,-570.0,998.0,14:01:43.128226
207.0,-393.0,659.0,14:01:43.137550
46.0,-497.0,1048.0,14:01:43.148160
52.0,-548.0,987.0,14:01:43.157526
3.0,-544.0,709.0,14:01:43.167994
113.0,-438.0,869.0,14:01:43.177440
-33.0,-458.0,985.0,14:01:43.186768
39.0,-505.0,937.0,14:01:43.197241
-34.0,-545.0,990.0,14:01:43.206537
169.0,-546.0,952.0,14:01:43.217194
-6.0,-584.0,1105.0,14:01:43.226541
12.0,-472.0,859.0,14:01:43.237107
46.0,-504.0,947.0,14:01:43.246361
36.0,-637.0,955.0,14:01:43.255797
58.0,-713.0,764.0,14:01:43.266230
135.0,-395.0,741.0,14:01:43.275648
-90.0,-538.0,958.0,14:01:43.286081
13.0,-513.0,860.0,14:01:43.295460
153.0,-627.0,935.0,14:01:43.305862
-39.0,-510.0,855.0,14:01:43.315222
167.0,-429.0,874.0,14:01:43.325783
-16.0,-458.0,1004.0,14:01:43.335268
-45.0,-611.0,1030.0,14:01:43.344710
160.0,-455.0,766.0,14:01:43.355293
-104.0,-407.0,889.0,14:01:43.364700
-12.0,-285.0,982.0,14:01:43.374111
125.0,-533.0,960.0,14:01:43.384761
-6.0,-440.0,923.0,14:01:43.394068
167.0,-490.0,996.0,14:01:43.404564
-97.0,-479.0,980.0,14:01:43.413958
-168.0,-590.0,1093.0,14:01:43.432474
89.0,-494.0,763.0,14:01:43.433866
68.0,-515.0,801.0,14:01:43.443657
-52.0,-488.0,891.0,14:01:43.453049
2.0,-585.0,883.0,14:01:43.463653
-64.0,-515.0,777.0,14:01:43.472964
-86.0,-547.0,1004.0,14:01:43.483513
-21.0,-479.0,915.0,14:01:43.492868
73.0,-714.0,919.0,14:01:43.502467
196.0,-393.0,805.0,14:01:43.512907
122.0,-485.0,878.0,14:01:43.522232
81.0,-432.0,982.0,14:01:43.532701
141.0,-517.0,823.0,14:01:43.542114
108.0,-420.0,647.0,14:01:43.552562
87.0,-305.0,725.0,14:01:43.561838
45.0,-520.0,1121.0,14:01:43.572415
70.0,-431.0,879.0,14:01:43.581859
22.0,-514.0,1135.0,14:01:43.591321
-16.0,-461.0,958.0,14:01:43.601730
138.0,-436.0,1038.0,14:01:43.611225
-53.0,-491.0,966.0,14:01:43.620596
213.0,-719.0,1114.0,14:01:43.631102
217.0,-378.0,685.0,14:01:43.640473
-121.0,-443.0,942.0,14:01:43.651019
16.0,-699.0,1128.0,14:01:43.660404
33.0,-543.0,702.0,14:01:43.670857
7.0,-645.0,936.0,14:01:43.680204
35.0,-519.0,879.0,14:01:43.690702
175.0,-653.0,875.0,14:01:43.700168
-28.0,-602.0,956.0,14:01:43.709585
131.0,-568.0,708.0,14:01:43.720148
40.0,-435.0,784.0,14:01:43.729487
46.0,-678.0,1026.0,14:01:43.739020
108.0,-416.0,794.0,14:01:43.749486
-86.0,-719.0,1308.0,14:01:43.758993
112.0,-549.0,611.0,14:01:43.769561
83.0,-399.0,685.0,14:01:43.779060
17.0,-457.0,1050.0,14:01:43.788451
-130.0,-594.0,1088.0,14:01:43.798969
36.0,-484.0,715.0,14:01:43.808456
-53.0,-546.0,856.0,14:01:43.817875
-12.0,-615.0,1166.0,14:01:43.830740
44.0,-533.0,967.0,14:01:43.837920
170.0,-487.0,885.0,14:01:43.848350
-47.0,-662.0,944.0,14:01:43.857827
269.0,-594.0,870.0,14:01:43.867222
-90.0,-343.0,838.0,14:01:43.877766
161.0,-590.0,962.0,14:01:43.887195
-94.0,-497.0,918.0,14:01:43.897768
63.0,-469.0,709.0,14:01:43.907162
-57.0,-754.0,1168.0,14:01:43.916455
16.0,-562.0,844.0,14:01:43.927018
62.0,-615.0,1041.0,14:01:43.936405
-38.0,-591.0,966.0,14:01:43.946973
-4.0,-326.0,689.0,14:01:43.956385
-6.0,-505.0,930.0,14:01:43.965783
5.0,-541.0,1030.0,14:01:43.976335
-58.0,-332.0,751.0,14:01:43.985825
32.0,-361.0,767.0,14:01:43.996282
-136.0,-540.0,1004.0,14:01:44.005653
48.0,-464.0,1033.0,14:01:44.015009
20.0,-387.0,804.0,14:01:44.025519
-151.0,-611.0,1101.0,14:01:44.034820
110.0,-617.0,1030.0,14:01:44.045291
37.0,-483.0,799.0,14:01:44.054747
32.0,-491.0,990.0,14:01:44.065313
18.0,-556.0,738.0,14:01:44.074656
22.0,-610.0,989.0,14:01:44.084101
74.0,-491.0,875.0,14:01:44.094659
71.0,-587.0,755.0,14:01:44.104101
20.0,-532.0,860.0,14:01:44.113530
81.0,-558.0,897.0,14:01:44.133077
-11.0,-510.0,834.0,14:01:44.143707
-88.0,-512.0,991.0,14:01:44.153082
-4.0,-622.0,906.0,14:01:44.163639
-119.0,-477.0,951.0,14:01:44.173040
110.0,-554.0,839.0,14:01:44.183782
-28.0,-563.0,878.0,14:01:44.193145
-85.0,-327.0,782.0,14:01:44.202450
54.0,-432.0,1009.0,14:01:44.213174
-5.0,-402.0,919.0,14:01:44.222441
180.0,-616.0,1121.0,14:01:44.233052
32.0,-523.0,828.0,14:01:44.242406
69.0,-492.0,851.0,14:01:44.251834
-37.0,-613.0,1092.0,14:01:44.262404
187.0,-488.0,629.0,14:01:44.271789
100.0,-441.0,759.0,14:01:44.281243
-24.0,-304.0,725.0,14:01:44.291865
97.0,-418.0,902.0,14:01:44.301234
-6.0,-477.0,1103.0,14:01:44.311806
30.0,-721.0,1233.0,14:01:44.321106
215.0,-516.0,648.0,14:01:44.330512
-21.0,-573.0,912.0,14:01:44.341044
55.0,-583.0,938.0,14:01:44.350426
254.0,-416.0,746.0,14:01:44.360948
67.0,-615.0,951.0,14:01:44.370412
102.0,-581.0,822.0,14:01:44.379676
114.0,-488.0,851.0,14:01:44.390175
29.0,-565.0,1010.0,14:01:44.399828
149.0,-563.0,921.0,14:01:44.410432
37.0,-562.0,891.0,14:01:44.419746
131.0,-592.0,919.0,14:01:44.429111
180.0,-446.0,676.0,14:01:44.439641
-1.0,-435.0,1136.0,14:01:44.449058
158.0,-607.0,1113.0,14:01:44.459608
110.0,-376.0,599.0,14:01:44.469045
48.0,-422.0,766.0,14:01:44.479413
16.0,-460.0,1169.0,14:01:44.488813
36.0,-399.0,795.0,14:01:44.498128
29.0,-455.0,1080.0,14:01:44.508580
104.0,-608.0,1097.0,14:01:44.517933
92.0,-448.0,844.0,14:01:44.528370
2.0,-586.0,1295.0,14:01:44.537831
208.0,-638.0,946.0,14:01:44.548207
110.0,-428.0,479.0,14:01:44.557460
1.0,-418.0,873.0,14:01:44.568067
103.0,-521.0,970.0,14:01:44.577505
77.0,-404.0,711.0,14:01:44.586928
75.0,-524.0,1002.0,14:01:44.597402
67.0,-640.0,1068.0,14:01:44.606760
41.0,-577.0,820.0,14:01:44.617295
70.0,-704.0,1016.0,14:01:44.626706
140.0,-611.0,947.0,14:01:44.638100
16.0,-523.0,885.0,14:01:44.646297
33.0,-756.0,1087.0,14:01:44.655776
-20.0,-511.0,551.0,14:01:44.666364
-65.0,-395.0,840.0,14:01:44.675747
-38.0,-591.0,1196.0,14:01:44.686234
2.0,-541.0,644.0,14:01:44.695547
7.0,-599.0,802.0,14:01:44.706142
-54.0,-444.0,1004.0,14:01:44.715492
-84.0,-584.0,1088.0,14:01:44.724867
-8.0,-510.0,912.0,14:01:44.735377
89.0,-597.0,958.0,14:01:44.744862
59.0,-404.0,712.0,14:01:44.755313
-104.0,-385.0,880.0,14:01:44.764862
-56.0,-413.0,1093.0,14:01:44.774170
35.0,-604.0,1104.0,14:01:44.784877
-3.0,-416.0,704.0,14:01:44.794187
9.0,-432.0,841.0,14:01:44.803705
-223.0,-376.0,1170.0,14:01:44.814145
69.0,-516.0,817.0,14:01:44.823733
-106.0,-503.0,941.0,14:01:44.834190
27.0,-579.0,800.0,14:01:44.843636
-48.0,-586.0,998.0,14:01:44.852977
-33.0,-357.0,695.0,14:01:44.863597
26.0,-686.0,1291.0,14:01:44.872894
72.0,-544.0,868.0,14:01:44.883329
83.0,-554.0,817.0,14:01:44.892598
-16.0,-403.0,926.0,14:01:44.903202
10.0,-631.0,1025.0,14:01:44.912490
73.0,-411.0,730.0,14:01:44.922975
62.0,-522.0,835.0,14:01:44.932313
-45.0,-589.0,884.0,14:01:44.941719
174.0,-624.0,1070.0,14:01:44.952190
72.0,-591.0,921.0,14:01:44.961627
-25.0,-544.0,826.0,14:01:44.972113
110.0,-573.0,925.0,14:01:44.981490
91.0,-529.0,794.0,14:01:44.991987
23.0,-488.0,988.0,14:01:45.001333
31.0,-591.0,891.0,14:01:45.021015
57.0,-552.0,853.0,14:01:45.038970
33.0,-455.0,828.0,14:01:45.041518
102.0,-552.0,1066.0,14:01:45.050833
48.0,-494.0,1006.0,14:01:45.060287
153.0,-661.0,872.0,14:01:45.070866
134.0,-410.0,794.0,14:01:45.080309
4.0,-552.0,1014.0,14:01:45.089663
-17.0,-558.0,974.0,14:01:45.100204
75.0,-484.0,860.0,14:01:45.109663
-46.0,-581.0,1060.0,14:01:45.119139
48.0,-499.0,756.0,14:01:45.129601
-8.0,-465.0,902.0,14:01:45.139012
45.0,-606.0,1078.0,14:01:45.149497
49.0,-367.0,790.0,14:01:45.159063
18.0,-507.0,617.0,14:01:45.169487
68.0,-494.0,913.0,14:01:45.178897
-4.0,-320.0,969.0,14:01:45.188284
-154.0,-545.0,929.0,14:01:45.198942
35.0,-499.0,738.0,14:01:45.208340
3.0,-575.0,1101.0,14:01:45.217851
-50.0,-598.0,1004.0,14:01:45.228260
82.0,-360.0,741.0,14:01:45.237739
43.0,-481.0,1107.0,14:01:45.248183
80.0,-650.0,1089.0,14:01:45.257620
108.0,-544.0,695.0,14:01:45.268131
1.0,-616.0,997.0,14:01:45.277548
111.0,-517.0,859.0,14:01:45.287000
120.0,-247.0,558.0,14:01:45.297490
-20.0,-538.0,1124.0,14:01:45.306935
61.0,-371.0,759.0,14:01:45.316351
-29.0,-476.0,1071.0,14:01:45.326842
-56.0,-535.0,927.0,14:01:45.336203
80.0,-358.0,670.0,14:01:45.346657
10.0,-528.0,1092.0,14:01:45.356044
71.0,-499.0,1150.0,14:01:45.366433
18.0,-573.0,805.0,14:01:45.375845
-7.0,-423.0,756.0,14:01:45.386254
123.0,-441.0,875.0,14:01:45.395735
99.0,-474.0,1056.0,14:01:45.406147
-24.0,-537.0,1119.0,14:01:45.415563
150.0,-552.0,685.0,14:01:45.424861
-7.0,-423.0,691.0,14:01:45.435410
-60.0,-696.0,1341.0,14:01:45.444757
-30.0,-531.0,910.0,14:01:45.455274
0.0,-529.0,699.0,14:01:45.464633
55.0,-549.0,837.0,14:01:45.475245
-27.0,-598.0,1156.0,14:01:45.484628
-67.0,-344.0,793.0,14:01:45.494049
29.0,-563.0,1110.0,14:01:45.504660
107.0,-389.0,672.0,14:01:45.514117
-28.0,-342.0,541.0,14:01:45.523590
62.0,-500.0,1035.0,14:01:45.534222
23.0,-511.0,1126.0,14:01:45.543581
50.0,-420.0,825.0,14:01:45.554055
-22.0,-627.0,984.0,14:01:45.563493
-39.0,-400.0,895.0,14:01:45.572957
68.0,-569.0,1283.0,14:01:45.583508
80.0,-404.0,719.0,14:01:45.592874
83.0,-590.0,712.0,14:01:45.602395
185.0,-242.0,503.0,14:01:45.612893
-35.0,-436.0,1153.0,14:01:45.622359
-71.0,-487.0,1029.0,14:01:45.632858
46.0,-650.0,1067.0,14:01:45.642372
120.0,-710.0,1063.0,14:01:45.651680
168.0,-744.0,1428.0,14:01:45.662227
158.0,-884.0,988.0,14:01:45.671601
218.0,-642.0,898.0,14:01:45.682110
221.0,-591.0,633.0,14:01:45.691435
94.0,-424.0,479.0,14:01:45.700853
-16.0,-449.0,813.0,14:01:45.711385
-162.0,-379.0,743.0,14:01:45.720843
-77.0,-466.0,587.0,14:01:45.731372
36.0,-512.0,1144.0,14:01:45.740777
-133.0,-535.0,1422.0,14:01:45.750319
207.0,-744.0,882.0,14:01:45.760986
151.0,-554.0,584.0,14:01:45.770228
165.0,-401.0,887.0,14:01:45.780693
-37.0,-356.0,925.0,14:01:45.790144
-42.0,-458.0,1009.0,14:01:45.799566
-121.0,-459.0,699.0,14:01:45.810198
95.0,-756.0,1358.0,14:01:45.819568
-67.0,-554.0,1040.0,14:01:45.830087
23.0,-586.0,1020.0,14:01:45.840855
95.0,-493.0,889.0,14:01:45.849297
29.0,-481.0,729.0,14:01:45.858622
167.0,-586.0,694.0,14:01:45.869124
-16.0,-373.0,737.0,14:01:45.878462
-132.0,-536.0,903.0,14:01:45.889094
-58.0,-537.0,965.0,14:01:45.898450
116.0,-663.0,1276.0,14:01:45.909074
64.0,-439.0,825.0,14:01:45.918380
129.0,-535.0,834.0,14:01:45.928027
15.0,-489.0,1048.0,14:01:45.938516
158.0,-470.0,846.0,14:01:45.947992
43.0,-571.0,980.0,14:01:45.957400
28.0,-566.0,752.0,14:01:45.968050
3.0,-580.0,798.0,14:01:45.977385
102.0,-474.0,936.0,14:01:45.987948
-20.0,-439.0,739.0,14:01:45.997363
-25.0,-502.0,1212.0,14:01:46.006797
-51.0,-423.0,960.0,14:01:46.017351
-86.0,-461.0,672.0,14:01:46.026682
-48.0,-422.0,1000.0,14:01:46.036047
-116.0,-589.0,1501.0,14:01:46.046542
76.0,-677.0,776.0,14:01:46.056061
-78.0,-537.0,943.0,14:01:46.066486
-92.0,-646.0,903.0,14:01:46.075906
31.0,-531.0,901.0,14:01:46.086397
3.0,-331.0,823.0,14:01:46.095931
-174.0,-482.0,890.0,14:01:46.105303
23.0,-505.0,736.0,14:01:46.115887
-37.0,-398.0,651.0,14:01:46.125199
1.0,-540.0,1203.0,14:01:46.134675
84.0,-586.0,1241.0,14:01:46.145113
41.0,-584.0,678.0,14:01:46.154696
102.0,-487.0,476.0,14:01:46.165143
82.0,-473.0,962.0,14:01:46.174543
-89.0,-447.0,1208.0,14:01:46.185025
264.0,-412.0,864.0,14:01:46.194377
-55.0,-540.0,787.0,14:01:46.203628
-60.0,-257.0,722.0,14:01:46.214178
-104.0,-601.0,1070.0,14:01:46.223648
-17.0,-425.0,646.0,14:01:46.241752
-57.0,-693.0,1354.0,14:01:46.243160
81.0,-766.0,1216.0,14:01:46.253647
27.0,-755.0,745.0,14:01:46.263043
74.0,-509.0,774.0,14:01:46.273566
-148.0,-305.0,895.0,14:01:46.283040
8.0,-448.0,690.0,14:01:46.292424
-116.0,-418.0,924.0,14:01:46.302950
43.0,-627.0,1020.0,14:01:46.312492
160.0,-551.0,1024.0,14:01:46.322990
15.0,-547.0,970.0,14:01:46.332401
-22.0,-606.0,1205.0,14:01:46.341772
205.0,-559.0,698.0,14:01:46.352522
50.0,-382.0,596.0,14:01:46.361868
79.0,-373.0,925.0,14:01:46.371261
30.0,-572.0,988.0,14:01:46.381844
-6.0,-500.0,741.0,14:01:46.391308
11.0,-465.0,869.0,14:01:46.401861
-123.0,-532.0,975.0,14:01:46.411333
29.0,-618.0,1219.0,14:01:46.420674
64.0,-526.0,915.0,14:01:46.431305
71.0,-494.0,604.0,14:01:46.440700
-10.0,-396.0,769.0,14:01:46.450198
46.0,-609.0,958.0,14:01:46.460694
-81.0,-614.0,912.0,14:01:46.470319
140.0,-546.0,794.0,14:01:46.479682
-121.0,-502.0,1042.0,14:01:46.490208
49.0,-515.0,1064.0,14:01:46.499575
167.0,-670.0,942.0,14:01:46.510285
-48.0,-588.0,862.0,14:01:46.519662
228.0,-363.0,874.0,14:01:46.529102
115.0,-545.0,943.0,14:01:46.539540
85.0,-620.0,1108.0,14:01:46.549014
160.0,-215.0,705.0,14:01:46.559402
-190.0,-362.0,819.0,14:01:46.568837
-17.0,-647.0,969.0,14:01:46.579303
67.0,-360.0,585.0,14:01:46.588694
-44.0,-393.0,1227.0,14:01:46.598050
166.0,-546.0,1154.0,14:01:46.608628
176.0,-447.0,842.0,14:01:46.617958
180.0,-392.0,640.0,14:01:46.628477
69.0,-446.0,966.0,14:01:46.637876
39.0,-600.0,967.0,14:01:46.648337
150.0,-384.0,648.0,14:01:46.657580
83.0,-459.0,1044.0,14:01:46.667115
-231.0,-598.0,1093.0,14:01:46.677724
109.0,-528.0,1024.0,14:01:46.687094
136.0,-747.0,1212.0,14:01:46.697542
-35.0,-383.0,736.0,14:01:46.707070
95.0,-656.0,938.0,14:01:46.716353
30.0,-425.0,732.0,14:01:46.727046
83.0,-351.0,796.0,14:01:46.736291
-41.0,-478.0,1064.0,14:01:46.745900
4.0,-401.0,810.0,14:01:46.756413
64.0,-549.0,917.0,14:01:46.765898
-118.0,-646.0,1205.0,14:01:46.776383
120.0,-572.0,1092.0,14:01:46.785880
-13.0,-547.0,906.0,14:01:46.796379
129.0,-493.0,481.0,14:01:46.805831
95.0,-429.0,787.0,14:01:46.815103
119.0,-636.0,1435.0,14:01:46.824739
-20.0,-391.0,881.0,14:01:46.835132
171.0,-636.0,765.0,14:01:46.844521
-12.0,-487.0,782.0,14:01:46.855000
122.0,-623.0,1249.0,14:01:46.864415
70.0,-336.0,898.0,14:01:46.874888
-12.0,-701.0,973.0,14:01:46.884300
76.0,-373.0,469.0,14:01:46.894797
-40.0,-239.0,971.0,14:01:46.904252
-208.0,-543.0,1055.0,14:01:46.913605
113.0,-750.0,1323.0,14:01:46.924192
-83.0,-442.0,580.0,14:01:46.933600
192.0,-730.0,1055.0,14:01:46.944177
23.0,-560.0,910.0,14:01:46.953519
-136.0,-594.0,1012.0,14:01:46.962852
147.0,-454.0,902.0,14:01:46.973271
78.0,-504.0,772.0,14:01:46.982725
-132.0,-173.0,352.0,14:01:46.993126
57.0,-603.0,1173.0,14:01:47.002553
6.0,-569.0,1113.0,14:01:47.013060
49.0,-634.0,825.0,14:01:47.022525
220.0,-461.0,887.0,14:01:47.031871
-83.0,-584.0,866.0,14:01:47.044206
265.0,-576.0,1068.0,14:01:47.052585
-68.0,-471.0,884.0,14:01:47.062014
121.0,-569.0,974.0,14:01:47.071491
164.0,-490.0,687.0,14:01:47.081909
-49.0,-483.0,588.0,14:01:47.091365
89.0,-463.0,1081.0,14:01:47.101869
144.0,-512.0,789.0,14:01:47.111361
-36.0,-507.0,804.0,14:01:47.120736
-5.0,-469.0,940.0,14:01:47.131305
-28.0,-377.0,1014.0,14:01:47.140639
56.0,-663.0,1430.0,14:01:47.150132
200.0,-667.0,855.0,14:01:47.160682
-22.0,-714.0,839.0,14:01:47.170048
96.0,-536.0,600.0,14:01:47.180557
26.0,-214.0,644.0,14:01:47.189928
39.0,-459.0,1097.0,14:01:47.200399
-27.0,-534.0,899.0,14:01:47.209708
-103.0,-546.0,704.0,14:01:47.219190
44.0,-592.0,852.0,14:01:47.229677
82.0,-560.0,1367.0,14:01:47.239141
-119.0,-520.0,1176.0,14:01:47.249703
169.0,-643.0,606.0,14:01:47.259155
186.0,-421.0,614.0,14:01:47.268521
-144.0,-307.0,959.0,14:01:47.279121
83.0,-515.0,1061.0,14:01:47.288576
-95.0,-507.0,949.0,14:01:47.299060
-75.0,-359.0,680.0,14:01:47.308429
106.0,-653.0,1164.0,14:01:47.317941
-78.0,-555.0,972.0,14:01:47.328380
171.0,-476.0,999.0,14:01:47.337896
-140.0,-431.0,898.0,14:01:47.348373
51.0,-494.0,573.0,14:01:47.357868
117.0,-448.0,961.0,14:01:47.367225
-7.0,-336.0,995.0,14:01:47.377818
80.0,-481.0,924.0,14:01:47.387252
109.0,-541.0,928.0,14:01:47.396658
-73.0,-375.0,712.0,14:01:47.407128
183.0,-552.0,1049.0,14:01:47.416529
53.0,-388.0,965.0,14:01:47.427067
-48.0,-559.0,1150.0,14:01:47.444751
127.0,-550.0,861.0,14:01:47.446171
130.0,-620.0,803.0,14:01:47.455867
-2.0,-394.0,656.0,14:01:47.466343
56.0,-584.0,1280.0,14:01:47.475764
50.0,-533.0,1030.0,14:01:47.486246
161.0,-719.0,835.0,14:01:47.495514
7.0,-462.0,866.0,14:01:47.505965
-105.0,-479.0,1006.0,14:01:47.515305
50.0,-433.0,980.0,14:01:47.524780
88.0,-270.0,682.0,14:01:47.535209
-65.0,-521.0,911.0,14:01:47.544638
50.0,-596.0,916.0,14:01:47.555227
57.0,-335.0,868.0,14:01:47.564681
100.0,-427.0,998.0,14:01:47.575122
-43.0,-407.0,829.0,14:01:47.584460
84.0,-370.0,874.0,14:01:47.593753
59.0,-530.0,1322.0,14:01:47.604382
-4.0,-574.0,899.0,14:01:47.613696
235.0,-367.0,664.0,14:01:47.624232
-18.0,-761.0,1294.0,14:01:47.633667
145.0,-395.0,487.0,14:01:47.643025
69.0,-491.0,751.0,14:01:47.653540
-69.0,-505.0,1021.0,14:01:47.662956
141.0,-559.0,881.0,14:01:47.673661
42.0,-440.0,919.0,14:01:47.683107
-60.0,-737.0,1170.0,14:01:47.692416
149.0,-538.0,824.0,14:01:47.703090
201.0,-636.0,930.0,14:01:47.712480
89.0,-680.0,932.0,14:01:47.721908
118.0,-273.0,465.0,14:01:47.732424
-191.0,-474.0,1156.0,14:01:47.741778
162.0,-397.0,895.0,14:01:47.752214
79.0,-509.0,920.0,14:01:47.761644
-5.0,-561.0,886.0,14:01:47.772073
47.0,-609.0,972.0,14:01:47.781469
-113.0,-557.0,1111.0,14:01:47.791875
128.0,-596.0,893.0,14:01:47.801379
157.0,-337.0,515.0,14:01:47.810747
-79.0,-479.0,1038.0,14:01:47.821379
-37.0,-475.0,1082.0,14:01:47.830684
129.0,-616.0,950.0,14:01:47.841289
-82.0,-644.0,859.0,14:01:47.850583
16.0,-561.0,1189.0,14:01:47.860197
-43.0,-554.0,964.0,14:01:47.870596
153.0,-650.0,910.0,14:01:47.880085
122.0,-598.0,940.0,14:01:47.890532
-3.0,-511.0,647.0,14:01:47.899872
133.0,-396.0,685.0,14:01:47.910354
21.0,-426.0,1178.0,14:01:47.919733
-32.0,-527.0,832.0,14:01:47.929094
99.0,-535.0,759.0,14:01:47.939695
105.0,-618.0,1167.0,14:01:47.949080
-4.0,-511.0,929.0,14:01:47.959620
30.0,-469.0,837.0,14:01:47.968988
-49.0,-385.0,645.0,14:01:47.978279
121.0,-530.0,981.0,14:01:47.988764
-108.0,-516.0,1030.0,14:01:47.998269
50.0,-687.0,1083.0,14:01:48.008698
153.0,-619.0,778.0,14:01:48.018180
-103.0,-582.0,739.0,14:01:48.028610
223.0,-635.0,1082.0,14:01:48.038012
-41.0,-439.0,825.0,14:01:48.047261
-25.0,-565.0,817.0,14:01:48.057866
43.0,-334.0,489.0,14:01:48.067132
-107.0,-493.0,1182.0,14:01:48.077829
-54.0,-492.0,1135.0,14:01:48.087186
51.0,-665.0,973.0,14:01:48.096549
-64.0,-611.0,965.0,14:01:48.107066
76.0,-560.0,877.0,14:01:48.116586
6.0,-201.0,715.0,14:01:48.127099
-33.0,-612.0,1143.0,14:01:48.136433
15.0,-339.0,638.0,14:01:48.145866
-31.0,-363.0,1006.0,14:01:48.156476
63.0,-586.0,1210.0,14:01:48.165840
67.0,-542.0,732.0,14:01:48.176289
-76.0,-610.0,987.0,14:01:48.185584
58.0,-533.0,1179.0,14:01:48.196129
185.0,-505.0,853.0,14:01:48.205441
-106.0,-508.0,941.0,14:01:48.215911
151.0,-387.0,853.0,14:01:48.225204
-10.0,-418.0,735.0,14:01:48.234678
6.0,-359.0,923.0,14:01:48.246823
-53.0,-498.0,1112.0,14:01:48.255000
12.0,-359.0,367.0,14:01:48.264327
-18.0,-680.0,1517.0,14:01:48.274817
93.0,-510.0,980.0,14:01:48.284304
158.0,-605.0,968.0,14:01:48.294798
125.0,-421.0,814.0,14:01:48.304230
36.0,-314.0,806.0,14:01:48.313585
-13.0,-511.0,1033.0,14:01:48.324207
50.0,-536.0,656.0,14:01:48.333588
-78.0,-329.0,450.0,14:01:48.344078
64.0,-502.0,1307.0,14:01:48.353561
9.0,-620.0,1237.0,14:01:48.362950
39.0,-490.0,812.0,14:01:48.373419
192.0,-569.0,925.0,14:01:48.382774
81.0,-489.0,773.0,14:01:48.393146
98.0,-361.0,780.0,14:01:48.402622
70.0,-534.0,978.0,14:01:48.413080
147.0,-570.0,1010.0,14:01:48.422495
177.0,-498.0,666.0,14:01:48.431802
-66.0,-679.0,1044.0,14:01:48.442477
130.0,-471.0,855.0,14:01:48.451832
10.0,-557.0,980.0,14:01:48.462370
95.0,-518.0,920.0,14:01:48.471685
128.0,-467.0,729.0,14:01:48.481070
87.0,-616.0,777.0,14:01:48.491428
98.0,-569.0,660.0,14:01:48.500766
54.0,-387.0,833.0,14:01:48.511330
-56.0,-584.0,1200.0,14:01:48.520732
4.0,-592.0,994.0,14:01:48.531452
101.0,-731.0,968.0,14:01:48.540764
-39.0,-397.0,665.0,14:01:48.550257
151.0,-566.0,1184.0,14:01:48.560886
-54.0,-455.0,957.0,14:01:48.570230
-42.0,-625.0,849.0,14:01:48.579687
75.0,-426.0,813.0,14:01:48.590223
-63.0,-514.0,893.0,14:01:48.599586
6.0,-457.0,919.0,14:01:48.610138
18.0,-469.0,819.0,14:01:48.619449
-37.0,-499.0,930.0,14:01:48.629053
157.0,-370.0,813.0,14:01:48.647173
57.0,-358.0,979.0,14:01:48.651119
-22.0,-343.0,1217.0,14:01:48.659346
96.0,-545.0,940.0,14:01:48.668665
14.0,-471.0,739.0,14:01:48.679211
176.0,-408.0,828.0,14:01:48.688538
18.0,-549.0,1140.0,14:01:48.699099
1.0,-539.0,992.0,14:01:48.708523
173.0,-471.0,827.0,14:01:48.717970
58.0,-438.0,764.0,14:01:48.728367
171.0,-408.0,896.0,14:01:48.737866
124.0,-543.0,1248.0,14:01:48.748307
188.0,-572.0,686.0,14:01:48.757861
199.0,-338.0,303.0,14:01:48.767166
-17.0,-488.0,1255.0,14:01:48.777753
109.0,-563.0,1368.0,14:01:48.787075
-50.0,-488.0,947.0,14:01:48.797598
27.0,-726.0,1017.0,14:01:48.807109
121.0,-388.0,484.0,14:01:48.816464
-148.0,-530.0,1074.0,14:01:48.826960
17.0,-430.0,970.0,14:01:48.836355
51.0,-603.0,986.0,14:01:48.846874
-108.0,-635.0,664.0,14:01:48.856170
88.0,-651.0,964.0,14:01:48.865561
-62.0,-802.0,1350.0,14:01:48.876018
76.0,-365.0,662.0,14:01:48.885359
202.0,-524.0,838.0,14:01:48.895964
-29.0,-622.0,975.0,14:01:48.905359
6.0,-212.0,112.0,14:01:48.915887
22.0,-284.0,996.0,14:01:48.925229
-37.0,-430.0,1205.0,14:01:48.934603
65.0,-462.0,811.0,14:01:48.945245
113.0,-573.0,1159.0,14:01:48.954581
107.0,-631.0,1077.0,14:01:48.965118
23.0,-633.0,1127.0,14:01:48.974446
89.0,-331.0,682.0,14:01:48.983800
20.0,-463.0,995.0,14:01:48.994485
86.0,-388.0,640.0,14:01:49.003804
-91.0,-383.0,752.0,14:01:49.014345
-18.0,-475.0,1023.0,14:01:49.023832
-51.0,-745.0,1115.0,14:01:49.033155
-73.0,-383.0,601.0,14:01:49.043680
49.0,-749.0,1349.0,14:01:49.053083
140.0,-549.0,1086.0,14:01:49.063620
121.0,-563.0,859.0,14:01:49.072984
179.0,-334.0,595.0,14:01:49.083472
-3.0,-566.0,1142.0,14:01:49.092922
179.0,-415.0,593.0,14:01:49.102420
4.0,-472.0,986.0,14:01:49.112897
43.0,-669.0,1232.0,14:01:49.122182
129.0,-511.0,594.0,14:01:49.132694
19.0,-390.0,860.0,14:01:49.142021
206.0,-440.0,932.0,14:01:49.151430
148.0,-279.0,1112.0,14:01:49.161850
-1.0,-680.0,1154.0,14:01:49.171316
198.0,-548.0,583.0,14:01:49.181787
57.0,-583.0,925.0,14:01:49.191270
127.0,-470.0,1136.0,14:01:49.201683
35.0,-424.0,830.0,14:01:49.211059
-45.0,-448.0,671.0,14:01:49.221557
139.0,-469.0,832.0,14:01:49.230898
-16.0,-406.0,942.0,14:01:49.240235
18.0,-482.0,977.0,14:01:49.250912
5.0,-534.0,955.0,14:01:49.260285
59.0,-613.0,721.0,14:01:49.270667
232.0,-384.0,708.0,14:01:49.280189
45.0,-610.0,1080.0,14:01:49.289606
43.0,-659.0,1035.0,14:01:49.300106
153.0,-398.0,964.0,14:01:49.309548
44.0,-546.0,852.0,14:01:49.320114
67.0,-543.0,1043.0,14:01:49.329503
188.0,-515.0,1051.0,14:01:49.338767
36.0,-485.0,710.0,14:01:49.349243
160.0,-754.0,1043.0,14:01:49.358600
123.0,-348.0,667.0,14:01:49.369106
-110.0,-529.0,868.0,14:01:49.378443
74.0,-635.0,1237.0,14:01:49.389030
-22.0,-468.0,985.0,14:01:49.398415
-41.0,-567.0,909.0,14:01:49.407967
346.0,-488.0,806.0,14:01:49.418485
-58.0,-412.0,1002.0,14:01:49.427991
-40.0,-432.0,922.0,14:01:49.437503
201.0,-337.0,685.0,14:01:49.449619
-135.0,-571.0,950.0,14:01:49.458046
137.0,-453.0,896.0,14:01:49.467440
-112.0,-508.0,1291.0,14:01:49.477948
-107.0,-669.0,1022.0,14:01:49.487452
52.0,-423.0,373.0,14:01:49.496814
-66.0,-627.0,942.0,14:01:49.507310
-51.0,-482.0,1019.0,14:01:49.516708
-236.0,-445.0,1060.0,14:01:49.526083
74.0,-632.0,742.0,14:01:49.536523
-84.0,-398.0,592.0,14:01:49.545997
36.0,-446.0,893.0,14:01:49.556515
-67.0,-411.0,1242.0,14:01:49.565947
193.0,-437.0,805.0,14:01:49.576394
79.0,-697.0,1018.0,14:01:49.585775
65.0,-485.0,772.0,14:01:49.595155
114.0,-504.0,1016.0,14:01:49.605691
153.0,-572.0,1214.0,14:01:49.615101
64.0,-487.0,860.0,14:01:49.625570
7.0,-556.0,869.0,14:01:49.634977
163.0,-563.0,558.0,14:01:49.644335
-54.0,-306.0,954.0,14:01:49.654842
107.0,-567.0,1343.0,14:01:49.664125
46.0,-317.0,656.0,14:01:49.674710
86.0,-446.0,763.0,14:01:49.684028
-104.0,-428.0,1030.0,14:01:49.694527
223.0,-465.0,1039.0,14:01:49.703836
-36.0,-438.0,1166.0,14:01:49.714347
148.0,-647.0,1012.0,14:01:49.723673
58.0,-626.0,483.0,14:01:49.733093
-119.0,-283.0,864.0,14:01:49.743602
-77.0,-790.0,2047.0,14:01:49.753067
26.0,-722.0,1228.0,14:01:49.763622
122.0,-626.0,277.0,14:01:49.772950
73.0,-624.0,898.0,14:01:49.783408
103.0,-695.0,984.0,14:01:49.792748
47.0,-277.0,534.0,14:01:49.803203
-13.0,-660.0,939.0,14:01:49.812549
-18.0,-565.0,552.0,14:01:49.821888
-30.0,-601.0,947.0,14:01:49.832549
-187.0,-582.0,960.0,14:01:49.849961
50.0,-529.0,952.0,14:01:49.853275
-50.0,-483.0,1016.0,14:01:49.861558
83.0,-436.0,689.0,14:01:49.872147
-28.0,-496.0,878.0,14:01:49.881524
-20.0,-559.0,1092.0,14:01:49.890990
66.0,-577.0,606.0,14:01:49.910602
-6.0,-473.0,748.0,14:01:49.921188
-29.0,-421.0,1078.0,14:01:49.930660
89.0,-451.0,1040.0,14:01:49.941199
71.0,-627.0,909.0,14:01:49.950661
56.0,-584.0,644.0,14:01:49.960022
-29.0,-428.0,897.0,14:01:49.970541
0.0,-641.0,1379.0,14:01:49.979850
154.0,-561.0,852.0,14:01:49.990392
21.0,-390.0,512.0,14:01:49.999668
-33.0,-466.0,943.0,14:01:50.019285
-5.0,-350.0,742.0,14:01:50.029903
43.0,-361.0,798.0,14:01:50.039206
34.0,-454.0,714.0,14:01:50.048572
-172.0,-333.0,884.0,14:01:50.059121
24.0,-487.0,1238.0,14:01:50.068487
71.0,-654.0,1044.0,14:01:50.079011
35.0,-388.0,935.0,14:01:50.088406
80.0,-424.0,975.0,14:01:50.098974
102.0,-475.0,1299.0,14:01:50.108324
143.0,-400.0,1063.0,14:01:50.117740
169.0,-407.0,637.0,14:01:50.128168
36.0,-585.0,996.0,14:01:50.137554
177.0,-492.0,892.0,14:01:50.148075
67.0,-416.0,917.0,14:01:50.157577
-10.0,-506.0,953.0,14:01:50.166945
101.0,-482.0,747.0,14:01:50.177482
96.0,-347.0,809.0,14:01:50.186955
3.0,-493.0,964.0,14:01:50.197439
32.0,-428.0,812.0,14:01:50.206798
43.0,-485.0,1119.0,14:01:50.216288
151.0,-612.0,916.0,14:01:50.226797
16.0,-515.0,903.0,14:01:50.236084
141.0,-548.0,1133.0,14:01:50.246527
130.0,-560.0,862.0,14:01:50.256105
182.0,-544.0,772.0,14:01:50.266599
-9.0,-497.0,634.0,14:01:50.275908
79.0,-349.0,755.0,14:01:50.285294
-23.0,-554.0,963.0,14:01:50.295974
17.0,-475.0,883.0,14:01:50.305367
117.0,-573.0,869.0,14:01:50.315911
-22.0,-449.0,967.0,14:01:50.325220
88.0,-447.0,950.0,14:01:50.334772
-21.0,-548.0,1027.0,14:01:50.345186
73.0,-628.0,1127.0,14:01:50.354592
134.0,-582.0,1006.0,14:01:50.365055
17.0,-423.0,759.0,14:01:50.374438
-151.0,-659.0,1191.0,14:01:50.383815
23.0,-562.0,807.0,14:01:50.394226
109.0,-528.0,663.0,14:01:50.403665
-61.0,-552.0,1017.0,14:01:50.414227
56.0,-567.0,1028.0,14:01:50.423692
-61.0,-532.0,940.0,14:01:50.434114
-25.0,-570.0,1056.0,14:01:50.443643
-1.0,-488.0,917.0,14:01:50.452963
-137.0,-513.0,856.0,14:01:50.463620
-13.0,-608.0,1023.0,14:01:50.472988
15.0,-612.0,1095.0,14:01:50.482498
-4.0,-523.0,895.0,14:01:50.492948
44.0,-615.0,762.0,14:01:50.502424
57.0,-596.0,931.0,14:01:50.512912
50.0,-518.0,807.0,14:01:50.522413
8.0,-625.0,915.0,14:01:50.531710
-9.0,-494.0,668.0,14:01:50.542394
98.0,-527.0,792.0,14:01:50.551680
38.0,-490.0,871.0,14:01:50.562270
52.0,-668.0,1003.0,14:01:50.571539
17.0,-446.0,823.0,14:01:50.582013
82.0,-406.0,796.0,14:01:50.591434
5.0,-364.0,793.0,14:01:50.600874
51.0,-447.0,952.0,14:01:50.611455
-21.0,-469.0,901.0,14:01:50.620803
88.0,-595.0,956.0,14:01:50.631406
45.0,-419.0,806.0,14:01:50.640856
-44.0,-629.0,1151.0,14:01:50.652491
89.0,-661.0,1148.0,14:01:50.660892
113.0,-515.0,778.0,14:01:50.670160
35.0,-518.0,712.0,14:01:50.680696
-37.0,-655.0,1223.0,14:01:50.690166
80.0,-681.0,1103.0,14:01:50.699512
107.0,-415.0,637.0,14:01:50.710087
86.0,-414.0,815.0,14:01:50.719485
-26.0,-389.0,908.0,14:01:50.728986
25.0,-316.0,649.0,14:01:50.739548
63.0,-550.0,1249.0,14:01:50.748819
9.0,-587.0,1114.0,14:01:50.759401
185.0,-566.0,1100.0,14:01:50.768914
72.0,-462.0,714.0,14:01:50.778292
32.0,-510.0,942.0,14:01:50.788826
56.0,-402.0,851.0,14:01:50.798277
47.0,-527.0,964.0,14:01:50.808752
13.0,-440.0,882.0,14:01:50.818150
44.0,-433.0,645.0,14:01:50.827468
-241.0,-336.0,1030.0,14:01:50.838116
1.0,-666.0,1308.0,14:01:50.847406
-75.0,-607.0,1046.0,14:01:50.857930
47.0,-640.0,982.0,14:01:50.867379
64.0,-539.0,870.0,14:01:50.876774
80.0,-595.0,828.0,14:01:50.887227
72.0,-389.0,765.0,14:01:50.896561
78.0,-431.0,747.0,14:01:50.907060
-45.0,-579.0,1065.0,14:01:50.916440
115.0,-523.0,835.0,14:01:50.926987
30.0,-668.0,1006.0,14:01:50.936386
161.0,-460.0,821.0,14:01:50.945844
203.0,-670.0,1216.0,14:01:50.956362
-64.0,-634.0,919.0,14:01:50.965797
109.0,-650.0,772.0,14:01:50.976260
63.0,-453.0,761.0,14:01:50.985605
26.0,-228.0,766.0,14:01:50.996142
-33.0,-502.0,1250.0,14:01:51.005443
12.0,-471.0,674.0,14:01:51.014846
7.0,-532.0,914.0,14:01:51.025368
97.0,-516.0,1235.0,14:01:51.034750
30.0,-559.0,1216.0,14:01:51.047992
71.0,-492.0,708.0,14:01:51.056452
98.0,-417.0,741.0,14:01:51.064277
11.0,-456.0,958.0,14:01:51.074790
-15.0,-404.0,778.0,14:01:51.084119
-102.0,-448.0,911.0,14:01:51.094766
33.0,-482.0,1075.0,14:01:51.104040
12.0,-640.0,1120.0,14:01:51.113551
24.0,-429.0,543.0,14:01:51.123956
15.0,-649.0,1099.0,14:01:51.133309
92.0,-539.0,790.0,14:01:51.143806
64.0,-630.0,918.0,14:01:51.153190
155.0,-462.0,709.0,14:01:51.163624
84.0,-581.0,669.0,14:01:51.173041
21.0,-521.0,871.0,14:01:51.182424
42.0,-422.0,995.0,14:01:51.193093
85.0,-611.0,929.0,14:01:51.202462
28.0,-426.0,814.0,14:01:51.213060
30.0,-470.0,943.0,14:01:51.222430
38.0,-567.0,876.0,14:01:51.231815
20.0,-633.0,1063.0,14:01:51.242399
117.0,-520.0,913.0,14:01:51.251812
66.0,-645.0,969.0,14:01:51.261293
-11.0,-593.0,926.0,14:01:51.271836
70.0,-649.0,1037.0,14:01:51.281213
11.0,-364.0,683.0,14:01:51.291787
36.0,-495.0,911.0,14:01:51.301122
-82.0,-555.0,1064.0,14:01:51.311672
41.0,-522.0,831.0,14:01:51.321055
-27.0,-547.0,1114.0,14:01:51.330401
134.0,-537.0,820.0,14:01:51.340825
-28.0,-501.0,746.0,14:01:51.350278
15.0,-435.0,929.0,14:01:51.360735
86.0,-335.0,1054.0,14:01:51.370220
27.0,-657.0,1291.0,14:01:51.380680
95.0,-573.0,736.0,14:01:51.390123
24.0,-488.0,577.0,14:01:51.399395
23.0,-456.0,1079.0,14:01:51.409808
62.0,-382.0,967.0,14:01:51.419177
58.0,-634.0,758.0,14:01:51.429655
126.0,-368.0,720.0,14:01:51.439026
-2.0,-479.0,914.0,14:01:51.449495
30.0,-582.0,1035.0,14:01:51.458939
74.0,-305.0,887.0,14:01:51.468305
198.0,-531.0,1103.0,14:01:51.478915
-71.0,-404.0,887.0,14:01:51.488242
81.0,-568.0,939.0,14:01:51.498754
104.0,-483.0,987.0,14:01:51.508112
149.0,-607.0,957.0,14:01:51.518525
22.0,-378.0,791.0,14:01:51.527904
47.0,-586.0,911.0,14:01:51.538401
24.0,-474.0,907.0,14:01:51.547827
82.0,-592.0,1103.0,14:01:51.557182
-49.0,-577.0,975.0,14:01:51.567773
54.0,-547.0,899.0,14:01:51.577239
67.0,-518.0,902.0,14:01:51.587750
31.0,-372.0,673.0,14:01:51.597101
-9.0,-438.0,953.0,14:01:51.606489
-101.0,-485.0,954.0,14:01:51.617049
179.0,-379.0,772.0,14:01:51.626392
8.0,-449.0,994.0,14:01:51.635942
16.0,-439.0,840.0,14:01:51.646371
38.0,-526.0,1069.0,14:01:51.655824
48.0,-482.0,898.0,14:01:51.666346
66.0,-664.0,921.0,14:01:51.675792
23.0,-525.0,993.0,14:01:51.686278
52.0,-416.0,739.0,14:01:51.695712
-42.0,-372.0,962.0,14:01:51.705031
-87.0,-583.0,1082.0,14:01:51.715505
-81.0,-562.0,932.0,14:01:51.724817
-25.0,-516.0,826.0,14:01:51.735412
-164.0,-749.0,1353.0,14:01:51.744825
90.0,-612.0,744.0,14:01:51.754187
-27.0,-310.0,453.0,14:01:51.764760
-32.0,-520.0,994.0,14:01:51.774171
-113.0,-737.0,1239.0,14:01:51.784817
-62.0,-438.0,454.0,14:01:51.794219
25.0,-560.0,985.0,14:01:51.803621
-44.0,-458.0,828.0,14:01:51.814152
140.0,-454.0,756.0,14:01:51.823562
-65.0,-570.0,1086.0,14:01:51.834108
85.0,-693.0,829.0,14:01:51.843480
-1.0,-352.0,481.0,14:01:51.856248
72.0,-567.0,1025.0,14:01:51.862650
-191.0,-634.0,1461.0,14:01:51.873273
70.0,-665.0,989.0,14:01:51.882647
115.0,-582.0,408.0,14:01:51.893024
-203.0,-515.0,1004.0,14:01:51.902621
-3.0,-600.0,1053.0,14:01:51.913055
17.0,-387.0,742.0,14:01:51.922591
19.0,-591.0,862.0,14:01:51.931942
-49.0,-564.0,673.0,14:01:51.942551
-58.0,-470.0,862.0,14:01:51.951874
7.0,-541.0,1023.0,14:01:51.961259
-46.0,-377.0,662.0,14:01:51.971838
80.0,-574.0,888.0,14:01:51.981299
31.0,-380.0,634.0,14:01:51.991714
-84.0,-839.0,1380.0,14:01:52.001094
200.0,-352.0,763.0,14:01:52.011555
4.0,-587.0,949.0,14:01:52.020963
-54.0,-769.0,1184.0,14:01:52.030423
250.0,-395.0,464.0,14:01:52.040920
-101.0,-479.0,1006.0,14:01:52.050293
34.0,-640.0,1408.0,14:01:52.060932
28.0,-542.0,709.0,14:01:52.070213
-157.0,-436.0,620.0,14:01:52.079653
14.0,-416.0,873.0,14:01:52.090174
-18.0,-500.0,1155.0,14:01:52.099579
5.0,-608.0,923.0,14:01:52.110145
144.0,-573.0,914.0,14:01:52.119522
161.0,-466.0,865.0,14:01:52.128993
82.0,-528.0,1050.0,14:01:52.139519
189.0,-414.0,1107.0,14:01:52.148908
17.0,-421.0,874.0,14:01:52.159470
129.0,-432.0,897.0,14:01:52.168737
48.0,-591.0,790.0,14:01:52.178249
-71.0,-404.0,939.0,14:01:52.188726
87.0,-400.0,996.0,14:01:52.198087
-3.0,-455.0,834.0,14:01:52.208534
71.0,-486.0,950.0,14:01:52.218007
130.0,-481.0,890.0,14:01:52.228503
172.0,-428.0,822.0,14:01:52.237965
92.0,-344.0,824.0,14:01:52.247229
226.0,-558.0,1044.0,14:01:52.261654
11.0,-568.0,900.0,14:01:52.267733
84.0,-629.0,922.0,14:01:52.277074
-87.0,-446.0,813.0,14:01:52.287512
21.0,-504.0,955.0,14:01:52.296970
43.0,-557.0,1024.0,14:01:52.306372
47.0,-554.0,1044.0,14:01:52.316894
53.0,-534.0,924.0,14:01:52.326294
95.0,-663.0,793.0,14:01:52.336827
71.0,-381.0,760.0,14:01:52.346294
76.0,-528.0,1087.0,14:01:52.355640
7.0,-418.0,784.0,14:01:52.366138
153.0,-480.0,800.0,14:01:52.375413
57.0,-442.0,823.0,14:01:52.386035
125.0,-534.0,1114.0,14:01:52.395315
-55.0,-388.0,987.0,14:01:52.405957
-1.0,-587.0,1074.0,14:01:52.415221
-25.0,-497.0,1032.0,14:01:52.424748
42.0,-564.0,909.0,14:01:52.435200
49.0,-546.0,857.0,14:01:52.444613
11.0,-400.0,671.0,14:01:52.455027
-7.0,-366.0,609.0,14:01:52.464432
-86.0,-440.0,1093.0,14:01:52.474902
-2.0,-618.0,1222.0,14:01:52.484333
9.0,-645.0,696.0,14:01:52.494744
68.0,-619.0,964.0,14:01:52.504213
33.0,-542.0,1266.0,14:01:52.513647
30.0,-624.0,830.0,14:01:52.524228
163.0,-399.0,548.0,14:01:52.533577
-45.0,-521.0,765.0,14:01:52.542992
53.0,-273.0,735.0,14:01:52.553506
110.0,-550.0,1171.0,14:01:52.562933
26.0,-674.0,1089.0,14:01:52.573346
129.0,-658.0,736.0,14:01:52.582888
63.0,-651.0,1140.0,14:01:52.593320
-10.0,-710.0,1057.0,14:01:52.602713
122.0,-777.0,1042.0,14:01:52.612012
-27.0,-535.0,594.0,14:01:52.622567
67.0,-586.0,774.0,14:01:52.631867
16.0,-583.0,729.0,14:01:52.642406
-107.0,-648.0,930.0,14:01:52.651724
3.0,-466.0,827.0,14:01:52.661298
37.0,-488.0,803.0,14:01:52.671803
-143.0,-548.0,1297.0,14:01:52.681234
85.0,-786.0,1039.0,14:01:52.691654
-25.0,-416.0,539.0,14:01:52.701064
-105.0,-383.0,824.0,14:01:52.711555
68.0,-499.0,924.0,14:01:52.720945
-53.0,-440.0,946.0,14:01:52.730290
-29.0,-370.0,851.0,14:01:52.740915
-103.0,-636.0,1072.0,14:01:52.750279
-151.0,-300.0,888.0,14:01:52.760736
34.0,-641.0,1301.0,14:01:52.770065
19.0,-436.0,859.0,14:01:52.780557
0.0,-447.0,734.0,14:01:52.789852
183.0,-591.0,881.0,14:01:52.800379
-46.0,-488.0,999.0,14:01:52.809634
93.0,-437.0,706.0,14:01:52.819099
75.0,-491.0,744.0,14:01:52.829628
35.0,-513.0,885.0,14:01:52.839066
37.0,-427.0,1066.0,14:01:52.849568
54.0,-385.0,986.0,14:01:52.859118
52.0,-370.0,692.0,14:01:52.868471
73.0,-805.0,1461.0,14:01:52.878991
152.0,-548.0,850.0,14:01:52.888319
29.0,-512.0,678.0,14:01:52.899065
-105.0,-573.0,962.0,14:01:52.908335
-8.0,-429.0,1012.0,14:01:52.917829
-120.0,-662.0,1129.0,14:01:52.937533
-35.0,-279.0,689.0,14:01:52.948261
-111.0,-416.0,814.0,14:01:52.957605
37.0,-583.0,1427.0,14:01:52.967133
127.0,-529.0,1121.0,14:01:52.977722
-4.0,-526.0,593.0,14:01:52.987056
82.0,-516.0,930.0,14:01:52.997538
4.0,-251.0,790.0,14:01:53.007005
40.0,-445.0,1039.0,14:01:53.016482
109.0,-478.0,882.0,14:01:53.027029
-44.0,-382.0,743.0,14:01:53.036381
-10.0,-534.0,1008.0,14:01:53.045899
19.0,-522.0,1183.0,14:01:53.060392
-3.0,-557.0,857.0,14:01:53.066279
149.0,-487.0,653.0,14:01:53.075627
122.0,-678.0,992.0,14:01:53.086038
99.0,-560.0,864.0,14:01:53.095470
69.0,-620.0,1118.0,14:01:53.104885
29.0,-507.0,735.0,14:01:53.115421
-32.0,-537.0,787.0,14:01:53.124751
47.0,-406.0,624.0,14:01:53.135343
-38.0,-356.0,877.0,14:01:53.144744
10.0,-583.0,1192.0,14:01:53.155222
12.0,-574.0,1137.0,14:01:53.164650
-15.0,-829.0,1058.0,14:01:53.174009
196.0,-495.0,705.0,14:01:53.184527
30.0,-341.0,826.0,14:01:53.193898
82.0,-565.0,1108.0,14:01:53.204390
179.0,-563.0,908.0,14:01:53.213749
108.0,-496.0,702.0,14:01:53.224144
-7.0,-454.0,946.0,14:01:53.233595
28.0,-524.0,1032.0,14:01:53.244055
4.0,-563.0,924.0,14:01:53.253580
125.0,-451.0,618.0,14:01:53.262941
36.0,-439.0,623.0,14:01:53.273515
63.0,-448.0,709.0,14:01:53.282797
23.0,-463.0,1123.0,14:01:53.293332
-54.0,-695.0,1443.0,14:01:53.302617
73.0,-884.0,1262.0,14:01:53.313081
160.0,-707.0,754.0,14:01:53.322483
70.0,-308.0,499.0,14:01:53.331839
166.0,-424.0,734.0,14:01:53.342434
-54.0,-422.0,821.0,14:01:53.351846
-58.0,-635.0,781.0,14:01:53.362343
110.0,-687.0,747.0,14:01:53.371806
-130.0,-370.0,1041.0,14:01:53.381195
48.0,-690.0,1389.0,14:01:53.391777
-124.0,-646.0,936.0,14:01:53.401261
109.0,-644.0,566.0,14:01:53.410686
87.0,-490.0,876.0,14:01:53.421169
109.0,-398.0,1000.0,14:01:53.430528
-97.0,-661.0,1287.0,14:01:53.440933
171.0,-387.0,378.0,14:01:53.450320
-9.0,-244.0,722.0,14:01:53.461021
-145.0,-713.0,1397.0,14:01:53.470535
78.0,-704.0,1258.0,14:01:53.479896
49.0,-493.0,612.0,14:01:53.490485
-23.0,-501.0,1046.0,14:01:53.499954
202.0,-415.0,769.0,14:01:53.509249
5.0,-418.0,880.0,14:01:53.519735
99.0,-440.0,569.0,14:01:53.529080
-49.0,-575.0,830.0,14:01:53.539616
-139.0,-394.0,1022.0,14:01:53.549084
-37.0,-636.0,1297.0,14:01:53.558451
3.0,-324.0,767.0,14:01:53.569091
-78.0,-676.0,1251.0,14:01:53.578473
-4.0,-604.0,1109.0,14:01:53.589065
201.0,-695.0,834.0,14:01:53.598495
91.0,-395.0,643.0,14:01:53.607828
36.0,-479.0,729.0,14:01:53.618463
-114.0,-464.0,869.0,14:01:53.627837
2.0,-687.0,959.0,14:01:53.637307
74.0,-419.0,316.0,14:01:53.647857
-82.0,-476.0,989.0,14:01:53.657380
-79.0,-464.0,1343.0,14:01:53.667906
31.0,-428.0,1028.0,14:01:53.677305
94.0,-734.0,1017.0,14:01:53.686628
13.0,-527.0,931.0,14:01:53.697162
-33.0,-537.0,1052.0,14:01:53.706433
142.0,-603.0,880.0,14:01:53.717099
170.0,-326.0,517.0,14:01:53.726381
-124.0,-332.0,819.0,14:01:53.735940
111.0,-234.0,612.0,14:01:53.746368
-22.0,-677.0,1359.0,14:01:53.755788
-48.0,-546.0,1231.0,14:01:53.766228
-2.0,-601.0,1024.0,14:01:53.775685
199.0,-637.0,663.0,14:01:53.786233
119.0,-526.0,840.0,14:01:53.795594
-36.0,-158.0,610.0,14:01:53.804883
-153.0,-425.0,755.0,14:01:53.815604
14.0,-483.0,887.0,14:01:53.824882
-117.0,-592.0,1277.0,14:01:53.835491
39.0,-767.0,977.0,14:01:53.844875
-16.0,-515.0,812.0,14:01:53.854269
123.0,-580.0,1070.0,14:01:53.864787
113.0,-783.0,991.0,14:01:53.874218
247.0,-331.0,102.0,14:01:53.884756
74.0,-326.0,809.0,14:01:53.894147
-83.0,-790.0,1711.0,14:01:53.903536
-20.0,-798.0,941.0,14:01:53.914110
11.0,-636.0,529.0,14:01:53.923556
-9.0,-446.0,1179.0,14:01:53.934128
183.0,-597.0,1135.0,14:01:53.943605
-115.0,-540.0,673.0,14:01:53.952983
228.0,-434.0,221.0,14:01:53.963551
-35.0,-430.0,1080.0,14:01:53.972949
-214.0,-773.0,1894.0,14:01:53.983393
-37.0,-1023.0,838.0,14:01:53.992812
-12.0,-412.0,1.0,14:01:54.002181
-82.0,-670.0,1011.0,14:01:54.012774
-63.0,-415.0,1254.0,14:01:54.022101
-169.0,-583.0,990.0,14:01:54.032611
-113.0,-436.0,403.0,14:01:54.041934
40.0,-280.0,717.0,14:01:54.051384
-106.0,-496.0,1515.0,14:01:54.063019
-16.0,-520.0,737.0,14:01:54.076188
125.0,-437.0,448.0,14:01:54.082469
69.0,-530.0,898.0,14:01:54.094357
157.0,-145.0,668.0,14:01:54.100760
-52.0,-271.0,1030.0,14:01:54.111919
-10.0,-736.0,1706.0,14:01:54.120563
151.0,-451.0,639.0,14:01:54.131121
-24.0,-184.0,592.0,14:01:54.140508
225.0,-794.0,1344.0,14:01:54.150979
48.0,-247.0,923.0,14:01:54.160329
-28.0,-598.0,1214.0,14:01:54.169745
262.0,-711.0,967.0,14:01:54.180262
211.0,-386.0,264.0,14:01:54.189690
95.0,85.0,281.0,14:01:54.200204
0.0,-686.0,1485.0,14:01:54.209530
86.0,-549.0,1214.0,14:01:54.220048
268.0,-237.0,259.0,14:01:54.229386
0.0,-434.0,1177.0,14:01:54.238821
27.0,-773.0,1756.0,14:01:54.249360
362.0,-702.0,791.0,14:01:54.263121
105.0,-245.0,752.0,14:01:54.269279
66.0,-492.0,1317.0,14:01:54.278635
159.0,-165.0,410.0,14:01:54.288076
83.0,-461.0,913.0,14:01:54.298548
124.0,-740.0,1259.0,14:01:54.307952
130.0,-645.0,891.0,14:01:54.318363
-228.0,-406.0,877.0,14:01:54.327911
35.0,-364.0,823.0,14:01:54.337234
42.0,-301.0,693.0,14:01:54.347907
83.0,-557.0,773.0,14:01:54.357254
174.0,-567.0,1388.0,14:01:54.367917
-95.0,-771.0,1436.0,14:01:54.377227
205.0,-660.0,849.0,14:01:54.386645
262.0,-819.0,1025.0,14:01:54.397114
60.0,-327.0,389.0,14:01:54.406553
43.0,-330.0,629.0,14:01:54.417030
-45.0,-400.0,976.0,14:01:54.426400
-190.0,-619.0,977.0,14:01:54.436938
262.0,-749.0,703.0,14:01:54.446447
24.0,-594.0,608.0,14:01:54.455881
-62.0,-612.0,1107.0,14:01:54.466350
-128.0,-591.0,1226.0,14:01:54.475635
120.0,-427.0,592.0,14:01:54.486199
0.0,-393.0,535.0,14:01:54.495456
124.0,-638.0,1315.0,14:01:54.505911
-125.0,-531.0,1243.0,14:01:54.515183
45.0,-590.0,1044.0,14:01:54.525732
-75.0,-474.0,846.0,14:01:54.534984
-128.0,-440.0,620.0,14:01:54.544354
55.0,-553.0,774.0,14:01:54.554850
-54.0,-657.0,1103.0,14:01:54.564285
122.0,-622.0,1118.0,14:01:54.574833
-144.0,-527.0,618.0,14:01:54.584184
61.0,-709.0,832.0,14:01:54.594765
23.0,-387.0,1095.0,14:01:54.604078
-74.0,-312.0,859.0,14:01:54.613533
54.0,-655.0,1315.0,14:01:54.623986
72.0,-679.0,816.0,14:01:54.633498
60.0,-730.0,646.0,14:01:54.643970
74.0,-399.0,638.0,14:01:54.653268
32.0,-495.0,1246.0,14:01:54.664125
-28.0,-548.0,879.0,14:01:54.673611
174.0,-413.0,219.0,14:01:54.683079
-83.0,-521.0,897.0,14:01:54.692450
-3.0,-545.0,1332.0,14:01:54.703018
84.0,-407.0,677.0,14:01:54.712426
1.0,-285.0,626.0,14:01:54.721824
66.0,-807.0,1504.0,14:01:54.732316
-31.0,-385.0,813.0,14:01:54.741774
5.0,-504.0,712.0,14:01:54.752372
164.0,-443.0,441.0,14:01:54.761795
-168.0,-336.0,745.0,14:01:54.771131
-17.0,-404.0,940.0,14:01:54.781682
42.0,-589.0,1165.0,14:01:54.790990
32.0,-359.0,757.0,14:01:54.801558
1.0,-997.0,1980.0,14:01:54.810965
167.0,-910.0,1541.0,14:01:54.821447
193.0,-1037.0,1288.0,14:01:54.830813
253.0,-576.0,443.0,14:01:54.840250
30.0,-619.0,925.0,14:01:54.850686
162.0,-642.0,994.0,14:01:54.860094
180.0,4.0,-63.0,14:01:54.870549
-234.0,-84.0,389.0,14:01:54.880148
-193.0,-611.0,958.0,14:01:54.889458
33.0,74.0,371.0,14:01:54.899896
-29.0,-126.0,719.0,14:01:54.909251
-1.0,-357.0,1388.0,14:01:54.919752
37.0,-233.0,909.0,14:01:54.929121
144.0,96.0,215.0,14:01:54.939658
193.0,-198.0,1026.0,14:01:54.949192
-42.0,-803.0,2047.0,14:01:54.958546
308.0,-766.0,840.0,14:01:54.978160
-4.0,-597.0,876.0,14:01:54.988742
44.0,-883.0,1367.0,14:01:54.998113
87.0,-236.0,262.0,14:01:55.008625
64.0,-536.0,600.0,14:01:55.017967
108.0,-693.0,1016.0,14:01:55.028508
43.0,-331.0,489.0,14:01:55.037926
56.0,-605.0,913.0,14:01:55.047309
360.0,-653.0,1127.0,14:01:55.057788
140.0,-528.0,924.0,14:01:55.067260
146.0,-487.0,850.0,14:01:55.077786
199.0,-504.0,816.0,14:01:55.087101
12.0,-373.0,784.0,14:01:55.097551
68.0,-537.0,925.0,14:01:55.107024
27.0,-515.0,817.0,14:01:55.116366
-8.0,-630.0,746.0,14:01:55.126984
84.0,-582.0,770.0,14:01:55.136307
-50.0,-535.0,873.0,14:01:55.145890
-73.0,-495.0,988.0,14:01:55.156340
-62.0,-440.0,1109.0,14:01:55.165810
-125.0,-274.0,1119.0,14:01:55.176301
-55.0,-240.0,1181.0,14:01:55.185810
21.0,-416.0,1130.0,14:01:55.195077
-75.0,-403.0,1026.0,14:01:55.205531
159.0,-518.0,996.0,14:01:55.214856
172.0,-640.0,973.0,14:01:55.225413
78.0,-626.0,900.0,14:01:55.234764
237.0,-703.0,816.0,14:01:55.245235
123.0,-783.0,481.0,14:01:55.254675
4.0,-498.0,526.0,14:01:55.264057
-57.0,-654.0,847.0,14:01:55.274634
-127.0,-502.0,590.0,14:01:55.284094
133.0,-893.0,503.0,14:01:55.294545
-25.0,-836.0,717.0,14:01:55.303984
-2.0,-634.0,1289.0,14:01:55.314417
-16.0,-362.0,1505.0,14:01:55.323864
23.0,-181.0,755.0,14:01:55.333216
-65.0,-291.0,610.0,14:01:55.343698
72.0,-399.0,983.0,14:01:55.353049
75.0,-410.0,1133.0,14:01:55.363562
62.0,-636.0,1114.0,14:01:55.372878
208.0,-611.0,847.0,14:01:55.382458
20.0,-679.0,890.0,14:01:55.392900
81.0,-613.0,786.0,14:01:55.402224
-83.0,-515.0,906.0,14:01:55.412780
-103.0,-706.0,1317.0,14:01:55.422185
-81.0,-595.0,1040.0,14:01:55.432651
-109.0,-601.0,610.0,14:01:55.441949
-142.0,-668.0,963.0,14:01:55.451464
-208.0,-285.0,723.0,14:01:55.466260
26.0,-420.0,839.0,14:01:55.471309
-140.0,-463.0,987.0,14:01:55.481794
30.0,-662.0,862.0,14:01:55.491164
18.0,-436.0,564.0,14:01:55.501692
52.0,-501.0,958.0,14:01:55.511014
76.0,-440.0,1027.0,14:01:55.520414
64.0,-698.0,1245.0,14:01:55.530837
152.0,-532.0,760.0,14:01:55.540294
47.0,-429.0,661.0,14:01:55.550739
111.0,-512.0,1138.0,14:01:55.560218
-17.0,-583.0,806.0,14:01:55.570713
47.0,-294.0,198.0,14:01:55.580309
-107.0,-286.0,800.0,14:01:55.589626
-48.0,-598.0,1686.0,14:01:55.600214
59.0,-637.0,1288.0,14:01:55.609619
30.0,-736.0,762.0,14:01:55.619118
-54.0,-606.0,800.0,14:01:55.629541
130.0,-594.0,945.0,14:01:55.638964
41.0,-303.0,840.0,14:01:55.649421
86.0,-347.0,992.0,14:01:55.658989
-8.0,-489.0,1001.0,14:01:55.668265
-159.0,-510.0,799.0,14:01:55.679023
117.0,-548.0,976.0,14:01:55.688385
39.0,-186.0,1028.0,14:01:55.699022
85.0,-683.0,1228.0,14:01:55.708315
246.0,-447.0,607.0,14:01:55.717728
65.0,-418.0,729.0,14:01:55.728184
153.0,-470.0,1026.0,14:01:55.737617
137.0,-409.0,867.0,14:01:55.748151
19.0,-562.0,989.0,14:01:55.757565
95.0,-585.0,724.0,14:01:55.766941
156.0,-298.0,699.0,14:01:55.777513
-29.0,-511.0,1254.0,14:01:55.786984
67.0,-455.0,701.0,14:01:55.797455
38.0,-358.0,820.0,14:01:55.806896
202.0,-472.0,1081.0,14:01:55.816226
122.0,-425.0,802.0,14:01:55.826677
-46.0,-646.0,1041.0,14:01:55.836060
90.0,-439.0,1015.0,14:01:55.846471
91.0,-616.0,814.0,14:01:55.855885
72.0,-327.0,650.0,14:01:55.867933
110.0,-314.0,742.0,14:01:55.876077
82.0,-364.0,976.0,14:01:55.885364
45.0,-177.0,562.0,14:01:55.895888
53.0,-280.0,624.0,14:01:55.905397
66.0,-43.0,505.0,14:01:55.914771
-10.0,-1095.0,2047.0,14:01:55.925204
322.0,-1233.0,205.0,14:01:55.944955
150.0,-328.0,340.0,14:01:55.954294
139.0,-273.0,885.0,14:01:55.964771
232.0,-403.0,597.0,14:01:55.974143
39.0,-358.0,-33.0,14:01:55.984676
60.0,-503.0,483.0,14:01:55.994135
-88.0,-431.0,1273.0,14:01:56.003543
-174.0,-536.0,1389.0,14:01:56.014116
-16.0,-523.0,1014.0,14:01:56.023586
78.0,-721.0,1133.0,14:01:56.034191
107.0,-445.0,842.0,14:01:56.043536
133.0,-397.0,727.0,14:01:56.052908
52.0,-178.0,881.0,14:01:56.063509
-66.0,-374.0,1191.0,14:01:56.072966
-77.0,-535.0,772.0,14:01:56.082350
-92.0,-432.0,546.0,14:01:56.092987
-24.0,-627.0,1235.0,14:01:56.102396
-96.0,-293.0,774.0,14:01:56.112913
88.0,-591.0,556.0,14:01:56.122190
91.0,-657.0,717.0,14:01:56.132752
212.0,-579.0,432.0,14:01:56.142155
47.0,-431.0,452.0,14:01:56.151519
128.0,-434.0,1042.0,14:01:56.162101
-148.0,-648.0,1123.0,14:01:56.171492
92.0,-599.0,689.0,14:01:56.181963
-32.0,-451.0,627.0,14:01:56.191369
94.0,-109.0,210.0,14:01:56.201845
-142.0,-847.0,2047.0,14:01:56.211324
500.0,-728.0,-60.0,14:01:56.231033
-14.0,-427.0,571.0,14:01:56.240415
-39.0,-784.0,1544.0,14:01:56.251049
238.0,-775.0,-52.0,14:01:56.260342
154.0,-405.0,161.0,14:01:56.269743
-347.0,-89.0,1790.0,14:01:56.280206
-418.0,333.0,1713.0,14:01:56.289662
-535.0,2.0,623.0,14:01:56.300200
-121.0,-803.0,1083.0,14:01:56.309533
76.0,-509.0,1406.0,14:01:56.319050
95.0,-321.0,1065.0,14:01:56.329586
23.0,-442.0,949.0,14:01:56.338949
22.0,-572.0,806.0,14:01:56.349485
97.0,-518.0,642.0,14:01:56.358784
62.0,-503.0,521.0,14:01:56.369410
-43.0,-395.0,1216.0,14:01:56.378664
-226.0,-567.0,1248.0,14:01:56.388097
-9.0,-547.0,389.0,14:01:56.398541
86.0,-465.0,483.0,14:01:56.407947
256.0,-664.0,840.0,14:01:56.418365
112.0,-519.0,1047.0,14:01:56.427884
-1.0,-590.0,1221.0,14:01:56.438319
177.0,-515.0,753.0,14:01:56.448006
47.0,-541.0,619.0,14:01:56.457266
-3.0,-518.0,1040.0,14:01:56.467933
109.0,-453.0,1131.0,14:01:56.477322
118.0,-549.0,833.0,14:01:56.486789
25.0,-557.0,675.0,14:01:56.497199
129.0,-548.0,631.0,14:01:56.506572
-50.0,-743.0,1049.0,14:01:56.517030
76.0,-457.0,1029.0,14:01:56.526440
3.0,-689.0,1016.0,14:01:56.536939
108.0,-566.0,262.0,14:01:56.546339
84.0,-618.0,1025.0,14:01:56.555747
166.0,-114.0,1039.0,14:01:56.566291
-95.0,-194.0,1634.0,14:01:56.575665
-28.0,-339.0,1250.0,14:01:56.586136
-6.0,-602.0,858.0,14:01:56.595474
124.0,-626.0,828.0,14:01:56.605987
163.0,-405.0,952.0,14:01:56.615363
34.0,-441.0,998.0,14:01:56.624845
73.0,-544.0,964.0,14:01:56.635370
-29.0,-686.0,767.0,14:01:56.644874
-64.0,-579.0,835.0,14:01:56.655313
-105.0,-307.0,667.0,14:01:56.669103
-50.0,-531.0,982.0,14:01:56.674943
7.0,-698.0,706.0,14:01:56.693689
2.0,-442.0,140.0,14:01:56.704040
134.0,-639.0,1102.0,14:01:56.713548
94.0,-632.0,1161.0,14:01:56.723976
-34.0,-531.0,596.0,14:01:56.733330
67.0,-569.0,673.0,14:01:56.743798
23.0,-433.0,785.0,14:01:56.753051
43.0,-555.0,1252.0,14:01:56.763632
-27.0,-590.0,930.0,14:01:56.773010
283.0,-643.0,798.0,14:01:56.782490
112.0,-463.0,839.0,14:01:56.792956
33.0,-540.0,967.0,14:01:56.802436
51.0,-578.0,978.0,14:01:56.813033
55.0,-584.0,767.0,14:01:56.822480
92.0,-533.0,784.0,14:01:56.831732
-97.0,-369.0,948.0,14:01:56.842381
-16.0,-531.0,1190.0,14:01:56.851678
-64.0,-533.0,1084.0,14:01:56.862178
-13.0,-691.0,1160.0,14:01:56.871519
17.0,-392.0,733.0,14:01:56.882073
86.0,-630.0,938.0,14:01:56.891450
-57.0,-457.0,705.0,14:01:56.900950
113.0,-401.0,905.0,14:01:56.911337
-45.0,-344.0,649.0,14:01:56.920834
55.0,-410.0,687.0,14:01:56.931323
-22.0,-522.0,902.0,14:01:56.940698
-85.0,-331.0,995.0,14:01:56.950093
-24.0,-769.0,1429.0,14:01:56.960672
-60.0,-549.0,1082.0,14:01:56.970198
138.0,-577.0,836.0,14:01:56.979573
124.0,-420.0,672.0,14:01:56.990088
100.0,-374.0,817.0,14:01:56.999545
-13.0,-562.0,1154.0,14:01:57.010084
155.0,-486.0,601.0,14:01:57.019447
28.0,-437.0,415.0,14:01:57.028923
-141.0,-321.0,1016.0,14:01:57.039577
15.0,-594.0,1573.0,14:01:57.048964
-36.0,-606.0,1127.0,14:01:57.059512
54.0,-821.0,1021.0,14:01:57.071248
85.0,-629.0,818.0,14:01:57.078646
56.0,-604.0,933.0,14:01:57.088069
40.0,-274.0,854.0,14:01:57.098548
44.0,-518.0,1272.0,14:01:57.107947
-27.0,-425.0,470.0,14:01:57.118390
81.0,-569.0,658.0,14:01:57.127821
-21.0,-393.0,1057.0,14:01:57.137295
20.0,-431.0,1231.0,14:01:57.147822
16.0,-564.0,937.0,14:01:57.157207
184.0,-537.0,746.0,14:01:57.167785
88.0,-470.0,719.0,14:01:57.177054
56.0,-397.0,984.0,14:01:57.187493
-41.0,-432.0,1231.0,14:01:57.196959
32.0,-430.0,579.0,14:01:57.206365
-48.0,-517.0,652.0,14:01:57.216926
-85.0,-768.0,1620.0,14:01:57.226237
6.0,-571.0,1168.0,14:01:57.236805
91.0,-623.0,631.0,14:01:57.246097
-31.0,-455.0,603.0,14:01:57.256562
59.0,-567.0,942.0,14:01:57.265861
-63.0,-771.0,1238.0,14:01:57.276423
41.0,-498.0,417.0,14:01:57.285845
164.0,-356.0,602.0,14:01:57.295309
-78.0,-489.0,944.0,14:01:57.305850
-27.0,-482.0,1117.0,14:01:57.315333
189.0,-620.0,1213.0,14:01:57.324684
29.0,-562.0,976.0,14:01:57.335260
182.0,-541.0,625.0,14:01:57.344713
-30.0,-377.0,797.0,14:01:57.355416
33.0,-434.0,1241.0,14:01:57.364769
77.0,-444.0,819.0,14:01:57.374147
-62.0,-470.0,691.0,14:01:57.384731
40.0,-524.0,952.0,14:01:57.394137
-113.0,-533.0,1086.0,14:01:57.403587
112.0,-600.0,809.0,14:01:57.414133
64.0,-585.0,1030.0,14:01:57.423534
-75.0,-644.0,1008.0,14:01:57.434107
-19.0,-593.0,882.0,14:01:57.443423
110.0,-637.0,1142.0,14:01:57.452848
-31.0,-525.0,621.0,14:01:57.463373
-6.0,-442.0,888.0,14:01:57.472764
20.0,-587.0,1018.0,14:01:57.483280
-98.0,-508.0,666.0,14:01:57.492599
15.0,-530.0,956.0,14:01:57.503104
25.0,-514.0,982.0,14:01:57.512506
15.0,-458.0,781.0,14:01:57.521879
23.0,-585.0,1066.0,14:01:57.532392
9.0,-669.0,857.0,14:01:57.541786
60.0,-369.0,596.0,14:01:57.552361
-43.0,-326.0,715.0,14:01:57.561715
6.0,-293.0,744.0,14:01:57.572161
-176.0,-503.0,1374.0,14:01:57.581534
-111.0,-767.0,1750.0,14:01:57.590897
-128.0,-990.0,998.0,14:01:57.601384
33.0,-807.0,826.0,14:01:57.610760
-41.0,-584.0,970.0,14:01:57.630497
-36.0,-599.0,492.0,14:01:57.640978
-13.0,-392.0,325.0,14:01:57.650291
-80.0,-528.0,1097.0,14:01:57.660849
-199.0,-372.0,1346.0,14:01:57.670300
-37.0,-428.0,742.0,14:01:57.679719
-145.0,-670.0,1189.0,14:01:57.690226
113.0,-510.0,954.0,14:01:57.699601
12.0,-670.0,820.0,14:01:57.710162
-40.0,-384.0,605.0,14:01:57.719583
81.0,-459.0,595.0,14:01:57.728979
-29.0,-449.0,775.0,14:01:57.739541
-202.0,-457.0,1217.0,14:01:57.748986
-61.0,-508.0,940.0,14:01:57.759526
-51.0,-404.0,786.0,14:01:57.768966
-114.0,-553.0,1355.0,14:01:57.778525
58.0,-639.0,1021.0,14:01:57.789126
3.0,-472.0,818.0,14:01:57.798583
263.0,-517.0,1049.0,14:01:57.807949
-108.0,-389.0,688.0,14:01:57.818498
-2.0,-355.0,561.0,14:01:57.827831
-20.0,-422.0,940.0,14:01:57.837278
-149.0,-589.0,1144.0,14:01:57.847890
29.0,-506.0,868.0,14:01:57.857317
-60.0,-642.0,1381.0,14:01:57.873289
150.0,-513.0,908.0,14:01:57.877094
96.0,-542.0,769.0,14:01:57.887565
-2.0,-552.0,852.0,14:01:57.897033
94.0,-401.0,553.0,14:01:57.906516
32.0,-490.0,1050.0,14:01:57.916993
3.0,-281.0,481.0,14:01:57.936517
-125.0,-317.0,1114.0,14:01:57.946049
7.0,-332.0,1357.0,14:01:57.956557
91.0,-656.0,1433.0,14:01:57.965875
81.0,-657.0,769.0,14:01:57.976391
299.0,-522.0,707.0,14:01:57.985825
35.0,-554.0,1227.0,14:01:57.995140
-37.0,-590.0,1161.0,14:01:58.005527
194.0,-332.0,463.0,14:01:58.014845
65.0,-588.0,724.0,14:01:58.025305
5.0,-386.0,756.0,14:01:58.034822
-56.0,-310.0,991.0,14:01:58.045285
-18.0,-601.0,1103.0,14:01:58.054841
144.0,-578.0,845.0,14:01:58.064212
-35.0,-506.0,833.0,14:01:58.074964
164.0,-501.0,726.0,14:01:58.084205
123.0,-326.0,759.0,14:01:58.093656
-28.0,-583.0,1325.0,14:01:58.104073
121.0,-462.0,739.0,14:01:58.113540
74.0,-536.0,619.0,14:01:58.123940
34.0,-463.0,939.0,14:01:58.133443
104.0,-522.0,1124.0,14:01:58.143878
28.0,-433.0,728.0,14:01:58.153303
105.0,-674.0,1352.0,14:01:58.163808
94.0,-660.0,737.0,14:01:58.173203
4.0,-701.0,754.0,14:01:58.182457
117.0,-573.0,1057.0,14:01:58.193022
135.0,-345.0,791.0,14:01:58.202474
61.0,-505.0,901.0,14:01:58.213060
31.0,-481.0,1112.0,14:01:58.222406
95.0,-418.0,945.0,14:01:58.231927
-87.0,-564.0,899.0,14:01:58.242423
65.0,-413.0,923.0,14:01:58.251870
114.0,-483.0,731.0,14:01:58.261302
-146.0,-445.0,960.0,14:01:58.274422
133.0,-506.0,835.0,14:01:58.281234
36.0,-479.0,814.0,14:01:58.291683
-11.0,-557.0,953.0,14:01:58.301184
118.0,-502.0,861.0,14:01:58.310550
36.0,-465.0,990.0,14:01:58.321022
44.0,-519.0,1118.0,14:01:58.330469
99.0,-531.0,931.0,14:01:58.340981
138.0,-426.0,702.0,14:01:58.350286
53.0,-408.0,745.0,14:01:58.360757
23.0,-490.0,1058.0,14:01:58.370140
-56.0,-491.0,1087.0,14:01:58.380668
-51.0,-603.0,916.0,14:01:58.389951
78.0,-621.0,878.0,14:01:58.399330
-60.0,-546.0,1136.0,14:01:58.409790
-40.0,-587.0,924.0,14:01:58.419237
102.0,-525.0,932.0,14:01:58.429727
-44.0,-442.0,808.0,14:01:58.439125
59.0,-547.0,699.0,14:01:58.449641
124.0,-554.0,1071.0,14:01:58.459091
-103.0,-490.0,1122.0,14:01:58.468344
108.0,-481.0,784.0,14:01:58.478788
78.0,-438.0,748.0,14:01:58.488151
-1.0,-449.0,967.0,14:01:58.498689
75.0,-412.0,945.0,14:01:58.508014
-19.0,-479.0,812.0,14:01:58.518532
-72.0,-522.0,1096.0,14:01:58.527980
79.0,-423.0,864.0,14:01:58.537352
-16.0,-425.0,930.0,14:01:58.547951
100.0,-595.0,1053.0,14:01:58.557215
126.0,-452.0,657.0,14:01:58.567930
-120.0,-537.0,1123.0,14:01:58.577264
121.0,-554.0,970.0,14:01:58.586628
-68.0,-514.0,926.0,14:01:58.597088
-97.0,-529.0,992.0,14:01:58.606497
199.0,-629.0,776.0,14:01:58.617017
-134.0,-464.0,822.0,14:01:58.626441
155.0,-534.0,1038.0,14:01:58.636941
-54.0,-443.0,895.0,14:01:58.646491
92.0,-494.0,747.0,14:01:58.655880
-42.0,-478.0,924.0,14:01:58.666488
40.0,-580.0,883.0,14:01:58.675900
-30.0,-415.0,911.0,14:01:58.685307
92.0,-542.0,953.0,14:01:58.695847
-13.0,-493.0,829.0,14:01:58.705166
124.0,-537.0,920.0,14:01:58.715789
57.0,-628.0,1003.0,14:01:58.725226
89.0,-485.0,728.0,14:01:58.734630
-24.0,-342.0,867.0,14:01:58.745120
19.0,-591.0,1248.0,14:01:58.754472
7.0,-570.0,860.0,14:01:58.764932
-22.0,-565.0,801.0,14:01:58.774242
36.0,-549.0,955.0,14:01:58.784747
170.0,-510.0,817.0,14:01:58.794157
20.0,-514.0,710.0,14:01:58.803643
58.0,-527.0,1108.0,14:01:58.814132
63.0,-369.0,755.0,14:01:58.823547
-71.0,-460.0,928.0,14:01:58.834061
64.0,-560.0,903.0,14:01:58.843553
-110.0,-386.0,796.0,14:01:58.853019
91.0,-593.0,1065.0,14:01:58.863549
96.0,-608.0,1005.0,14:01:58.872926
42.0,-552.0,857.0,14:01:58.883290
1.0,-594.0,925.0,14:01:58.892639
27.0,-550.0,797.0,14:01:58.903067
-64.0,-558.0,998.0,14:01:58.912544
168.0,-462.0,752.0,14:01:58.921818
-38.0,-444.0,665.0,14:01:58.932455
17.0,-558.0,1118.0,14:01:58.941735
50.0,-559.0,1025.0,14:01:58.952371
-36.0,-419.0,835.0,14:01:58.961641
9.0,-605.0,1011.0,14:01:58.972185
7.0,-557.0,965.0,14:01:58.981503
-33.0,-462.0,1039.0,14:01:58.990898
104.0,-523.0,1028.0,14:01:59.001441
59.0,-697.0,994.0,14:01:59.010783
45.0,-496.0,865.0,14:01:59.021408
52.0,-467.0,936.0,14:01:59.030833
29.0,-457.0,889.0,14:01:59.040219
-95.0,-440.0,783.0,14:01:59.050767
106.0,-550.0,792.0,14:01:59.060286
-80.0,-443.0,964.0,14:01:59.076513
79.0,-514.0,1121.0,14:01:59.080398
-27.0,-598.0,1027.0,14:01:59.089684
131.0,-616.0,674.0,14:01:59.100233
90.0,-408.0,747.0,14:01:59.109712
8.0,-506.0,1200.0,14:01:59.119064
91.0,-410.0,843.0,14:01:59.129539
-29.0,-619.0,1058.0,14:01:59.138809
-41.0,-714.0,958.0,14:01:59.149409
156.0,-506.0,851.0,14:01:59.158772
-29.0,-493.0,932.0,14:01:59.169261
57.0,-474.0,867.0,14:01:59.178667
119.0,-579.0,982.0,14:01:59.188191
19.0,-379.0,495.0,14:01:59.198664
25.0,-514.0,866.0,14:01:59.208019
-117.0,-465.0,1311.0,14:01:59.218444
39.0,-507.0,959.0,14:01:59.227925
3.0,-573.0,957.0,14:01:59.238366
-12.0,-606.0,827.0,14:01:59.247804
114.0,-417.0,839.0,14:01:59.257224
77.0,-504.0,1142.0,14:01:59.267860
58.0,-548.0,798.0,14:01:59.277261
63.0,-478.0,641.0,14:01:59.286632
20.0,-588.0,1067.0,14:01:59.297152
-56.0,-537.0,885.0,14:01:59.306486
-14.0,-394.0,790.0,14:01:59.316993
-73.0,-682.0,1292.0,14:01:59.326309
7.0,-469.0,700.0,14:01:59.336815
156.0,-438.0,825.0,14:01:59.346131
-6.0,-396.0,973.0,14:01:59.356626
130.0,-388.0,891.0,14:01:59.365894
49.0,-496.0,908.0,14:01:59.376401
64.0,-440.0,856.0,14:01:59.385869
87.0,-579.0,946.0,14:01:59.395299
41.0,-643.0,959.0,14:01:59.405775
105.0,-575.0,892.0,14:01:59.415181
127.0,-527.0,1018.0,14:01:59.425752
-119.0,-573.0,886.0,14:01:59.435173
178.0,-445.0,816.0,14:01:59.444507
43.0,-514.0,841.0,14:01:59.455165
-18.0,-378.0,700.0,14:01:59.464453
98.0,-504.0,876.0,14:01:59.478083
-24.0,-664.0,1219.0,14:01:59.484178
21.0,-509.0,843.0,14:01:59.494693
34.0,-605.0,873.0,14:01:59.504053
-60.0,-496.0,926.0,14:01:59.514468
99.0,-434.0,752.0,14:01:59.523905
20.0,-444.0,830.0,14:01:59.533222
1.0,-575.0,1118.0,14:01:59.543791
126.0,-581.0,919.0,14:01:59.553113
78.0,-568.0,692.0,14:01:59.563562
-68.0,-487.0,981.0,14:01:59.572964
-3.0,-574.0,1173.0,14:01:59.582452
38.0,-634.0,1016.0,14:01:59.592945
120.0,-528.0,737.0,14:01:59.602355
115.0,-453.0,823.0,14:01:59.612859
-28.0,-355.0,737.0,14:01:59.622270
103.0,-468.0,936.0,14:01:59.631685
-61.0,-477.0,856.0,14:01:59.642110
-133.0,-521.0,1145.0,14:01:59.651629
84.0,-464.0,762.0,14:01:59.662059
-52.0,-772.0,1273.0,14:01:59.671433
90.0,-477.0,1072.0,14:01:59.681921
-43.0,-425.0,752.0,14:01:59.691376
84.0,-613.0,1017.0,14:01:59.700741
113.0,-411.0,796.0,14:01:59.711327
-76.0,-497.0,906.0,14:01:59.720650
-46.0,-560.0,1009.0,14:01:59.731305
95.0,-441.0,659.0,14:01:59.740599
-47.0,-515.0,983.0,14:01:59.750156
157.0,-451.0,936.0,14:01:59.760638
-98.0,-465.0,1114.0,14:01:59.770088
110.0,-479.0,802.0,14:01:59.780700
115.0,-406.0,755.0,14:01:59.790065
-80.0,-416.0,813.0,14:01:59.799496
85.0,-406.0,945.0,14:01:59.810134
49.0,-435.0,1003.0,14:01:59.819572
-20.0,-544.0,852.0,14:01:59.829006
126.0,-541.0,1069.0,14:01:59.839612
-99.0,-506.0,986.0,14:01:59.849079
166.0,-646.0,1230.0,14:01:59.859613
173.0,-428.0,768.0,14:01:59.869020
128.0,-440.0,416.0,14:01:59.878428
-29.0,-536.0,1007.0,14:01:59.888946
25.0,-507.0,1203.0,14:01:59.898345
-79.0,-669.0,1064.0,14:01:59.907876
146.0,-613.0,724.0,14:01:59.918518
34.0,-491.0,999.0,14:01:59.927901
43.0,-501.0,1050.0,14:01:59.938423
199.0,-103.0,292.0,14:01:59.947772
-103.0,-381.0,992.0,14:01:59.957280
20.0,-346.0,922.0,14:01:59.967903
22.0,-620.0,1107.0,14:01:59.977228
-34.0,-624.0,1026.0,14:01:59.987881
177.0,-752.0,1228.0,14:01:59.997287
-59.0,-474.0,670.0,14:02:00.006764
142.0,-337.0,879.0,14:02:00.017264
36.0,-503.0,1113.0,14:02:00.026635
-2.0,-585.0,851.0,14:02:00.036026
142.0,-460.0,554.0,14:02:00.046484
-70.0,-577.0,969.0,14:02:00.055961
-119.0,-510.0,1240.0,14:02:00.066595
10.0,-673.0,903.0,14:02:00.075917
59.0,-611.0,696.0,14:02:00.085275
-28.0,-321.0,781.0,14:02:00.095782
61.0,-536.0,1201.0,14:02:00.105212
5.0,-678.0,1098.0,14:02:00.115747
