129.0,-247.0,768.0,12:31:17.949189
121.0,-283.0,707.0,12:31:17.951778
132.0,-493.0,1519.0,12:31:17.962216
74.0,-522.0,1303.0,12:31:17.971601
123.0,-396.0,663.0,12:31:17.982027
-72.0,-588.0,1002.0,12:31:17.991370
205.0,-830.0,1252.0,12:31:18.001803
230.0,-670.0,800.0,12:31:18.011134
-76.0,-584.0,721.0,12:31:18.021648
176.0,-834.0,797.0,12:31:18.031080
49.0,-841.0,768.0,12:31:18.040482
329.0,-879.0,670.0,12:31:18.051010
-47.0,-607.0,911.0,12:31:18.060342
-149.0,-443.0,784.0,12:31:18.070730
68.0,-490.0,635.0,12:31:18.080064
-2.0,-605.0,560.0,12:31:18.090546
102.0,-549.0,761.0,12:31:18.100078
-55.0,-265.0,1271.0,12:31:18.109484
157.0,-529.0,1076.0,12:31:18.120152
110.0,-407.0,798.0,12:31:18.129407
43.0,-388.0,840.0,12:31:18.139988
-7.0,-302.0,1092.0,12:31:18.149408
-82.0,-275.0,1232.0,12:31:18.158888
-90.0,-263.0,1110.0,12:31:18.169374
30.0,-439.0,926.0,12:31:18.178889
-209.0,-373.0,1083.0,12:31:18.189300
57.0,-434.0,1195.0,12:31:18.198807
-57.0,-485.0,1117.0,12:31:18.208129
111.0,-669.0,1049.0,12:31:18.218743
5.0,-612.0,938.0,12:31:18.228100
29.0,-576.0,663.0,12:31:18.238558
136.0,-574.0,828.0,12:31:18.247942
-159.0,-420.0,1090.0,12:31:18.258371
15.0,-379.0,929.0,12:31:18.267805
-60.0,-324.0,656.0,12:31:18.277121
-45.0,-470.0,682.0,12:31:18.287722
325.0,-460.0,819.0,12:31:18.297079
76.0,-425.0,895.0,12:31:18.307549
258.0,-369.0,964.0,12:31:18.316782
62.0,-388.0,926.0,12:31:18.327427
-111.0,-392.0,854.0,12:31:18.344993
125.0,-373.0,764.0,12:31:18.347717
-54.0,-366.0,949.0,12:31:18.357104
26.0,-448.0,1187.0,12:31:18.366520
100.0,-485.0,1001.0,12:31:18.375889
-19.0,-641.0,939.0,12:31:18.386284
98.0,-526.0,918.0,12:31:18.395779
116.0,-683.0,996.0,12:31:18.406207
67.0,-413.0,1020.0,12:31:18.415629
28.0,-574.0,951.0,12:31:18.426081
126.0,-546.0,921.0,12:31:18.435436
83.0,-544.0,854.0,12:31:18.445890
158.0,-417.0,811.0,12:31:18.455196
-58.0,-402.0,947.0,12:31:18.464583
114.0,-594.0,892.0,12:31:18.475076
173.0,-383.0,772.0,12:31:18.484496
38.0,-411.0,838.0,12:31:18.494977
71.0,-369.0,1117.0,12:31:18.504302
-100.0,-383.0,909.0,12:31:18.514698
112.0,-445.0,724.0,12:31:18.524129
118.0,-407.0,924.0,12:31:18.534551
109.0,-558.0,953.0,12:31:18.543891
66.0,-557.0,840.0,12:31:18.554315
-28.0,-497.0,989.0,12:31:18.563644
45.0,-549.0,946.0,12:31:18.574049
-2.0,-377.0,950.0,12:31:18.583529
12.0,-482.0,908.0,12:31:18.592883
157.0,-529.0,949.0,12:31:18.603452
25.0,-533.0,1029.0,12:31:18.612812
128.0,-607.0,912.0,12:31:18.622257
83.0,-601.0,831.0,12:31:18.632686
145.0,-517.0,887.0,12:31:18.642004
97.0,-578.0,978.0,12:31:18.652442
120.0,-532.0,800.0,12:31:18.661761
58.0,-469.0,781.0,12:31:18.672293
-1.0,-431.0,997.0,12:31:18.681581
-11.0,-529.0,933.0,12:31:18.692029
-73.0,-456.0,708.0,12:31:18.701314
-56.0,-438.0,792.0,12:31:18.711804
-32.0,-397.0,793.0,12:31:18.721160
-2.0,-306.0,695.0,12:31:18.731639
-31.0,-369.0,937.0,12:31:18.741103
-137.0,-481.0,1301.0,12:31:18.750463
-2.0,-442.0,1013.0,12:31:18.760927
21.0,-718.0,1359.0,12:31:18.770292
55.0,-885.0,1499.0,12:31:18.780706
137.0,-760.0,1084.0,12:31:18.790132
188.0,-579.0,837.0,12:31:18.800554
77.0,-615.0,954.0,12:31:18.809992
42.0,-488.0,732.0,12:31:18.820465
16.0,-525.0,788.0,12:31:18.829813
-105.0,-412.0,582.0,12:31:18.840210
62.0,-279.0,803.0,12:31:18.849602
53.0,-329.0,863.0,12:31:18.858997
114.0,-434.0,1234.0,12:31:18.869402
-128.0,-372.0,980.0,12:31:18.878807
73.0,-457.0,935.0,12:31:18.889213
56.0,-575.0,1281.0,12:31:18.898557
40.0,-599.0,1117.0,12:31:18.909117
118.0,-391.0,766.0,12:31:18.918373
68.0,-403.0,854.0,12:31:18.928935
99.0,-379.0,850.0,12:31:18.938348
123.0,-396.0,706.0,12:31:18.947735
14.0,-483.0,694.0,12:31:18.958251
-57.0,-397.0,871.0,12:31:18.967452
50.0,-403.0,954.0,12:31:18.978077
89.0,-501.0,994.0,12:31:18.987374
45.0,-548.0,942.0,12:31:18.997870
162.0,-528.0,893.0,12:31:19.007240
102.0,-442.0,973.0,12:31:19.017856
172.0,-435.0,928.0,12:31:19.027117
-4.0,-579.0,879.0,12:31:19.036619
129.0,-541.0,830.0,12:31:19.047033
160.0,-653.0,716.0,12:31:19.066786
222.0,-523.0,791.0,12:31:19.076102
184.0,-389.0,1038.0,12:31:19.086795
-126.0,-212.0,1123.0,12:31:19.096125
25.0,-142.0,1013.0,12:31:19.105463
-10.0,-347.0,976.0,12:31:19.115876
170.0,-310.0,898.0,12:31:19.125227
34.0,-549.0,1165.0,12:31:19.135840
158.0,-604.0,1166.0,12:31:19.146701
71.0,-625.0,1120.0,12:31:19.155245
237.0,-611.0,860.0,12:31:19.164608
159.0,-695.0,854.0,12:31:19.175180
3.0,-594.0,1003.0,12:31:19.184503
98.0,-638.0,723.0,12:31:19.195005
38.0,-393.0,585.0,12:31:19.204309
-78.0,-346.0,1018.0,12:31:19.214828
-39.0,-275.0,1102.0,12:31:19.224201
26.0,-220.0,878.0,12:31:19.233678
-153.0,-388.0,689.0,12:31:19.244058
137.0,-680.0,947.0,12:31:19.253487
201.0,-578.0,1036.0,12:31:19.263887
-43.0,-617.0,992.0,12:31:19.273263
107.0,-638.0,834.0,12:31:19.283662
36.0,-509.0,804.0,12:31:19.293058
11.0,-581.0,688.0,12:31:19.303593
54.0,-420.0,777.0,12:31:19.312995
51.0,-340.0,975.0,12:31:19.322333
0.0,-539.0,974.0,12:31:19.332862
85.0,-543.0,885.0,12:31:19.342120
100.0,-560.0,852.0,12:31:19.352481
32.0,-459.0,928.0,12:31:19.361882
29.0,-525.0,1099.0,12:31:19.372350
112.0,-564.0,1086.0,12:31:19.381590
83.0,-497.0,766.0,12:31:19.392106
-13.0,-383.0,872.0,12:31:19.401363
-69.0,-404.0,981.0,12:31:19.411816
55.0,-576.0,830.0,12:31:19.421300
-87.0,-386.0,827.0,12:31:19.431714
-53.0,-287.0,721.0,12:31:19.441234
-229.0,-399.0,1187.0,12:31:19.450491
-169.0,-371.0,1229.0,12:31:19.461225
22.0,-297.0,868.0,12:31:19.470573
78.0,-560.0,1131.0,12:31:19.481127
157.0,-710.0,1314.0,12:31:19.490440
249.0,-626.0,909.0,12:31:19.500903
228.0,-577.0,847.0,12:31:19.510149
1.0,-686.0,1145.0,12:31:19.519616
145.0,-619.0,715.0,12:31:19.530040
-68.0,-547.0,763.0,12:31:19.546771
69.0,-545.0,1020.0,12:31:19.551396
10.0,-623.0,1078.0,12:31:19.559593
-25.0,-563.0,723.0,12:31:19.568972
87.0,-811.0,1276.0,12:31:19.579388
101.0,-874.0,1638.0,12:31:19.588982
171.0,-593.0,929.0,12:31:19.599358
178.0,-715.0,921.0,12:31:19.608828
199.0,-796.0,1199.0,12:31:19.618122
175.0,-825.0,933.0,12:31:19.628626
241.0,-535.0,417.0,12:31:19.637940
141.0,-267.0,592.0,12:31:19.648555
-138.0,-386.0,537.0,12:31:19.657862
-72.0,-309.0,117.0,12:31:19.668383
-246.0,-68.0,568.0,12:31:19.677757
-359.0,-338.0,1831.0,12:31:19.687154
-10.0,-510.0,1473.0,12:31:19.697762
126.0,-582.0,822.0,12:31:19.707065
-152.0,-609.0,1079.0,12:31:19.717535
-68.0,-633.0,1382.0,12:31:19.726921
54.0,-436.0,977.0,12:31:19.737291
-102.0,-309.0,416.0,12:31:19.746823
-185.0,-755.0,188.0,12:31:19.756455
65.0,-698.0,428.0,12:31:19.767057
-169.0,-285.0,951.0,12:31:19.776299
-212.0,-358.0,1141.0,12:31:19.785746
-7.0,-458.0,956.0,12:31:19.796194
-105.0,-632.0,556.0,12:31:19.805584
192.0,-712.0,746.0,12:31:19.816028
305.0,-684.0,1155.0,12:31:19.825353
247.0,-537.0,1143.0,12:31:19.835698
81.0,-421.0,934.0,12:31:19.845251
12.0,-615.0,946.0,12:31:19.855729
160.0,-437.0,1082.0,12:31:19.865115
87.0,-355.0,831.0,12:31:19.875627
-16.0,-391.0,1014.0,12:31:19.885116
24.0,-384.0,1263.0,12:31:19.894506
-289.0,-149.0,1054.0,12:31:19.904981
61.0,-200.0,823.0,12:31:19.914324
-211.0,-419.0,1335.0,12:31:19.924835
-290.0,-523.0,1328.0,12:31:19.934104
-148.0,-572.0,424.0,12:31:19.943568
-129.0,-559.0,351.0,12:31:19.954025
-34.0,-602.0,1241.0,12:31:19.963494
-254.0,-530.0,1003.0,12:31:19.973997
-149.0,-615.0,724.0,12:31:19.983515
-17.0,-744.0,623.0,12:31:19.992865
168.0,-610.0,703.0,12:31:20.003578
-32.0,-750.0,486.0,12:31:20.012955
100.0,-629.0,671.0,12:31:20.023503
-66.0,-499.0,1441.0,12:31:20.032803
-112.0,-174.0,1495.0,12:31:20.042379
307.0,-540.0,349.0,12:31:20.052909
-86.0,-556.0,104.0,12:31:20.062359
-13.0,-456.0,1472.0,12:31:20.072894
47.0,-585.0,1925.0,12:31:20.082337
127.0,-625.0,611.0,12:31:20.091603
-87.0,-581.0,320.0,12:31:20.102227
133.0,-612.0,1208.0,12:31:20.111575
-41.0,-518.0,1441.0,12:31:20.122050
138.0,-385.0,991.0,12:31:20.131429
176.0,-444.0,721.0,12:31:20.140794
31.0,-731.0,1089.0,12:31:20.151247
270.0,-580.0,919.0,12:31:20.160697
-151.0,-253.0,1062.0,12:31:20.171180
-34.0,-411.0,1226.0,12:31:20.180566
65.0,-394.0,794.0,12:31:20.191091
-69.0,-292.0,721.0,12:31:20.200574
249.0,-322.0,954.0,12:31:20.210037
-22.0,-227.0,1145.0,12:31:20.220507
64.0,-175.0,1038.0,12:31:20.229843
138.0,-436.0,809.0,12:31:20.240314
122.0,-683.0,852.0,12:31:20.249609
229.0,-576.0,900.0,12:31:20.258999
-28.0,-613.0,1150.0,12:31:20.269454
38.0,-612.0,1010.0,12:31:20.278897
268.0,-664.0,565.0,12:31:20.289444
32.0,-502.0,777.0,12:31:20.298836
13.0,-581.0,928.0,12:31:20.309276
99.0,-463.0,606.0,12:31:20.318468
47.0,-518.0,763.0,12:31:20.328959
131.0,-738.0,732.0,12:31:20.338239
118.0,-311.0,772.0,12:31:20.349690
40.0,-361.0,880.0,12:31:20.358062
119.0,-319.0,1074.0,12:31:20.368587
24.0,-425.0,1012.0,12:31:20.377919
261.0,-650.0,665.0,12:31:20.387275
25.0,-589.0,1049.0,12:31:20.397861
-108.0,-520.0,1202.0,12:31:20.407128
118.0,-528.0,953.0,12:31:20.417693
90.0,-640.0,878.0,12:31:20.427009
117.0,-486.0,921.0,12:31:20.437763
104.0,-450.0,849.0,12:31:20.447020
-3.0,-327.0,918.0,12:31:20.456348
119.0,-343.0,948.0,12:31:20.466835
-122.0,-347.0,760.0,12:31:20.476161
29.0,-512.0,1094.0,12:31:20.486717
18.0,-412.0,849.0,12:31:20.496105
-82.0,-364.0,1050.0,12:31:20.506594
116.0,-553.0,1143.0,12:31:20.515975
-56.0,-584.0,1104.0,12:31:20.525408
254.0,-559.0,871.0,12:31:20.535961
-17.0,-330.0,824.0,12:31:20.545305
-75.0,-472.0,1026.0,12:31:20.555776
177.0,-475.0,776.0,12:31:20.565199
-60.0,-460.0,535.0,12:31:20.574659
30.0,-480.0,1051.0,12:31:20.585240
-62.0,-402.0,932.0,12:31:20.594667
-41.0,-506.0,797.0,12:31:20.605150
238.0,-208.0,1113.0,12:31:20.614601
48.0,-456.0,943.0,12:31:20.623981
271.0,-372.0,782.0,12:31:20.634564
-42.0,-650.0,1254.0,12:31:20.643947
269.0,-654.0,1282.0,12:31:20.654403
-33.0,-546.0,855.0,12:31:20.663825
237.0,-671.0,1064.0,12:31:20.673133
57.0,-868.0,1332.0,12:31:20.683642
45.0,-606.0,772.0,12:31:20.692974
82.0,-461.0,696.0,12:31:20.703587
-84.0,-509.0,982.0,12:31:20.712880
-21.0,-574.0,797.0,12:31:20.723452
90.0,-312.0,682.0,12:31:20.732719
-44.0,-357.0,1109.0,12:31:20.751561
71.0,-338.0,950.0,12:31:20.754212
92.0,-392.0,704.0,12:31:20.762398
70.0,-284.0,844.0,12:31:20.772892
19.0,-342.0,1326.0,12:31:20.782230
59.0,-278.0,747.0,12:31:20.791581
62.0,-357.0,845.0,12:31:20.801965
40.0,-529.0,923.0,12:31:20.821622
142.0,-506.0,756.0,12:31:20.831128
45.0,-283.0,755.0,12:31:20.841534
136.0,-402.0,878.0,12:31:20.850932
36.0,-382.0,810.0,12:31:20.861355
-106.0,-283.0,868.0,12:31:20.870778
-21.0,-417.0,809.0,12:31:20.881265
74.0,-509.0,1190.0,12:31:20.890668
2.0,-628.0,1451.0,12:31:20.900020
341.0,-767.0,880.0,12:31:20.910487
23.0,-696.0,865.0,12:31:20.919767
-23.0,-632.0,1202.0,12:31:20.930237
184.0,-709.0,886.0,12:31:20.939546
40.0,-553.0,693.0,12:31:20.950023
107.0,-644.0,710.0,12:31:20.959337
-35.0,-574.0,755.0,12:31:20.969779
193.0,-521.0,675.0,12:31:20.979301
-189.0,-252.0,1007.0,12:31:20.989719
-70.0,-320.0,1218.0,12:31:20.999136
-49.0,-150.0,1139.0,12:31:21.008494
-109.0,-364.0,713.0,12:31:21.019142
170.0,-558.0,919.0,12:31:21.028420
79.0,-358.0,1150.0,12:31:21.039016
46.0,-438.0,1080.0,12:31:21.048413
82.0,-508.0,1002.0,12:31:21.057835
210.0,-602.0,696.0,12:31:21.068276
11.0,-455.0,797.0,12:31:21.077696
29.0,-691.0,1076.0,12:31:21.088085
107.0,-585.0,956.0,12:31:21.097475
-82.0,-559.0,932.0,12:31:21.108055
-53.0,-723.0,507.0,12:31:21.117419
230.0,-523.0,602.0,12:31:21.126768
-58.0,-580.0,1026.0,12:31:21.137322
167.0,-509.0,1031.0,12:31:21.146683
-19.0,-452.0,772.0,12:31:21.157175
180.0,-686.0,1029.0,12:31:21.166616
131.0,-795.0,1204.0,12:31:21.177069
158.0,-695.0,914.0,12:31:21.186486
89.0,-502.0,1003.0,12:31:21.195844
138.0,-469.0,933.0,12:31:21.206525
209.0,-573.0,651.0,12:31:21.215811
-31.0,-237.0,538.0,12:31:21.226317
-146.0,-175.0,1006.0,12:31:21.235746
22.0,-251.0,1097.0,12:31:21.245221
-77.0,-204.0,896.0,12:31:21.255698
59.0,-305.0,1054.0,12:31:21.265081
150.0,-324.0,996.0,12:31:21.275475
-49.0,-454.0,1071.0,12:31:21.284876
34.0,-354.0,1070.0,12:31:21.295250
25.0,-621.0,1072.0,12:31:21.304675
157.0,-603.0,887.0,12:31:21.315162
-5.0,-464.0,723.0,12:31:21.324630
-302.0,-674.0,1138.0,12:31:21.333951
127.0,-679.0,1147.0,12:31:21.344454
-79.0,-618.0,768.0,12:31:21.353959
129.0,-572.0,701.0,12:31:21.363370
-109.0,-767.0,1110.0,12:31:21.373908
105.0,-534.0,786.0,12:31:21.383137
69.0,-415.0,742.0,12:31:21.393708
-83.0,-390.0,936.0,12:31:21.402958
216.0,-431.0,739.0,12:31:21.413529
-145.0,-273.0,802.0,12:31:21.422799
32.0,-322.0,1123.0,12:31:21.433449
24.0,-412.0,1117.0,12:31:21.442707
-100.0,-480.0,850.0,12:31:21.453270
198.0,-696.0,931.0,12:31:21.462586
-203.0,-500.0,1099.0,12:31:21.471893
-10.0,-481.0,1068.0,12:31:21.482576
11.0,-471.0,1029.0,12:31:21.491863
-9.0,-419.0,912.0,12:31:21.502448
172.0,-438.0,797.0,12:31:21.511799
-51.0,-461.0,858.0,12:31:21.521215
95.0,-452.0,1107.0,12:31:21.531637
84.0,-643.0,1185.0,12:31:21.541114
-44.0,-649.0,1005.0,12:31:21.556255
354.0,-753.0,712.0,12:31:21.561126
-81.0,-527.0,824.0,12:31:21.570492
157.0,-496.0,1037.0,12:31:21.580914
-115.0,-410.0,843.0,12:31:21.590351
-46.0,-434.0,706.0,12:31:21.600868
117.0,-484.0,514.0,12:31:21.610293
-89.0,-477.0,825.0,12:31:21.620789
-6.0,-475.0,993.0,12:31:21.630158
-35.0,-525.0,946.0,12:31:21.639451
59.0,-566.0,998.0,12:31:21.649993
123.0,-453.0,981.0,12:31:21.659357
17.0,-504.0,975.0,12:31:21.669920
162.0,-476.0,977.0,12:31:21.679288
22.0,-489.0,948.0,12:31:21.689771
91.0,-483.0,771.0,12:31:21.699136
229.0,-567.0,1072.0,12:31:21.708495
-49.0,-528.0,979.0,12:31:21.718962
109.0,-365.0,719.0,12:31:21.728363
66.0,-482.0,933.0,12:31:21.738988
89.0,-514.0,1239.0,12:31:21.748333
-50.0,-444.0,946.0,12:31:21.758863
-22.0,-433.0,883.0,12:31:21.768150
35.0,-533.0,1241.0,12:31:21.777735
126.0,-551.0,859.0,12:31:21.788113
68.0,-585.0,994.0,12:31:21.797477
-17.0,-460.0,855.0,12:31:21.807864
274.0,-540.0,941.0,12:31:21.817244
177.0,-565.0,843.0,12:31:21.827762
-62.0,-495.0,746.0,12:31:21.837177
-68.0,-373.0,783.0,12:31:21.847803
-8.0,-458.0,942.0,12:31:21.857261
-60.0,-483.0,795.0,12:31:21.866679
170.0,-348.0,628.0,12:31:21.877198
-167.0,-366.0,773.0,12:31:21.886558
4.0,-373.0,1185.0,12:31:21.896064
-150.0,-423.0,1026.0,12:31:21.906654
150.0,-485.0,705.0,12:31:21.915968
229.0,-544.0,835.0,12:31:21.926532
55.0,-626.0,1167.0,12:31:21.935843
308.0,-705.0,1131.0,12:31:21.953065
-8.0,-515.0,807.0,12:31:21.956872
38.0,-380.0,1041.0,12:31:21.965031
-22.0,-670.0,1504.0,12:31:21.975822
-110.0,-468.0,841.0,12:31:21.985105
177.0,-608.0,920.0,12:31:21.994519
3.0,-726.0,1024.0,12:31:22.004979
91.0,-654.0,997.0,12:31:22.014387
-25.0,-524.0,779.0,12:31:22.024827
121.0,-594.0,910.0,12:31:22.034259
-90.0,-412.0,860.0,12:31:22.044661
-38.0,-368.0,714.0,12:31:22.054068
86.0,-350.0,583.0,12:31:22.063445
100.0,-212.0,1031.0,12:31:22.074091
-102.0,-273.0,884.0,12:31:22.083414
101.0,-233.0,814.0,12:31:22.093947
-21.0,-225.0,1067.0,12:31:22.103208
160.0,-366.0,782.0,12:31:22.113667
40.0,-296.0,788.0,12:31:22.122988
-34.0,-257.0,947.0,12:31:22.132444
139.0,-165.0,889.0,12:31:22.142953
-124.0,-364.0,867.0,12:31:22.152411
8.0,-579.0,1030.0,12:31:22.162891
115.0,-533.0,1016.0,12:31:22.172412
-55.0,-575.0,865.0,12:31:22.182910
34.0,-700.0,1021.0,12:31:22.192285
61.0,-728.0,1227.0,12:31:22.201638
38.0,-758.0,991.0,12:31:22.211997
176.0,-626.0,653.0,12:31:22.221338
163.0,-642.0,1046.0,12:31:22.231828
-3.0,-719.0,1113.0,12:31:22.241261
-48.0,-648.0,821.0,12:31:22.251830
254.0,-467.0,812.0,12:31:22.261268
106.0,-650.0,1148.0,12:31:22.270511
130.0,-518.0,717.0,12:31:22.281186
-23.0,-418.0,832.0,12:31:22.290474
-18.0,-257.0,892.0,12:31:22.301098
49.0,-312.0,1164.0,12:31:22.310417
-121.0,-117.0,837.0,12:31:22.320914
143.0,-286.0,745.0,12:31:22.330193
-141.0,-362.0,1290.0,12:31:22.340647
131.0,-424.0,1277.0,12:31:22.350172
10.0,-379.0,800.0,12:31:22.359533
64.0,-567.0,1005.0,12:31:22.370008
235.0,-715.0,1320.0,12:31:22.379354
42.0,-553.0,439.0,12:31:22.389855
33.0,-642.0,727.0,12:31:22.399167
-28.0,-772.0,1307.0,12:31:22.409633
92.0,-645.0,639.0,12:31:22.418900
39.0,-617.0,492.0,12:31:22.428401
43.0,-626.0,891.0,12:31:22.438926
165.0,-524.0,825.0,12:31:22.448274
91.0,-326.0,790.0,12:31:22.458973
92.0,-448.0,814.0,12:31:22.468365
76.0,-522.0,680.0,12:31:22.477780
123.0,-486.0,854.0,12:31:22.488333
181.0,-517.0,802.0,12:31:22.497683
-192.0,-314.0,1039.0,12:31:22.508203
11.0,-382.0,1135.0,12:31:22.517472
-2.0,-472.0,1044.0,12:31:22.527939
114.0,-454.0,664.0,12:31:22.537290
174.0,-582.0,979.0,12:31:22.546734
89.0,-446.0,1189.0,12:31:22.557288
81.0,-348.0,1168.0,12:31:22.566653
-199.0,-322.0,1083.0,12:31:22.577087
15.0,-531.0,1000.0,12:31:22.586551
146.0,-494.0,749.0,12:31:22.596962
-183.0,-381.0,1048.0,12:31:22.606328
63.0,-457.0,1178.0,12:31:22.615845
-186.0,-567.0,722.0,12:31:22.626501
234.0,-528.0,841.0,12:31:22.635892
30.0,-353.0,913.0,12:31:22.645211
92.0,-430.0,933.0,12:31:22.655783
-12.0,-470.0,946.0,12:31:22.665086
44.0,-544.0,786.0,12:31:22.675748
208.0,-491.0,655.0,12:31:22.685029
-93.0,-465.0,1217.0,12:31:22.695548
-71.0,-432.0,1001.0,12:31:22.704832
31.0,-423.0,827.0,12:31:22.714233
77.0,-445.0,590.0,12:31:22.724604
234.0,-577.0,852.0,12:31:22.733987
31.0,-373.0,988.0,12:31:22.744460
116.0,-399.0,839.0,12:31:22.755765
90.0,-549.0,1033.0,12:31:22.764129
22.0,-554.0,891.0,12:31:22.773443
31.0,-424.0,665.0,12:31:22.783961
-37.0,-639.0,1240.0,12:31:22.793331
81.0,-552.0,1267.0,12:31:22.803778
25.0,-380.0,822.0,12:31:22.813209
-133.0,-588.0,1057.0,12:31:22.823674
157.0,-657.0,873.0,12:31:22.833030
13.0,-553.0,963.0,12:31:22.843456
207.0,-306.0,1138.0,12:31:22.852806
-122.0,-357.0,871.0,12:31:22.862235
15.0,-493.0,860.0,12:31:22.872781
123.0,-504.0,941.0,12:31:22.882197
6.0,-633.0,1123.0,12:31:22.892738
214.0,-562.0,913.0,12:31:22.901968
-80.0,-626.0,1009.0,12:31:22.912484
13.0,-604.0,916.0,12:31:22.921758
38.0,-484.0,829.0,12:31:22.931241
80.0,-519.0,897.0,12:31:22.941732
-66.0,-550.0,992.0,12:31:22.951194
23.0,-522.0,604.0,12:31:22.961602
225.0,-423.0,505.0,12:31:22.971253
47.0,-425.0,942.0,12:31:22.980518
79.0,-468.0,698.0,12:31:22.991150
-70.0,-162.0,549.0,12:31:23.000484
-106.0,-238.0,895.0,12:31:23.011053
104.0,-335.0,1112.0,12:31:23.020347
-54.0,-426.0,998.0,12:31:23.030805
-9.0,-367.0,1039.0,12:31:23.040206
92.0,-626.0,1180.0,12:31:23.049639
106.0,-769.0,1300.0,12:31:23.060112
254.0,-682.0,902.0,12:31:23.069448
232.0,-616.0,580.0,12:31:23.080068
48.0,-608.0,1110.0,12:31:23.089442
-79.0,-739.0,1210.0,12:31:23.098914
-5.0,-496.0,678.0,12:31:23.109326
147.0,-543.0,571.0,12:31:23.118846
-223.0,-755.0,1268.0,12:31:23.129202
-63.0,-466.0,897.0,12:31:23.138776
-115.0,-367.0,724.0,12:31:23.156234
-71.0,-241.0,1068.0,12:31:23.160183
260.0,-589.0,1014.0,12:31:23.168453
91.0,-412.0,617.0,12:31:23.177834
40.0,-282.0,1235.0,12:31:23.188313
-138.0,-348.0,1139.0,12:31:23.197746
53.0,-456.0,893.0,12:31:23.208296
18.0,-509.0,923.0,12:31:23.217660
-72.0,-434.0,937.0,12:31:23.227034
93.0,-464.0,913.0,12:31:23.237730
68.0,-349.0,1123.0,12:31:23.247075
-97.0,-373.0,848.0,12:31:23.257807
139.0,-572.0,818.0,12:31:23.267134
-104.0,-685.0,1066.0,12:31:23.276668
95.0,-534.0,1037.0,12:31:23.287102
-75.0,-486.0,844.0,12:31:23.296550
-81.0,-629.0,852.0,12:31:23.305866
152.0,-589.0,737.0,12:31:23.316582
-189.0,-581.0,616.0,12:31:23.325895
48.0,-432.0,822.0,12:31:23.336327
-124.0,-376.0,694.0,12:31:23.345722
-75.0,-337.0,861.0,12:31:23.356234
128.0,-438.0,900.0,12:31:23.365765
-45.0,-516.0,1231.0,12:31:23.375029
176.0,-534.0,1512.0,12:31:23.385566
54.0,-292.0,1057.0,12:31:23.394839
134.0,-516.0,1039.0,12:31:23.405415
268.0,-806.0,1288.0,12:31:23.414782
14.0,-454.0,1004.0,12:31:23.424151
293.0,-443.0,918.0,12:31:23.434552
-78.0,-637.0,978.0,12:31:23.443906
-8.0,-717.0,1197.0,12:31:23.454332
99.0,-633.0,843.0,12:31:23.463737
-117.0,-701.0,895.0,12:31:23.474251
16.0,-599.0,964.0,12:31:23.483598
70.0,-626.0,847.0,12:31:23.494055
43.0,-361.0,748.0,12:31:23.503462
98.0,-261.0,710.0,12:31:23.513922
-66.0,-153.0,547.0,12:31:23.523357
121.0,-261.0,976.0,12:31:23.532803
-52.0,-198.0,852.0,12:31:23.543298
60.0,-351.0,657.0,12:31:23.552651
-27.0,-334.0,976.0,12:31:23.563078
-35.0,-345.0,1170.0,12:31:23.572441
91.0,-468.0,1097.0,12:31:23.582857
286.0,-470.0,914.0,12:31:23.592263
-131.0,-323.0,781.0,12:31:23.601699
158.0,-597.0,776.0,12:31:23.612364
-12.0,-554.0,887.0,12:31:23.621694
-37.0,-503.0,955.0,12:31:23.632240
-38.0,-657.0,839.0,12:31:23.641648
102.0,-794.0,924.0,12:31:23.651047
-133.0,-818.0,1017.0,12:31:23.661522
188.0,-943.0,1008.0,12:31:23.670794
142.0,-756.0,1043.0,12:31:23.681307
274.0,-737.0,954.0,12:31:23.690570
48.0,-440.0,775.0,12:31:23.701176
141.0,-472.0,1073.0,12:31:23.710627
-62.0,-422.0,865.0,12:31:23.720037
187.0,-380.0,925.0,12:31:23.730537
-98.0,-235.0,1166.0,12:31:23.739768
-114.0,-223.0,1051.0,12:31:23.750322
62.0,-268.0,888.0,12:31:23.759670
32.0,-354.0,1160.0,12:31:23.770144
95.0,-304.0,1105.0,12:31:23.779510
-125.0,-226.0,919.0,12:31:23.789601
-266.0,-506.0,1215.0,12:31:23.799339
88.0,-517.0,926.0,12:31:23.808752
64.0,-610.0,753.0,12:31:23.819202
29.0,-448.0,761.0,12:31:23.828683
-25.0,-696.0,1093.0,12:31:23.839161
19.0,-625.0,910.0,12:31:23.848435
273.0,-721.0,461.0,12:31:23.859016
58.0,-634.0,572.0,12:31:23.868298
45.0,-608.0,738.0,12:31:23.877839
-94.0,-507.0,916.0,12:31:23.888276
-11.0,-346.0,821.0,12:31:23.897757
107.0,-370.0,784.0,12:31:23.908318
-5.0,-452.0,971.0,12:31:23.917778
174.0,-454.0,991.0,12:31:23.927133
158.0,-612.0,963.0,12:31:23.937774
109.0,-545.0,1110.0,12:31:23.947072
165.0,-390.0,921.0,12:31:23.959535
-64.0,-399.0,899.0,12:31:23.966713
96.0,-536.0,1204.0,12:31:23.977277
94.0,-461.0,946.0,12:31:23.986648
-53.0,-341.0,777.0,12:31:23.997107
40.0,-381.0,1028.0,12:31:24.006550
-181.0,-290.0,1015.0,12:31:24.016013
-17.0,-583.0,1112.0,12:31:24.026563
-25.0,-384.0,829.0,12:31:24.035923
-35.0,-382.0,805.0,12:31:24.046439
54.0,-333.0,1018.0,12:31:24.055929
-82.0,-492.0,898.0,12:31:24.065240
-41.0,-518.0,798.0,12:31:24.075767
-7.0,-459.0,906.0,12:31:24.085096
-150.0,-490.0,973.0,12:31:24.095647
203.0,-564.0,859.0,12:31:24.105056
33.0,-474.0,938.0,12:31:24.115486
-1.0,-518.0,891.0,12:31:24.124877
80.0,-447.0,921.0,12:31:24.134161
10.0,-538.0,924.0,12:31:24.144651
397.0,-660.0,703.0,12:31:24.153909
176.0,-683.0,942.0,12:31:24.164507
-43.0,-582.0,1049.0,12:31:24.173757
-3.0,-472.0,1000.0,12:31:24.184225
36.0,-445.0,803.0,12:31:24.193563
61.0,-833.0,1183.0,12:31:24.204028
190.0,-801.0,974.0,12:31:24.213475
-38.0,-495.0,731.0,12:31:24.223933
-155.0,-349.0,1155.0,12:31:24.233427
-56.0,-615.0,1285.0,12:31:24.242727
193.0,-589.0,778.0,12:31:24.253200
182.0,-572.0,634.0,12:31:24.262511
27.0,-615.0,970.0,12:31:24.273116
-140.0,-434.0,758.0,12:31:24.282360
56.0,-212.0,901.0,12:31:24.291827
-27.0,-509.0,1216.0,12:31:24.302332
24.0,-384.0,736.0,12:31:24.311824
228.0,-325.0,466.0,12:31:24.322420
-44.0,-385.0,1238.0,12:31:24.331717
164.0,-428.0,1080.0,12:31:24.341269
95.0,-717.0,891.0,12:31:24.359723
167.0,-596.0,905.0,12:31:24.362545
38.0,-513.0,795.0,12:31:24.370723
62.0,-639.0,929.0,12:31:24.381226
93.0,-589.0,916.0,12:31:24.390685
-32.0,-459.0,622.0,12:31:24.401249
195.0,-471.0,652.0,12:31:24.410590
-230.0,-506.0,880.0,12:31:24.421127
19.0,-542.0,1095.0,12:31:24.430612
-89.0,-415.0,817.0,12:31:24.439954
-52.0,-528.0,1007.0,12:31:24.450383
131.0,-463.0,979.0,12:31:24.459797
25.0,-446.0,1098.0,12:31:24.470220
6.0,-291.0,778.0,12:31:24.479531
11.0,-622.0,977.0,12:31:24.490025
-61.0,-498.0,1091.0,12:31:24.499409
260.0,-461.0,879.0,12:31:24.508872
-74.0,-328.0,868.0,12:31:24.519370
83.0,-416.0,985.0,12:31:24.528660
45.0,-285.0,1009.0,12:31:24.539199
-248.0,-421.0,991.0,12:31:24.548490
121.0,-267.0,566.0,12:31:24.559019
68.0,-438.0,1040.0,12:31:24.568389
30.0,-410.0,1268.0,12:31:24.577807
-119.0,-329.0,587.0,12:31:24.588265
-133.0,-241.0,893.0,12:31:24.597556
61.0,-621.0,1579.0,12:31:24.608057
108.0,-520.0,592.0,12:31:24.617335
240.0,-693.0,903.0,12:31:24.627839
-18.0,-736.0,1664.0,12:31:24.637122
166.0,-852.0,1042.0,12:31:24.647739
403.0,-619.0,360.0,12:31:24.657074
24.0,-458.0,949.0,12:31:24.666656
185.0,-691.0,918.0,12:31:24.677063
-121.0,-453.0,719.0,12:31:24.686650
5.0,-303.0,875.0,12:31:24.697082
-2.0,-378.0,762.0,12:31:24.706442
-113.0,-584.0,1200.0,12:31:24.716973
112.0,-452.0,798.0,12:31:24.726288
-12.0,-277.0,719.0,12:31:24.735774
-8.0,-449.0,1038.0,12:31:24.746249
115.0,-416.0,899.0,12:31:24.755738
11.0,-208.0,762.0,12:31:24.766149
33.0,-315.0,978.0,12:31:24.775485
70.0,-359.0,893.0,12:31:24.785860
38.0,-368.0,1116.0,12:31:24.795260
4.0,-572.0,1030.0,12:31:24.805697
36.0,-514.0,767.0,12:31:24.815134
133.0,-651.0,1138.0,12:31:24.824525
212.0,-712.0,907.0,12:31:24.835006
74.0,-523.0,988.0,12:31:24.844311
-7.0,-668.0,1058.0,12:31:24.854786
208.0,-597.0,582.0,12:31:24.864261
-39.0,-635.0,776.0,12:31:24.873624
193.0,-730.0,956.0,12:31:24.884071
81.0,-579.0,870.0,12:31:24.893402
91.0,-490.0,885.0,12:31:24.903983
-88.0,-387.0,774.0,12:31:24.913374
-35.0,-469.0,830.0,12:31:24.923878
-124.0,-547.0,515.0,12:31:24.933185
299.0,-289.0,841.0,12:31:24.943709
-47.0,-204.0,1397.0,12:31:24.952990
-91.0,-245.0,964.0,12:31:24.962379
39.0,-354.0,863.0,12:31:24.972931
-54.0,-312.0,1039.0,12:31:24.982342
56.0,-420.0,1163.0,12:31:24.992805
6.0,-388.0,1207.0,12:31:25.002169
-55.0,-665.0,1119.0,12:31:25.012676
42.0,-670.0,928.0,12:31:25.022054
185.0,-793.0,930.0,12:31:25.031549
41.0,-619.0,1017.0,12:31:25.041987
-62.0,-539.0,863.0,12:31:25.051336
-50.0,-592.0,953.0,12:31:25.061754
245.0,-789.0,738.0,12:31:25.071177
56.0,-464.0,626.0,12:31:25.081636
153.0,-361.0,824.0,12:31:25.090937
-82.0,-550.0,925.0,12:31:25.100399
129.0,-603.0,814.0,12:31:25.110851
118.0,-432.0,661.0,12:31:25.120206
51.0,-534.0,1067.0,12:31:25.130659
43.0,-235.0,984.0,12:31:25.140083
-174.0,-211.0,752.0,12:31:25.150521
6.0,-365.0,1048.0,12:31:25.162865
211.0,-577.0,673.0,12:31:25.170155
46.0,-454.0,647.0,12:31:25.179399
139.0,-255.0,1304.0,12:31:25.190005
-119.0,-436.0,1285.0,12:31:25.199327
-157.0,-465.0,758.0,12:31:25.209803
104.0,-474.0,974.0,12:31:25.219111
26.0,-553.0,1128.0,12:31:25.229496
49.0,-580.0,1090.0,12:31:25.239048
-119.0,-460.0,1059.0,12:31:25.248329
149.0,-724.0,1157.0,12:31:25.258958
185.0,-738.0,718.0,12:31:25.268269
163.0,-676.0,671.0,12:31:25.278899
110.0,-539.0,1069.0,12:31:25.288252
59.0,-410.0,949.0,12:31:25.297683
124.0,-282.0,652.0,12:31:25.308115
-130.0,-473.0,717.0,12:31:25.317581
21.0,-554.0,1019.0,12:31:25.328107
-13.0,-461.0,846.0,12:31:25.337487
129.0,-409.0,934.0,12:31:25.346958
-6.0,-427.0,999.0,12:31:25.357524
54.0,-574.0,894.0,12:31:25.366894
-38.0,-287.0,585.0,12:31:25.377315
-78.0,-310.0,992.0,12:31:25.386745
142.0,-562.0,971.0,12:31:25.397217
65.0,-381.0,712.0,12:31:25.406629
-49.0,-362.0,900.0,12:31:25.415959
62.0,-665.0,1181.0,12:31:25.426587
-29.0,-501.0,1124.0,12:31:25.435980
-2.0,-404.0,950.0,12:31:25.446526
138.0,-548.0,924.0,12:31:25.455927
243.0,-690.0,1047.0,12:31:25.465236
126.0,-642.0,1038.0,12:31:25.475780
214.0,-623.0,744.0,12:31:25.485201
71.0,-512.0,981.0,12:31:25.495831
167.0,-585.0,945.0,12:31:25.505105
43.0,-701.0,661.0,12:31:25.514611
-63.0,-396.0,547.0,12:31:25.525076
-108.0,-438.0,1097.0,12:31:25.534541
-46.0,-525.0,1137.0,12:31:25.544928
-47.0,-454.0,798.0,12:31:25.554248
49.0,-401.0,518.0,12:31:25.568266
-27.0,-525.0,1146.0,12:31:25.574220
18.0,-441.0,1051.0,12:31:25.583635
-19.0,-328.0,880.0,12:31:25.594119
73.0,-148.0,898.0,12:31:25.603412
25.0,-548.0,1204.0,12:31:25.613933
11.0,-705.0,1068.0,12:31:25.623259
165.0,-599.0,893.0,12:31:25.633723
79.0,-684.0,1111.0,12:31:25.642980
102.0,-811.0,1311.0,12:31:25.653605
164.0,-599.0,673.0,12:31:25.662818
14.0,-486.0,630.0,12:31:25.672267
143.0,-587.0,806.0,12:31:25.682726
-129.0,-687.0,1378.0,12:31:25.692102
99.0,-481.0,799.0,12:31:25.702541
-55.0,-413.0,712.0,12:31:25.711823
111.0,-713.0,1187.0,12:31:25.722413
60.0,-809.0,939.0,12:31:25.731632
28.0,-478.0,640.0,12:31:25.742306
9.0,-377.0,1058.0,12:31:25.751705
53.0,-357.0,955.0,12:31:25.761133
213.0,-276.0,518.0,12:31:25.771558
-99.0,-407.0,777.0,12:31:25.780847
-47.0,-268.0,1016.0,12:31:25.791279
15.0,-320.0,1008.0,12:31:25.800679
194.0,-440.0,815.0,12:31:25.811179
83.0,-502.0,1075.0,12:31:25.820548
42.0,-362.0,1036.0,12:31:25.831148
-39.0,-428.0,899.0,12:31:25.840434
76.0,-486.0,900.0,12:31:25.850003
149.0,-610.0,1029.0,12:31:25.860377
-63.0,-569.0,1093.0,12:31:25.869927
-88.0,-476.0,748.0,12:31:25.880453
-15.0,-416.0,862.0,12:31:25.889882
-33.0,-580.0,1089.0,12:31:25.899191
42.0,-620.0,734.0,12:31:25.909690
-5.0,-392.0,442.0,12:31:25.918980
23.0,-479.0,1081.0,12:31:25.929519
149.0,-429.0,1111.0,12:31:25.938962
-107.0,-311.0,916.0,12:31:25.949412
-23.0,-353.0,786.0,12:31:25.958847
37.0,-419.0,1034.0,12:31:25.968149
85.0,-502.0,1343.0,12:31:25.978900
46.0,-319.0,1072.0,12:31:25.988178
42.0,-542.0,811.0,12:31:25.998654
173.0,-589.0,1102.0,12:31:26.007929
90.0,-730.0,719.0,12:31:26.018401
220.0,-541.0,698.0,12:31:26.027779
-316.0,-363.0,1099.0,12:31:26.037151
-174.0,-503.0,1051.0,12:31:26.047836
-192.0,-508.0,854.0,12:31:26.057123
-49.0,-636.0,840.0,12:31:26.067684
234.0,-597.0,1076.0,12:31:26.076900
-71.0,-475.0,1107.0,12:31:26.087430
206.0,-476.0,880.0,12:31:26.096743
49.0,-502.0,884.0,12:31:26.107200
54.0,-548.0,784.0,12:31:26.116551
110.0,-302.0,675.0,12:31:26.126021
-127.0,-251.0,964.0,12:31:26.136605
12.0,-493.0,1022.0,12:31:26.145976
22.0,-496.0,784.0,12:31:26.156508
130.0,-509.0,1015.0,12:31:26.165825
63.0,-339.0,987.0,12:31:26.175257
9.0,-548.0,1168.0,12:31:26.185702
61.0,-634.0,902.0,12:31:26.195160
127.0,-698.0,884.0,12:31:26.205720
86.0,-603.0,989.0,12:31:26.215073
46.0,-690.0,875.0,12:31:26.225587
16.0,-673.0,879.0,12:31:26.234949
109.0,-574.0,663.0,12:31:26.244195
-106.0,-547.0,591.0,12:31:26.254659
99.0,-541.0,860.0,12:31:26.264006
-63.0,-399.0,987.0,12:31:26.274706
115.0,-62.0,491.0,12:31:26.284056
-54.0,-356.0,871.0,12:31:26.293606
63.0,-341.0,717.0,12:31:26.304129
156.0,-43.0,642.0,12:31:26.313491
70.0,149.0,720.0,12:31:26.323982
-99.0,-409.0,1511.0,12:31:26.333361
142.0,-360.0,1087.0,12:31:26.343991
-24.0,-605.0,1204.0,12:31:26.353517
158.0,-815.0,1523.0,12:31:26.365453
171.0,-818.0,1252.0,12:31:26.372632
73.0,-739.0,1118.0,12:31:26.383025
224.0,-788.0,1033.0,12:31:26.392423
-32.0,-820.0,770.0,12:31:26.402819
156.0,-676.0,557.0,12:31:26.412317
-83.0,-501.0,811.0,12:31:26.422824
0.0,-586.0,1054.0,12:31:26.432220
-120.0,-656.0,989.0,12:31:26.441600
-88.0,-518.0,945.0,12:31:26.452102
-1.0,-477.0,906.0,12:31:26.461405
149.0,-506.0,892.0,12:31:26.472017
-27.0,-316.0,988.0,12:31:26.481330
63.0,-441.0,837.0,12:31:26.490732
-239.0,-347.0,838.0,12:31:26.501277
-48.0,-380.0,1005.0,12:31:26.510728
-106.0,-371.0,996.0,12:31:26.521329
-92.0,-417.0,1004.0,12:31:26.530622
-7.0,-410.0,1108.0,12:31:26.550297
86.0,-404.0,1155.0,12:31:26.560739
260.0,-555.0,805.0,12:31:26.570093
-47.0,-552.0,946.0,12:31:26.580658
131.0,-650.0,847.0,12:31:26.590072
155.0,-638.0,947.0,12:31:26.599454
21.0,-565.0,910.0,12:31:26.609858
113.0,-448.0,696.0,12:31:26.619320
-81.0,-632.0,973.0,12:31:26.629755
189.0,-596.0,833.0,12:31:26.639052
-185.0,-553.0,509.0,12:31:26.649555
106.0,-785.0,521.0,12:31:26.658960
52.0,-756.0,960.0,12:31:26.668250
-223.0,-423.0,1266.0,12:31:26.678893
-185.0,-105.0,1328.0,12:31:26.688249
-137.0,-87.0,486.0,12:31:26.698771
84.0,-215.0,529.0,12:31:26.708110
-84.0,-378.0,1152.0,12:31:26.718538
73.0,-394.0,1356.0,12:31:26.728024
17.0,-503.0,1255.0,12:31:26.737262
12.0,-679.0,907.0,12:31:26.747925
41.0,-624.0,808.0,12:31:26.757153
130.0,-619.0,842.0,12:31:26.769356
-115.0,-377.0,995.0,12:31:26.777696
3.0,-473.0,1129.0,12:31:26.786993
54.0,-546.0,851.0,12:31:26.796491
44.0,-514.0,690.0,12:31:26.807018
-101.0,-447.0,844.0,12:31:26.816579
87.0,-415.0,1072.0,12:31:26.827127
84.0,-459.0,995.0,12:31:26.836529
-66.0,-379.0,823.0,12:31:26.845874
33.0,-604.0,762.0,12:31:26.856518
26.0,-526.0,843.0,12:31:26.865806
9.0,-528.0,997.0,12:31:26.876323
93.0,-533.0,1013.0,12:31:26.885836
-66.0,-536.0,880.0,12:31:26.895150
14.0,-622.0,676.0,12:31:26.905719
77.0,-669.0,973.0,12:31:26.915069
95.0,-574.0,974.0,12:31:26.924613
-19.0,-591.0,917.0,12:31:26.935076
-49.0,-634.0,910.0,12:31:26.944423
66.0,-713.0,785.0,12:31:26.954862
-19.0,-673.0,950.0,12:31:26.964248
54.0,-548.0,940.0,12:31:26.974709
-35.0,-466.0,770.0,12:31:26.984057
-21.0,-385.0,866.0,12:31:26.994551
-107.0,-376.0,923.0,12:31:27.004046
54.0,-460.0,892.0,12:31:27.013387
-59.0,-470.0,1065.0,12:31:27.023902
-57.0,-429.0,995.0,12:31:27.033181
-64.0,-317.0,931.0,12:31:27.043777
-27.0,-469.0,955.0,12:31:27.053113
-108.0,-440.0,835.0,12:31:27.063659
-1.0,-378.0,856.0,12:31:27.072976
52.0,-371.0,848.0,12:31:27.082363
31.0,-509.0,1048.0,12:31:27.092818
134.0,-426.0,774.0,12:31:27.102163
-20.0,-430.0,910.0,12:31:27.112614
200.0,-556.0,896.0,12:31:27.121961
-131.0,-590.0,1169.0,12:31:27.132363
-86.0,-535.0,864.0,12:31:27.141649
133.0,-495.0,832.0,12:31:27.152247
-11.0,-517.0,996.0,12:31:27.161603
151.0,-438.0,941.0,12:31:27.172164
-45.0,-468.0,852.0,12:31:27.181428
175.0,-555.0,1049.0,12:31:27.190825
14.0,-438.0,1060.0,12:31:27.201336
-35.0,-366.0,839.0,12:31:27.210707
59.0,-418.0,1061.0,12:31:27.221259
-66.0,-540.0,1184.0,12:31:27.230670
245.0,-504.0,890.0,12:31:27.241157
-73.0,-325.0,1005.0,12:31:27.250513
113.0,-455.0,1160.0,12:31:27.260944
47.0,-581.0,981.0,12:31:27.270395
-41.0,-535.0,860.0,12:31:27.279676
119.0,-533.0,1043.0,12:31:27.290278
54.0,-350.0,883.0,12:31:27.299635
154.0,-515.0,900.0,12:31:27.310266
40.0,-579.0,886.0,12:31:27.319570
9.0,-392.0,904.0,12:31:27.328886
96.0,-399.0,865.0,12:31:27.339336
-49.0,-579.0,787.0,12:31:27.348661
30.0,-369.0,1044.0,12:31:27.359175
-67.0,-429.0,942.0,12:31:27.368581
-49.0,-481.0,971.0,12:31:27.379116
210.0,-503.0,959.0,12:31:27.388469
145.0,-449.0,862.0,12:31:27.398935
119.0,-479.0,740.0,12:31:27.408218
-9.0,-713.0,1049.0,12:31:27.417675
353.0,-700.0,1087.0,12:31:27.428207
38.0,-596.0,763.0,12:31:27.437628
-120.0,-481.0,877.0,12:31:27.448147
77.0,-488.0,1045.0,12:31:27.457512
-266.0,-492.0,909.0,12:31:27.467952
194.0,-521.0,705.0,12:31:27.477276
-87.0,-539.0,729.0,12:31:27.487834
220.0,-513.0,868.0,12:31:27.497290
55.0,-368.0,1044.0,12:31:27.506650
43.0,-527.0,937.0,12:31:27.517083
46.0,-458.0,919.0,12:31:27.526347
-61.0,-477.0,936.0,12:31:27.536909
129.0,-503.0,1094.0,12:31:27.546210
170.0,-718.0,961.0,12:31:27.555702
28.0,-360.0,792.0,12:31:27.567894
115.0,-448.0,944.0,12:31:27.576267
-157.0,-462.0,963.0,12:31:27.585770
195.0,-504.0,932.0,12:31:27.595103
-22.0,-354.0,688.0,12:31:27.605703
47.0,-445.0,987.0,12:31:27.615084
-73.0,-589.0,1103.0,12:31:27.625696
-29.0,-422.0,820.0,12:31:27.635107
171.0,-466.0,876.0,12:31:27.644535
79.0,-624.0,1013.0,12:31:27.654973
112.0,-534.0,887.0,12:31:27.664291
94.0,-365.0,826.0,12:31:27.674736
-12.0,-470.0,983.0,12:31:27.684032
58.0,-496.0,1149.0,12:31:27.694593
69.0,-499.0,528.0,12:31:27.704051
-52.0,-396.0,751.0,12:31:27.713512
55.0,-549.0,1414.0,12:31:27.724002
-71.0,-439.0,1024.0,12:31:27.733404
-24.0,-286.0,527.0,12:31:27.743945
38.0,-592.0,834.0,12:31:27.753331
165.0,-582.0,1172.0,12:31:27.762728
-11.0,-399.0,855.0,12:31:27.773333
100.0,-334.0,812.0,12:31:27.782767
-86.0,-450.0,1091.0,12:31:27.793148
6.0,-705.0,915.0,12:31:27.802602
320.0,-497.0,829.0,12:31:27.813061
-11.0,-494.0,1026.0,12:31:27.822453
115.0,-573.0,1036.0,12:31:27.831767
-164.0,-669.0,795.0,12:31:27.842299
-2.0,-542.0,783.0,12:31:27.851561
-30.0,-426.0,1102.0,12:31:27.862095
-165.0,-498.0,1107.0,12:31:27.871459
203.0,-502.0,604.0,12:31:27.882086
-108.0,-557.0,972.0,12:31:27.891330
109.0,-466.0,934.0,12:31:27.900725
73.0,-548.0,904.0,12:31:27.911132
-160.0,-465.0,1091.0,12:31:27.920485
139.0,-435.0,1075.0,12:31:27.930916
-116.0,-479.0,462.0,12:31:27.940347
109.0,-502.0,897.0,12:31:27.950761
-159.0,-535.0,1334.0,12:31:27.968303
13.0,-441.0,896.0,12:31:27.972164
36.0,-450.0,677.0,12:31:27.980406
-115.0,-390.0,905.0,12:31:27.989854
162.0,-693.0,1019.0,12:31:28.000273
131.0,-597.0,932.0,12:31:28.009600
-96.0,-373.0,885.0,12:31:28.020050
39.0,-444.0,677.0,12:31:28.029451
127.0,-506.0,866.0,12:31:28.038907
60.0,-648.0,1151.0,12:31:28.049400
-85.0,-438.0,768.0,12:31:28.058806
60.0,-387.0,810.0,12:31:28.069342
-138.0,-647.0,1257.0,12:31:28.078596
197.0,-762.0,687.0,12:31:28.089167
-150.0,-598.0,994.0,12:31:28.098442
73.0,-643.0,869.0,12:31:28.107919
181.0,-463.0,774.0,12:31:28.118330
-137.0,-459.0,831.0,12:31:28.127768
123.0,-535.0,888.0,12:31:28.138166
35.0,-534.0,726.0,12:31:28.147530
144.0,-361.0,875.0,12:31:28.157911
-64.0,-337.0,1213.0,12:31:28.167331
-41.0,-466.0,956.0,12:31:28.177825
54.0,-440.0,828.0,12:31:28.187295
-40.0,-358.0,985.0,12:31:28.196716
136.0,-477.0,933.0,12:31:28.207335
43.0,-491.0,937.0,12:31:28.216693
-22.0,-399.0,818.0,12:31:28.227261
176.0,-450.0,1075.0,12:31:28.236696
81.0,-597.0,911.0,12:31:28.246033
142.0,-715.0,741.0,12:31:28.256592
-29.0,-538.0,769.0,12:31:28.266108
27.0,-404.0,945.0,12:31:28.276712
-105.0,-380.0,779.0,12:31:28.286115
36.0,-398.0,823.0,12:31:28.295412
-95.0,-459.0,922.0,12:31:28.306010
132.0,-389.0,875.0,12:31:28.315309
-65.0,-543.0,1179.0,12:31:28.324727
5.0,-536.0,1311.0,12:31:28.335159
400.0,-754.0,895.0,12:31:28.344594
-123.0,-657.0,1038.0,12:31:28.355115
204.0,-670.0,1066.0,12:31:28.364534
-59.0,-577.0,764.0,12:31:28.374990
-24.0,-445.0,718.0,12:31:28.384389
52.0,-456.0,911.0,12:31:28.394812
-126.0,-342.0,773.0,12:31:28.404155
37.0,-271.0,1083.0,12:31:28.413624
-253.0,-502.0,1032.0,12:31:28.424109
-5.0,-449.0,1023.0,12:31:28.433488
193.0,-491.0,1219.0,12:31:28.443946
70.0,-684.0,1095.0,12:31:28.453253
195.0,-501.0,818.0,12:31:28.463698
-11.0,-410.0,809.0,12:31:28.472995
-23.0,-430.0,951.0,12:31:28.483559
156.0,-472.0,897.0,12:31:28.492975
-5.0,-269.0,825.0,12:31:28.502345
54.0,-409.0,920.0,12:31:28.512826
78.0,-406.0,802.0,12:31:28.522211
37.0,-535.0,966.0,12:31:28.532680
-25.0,-527.0,1167.0,12:31:28.541969
191.0,-394.0,695.0,12:31:28.552538
73.0,-462.0,736.0,12:31:28.561859
-78.0,-591.0,977.0,12:31:28.571339
168.0,-544.0,823.0,12:31:28.581835
6.0,-323.0,838.0,12:31:28.591276
-56.0,-542.0,1046.0,12:31:28.601666
42.0,-601.0,820.0,12:31:28.611288
139.0,-487.0,808.0,12:31:28.620557
133.0,-561.0,815.0,12:31:28.631097
-103.0,-369.0,995.0,12:31:28.640357
-72.0,-540.0,961.0,12:31:28.650914
52.0,-426.0,747.0,12:31:28.660282
-27.0,-330.0,1086.0,12:31:28.670811
-136.0,-237.0,992.0,12:31:28.680153
-50.0,-457.0,1143.0,12:31:28.689632
151.0,-420.0,988.0,12:31:28.700068
98.0,-621.0,1057.0,12:31:28.709494
-88.0,-547.0,1111.0,12:31:28.720025
-100.0,-611.0,1118.0,12:31:28.729539
-10.0,-683.0,1006.0,12:31:28.738961
30.0,-686.0,817.0,12:31:28.749427
-4.0,-530.0,702.0,12:31:28.758904
-90.0,-462.0,946.0,12:31:28.771216
-15.0,-474.0,807.0,12:31:28.778588
-115.0,-492.0,822.0,12:31:28.789089
-12.0,-387.0,925.0,12:31:28.798409
76.0,-444.0,984.0,12:31:28.809011
72.0,-534.0,1049.0,12:31:28.818366
205.0,-565.0,818.0,12:31:28.827750
228.0,-591.0,942.0,12:31:28.838272
171.0,-638.0,762.0,12:31:28.847732
-20.0,-410.0,965.0,12:31:28.858180
-74.0,-529.0,935.0,12:31:28.867469
119.0,-464.0,725.0,12:31:28.877934
-61.0,-411.0,858.0,12:31:28.887303
-17.0,-593.0,1032.0,12:31:28.896738
73.0,-501.0,837.0,12:31:28.907196
107.0,-480.0,938.0,12:31:28.916609
62.0,-608.0,1143.0,12:31:28.927097
14.0,-371.0,826.0,12:31:28.936539
56.0,-417.0,874.0,12:31:28.947063
31.0,-313.0,902.0,12:31:28.956331
-49.0,-505.0,1076.0,12:31:28.965866
239.0,-565.0,981.0,12:31:28.976282
52.0,-385.0,836.0,12:31:28.985703
-93.0,-581.0,1092.0,12:31:28.996087
110.0,-530.0,932.0,12:31:29.005451
88.0,-615.0,939.0,12:31:29.015959
171.0,-521.0,831.0,12:31:29.025367
155.0,-621.0,989.0,12:31:29.045081
82.0,-464.0,921.0,12:31:29.054447
164.0,-395.0,1011.0,12:31:29.064971
86.0,-464.0,855.0,12:31:29.074258
-206.0,-512.0,913.0,12:31:29.084800
185.0,-569.0,739.0,12:31:29.094125
134.0,-482.0,1009.0,12:31:29.104692
-197.0,-519.0,1344.0,12:31:29.114015
191.0,-706.0,908.0,12:31:29.123479
9.0,-503.0,503.0,12:31:29.133858
71.0,-370.0,1117.0,12:31:29.143163
25.0,-299.0,1311.0,12:31:29.153672
-26.0,-260.0,724.0,12:31:29.163010
-47.0,-413.0,726.0,12:31:29.174133
-130.0,-483.0,1192.0,12:31:29.183394
216.0,-461.0,741.0,12:31:29.192771
-85.0,-384.0,942.0,12:31:29.203401
175.0,-493.0,1184.0,12:31:29.212861
84.0,-552.0,821.0,12:31:29.222317
164.0,-549.0,623.0,12:31:29.232956
-70.0,-529.0,1084.0,12:31:29.242377
-22.0,-495.0,1069.0,12:31:29.251774
49.0,-399.0,756.0,12:31:29.262303
-17.0,-326.0,699.0,12:31:29.271629
53.0,-464.0,1163.0,12:31:29.282132
-83.0,-597.0,1200.0,12:31:29.291524
156.0,-507.0,718.0,12:31:29.300903
139.0,-517.0,787.0,12:31:29.311390
45.0,-539.0,1101.0,12:31:29.320775
258.0,-395.0,844.0,12:31:29.331198
-74.0,-385.0,758.0,12:31:29.340545
150.0,-366.0,897.0,12:31:29.351012
-18.0,-384.0,847.0,12:31:29.360451
174.0,-531.0,1117.0,12:31:29.371020
8.0,-604.0,1351.0,12:31:29.380373
12.0,-627.0,937.0,12:31:29.389720
228.0,-671.0,834.0,12:31:29.400194
-9.0,-625.0,1191.0,12:31:29.409503
100.0,-762.0,1011.0,12:31:29.420072
68.0,-512.0,543.0,12:31:29.429349
38.0,-398.0,639.0,12:31:29.440027
-108.0,-277.0,880.0,12:31:29.449266
-104.0,-486.0,947.0,12:31:29.459829
21.0,-479.0,876.0,12:31:29.469089
-141.0,-413.0,829.0,12:31:29.478418
-44.0,-495.0,1126.0,12:31:29.488935
73.0,-681.0,1121.0,12:31:29.498221
83.0,-508.0,832.0,12:31:29.508647
88.0,-420.0,721.0,12:31:29.517977
-32.0,-436.0,1032.0,12:31:29.528369
31.0,-427.0,933.0,12:31:29.537762
8.0,-458.0,620.0,12:31:29.548199
122.0,-412.0,780.0,12:31:29.557726
91.0,-541.0,1195.0,12:31:29.568145
-13.0,-442.0,781.0,12:31:29.577529
72.0,-447.0,797.0,12:31:29.587989
139.0,-591.0,1239.0,12:31:29.597330
124.0,-465.0,1000.0,12:31:29.606723
71.0,-448.0,564.0,12:31:29.617239
-55.0,-518.0,1109.0,12:31:29.626689
62.0,-609.0,983.0,12:31:29.637150
118.0,-519.0,832.0,12:31:29.646591
-93.0,-376.0,835.0,12:31:29.656996
-185.0,-525.0,1188.0,12:31:29.666335
118.0,-653.0,898.0,12:31:29.675883
14.0,-624.0,679.0,12:31:29.686483
38.0,-557.0,1043.0,12:31:29.695870
-139.0,-412.0,1099.0,12:31:29.706543
37.0,-529.0,828.0,12:31:29.715853
93.0,-358.0,1004.0,12:31:29.725275
-121.0,-344.0,993.0,12:31:29.735728
-28.0,-477.0,807.0,12:31:29.745161
131.0,-647.0,915.0,12:31:29.754588
18.0,-521.0,1110.0,12:31:29.765041
39.0,-428.0,927.0,12:31:29.774538
53.0,-487.0,947.0,12:31:29.785063
99.0,-623.0,953.0,12:31:29.794507
91.0,-568.0,734.0,12:31:29.803878
63.0,-433.0,838.0,12:31:29.814272
-46.0,-412.0,951.0,12:31:29.823732
97.0,-447.0,939.0,12:31:29.834168
-39.0,-367.0,753.0,12:31:29.843534
-9.0,-322.0,892.0,12:31:29.854026
-73.0,-527.0,1127.0,12:31:29.863545
101.0,-478.0,898.0,12:31:29.872849
-102.0,-389.0,961.0,12:31:29.883375
-3.0,-517.0,929.0,12:31:29.892662
74.0,-549.0,904.0,12:31:29.903214
-13.0,-468.0,867.0,12:31:29.912485
-23.0,-464.0,974.0,12:31:29.923007
-11.0,-581.0,815.0,12:31:29.932495
-86.0,-478.0,910.0,12:31:29.941894
-20.0,-453.0,1021.0,12:31:29.952313
64.0,-666.0,892.0,12:31:29.961644
81.0,-574.0,923.0,12:31:29.976182
-13.0,-451.0,846.0,12:31:29.981801
60.0,-453.0,896.0,12:31:29.991369
54.0,-422.0,993.0,12:31:30.001845
80.0,-521.0,971.0,12:31:30.011264
-67.0,-410.0,754.0,12:31:30.021692
1.0,-385.0,941.0,12:31:30.031264
-66.0,-327.0,1157.0,12:31:30.040556
18.0,-451.0,880.0,12:31:30.051146
85.0,-496.0,878.0,12:31:30.060359
-37.0,-493.0,958.0,12:31:30.070982
-53.0,-498.0,930.0,12:31:30.080287
181.0,-532.0,1020.0,12:31:30.090922
-122.0,-414.0,920.0,12:31:30.100180
-41.0,-590.0,903.0,12:31:30.109590
-14.0,-557.0,807.0,12:31:30.120051
-31.0,-426.0,931.0,12:31:30.129416
97.0,-473.0,1036.0,12:31:30.139820
-132.0,-608.0,1057.0,12:31:30.149262
222.0,-688.0,724.0,12:31:30.159747
-81.0,-540.0,945.0,12:31:30.175310
153.0,-527.0,1077.0,12:31:30.181808
71.0,-609.0,948.0,12:31:30.190293
143.0,-598.0,757.0,12:31:30.203557
-60.0,-424.0,1039.0,12:31:30.208761
180.0,-634.0,857.0,12:31:30.220213
-74.0,-471.0,741.0,12:31:30.228924
49.0,-441.0,911.0,12:31:30.238228
101.0,-453.0,824.0,12:31:30.247699
-67.0,-343.0,816.0,12:31:30.258187
17.0,-368.0,1005.0,12:31:30.267737
14.0,-452.0,902.0,12:31:30.278149
3.0,-331.0,986.0,12:31:30.287503
60.0,-509.0,997.0,12:31:30.297918
-13.0,-485.0,907.0,12:31:30.307263
86.0,-569.0,1109.0,12:31:30.317782
-31.0,-575.0,790.0,12:31:30.327166
13.0,-476.0,1021.0,12:31:30.336601
1.0,-446.0,942.0,12:31:30.347038
10.0,-467.0,651.0,12:31:30.356491
137.0,-494.0,977.0,12:31:30.378048
-35.0,-309.0,1057.0,12:31:30.386325
97.0,-489.0,888.0,12:31:30.395722
143.0,-435.0,798.0,12:31:30.406261
210.0,-544.0,990.0,12:31:30.415611
163.0,-591.0,1072.0,12:31:30.426174
-10.0,-457.0,946.0,12:31:30.435418
64.0,-410.0,834.0,12:31:30.445887
112.0,-651.0,914.0,12:31:30.455139
-40.0,-405.0,830.0,12:31:30.464570
123.0,-425.0,1011.0,12:31:30.474981
-46.0,-450.0,863.0,12:31:30.484399
-93.0,-428.0,985.0,12:31:30.494818
0.0,-409.0,850.0,12:31:30.504233
-55.0,-397.0,986.0,12:31:30.514693
-11.0,-491.0,1182.0,12:31:30.524125
34.0,-521.0,941.0,12:31:30.534597
95.0,-453.0,819.0,12:31:30.544002
3.0,-455.0,1023.0,12:31:30.553340
167.0,-543.0,1006.0,12:31:30.563905
112.0,-395.0,915.0,12:31:30.573252
51.0,-446.0,990.0,12:31:30.583798
59.0,-470.0,926.0,12:31:30.593083
20.0,-574.0,854.0,12:31:30.603495
151.0,-439.0,835.0,12:31:30.612769
-73.0,-498.0,894.0,12:31:30.623303
163.0,-501.0,939.0,12:31:30.632632
1.0,-404.0,918.0,12:31:30.643043
52.0,-501.0,774.0,12:31:30.652434
-12.0,-338.0,805.0,12:31:30.661711
45.0,-414.0,1109.0,12:31:30.672332
70.0,-525.0,924.0,12:31:30.681675
169.0,-461.0,828.0,12:31:30.692400
15.0,-604.0,1059.0,12:31:30.701656
159.0,-623.0,797.0,12:31:30.711103
140.0,-527.0,904.0,12:31:30.721570
43.0,-467.0,1009.0,12:31:30.731083
77.0,-560.0,959.0,12:31:30.741531
95.0,-554.0,885.0,12:31:30.750893
-69.0,-465.0,833.0,12:31:30.761277
58.0,-597.0,971.0,12:31:30.770685
100.0,-502.0,892.0,12:31:30.781141
38.0,-452.0,920.0,12:31:30.790535
34.0,-551.0,997.0,12:31:30.799994
12.0,-507.0,962.0,12:31:30.810553
74.0,-461.0,752.0,12:31:30.819820
47.0,-439.0,912.0,12:31:30.830276
-194.0,-349.0,1072.0,12:31:30.839571
36.0,-462.0,885.0,12:31:30.850126
149.0,-482.0,824.0,12:31:30.859402
-35.0,-473.0,898.0,12:31:30.868891
69.0,-413.0,996.0,12:31:30.879360
103.0,-581.0,900.0,12:31:30.888851
-14.0,-383.0,868.0,12:31:30.899310
44.0,-656.0,972.0,12:31:30.908642
30.0,-565.0,877.0,12:31:30.919077
90.0,-523.0,905.0,12:31:30.928508
-84.0,-514.0,1013.0,12:31:30.937840
42.0,-639.0,985.0,12:31:30.948322
58.0,-577.0,713.0,12:31:30.957755
-5.0,-422.0,982.0,12:31:30.968232
39.0,-485.0,906.0,12:31:30.977651
15.0,-518.0,890.0,12:31:30.988175
97.0,-470.0,827.0,12:31:30.997476
-63.0,-451.0,892.0,12:31:31.007960
-14.0,-386.0,985.0,12:31:31.017331
-18.0,-401.0,972.0,12:31:31.026654
64.0,-451.0,855.0,12:31:31.037203
163.0,-433.0,969.0,12:31:31.046566
71.0,-520.0,1006.0,12:31:31.057130
2.0,-439.0,918.0,12:31:31.066687
12.0,-502.0,1096.0,12:31:31.076205
86.0,-484.0,905.0,12:31:31.086705
31.0,-393.0,775.0,12:31:31.096044
182.0,-508.0,813.0,12:31:31.106525
-149.0,-558.0,1225.0,12:31:31.115926
122.0,-529.0,978.0,12:31:31.125360
39.0,-498.0,677.0,12:31:31.135927
75.0,-461.0,1001.0,12:31:31.145180
49.0,-559.0,1131.0,12:31:31.155911
29.0,-394.0,776.0,12:31:31.165164
65.0,-356.0,876.0,12:31:31.176963
-188.0,-507.0,1038.0,12:31:31.185400
121.0,-598.0,965.0,12:31:31.194824
39.0,-358.0,876.0,12:31:31.204223
158.0,-355.0,820.0,12:31:31.214633
139.0,-435.0,1011.0,12:31:31.224053
35.0,-456.0,870.0,12:31:31.234573
77.0,-313.0,819.0,12:31:31.244008
-75.0,-370.0,1022.0,12:31:31.253458
11.0,-489.0,933.0,12:31:31.263918
15.0,-357.0,872.0,12:31:31.273245
147.0,-552.0,1060.0,12:31:31.283710
89.0,-506.0,993.0,12:31:31.293051
41.0,-611.0,984.0,12:31:31.303546
73.0,-487.0,867.0,12:31:31.312888
113.0,-513.0,892.0,12:31:31.322430
2.0,-467.0,921.0,12:31:31.332829
16.0,-562.0,897.0,12:31:31.342248
-27.0,-498.0,918.0,12:31:31.352817
49.0,-474.0,983.0,12:31:31.362180
57.0,-554.0,927.0,12:31:31.372716
-96.0,-552.0,971.0,12:31:31.382041
193.0,-509.0,833.0,12:31:31.391434
-144.0,-587.0,1099.0,12:31:31.401893
210.0,-465.0,809.0,12:31:31.411273
75.0,-448.0,741.0,12:31:31.421736
10.0,-423.0,990.0,12:31:31.431177
-121.0,-497.0,1013.0,12:31:31.441611
22.0,-345.0,776.0,12:31:31.451144
93.0,-480.0,927.0,12:31:31.460464
78.0,-576.0,1076.0,12:31:31.471014
-29.0,-681.0,939.0,12:31:31.480360
3.0,-469.0,988.0,12:31:31.490831
57.0,-701.0,1038.0,12:31:31.500158
79.0,-662.0,878.0,12:31:31.510634
122.0,-720.0,899.0,12:31:31.520116
46.0,-520.0,852.0,12:31:31.529468
-9.0,-437.0,717.0,12:31:31.540086
-78.0,-367.0,967.0,12:31:31.549523
143.0,-543.0,985.0,12:31:31.560065
-30.0,-574.0,863.0,12:31:31.576732
42.0,-460.0,678.0,12:31:31.581433
-19.0,-631.0,1173.0,12:31:31.589700
132.0,-615.0,1051.0,12:31:31.598933
88.0,-424.0,657.0,12:31:31.609422
-108.0,-410.0,952.0,12:31:31.618668
66.0,-481.0,955.0,12:31:31.628155
-85.0,-450.0,766.0,12:31:31.638688
123.0,-500.0,1074.0,12:31:31.648162
-67.0,-567.0,1200.0,12:31:31.658703
156.0,-571.0,830.0,12:31:31.668063
-20.0,-474.0,775.0,12:31:31.677374
-128.0,-600.0,1221.0,12:31:31.687858
157.0,-537.0,1015.0,12:31:31.697251
173.0,-371.0,626.0,12:31:31.707775
109.0,-490.0,1102.0,12:31:31.717185
21.0,-560.0,1061.0,12:31:31.727649
188.0,-547.0,665.0,12:31:31.737036
57.0,-362.0,826.0,12:31:31.746523
87.0,-389.0,1040.0,12:31:31.756983
194.0,-417.0,898.0,12:31:31.766336
-74.0,-489.0,949.0,12:31:31.776954
-149.0,-341.0,790.0,12:31:31.786327
-15.0,-504.0,1060.0,12:31:31.795836
26.0,-573.0,1050.0,12:31:31.806313
129.0,-485.0,709.0,12:31:31.815826
-109.0,-321.0,935.0,12:31:31.826237
-32.0,-494.0,1234.0,12:31:31.835722
24.0,-530.0,892.0,12:31:31.845024
70.0,-529.0,717.0,12:31:31.855539
-48.0,-586.0,1272.0,12:31:31.864795
-76.0,-688.0,1038.0,12:31:31.875259
216.0,-523.0,757.0,12:31:31.884599
22.0,-565.0,940.0,12:31:31.895091
25.0,-369.0,1093.0,12:31:31.904506
164.0,-471.0,611.0,12:31:31.915032
-33.0,-362.0,826.0,12:31:31.924389
-212.0,-457.0,1137.0,12:31:31.933739
188.0,-511.0,727.0,12:31:31.944191
38.0,-487.0,863.0,12:31:31.953515
37.0,-424.0,1077.0,12:31:31.964028
15.0,-412.0,986.0,12:31:31.973476
-27.0,-403.0,758.0,12:31:31.983920
-62.0,-509.0,987.0,12:31:31.993328
-32.0,-316.0,1080.0,12:31:32.003834
106.0,-450.0,838.0,12:31:32.013172
-74.0,-374.0,922.0,12:31:32.023595
62.0,-650.0,1194.0,12:31:32.032827
52.0,-664.0,902.0,12:31:32.042422
87.0,-534.0,846.0,12:31:32.052904
117.0,-453.0,941.0,12:31:32.062337
45.0,-636.0,1054.0,12:31:32.072761
-44.0,-633.0,803.0,12:31:32.082215
106.0,-403.0,703.0,12:31:32.091603
-102.0,-539.0,995.0,12:31:32.102195
54.0,-574.0,955.0,12:31:32.111737
-89.0,-444.0,795.0,12:31:32.121563
47.0,-508.0,839.0,12:31:32.131037
92.0,-420.0,1005.0,12:31:32.141492
131.0,-596.0,958.0,12:31:32.150757
179.0,-470.0,603.0,12:31:32.161289
111.0,-507.0,889.0,12:31:32.170561
10.0,-536.0,1047.0,12:31:32.181119
-52.0,-465.0,924.0,12:31:32.190528
11.0,-550.0,680.0,12:31:32.200035
-49.0,-459.0,1100.0,12:31:32.210428
-183.0,-539.0,1147.0,12:31:32.219777
78.0,-536.0,874.0,12:31:32.230232
-34.0,-543.0,964.0,12:31:32.239618
117.0,-568.0,1045.0,12:31:32.250041
-48.0,-463.0,901.0,12:31:32.259470
-34.0,-550.0,772.0,12:31:32.269992
-60.0,-405.0,850.0,12:31:32.279473
85.0,-524.0,979.0,12:31:32.288868
91.0,-334.0,735.0,12:31:32.299355
-61.0,-431.0,1012.0,12:31:32.308802
27.0,-469.0,1040.0,12:31:32.319359
-32.0,-487.0,862.0,12:31:32.328614
109.0,-424.0,1024.0,12:31:32.339103
94.0,-545.0,1166.0,12:31:32.348379
7.0,-273.0,618.0,12:31:32.368018
101.0,-649.0,1093.0,12:31:32.380354
57.0,-519.0,1095.0,12:31:32.387843
72.0,-210.0,723.0,12:31:32.398270
92.0,-448.0,888.0,12:31:32.407704
-2.0,-552.0,1202.0,12:31:32.417134
81.0,-688.0,1126.0,12:31:32.427825
55.0,-510.0,551.0,12:31:32.437085
-45.0,-507.0,991.0,12:31:32.447645
165.0,-419.0,1070.0,12:31:32.456897
95.0,-457.0,786.0,12:31:32.466300
63.0,-402.0,884.0,12:31:32.476831
134.0,-365.0,1028.0,12:31:32.486199
53.0,-495.0,829.0,12:31:32.496740
-41.0,-533.0,943.0,12:31:32.506033
167.0,-590.0,1055.0,12:31:32.516659
128.0,-456.0,884.0,12:31:32.526069
127.0,-344.0,848.0,12:31:32.535395
5.0,-477.0,1039.0,12:31:32.545819
19.0,-416.0,939.0,12:31:32.555125
-24.0,-432.0,790.0,12:31:32.565693
122.0,-506.0,843.0,12:31:32.575135
1.0,-457.0,1130.0,12:31:32.585660
-1.0,-505.0,1052.0,12:31:32.595001
117.0,-567.0,1027.0,12:31:32.604435
13.0,-615.0,945.0,12:31:32.615030
174.0,-707.0,913.0,12:31:32.624468
117.0,-640.0,995.0,12:31:32.634867
-51.0,-548.0,802.0,12:31:32.644448
-66.0,-436.0,735.0,12:31:32.653745
-61.0,-413.0,1046.0,12:31:32.664190
-67.0,-471.0,715.0,12:31:32.673553
96.0,-402.0,739.0,12:31:32.684056
-132.0,-236.0,964.0,12:31:32.693484
6.0,-512.0,1080.0,12:31:32.704001
-37.0,-391.0,946.0,12:31:32.713380
82.0,-469.0,1052.0,12:31:32.722706
-6.0,-514.0,951.0,12:31:32.733211
105.0,-517.0,887.0,12:31:32.742652
-20.0,-492.0,997.0,12:31:32.753141
-21.0,-517.0,998.0,12:31:32.762540
-20.0,-583.0,885.0,12:31:32.776319
70.0,-569.0,926.0,12:31:32.784302
-57.0,-645.0,984.0,12:31:32.792558
203.0,-454.0,759.0,12:31:32.801962
-201.0,-578.0,957.0,12:31:32.812500
70.0,-678.0,917.0,12:31:32.821830
111.0,-516.0,821.0,12:31:32.831284
-41.0,-422.0,898.0,12:31:32.841699
32.0,-523.0,889.0,12:31:32.851266
25.0,-548.0,806.0,12:31:32.861690
45.0,-491.0,800.0,12:31:32.871077
-65.0,-322.0,1162.0,12:31:32.880387
6.0,-538.0,952.0,12:31:32.890937
78.0,-399.0,722.0,12:31:32.900342
24.0,-599.0,1100.0,12:31:32.910855
167.0,-576.0,950.0,12:31:32.920100
57.0,-470.0,802.0,12:31:32.930626
-99.0,-374.0,967.0,12:31:32.939967
51.0,-363.0,1089.0,12:31:32.950448
-136.0,-354.0,704.0,12:31:32.959699
-17.0,-513.0,824.0,12:31:32.970312
-265.0,-515.0,1348.0,12:31:32.979714
80.0,-603.0,915.0,12:31:32.989060
-25.0,-597.0,744.0,12:31:32.999518
77.0,-689.0,1177.0,12:31:33.009053
148.0,-617.0,931.0,12:31:33.019446
-2.0,-456.0,636.0,12:31:33.028975
113.0,-522.0,792.0,12:31:33.038250
61.0,-461.0,887.0,12:31:33.048986
28.0,-460.0,818.0,12:31:33.058316
-29.0,-276.0,754.0,12:31:33.067816
-105.0,-423.0,970.0,12:31:33.078384
62.0,-414.0,894.0,12:31:33.087824
91.0,-476.0,987.0,12:31:33.098421
-60.0,-484.0,948.0,12:31:33.107831
148.0,-387.0,975.0,12:31:33.117098
-147.0,-525.0,1067.0,12:31:33.127736
184.0,-598.0,908.0,12:31:33.137032
-101.0,-397.0,949.0,12:31:33.147856
-5.0,-563.0,995.0,12:31:33.157170
-66.0,-567.0,1053.0,12:31:33.166685
18.0,-413.0,812.0,12:31:33.177104
70.0,-428.0,913.0,12:31:33.186590
-73.0,-392.0,1124.0,12:31:33.197056
2.0,-482.0,967.0,12:31:33.206549
19.0,-486.0,804.0,12:31:33.215783
99.0,-483.0,953.0,12:31:33.226303
94.0,-389.0,1057.0,12:31:33.235707
37.0,-403.0,890.0,12:31:33.246253
-60.0,-450.0,807.0,12:31:33.255643
125.0,-472.0,874.0,12:31:33.265035
14.0,-499.0,948.0,12:31:33.275483
72.0,-429.0,904.0,12:31:33.284891
-31.0,-328.0,913.0,12:31:33.295279
91.0,-522.0,1069.0,12:31:33.304686
110.0,-550.0,772.0,12:31:33.315100
28.0,-467.0,921.0,12:31:33.324587
-23.0,-549.0,1156.0,12:31:33.334956
142.0,-638.0,847.0,12:31:33.344347
112.0,-549.0,924.0,12:31:33.354890
98.0,-485.0,877.0,12:31:33.364237
-87.0,-462.0,973.0,12:31:33.373524
2.0,-489.0,1067.0,12:31:33.383980
77.0,-531.0,902.0,12:31:33.393496
49.0,-536.0,870.0,12:31:33.404016
81.0,-338.0,919.0,12:31:33.413363
103.0,-678.0,926.0,12:31:33.423830
177.0,-539.0,877.0,12:31:33.433135
-9.0,-391.0,848.0,12:31:33.443596
-77.0,-403.0,929.0,12:31:33.452915
39.0,-562.0,961.0,12:31:33.462301
68.0,-561.0,862.0,12:31:33.472930
52.0,-315.0,861.0,12:31:33.482248
-71.0,-468.0,808.0,12:31:33.492761
125.0,-583.0,1083.0,12:31:33.502109
203.0,-484.0,851.0,12:31:33.511558
43.0,-473.0,669.0,12:31:33.522041
140.0,-361.0,1021.0,12:31:33.531464
25.0,-526.0,1149.0,12:31:33.541860
81.0,-481.0,878.0,12:31:33.551271
59.0,-487.0,901.0,12:31:33.561734
-15.0,-561.0,977.0,12:31:33.571245
-10.0,-634.0,1065.0,12:31:33.584232
66.0,-470.0,726.0,12:31:33.590379
-96.0,-534.0,808.0,12:31:33.601055
97.0,-604.0,1073.0,12:31:33.610338
22.0,-494.0,871.0,12:31:33.620814
-95.0,-441.0,738.0,12:31:33.630089
154.0,-478.0,914.0,12:31:33.640703
-57.0,-522.0,1100.0,12:31:33.650066
80.0,-400.0,892.0,12:31:33.659454
-111.0,-518.0,910.0,12:31:33.669936
103.0,-634.0,1043.0,12:31:33.679326
70.0,-463.0,972.0,12:31:33.689738
16.0,-500.0,734.0,12:31:33.699059
33.0,-344.0,963.0,12:31:33.709548
92.0,-461.0,1159.0,12:31:33.718932
34.0,-466.0,689.0,12:31:33.729421
77.0,-465.0,918.0,12:31:33.738784
-70.0,-486.0,961.0,12:31:33.748243
173.0,-551.0,988.0,12:31:33.758746
14.0,-600.0,1133.0,12:31:33.768080
105.0,-631.0,921.0,12:31:33.778592
70.0,-591.0,707.0,12:31:33.787975
-42.0,-628.0,1020.0,12:31:33.798531
-74.0,-429.0,967.0,12:31:33.807888
-64.0,-507.0,950.0,12:31:33.818284
-151.0,-490.0,772.0,12:31:33.827741
107.0,-445.0,925.0,12:31:33.836990
42.0,-589.0,882.0,12:31:33.847635
188.0,-449.0,879.0,12:31:33.856958
65.0,-427.0,991.0,12:31:33.867645
62.0,-305.0,867.0,12:31:33.876879
40.0,-296.0,929.0,12:31:33.887284
-30.0,-414.0,961.0,12:31:33.896657
56.0,-463.0,1004.0,12:31:33.906098
-76.0,-387.0,757.0,12:31:33.916610
55.0,-392.0,971.0,12:31:33.925993
18.0,-477.0,1217.0,12:31:33.936560
209.0,-662.0,911.0,12:31:33.945944
0.0,-572.0,697.0,12:31:33.955342
41.0,-517.0,1055.0,12:31:33.965785
-22.0,-367.0,1083.0,12:31:33.975180
28.0,-574.0,909.0,12:31:33.985273
80.0,-591.0,759.0,12:31:33.994803
37.0,-454.0,910.0,12:31:34.005364
19.0,-515.0,968.0,12:31:34.014613
-27.0,-517.0,895.0,12:31:34.025175
-5.0,-519.0,976.0,12:31:34.034645
77.0,-533.0,848.0,12:31:34.043990
64.0,-501.0,903.0,12:31:34.054544
31.0,-535.0,1027.0,12:31:34.064015
4.0,-404.0,976.0,12:31:34.074576
31.0,-410.0,816.0,12:31:34.083964
22.0,-583.0,903.0,12:31:34.093375
-13.0,-524.0,1067.0,12:31:34.103942
3.0,-557.0,959.0,12:31:34.113322
-94.0,-519.0,842.0,12:31:34.123769
44.0,-463.0,835.0,12:31:34.133257
21.0,-527.0,1039.0,12:31:34.142601
24.0,-436.0,830.0,12:31:34.153057
47.0,-453.0,908.0,12:31:34.162387
135.0,-469.0,917.0,12:31:34.172874
109.0,-562.0,948.0,12:31:34.182229
1.0,-615.0,976.0,12:31:34.192728
92.0,-462.0,769.0,12:31:34.202186
121.0,-537.0,869.0,12:31:34.211629
74.0,-474.0,907.0,12:31:34.221990
20.0,-489.0,841.0,12:31:34.231394
128.0,-514.0,743.0,12:31:34.241779
90.0,-509.0,1031.0,12:31:34.251277
109.0,-508.0,963.0,12:31:34.261788
87.0,-579.0,803.0,12:31:34.271350
40.0,-596.0,846.0,12:31:34.281734
-25.0,-494.0,1079.0,12:31:34.291185
70.0,-527.0,879.0,12:31:34.300472
-54.0,-503.0,841.0,12:31:34.311076
-26.0,-500.0,978.0,12:31:34.320479
4.0,-549.0,1023.0,12:31:34.329991
34.0,-473.0,880.0,12:31:34.340373
-69.0,-486.0,946.0,12:31:34.349774
56.0,-558.0,998.0,12:31:34.369321
-100.0,-450.0,948.0,12:31:34.379855
115.0,-509.0,818.0,12:31:34.389214
-46.0,-544.0,977.0,12:31:34.399741
124.0,-447.0,855.0,12:31:34.409120
29.0,-345.0,941.0,12:31:34.419628
-139.0,-470.0,979.0,12:31:34.428985
54.0,-458.0,833.0,12:31:34.438406
-79.0,-422.0,721.0,12:31:34.448919
29.0,-457.0,893.0,12:31:34.458348
-76.0,-568.0,1080.0,12:31:34.468847
18.0,-478.0,932.0,12:31:34.478339
-10.0,-451.0,867.0,12:31:34.488905
15.0,-557.0,927.0,12:31:34.498183
147.0,-551.0,919.0,12:31:34.507818
126.0,-420.0,944.0,12:31:34.518200
-10.0,-466.0,1013.0,12:31:34.527636
-82.0,-461.0,866.0,12:31:34.538148
-98.0,-402.0,1008.0,12:31:34.556831
3.0,-517.0,983.0,12:31:34.567335
74.0,-523.0,1049.0,12:31:34.576687
-43.0,-484.0,981.0,12:31:34.587201
210.0,-547.0,972.0,12:31:34.596603
117.0,-563.0,984.0,12:31:34.606028
93.0,-608.0,980.0,12:31:34.616576
-7.0,-578.0,897.0,12:31:34.625904
57.0,-512.0,849.0,12:31:34.636513
5.0,-536.0,966.0,12:31:34.645778
-21.0,-491.0,780.0,12:31:34.656477
-8.0,-480.0,911.0,12:31:34.665729
52.0,-430.0,932.0,12:31:34.675118
-6.0,-408.0,898.0,12:31:34.685657
59.0,-494.0,754.0,12:31:34.695061
-24.0,-428.0,830.0,12:31:34.705579
-4.0,-431.0,950.0,12:31:34.714945
12.0,-441.0,1061.0,12:31:34.725362
93.0,-492.0,887.0,12:31:34.734721
-12.0,-465.0,776.0,12:31:34.745103
89.0,-464.0,1016.0,12:31:34.754533
-77.0,-509.0,1070.0,12:31:34.763828
238.0,-652.0,793.0,12:31:34.774306
108.0,-462.0,852.0,12:31:34.787096
37.0,-528.0,896.0,12:31:34.794523
-70.0,-637.0,804.0,12:31:34.803896
99.0,-525.0,814.0,12:31:34.813259
77.0,-511.0,783.0,12:31:34.823648
-7.0,-282.0,1005.0,12:31:34.833031
30.0,-558.0,1026.0,12:31:34.843462
-69.0,-528.0,882.0,12:31:34.852899
152.0,-568.0,839.0,12:31:34.863532
-124.0,-536.0,989.0,12:31:34.872865
162.0,-585.0,935.0,12:31:34.882249
-65.0,-568.0,900.0,12:31:34.892798
9.0,-486.0,719.0,12:31:34.902190
2.0,-370.0,774.0,12:31:34.912704
7.0,-402.0,1083.0,12:31:34.922027
-2.0,-451.0,1016.0,12:31:34.932547
81.0,-454.0,815.0,12:31:34.941825
101.0,-437.0,947.0,12:31:34.952282
-12.0,-590.0,1080.0,12:31:34.961754
56.0,-422.0,891.0,12:31:34.971139
-31.0,-506.0,939.0,12:31:34.981696
84.0,-537.0,980.0,12:31:34.991085
-47.0,-448.0,817.0,12:31:35.000583
77.0,-474.0,888.0,12:31:35.011152
-64.0,-549.0,923.0,12:31:35.020514
160.0,-631.0,1015.0,12:31:35.031236
59.0,-443.0,940.0,12:31:35.040632
-38.0,-406.0,799.0,12:31:35.050060
46.0,-567.0,809.0,12:31:35.060532
229.0,-527.0,934.0,12:31:35.069939
-80.0,-371.0,905.0,12:31:35.080430
-50.0,-461.0,814.0,12:31:35.089750
64.0,-495.0,846.0,12:31:35.099163
20.0,-510.0,975.0,12:31:35.118923
39.0,-525.0,986.0,12:31:35.129440
105.0,-475.0,870.0,12:31:35.138819
58.0,-586.0,1064.0,12:31:35.149345
122.0,-593.0,991.0,12:31:35.158620
55.0,-459.0,888.0,12:31:35.169092
121.0,-526.0,825.0,12:31:35.178360
-153.0,-419.0,1016.0,12:31:35.189201
181.0,-470.0,967.0,12:31:35.197809
-207.0,-320.0,938.0,12:31:35.208212
-90.0,-379.0,986.0,12:31:35.217676
103.0,-469.0,1027.0,12:31:35.228167
-16.0,-548.0,1047.0,12:31:35.237520
97.0,-519.0,952.0,12:31:35.247982
93.0,-530.0,839.0,12:31:35.257326
72.0,-528.0,980.0,12:31:35.267845
131.0,-428.0,1004.0,12:31:35.277167
12.0,-388.0,852.0,12:31:35.286586
94.0,-382.0,859.0,12:31:35.297079
91.0,-558.0,1088.0,12:31:35.306552
66.0,-559.0,1070.0,12:31:35.317028
188.0,-452.0,823.0,12:31:35.326337
130.0,-599.0,941.0,12:31:35.336819
64.0,-548.0,1077.0,12:31:35.346266
124.0,-505.0,869.0,12:31:35.355684
64.0,-495.0,713.0,12:31:35.366141
87.0,-497.0,870.0,12:31:35.375470
-31.0,-494.0,926.0,12:31:35.385999
-138.0,-451.0,846.0,12:31:35.395295
130.0,-557.0,889.0,12:31:35.405879
-129.0,-452.0,994.0,12:31:35.415180
155.0,-551.0,945.0,12:31:35.424659
75.0,-568.0,779.0,12:31:35.435050
59.0,-463.0,784.0,12:31:35.444460
31.0,-532.0,889.0,12:31:35.455029
-76.0,-368.0,637.0,12:31:35.464383
30.0,-272.0,354.0,12:31:35.474950
-111.0,-470.0,1207.0,12:31:35.484264
-155.0,-623.0,1508.0,12:31:35.493748
29.0,-416.0,934.0,12:31:35.504233
-43.0,-758.0,1171.0,12:31:35.513587
218.0,-901.0,1454.0,12:31:35.524096
-23.0,-862.0,1279.0,12:31:35.533539
212.0,-745.0,992.0,12:31:35.542901
17.0,-609.0,840.0,12:31:35.553456
-98.0,-776.0,664.0,12:31:35.562777
-173.0,-707.0,597.0,12:31:35.573317
-73.0,-423.0,754.0,12:31:35.582712
-252.0,-436.0,993.0,12:31:35.593155
-148.0,-511.0,826.0,12:31:35.602635
56.0,-508.0,818.0,12:31:35.611943
25.0,-421.0,940.0,12:31:35.622394
86.0,-246.0,855.0,12:31:35.631635
125.0,-239.0,819.0,12:31:35.642145
-69.0,-250.0,687.0,12:31:35.651488
24.0,-223.0,904.0,12:31:35.661989
-140.0,-203.0,915.0,12:31:35.671260
-17.0,-234.0,784.0,12:31:35.681878
116.0,-361.0,1009.0,12:31:35.691252
-140.0,-518.0,946.0,12:31:35.700631
132.0,-539.0,832.0,12:31:35.711160
121.0,-482.0,1034.0,12:31:35.720548
-193.0,-685.0,1140.0,12:31:35.730969
144.0,-538.0,658.0,12:31:35.740329
159.0,-657.0,969.0,12:31:35.750829
28.0,-639.0,1008.0,12:31:35.760158
395.0,-650.0,862.0,12:31:35.770667
17.0,-521.0,798.0,12:31:35.780003
-201.0,-558.0,1099.0,12:31:35.790478
172.0,-768.0,1135.0,12:31:35.799744
38.0,-729.0,826.0,12:31:35.810249
221.0,-736.0,403.0,12:31:35.819504
25.0,-411.0,1094.0,12:31:35.829025
-112.0,-283.0,1245.0,12:31:35.839533
-210.0,186.0,847.0,12:31:35.848966
-343.0,-80.0,960.0,12:31:35.859479
-41.0,-307.0,863.0,12:31:35.868976
65.0,-178.0,1370.0,12:31:35.878302
61.0,-285.0,1416.0,12:31:35.888878
15.0,-536.0,1160.0,12:31:35.898211
-53.0,-586.0,1146.0,12:31:35.908620
303.0,-767.0,1205.0,12:31:35.917939
-2.0,-598.0,828.0,12:31:35.937707
6.0,-622.0,946.0,12:31:35.948107
32.0,-680.0,746.0,12:31:35.957478
-8.0,-531.0,445.0,12:31:35.967888
-34.0,-560.0,909.0,12:31:35.977364
-77.0,-488.0,819.0,12:31:35.990121
33.0,-388.0,809.0,12:31:35.996828
-70.0,-560.0,667.0,12:31:36.007450
132.0,-542.0,788.0,12:31:36.016776
256.0,-571.0,952.0,12:31:36.026141
135.0,-555.0,1142.0,12:31:36.036626
35.0,-448.0,872.0,12:31:36.045922
-11.0,-211.0,714.0,12:31:36.056526
6.0,-247.0,824.0,12:31:36.065878
31.0,-457.0,1028.0,12:31:36.076353
176.0,-537.0,824.0,12:31:36.085702
21.0,-561.0,879.0,12:31:36.095183
-26.0,-557.0,931.0,12:31:36.105752
134.0,-347.0,623.0,12:31:36.115201
-147.0,-493.0,1052.0,12:31:36.125716
0.0,-600.0,1269.0,12:31:36.135146
66.0,-390.0,747.0,12:31:36.144532
116.0,-135.0,1032.0,12:31:36.155063
-22.0,-517.0,1426.0,12:31:36.164432
8.0,-602.0,989.0,12:31:36.174885
308.0,-605.0,944.0,12:31:36.184216
114.0,-540.0,1230.0,12:31:36.194617
-46.0,-634.0,1037.0,12:31:36.204000
37.0,-449.0,895.0,12:31:36.214576
-39.0,-538.0,686.0,12:31:36.223914
108.0,-367.0,988.0,12:31:36.233266
-144.0,-417.0,840.0,12:31:36.243797
71.0,-480.0,837.0,12:31:36.253163
-38.0,-401.0,1183.0,12:31:36.263572
80.0,-466.0,656.0,12:31:36.272902
63.0,-499.0,802.0,12:31:36.283424
89.0,-506.0,1083.0,12:31:36.292721
-3.0,-636.0,1032.0,12:31:36.303136
159.0,-622.0,1045.0,12:31:36.322880
128.0,-586.0,839.0,12:31:36.332274
110.0,-561.0,701.0,12:31:36.341671
-115.0,-386.0,829.0,12:31:36.352381
24.0,-599.0,1156.0,12:31:36.361820
71.0,-622.0,811.0,12:31:36.372295
-58.0,-341.0,832.0,12:31:36.381757
-61.0,-382.0,961.0,12:31:36.391036
48.0,-495.0,1003.0,12:31:36.401638
22.0,-492.0,1205.0,12:31:36.411171
-68.0,-511.0,713.0,12:31:36.421569
-11.0,-518.0,626.0,12:31:36.430955
7.0,-410.0,976.0,12:31:36.440201
-139.0,-354.0,1189.0,12:31:36.450713
97.0,-486.0,977.0,12:31:36.460195
48.0,-596.0,705.0,12:31:36.470708
50.0,-675.0,1125.0,12:31:36.480066
-43.0,-530.0,801.0,12:31:36.490623
117.0,-507.0,994.0,12:31:36.500088
127.0,-335.0,1006.0,12:31:36.509500
-96.0,-354.0,849.0,12:31:36.520074
69.0,-439.0,795.0,12:31:36.529362
-154.0,-352.0,1002.0,12:31:36.538859
107.0,-286.0,1010.0,12:31:36.549273
-32.0,-381.0,930.0,12:31:36.558631
-33.0,-519.0,1113.0,12:31:36.569222
73.0,-570.0,1008.0,12:31:36.578537
38.0,-403.0,852.0,12:31:36.589036
166.0,-582.0,1085.0,12:31:36.598332
-9.0,-525.0,983.0,12:31:36.607832
89.0,-536.0,757.0,12:31:36.618326
44.0,-348.0,709.0,12:31:36.627755
-33.0,-410.0,1083.0,12:31:36.638288
11.0,-408.0,894.0,12:31:36.647725
-61.0,-529.0,834.0,12:31:36.658237
59.0,-531.0,885.0,12:31:36.667714
57.0,-521.0,1025.0,12:31:36.677088
110.0,-579.0,958.0,12:31:36.687465
89.0,-487.0,668.0,12:31:36.696788
180.0,-532.0,1091.0,12:31:36.707154
-63.0,-620.0,1112.0,12:31:36.716626
53.0,-344.0,794.0,12:31:36.727036
-40.0,-445.0,801.0,12:31:36.736523
243.0,-682.0,1125.0,12:31:36.745921
55.0,-511.0,966.0,12:31:36.756451
95.0,-575.0,907.0,12:31:36.765774
-13.0,-531.0,942.0,12:31:36.776150
176.0,-733.0,950.0,12:31:36.785505
-93.0,-598.0,715.0,12:31:36.795947
-8.0,-611.0,778.0,12:31:36.805265
-176.0,-437.0,1074.0,12:31:36.815735
-142.0,-347.0,956.0,12:31:36.825217
-55.0,-358.0,694.0,12:31:36.835719
-62.0,-402.0,804.0,12:31:36.845072
-11.0,-391.0,884.0,12:31:36.854495
142.0,-497.0,1007.0,12:31:36.865009
62.0,-444.0,865.0,12:31:36.874400
34.0,-516.0,1140.0,12:31:36.884770
143.0,-652.0,908.0,12:31:36.894254
-100.0,-411.0,976.0,12:31:36.904682
-57.0,-501.0,943.0,12:31:36.914008
127.0,-524.0,905.0,12:31:36.924552
12.0,-410.0,799.0,12:31:36.933863
-14.0,-632.0,1017.0,12:31:36.943257
-4.0,-376.0,930.0,12:31:36.953751
66.0,-525.0,754.0,12:31:36.963174
36.0,-470.0,722.0,12:31:36.973644
64.0,-578.0,1033.0,12:31:36.983084
316.0,-615.0,811.0,12:31:36.993581
-75.0,-213.0,725.0,12:31:37.002957
-22.0,-195.0,848.0,12:31:37.012346
59.0,-458.0,1159.0,12:31:37.022910
36.0,-194.0,1053.0,12:31:37.032376
75.0,-449.0,624.0,12:31:37.042801
195.0,-490.0,958.0,12:31:37.052264
258.0,-535.0,1084.0,12:31:37.061527
21.0,-403.0,806.0,12:31:37.072184
88.0,-487.0,1045.0,12:31:37.081454
123.0,-573.0,1423.0,12:31:37.091954
280.0,-784.0,771.0,12:31:37.101264
178.0,-350.0,575.0,12:31:37.111734
-32.0,-520.0,1146.0,12:31:37.121175
122.0,-556.0,1302.0,12:31:37.130535
106.0,-489.0,790.0,12:31:37.141043
-105.0,-563.0,776.0,12:31:37.150406
-69.0,-613.0,1127.0,12:31:37.160926
35.0,-632.0,1123.0,12:31:37.170236
14.0,-471.0,781.0,12:31:37.180772
108.0,-549.0,813.0,12:31:37.193270
-88.0,-496.0,788.0,12:31:37.200658
81.0,-478.0,842.0,12:31:37.210066
-8.0,-431.0,864.0,12:31:37.219388
-10.0,-488.0,1113.0,12:31:37.229952
-9.0,-330.0,1093.0,12:31:37.239251
58.0,-439.0,689.0,12:31:37.249656
132.0,-483.0,965.0,12:31:37.259086
84.0,-570.0,1078.0,12:31:37.269481
88.0,-558.0,972.0,12:31:37.278925
80.0,-480.0,924.0,12:31:37.289425
58.0,-562.0,1085.0,12:31:37.298879
35.0,-484.0,778.0,12:31:37.308130
-40.0,-489.0,886.0,12:31:37.318621
-28.0,-548.0,968.0,12:31:37.327977
61.0,-443.0,924.0,12:31:37.338489
45.0,-539.0,663.0,12:31:37.347869
61.0,-515.0,964.0,12:31:37.358336
107.0,-503.0,905.0,12:31:37.367800
-43.0,-372.0,1051.0,12:31:37.377116
33.0,-342.0,923.0,12:31:37.387809
-20.0,-343.0,759.0,12:31:37.397041
113.0,-509.0,1007.0,12:31:37.407772
202.0,-624.0,813.0,12:31:37.417071
207.0,-635.0,830.0,12:31:37.426542
-55.0,-470.0,945.0,12:31:37.437094
64.0,-392.0,1199.0,12:31:37.446625
-19.0,-534.0,1197.0,12:31:37.456010
107.0,-496.0,592.0,12:31:37.466512
-45.0,-448.0,690.0,12:31:37.476025
215.0,-387.0,1078.0,12:31:37.486511
-10.0,-496.0,1071.0,12:31:37.495953
188.0,-471.0,733.0,12:31:37.505338
306.0,-467.0,902.0,12:31:37.515868
-76.0,-574.0,1125.0,12:31:37.525139
102.0,-509.0,809.0,12:31:37.535671
-34.0,-511.0,977.0,12:31:37.545036
101.0,-664.0,1218.0,12:31:37.554509
-68.0,-607.0,1013.0,12:31:37.564984
106.0,-512.0,711.0,12:31:37.574260
74.0,-413.0,757.0,12:31:37.584793
-38.0,-622.0,1156.0,12:31:37.595148
22.0,-558.0,722.0,12:31:37.604791
-42.0,-470.0,592.0,12:31:37.614200
-75.0,-396.0,919.0,12:31:37.624654
206.0,-627.0,981.0,12:31:37.634043
35.0,-344.0,763.0,12:31:37.643520
-115.0,-446.0,997.0,12:31:37.653995
-22.0,-589.0,948.0,12:31:37.663432
97.0,-627.0,782.0,12:31:37.672838
216.0,-508.0,920.0,12:31:37.683241
16.0,-536.0,1077.0,12:31:37.693657
-104.0,-373.0,899.0,12:31:37.703053
34.0,-313.0,887.0,12:31:37.712345
176.0,-498.0,903.0,12:31:37.722815
196.0,-596.0,1073.0,12:31:37.732055
156.0,-599.0,1135.0,12:31:37.742592
107.0,-458.0,536.0,12:31:37.751969
110.0,-441.0,1154.0,12:31:37.762462
-94.0,-680.0,1250.0,12:31:37.771746
166.0,-440.0,673.0,12:31:37.782300
-179.0,-255.0,595.0,12:31:37.791594
67.0,-397.0,1039.0,12:31:37.802038
48.0,-328.0,1267.0,12:31:37.811415
38.0,-479.0,857.0,12:31:37.821837
-17.0,-296.0,755.0,12:31:37.831374
198.0,-448.0,1113.0,12:31:37.840723
287.0,-607.0,1015.0,12:31:37.851295
171.0,-524.0,1057.0,12:31:37.870894
95.0,-371.0,1004.0,12:31:37.880141
-22.0,-446.0,771.0,12:31:37.890689
79.0,-454.0,968.0,12:31:37.900080
178.0,-558.0,988.0,12:31:37.910523
33.0,-349.0,861.0,12:31:37.920051
74.0,-450.0,975.0,12:31:37.929345
-62.0,-619.0,1119.0,12:31:37.939890
163.0,-489.0,818.0,12:31:37.949264
-21.0,-372.0,748.0,12:31:37.960006
-145.0,-448.0,1007.0,12:31:37.969387
-3.0,-581.0,1159.0,12:31:37.978835
57.0,-495.0,1005.0,12:31:37.989308
-15.0,-355.0,642.0,12:31:37.998666
104.0,-527.0,925.0,12:31:38.009109
-19.0,-628.0,1156.0,12:31:38.018411
93.0,-557.0,856.0,12:31:38.028974
108.0,-437.0,618.0,12:31:38.038368
-41.0,-471.0,1117.0,12:31:38.047805
-61.0,-455.0,1092.0,12:31:38.058296
23.0,-341.0,726.0,12:31:38.067852
-11.0,-442.0,798.0,12:31:38.078251
132.0,-575.0,1199.0,12:31:38.087782
44.0,-590.0,1162.0,12:31:38.097067
192.0,-538.0,707.0,12:31:38.107683
-38.0,-468.0,1083.0,12:31:38.117106
28.0,-544.0,1017.0,12:31:38.127657
86.0,-586.0,806.0,12:31:38.136935
65.0,-591.0,840.0,12:31:38.146274
98.0,-659.0,919.0,12:31:38.156927
-27.0,-786.0,851.0,12:31:38.166219
103.0,-570.0,771.0,12:31:38.176819
-51.0,-418.0,866.0,12:31:38.186053
-12.0,-398.0,1033.0,12:31:38.196623
-124.0,-520.0,942.0,12:31:38.205876
-46.0,-531.0,743.0,12:31:38.216484
-24.0,-339.0,870.0,12:31:38.225755
-259.0,-502.0,1193.0,12:31:38.235162
55.0,-446.0,924.0,12:31:38.245696
3.0,-492.0,636.0,12:31:38.255007
-54.0,-557.0,990.0,12:31:38.265439
84.0,-537.0,1037.0,12:31:38.274769
-154.0,-520.0,848.0,12:31:38.285279
-92.0,-612.0,878.0,12:31:38.294668
47.0,-651.0,893.0,12:31:38.305159
-30.0,-520.0,1081.0,12:31:38.314633
63.0,-576.0,824.0,12:31:38.324029
30.0,-508.0,765.0,12:31:38.334492
-55.0,-615.0,942.0,12:31:38.343891
249.0,-693.0,941.0,12:31:38.354301
72.0,-538.0,832.0,12:31:38.363729
38.0,-489.0,900.0,12:31:38.373092
-154.0,-413.0,1005.0,12:31:38.383539
192.0,-582.0,899.0,12:31:38.395770
100.0,-376.0,886.0,12:31:38.402999
-61.0,-404.0,955.0,12:31:38.413556
96.0,-499.0,963.0,12:31:38.422974
-53.0,-462.0,826.0,12:31:38.432464
-106.0,-389.0,949.0,12:31:38.443109
-12.0,-376.0,1049.0,12:31:38.452459
-146.0,-488.0,936.0,12:31:38.461807
5.0,-330.0,784.0,12:31:38.472302
-16.0,-508.0,1062.0,12:31:38.481757
-29.0,-590.0,1130.0,12:31:38.492272
-64.0,-530.0,807.0,12:31:38.501709
69.0,-513.0,855.0,12:31:38.511109
121.0,-588.0,944.0,12:31:38.521658
-88.0,-535.0,874.0,12:31:38.530936
75.0,-465.0,934.0,12:31:38.541411
-42.0,-542.0,807.0,12:31:38.550687
-147.0,-369.0,790.0,12:31:38.561271
41.0,-519.0,923.0,12:31:38.570720
60.0,-376.0,747.0,12:31:38.590281
-125.0,-493.0,1112.0,12:31:38.600834
192.0,-663.0,869.0,12:31:38.610205
-65.0,-275.0,721.0,12:31:38.620627
-22.0,-450.0,1287.0,12:31:38.630153
11.0,-560.0,1231.0,12:31:38.639475
-40.0,-524.0,941.0,12:31:38.650012
-49.0,-433.0,839.0,12:31:38.659353
142.0,-520.0,932.0,12:31:38.670054
-101.0,-593.0,1220.0,12:31:38.679309
52.0,-527.0,674.0,12:31:38.688596
-30.0,-493.0,519.0,12:31:38.699006
66.0,-348.0,997.0,12:31:38.708375
7.0,-482.0,1139.0,12:31:38.718902
92.0,-397.0,761.0,12:31:38.728329
-93.0,-304.0,893.0,12:31:38.738882
-1.0,-313.0,1158.0,12:31:38.748285
121.0,-555.0,1027.0,12:31:38.757645
-160.0,-529.0,750.0,12:31:38.768165
-100.0,-531.0,1047.0,12:31:38.777562
19.0,-493.0,892.0,12:31:38.799962
93.0,-389.0,713.0,12:31:38.807031
105.0,-356.0,719.0,12:31:38.817487
242.0,-494.0,941.0,12:31:38.826818
156.0,-663.0,1009.0,12:31:38.837281
57.0,-456.0,811.0,12:31:38.846624
50.0,-491.0,748.0,12:31:38.857005
-53.0,-550.0,1063.0,12:31:38.866518
-82.0,-668.0,1299.0,12:31:38.877069
-1.0,-514.0,625.0,12:31:38.886498
-32.0,-511.0,833.0,12:31:38.895769
84.0,-521.0,1079.0,12:31:38.906550
106.0,-585.0,961.0,12:31:38.915796
-21.0,-553.0,764.0,12:31:38.926552
206.0,-439.0,973.0,12:31:38.935866
125.0,-615.0,896.0,12:31:38.945233
-100.0,-590.0,991.0,12:31:38.955759
199.0,-532.0,934.0,12:31:38.965181
-35.0,-407.0,876.0,12:31:38.975688
-20.0,-279.0,994.0,12:31:38.985075
1.0,-446.0,905.0,12:31:38.994539
165.0,-387.0,832.0,12:31:39.005027
218.0,-402.0,837.0,12:31:39.014355
131.0,-343.0,919.0,12:31:39.023854
-11.0,-358.0,1331.0,12:31:39.034290
107.0,-536.0,958.0,12:31:39.043617
295.0,-617.0,592.0,12:31:39.054067
198.0,-813.0,1070.0,12:31:39.063476
102.0,-397.0,1289.0,12:31:39.073990
-60.0,-360.0,558.0,12:31:39.083369
68.0,-456.0,693.0,12:31:39.094007
132.0,-683.0,1139.0,12:31:39.103381
-57.0,-412.0,656.0,12:31:39.112710
-107.0,-290.0,898.0,12:31:39.123268
-2.0,-565.0,1235.0,12:31:39.132654
272.0,-528.0,962.0,12:31:39.143082
129.0,-609.0,786.0,12:31:39.152408
-57.0,-531.0,803.0,12:31:39.162822
62.0,-461.0,1220.0,12:31:39.172391
-12.0,-512.0,960.0,12:31:39.181754
85.0,-393.0,807.0,12:31:39.192287
-39.0,-352.0,858.0,12:31:39.201577
-18.0,-451.0,1036.0,12:31:39.212111
121.0,-438.0,1005.0,12:31:39.221383
58.0,-417.0,1019.0,12:31:39.231892
3.0,-552.0,1054.0,12:31:39.241270
108.0,-527.0,997.0,12:31:39.251780
168.0,-434.0,845.0,12:31:39.261171
-8.0,-340.0,955.0,12:31:39.270471
57.0,-501.0,988.0,12:31:39.281238
-48.0,-484.0,829.0,12:31:39.290490
-38.0,-451.0,1028.0,12:31:39.301102
-147.0,-379.0,1020.0,12:31:39.310354
-27.0,-589.0,818.0,12:31:39.319881
10.0,-479.0,889.0,12:31:39.330339
-18.0,-578.0,957.0,12:31:39.339727
-40.0,-650.0,863.0,12:31:39.350219
149.0,-560.0,883.0,12:31:39.359588
144.0,-506.0,956.0,12:31:39.370069
28.0,-436.0,971.0,12:31:39.379492
-17.0,-503.0,829.0,12:31:39.389110
49.0,-451.0,726.0,12:31:39.399701
43.0,-535.0,1175.0,12:31:39.409019
53.0,-477.0,934.0,12:31:39.418434
98.0,-567.0,744.0,12:31:39.428961
-22.0,-325.0,854.0,12:31:39.438315
-127.0,-407.0,1042.0,12:31:39.448853
74.0,-582.0,766.0,12:31:39.458115
79.0,-523.0,897.0,12:31:39.468642
-57.0,-437.0,1042.0,12:31:39.477996
59.0,-506.0,924.0,12:31:39.488438
-83.0,-430.0,956.0,12:31:39.497785
-22.0,-487.0,958.0,12:31:39.507258
21.0,-507.0,885.0,12:31:39.517756
117.0,-522.0,900.0,12:31:39.527097
-20.0,-557.0,928.0,12:31:39.537541
58.0,-567.0,948.0,12:31:39.547057
63.0,-481.0,981.0,12:31:39.557523
-62.0,-538.0,859.0,12:31:39.566910
91.0,-537.0,1033.0,12:31:39.576232
111.0,-421.0,856.0,12:31:39.586805
-14.0,-368.0,905.0,12:31:39.599227
40.0,-511.0,976.0,12:31:39.606682
-169.0,-542.0,1037.0,12:31:39.615972
70.0,-459.0,660.0,12:31:39.626658
25.0,-550.0,863.0,12:31:39.635915
42.0,-669.0,925.0,12:31:39.645196
-15.0,-641.0,913.0,12:31:39.655740
-90.0,-506.0,827.0,12:31:39.665131
-12.0,-526.0,869.0,12:31:39.675671
-112.0,-539.0,1003.0,12:31:39.685026
-52.0,-626.0,914.0,12:31:39.695464
-64.0,-576.0,797.0,12:31:39.704856
173.0,-600.0,896.0,12:31:39.715229
-94.0,-612.0,912.0,12:31:39.724620
-48.0,-546.0,889.0,12:31:39.735068
84.0,-487.0,657.0,12:31:39.744509
-111.0,-453.0,899.0,12:31:39.753892
73.0,-472.0,845.0,12:31:39.764420
-84.0,-385.0,595.0,12:31:39.773760
-167.0,-406.0,857.0,12:31:39.784241
66.0,-572.0,1210.0,12:31:39.793554
-150.0,-510.0,867.0,12:31:39.803956
-10.0,-254.0,670.0,12:31:39.813474
-86.0,-522.0,1457.0,12:31:39.822766
50.0,-551.0,989.0,12:31:39.833402
113.0,-558.0,889.0,12:31:39.842611
7.0,-363.0,969.0,12:31:39.853143
-120.0,-437.0,1042.0,12:31:39.862541
-4.0,-544.0,956.0,12:31:39.873070
15.0,-593.0,957.0,12:31:39.882445
130.0,-688.0,914.0,12:31:39.891904
171.0,-592.0,983.0,12:31:39.902327
146.0,-390.0,798.0,12:31:39.922136
13.0,-353.0,850.0,12:31:39.931507
28.0,-491.0,1062.0,12:31:39.941935
88.0,-467.0,997.0,12:31:39.951212
50.0,-255.0,679.0,12:31:39.961717
70.0,-403.0,1023.0,12:31:39.971051
91.0,-456.0,1219.0,12:31:39.981524
-163.0,-539.0,1006.0,12:31:39.999112
91.0,-580.0,1023.0,12:31:40.010963
-101.0,-630.0,1311.0,12:31:40.020291
-10.0,-569.0,968.0,12:31:40.030784
113.0,-408.0,518.0,12:31:40.040113
-24.0,-468.0,1018.0,12:31:40.049564
110.0,-578.0,907.0,12:31:40.060107
-11.0,-459.0,716.0,12:31:40.069420
-39.0,-456.0,851.0,12:31:40.079948
51.0,-511.0,1059.0,12:31:40.089420
66.0,-535.0,762.0,12:31:40.098861
-24.0,-580.0,815.0,12:31:40.109295
19.0,-527.0,994.0,12:31:40.118675
-48.0,-474.0,656.0,12:31:40.129060
141.0,-659.0,915.0,12:31:40.138398
-42.0,-492.0,975.0,12:31:40.148877
91.0,-520.0,979.0,12:31:40.158318
110.0,-435.0,939.0,12:31:40.168890
-59.0,-495.0,968.0,12:31:40.178260
87.0,-339.0,964.0,12:31:40.188645
21.0,-446.0,1368.0,12:31:40.198034
73.0,-458.0,1128.0,12:31:40.208386
284.0,-528.0,472.0,12:31:40.217787
-115.0,-568.0,962.0,12:31:40.227101
118.0,-756.0,1147.0,12:31:40.237685
-70.0,-437.0,552.0,12:31:40.247081
-23.0,-295.0,853.0,12:31:40.257546
-183.0,-698.0,1361.0,12:31:40.266947
-28.0,-497.0,678.0,12:31:40.277368
26.0,-454.0,822.0,12:31:40.286694
8.0,-412.0,1148.0,12:31:40.297079
116.0,-511.0,928.0,12:31:40.306529
-57.0,-503.0,617.0,12:31:40.315806
111.0,-548.0,878.0,12:31:40.326528
-141.0,-405.0,1039.0,12:31:40.335814
42.0,-377.0,709.0,12:31:40.346472
-7.0,-397.0,746.0,12:31:40.355822
92.0,-414.0,844.0,12:31:40.365149
75.0,-528.0,833.0,12:31:40.375748
27.0,-415.0,1059.0,12:31:40.385134
85.0,-467.0,970.0,12:31:40.395746
72.0,-546.0,866.0,12:31:40.405052
63.0,-446.0,678.0,12:31:40.414428
132.0,-794.0,1047.0,12:31:40.424943
212.0,-747.0,1111.0,12:31:40.434379
-54.0,-473.0,814.0,12:31:40.444788
-127.0,-474.0,831.0,12:31:40.454217
45.0,-631.0,1461.0,12:31:40.464599
92.0,-683.0,932.0,12:31:40.474058
56.0,-513.0,474.0,12:31:40.483445
-52.0,-507.0,1070.0,12:31:40.493974
49.0,-480.0,984.0,12:31:40.503368
-91.0,-331.0,696.0,12:31:40.513819
-52.0,-200.0,966.0,12:31:40.523130
36.0,-320.0,1103.0,12:31:40.533710
80.0,-335.0,752.0,12:31:40.543011
-123.0,-303.0,998.0,12:31:40.552484
164.0,-396.0,1192.0,12:31:40.562996
-27.0,-541.0,1021.0,12:31:40.572384
106.0,-603.0,880.0,12:31:40.582812
215.0,-537.0,600.0,12:31:40.592179
-116.0,-577.0,1096.0,12:31:40.602626
51.0,-660.0,949.0,12:31:40.612027
-30.0,-520.0,433.0,12:31:40.622427
38.0,-455.0,1047.0,12:31:40.631823
-31.0,-601.0,1281.0,12:31:40.641262
-15.0,-546.0,747.0,12:31:40.651722
-101.0,-622.0,841.0,12:31:40.661204
204.0,-616.0,1132.0,12:31:40.671604
44.0,-580.0,925.0,12:31:40.681083
136.0,-713.0,976.0,12:31:40.691559
29.0,-516.0,852.0,12:31:40.700909
18.0,-459.0,959.0,12:31:40.711315
269.0,-448.0,776.0,12:31:40.720691
-149.0,-409.0,1135.0,12:31:40.730160
59.0,-480.0,815.0,12:31:40.740715
-81.0,-469.0,754.0,12:31:40.750068
138.0,-459.0,1112.0,12:31:40.759581
-16.0,-565.0,1090.0,12:31:40.770046
6.0,-486.0,680.0,12:31:40.779440
-111.0,-266.0,946.0,12:31:40.790026
-50.0,-452.0,1034.0,12:31:40.801267
148.0,-368.0,803.0,12:31:40.809658
-147.0,-282.0,851.0,12:31:40.818975
12.0,-434.0,778.0,12:31:40.829440
16.0,-439.0,1064.0,12:31:40.838918
-49.0,-474.0,888.0,12:31:40.849358
130.0,-535.0,973.0,12:31:40.858820
-46.0,-528.0,734.0,12:31:40.868176
146.0,-544.0,892.0,12:31:40.878901
-57.0,-510.0,1000.0,12:31:40.888236
50.0,-494.0,753.0,12:31:40.897678
-142.0,-440.0,798.0,12:31:40.908148
116.0,-587.0,1058.0,12:31:40.917692
171.0,-558.0,751.0,12:31:40.928228
91.0,-508.0,850.0,12:31:40.937751
22.0,-625.0,1243.0,12:31:40.947014
85.0,-406.0,938.0,12:31:40.957547
-51.0,-428.0,697.0,12:31:40.966817
17.0,-568.0,961.0,12:31:40.977301
60.0,-687.0,1192.0,12:31:40.986718
17.0,-506.0,996.0,12:31:40.997239
84.0,-477.0,702.0,12:31:41.006679
13.0,-483.0,967.0,12:31:41.015973
83.0,-482.0,779.0,12:31:41.026559
99.0,-426.0,741.0,12:31:41.035981
-85.0,-321.0,1084.0,12:31:41.046506
-59.0,-358.0,1087.0,12:31:41.055832
99.0,-325.0,816.0,12:31:41.065208
3.0,-545.0,926.0,12:31:41.075826
47.0,-486.0,1272.0,12:31:41.085262
35.0,-547.0,1135.0,12:31:41.095725
6.0,-357.0,712.0,12:31:41.105086
132.0,-618.0,1115.0,12:31:41.115536
-100.0,-666.0,788.0,12:31:41.124903
108.0,-594.0,629.0,12:31:41.135337
114.0,-662.0,1101.0,12:31:41.144671
150.0,-627.0,991.0,12:31:41.154057
40.0,-476.0,645.0,12:31:41.164607
78.0,-585.0,679.0,12:31:41.173919
-63.0,-496.0,990.0,12:31:41.184664
-56.0,-423.0,1025.0,12:31:41.196729
19.0,-548.0,873.0,12:31:41.205201
44.0,-416.0,1011.0,12:31:41.214194
-39.0,-530.0,956.0,12:31:41.223557
149.0,-503.0,927.0,12:31:41.232956
15.0,-461.0,1098.0,12:31:41.243532
192.0,-441.0,878.0,12:31:41.252915
-25.0,-322.0,728.0,12:31:41.263480
-14.0,-290.0,1180.0,12:31:41.272769
39.0,-542.0,1068.0,12:31:41.282216
112.0,-390.0,872.0,12:31:41.292705
13.0,-340.0,1019.0,12:31:41.302114
136.0,-314.0,880.0,12:31:41.312539
80.0,-353.0,1191.0,12:31:41.321895
-66.0,-284.0,1093.0,12:31:41.332379
27.0,-416.0,899.0,12:31:41.341870
183.0,-570.0,818.0,12:31:41.352320
212.0,-424.0,1010.0,12:31:41.361719
272.0,-389.0,913.0,12:31:41.371157
211.0,-536.0,779.0,12:31:41.381735
157.0,-634.0,758.0,12:31:41.391098
83.0,-546.0,855.0,12:31:41.400500
166.0,-533.0,833.0,12:31:41.410987
-20.0,-419.0,843.0,12:31:41.420432
43.0,-516.0,999.0,12:31:41.430874
52.0,-501.0,973.0,12:31:41.440223
35.0,-445.0,835.0,12:31:41.450675
138.0,-591.0,967.0,12:31:41.460068
143.0,-567.0,980.0,12:31:41.470527
59.0,-499.0,827.0,12:31:41.479955
-82.0,-479.0,943.0,12:31:41.489280
-35.0,-570.0,977.0,12:31:41.499798
49.0,-378.0,795.0,12:31:41.509138
-204.0,-288.0,908.0,12:31:41.519551
-76.0,-435.0,1091.0,12:31:41.529029
137.0,-589.0,988.0,12:31:41.539567
96.0,-473.0,1062.0,12:31:41.549058
155.0,-423.0,1075.0,12:31:41.558325
276.0,-515.0,854.0,12:31:41.578061
27.0,-536.0,944.0,12:31:41.588538
109.0,-403.0,782.0,12:31:41.597849
69.0,-533.0,899.0,12:31:41.608363
83.0,-494.0,777.0,12:31:41.617691
-56.0,-492.0,876.0,12:31:41.628186
-125.0,-516.0,892.0,12:31:41.637682
-56.0,-337.0,826.0,12:31:41.647054
115.0,-443.0,986.0,12:31:41.657489
18.0,-375.0,862.0,12:31:41.666830
89.0,-382.0,947.0,12:31:41.677234
16.0,-474.0,976.0,12:31:41.686678
210.0,-583.0,914.0,12:31:41.697139
234.0,-500.0,875.0,12:31:41.706716
98.0,-523.0,919.0,12:31:41.717089
123.0,-522.0,895.0,12:31:41.726643
113.0,-363.0,736.0,12:31:41.736021
73.0,-440.0,791.0,12:31:41.746574
71.0,-467.0,794.0,12:31:41.755877
123.0,-500.0,715.0,12:31:41.766439
25.0,-234.0,569.0,12:31:41.775779
11.0,-508.0,1248.0,12:31:41.786242
-116.0,-553.0,1263.0,12:31:41.795685
91.0,-587.0,1274.0,12:31:41.805045
-52.0,-786.0,1624.0,12:31:41.815643
99.0,-911.0,1337.0,12:31:41.825061
157.0,-858.0,1213.0,12:31:41.834558
119.0,-812.0,1104.0,12:31:41.845103
275.0,-893.0,847.0,12:31:41.854491
86.0,-549.0,539.0,12:31:41.864895
23.0,-547.0,591.0,12:31:41.874289
87.0,-449.0,783.0,12:31:41.884768
-41.0,-457.0,776.0,12:31:41.894085
150.0,-282.0,828.0,12:31:41.903475
135.0,-334.0,937.0,12:31:41.914023
66.0,-327.0,753.0,12:31:41.923409
183.0,-370.0,935.0,12:31:41.933842
-162.0,-385.0,1078.0,12:31:41.943103
-15.0,-359.0,830.0,12:31:41.953713
94.0,-478.0,872.0,12:31:41.963060
-149.0,-463.0,1174.0,12:31:41.973556
-15.0,-547.0,980.0,12:31:41.982931
-24.0,-517.0,604.0,12:31:41.992443
48.0,-508.0,991.0,12:31:42.004848
-102.0,-741.0,996.0,12:31:42.012223
124.0,-519.0,774.0,12:31:42.022770
-43.0,-389.0,815.0,12:31:42.032205
-216.0,-634.0,848.0,12:31:42.041618
9.0,-594.0,803.0,12:31:42.052039
-172.0,-495.0,764.0,12:31:42.061444
-37.0,-448.0,845.0,12:31:42.071867
-173.0,-475.0,932.0,12:31:42.081343
16.0,-676.0,824.0,12:31:42.091823
151.0,-602.0,701.0,12:31:42.101218
78.0,-670.0,630.0,12:31:42.111622
103.0,-465.0,834.0,12:31:42.120965
-65.0,-371.0,959.0,12:31:42.130285
-163.0,-260.0,1036.0,12:31:42.140861
-119.0,-90.0,1313.0,12:31:42.150148
-235.0,-207.0,1014.0,12:31:42.160711
-68.0,-290.0,910.0,12:31:42.170110
-248.0,-304.0,1327.0,12:31:42.180604
31.0,-632.0,1168.0,12:31:42.190139
49.0,-776.0,1132.0,12:31:42.199410
12.0,-560.0,1082.0,12:31:42.209979
-17.0,-705.0,1262.0,12:31:42.219220
-21.0,-779.0,996.0,12:31:42.229786
-191.0,-624.0,928.0,12:31:42.239145
-45.0,-863.0,1032.0,12:31:42.249677
-82.0,-754.0,910.0,12:31:42.259056
-219.0,-654.0,706.0,12:31:42.268415
58.0,-635.0,775.0,12:31:42.278947
191.0,-694.0,686.0,12:31:42.288382
-56.0,-207.0,362.0,12:31:42.298920
25.0,-466.0,883.0,12:31:42.308394
96.0,-475.0,941.0,12:31:42.317775
53.0,-250.0,600.0,12:31:42.328388
19.0,-272.0,693.0,12:31:42.337807
206.0,-237.0,855.0,12:31:42.347296
14.0,-204.0,924.0,12:31:42.357755
56.0,-130.0,925.0,12:31:42.367080
-19.0,-502.0,1142.0,12:31:42.377508
201.0,-527.0,922.0,12:31:42.386893
229.0,-388.0,1015.0,12:31:42.405449
209.0,-438.0,1326.0,12:31:42.406839
300.0,-564.0,1017.0,12:31:42.416633
32.0,-745.0,1012.0,12:31:42.427087
262.0,-670.0,889.0,12:31:42.436558
127.0,-669.0,1073.0,12:31:42.445914
305.0,-592.0,753.0,12:31:42.456488
190.0,-429.0,560.0,12:31:42.465860
18.0,-841.0,1428.0,12:31:42.476554
229.0,-699.0,1068.0,12:31:42.485871
-60.0,-353.0,462.0,12:31:42.495220
285.0,-517.0,1260.0,12:31:42.505765
179.0,-841.0,1479.0,12:31:42.515230
194.0,-550.0,364.0,12:31:42.525743
-6.0,-161.0,639.0,12:31:42.535047
-53.0,-172.0,1227.0,12:31:42.544500
72.0,-319.0,1088.0,12:31:42.554906
-69.0,-388.0,980.0,12:31:42.564235
-49.0,-197.0,908.0,12:31:42.574711
59.0,-448.0,1061.0,12:31:42.584066
-115.0,-492.0,1269.0,12:31:42.594752
263.0,-750.0,970.0,12:31:42.604094
-29.0,-821.0,1142.0,12:31:42.614541
179.0,-561.0,833.0,12:31:42.624049
153.0,-652.0,884.0,12:31:42.633386
-179.0,-796.0,1158.0,12:31:42.643912
238.0,-729.0,786.0,12:31:42.653195
-63.0,-683.0,500.0,12:31:42.663705
56.0,-705.0,812.0,12:31:42.672982
-57.0,-383.0,373.0,12:31:42.683466
-59.0,-366.0,96.0,12:31:42.692789
17.0,-294.0,422.0,12:31:42.702279
-231.0,23.0,705.0,12:31:42.712741
-35.0,-46.0,588.0,12:31:42.722122
-41.0,-263.0,904.0,12:31:42.732608
-242.0,-499.0,2047.0,12:31:42.741918
26.0,-403.0,1375.0,12:31:42.752366
