55.0,-475.0,929.0,12:23:36.600865
52.0,-474.0,930.0,12:23:36.607920
51.0,-475.0,929.0,12:23:36.618309
49.0,-472.0,926.0,12:23:36.627725
46.0,-470.0,936.0,12:23:36.648900
51.0,-469.0,935.0,12:23:36.685339
50.0,-473.0,932.0,12:23:36.697124
46.0,-477.0,931.0,12:23:36.726852
45.0,-482.0,928.0,12:23:36.737016
43.0,-480.0,931.0,12:23:36.755018
45.0,-483.0,929.0,12:23:36.756554
46.0,-482.0,934.0,12:23:36.775250
47.0,-484.0,931.0,12:23:36.776695
44.0,-470.0,942.0,12:23:36.816885
56.0,-477.0,937.0,12:23:36.837124
32.0,-435.0,927.0,12:23:36.856204
72.0,-482.0,940.0,12:23:36.857744
46.0,-458.0,934.0,12:23:36.864775
31.0,-472.0,942.0,12:23:36.874095
51.0,-459.0,934.0,12:23:36.884493
34.0,-458.0,936.0,12:23:36.894700
58.0,-460.0,932.0,12:23:36.903987
56.0,-471.0,938.0,12:23:36.914314
66.0,-479.0,929.0,12:23:36.923444
63.0,-474.0,921.0,12:23:36.933670
56.0,-466.0,922.0,12:23:36.943883
60.0,-473.0,923.0,12:23:36.953037
59.0,-482.0,927.0,12:23:36.963297
49.0,-481.0,931.0,12:23:36.973517
46.0,-487.0,938.0,12:23:36.982644
42.0,-488.0,936.0,12:23:36.992853
35.0,-484.0,926.0,12:23:37.002146
41.0,-491.0,928.0,12:23:37.012423
49.0,-492.0,921.0,12:23:37.022624
43.0,-498.0,922.0,12:23:37.051794
31.0,-490.0,924.0,12:23:37.062228
26.0,-481.0,929.0,12:23:37.071331
19.0,-484.0,933.0,12:23:37.081559
6.0,-463.0,936.0,12:23:37.100653
28.0,-460.0,933.0,12:23:37.110867
34.0,-457.0,942.0,12:23:37.121092
29.0,-486.0,930.0,12:23:37.160117
15.0,-481.0,922.0,12:23:37.170335
19.0,-491.0,930.0,12:23:37.189893
23.0,-487.0,931.0,12:23:37.200138
31.0,-490.0,926.0,12:23:37.209551
36.0,-494.0,924.0,12:23:37.218910
40.0,-496.0,929.0,12:23:37.229867
43.0,-492.0,925.0,12:23:37.239739
35.0,-497.0,922.0,12:23:37.248701
24.0,-500.0,921.0,12:23:37.262132
16.0,-494.0,928.0,12:23:37.268589
12.0,-484.0,931.0,12:23:37.279260
1.0,-472.0,940.0,12:23:37.288802
-1.0,-467.0,939.0,12:23:37.298332
14.0,-468.0,942.0,12:23:37.317490
16.0,-473.0,947.0,12:23:37.329122
14.0,-476.0,944.0,12:23:37.338257
21.0,-481.0,936.0,12:23:37.347314
12.0,-483.0,924.0,12:23:37.368560
10.0,-487.0,938.0,12:23:37.388205
9.0,-488.0,937.0,12:23:37.397013
1.0,-487.0,930.0,12:23:37.406527
6.0,-486.0,927.0,12:23:37.416100
13.0,-490.0,928.0,12:23:37.426946
19.0,-487.0,927.0,12:23:37.437564
26.0,-481.0,933.0,12:23:37.446597
32.0,-473.0,938.0,12:23:37.466048
26.0,-470.0,934.0,12:23:37.475801
24.0,-473.0,933.0,12:23:37.485035
19.0,-476.0,929.0,12:23:37.497085
23.0,-474.0,934.0,12:23:37.505747
15.0,-480.0,928.0,12:23:37.514593
16.0,-487.0,926.0,12:23:37.525088
22.0,-490.0,929.0,12:23:37.534954
35.0,-494.0,922.0,12:23:37.545347
46.0,-499.0,927.0,12:23:37.565152
42.0,-500.0,925.0,12:23:37.574216
36.0,-496.0,924.0,12:23:37.585372
29.0,-493.0,927.0,12:23:37.594141
32.0,-481.0,924.0,12:23:37.634249
37.0,-482.0,923.0,12:23:37.643249
43.0,-479.0,932.0,12:23:37.653945
41.0,-485.0,933.0,12:23:37.662834
44.0,-482.0,929.0,12:23:37.673125
42.0,-481.0,925.0,12:23:37.682972
39.0,-483.0,926.0,12:23:37.692301
37.0,-477.0,930.0,12:23:37.703365
38.0,-480.0,935.0,12:23:37.721223
43.0,-479.0,928.0,12:23:37.732427
39.0,-477.0,926.0,12:23:37.742251
44.0,-474.0,927.0,12:23:37.752148
42.0,-475.0,934.0,12:23:37.761682
40.0,-471.0,931.0,12:23:37.771494
37.0,-470.0,935.0,12:23:37.780682
39.0,-471.0,930.0,12:23:37.791141
40.0,-472.0,931.0,12:23:37.801007
42.0,-471.0,932.0,12:23:37.820724
43.0,-473.0,930.0,12:23:37.830240
42.0,-476.0,931.0,12:23:37.841764
44.0,-478.0,932.0,12:23:37.850564
42.0,-476.0,930.0,12:23:37.859983
40.0,-481.0,932.0,12:23:37.871096
38.0,-477.0,930.0,12:23:37.899640
41.0,-474.0,929.0,12:23:37.919275
44.0,-480.0,932.0,12:23:37.939450
42.0,-477.0,931.0,12:23:37.949202
39.0,-482.0,926.0,12:23:37.959022
40.0,-479.0,928.0,12:23:37.978359
37.0,-480.0,935.0,12:23:37.988872
39.0,-476.0,931.0,12:23:38.017576
35.0,-480.0,932.0,12:23:38.047496
32.0,-482.0,927.0,12:23:38.067882
36.0,-483.0,929.0,12:23:38.081785
39.0,-484.0,932.0,12:23:38.108640
41.0,-479.0,927.0,12:23:38.127836
35.0,-478.0,931.0,12:23:38.137812
36.0,-477.0,929.0,12:23:38.147916
39.0,-476.0,930.0,12:23:38.167828
40.0,-475.0,933.0,12:23:38.177854
38.0,-471.0,932.0,12:23:38.187837
41.0,-473.0,934.0,12:23:38.197838
37.0,-472.0,936.0,12:23:38.207847
38.0,-479.0,931.0,12:23:38.227901
36.0,-477.0,933.0,12:23:38.242503
37.0,-482.0,932.0,12:23:38.244024
36.0,-485.0,933.0,12:23:38.253781
33.0,-481.0,927.0,12:23:38.274005
35.0,-482.0,930.0,12:23:38.287917
37.0,-481.0,928.0,12:23:38.304747
36.0,-475.0,930.0,12:23:38.314533
35.0,-478.0,936.0,12:23:38.324833
36.0,-475.0,935.0,12:23:38.335526
37.0,-477.0,932.0,12:23:38.363066
36.0,-478.0,931.0,12:23:38.385009
39.0,-481.0,927.0,12:23:38.405541
40.0,-479.0,928.0,12:23:38.411326
38.0,-480.0,932.0,12:23:38.425793
41.0,-479.0,927.0,12:23:38.431648
38.0,-483.0,929.0,12:23:38.442934
39.0,-481.0,934.0,12:23:38.453112
40.0,-480.0,928.0,12:23:38.461528
41.0,-477.0,933.0,12:23:38.502330
36.0,-479.0,929.0,12:23:38.510641
35.0,-475.0,932.0,12:23:38.525284
36.0,-473.0,933.0,12:23:38.531825
39.0,-475.0,938.0,12:23:38.541648
41.0,-478.0,932.0,12:23:38.549977
39.0,-480.0,929.0,12:23:38.583956
38.0,-483.0,931.0,12:23:38.600019
39.0,-480.0,928.0,12:23:38.608888
37.0,-482.0,926.0,12:23:38.619135
38.0,-481.0,929.0,12:23:38.637843
34.0,-477.0,930.0,12:23:38.667836
37.0,-478.0,929.0,12:23:38.691376
35.0,-476.0,928.0,12:23:38.698006
37.0,-481.0,929.0,12:23:38.707926
38.0,-476.0,934.0,12:23:38.719254
39.0,-477.0,932.0,12:23:38.737873
38.0,-479.0,929.0,12:23:38.747845
37.0,-475.0,927.0,12:23:38.756575
38.0,-480.0,929.0,12:23:38.777862
41.0,-483.0,933.0,12:23:38.800291
39.0,-482.0,928.0,12:23:38.810365
41.0,-479.0,933.0,12:23:38.817920
39.0,-477.0,929.0,12:23:38.827962
38.0,-478.0,930.0,12:23:38.859891
41.0,-476.0,927.0,12:23:38.867906
42.0,-477.0,931.0,12:23:38.880112
39.0,-480.0,929.0,12:23:38.891306
41.0,-482.0,932.0,12:23:38.894918
38.0,-481.0,927.0,12:23:38.906863
40.0,-482.0,928.0,12:23:38.940813
38.0,-481.0,929.0,12:23:38.943354
37.0,-480.0,933.0,12:23:38.963282
38.0,-475.0,931.0,12:23:38.983542
41.0,-477.0,932.0,12:23:38.993639
38.0,-478.0,928.0,12:23:39.045813
36.0,-477.0,931.0,12:23:39.054454
34.0,-476.0,934.0,12:23:39.063302
39.0,-478.0,932.0,12:23:39.072524
40.0,-479.0,931.0,12:23:39.113878
37.0,-478.0,929.0,12:23:39.144205
36.0,-479.0,930.0,12:23:39.151243
38.0,-480.0,927.0,12:23:39.164459
42.0,-482.0,932.0,12:23:39.176166
40.0,-478.0,930.0,12:23:39.185663
41.0,-477.0,932.0,12:23:39.193585
39.0,-478.0,930.0,12:23:39.200045
41.0,-479.0,928.0,12:23:39.230114
42.0,-473.0,933.0,12:23:39.241084
38.0,-478.0,931.0,12:23:39.250869
43.0,-477.0,930.0,12:23:39.264525
38.0,-476.0,928.0,12:23:39.269390
37.0,-479.0,933.0,12:23:39.292476
40.0,-475.0,929.0,12:23:39.310848
39.0,-479.0,933.0,12:23:39.327116
38.0,-477.0,934.0,12:23:39.340017
41.0,-479.0,926.0,12:23:39.347870
40.0,-478.0,929.0,12:23:39.357880
37.0,-481.0,931.0,12:23:39.397221
38.0,-478.0,926.0,12:23:39.417477
40.0,-477.0,931.0,12:23:39.478083
37.0,-481.0,928.0,12:23:39.488163
40.0,-480.0,926.0,12:23:39.538024
38.0,-481.0,932.0,12:23:39.558087
40.0,-478.0,928.0,12:23:39.568003
39.0,-481.0,931.0,12:23:39.578098
40.0,-479.0,933.0,12:23:39.588021
41.0,-477.0,934.0,12:23:39.597954
40.0,-478.0,933.0,12:23:39.616473
35.0,-476.0,931.0,12:23:39.624614
37.0,-474.0,930.0,12:23:39.642846
36.0,-480.0,932.0,12:23:39.668658
38.0,-479.0,931.0,12:23:39.674498
39.0,-481.0,932.0,12:23:39.688073
40.0,-480.0,926.0,12:23:39.704445
39.0,-482.0,928.0,12:23:39.714164
37.0,-479.0,929.0,12:23:39.777926
38.0,-478.0,931.0,12:23:39.799104
40.0,-481.0,929.0,12:23:39.840288
41.0,-476.0,932.0,12:23:39.851910
36.0,-478.0,930.0,12:23:39.862130
41.0,-481.0,933.0,12:23:39.943638
37.0,-482.0,927.0,12:23:39.952530
40.0,-479.0,931.0,12:23:39.963854
41.0,-481.0,929.0,12:23:39.988612
39.0,-480.0,928.0,12:23:40.007807
40.0,-481.0,933.0,12:23:40.023537
39.0,-480.0,931.0,12:23:40.030655
38.0,-478.0,932.0,12:23:40.041883
33.0,-481.0,930.0,12:23:40.074172
38.0,-480.0,928.0,12:23:40.076691
41.0,-477.0,931.0,12:23:40.096796
36.0,-481.0,929.0,12:23:40.122818
34.0,-479.0,931.0,12:23:40.136232
36.0,-478.0,928.0,12:23:40.151358
39.0,-480.0,933.0,12:23:40.157441
37.0,-478.0,935.0,12:23:40.197439
38.0,-479.0,931.0,12:23:40.209462
34.0,-476.0,935.0,12:23:40.220958
37.0,-478.0,933.0,12:23:40.236189
41.0,-477.0,931.0,12:23:40.244633
40.0,-479.0,927.0,12:23:40.315884
36.0,-477.0,930.0,12:23:40.347876
35.0,-480.0,931.0,12:23:40.357850
39.0,-478.0,933.0,12:23:40.382146
37.0,-477.0,928.0,12:23:40.406788
35.0,-479.0,932.0,12:23:40.427954
36.0,-478.0,927.0,12:23:40.436748
39.0,-483.0,930.0,12:23:40.456719
35.0,-481.0,929.0,12:23:40.471309
40.0,-480.0,926.0,12:23:40.517885
42.0,-482.0,931.0,12:23:40.520430
39.0,-481.0,927.0,12:23:40.546725
40.0,-483.0,929.0,12:23:40.550546
39.0,-482.0,928.0,12:23:40.560835
35.0,-485.0,930.0,12:23:40.576780
36.0,-481.0,927.0,12:23:40.580477
40.0,-479.0,925.0,12:23:40.619095
39.0,-481.0,930.0,12:23:40.629248
37.0,-479.0,933.0,12:23:40.643125
36.0,-478.0,929.0,12:23:40.651930
38.0,-482.0,930.0,12:23:40.662017
37.0,-480.0,932.0,12:23:40.692367
38.0,-482.0,930.0,12:23:40.717154
36.0,-479.0,933.0,12:23:40.727873
33.0,-477.0,931.0,12:23:40.737872
35.0,-476.0,933.0,12:23:40.747900
36.0,-475.0,930.0,12:23:40.757840
34.0,-474.0,935.0,12:23:40.817666
35.0,-477.0,928.0,12:23:40.826009
38.0,-481.0,929.0,12:23:40.836311
40.0,-478.0,936.0,12:23:40.855543
41.0,-481.0,935.0,12:23:40.867896
40.0,-477.0,928.0,12:23:40.881843
36.0,-481.0,929.0,12:23:40.889935
35.0,-479.0,931.0,12:23:40.904858
36.0,-477.0,928.0,12:23:40.917880
38.0,-482.0,930.0,12:23:40.924432
41.0,-480.0,934.0,12:23:40.937669
40.0,-478.0,932.0,12:23:40.964027
38.0,-476.0,928.0,12:23:40.983658
39.0,-479.0,929.0,12:23:40.997511
38.0,-482.0,927.0,12:23:41.014064
41.0,-480.0,930.0,12:23:41.025406
38.0,-481.0,929.0,12:23:41.034650
41.0,-482.0,930.0,12:23:41.072613
42.0,-480.0,928.0,12:23:41.086128
43.0,-479.0,930.0,12:23:41.092039
40.0,-481.0,926.0,12:23:41.111780
36.0,-479.0,931.0,12:23:41.127487
38.0,-476.0,929.0,12:23:41.151289
35.0,-479.0,932.0,12:23:41.167977
36.0,-477.0,931.0,12:23:41.171614
37.0,-476.0,934.0,12:23:41.187967
35.0,-477.0,933.0,12:23:41.207880
39.0,-476.0,932.0,12:23:41.210420
42.0,-475.0,934.0,12:23:41.230122
41.0,-478.0,931.0,12:23:41.266679
40.0,-480.0,933.0,12:23:41.270408
39.0,-477.0,930.0,12:23:41.280178
38.0,-480.0,933.0,12:23:41.290116
37.0,-478.0,935.0,12:23:41.298943
38.0,-480.0,932.0,12:23:41.308936
42.0,-481.0,929.0,12:23:41.339012
38.0,-479.0,930.0,12:23:41.349019
39.0,-480.0,931.0,12:23:41.367814
38.0,-481.0,932.0,12:23:41.420833
36.0,-478.0,929.0,12:23:41.461312
34.0,-479.0,930.0,12:23:41.481547
36.0,-477.0,929.0,12:23:41.535549
35.0,-479.0,930.0,12:23:41.545653
36.0,-480.0,928.0,12:23:41.555776
38.0,-479.0,929.0,12:23:41.574873
36.0,-480.0,931.0,12:23:41.614224
37.0,-477.0,934.0,12:23:41.634589
36.0,-481.0,932.0,12:23:41.644981
37.0,-477.0,928.0,12:23:41.664707
40.0,-482.0,930.0,12:23:41.673830
39.0,-481.0,931.0,12:23:41.683388
35.0,-479.0,933.0,12:23:41.694807
39.0,-480.0,930.0,12:23:41.703586
38.0,-481.0,933.0,12:23:41.733678
37.0,-479.0,926.0,12:23:41.744706
35.0,-480.0,927.0,12:23:41.758177
40.0,-482.0,933.0,12:23:41.777726
41.0,-478.0,932.0,12:23:41.815520
38.0,-479.0,928.0,12:23:41.835729
36.0,-478.0,931.0,12:23:41.840984
37.0,-480.0,929.0,12:23:41.855945
35.0,-478.0,932.0,12:23:41.860700
34.0,-476.0,929.0,12:23:41.877735
39.0,-475.0,934.0,12:23:41.886618
37.0,-479.0,929.0,12:23:41.904918
33.0,-476.0,932.0,12:23:41.933529
32.0,-478.0,934.0,12:23:41.940877
33.0,-477.0,932.0,12:23:41.950982
34.0,-478.0,930.0,12:23:41.962073
38.0,-480.0,931.0,12:23:41.981415
37.0,-482.0,928.0,12:23:41.989311
39.0,-478.0,931.0,12:23:42.001793
37.0,-480.0,929.0,12:23:42.010864
36.0,-479.0,932.0,12:23:42.041510
39.0,-478.0,926.0,12:23:42.048701
40.0,-481.0,929.0,12:23:42.069583
37.0,-480.0,927.0,12:23:42.078516
39.0,-478.0,928.0,12:23:42.125191
38.0,-477.0,930.0,12:23:42.129416
37.0,-480.0,929.0,12:23:42.186101
33.0,-479.0,928.0,12:23:42.207848
36.0,-481.0,929.0,12:23:42.216742
39.0,-480.0,930.0,12:23:42.246853
35.0,-479.0,932.0,12:23:42.266436
36.0,-478.0,927.0,12:23:42.287883
40.0,-479.0,929.0,12:23:42.297024
36.0,-478.0,931.0,12:23:42.317832
37.0,-480.0,932.0,12:23:42.327870
35.0,-481.0,929.0,12:23:42.340422
34.0,-480.0,932.0,12:23:42.353947
35.0,-481.0,933.0,12:23:42.365176
36.0,-479.0,930.0,12:23:42.383211
34.0,-480.0,928.0,12:23:42.393292
33.0,-478.0,932.0,12:23:42.403490
38.0,-479.0,933.0,12:23:42.422525
37.0,-482.0,930.0,12:23:42.432631
38.0,-477.0,931.0,12:23:42.483225
37.0,-479.0,932.0,12:23:42.493350
40.0,-480.0,927.0,12:23:42.506683
32.0,-479.0,928.0,12:23:42.521308
36.0,-475.0,930.0,12:23:42.531301
35.0,-477.0,932.0,12:23:42.554089
40.0,-479.0,930.0,12:23:42.571279
39.0,-481.0,932.0,12:23:42.580150
38.0,-479.0,931.0,12:23:42.594561
34.0,-478.0,925.0,12:23:42.624896
35.0,-479.0,932.0,12:23:42.629794
36.0,-477.0,931.0,12:23:42.642339
37.0,-479.0,932.0,12:23:42.655259
35.0,-477.0,933.0,12:23:42.658949
38.0,-481.0,935.0,12:23:42.668933
35.0,-480.0,932.0,12:23:42.681307
32.0,-481.0,931.0,12:23:42.689914
31.0,-478.0,932.0,12:23:42.699020
37.0,-477.0,933.0,12:23:42.719634
38.0,-481.0,931.0,12:23:42.749903
36.0,-483.0,930.0,12:23:42.761805
38.0,-480.0,929.0,12:23:42.768426
36.0,-481.0,928.0,12:23:42.777219
38.0,-480.0,926.0,12:23:42.792677
37.0,-477.0,928.0,12:23:42.798349
39.0,-480.0,930.0,12:23:42.807018
38.0,-479.0,927.0,12:23:42.819720
41.0,-480.0,930.0,12:23:42.827560
42.0,-478.0,931.0,12:23:42.849920
39.0,-481.0,928.0,12:23:42.856759
36.0,-482.0,930.0,12:23:42.876962
32.0,-481.0,931.0,12:23:42.905650
38.0,-479.0,928.0,12:23:42.917469
36.0,-481.0,926.0,12:23:42.926682
39.0,-477.0,928.0,12:23:42.938552
35.0,-478.0,926.0,12:23:42.945486
39.0,-477.0,930.0,12:23:42.957911
42.0,-478.0,928.0,12:23:42.964556
39.0,-479.0,931.0,12:23:42.977226
38.0,-482.0,932.0,12:23:42.987920
34.0,-480.0,928.0,12:23:43.007856
35.0,-478.0,931.0,12:23:43.062564
39.0,-482.0,932.0,12:23:43.097875
33.0,-478.0,929.0,12:23:43.102781
34.0,-481.0,930.0,12:23:43.136705
33.0,-478.0,928.0,12:23:43.151321
39.0,-480.0,929.0,12:23:43.161350
37.0,-477.0,933.0,12:23:43.176695
36.0,-476.0,932.0,12:23:43.221855
34.0,-478.0,929.0,12:23:43.242099
36.0,-476.0,932.0,12:23:43.262329
34.0,-481.0,930.0,12:23:43.292728
36.0,-478.0,928.0,12:23:43.302789
35.0,-475.0,930.0,12:23:43.312914
34.0,-476.0,929.0,12:23:43.333015
36.0,-478.0,931.0,12:23:43.342083
38.0,-479.0,930.0,12:23:43.362338
35.0,-480.0,926.0,12:23:43.369505
38.0,-481.0,929.0,12:23:43.379017
39.0,-483.0,931.0,12:23:43.398407
36.0,-481.0,930.0,12:23:43.424194
37.0,-476.0,934.0,12:23:43.427810
38.0,-478.0,929.0,12:23:43.454563
34.0,-477.0,928.0,12:23:43.458212
35.0,-480.0,933.0,12:23:43.473627
36.0,-479.0,932.0,12:23:43.477479
35.0,-480.0,934.0,12:23:43.497325
33.0,-482.0,932.0,12:23:43.512044
30.0,-480.0,936.0,12:23:43.520470
35.0,-477.0,929.0,12:23:43.536683
36.0,-480.0,931.0,12:23:43.555736
33.0,-479.0,927.0,12:23:43.575968
36.0,-482.0,930.0,12:23:43.595132
38.0,-480.0,928.0,12:23:43.596614
35.0,-479.0,930.0,12:23:43.616530
36.0,-476.0,926.0,12:23:43.626616
35.0,-479.0,932.0,12:23:43.636709
39.0,-477.0,928.0,12:23:43.665823
31.0,-480.0,931.0,12:23:43.677134
38.0,-482.0,933.0,12:23:43.697384
33.0,-481.0,929.0,12:23:43.707498
40.0,-477.0,931.0,12:23:43.717809
42.0,-480.0,934.0,12:23:43.727891
36.0,-479.0,935.0,12:23:43.737935
38.0,-478.0,933.0,12:23:43.747969
40.0,-480.0,929.0,12:23:43.757971
37.0,-475.0,932.0,12:23:43.766692
38.0,-473.0,931.0,12:23:43.796708
32.0,-472.0,929.0,12:23:43.806704
35.0,-476.0,932.0,12:23:43.822485
34.0,-474.0,929.0,12:23:43.837847
35.0,-476.0,932.0,12:23:43.841604
38.0,-478.0,931.0,12:23:43.856723
39.0,-482.0,930.0,12:23:43.866710
31.0,-484.0,929.0,12:23:43.881338
30.0,-483.0,928.0,12:23:43.891273
28.0,-486.0,926.0,12:23:43.907878
34.0,-484.0,929.0,12:23:43.926728
37.0,-482.0,928.0,12:23:43.930394
40.0,-483.0,930.0,12:23:43.947874
38.0,-485.0,928.0,12:23:43.950440
36.0,-484.0,930.0,12:23:43.960422
40.0,-481.0,927.0,12:23:43.970114
35.0,-483.0,930.0,12:23:43.980162
36.0,-476.0,931.0,12:23:44.006717
34.0,-477.0,937.0,12:23:44.031283
36.0,-475.0,932.0,12:23:44.041382
43.0,-474.0,927.0,12:23:44.051538
40.0,-473.0,938.0,12:23:44.081854
32.0,-474.0,934.0,12:23:44.102128
29.0,-473.0,926.0,12:23:44.112210
26.0,-475.0,929.0,12:23:44.122330
32.0,-476.0,930.0,12:23:44.132459
35.0,-480.0,932.0,12:23:44.141405
38.0,-477.0,935.0,12:23:44.152695
40.0,-479.0,929.0,12:23:44.161646
45.0,-475.0,926.0,12:23:44.172919
42.0,-478.0,934.0,12:23:44.191895
33.0,-477.0,928.0,12:23:44.212225
36.0,-481.0,931.0,12:23:44.225799
34.0,-478.0,930.0,12:23:44.246039
30.0,-479.0,932.0,12:23:44.256142
32.0,-483.0,931.0,12:23:44.275241
37.0,-482.0,930.0,12:23:44.285358
39.0,-483.0,925.0,12:23:44.305609
40.0,-479.0,930.0,12:23:44.314592
38.0,-485.0,933.0,12:23:44.324690
35.0,-484.0,935.0,12:23:44.334838
39.0,-483.0,928.0,12:23:44.355048
41.0,-486.0,923.0,12:23:44.365174
40.0,-482.0,931.0,12:23:44.375285
36.0,-484.0,932.0,12:23:44.385395
37.0,-479.0,927.0,12:23:44.413659
36.0,-480.0,929.0,12:23:44.423042
37.0,-479.0,933.0,12:23:44.433017
40.0,-475.0,929.0,12:23:44.462999
37.0,-476.0,930.0,12:23:44.482610
34.0,-474.0,929.0,12:23:44.502389
37.0,-476.0,934.0,12:23:44.514685
35.0,-477.0,933.0,12:23:44.522171
40.0,-478.0,932.0,12:23:44.533635
42.0,-477.0,930.0,12:23:44.542339
38.0,-475.0,929.0,12:23:44.553033
34.0,-473.0,934.0,12:23:44.593790
29.0,-472.0,931.0,12:23:44.602359
32.0,-477.0,925.0,12:23:44.610946
37.0,-473.0,929.0,12:23:44.620223
36.0,-474.0,926.0,12:23:44.636706
40.0,-479.0,927.0,12:23:44.640570
48.0,-481.0,923.0,12:23:44.670278
45.0,-485.0,928.0,12:23:44.680871
47.0,-491.0,927.0,12:23:44.699352
46.0,-490.0,926.0,12:23:44.719292
44.0,-489.0,928.0,12:23:44.729010
43.0,-490.0,930.0,12:23:44.739029
40.0,-483.0,926.0,12:23:44.748276
39.0,-474.0,932.0,12:23:44.777857
34.0,-473.0,935.0,12:23:44.807823
36.0,-477.0,938.0,12:23:44.820466
32.0,-479.0,936.0,12:23:44.827849
33.0,-478.0,933.0,12:23:44.837870
36.0,-477.0,930.0,12:23:44.847857
35.0,-479.0,927.0,12:23:44.857886
31.0,-477.0,932.0,12:23:44.877852
30.0,-474.0,937.0,12:23:44.887904
26.0,-469.0,939.0,12:23:44.898874
25.0,-472.0,933.0,12:23:44.917870
29.0,-479.0,932.0,12:23:44.937875
31.0,-482.0,928.0,12:23:44.947898
33.0,-486.0,932.0,12:23:44.957886
31.0,-485.0,927.0,12:23:44.967924
37.0,-480.0,925.0,12:23:44.977923
35.0,-484.0,930.0,12:23:44.987900
32.0,-479.0,933.0,12:23:44.997912
31.0,-477.0,931.0,12:23:45.007904
33.0,-474.0,934.0,12:23:45.027885
36.0,-481.0,931.0,12:23:45.047051
38.0,-484.0,926.0,12:23:45.057178
42.0,-486.0,929.0,12:23:45.064406
39.0,-492.0,930.0,12:23:45.073397
35.0,-487.0,925.0,12:23:45.083496
31.0,-486.0,932.0,12:23:45.094044
29.0,-483.0,933.0,12:23:45.103926
25.0,-482.0,931.0,12:23:45.113845
27.0,-480.0,934.0,12:23:45.123974
31.0,-474.0,926.0,12:23:45.134102
30.0,-476.0,928.0,12:23:45.144226
35.0,-474.0,927.0,12:23:45.154350
37.0,-479.0,934.0,12:23:45.163850
39.0,-480.0,936.0,12:23:45.173014
38.0,-481.0,933.0,12:23:45.184691
32.0,-484.0,924.0,12:23:45.194766
33.0,-487.0,925.0,12:23:45.204014
30.0,-490.0,926.0,12:23:45.215037
29.0,-489.0,928.0,12:23:45.235281
30.0,-487.0,926.0,12:23:45.241203
35.0,-488.0,923.0,12:23:45.261216
38.0,-483.0,926.0,12:23:45.275765
43.0,-484.0,932.0,12:23:45.280486
44.0,-477.0,934.0,12:23:45.296000
45.0,-471.0,936.0,12:23:45.318816
41.0,-469.0,933.0,12:23:45.320197
27.0,-470.0,931.0,12:23:45.348945
28.0,-474.0,925.0,12:23:45.360815
34.0,-478.0,921.0,12:23:45.375387
40.0,-481.0,930.0,12:23:45.382467
36.0,-483.0,935.0,12:23:45.392614
42.0,-480.0,931.0,12:23:45.398831
43.0,-482.0,928.0,12:23:45.408447
36.0,-479.0,929.0,12:23:45.428684
34.0,-482.0,938.0,12:23:45.438830
32.0,-485.0,936.0,12:23:45.447917
28.0,-483.0,929.0,12:23:45.457912
24.0,-477.0,925.0,12:23:45.468008
33.0,-481.0,932.0,12:23:45.501679
36.0,-478.0,930.0,12:23:45.507855
33.0,-476.0,932.0,12:23:45.527848
25.0,-475.0,930.0,12:23:45.556718
33.0,-486.0,928.0,12:23:45.581005
36.0,-491.0,925.0,12:23:45.588578
39.0,-492.0,924.0,12:23:45.596041
38.0,-490.0,933.0,12:23:45.619778
37.0,-482.0,929.0,12:23:45.636624
36.0,-477.0,935.0,12:23:45.658331
35.0,-473.0,933.0,12:23:45.676537
38.0,-474.0,931.0,12:23:45.686686
39.0,-473.0,935.0,12:23:45.697296
40.0,-469.0,938.0,12:23:45.704203
35.0,-466.0,935.0,12:23:45.728562
33.0,-464.0,929.0,12:23:45.734874
32.0,-463.0,932.0,12:23:45.744803
40.0,-471.0,937.0,12:23:45.764063
41.0,-472.0,932.0,12:23:45.773367
45.0,-470.0,930.0,12:23:45.783970
49.0,-473.0,928.0,12:23:45.795925
52.0,-481.0,931.0,12:23:45.802734
42.0,-473.0,928.0,12:23:45.842608
41.0,-471.0,930.0,12:23:45.852454
43.0,-469.0,935.0,12:23:45.862753
41.0,-468.0,940.0,12:23:45.877890
44.0,-459.0,941.0,12:23:45.886715
45.0,-456.0,938.0,12:23:45.894637
48.0,-462.0,933.0,12:23:45.940360
45.0,-470.0,931.0,12:23:45.952326
46.0,-481.0,928.0,12:23:45.961574
38.0,-483.0,926.0,12:23:45.982259
40.0,-484.0,928.0,12:23:45.992278
56.0,-485.0,927.0,12:23:46.027493
55.0,-483.0,928.0,12:23:46.035727
47.0,-482.0,923.0,12:23:46.051492
51.0,-490.0,924.0,12:23:46.069111
49.0,-492.0,922.0,12:23:46.079178
41.0,-494.0,923.0,12:23:46.094165
33.0,-497.0,926.0,12:23:46.107141
26.0,-496.0,924.0,12:23:46.111676
29.0,-495.0,923.0,12:23:46.118205
31.0,-492.0,922.0,12:23:46.133781
45.0,-487.0,925.0,12:23:46.153782
47.0,-480.0,927.0,12:23:46.173699
43.0,-479.0,931.0,12:23:46.181087
36.0,-482.0,927.0,12:23:46.215613
33.0,-480.0,921.0,12:23:46.217009
32.0,-481.0,924.0,12:23:46.226766
33.0,-487.0,931.0,12:23:46.238716
41.0,-492.0,929.0,12:23:46.247019
42.0,-487.0,925.0,12:23:46.305014
29.0,-484.0,927.0,12:23:46.306651
33.0,-481.0,933.0,12:23:46.387692
39.0,-480.0,930.0,12:23:46.407705
34.0,-474.0,929.0,12:23:46.438164
41.0,-470.0,934.0,12:23:46.439593
39.0,-468.0,932.0,12:23:46.457856
45.0,-473.0,930.0,12:23:46.489858
47.0,-476.0,928.0,12:23:46.498869
39.0,-477.0,930.0,12:23:46.504225
35.0,-478.0,935.0,12:23:46.519853
36.0,-474.0,933.0,12:23:46.560710
39.0,-470.0,934.0,12:23:46.569682
43.0,-474.0,933.0,12:23:46.579810
41.0,-475.0,932.0,12:23:46.581214
39.0,-474.0,934.0,12:23:46.593885
30.0,-473.0,933.0,12:23:46.617863
29.0,-474.0,931.0,12:23:46.626030
28.0,-475.0,929.0,12:23:46.631597
30.0,-477.0,932.0,12:23:46.641538
32.0,-478.0,934.0,12:23:46.661812
31.0,-480.0,928.0,12:23:46.676514
32.0,-482.0,925.0,12:23:46.687876
30.0,-484.0,929.0,12:23:46.697083
31.0,-487.0,928.0,12:23:46.712442
35.0,-488.0,932.0,12:23:46.719104
31.0,-487.0,925.0,12:23:46.736142
35.0,-488.0,928.0,12:23:46.746737
36.0,-487.0,927.0,12:23:46.756935
32.0,-484.0,924.0,12:23:46.770398
28.0,-482.0,928.0,12:23:46.777747
30.0,-478.0,931.0,12:23:46.784483
35.0,-475.0,932.0,12:23:46.809923
36.0,-476.0,931.0,12:23:46.844364
31.0,-478.0,932.0,12:23:46.877989
38.0,-475.0,934.0,12:23:46.919603
40.0,-476.0,931.0,12:23:46.941403
39.0,-474.0,935.0,12:23:46.959015
38.0,-477.0,940.0,12:23:46.966473
36.0,-476.0,930.0,12:23:46.975443
34.0,-475.0,931.0,12:23:46.985576
33.0,-474.0,922.0,12:23:46.995706
36.0,-472.0,928.0,12:23:47.005825
38.0,-475.0,931.0,12:23:47.015935
39.0,-480.0,930.0,12:23:47.036167
34.0,-479.0,929.0,12:23:47.046280
32.0,-483.0,930.0,12:23:47.066605
36.0,-481.0,935.0,12:23:47.076713
34.0,-476.0,928.0,12:23:47.096848
33.0,-478.0,932.0,12:23:47.106979
36.0,-477.0,931.0,12:23:47.115928
38.0,-475.0,935.0,12:23:47.127267
35.0,-476.0,934.0,12:23:47.133137
32.0,-480.0,929.0,12:23:47.153162
35.0,-483.0,926.0,12:23:47.168072
34.0,-482.0,927.0,12:23:47.172842
39.0,-486.0,926.0,12:23:47.187960
37.0,-487.0,924.0,12:23:47.192719
35.0,-488.0,927.0,12:23:47.212457
40.0,-484.0,922.0,12:23:47.231463
38.0,-481.0,936.0,12:23:47.266725
35.0,-483.0,927.0,12:23:47.276825
40.0,-484.0,925.0,12:23:47.281629
39.0,-481.0,929.0,12:23:47.318082
37.0,-482.0,930.0,12:23:47.320612
40.0,-480.0,929.0,12:23:47.344423
43.0,-478.0,925.0,12:23:47.369683
44.0,-479.0,930.0,12:23:47.380410
42.0,-476.0,928.0,12:23:47.400442
36.0,-478.0,927.0,12:23:47.420674
34.0,-477.0,930.0,12:23:47.440872
35.0,-479.0,934.0,12:23:47.450998
33.0,-476.0,932.0,12:23:47.462296
37.0,-482.0,934.0,12:23:47.479225
36.0,-478.0,926.0,12:23:47.500441
35.0,-480.0,931.0,12:23:47.511694
32.0,-484.0,933.0,12:23:47.537943
34.0,-483.0,928.0,12:23:47.547847
35.0,-482.0,929.0,12:23:47.567870
41.0,-485.0,926.0,12:23:47.577939
35.0,-482.0,932.0,12:23:47.597872
34.0,-481.0,937.0,12:23:47.612841
32.0,-477.0,934.0,12:23:47.617432
33.0,-474.0,932.0,12:23:47.633099
36.0,-473.0,933.0,12:23:47.635609
34.0,-471.0,932.0,12:23:47.652160
35.0,-468.0,933.0,12:23:47.655935
38.0,-470.0,932.0,12:23:47.672399
30.0,-472.0,935.0,12:23:47.692632
35.0,-473.0,934.0,12:23:47.734271
38.0,-475.0,936.0,12:23:47.754494
35.0,-473.0,932.0,12:23:47.764580
33.0,-474.0,929.0,12:23:47.774740
30.0,-472.0,934.0,12:23:47.784859
29.0,-477.0,931.0,12:23:47.794979
31.0,-478.0,933.0,12:23:47.805071
28.0,-481.0,937.0,12:23:47.815220
30.0,-479.0,931.0,12:23:47.825318
34.0,-480.0,928.0,12:23:47.835450
31.0,-481.0,930.0,12:23:47.845557
33.0,-479.0,932.0,12:23:47.865798
34.0,-482.0,930.0,12:23:47.884843
35.0,-481.0,927.0,12:23:47.896134
33.0,-480.0,932.0,12:23:47.906253
30.0,-479.0,929.0,12:23:47.916345
33.0,-481.0,928.0,12:23:47.956837
32.0,-483.0,931.0,12:23:47.965795
31.0,-482.0,926.0,12:23:47.997324
33.0,-486.0,931.0,12:23:48.000955
29.0,-483.0,930.0,12:23:48.017538
30.0,-482.0,935.0,12:23:48.020065
33.0,-481.0,926.0,12:23:48.037911
37.0,-483.0,930.0,12:23:48.079032
34.0,-479.0,925.0,12:23:48.097842
35.0,-480.0,928.0,12:23:48.117866
38.0,-479.0,930.0,12:23:48.119239
37.0,-477.0,928.0,12:23:48.129126
38.0,-476.0,932.0,12:23:48.139014
36.0,-475.0,927.0,12:23:48.149055
37.0,-479.0,932.0,12:23:48.159140
38.0,-476.0,930.0,12:23:48.197848
34.0,-475.0,935.0,12:23:48.257185
33.0,-479.0,930.0,12:23:48.287882
32.0,-480.0,928.0,12:23:48.300879
33.0,-482.0,929.0,12:23:48.310967
34.0,-486.0,928.0,12:23:48.333673
32.0,-483.0,930.0,12:23:48.336218
33.0,-485.0,928.0,12:23:48.360405
37.0,-480.0,930.0,12:23:48.377240
39.0,-482.0,926.0,12:23:48.388088
36.0,-485.0,927.0,12:23:48.398645
40.0,-486.0,925.0,12:23:48.405539
39.0,-487.0,929.0,12:23:48.416753
38.0,-483.0,926.0,12:23:48.424960
31.0,-482.0,931.0,12:23:48.439619
35.0,-477.0,932.0,12:23:48.453751
37.0,-479.0,929.0,12:23:48.475079
39.0,-477.0,931.0,12:23:48.503100
35.0,-475.0,930.0,12:23:48.513438
29.0,-473.0,931.0,12:23:48.532948
28.0,-475.0,929.0,12:23:48.542357
31.0,-478.0,933.0,12:23:48.552877
34.0,-477.0,931.0,12:23:48.562244
33.0,-479.0,930.0,12:23:48.572776
39.0,-477.0,927.0,12:23:48.592470
36.0,-474.0,932.0,12:23:48.601755
35.0,-470.0,934.0,12:23:48.612268
31.0,-472.0,935.0,12:23:48.621571
35.0,-475.0,933.0,12:23:48.631999
33.0,-476.0,935.0,12:23:48.641354
30.0,-480.0,930.0,12:23:48.650692
31.0,-482.0,933.0,12:23:48.690625
24.0,-478.0,930.0,12:23:48.739651
26.0,-479.0,929.0,12:23:48.750150
30.0,-482.0,936.0,12:23:48.759445
33.0,-480.0,927.0,12:23:48.789157
37.0,-478.0,929.0,12:23:48.799544
35.0,-476.0,933.0,12:23:48.818120
42.0,-473.0,930.0,12:23:48.838697
44.0,-474.0,928.0,12:23:48.847926
42.0,-475.0,931.0,12:23:48.858333
40.0,-481.0,924.0,12:23:48.867718
41.0,-480.0,927.0,12:23:48.878194
40.0,-477.0,930.0,12:23:48.887540
39.0,-472.0,932.0,12:23:48.907004
37.0,-467.0,935.0,12:23:48.917351
34.0,-464.0,938.0,12:23:48.926762
33.0,-466.0,939.0,12:23:48.937283
36.0,-467.0,938.0,12:23:48.946640
32.0,-469.0,935.0,12:23:48.957104
27.0,-468.0,936.0,12:23:48.976667
33.0,-473.0,927.0,12:23:48.996096
39.0,-476.0,926.0,12:23:49.006627
37.0,-480.0,927.0,12:23:49.025122
35.0,-485.0,931.0,12:23:49.035644
29.0,-486.0,927.0,12:23:49.055173
33.0,-484.0,929.0,12:23:49.065691
38.0,-488.0,927.0,12:23:49.085195
41.0,-485.0,930.0,12:23:49.094540
42.0,-487.0,929.0,12:23:49.104935
40.0,-485.0,926.0,12:23:49.114238
34.0,-488.0,927.0,12:23:49.124732
27.0,-483.0,926.0,12:23:49.134104
31.0,-486.0,933.0,12:23:49.173051
40.0,-493.0,926.0,12:23:49.195218
49.0,-500.0,927.0,12:23:49.203516
39.0,-492.0,931.0,12:23:49.212830
37.0,-491.0,923.0,12:23:49.223350
36.0,-487.0,927.0,12:23:49.232691
31.0,-481.0,933.0,12:23:49.243127
28.0,-473.0,930.0,12:23:49.252338
25.0,-470.0,936.0,12:23:49.262746
30.0,-469.0,931.0,12:23:49.272029
38.0,-474.0,926.0,12:23:49.282458
35.0,-475.0,925.0,12:23:49.291695
41.0,-480.0,933.0,12:23:49.302304
47.0,-481.0,932.0,12:23:49.320667
39.0,-478.0,924.0,12:23:49.331155
38.0,-477.0,929.0,12:23:49.340541
34.0,-480.0,931.0,12:23:49.351112
32.0,-486.0,933.0,12:23:49.370616
35.0,-487.0,929.0,12:23:49.390284
38.0,-480.0,927.0,12:23:49.400694
40.0,-476.0,930.0,12:23:49.410036
43.0,-473.0,932.0,12:23:49.420471
45.0,-469.0,934.0,12:23:49.429876
44.0,-466.0,931.0,12:23:49.439190
42.0,-468.0,935.0,12:23:49.469075
40.0,-473.0,930.0,12:23:49.479489
35.0,-474.0,932.0,12:23:49.498040
37.0,-476.0,937.0,12:23:49.508481
41.0,-473.0,935.0,12:23:49.518944
46.0,-469.0,930.0,12:23:49.528315
49.0,-470.0,931.0,12:23:49.537738
52.0,-475.0,933.0,12:23:49.548198
45.0,-480.0,931.0,12:23:49.557631
38.0,-483.0,937.0,12:23:49.568057
40.0,-480.0,936.0,12:23:49.577394
34.0,-481.0,927.0,12:23:49.592775
30.0,-488.0,918.0,12:23:49.607010
39.0,-490.0,923.0,12:23:49.617441
41.0,-492.0,926.0,12:23:49.626710
50.0,-487.0,924.0,12:23:49.646210
46.0,-491.0,929.0,12:23:49.675959
38.0,-490.0,935.0,12:23:49.686499
30.0,-483.0,932.0,12:23:49.695778
18.0,-477.0,930.0,12:23:49.705132
21.0,-472.0,931.0,12:23:49.715658
26.0,-468.0,939.0,12:23:49.725020
35.0,-463.0,942.0,12:23:49.735556
38.0,-468.0,936.0,12:23:49.744850
40.0,-469.0,930.0,12:23:49.755317
32.0,-477.0,931.0,12:23:49.784016
31.0,-479.0,935.0,12:23:49.794531
25.0,-477.0,929.0,12:23:49.803818
22.0,-481.0,928.0,12:23:49.814218
29.0,-484.0,933.0,12:23:49.842862
46.0,-489.0,930.0,12:23:49.853424
44.0,-490.0,931.0,12:23:49.872935
34.0,-488.0,930.0,12:23:49.883491
28.0,-486.0,932.0,12:23:49.892833
25.0,-481.0,925.0,12:23:49.903245
21.0,-484.0,930.0,12:23:49.922670
19.0,-487.0,928.0,12:23:49.931950
22.0,-485.0,931.0,12:23:49.952535
33.0,-482.0,930.0,12:23:49.972078
25.0,-484.0,939.0,12:23:50.000622
21.0,-479.0,932.0,12:23:50.011133
26.0,-482.0,935.0,12:23:50.030693
33.0,-480.0,928.0,12:23:50.041208
42.0,-478.0,929.0,12:23:50.050449
41.0,-475.0,935.0,12:23:50.061028
45.0,-473.0,934.0,12:23:50.070319
49.0,-470.0,937.0,12:23:50.079595
51.0,-465.0,940.0,12:23:50.090125
56.0,-458.0,941.0,12:23:50.099717
59.0,-461.0,935.0,12:23:50.110126
51.0,-457.0,942.0,12:23:50.119485
43.0,-446.0,945.0,12:23:50.128930
42.0,-443.0,947.0,12:23:50.148425
48.0,-447.0,941.0,12:23:50.158979
52.0,-445.0,939.0,12:23:50.171406
55.0,-452.0,947.0,12:23:50.207727
60.0,-451.0,942.0,12:23:50.218143
57.0,-447.0,941.0,12:23:50.227630
54.0,-448.0,946.0,12:23:50.238046
47.0,-451.0,941.0,12:23:50.247360
46.0,-445.0,940.0,12:23:50.266936
47.0,-450.0,942.0,12:23:50.286496
52.0,-451.0,939.0,12:23:50.296907
56.0,-448.0,931.0,12:23:50.307386
62.0,-454.0,932.0,12:23:50.316679
75.0,-460.0,933.0,12:23:50.326076
76.0,-474.0,929.0,12:23:50.345824
73.0,-476.0,924.0,12:23:50.356221
72.0,-494.0,917.0,12:23:50.375877
73.0,-498.0,913.0,12:23:50.392505
77.0,-501.0,921.0,12:23:50.396502
64.0,-527.0,919.0,12:23:50.405748
85.0,-503.0,922.0,12:23:50.415102
80.0,-510.0,910.0,12:23:50.425667
81.0,-507.0,912.0,12:23:50.434927
90.0,-503.0,908.0,12:23:50.445420
92.0,-506.0,909.0,12:23:50.454752
86.0,-513.0,916.0,12:23:50.464032
82.0,-511.0,921.0,12:23:50.483658
80.0,-507.0,915.0,12:23:50.494043
75.0,-496.0,910.0,12:23:50.503387
72.0,-492.0,912.0,12:23:50.513824
74.0,-488.0,910.0,12:23:50.523167
78.0,-482.0,913.0,12:23:50.533621
76.0,-484.0,911.0,12:23:50.542909
79.0,-481.0,915.0,12:23:50.553517
75.0,-486.0,918.0,12:23:50.562849
71.0,-490.0,923.0,12:23:50.573319
66.0,-494.0,919.0,12:23:50.582672
64.0,-497.0,912.0,12:23:50.593140
58.0,-502.0,909.0,12:23:50.611486
49.0,-496.0,913.0,12:23:50.622038
47.0,-499.0,923.0,12:23:50.632534
40.0,-497.0,914.0,12:23:50.650892
30.0,-485.0,912.0,12:23:50.661397
37.0,-490.0,911.0,12:23:50.671861
34.0,-492.0,914.0,12:23:50.681288
38.0,-493.0,908.0,12:23:50.690638
36.0,-501.0,910.0,12:23:50.701121
27.0,-504.0,915.0,12:23:50.710405
11.0,-509.0,932.0,12:23:50.720855
3.0,-516.0,937.0,12:23:50.730105
-1.0,-512.0,939.0,12:23:50.740485
-11.0,-507.0,932.0,12:23:50.750890
-23.0,-497.0,924.0,12:23:50.760218
-33.0,-482.0,932.0,12:23:50.769564
-36.0,-480.0,938.0,12:23:50.780080
-38.0,-479.0,936.0,12:23:50.795411
-32.0,-475.0,931.0,12:23:50.799228
-22.0,-477.0,927.0,12:23:50.818960
-18.0,-478.0,937.0,12:23:50.829389
-13.0,-484.0,940.0,12:23:50.838856
-7.0,-486.0,935.0,12:23:50.849395
-3.0,-485.0,940.0,12:23:50.858754
-1.0,-478.0,941.0,12:23:50.868160
-2.0,-469.0,942.0,12:23:50.878677
6.0,-457.0,933.0,12:23:50.898172
22.0,-455.0,924.0,12:23:50.907665
34.0,-461.0,923.0,12:23:50.918822
41.0,-466.0,925.0,12:23:50.928200
45.0,-465.0,929.0,12:23:50.938097
40.0,-463.0,940.0,12:23:50.947466
32.0,-465.0,934.0,12:23:50.956745
26.0,-469.0,936.0,12:23:50.967183
27.0,-473.0,924.0,12:23:50.976628
22.0,-474.0,921.0,12:23:50.987035
19.0,-476.0,917.0,12:23:50.996471
15.0,-479.0,920.0,12:23:51.006932
4.0,-481.0,927.0,12:23:51.016259
-5.0,-482.0,931.0,12:23:51.026772
-8.0,-480.0,934.0,12:23:51.036144
-5.0,-482.0,932.0,12:23:51.045475
-2.0,-481.0,928.0,12:23:51.055981
1.0,-475.0,922.0,12:23:51.065324
2.0,-476.0,920.0,12:23:51.084824
-2.0,-475.0,925.0,12:23:51.095289
-10.0,-472.0,926.0,12:23:51.104701
-21.0,-475.0,931.0,12:23:51.115121
-28.0,-479.0,941.0,12:23:51.124526
-29.0,-481.0,944.0,12:23:51.135040
-36.0,-478.0,941.0,12:23:51.144312
-22.0,-476.0,936.0,12:23:51.154822
-12.0,-473.0,933.0,12:23:51.164190
-3.0,-469.0,921.0,12:23:51.183663
-2.0,-478.0,926.0,12:23:51.194269
-3.0,-484.0,919.0,12:23:51.212631
-23.0,-491.0,906.0,12:23:51.223078
-22.0,-500.0,900.0,12:23:51.233723
-17.0,-511.0,916.0,12:23:51.252206
-22.0,-517.0,921.0,12:23:51.262722
-33.0,-514.0,926.0,12:23:51.272155
-42.0,-531.0,928.0,12:23:51.282578
-60.0,-548.0,909.0,12:23:51.302279
-79.0,-550.0,895.0,12:23:51.311565
-102.0,-540.0,879.0,12:23:51.322077
-101.0,-536.0,880.0,12:23:51.331395
-81.0,-543.0,911.0,12:23:51.341867
-78.0,-551.0,922.0,12:23:51.351234
-59.0,-550.0,923.0,12:23:51.370821
-62.0,-540.0,921.0,12:23:51.381228
-72.0,-526.0,925.0,12:23:51.390595
-71.0,-513.0,923.0,12:23:51.401169
-70.0,-502.0,917.0,12:23:51.410443
-71.0,-498.0,920.0,12:23:51.420871
-90.0,-489.0,915.0,12:23:51.440447
-95.0,-482.0,905.0,12:23:51.449835
-88.0,-473.0,910.0,12:23:51.460246
-66.0,-472.0,918.0,12:23:51.469609
-41.0,-478.0,925.0,12:23:51.479071
-26.0,-485.0,931.0,12:23:51.489490
-24.0,-491.0,929.0,12:23:51.519409
-31.0,-494.0,921.0,12:23:51.528656
-39.0,-509.0,907.0,12:23:51.548312
-35.0,-524.0,901.0,12:23:51.558786
-51.0,-541.0,897.0,12:23:51.568063
-69.0,-538.0,882.0,12:23:51.578617
-84.0,-523.0,878.0,12:23:51.595696
-81.0,-517.0,905.0,12:23:51.599688
-52.0,-518.0,927.0,12:23:51.616968
-43.0,-524.0,924.0,12:23:51.627381
-34.0,-530.0,925.0,12:23:51.636714
-33.0,-536.0,917.0,12:23:51.647290
-56.0,-527.0,892.0,12:23:51.656672
-85.0,-514.0,881.0,12:23:51.667110
-105.0,-494.0,901.0,12:23:51.676631
-104.0,-490.0,924.0,12:23:51.687058
-88.0,-494.0,922.0,12:23:51.696464
-69.0,-514.0,908.0,12:23:51.705758
-42.0,-532.0,895.0,12:23:51.716190
-27.0,-540.0,884.0,12:23:51.725495
-33.0,-552.0,887.0,12:23:51.735988
-35.0,-564.0,886.0,12:23:51.745473
-40.0,-572.0,887.0,12:23:51.755886
-48.0,-567.0,890.0,12:23:51.765268
-72.0,-558.0,889.0,12:23:51.774652
-92.0,-554.0,879.0,12:23:51.785090
-95.0,-551.0,869.0,12:23:51.794537
-94.0,-556.0,863.0,12:23:51.805045
-95.0,-558.0,866.0,12:23:51.814359
-103.0,-564.0,885.0,12:23:51.824882
-101.0,-563.0,891.0,12:23:51.834218
-90.0,-577.0,880.0,12:23:51.853760
-95.0,-568.0,882.0,12:23:51.864221
-102.0,-557.0,886.0,12:23:51.873568
-112.0,-546.0,898.0,12:23:51.883982
-124.0,-530.0,892.0,12:23:51.912853
-129.0,-510.0,877.0,12:23:51.922905
-125.0,-505.0,881.0,12:23:51.933408
-114.0,-518.0,895.0,12:23:51.942832
-100.0,-532.0,900.0,12:23:51.952228
-101.0,-554.0,909.0,12:23:51.962641
-100.0,-564.0,912.0,12:23:51.972033
-121.0,-568.0,868.0,12:23:51.997305
-120.0,-579.0,864.0,12:23:52.011401
-116.0,-600.0,885.0,12:23:52.031052
-106.0,-606.0,877.0,12:23:52.041525
-90.0,-622.0,865.0,12:23:52.050854
-73.0,-617.0,850.0,12:23:52.061278
-57.0,-632.0,843.0,12:23:52.070632
-54.0,-628.0,844.0,12:23:52.081178
-62.0,-635.0,849.0,12:23:52.090526
-70.0,-637.0,861.0,12:23:52.099981
-79.0,-639.0,859.0,12:23:52.110394
-96.0,-638.0,852.0,12:23:52.119735
-122.0,-642.0,850.0,12:23:52.130153
-133.0,-639.0,844.0,12:23:52.139573
-130.0,-643.0,846.0,12:23:52.150075
-104.0,-646.0,853.0,12:23:52.159365
-81.0,-649.0,845.0,12:23:52.169164
-79.0,-650.0,837.0,12:23:52.179572
-76.0,-643.0,835.0,12:23:52.188964
-82.0,-642.0,837.0,12:23:52.198385
-98.0,-632.0,829.0,12:23:52.208881
-123.0,-633.0,831.0,12:23:52.218274
-135.0,-624.0,848.0,12:23:52.228859
-145.0,-603.0,839.0,12:23:52.238155
-148.0,-597.0,847.0,12:23:52.248638
-129.0,-603.0,857.0,12:23:52.257924
-108.0,-630.0,840.0,12:23:52.268362
-71.0,-647.0,818.0,12:23:52.277680
-68.0,-644.0,835.0,12:23:52.288147
-74.0,-648.0,870.0,12:23:52.297371
-80.0,-647.0,881.0,12:23:52.307856
-70.0,-651.0,882.0,12:23:52.317183
-79.0,-634.0,844.0,12:23:52.327721
-64.0,-612.0,782.0,12:23:52.336970
-75.0,-599.0,776.0,12:23:52.346341
-65.0,-602.0,818.0,12:23:52.357077
-56.0,-611.0,854.0,12:23:52.366532
-60.0,-647.0,874.0,12:23:52.375881
-35.0,-671.0,862.0,12:23:52.386310
-26.0,-679.0,845.0,12:23:52.395775
-13.0,-667.0,805.0,12:23:52.406273
0.0,-684.0,815.0,12:23:52.415658
9.0,-700.0,829.0,12:23:52.425057
-18.0,-681.0,861.0,12:23:52.435522
-57.0,-658.0,871.0,12:23:52.444844
-67.0,-609.0,864.0,12:23:52.455373
-57.0,-595.0,858.0,12:23:52.464753
-68.0,-592.0,840.0,12:23:52.475179
-57.0,-549.0,811.0,12:23:52.484652
-48.0,-534.0,827.0,12:23:52.495127
-39.0,-536.0,895.0,12:23:52.504524
-61.0,-551.0,911.0,12:23:52.513973
-72.0,-559.0,939.0,12:23:52.524465
-102.0,-535.0,888.0,12:23:52.544001
-101.0,-524.0,855.0,12:23:52.553365
-106.0,-521.0,880.0,12:23:52.573908
-146.0,-481.0,1005.0,12:23:52.575356
-124.0,-462.0,1196.0,12:23:52.588460
-183.0,-401.0,1162.0,12:23:52.592827
-169.0,-404.0,1083.0,12:23:52.603426
-109.0,-373.0,998.0,12:23:52.612808
-96.0,-331.0,1041.0,12:23:52.623275
-129.0,-371.0,1159.0,12:23:52.632586
-114.0,-390.0,1300.0,12:23:52.641970
-296.0,-360.0,1398.0,12:23:52.652457
-191.0,-328.0,1247.0,12:23:52.661727
-225.0,-302.0,959.0,12:23:52.672345
-260.0,-307.0,818.0,12:23:52.681665
-135.0,-258.0,821.0,12:23:52.692227
-137.0,-164.0,797.0,12:23:52.701603
-111.0,-102.0,766.0,12:23:52.710910
-15.0,-150.0,725.0,12:23:52.721343
-18.0,-226.0,726.0,12:23:52.730722
-34.0,-297.0,847.0,12:23:52.741257
-136.0,-357.0,995.0,12:23:52.750577
-175.0,-462.0,1085.0,12:23:52.761157
-117.0,-574.0,1067.0,12:23:52.770524
-102.0,-668.0,985.0,12:23:52.779906
-47.0,-702.0,936.0,12:23:52.798203
-44.0,-706.0,918.0,12:23:52.799604
-46.0,-697.0,866.0,12:23:52.809746
0.0,-681.0,793.0,12:23:52.820167
-4.0,-660.0,743.0,12:23:52.829513
38.0,-669.0,726.0,12:23:52.839999
98.0,-686.0,717.0,12:23:52.849282
103.0,-717.0,715.0,12:23:52.859705
137.0,-748.0,716.0,12:23:52.869070
115.0,-769.0,753.0,12:23:52.878418
119.0,-761.0,781.0,12:23:52.888920
172.0,-750.0,758.0,12:23:52.898297
169.0,-728.0,746.0,12:23:52.908853
147.0,-686.0,762.0,12:23:52.918303
104.0,-616.0,755.0,12:23:52.927764
47.0,-546.0,773.0,12:23:52.938147
1.0,-499.0,825.0,12:23:52.947455
-56.0,-459.0,836.0,12:23:52.957918
-83.0,-432.0,883.0,12:23:52.967251
-97.0,-454.0,1006.0,12:23:52.977751
-131.0,-541.0,1142.0,12:23:52.987165
-110.0,-587.0,1092.0,12:23:52.997707
-127.0,-574.0,978.0,12:23:53.007017
-132.0,-535.0,922.0,12:23:53.016448
-102.0,-504.0,849.0,12:23:53.026838
-47.0,-484.0,746.0,12:23:53.036064
-15.0,-411.0,727.0,12:23:53.046733
-9.0,-363.0,770.0,12:23:53.056043
-49.0,-311.0,815.0,12:23:53.066543
-36.0,-369.0,907.0,12:23:53.075897
62.0,-479.0,945.0,12:23:53.086452
89.0,-515.0,862.0,12:23:53.095706
98.0,-556.0,846.0,12:23:53.106195
104.0,-571.0,815.0,12:23:53.115565
101.0,-561.0,751.0,12:23:53.124826
115.0,-597.0,886.0,12:23:53.135308
218.0,-643.0,929.0,12:23:53.144657
152.0,-594.0,835.0,12:23:53.155048
179.0,-675.0,840.0,12:23:53.164349
217.0,-706.0,740.0,12:23:53.174897
171.0,-723.0,628.0,12:23:53.184187
115.0,-660.0,699.0,12:23:53.200397
135.0,-697.0,815.0,12:23:53.204177
189.0,-732.0,762.0,12:23:53.213519
269.0,-864.0,721.0,12:23:53.223961
274.0,-859.0,655.0,12:23:53.233401
279.0,-836.0,642.0,12:23:53.243818
239.0,-801.0,697.0,12:23:53.253195
230.0,-887.0,786.0,12:23:53.263651
181.0,-878.0,754.0,12:23:53.272956
51.0,-678.0,778.0,12:23:53.282413
80.0,-737.0,989.0,12:23:53.292880
-11.0,-654.0,932.0,12:23:53.302238
-139.0,-598.0,929.0,12:23:53.312661
-258.0,-518.0,1160.0,12:23:53.322042
-294.0,-418.0,1233.0,12:23:53.332531
-340.0,-358.0,1202.0,12:23:53.341939
-315.0,-313.0,1044.0,12:23:53.352447
-224.0,-365.0,1102.0,12:23:53.361789
-144.0,-313.0,1070.0,12:23:53.371174
-108.0,-317.0,1101.0,12:23:53.381676
-3.0,-368.0,1037.0,12:23:53.391007
91.0,-427.0,869.0,12:23:53.401427
185.0,-480.0,851.0,12:23:53.410864
268.0,-504.0,964.0,12:23:53.421467
222.0,-526.0,1004.0,12:23:53.430711
153.0,-601.0,946.0,12:23:53.441263
105.0,-667.0,913.0,12:23:53.450559
-24.0,-647.0,908.0,12:23:53.459795
-223.0,-615.0,904.0,12:23:53.470385
-448.0,-618.0,1006.0,12:23:53.479705
-450.0,-665.0,1029.0,12:23:53.490115
-424.0,-700.0,872.0,12:23:53.499517
-527.0,-632.0,861.0,12:23:53.510066
-525.0,-553.0,991.0,12:23:53.519344
-232.0,-633.0,923.0,12:23:53.529853
-243.0,-580.0,1029.0,12:23:53.539145
-113.0,-609.0,1079.0,12:23:53.549587
16.0,-479.0,861.0,12:23:53.558911
-32.0,-356.0,779.0,12:23:53.568275
7.0,-415.0,941.0,12:23:53.578842
115.0,-347.0,1017.0,12:23:53.588133
-19.0,-215.0,898.0,12:23:53.598758
-6.0,-189.0,810.0,12:23:53.608040
33.0,-244.0,848.0,12:23:53.618488
101.0,-519.0,1044.0,12:23:53.627891
132.0,-517.0,903.0,12:23:53.637203
92.0,-519.0,844.0,12:23:53.647713
133.0,-428.0,846.0,12:23:53.657061
227.0,-356.0,714.0,12:23:53.667530
133.0,-428.0,691.0,12:23:53.676856
111.0,-478.0,864.0,12:23:53.687361
95.0,-363.0,827.0,12:23:53.696767
112.0,-304.0,790.0,12:23:53.707192
153.0,-341.0,758.0,12:23:53.716641
222.0,-569.0,835.0,12:23:53.725979
215.0,-496.0,702.0,12:23:53.736485
85.0,-318.0,778.0,12:23:53.745872
39.0,-443.0,1078.0,12:23:53.756437
153.0,-602.0,1064.0,12:23:53.765741
155.0,-623.0,758.0,12:23:53.776211
157.0,-441.0,763.0,12:23:53.785572
168.0,-472.0,1082.0,12:23:53.795966
184.0,-671.0,1049.0,12:23:53.805302
255.0,-673.0,748.0,12:23:53.814626
15.0,-581.0,854.0,12:23:53.825018
-32.0,-624.0,1053.0,12:23:53.835420
-140.0,-515.0,919.0,12:23:53.844761
-385.0,-418.0,981.0,12:23:53.854064
-409.0,-287.0,1046.0,12:23:53.864557
-307.0,-219.0,1000.0,12:23:53.873898
-327.0,-174.0,1114.0,12:23:53.884484
-198.0,-321.0,1335.0,12:23:53.893755
-154.0,-335.0,1046.0,12:23:53.904297
279.0,-487.0,1025.0,12:23:53.913715
60.0,-516.0,1020.0,12:23:53.923020
126.0,-506.0,936.0,12:23:53.933772
182.0,-405.0,1166.0,12:23:53.943026
121.0,-421.0,939.0,12:23:53.953473
204.0,-595.0,602.0,12:23:53.962808
242.0,-696.0,637.0,12:23:53.972257
233.0,-632.0,976.0,12:23:53.982722
177.0,-465.0,906.0,12:23:53.992023
271.0,-509.0,777.0,12:23:54.002398
244.0,-611.0,683.0,12:23:54.011840
5.0,-442.0,673.0,12:23:54.022358
14.0,-462.0,795.0,12:23:54.031696
74.0,-361.0,669.0,12:23:54.042179
-2.0,-344.0,622.0,12:23:54.051545
-80.0,-479.0,907.0,12:23:54.062016
141.0,-471.0,738.0,12:23:54.071342
124.0,-262.0,561.0,12:23:54.080758
16.0,-294.0,814.0,12:23:54.091282
73.0,-228.0,767.0,12:23:54.100567
124.0,-314.0,712.0,12:23:54.111120
88.0,-578.0,1305.0,12:23:54.120466
9.0,-733.0,1427.0,12:23:54.130872
54.0,-445.0,882.0,12:23:54.140139
161.0,-646.0,1279.0,12:23:54.150615
184.0,-865.0,1196.0,12:23:54.159964
122.0,-606.0,991.0,12:23:54.170386
270.0,-953.0,1315.0,12:23:54.179731
153.0,-663.0,910.0,12:23:54.190178
-76.0,-692.0,835.0,12:23:54.199423
-28.0,-716.0,709.0,12:23:54.208921
-110.0,-766.0,758.0,12:23:54.219392
-325.0,-576.0,877.0,12:23:54.228640
-215.0,-475.0,782.0,12:23:54.239237
-359.0,-536.0,797.0,12:23:54.248574
-262.0,-597.0,805.0,12:23:54.258984
-91.0,-495.0,568.0,12:23:54.268366
-108.0,-385.0,761.0,12:23:54.277725
-24.0,-389.0,1071.0,12:23:54.288161
21.0,-446.0,1025.0,12:23:54.297501
-37.0,-341.0,709.0,12:23:54.307939
131.0,-204.0,761.0,12:23:54.317235
108.0,-273.0,1019.0,12:23:54.327728
86.0,-304.0,965.0,12:23:54.337140
193.0,-337.0,849.0,12:23:54.347655
120.0,-349.0,1016.0,12:23:54.356964
157.0,-406.0,1162.0,12:23:54.367504
99.0,-273.0,789.0,12:23:54.376788
57.0,-153.0,636.0,12:23:54.387222
18.0,-302.0,957.0,12:23:54.404270
-23.0,-338.0,1004.0,12:23:54.408166
-1.0,-313.0,996.0,12:23:54.416436
-19.0,-477.0,1193.0,12:23:54.425971
94.0,-455.0,970.0,12:23:54.436471
131.0,-254.0,694.0,12:23:54.445773
-14.0,-229.0,1006.0,12:23:54.455148
-61.0,-283.0,1126.0,12:23:54.465643
115.0,-502.0,953.0,12:23:54.474951
187.0,-588.0,807.0,12:23:54.485446
128.0,-515.0,1049.0,12:23:54.494786
182.0,-534.0,1031.0,12:23:54.505256
-10.0,-290.0,581.0,12:23:54.514759
9.0,-438.0,748.0,12:23:54.525182
162.0,-497.0,761.0,12:23:54.534534
-17.0,-371.0,733.0,12:23:54.543864
-44.0,-398.0,709.0,12:23:54.554350
94.0,-666.0,897.0,12:23:54.563669
98.0,-694.0,1002.0,12:23:54.574203
80.0,-969.0,1615.0,12:23:54.583491
48.0,-916.0,1663.0,12:23:54.593893
29.0,-572.0,931.0,12:23:54.603176
19.0,-745.0,1411.0,12:23:54.613593
209.0,-862.0,1224.0,12:23:54.622872
272.0,-592.0,346.0,12:23:54.633488
61.0,-402.0,479.0,12:23:54.642785
93.0,-514.0,808.0,12:23:54.652264
-25.0,-550.0,482.0,12:23:54.662843
-116.0,-604.0,659.0,12:23:54.672208
-64.0,-1002.0,2047.0,12:23:54.682619
-194.0,-547.0,1534.0,12:23:54.691968
-156.0,-496.0,1620.0,12:23:54.702450
92.0,-1042.0,1806.0,12:23:54.711770
200.0,-813.0,650.0,12:23:54.722314
175.0,-402.0,763.0,12:23:54.731652
24.0,-532.0,1617.0,12:23:54.741054
-67.0,-496.0,862.0,12:23:54.751464
-100.0,-765.0,593.0,12:23:54.760851
-122.0,-525.0,781.0,12:23:54.771331
-4.0,-427.0,735.0,12:23:54.780629
-124.0,-283.0,970.0,12:23:54.791184
-101.0,-520.0,1174.0,12:23:54.800541
26.0,-973.0,1024.0,12:23:54.809925
76.0,-849.0,666.0,12:23:54.820401
24.0,-699.0,503.0,12:23:54.829736
32.0,-700.0,837.0,12:23:54.840099
-15.0,-558.0,848.0,12:23:54.849411
13.0,-587.0,745.0,12:23:54.859829
-41.0,-315.0,916.0,12:23:54.869108
-158.0,82.0,1444.0,12:23:54.879598
-206.0,93.0,1581.0,12:23:54.888962
-72.0,105.0,712.0,12:23:54.899428
-18.0,-194.0,668.0,12:23:54.908688
-32.0,-347.0,1367.0,12:23:54.919277
44.0,-332.0,1440.0,12:23:54.929901
10.0,-286.0,903.0,12:23:54.938078
-2.0,-232.0,761.0,12:23:54.948581
-22.0,-393.0,1124.0,12:23:54.957900
68.0,-418.0,940.0,12:23:54.968327
12.0,-304.0,633.0,12:23:54.977775
-33.0,-146.0,481.0,12:23:54.988199
104.0,-488.0,1143.0,12:23:54.997441
206.0,-864.0,1769.0,12:23:55.007919
194.0,-779.0,1000.0,12:23:55.017263
123.0,-431.0,401.0,12:23:55.027729
87.0,-704.0,1068.0,12:23:55.036997
341.0,-856.0,862.0,12:23:55.046501
260.0,-692.0,548.0,12:23:55.056910
299.0,-649.0,479.0,12:23:55.066191
209.0,-589.0,381.0,12:23:55.076695
192.0,-788.0,461.0,12:23:55.086027
164.0,-800.0,258.0,12:23:55.096513
162.0,-707.0,59.0,12:23:55.105927
49.0,-792.0,778.0,12:23:55.116453
12.0,-1348.0,1898.0,12:23:55.125756
62.0,-1612.0,1334.0,12:23:55.135107
55.0,-1198.0,720.0,12:23:55.145604
187.0,-566.0,584.0,12:23:55.154906
114.0,48.0,800.0,12:23:55.165381
-45.0,-21.0,1054.0,12:23:55.174681
-253.0,-199.0,719.0,12:23:55.185103
-246.0,-925.0,368.0,12:23:55.194470
114.0,-808.0,672.0,12:23:55.207057
-199.0,-66.0,1826.0,12:23:55.214943
5.0,22.0,2047.0,12:23:55.224284
-183.0,457.0,1531.0,12:23:55.234578
-396.0,479.0,1030.0,12:23:55.243870
-116.0,41.0,1010.0,12:23:55.254320
185.0,-448.0,1290.0,12:23:55.263639
-74.0,-377.0,1444.0,12:23:55.274126
-227.0,-282.0,1465.0,12:23:55.283538
-180.0,-321.0,1260.0,12:23:55.292865
-77.0,-235.0,856.0,12:23:55.303393
-146.0,-327.0,551.0,12:23:55.312745
-50.0,-405.0,612.0,12:23:55.323198
-125.0,-505.0,938.0,12:23:55.332532
-88.0,-629.0,932.0,12:23:55.343040
-38.0,-647.0,556.0,12:23:55.352377
-50.0,-535.0,517.0,12:23:55.362815
29.0,-600.0,785.0,12:23:55.372253
153.0,-785.0,1178.0,12:23:55.381537
208.0,-761.0,1036.0,12:23:55.391935
123.0,-669.0,814.0,12:23:55.401339
67.0,-673.0,804.0,12:23:55.411808
52.0,-687.0,987.0,12:23:55.421523
36.0,-655.0,787.0,12:23:55.430818
26.0,-579.0,708.0,12:23:55.441207
81.0,-654.0,787.0,12:23:55.450495
94.0,-760.0,843.0,12:23:55.461131
85.0,-695.0,605.0,12:23:55.470450
133.0,-688.0,667.0,12:23:55.480853
-12.0,-636.0,911.0,12:23:55.490221
11.0,-278.0,827.0,12:23:55.500724
-114.0,-164.0,893.0,12:23:55.510041
-149.0,-278.0,1134.0,12:23:55.519440
-150.0,-272.0,1374.0,12:23:55.530015
-266.0,-104.0,1232.0,12:23:55.539429
-238.0,-86.0,1103.0,12:23:55.549055
-116.0,-255.0,1170.0,12:23:55.559525
-71.0,-355.0,1172.0,12:23:55.568932
-75.0,-382.0,1093.0,12:23:55.579420
17.0,-466.0,1017.0,12:23:55.588837
-69.0,-403.0,848.0,12:23:55.606627
-27.0,-450.0,786.0,12:23:55.610421
-10.0,-596.0,760.0,12:23:55.618760
18.0,-728.0,665.0,12:23:55.628066
-3.0,-677.0,828.0,12:23:55.638501
55.0,-594.0,769.0,12:23:55.647827
157.0,-630.0,750.0,12:23:55.658224
148.0,-579.0,790.0,12:23:55.667494
232.0,-614.0,857.0,12:23:55.677966
220.0,-392.0,926.0,12:23:55.687288
66.0,-486.0,1107.0,12:23:55.697813
171.0,-520.0,899.0,12:23:55.707137
119.0,-609.0,864.0,12:23:55.717725
105.0,-494.0,872.0,12:23:55.726952
73.0,-475.0,979.0,12:23:55.736297
-10.0,-481.0,921.0,12:23:55.746840
-48.0,-479.0,737.0,12:23:55.756188
33.0,-555.0,823.0,12:23:55.766696
-32.0,-519.0,959.0,12:23:55.775992
-107.0,-491.0,1059.0,12:23:55.786498
-93.0,-488.0,966.0,12:23:55.795877
-23.0,-533.0,932.0,12:23:55.805235
-21.0,-556.0,1118.0,12:23:55.815690
44.0,-504.0,1051.0,12:23:55.824971
92.0,-442.0,914.0,12:23:55.835353
-15.0,-406.0,969.0,12:23:55.844659
-87.0,-402.0,922.0,12:23:55.855144
6.0,-391.0,890.0,12:23:55.864640
13.0,-385.0,904.0,12:23:55.875007
35.0,-401.0,814.0,12:23:55.884292
-33.0,-479.0,941.0,12:23:55.894761
30.0,-598.0,961.0,12:23:55.904137
103.0,-442.0,645.0,12:23:55.914641
19.0,-481.0,857.0,12:23:55.924037
-15.0,-518.0,1014.0,12:23:55.933917
8.0,-552.0,907.0,12:23:55.943276
18.0,-579.0,957.0,12:23:55.953709
152.0,-491.0,742.0,12:23:55.963023
-10.0,-531.0,1058.0,12:23:55.973568
-16.0,-566.0,1026.0,12:23:55.982934
53.0,-543.0,793.0,12:23:55.993457
-22.0,-505.0,896.0,12:23:56.002830
-33.0,-542.0,983.0,12:23:56.012263
33.0,-440.0,723.0,12:23:56.022697
35.0,-528.0,1032.0,12:23:56.032034
11.0,-550.0,1018.0,12:23:56.042515
1.0,-496.0,862.0,12:23:56.051793
-12.0,-523.0,994.0,12:23:56.062361
-20.0,-560.0,1126.0,12:23:56.071752
55.0,-549.0,896.0,12:23:56.082250
2.0,-517.0,891.0,12:23:56.091577
22.0,-629.0,948.0,12:23:56.102019
-42.0,-521.0,811.0,12:23:56.111273
67.0,-660.0,1003.0,12:23:56.120665
-90.0,-593.0,866.0,12:23:56.131190
-3.0,-549.0,659.0,12:23:56.140526
-87.0,-586.0,1025.0,12:23:56.151114
-42.0,-572.0,940.0,12:23:56.160421
39.0,-609.0,903.0,12:23:56.170870
-64.0,-472.0,800.0,12:23:56.180240
-61.0,-477.0,743.0,12:23:56.189609
-37.0,-585.0,1076.0,12:23:56.200055
-64.0,-516.0,979.0,12:23:56.209344
-43.0,-552.0,912.0,12:23:56.219770
28.0,-410.0,745.0,12:23:56.229087
-53.0,-475.0,1047.0,12:23:56.239548
54.0,-614.0,1180.0,12:23:56.248924
58.0,-541.0,746.0,12:23:56.259374
0.0,-485.0,827.0,12:23:56.268776
29.0,-487.0,1023.0,12:23:56.279265
83.0,-560.0,1082.0,12:23:56.288591
-2.0,-391.0,730.0,12:23:56.299043
-38.0,-468.0,890.0,12:23:56.308440
-24.0,-510.0,1070.0,12:23:56.317811
12.0,-416.0,753.0,12:23:56.328253
-29.0,-518.0,893.0,12:23:56.337710
-21.0,-502.0,905.0,12:23:56.348182
20.0,-529.0,892.0,12:23:56.357498
-22.0,-458.0,979.0,12:23:56.368002
36.0,-493.0,871.0,12:23:56.377367
43.0,-525.0,803.0,12:23:56.386670
-36.0,-573.0,1007.0,12:23:56.397229
10.0,-641.0,1055.0,12:23:56.412127
86.0,-361.0,491.0,12:23:56.416933
60.0,-382.0,674.0,12:23:56.428327
21.0,-617.0,1272.0,12:23:56.439422
18.0,-568.0,951.0,12:23:56.450412
74.0,-218.0,512.0,12:23:56.457893
-28.0,-320.0,1049.0,12:23:56.468399
13.0,-633.0,1358.0,12:23:56.475963
98.0,-440.0,633.0,12:23:56.485231
84.0,-330.0,813.0,12:23:56.495780
-16.0,-601.0,1418.0,12:23:56.505101
31.0,-454.0,687.0,12:23:56.515576
11.0,-467.0,505.0,12:23:56.524861
29.0,-792.0,1238.0,12:23:56.535363
46.0,-642.0,1006.0,12:23:56.544652
-25.0,-478.0,583.0,12:23:56.555094
-34.0,-577.0,956.0,12:23:56.564529
67.0,-767.0,1187.0,12:23:56.575043
89.0,-672.0,808.0,12:23:56.584369
9.0,-466.0,597.0,12:23:56.593612
-56.0,-531.0,1062.0,12:23:56.604037
-59.0,-668.0,1063.0,12:23:56.613434
16.0,-520.0,599.0,12:23:56.623859
-51.0,-431.0,772.0,12:23:56.633274
-96.0,-441.0,1022.0,12:23:56.643701
85.0,-590.0,1013.0,12:23:56.653064
-42.0,-544.0,714.0,12:23:56.663520
83.0,-617.0,826.0,12:23:56.672875
26.0,-525.0,1066.0,12:23:56.683359
-53.0,-505.0,1079.0,12:23:56.692715
-42.0,-460.0,745.0,12:23:56.702095
18.0,-827.0,1394.0,12:23:56.712570
40.0,-726.0,1066.0,12:23:56.721903
68.0,-417.0,620.0,12:23:56.732428
-19.0,-586.0,1028.0,12:23:56.741733
-61.0,-675.0,1034.0,12:23:56.752300
5.0,-559.0,667.0,12:23:56.761667
-49.0,-377.0,484.0,12:23:56.772059
-80.0,-421.0,1028.0,12:23:56.781546
-61.0,-587.0,1097.0,12:23:56.790878
97.0,-496.0,421.0,12:23:56.807750
-68.0,-425.0,610.0,12:23:56.813067
-139.0,-565.0,1296.0,12:23:56.821334
-38.0,-458.0,1191.0,12:23:56.830647
10.0,-465.0,919.0,12:23:56.840019
31.0,-517.0,777.0,12:23:56.850476
101.0,-573.0,1093.0,12:23:56.859746
-29.0,-485.0,1129.0,12:23:56.870267
-45.0,-380.0,783.0,12:23:56.879607
41.0,-576.0,878.0,12:23:56.890081
-68.0,-406.0,666.0,12:23:56.899460
-27.0,-420.0,862.0,12:23:56.910046
-73.0,-442.0,890.0,12:23:56.919342
-59.0,-393.0,806.0,12:23:56.929878
63.0,-636.0,1293.0,12:23:56.939127
72.0,-624.0,1092.0,12:23:56.948418
84.0,-461.0,662.0,12:23:56.958998
46.0,-555.0,1095.0,12:23:56.968351
-106.0,-542.0,1110.0,12:23:56.978922
57.0,-387.0,538.0,12:23:56.988358
-23.0,-380.0,816.0,12:23:56.997800
41.0,-451.0,1041.0,12:23:57.008239
-7.0,-407.0,858.0,12:23:57.017679
162.0,-454.0,768.0,12:23:57.028098
164.0,-658.0,1259.0,12:23:57.037406
145.0,-637.0,1181.0,12:23:57.047894
181.0,-472.0,679.0,12:23:57.057236
79.0,-461.0,815.0,12:23:57.067821
109.0,-697.0,1265.0,12:23:57.077156
163.0,-654.0,778.0,12:23:57.086577
46.0,-495.0,454.0,12:23:57.096997
-8.0,-589.0,1046.0,12:23:57.106502
76.0,-640.0,899.0,12:23:57.116929
-33.0,-504.0,534.0,12:23:57.126198
-135.0,-432.0,656.0,12:23:57.135654
-142.0,-498.0,1140.0,12:23:57.146084
-88.0,-430.0,1163.0,12:23:57.155398
3.0,-505.0,935.0,12:23:57.165898
-15.0,-555.0,961.0,12:23:57.175228
-23.0,-538.0,1078.0,12:23:57.185750
37.0,-682.0,1064.0,12:23:57.195114
-76.0,-322.0,938.0,12:23:57.205637
-54.0,-489.0,952.0,12:23:57.214934
92.0,-498.0,774.0,12:23:57.225421
-89.0,-415.0,830.0,12:23:57.234802
-29.0,-459.0,941.0,12:23:57.244053
13.0,-599.0,805.0,12:23:57.254648
-122.0,-454.0,649.0,12:23:57.263966
1.0,-502.0,908.0,12:23:57.274503
-44.0,-475.0,870.0,12:23:57.283843
107.0,-423.0,854.0,12:23:57.294363
53.0,-494.0,973.0,12:23:57.303613
225.0,-543.0,710.0,12:23:57.314126
136.0,-556.0,1257.0,12:23:57.323532
46.0,-375.0,1039.0,12:23:57.332825
85.0,-338.0,832.0,12:23:57.343352
44.0,-505.0,1172.0,12:23:57.352705
16.0,-440.0,907.0,12:23:57.363243
79.0,-474.0,1033.0,12:23:57.372614
49.0,-418.0,777.0,12:23:57.383068
31.0,-477.0,787.0,12:23:57.392392
28.0,-523.0,925.0,12:23:57.401818
-113.0,-545.0,1009.0,12:23:57.412298
121.0,-633.0,949.0,12:23:57.421679
25.0,-613.0,1146.0,12:23:57.432239
-39.0,-481.0,740.0,12:23:57.441568
82.0,-475.0,987.0,12:23:57.451995
14.0,-542.0,1153.0,12:23:57.461340
90.0,-412.0,853.0,12:23:57.471716
85.0,-476.0,1023.0,12:23:57.481076
17.0,-401.0,980.0,12:23:57.490408
112.0,-486.0,811.0,12:23:57.500835
190.0,-564.0,719.0,12:23:57.510146
142.0,-632.0,944.0,12:23:57.520560
62.0,-594.0,1121.0,12:23:57.529973
84.0,-472.0,701.0,12:23:57.540428
143.0,-457.0,719.0,12:23:57.549693
185.0,-498.0,888.0,12:23:57.560114
67.0,-401.0,757.0,12:23:57.569396
158.0,-394.0,982.0,12:23:57.579828
116.0,-369.0,820.0,12:23:57.589114
144.0,-462.0,811.0,12:23:57.599585
168.0,-490.0,917.0,12:23:57.611112
29.0,-425.0,962.0,12:23:57.619483
53.0,-366.0,1095.0,12:23:57.629130
16.0,-552.0,1123.0,12:23:57.638364
-78.0,-511.0,996.0,12:23:57.648863
168.0,-570.0,1038.0,12:23:57.658128
64.0,-496.0,966.0,12:23:57.668559
35.0,-611.0,1107.0,12:23:57.677802
23.0,-539.0,722.0,12:23:57.688245
-75.0,-570.0,1078.0,12:23:57.697446
16.0,-626.0,951.0,12:23:57.707932
107.0,-587.0,660.0,12:23:57.717251
-47.0,-624.0,966.0,12:23:57.727783
62.0,-675.0,822.0,12:23:57.737148
136.0,-723.0,705.0,12:23:57.747627
181.0,-626.0,667.0,12:23:57.757002
160.0,-406.0,703.0,12:23:57.766450
-3.0,-443.0,785.0,12:23:57.776943
143.0,-571.0,742.0,12:23:57.786285
72.0,-419.0,824.0,12:23:57.796218
-50.0,-428.0,1062.0,12:23:57.806153
-10.0,-509.0,1361.0,12:23:57.816669
22.0,-552.0,1024.0,12:23:57.825946
62.0,-489.0,900.0,12:23:57.836515
27.0,-603.0,1065.0,12:23:57.845805
-38.0,-657.0,1113.0,12:23:57.855124
98.0,-680.0,1003.0,12:23:57.865655
169.0,-568.0,657.0,12:23:57.875046
13.0,-599.0,631.0,12:23:57.885495
16.0,-544.0,933.0,12:23:57.894760
164.0,-340.0,688.0,12:23:57.905237
140.0,-418.0,801.0,12:23:57.914671
38.0,-513.0,748.0,12:23:57.925135
-13.0,-379.0,965.0,12:23:57.934568
16.0,-458.0,1406.0,12:23:57.944346
50.0,-494.0,1056.0,12:23:57.953696
163.0,-370.0,544.0,12:23:57.964210
28.0,-549.0,1222.0,12:23:57.973504
30.0,-690.0,1089.0,12:23:57.983988
96.0,-389.0,550.0,12:23:57.993377
9.0,-469.0,965.0,12:23:58.006723
-23.0,-552.0,975.0,12:23:58.015060
73.0,-448.0,613.0,12:23:58.022944
2.0,-616.0,915.0,12:23:58.033535
33.0,-565.0,1046.0,12:23:58.042777
74.0,-554.0,1113.0,12:23:58.053273
77.0,-493.0,678.0,12:23:58.062623
164.0,-495.0,646.0,12:23:58.071945
65.0,-532.0,995.0,12:23:58.082334
60.0,-391.0,991.0,12:23:58.091701
53.0,-324.0,937.0,12:23:58.102270
-60.0,-532.0,924.0,12:23:58.111541
32.0,-518.0,791.0,12:23:58.122047
47.0,-581.0,1204.0,12:23:58.131371
27.0,-502.0,987.0,12:23:58.141763
-12.0,-462.0,1078.0,12:23:58.151121
-31.0,-581.0,788.0,12:23:58.161625
93.0,-512.0,459.0,12:23:58.171149
-5.0,-578.0,1233.0,12:23:58.180429
17.0,-650.0,1122.0,12:23:58.190877
71.0,-619.0,604.0,12:23:58.200167
-20.0,-411.0,802.0,12:23:58.210579
70.0,-575.0,1081.0,12:23:58.220050
-21.0,-542.0,1077.0,12:23:58.230486
-41.0,-481.0,1068.0,12:23:58.250066
5.0,-610.0,1003.0,12:23:58.259445
7.0,-437.0,687.0,12:23:58.269916
-33.0,-314.0,777.0,12:23:58.279184
-108.0,-311.0,1085.0,12:23:58.289755
9.0,-320.0,872.0,12:23:58.299069
84.0,-502.0,830.0,12:23:58.309453
45.0,-609.0,1053.0,12:23:58.318899
84.0,-395.0,911.0,12:23:58.328226
60.0,-508.0,1147.0,12:23:58.338638
79.0,-588.0,914.0,12:23:58.348029
152.0,-599.0,766.0,12:23:58.358533
125.0,-397.0,478.0,12:23:58.367862
-43.0,-465.0,995.0,12:23:58.378370
88.0,-604.0,1168.0,12:23:58.387824
72.0,-245.0,276.0,12:23:58.398195
-43.0,-54.0,400.0,12:23:58.407428
-15.0,-414.0,1302.0,12:23:58.418062
52.0,-625.0,1598.0,12:23:58.427332
17.0,-340.0,762.0,12:23:58.436669
119.0,-304.0,768.0,12:23:58.447044
43.0,-693.0,1650.0,12:23:58.456298
128.0,-747.0,1202.0,12:23:58.466789
220.0,-532.0,542.0,12:23:58.476115
95.0,-620.0,955.0,12:23:58.486712
101.0,-629.0,987.0,12:23:58.495962
86.0,-491.0,529.0,12:23:58.506654
-16.0,-637.0,807.0,12:23:58.515953
11.0,-437.0,977.0,12:23:58.525249
-16.0,-286.0,743.0,12:23:58.535775
-45.0,-532.0,967.0,12:23:58.545206
74.0,-659.0,935.0,12:23:58.555706
9.0,-640.0,1004.0,12:23:58.565012
-57.0,-552.0,1150.0,12:23:58.575460
-6.0,-539.0,1130.0,12:23:58.584761
-59.0,-493.0,784.0,12:23:58.595238
-10.0,-516.0,865.0,12:23:58.604666
16.0,-607.0,1156.0,12:23:58.614033
53.0,-439.0,842.0,12:23:58.624537
91.0,-576.0,984.0,12:23:58.633890
156.0,-423.0,517.0,12:23:58.644346
151.0,-604.0,794.0,12:23:58.653759
197.0,-770.0,1241.0,12:23:58.664209
134.0,-529.0,754.0,12:23:58.673671
69.0,-316.0,553.0,12:23:58.682994
114.0,-691.0,1233.0,12:23:58.693460
110.0,-849.0,1035.0,12:23:58.702806
-4.0,-611.0,560.0,12:23:58.713299
-135.0,-257.0,763.0,12:23:58.722657
17.0,-542.0,1148.0,12:23:58.733097
54.0,-487.0,753.0,12:23:58.742470
-11.0,-565.0,602.0,12:23:58.752973
-101.0,-493.0,1035.0,12:23:58.762344
-75.0,-582.0,1279.0,12:23:58.771772
61.0,-623.0,991.0,12:23:58.782254
63.0,-430.0,482.0,12:23:58.791531
153.0,-315.0,765.0,12:23:58.802059
28.0,-507.0,1400.0,12:23:58.814681
-28.0,-468.0,1084.0,12:23:58.821978
18.0,-140.0,332.0,12:23:58.831306
86.0,-283.0,882.0,12:23:58.840601
93.0,-749.0,1656.0,12:23:58.851086
61.0,-573.0,913.0,12:23:58.860450
101.0,-333.0,499.0,12:23:58.871126
27.0,-685.0,1369.0,12:23:58.880386
190.0,-893.0,1031.0,12:23:58.890867
236.0,-550.0,240.0,12:23:58.900237
-29.0,-382.0,864.0,12:23:58.909571
-32.0,-563.0,1180.0,12:23:58.920298
68.0,-602.0,703.0,12:23:58.929627
-4.0,-593.0,585.0,12:23:58.941439
30.0,-467.0,965.0,12:23:58.949737
60.0,-530.0,1042.0,12:23:58.959040
55.0,-749.0,853.0,12:23:58.969536
159.0,-611.0,702.0,12:23:58.978912
62.0,-485.0,916.0,12:23:58.989341
-99.0,-454.0,1120.0,12:23:58.998866
6.0,-635.0,1070.0,12:23:59.008153
108.0,-534.0,622.0,12:23:59.018593
25.0,-386.0,920.0,12:23:59.027951
-29.0,-337.0,1099.0,12:23:59.038413
-12.0,-574.0,1044.0,12:23:59.047794
51.0,-588.0,866.0,12:23:59.058316
161.0,-624.0,649.0,12:23:59.067740
12.0,-413.0,670.0,12:23:59.078150
-91.0,-635.0,1401.0,12:23:59.087506
2.0,-544.0,931.0,12:23:59.096881
6.0,-436.0,814.0,12:23:59.107298
-114.0,-486.0,1073.0,12:23:59.116679
35.0,-681.0,1022.0,12:23:59.127160
-127.0,-341.0,491.0,12:23:59.136524
34.0,-567.0,748.0,12:23:59.147020
-36.0,-853.0,1477.0,12:23:59.156431
-54.0,-613.0,952.0,12:23:59.166860
48.0,-528.0,496.0,12:23:59.176214
-46.0,-563.0,975.0,12:23:59.185573
18.0,-844.0,1157.0,12:23:59.195980
-20.0,-573.0,631.0,12:23:59.205338
-72.0,-414.0,872.0,12:23:59.215666
26.0,-584.0,953.0,12:23:59.225122
-6.0,-362.0,511.0,12:23:59.235738
89.0,-389.0,516.0,12:23:59.245061
-173.0,-316.0,779.0,12:23:59.255591
-164.0,-397.0,1077.0,12:23:59.264937
-38.0,-662.0,1088.0,12:23:59.274463
-27.0,-489.0,1085.0,12:23:59.284864
-15.0,-694.0,1618.0,12:23:59.294280
-47.0,-534.0,1097.0,12:23:59.304712
133.0,-486.0,795.0,12:23:59.313993
57.0,-681.0,1219.0,12:23:59.324532
-17.0,-687.0,1073.0,12:23:59.333866
-10.0,-443.0,457.0,12:23:59.343185
-182.0,-146.0,722.0,12:23:59.353660
5.0,-286.0,1023.0,12:23:59.362984
32.0,-352.0,467.0,12:23:59.373450
-4.0,-286.0,401.0,12:23:59.382752
71.0,-235.0,1145.0,12:23:59.393173
104.0,-405.0,1351.0,12:23:59.402506
133.0,-501.0,957.0,12:23:59.412959
129.0,-598.0,1123.0,12:23:59.422593
228.0,-654.0,1108.0,12:23:59.431859
191.0,-514.0,763.0,12:23:59.442329
95.0,-468.0,692.0,12:23:59.451654
43.0,-559.0,929.0,12:23:59.462049
39.0,-608.0,1082.0,12:23:59.471378
-112.0,-265.0,577.0,12:23:59.481879
-64.0,-298.0,826.0,12:23:59.491276
28.0,-814.0,1510.0,12:23:59.501731
-44.0,-537.0,883.0,12:23:59.511214
83.0,-503.0,874.0,12:23:59.521621
75.0,-414.0,1258.0,12:23:59.530904
134.0,-582.0,997.0,12:23:59.540283
30.0,-457.0,649.0,12:23:59.550763
52.0,-571.0,913.0,12:23:59.560068
-38.0,-436.0,908.0,12:23:59.570604
-10.0,-281.0,645.0,12:23:59.579974
-33.0,-392.0,689.0,12:23:59.590396
-1.0,-475.0,771.0,12:23:59.599782
113.0,-671.0,1162.0,12:23:59.610338
120.0,-510.0,972.0,12:23:59.619569
80.0,-535.0,850.0,12:23:59.630174
91.0,-659.0,1138.0,12:23:59.639495
122.0,-588.0,744.0,12:23:59.648837
-18.0,-272.0,527.0,12:23:59.659399
-55.0,-207.0,877.0,12:23:59.668871
-25.0,-518.0,999.0,12:23:59.679299
67.0,-600.0,598.0,12:23:59.688794
114.0,-446.0,655.0,12:23:59.698102
-57.0,-437.0,1672.0,12:23:59.708596
-48.0,-559.0,1581.0,12:23:59.717926
165.0,-591.0,724.0,12:23:59.728371
181.0,-713.0,1073.0,12:23:59.737732
163.0,-595.0,1349.0,12:23:59.748227
88.0,-460.0,949.0,12:23:59.757638
14.0,-488.0,650.0,12:23:59.766991
-61.0,-428.0,678.0,12:23:59.777442
66.0,-630.0,618.0,12:23:59.786792
28.0,-509.0,598.0,12:23:59.797230
-64.0,-374.0,712.0,12:23:59.806675
-30.0,-734.0,1149.0,12:23:59.817137
111.0,-512.0,625.0,12:23:59.826575
42.0,-176.0,372.0,12:23:59.837012
97.0,-137.0,1155.0,12:23:59.846317
-4.0,-567.0,1916.0,12:23:59.855714
266.0,-469.0,950.0,12:23:59.866218
142.0,-159.0,686.0,12:23:59.875593
-9.0,-443.0,1425.0,12:23:59.886017
-36.0,-605.0,1101.0,12:23:59.895430
73.0,-625.0,813.0,12:23:59.905889
109.0,-660.0,872.0,12:23:59.915149
71.0,-490.0,654.0,12:23:59.924912
-122.0,-624.0,687.0,12:23:59.935309
-34.0,-610.0,439.0,12:23:59.946234
152.0,-788.0,935.0,12:23:59.954504
107.0,-723.0,1377.0,12:23:59.965011
65.0,-432.0,820.0,12:23:59.974354
145.0,-420.0,956.0,12:23:59.984750
198.0,-896.0,1072.0,12:23:59.994158
274.0,-824.0,572.0,12:24:00.004656
318.0,-214.0,694.0,12:24:00.017707
-68.0,-367.0,1178.0,12:24:00.023811
-96.0,-375.0,740.0,12:24:00.033104
53.0,-514.0,388.0,12:24:00.043663
-10.0,-322.0,935.0,12:24:00.053030
-147.0,-472.0,1682.0,12:24:00.063499
-148.0,-511.0,1110.0,12:24:00.072955
33.0,-569.0,388.0,12:24:00.083420
130.0,-467.0,625.0,12:24:00.092778
-135.0,-545.0,1491.0,12:24:00.102210
-37.0,-705.0,1439.0,12:24:00.112623
61.0,-593.0,631.0,12:24:00.121931
-19.0,-750.0,809.0,12:24:00.132411
-13.0,-884.0,986.0,12:24:00.141787
75.0,-571.0,704.0,12:24:00.152331
97.0,-330.0,751.0,12:24:00.161680
-64.0,-465.0,1063.0,12:24:00.171120
-25.0,-415.0,664.0,12:24:00.181566
155.0,-379.0,638.0,12:24:00.190953
37.0,-529.0,1012.0,12:24:00.201377
131.0,-660.0,1083.0,12:24:00.210662
140.0,-692.0,990.0,12:24:00.221230
47.0,-455.0,725.0,12:24:00.230554
8.0,-555.0,1045.0,12:24:00.240960
78.0,-601.0,979.0,12:24:00.250237
98.0,-94.0,383.0,12:24:00.260611
-106.0,-79.0,1005.0,12:24:00.270076
-172.0,-183.0,1022.0,12:24:00.280540
-89.0,-495.0,1109.0,12:24:00.289835
55.0,-655.0,1231.0,12:24:00.299152
-36.0,-557.0,1325.0,12:24:00.309584
27.0,-491.0,1153.0,12:24:00.319042
129.0,-760.0,995.0,12:24:00.329468
283.0,-536.0,465.0,12:24:00.338696
141.0,-364.0,531.0,12:24:00.349186
-38.0,-333.0,828.0,12:24:00.358428
-9.0,-499.0,865.0,12:24:00.368935
19.0,-613.0,779.0,12:24:00.378320
-10.0,-488.0,697.0,12:24:00.388866
-82.0,-537.0,1389.0,12:24:00.398113
75.0,-612.0,1237.0,12:24:00.408556
177.0,-731.0,550.0,12:24:00.419208
135.0,-447.0,582.0,12:24:00.427916
-113.0,-545.0,1353.0,12:24:00.437293
-7.0,-387.0,1076.0,12:24:00.447797
32.0,-346.0,755.0,12:24:00.457187
29.0,-726.0,1022.0,12:24:00.467713
18.0,-772.0,1079.0,12:24:00.477012
114.0,-306.0,804.0,12:24:00.487495
64.0,-303.0,1151.0,12:24:00.496822
46.0,-513.0,868.0,12:24:00.506095
-31.0,-482.0,555.0,12:24:00.516692
46.0,-471.0,1222.0,12:24:00.526044
37.0,-497.0,1285.0,12:24:00.536524
5.0,-324.0,657.0,12:24:00.545906
95.0,-653.0,611.0,12:24:00.556431
17.0,-694.0,1179.0,12:24:00.565749
50.0,-498.0,1067.0,12:24:00.575156
21.0,-345.0,647.0,12:24:00.585647
-79.0,-662.0,747.0,12:24:00.594925
-14.0,-1017.0,948.0,12:24:00.605508
-123.0,-625.0,793.0,12:24:00.614852
-24.0,-494.0,943.0,12:24:00.625290
-131.0,-521.0,783.0,12:24:00.634698
-30.0,-710.0,580.0,12:24:00.645165
-67.0,-326.0,688.0,12:24:00.654569
-261.0,-140.0,946.0,12:24:00.663954
-178.0,-375.0,1267.0,12:24:00.674474
-52.0,-672.0,1101.0,12:24:00.683804
-32.0,-416.0,638.0,12:24:00.694281
-26.0,-321.0,1039.0,12:24:00.703626
61.0,-390.0,1332.0,12:24:00.714032
25.0,-440.0,986.0,12:24:00.723451
5.0,-468.0,746.0,12:24:00.733899
-13.0,-358.0,895.0,12:24:00.743145
3.0,-445.0,1209.0,12:24:00.752598
39.0,-613.0,984.0,12:24:00.763111
-51.0,-397.0,790.0,12:24:00.772357
4.0,-496.0,1051.0,12:24:00.782900
179.0,-557.0,838.0,12:24:00.792278
205.0,-445.0,665.0,12:24:00.802692
113.0,-543.0,950.0,12:24:00.812053
95.0,-436.0,672.0,12:24:00.822529
-3.0,-451.0,853.0,12:24:00.831889
-25.0,-648.0,993.0,12:24:00.841184
71.0,-615.0,773.0,12:24:00.851629
123.0,-661.0,785.0,12:24:00.861048
51.0,-664.0,759.0,12:24:00.871463
201.0,-871.0,1041.0,12:24:00.880793
161.0,-964.0,1012.0,12:24:00.891244
-20.0,-571.0,353.0,12:24:00.900576
-55.0,-734.0,1100.0,12:24:00.911206
-3.0,-749.0,1313.0,12:24:00.920551
90.0,-574.0,626.0,12:24:00.929952
-41.0,-206.0,759.0,12:24:00.940371
-157.0,-123.0,1350.0,12:24:00.950359
119.0,-420.0,904.0,12:24:00.959740
165.0,-566.0,597.0,12:24:00.970139
-27.0,-327.0,1040.0,12:24:00.979459
-88.0,-220.0,1454.0,12:24:00.989972
-110.0,-306.0,1102.0,12:24:00.999267
24.0,-364.0,558.0,12:24:01.009691
119.0,-669.0,1014.0,12:24:01.018994
75.0,-627.0,1158.0,12:24:01.029466
-8.0,-364.0,959.0,12:24:01.038827
95.0,-433.0,570.0,12:24:01.048181
89.0,-449.0,755.0,12:24:01.058631
35.0,-559.0,991.0,12:24:01.067901
-11.0,-339.0,742.0,12:24:01.078437
142.0,-579.0,1153.0,12:24:01.087859
106.0,-737.0,1293.0,12:24:01.098249
159.0,-663.0,484.0,12:24:01.107655
122.0,-617.0,671.0,12:24:01.118120
42.0,-638.0,1289.0,12:24:01.127364
-33.0,-392.0,798.0,12:24:01.137889
62.0,-300.0,251.0,12:24:01.147295
226.0,-637.0,892.0,12:24:01.156607
91.0,-492.0,825.0,12:24:01.167101
23.0,-448.0,971.0,12:24:01.176493
36.0,-411.0,901.0,12:24:01.186866
25.0,-527.0,1006.0,12:24:01.196207
32.0,-751.0,1189.0,12:24:01.206793
55.0,-640.0,1002.0,12:24:01.221100
-32.0,-449.0,1075.0,12:24:01.225999
-88.0,-400.0,1257.0,12:24:01.236595
101.0,-694.0,923.0,12:24:01.245989
255.0,-727.0,689.0,12:24:01.255270
-76.0,-275.0,516.0,12:24:01.265722
-119.0,-375.0,1165.0,12:24:01.275112
-2.0,-354.0,983.0,12:24:01.285684
-11.0,-655.0,1005.0,12:24:01.294993
65.0,-471.0,860.0,12:24:01.304355
89.0,-429.0,887.0,12:24:01.314811
109.0,-655.0,1167.0,12:24:01.324113
95.0,-678.0,1002.0,12:24:01.334649
62.0,-416.0,478.0,12:24:01.344063
12.0,-429.0,935.0,12:24:01.354542
87.0,-520.0,863.0,12:24:01.363857
-30.0,-537.0,916.0,12:24:01.374329
-19.0,-655.0,905.0,12:24:01.383635
96.0,-480.0,557.0,12:24:01.394185
-93.0,-580.0,1191.0,12:24:01.403586
-5.0,-651.0,1327.0,12:24:01.412911
-102.0,-389.0,676.0,12:24:01.422664
-52.0,-217.0,477.0,12:24:01.433102
-26.0,-498.0,1141.0,12:24:01.453289
65.0,-297.0,646.0,12:24:01.462681
61.0,-225.0,845.0,12:24:01.472032
-19.0,-519.0,1291.0,12:24:01.482451
75.0,-703.0,1140.0,12:24:01.491825
74.0,-424.0,819.0,12:24:01.502414
164.0,-409.0,1158.0,12:24:01.511638
228.0,-481.0,896.0,12:24:01.522142
211.0,-615.0,647.0,12:24:01.531523
152.0,-741.0,1178.0,12:24:01.541915
111.0,-533.0,718.0,12:24:01.551172
36.0,-284.0,344.0,12:24:01.561638
7.0,-678.0,1342.0,12:24:01.570881
8.0,-927.0,1132.0,12:24:01.581301
108.0,-268.0,-24.0,12:24:01.590665
-18.0,-178.0,854.0,12:24:01.600055
-213.0,-556.0,1623.0,12:24:01.610486
-130.0,-615.0,840.0,12:24:01.624892
25.0,-363.0,533.0,12:24:01.630442
-72.0,-574.0,1224.0,12:24:01.639874
-330.0,-518.0,1057.0,12:24:01.650379
74.0,-920.0,744.0,12:24:01.659727
-8.0,-627.0,1061.0,12:24:01.669058
-23.0,-358.0,635.0,12:24:01.679605
-36.0,-312.0,457.0,12:24:01.688945
33.0,-773.0,1127.0,12:24:01.699393
-48.0,-789.0,1587.0,12:24:01.708847
-94.0,63.0,500.0,12:24:01.719261
-22.0,-407.0,1052.0,12:24:01.728621
-42.0,-863.0,1674.0,12:24:01.738015
75.0,-688.0,539.0,12:24:01.748474
100.0,-313.0,615.0,12:24:01.757790
10.0,-361.0,1337.0,12:24:01.768319
-119.0,-609.0,1002.0,12:24:01.777779
59.0,-295.0,-60.0,12:24:01.788225
-19.0,-516.0,799.0,12:24:01.797696
-55.0,-469.0,1529.0,12:24:01.807000
-48.0,-267.0,717.0,12:24:01.817427
75.0,-439.0,872.0,12:24:01.826783
35.0,-543.0,1101.0,12:24:01.837208
206.0,-643.0,884.0,12:24:01.846568
64.0,-526.0,832.0,12:24:01.857104
59.0,-472.0,1186.0,12:24:01.866494
80.0,-540.0,815.0,12:24:01.876892
110.0,-517.0,366.0,12:24:01.886222
7.0,-322.0,717.0,12:24:01.896733
-104.0,-342.0,1122.0,12:24:01.905953
-52.0,-224.0,858.0,12:24:01.916548
68.0,-552.0,968.0,12:24:01.926003
173.0,-575.0,1152.0,12:24:01.935242
106.0,-601.0,1229.0,12:24:01.945795
134.0,-585.0,789.0,12:24:01.955538
32.0,-625.0,1129.0,12:24:01.964858
60.0,-806.0,1254.0,12:24:01.975336
191.0,-516.0,490.0,12:24:01.984602
-17.0,-287.0,411.0,12:24:01.995094
71.0,-601.0,1351.0,12:24:02.004455
-3.0,-533.0,890.0,12:24:02.014872
31.0,-329.0,361.0,12:24:02.024181
29.0,-308.0,754.0,12:24:02.034575
-90.0,-518.0,1312.0,12:24:02.043876
33.0,-464.0,1170.0,12:24:02.054301
65.0,-402.0,1016.0,12:24:02.063646
83.0,-502.0,1145.0,12:24:02.074106
74.0,-787.0,887.0,12:24:02.092554
88.0,-488.0,474.0,12:24:02.103045
58.0,-432.0,761.0,12:24:02.112472
1.0,-371.0,794.0,12:24:02.122881
-53.0,-377.0,479.0,12:24:02.132324
103.0,-769.0,1011.0,12:24:02.142813
133.0,-506.0,680.0,12:24:02.152109
234.0,-99.0,729.0,12:24:02.162592
41.0,-819.0,1924.0,12:24:02.171951
176.0,-392.0,741.0,12:24:02.182436
140.0,-121.0,284.0,12:24:02.191821
113.0,-713.0,1408.0,12:24:02.201213
270.0,-785.0,1504.0,12:24:02.211664
61.0,-254.0,389.0,12:24:02.221037
-27.0,-252.0,996.0,12:24:02.231497
-38.0,-716.0,1447.0,12:24:02.240794
-113.0,-361.0,641.0,12:24:02.251357
168.0,-418.0,934.0,12:24:02.260711
-109.0,-575.0,1239.0,12:24:02.271252
-46.0,-501.0,968.0,12:24:02.280586
107.0,-412.0,825.0,12:24:02.289925
74.0,-669.0,866.0,12:24:02.300337
110.0,-690.0,780.0,12:24:02.309724
130.0,-358.0,894.0,12:24:02.320195
86.0,-309.0,983.0,12:24:02.329426
84.0,-437.0,630.0,12:24:02.340105
62.0,-528.0,780.0,12:24:02.349409
115.0,-464.0,742.0,12:24:02.359921
80.0,-326.0,1055.0,12:24:02.369270
52.0,-541.0,1216.0,12:24:02.378629
119.0,-595.0,623.0,12:24:02.389047
204.0,-455.0,400.0,12:24:02.398455
46.0,-660.0,1094.0,12:24:02.408944
-29.0,-360.0,978.0,12:24:02.425025
41.0,-415.0,633.0,12:24:02.428899
-47.0,-682.0,1173.0,12:24:02.438316
-114.0,-453.0,1531.0,12:24:02.447702
71.0,-520.0,1175.0,12:24:02.458135
101.0,-620.0,738.0,12:24:02.467492
45.0,-577.0,1276.0,12:24:02.477909
91.0,-641.0,1043.0,12:24:02.487304
115.0,-606.0,777.0,12:24:02.497785
-11.0,-246.0,608.0,12:24:02.507087
69.0,-262.0,1084.0,12:24:02.516573
6.0,-564.0,1229.0,12:24:02.527006
74.0,-689.0,810.0,12:24:02.536280
135.0,-414.0,700.0,12:24:02.546848
-2.0,-171.0,944.0,12:24:02.556190
-16.0,-637.0,1341.0,12:24:02.566670
105.0,-593.0,481.0,12:24:02.576051
96.0,-545.0,475.0,12:24:02.586592
9.0,-440.0,1189.0,12:24:02.595941
-86.0,-634.0,1319.0,12:24:02.605313
130.0,-381.0,306.0,12:24:02.615748
87.0,-227.0,339.0,12:24:02.625030
-137.0,-814.0,2047.0,12:24:02.635534
36.0,-668.0,976.0,12:24:02.644882
182.0,-434.0,101.0,12:24:02.655273
-57.0,-617.0,1253.0,12:24:02.664559
-66.0,-825.0,1509.0,12:24:02.674997
-46.0,-428.0,659.0,12:24:02.684256
18.0,-370.0,795.0,12:24:02.694748
46.0,-481.0,1095.0,12:24:02.704087
-47.0,-540.0,877.0,12:24:02.714576
-30.0,-398.0,809.0,12:24:02.723863
128.0,-469.0,1100.0,12:24:02.734464
29.0,-388.0,927.0,12:24:02.743752
20.0,-491.0,792.0,12:24:02.753020
56.0,-446.0,663.0,12:24:02.763515
15.0,-675.0,1309.0,12:24:02.772792
55.0,-285.0,859.0,12:24:02.783256
155.0,-724.0,768.0,12:24:02.802730
10.0,-540.0,777.0,12:24:02.813134
-146.0,-228.0,912.0,12:24:02.825569
-53.0,-456.0,1084.0,12:24:02.833208
119.0,-609.0,594.0,12:24:02.842336
75.0,-681.0,919.0,12:24:02.851655
-34.0,-492.0,1093.0,12:24:02.862241
12.0,-135.0,572.0,12:24:02.871564
9.0,-521.0,1073.0,12:24:02.881995
196.0,-890.0,1368.0,12:24:02.891285
80.0,-357.0,463.0,12:24:02.901766
58.0,-509.0,914.0,12:24:02.911357
199.0,-673.0,1097.0,12:24:02.920675
186.0,-816.0,1081.0,12:24:02.931171
185.0,-579.0,527.0,12:24:02.940430
-20.0,-295.0,706.0,12:24:02.950895
-2.0,-616.0,1527.0,12:24:02.960693
125.0,-544.0,942.0,12:24:02.970083
100.0,-386.0,377.0,12:24:02.980528
50.0,-184.0,795.0,12:24:02.989859
-12.0,-643.0,1538.0,12:24:03.000264
96.0,-511.0,697.0,12:24:03.009641
4.0,-207.0,455.0,12:24:03.020182
-147.0,-603.0,1734.0,12:24:03.029497
134.0,-598.0,1068.0,12:24:03.038945
119.0,-276.0,337.0,12:24:03.049397
-3.0,-441.0,892.0,12:24:03.058633
142.0,-810.0,1515.0,12:24:03.069157
32.0,-345.0,463.0,12:24:03.078533
105.0,-458.0,818.0,12:24:03.089013
48.0,-834.0,1500.0,12:24:03.098393
118.0,-766.0,699.0,12:24:03.108931
73.0,-281.0,177.0,12:24:03.118219
-69.0,-300.0,1081.0,12:24:03.128757
-8.0,-526.0,1400.0,12:24:03.138113
182.0,-226.0,311.0,12:24:03.147413
29.0,-424.0,770.0,12:24:03.157938
182.0,-850.0,1832.0,12:24:03.167281
234.0,-352.0,786.0,12:24:03.177794
22.0,-318.0,1881.0,12:24:03.196283
148.0,-568.0,418.0,12:24:03.206869
71.0,-259.0,51.0,12:24:03.217256
-93.0,-410.0,1292.0,12:24:03.226626
94.0,-705.0,1469.0,12:24:03.235922
66.0,-340.0,500.0,12:24:03.246325
-11.0,-523.0,683.0,12:24:03.255736
157.0,-567.0,1258.0,12:24:03.266254
62.0,-550.0,1217.0,12:24:03.275616
156.0,-589.0,637.0,12:24:03.286082
125.0,-478.0,926.0,12:24:03.295419
-4.0,-613.0,1095.0,12:24:03.305882
102.0,-475.0,686.0,12:24:03.315243
25.0,-533.0,728.0,12:24:03.324613
-7.0,-589.0,1210.0,12:24:03.335036
-49.0,-532.0,801.0,12:24:03.344425
27.0,-463.0,535.0,12:24:03.354913
35.0,-557.0,1036.0,12:24:03.364194
-4.0,-727.0,1385.0,12:24:03.374685
-16.0,-263.0,526.0,12:24:03.384087
-93.0,-380.0,817.0,12:24:03.394625
-51.0,-525.0,1182.0,12:24:03.404030
-62.0,-473.0,792.0,12:24:03.413389
43.0,-529.0,763.0,12:24:03.423850
105.0,-631.0,1017.0,12:24:03.433176
-150.0,-237.0,842.0,12:24:03.443655
-98.0,-492.0,1105.0,12:24:03.452923
163.0,-665.0,863.0,12:24:03.463530
32.0,-483.0,687.0,12:24:03.472830
-55.0,-532.0,1229.0,12:24:03.483336
8.0,-569.0,1221.0,12:24:03.492775
114.0,-487.0,673.0,12:24:03.502053
96.0,-666.0,1009.0,12:24:03.512479
11.0,-493.0,796.0,12:24:03.521856
-44.0,-469.0,666.0,12:24:03.532361
62.0,-578.0,952.0,12:24:03.541674
-16.0,-441.0,1182.0,12:24:03.552270
-31.0,-288.0,728.0,12:24:03.561652
-39.0,-380.0,705.0,12:24:03.571075
-6.0,-627.0,1247.0,12:24:03.581568
-77.0,-493.0,1086.0,12:24:03.591036
59.0,-344.0,490.0,12:24:03.601455
-1.0,-551.0,865.0,12:24:03.610788
10.0,-690.0,1211.0,12:24:03.627557
52.0,-523.0,853.0,12:24:03.631336
57.0,-471.0,876.0,12:24:03.640682
-47.0,-188.0,1160.0,12:24:03.650035
-199.0,-435.0,1254.0,12:24:03.660590
49.0,-539.0,512.0,12:24:03.669997
-7.0,-386.0,905.0,12:24:03.680404
41.0,-507.0,1419.0,12:24:03.689886
267.0,-533.0,874.0,12:24:03.699179
104.0,-501.0,362.0,12:24:03.709628
75.0,-480.0,868.0,12:24:03.719002
78.0,-400.0,1206.0,12:24:03.729406
26.0,-481.0,1119.0,12:24:03.738858
66.0,-311.0,723.0,12:24:03.749274
-79.0,-556.0,1181.0,12:24:03.758571
216.0,-585.0,841.0,12:24:03.769081
211.0,-559.0,559.0,12:24:03.778436
29.0,-444.0,720.0,12:24:03.787843
-27.0,-384.0,1100.0,12:24:03.798338
-5.0,-396.0,588.0,12:24:03.807771
122.0,-536.0,901.0,12:24:03.818192
63.0,-405.0,1240.0,12:24:03.837781
48.0,-818.0,1373.0,12:24:03.847063
90.0,-685.0,720.0,12:24:03.857476
34.0,-471.0,733.0,12:24:03.866853
67.0,-480.0,953.0,12:24:03.877371
119.0,-384.0,647.0,12:24:03.886693
-12.0,-257.0,326.0,12:24:03.897175
-54.0,-456.0,925.0,12:24:03.906563
-21.0,-503.0,1163.0,12:24:03.916976
43.0,-453.0,937.0,12:24:03.926345
19.0,-641.0,1150.0,12:24:03.935772
94.0,-624.0,1327.0,12:24:03.946176
166.0,-487.0,734.0,12:24:03.956871
74.0,-420.0,855.0,12:24:03.966148
140.0,-532.0,1371.0,12:24:03.975430
183.0,-489.0,828.0,12:24:03.985899
222.0,-429.0,228.0,12:24:03.995271
35.0,-386.0,908.0,12:24:04.004667
-76.0,-393.0,1220.0,12:24:04.015186
99.0,-388.0,811.0,12:24:04.028747
154.0,-471.0,578.0,12:24:04.034313
17.0,-585.0,1198.0,12:24:04.044975
173.0,-618.0,1119.0,12:24:04.054445
257.0,-582.0,923.0,12:24:04.064025
167.0,-364.0,708.0,12:24:04.073729
98.0,-433.0,953.0,12:24:04.084127
173.0,-449.0,933.0,12:24:04.093515
150.0,-593.0,1052.0,12:24:04.103941
40.0,-538.0,1041.0,12:24:04.113501
-52.0,-513.0,978.0,12:24:04.123900
82.0,-421.0,901.0,12:24:04.133179
267.0,-452.0,740.0,12:24:04.143642
92.0,-607.0,1195.0,12:24:04.152965
159.0,-480.0,909.0,12:24:04.162380
180.0,-429.0,782.0,12:24:04.172864
63.0,-500.0,859.0,12:24:04.182224
88.0,-393.0,865.0,12:24:04.192712
28.0,-464.0,992.0,12:24:04.202082
27.0,-606.0,1121.0,12:24:04.212505
117.0,-600.0,1035.0,12:24:04.221813
95.0,-538.0,803.0,12:24:04.232346
2.0,-557.0,954.0,12:24:04.241598
172.0,-828.0,1414.0,12:24:04.252075
91.0,-728.0,684.0,12:24:04.261406
68.0,-465.0,446.0,12:24:04.271873
-9.0,-611.0,1344.0,12:24:04.281268
-108.0,-462.0,1234.0,12:24:04.290649
73.0,-366.0,128.0,12:24:04.301217
-34.0,-287.0,670.0,12:24:04.310555
-89.0,-597.0,1593.0,12:24:04.319995
-19.0,-483.0,940.0,12:24:04.330475
25.0,-343.0,694.0,12:24:04.339964
134.0,-728.0,1147.0,12:24:04.350359
34.0,-751.0,987.0,12:24:04.359669
150.0,-691.0,719.0,12:24:04.370188
107.0,-474.0,754.0,12:24:04.379519
34.0,-200.0,609.0,12:24:04.390030
-102.0,-388.0,971.0,12:24:04.399414
-131.0,-579.0,1192.0,12:24:04.408828
-64.0,-325.0,843.0,12:24:04.419303
-18.0,-469.0,1330.0,12:24:04.428648
30.0,-658.0,1034.0,12:24:04.439082
168.0,-332.0,578.0,12:24:04.448411
31.0,-528.0,1098.0,12:24:04.458952
40.0,-752.0,1261.0,12:24:04.468257
31.0,-617.0,797.0,12:24:04.478754
28.0,-407.0,478.0,12:24:04.488171
-106.0,-432.0,866.0,12:24:04.497482
28.0,-657.0,885.0,12:24:04.507934
-18.0,-506.0,947.0,12:24:04.517338
47.0,-486.0,888.0,12:24:04.527802
-47.0,-276.0,777.0,12:24:04.537108
-10.0,-462.0,979.0,12:24:04.547696
162.0,-669.0,915.0,12:24:04.557043
-85.0,-270.0,876.0,12:24:04.567496
1.0,-465.0,1146.0,12:24:04.576871
-34.0,-452.0,977.0,12:24:04.586194
-24.0,-525.0,990.0,12:24:04.596696
75.0,-521.0,1112.0,12:24:04.606055
2.0,-634.0,997.0,12:24:04.616656
189.0,-791.0,912.0,12:24:04.625884
65.0,-625.0,816.0,12:24:04.636479
4.0,-507.0,631.0,12:24:04.645715
107.0,-426.0,602.0,12:24:04.656122
-20.0,-673.0,1260.0,12:24:04.665488
57.0,-499.0,790.0,12:24:04.685006
-70.0,-566.0,1115.0,12:24:04.695549
134.0,-585.0,1128.0,12:24:04.704871
-119.0,-255.0,785.0,12:24:04.714294
-14.0,-420.0,716.0,12:24:04.724720
-4.0,-390.0,781.0,12:24:04.734118
-62.0,-449.0,844.0,12:24:04.744626
64.0,-451.0,885.0,12:24:04.753922
-129.0,-375.0,950.0,12:24:04.764489
24.0,-626.0,1022.0,12:24:04.773878
85.0,-803.0,1183.0,12:24:04.784302
48.0,-577.0,1061.0,12:24:04.793679
123.0,-476.0,859.0,12:24:04.803001
100.0,-531.0,932.0,12:24:04.813484
129.0,-451.0,374.0,12:24:04.830381
44.0,-491.0,855.0,12:24:04.834146
-62.0,-425.0,910.0,12:24:04.842433
17.0,-302.0,511.0,12:24:04.852919
128.0,-550.0,1102.0,12:24:04.862289
74.0,-692.0,1254.0,12:24:04.872673
59.0,-459.0,509.0,12:24:04.881967
25.0,-443.0,735.0,12:24:04.892483
29.0,-668.0,1262.0,12:24:04.901817
39.0,-526.0,1010.0,12:24:04.911349
58.0,-491.0,579.0,12:24:04.921803
-37.0,-706.0,1259.0,12:24:04.931182
-42.0,-729.0,1545.0,12:24:04.941639
116.0,-519.0,764.0,12:24:04.950955
39.0,-564.0,668.0,12:24:04.961567
85.0,-721.0,1127.0,12:24:04.970902
70.0,-630.0,651.0,12:24:04.981277
4.0,-315.0,288.0,12:24:04.990600
-83.0,-451.0,1107.0,12:24:05.001094
39.0,-598.0,1201.0,12:24:05.010479
123.0,-478.0,420.0,12:24:05.020927
21.0,-493.0,917.0,12:24:05.030152
22.0,-405.0,1269.0,12:24:05.039510
92.0,-440.0,756.0,12:24:05.050052
59.0,-288.0,1033.0,12:24:05.069579
11.0,-573.0,1518.0,12:24:05.078939
-101.0,-525.0,928.0,12:24:05.089408
-53.0,-537.0,901.0,12:24:05.098883
137.0,-607.0,1213.0,12:24:05.109461
78.0,-686.0,914.0,12:24:05.118810
165.0,-414.0,365.0,12:24:05.129371
-58.0,-542.0,1290.0,12:24:05.138765
11.0,-394.0,1009.0,12:24:05.148055
172.0,-336.0,423.0,12:24:05.158461
5.0,-560.0,1024.0,12:24:05.167831
34.0,-681.0,1390.0,12:24:05.178240
-33.0,-432.0,874.0,12:24:05.187536
106.0,-471.0,793.0,12:24:05.198083
47.0,-660.0,1004.0,12:24:05.207400
167.0,-724.0,911.0,12:24:05.217803
-63.0,-347.0,472.0,12:24:05.231772
-95.0,-278.0,611.0,12:24:05.236799
18.0,-478.0,1018.0,12:24:05.247200
56.0,-290.0,529.0,12:24:05.256563
-48.0,-298.0,872.0,12:24:05.267061
15.0,-562.0,1670.0,12:24:05.276448
-27.0,-460.0,1173.0,12:24:05.286833
202.0,-533.0,706.0,12:24:05.296172
217.0,-905.0,1502.0,12:24:05.306667
218.0,-546.0,1002.0,12:24:05.316041
43.0,-185.0,193.0,12:24:05.325354
6.0,-438.0,997.0,12:24:05.335778
10.0,-832.0,1681.0,12:24:05.345134
71.0,-547.0,569.0,12:24:05.355668
-63.0,-229.0,109.0,12:24:05.365010
-116.0,-668.0,1461.0,12:24:05.375508
123.0,-686.0,1319.0,12:24:05.384847
209.0,-496.0,421.0,12:24:05.395300
84.0,-142.0,612.0,12:24:05.404665
97.0,-397.0,1385.0,12:24:05.413981
-99.0,-472.0,1188.0,12:24:05.424956
-33.0,-313.0,418.0,12:24:05.434281
99.0,-440.0,874.0,12:24:05.443540
160.0,-607.0,1317.0,12:24:05.454119
42.0,-800.0,1300.0,12:24:05.463442
38.0,-456.0,383.0,12:24:05.473850
16.0,-417.0,895.0,12:24:05.483217
-78.0,-712.0,1443.0,12:24:05.493729
53.0,-539.0,360.0,12:24:05.503040
114.0,-595.0,595.0,12:24:05.513523
-181.0,-606.0,1478.0,12:24:05.522841
-139.0,-439.0,969.0,12:24:05.533325
108.0,-567.0,154.0,12:24:05.542627
-49.0,-580.0,978.0,12:24:05.552024
-32.0,-509.0,1363.0,12:24:05.562440
170.0,-396.0,1023.0,12:24:05.571770
-69.0,-89.0,623.0,12:24:05.582307
-8.0,-756.0,1192.0,12:24:05.591592
188.0,-759.0,910.0,12:24:05.602022
86.0,-323.0,675.0,12:24:05.611403
-65.0,-399.0,1234.0,12:24:05.621911
10.0,-647.0,1124.0,12:24:05.631231
-55.0,-435.0,580.0,12:24:05.641708
99.0,-600.0,1082.0,12:24:05.651181
14.0,-349.0,901.0,12:24:05.660487
-82.0,-305.0,838.0,12:24:05.671042
72.0,-523.0,1020.0,12:24:05.680319
6.0,-557.0,586.0,12:24:05.690723
133.0,-496.0,576.0,12:24:05.700105
110.0,-469.0,1250.0,12:24:05.710622
102.0,-445.0,897.0,12:24:05.719987
78.0,-605.0,835.0,12:24:05.729333
34.0,-690.0,1004.0,12:24:05.739823
119.0,-568.0,807.0,12:24:05.749120
118.0,-259.0,885.0,12:24:05.759585
-8.0,-679.0,1570.0,12:24:05.768988
102.0,-578.0,738.0,12:24:05.779470
2.0,-191.0,214.0,12:24:05.788926
-63.0,-330.0,1015.0,12:24:05.799363
-80.0,-646.0,1526.0,12:24:05.808626
103.0,-417.0,331.0,12:24:05.819157
40.0,-380.0,422.0,12:24:05.828474
78.0,-754.0,1512.0,12:24:05.837861
17.0,-594.0,1200.0,12:24:05.848382
120.0,-314.0,558.0,12:24:05.857722
132.0,-428.0,1433.0,12:24:05.868138
217.0,-983.0,1435.0,12:24:05.877493
315.0,-428.0,91.0,12:24:05.888011
-125.0,-502.0,917.0,12:24:05.897323
-39.0,-488.0,1330.0,12:24:05.907913
27.0,-409.0,238.0,12:24:05.917283
40.0,-573.0,563.0,12:24:05.926666
129.0,-731.0,1320.0,12:24:05.937135
88.0,-328.0,528.0,12:24:05.946754
-110.0,-655.0,1261.0,12:24:05.956117
21.0,-724.0,1405.0,12:24:05.966677
188.0,-462.0,445.0,12:24:05.975971
177.0,-505.0,926.0,12:24:05.986543
-33.0,-495.0,1528.0,12:24:05.995961
47.0,-350.0,562.0,12:24:06.005286
25.0,-462.0,292.0,12:24:06.015788
55.0,-698.0,1158.0,12:24:06.032472
-51.0,-359.0,1317.0,12:24:06.036289
29.0,-596.0,1148.0,12:24:06.045746
10.0,-462.0,602.0,12:24:06.055092
16.0,-564.0,1114.0,12:24:06.074683
122.0,-486.0,642.0,12:24:06.085089
168.0,-430.0,867.0,12:24:06.094460
-78.0,-440.0,1147.0,12:24:06.104938
25.0,-625.0,840.0,12:24:06.114259
134.0,-628.0,873.0,12:24:06.123627
-18.0,-630.0,1153.0,12:24:06.134093
80.0,-469.0,803.0,12:24:06.143468
-102.0,-496.0,741.0,12:24:06.153937
182.0,-681.0,832.0,12:24:06.163340
6.0,-338.0,848.0,12:24:06.173735
-127.0,-396.0,830.0,12:24:06.183143
93.0,-594.0,1030.0,12:24:06.193620
-35.0,-588.0,1213.0,12:24:06.202885
60.0,-431.0,786.0,12:24:06.212349
18.0,-471.0,867.0,12:24:06.222784
-79.0,-501.0,1225.0,12:24:06.232155
-28.0,-291.0,802.0,12:24:06.242697
140.0,-671.0,859.0,12:24:06.251982
-5.0,-496.0,866.0,12:24:06.262438
-10.0,-519.0,1028.0,12:24:06.271806
75.0,-453.0,857.0,12:24:06.282328
69.0,-696.0,1030.0,12:24:06.291596
195.0,-678.0,590.0,12:24:06.302084
-42.0,-365.0,818.0,12:24:06.311438
-72.0,-265.0,979.0,12:24:06.320788
-35.0,-395.0,873.0,12:24:06.331208
-24.0,-447.0,953.0,12:24:06.340534
-50.0,-514.0,1100.0,12:24:06.351022
35.0,-519.0,845.0,12:24:06.360342
12.0,-316.0,663.0,12:24:06.370773
-3.0,-586.0,1169.0,12:24:06.380093
134.0,-790.0,1024.0,12:24:06.390594
