-16.0,-493.0,784.0,12:29:13.291050
105.0,-446.0,1134.0,12:29:13.297051
94.0,-678.0,1076.0,12:29:13.306669
32.0,-580.0,764.0,12:29:13.317189
109.0,-502.0,1014.0,12:29:13.326759
8.0,-408.0,1017.0,12:29:13.336017
222.0,-558.0,777.0,12:29:13.346518
114.0,-589.0,867.0,12:29:13.355837
43.0,-293.0,1037.0,12:29:13.366348
-42.0,-579.0,813.0,12:29:13.375711
166.0,-633.0,1057.0,12:29:13.386230
27.0,-464.0,1175.0,12:29:13.395671
174.0,-378.0,518.0,12:29:13.405033
76.0,-406.0,853.0,12:29:13.415425
-6.0,-482.0,1268.0,12:29:13.425787
11.0,-478.0,993.0,12:29:13.435192
194.0,-439.0,651.0,12:29:13.444646
56.0,-631.0,943.0,12:29:13.455096
57.0,-372.0,987.0,12:29:13.464522
46.0,-404.0,861.0,12:29:13.475089
-32.0,-409.0,1028.0,12:29:13.484652
-17.0,-497.0,955.0,12:29:13.494032
74.0,-589.0,731.0,12:29:13.504590
-10.0,-455.0,890.0,12:29:13.513944
76.0,-643.0,1277.0,12:29:13.523422
63.0,-416.0,977.0,12:29:13.533938
122.0,-557.0,866.0,12:29:13.543239
49.0,-442.0,704.0,12:29:13.553758
93.0,-434.0,1104.0,12:29:13.563015
86.0,-580.0,1088.0,12:29:13.573522
-12.0,-446.0,805.0,12:29:13.582730
99.0,-481.0,914.0,12:29:13.593315
20.0,-613.0,911.0,12:29:13.602577
165.0,-618.0,933.0,12:29:13.613027
26.0,-447.0,886.0,12:29:13.622390
41.0,-380.0,900.0,12:29:13.631699
-80.0,-262.0,867.0,12:29:13.642179
-72.0,-457.0,1132.0,12:29:13.651658
49.0,-340.0,765.0,12:29:13.662099
127.0,-472.0,801.0,12:29:13.671573
41.0,-328.0,1048.0,12:29:13.682025
17.0,-603.0,1075.0,12:29:13.691357
77.0,-693.0,888.0,12:29:13.701757
243.0,-541.0,785.0,12:29:13.711191
64.0,-282.0,1082.0,12:29:13.720484
6.0,-459.0,971.0,12:29:13.731014
-11.0,-514.0,967.0,12:29:13.740276
33.0,-559.0,804.0,12:29:13.750913
123.0,-673.0,852.0,12:29:13.760236
115.0,-447.0,949.0,12:29:13.770685
36.0,-408.0,1007.0,12:29:13.780178
200.0,-564.0,775.0,12:29:13.789579
9.0,-496.0,1024.0,12:29:13.800117
10.0,-528.0,718.0,12:29:13.809537
58.0,-516.0,813.0,12:29:13.820140
28.0,-378.0,897.0,12:29:13.829529
31.0,-688.0,1039.0,12:29:13.838888
212.0,-714.0,729.0,12:29:13.849401
140.0,-498.0,755.0,12:29:13.858858
11.0,-621.0,1202.0,12:29:13.869328
31.0,-532.0,1057.0,12:29:13.878583
125.0,-550.0,365.0,12:29:13.888990
-8.0,-515.0,1040.0,12:29:13.898313
29.0,-651.0,1283.0,12:29:13.907806
-2.0,-631.0,680.0,12:29:13.918204
57.0,-508.0,804.0,12:29:13.927544
16.0,-375.0,1094.0,12:29:13.937986
-30.0,-437.0,767.0,12:29:13.947359
-49.0,-418.0,743.0,12:29:13.957834
6.0,-617.0,1103.0,12:29:13.967240
-89.0,-502.0,1169.0,12:29:13.977732
46.0,-509.0,660.0,12:29:13.987145
-11.0,-546.0,992.0,12:29:13.996493
0.0,-501.0,1055.0,12:29:14.007115
-48.0,-554.0,908.0,12:29:14.024486
-59.0,-512.0,882.0,12:29:14.028367
-62.0,-633.0,783.0,12:29:14.036655
44.0,-516.0,839.0,12:29:14.045946
-63.0,-521.0,852.0,12:29:14.056499
74.0,-645.0,786.0,12:29:14.065851
0.0,-465.0,899.0,12:29:14.075312
-113.0,-489.0,1109.0,12:29:14.085773
29.0,-668.0,795.0,12:29:14.095074
63.0,-510.0,897.0,12:29:14.105686
73.0,-465.0,983.0,12:29:14.114943
-67.0,-424.0,1065.0,12:29:14.125397
-50.0,-298.0,788.0,12:29:14.134766
-2.0,-527.0,969.0,12:29:14.145325
-100.0,-477.0,915.0,12:29:14.154703
-65.0,-419.0,905.0,12:29:14.164093
133.0,-547.0,1226.0,12:29:14.174654
-95.0,-448.0,994.0,12:29:14.184035
-9.0,-399.0,717.0,12:29:14.194547
-99.0,-492.0,737.0,12:29:14.203965
94.0,-522.0,1203.0,12:29:14.213341
126.0,-508.0,989.0,12:29:14.223853
-18.0,-395.0,704.0,12:29:14.233294
39.0,-420.0,851.0,12:29:14.243750
88.0,-461.0,1200.0,12:29:14.253114
122.0,-386.0,870.0,12:29:14.263671
146.0,-456.0,658.0,12:29:14.272917
-27.0,-611.0,1152.0,12:29:14.282344
75.0,-634.0,962.0,12:29:14.292794
134.0,-578.0,840.0,12:29:14.302356
49.0,-457.0,907.0,12:29:14.312720
-52.0,-443.0,900.0,12:29:14.322064
-3.0,-593.0,902.0,12:29:14.332466
39.0,-628.0,723.0,12:29:14.341864
-18.0,-521.0,855.0,12:29:14.352287
72.0,-515.0,1101.0,12:29:14.361646
-40.0,-440.0,910.0,12:29:14.372045
-11.0,-270.0,867.0,12:29:14.381412
-20.0,-429.0,860.0,12:29:14.390770
83.0,-672.0,1083.0,12:29:14.401368
166.0,-625.0,1023.0,12:29:14.410650
136.0,-434.0,793.0,12:29:14.425679
52.0,-588.0,841.0,12:29:14.430804
141.0,-553.0,1036.0,12:29:14.440125
93.0,-589.0,731.0,12:29:14.450646
-52.0,-483.0,760.0,12:29:14.460046
33.0,-532.0,1042.0,12:29:14.469554
34.0,-515.0,737.0,12:29:14.480019
-25.0,-339.0,612.0,12:29:14.489401
-90.0,-425.0,1078.0,12:29:14.499824
-49.0,-605.0,1165.0,12:29:14.509190
78.0,-480.0,780.0,12:29:14.519599
75.0,-293.0,817.0,12:29:14.529034
24.0,-593.0,1152.0,12:29:14.539391
21.0,-650.0,909.0,12:29:14.548846
144.0,-411.0,919.0,12:29:14.559205
-64.0,-531.0,911.0,12:29:14.568566
16.0,-647.0,962.0,12:29:14.578994
139.0,-568.0,808.0,12:29:14.588351
93.0,-603.0,1036.0,12:29:14.597678
57.0,-605.0,1004.0,12:29:14.608215
157.0,-484.0,790.0,12:29:14.617517
306.0,-370.0,930.0,12:29:14.628130
-10.0,-599.0,1135.0,12:29:14.637372
77.0,-588.0,772.0,12:29:14.647884
-38.0,-485.0,833.0,12:29:14.657182
133.0,-531.0,1060.0,12:29:14.667762
147.0,-782.0,863.0,12:29:14.677010
81.0,-554.0,643.0,12:29:14.686536
-41.0,-432.0,941.0,12:29:14.696980
40.0,-500.0,895.0,12:29:14.706542
35.0,-513.0,943.0,12:29:14.716977
6.0,-407.0,809.0,12:29:14.726479
62.0,-458.0,829.0,12:29:14.735826
-46.0,-378.0,722.0,12:29:14.746494
-103.0,-379.0,964.0,12:29:14.755850
64.0,-459.0,1094.0,12:29:14.765210
55.0,-401.0,842.0,12:29:14.775799
-123.0,-369.0,1019.0,12:29:14.785257
52.0,-320.0,982.0,12:29:14.795811
-8.0,-490.0,875.0,12:29:14.805194
72.0,-516.0,1157.0,12:29:14.814591
110.0,-500.0,885.0,12:29:14.825126
65.0,-559.0,692.0,12:29:14.834661
71.0,-420.0,1062.0,12:29:14.844151
87.0,-613.0,1211.0,12:29:14.854606
184.0,-701.0,839.0,12:29:14.864006
-28.0,-610.0,635.0,12:29:14.874534
23.0,-566.0,1118.0,12:29:14.883959
-23.0,-488.0,1060.0,12:29:14.894397
26.0,-558.0,770.0,12:29:14.903823
17.0,-482.0,766.0,12:29:14.913095
-21.0,-424.0,1028.0,12:29:14.923559
29.0,-586.0,838.0,12:29:14.932860
15.0,-394.0,755.0,12:29:14.943452
14.0,-283.0,1013.0,12:29:14.952805
64.0,-592.0,1029.0,12:29:14.963275
219.0,-444.0,840.0,12:29:14.972625
47.0,-374.0,1052.0,12:29:14.983194
-60.0,-347.0,967.0,12:29:14.992432
69.0,-456.0,800.0,12:29:15.001881
89.0,-421.0,1185.0,12:29:15.012336
63.0,-560.0,1115.0,12:29:15.021663
96.0,-493.0,801.0,12:29:15.032253
139.0,-414.0,879.0,12:29:15.041571
-61.0,-438.0,1245.0,12:29:15.052042
188.0,-622.0,786.0,12:29:15.061421
128.0,-458.0,722.0,12:29:15.070812
-9.0,-461.0,897.0,12:29:15.081226
142.0,-568.0,1062.0,12:29:15.090487
-70.0,-549.0,768.0,12:29:15.101223
-3.0,-561.0,775.0,12:29:15.110595
89.0,-620.0,1031.0,12:29:15.121124
84.0,-461.0,874.0,12:29:15.130415
52.0,-437.0,820.0,12:29:15.139772
-26.0,-625.0,1016.0,12:29:15.150270
82.0,-514.0,880.0,12:29:15.159650
144.0,-466.0,783.0,12:29:15.170124
67.0,-390.0,926.0,12:29:15.179529
-9.0,-483.0,1117.0,12:29:15.190071
14.0,-554.0,759.0,12:29:15.199377
-30.0,-429.0,845.0,12:29:15.208846
-92.0,-472.0,971.0,12:29:15.226350
77.0,-657.0,1051.0,12:29:15.230463
-19.0,-595.0,883.0,12:29:15.238780
15.0,-500.0,806.0,12:29:15.249273
-6.0,-539.0,1017.0,12:29:15.258618
-88.0,-503.0,1085.0,12:29:15.268027
3.0,-506.0,712.0,12:29:15.278596
147.0,-559.0,772.0,12:29:15.287880
55.0,-700.0,1050.0,12:29:15.298363
106.0,-602.0,915.0,12:29:15.307745
130.0,-465.0,763.0,12:29:15.317252
55.0,-538.0,1141.0,12:29:15.327834
139.0,-545.0,859.0,12:29:15.337187
35.0,-652.0,743.0,12:29:15.347662
60.0,-617.0,1040.0,12:29:15.357026
119.0,-554.0,1049.0,12:29:15.367530
-95.0,-429.0,849.0,12:29:15.376959
157.0,-559.0,671.0,12:29:15.386239
51.0,-674.0,906.0,12:29:15.397044
76.0,-586.0,841.0,12:29:15.406321
-64.0,-500.0,1019.0,12:29:15.415791
-94.0,-615.0,687.0,12:29:15.426160
-81.0,-666.0,697.0,12:29:15.435551
-72.0,-711.0,1146.0,12:29:15.445912
-79.0,-418.0,886.0,12:29:15.455321
-253.0,-522.0,887.0,12:29:15.465722
8.0,-391.0,906.0,12:29:15.475112
-193.0,-604.0,1197.0,12:29:15.485548
-27.0,-511.0,845.0,12:29:15.494933
8.0,-499.0,931.0,12:29:15.505446
40.0,-549.0,928.0,12:29:15.514806
-195.0,-567.0,850.0,12:29:15.525281
171.0,-526.0,870.0,12:29:15.534684
-150.0,-435.0,844.0,12:29:15.543911
-47.0,-449.0,856.0,12:29:15.554662
-7.0,-508.0,1030.0,12:29:15.563989
-66.0,-561.0,946.0,12:29:15.574577
0.0,-317.0,736.0,12:29:15.583895
-71.0,-375.0,1005.0,12:29:15.593235
168.0,-484.0,941.0,12:29:15.603668
51.0,-604.0,955.0,12:29:15.612997
116.0,-387.0,732.0,12:29:15.629476
130.0,-256.0,656.0,12:29:15.633267
-87.0,-415.0,1162.0,12:29:15.642652
173.0,-589.0,1293.0,12:29:15.653177
33.0,-438.0,815.0,12:29:15.662467
125.0,-446.0,688.0,12:29:15.672970
-59.0,-501.0,1125.0,12:29:15.682421
30.0,-607.0,1142.0,12:29:15.691810
5.0,-410.0,944.0,12:29:15.702297
-64.0,-426.0,908.0,12:29:15.711562
103.0,-454.0,1152.0,12:29:15.722147
20.0,-530.0,1034.0,12:29:15.731489
74.0,-574.0,643.0,12:29:15.741916
80.0,-602.0,954.0,12:29:15.751296
45.0,-549.0,1065.0,12:29:15.761841
149.0,-644.0,865.0,12:29:15.771215
53.0,-513.0,844.0,12:29:15.780508
147.0,-571.0,949.0,12:29:15.791071
18.0,-432.0,794.0,12:29:15.800512
151.0,-415.0,622.0,12:29:15.809950
-32.0,-573.0,960.0,12:29:15.820424
79.0,-488.0,1199.0,12:29:15.829719
-67.0,-459.0,770.0,12:29:15.840149
-77.0,-495.0,773.0,12:29:15.849578
54.0,-536.0,1208.0,12:29:15.860078
17.0,-426.0,1003.0,12:29:15.869355
87.0,-429.0,670.0,12:29:15.879822
53.0,-457.0,993.0,12:29:15.889233
134.0,-609.0,1018.0,12:29:15.899633
96.0,-570.0,846.0,12:29:15.909012
137.0,-542.0,901.0,12:29:15.919537
20.0,-532.0,944.0,12:29:15.928945
-34.0,-631.0,873.0,12:29:15.938214
-61.0,-498.0,887.0,12:29:15.948787
-31.0,-545.0,964.0,12:29:15.958197
-16.0,-576.0,877.0,12:29:15.967700
-101.0,-488.0,1048.0,12:29:15.988430
121.0,-632.0,892.0,12:29:15.997858
52.0,-501.0,773.0,12:29:16.007272
106.0,-710.0,1029.0,12:29:16.017813
86.0,-406.0,776.0,12:29:16.027169
-65.0,-417.0,823.0,12:29:16.037778
58.0,-332.0,739.0,12:29:16.047176
-31.0,-408.0,976.0,12:29:16.056531
92.0,-374.0,825.0,12:29:16.067095
-36.0,-369.0,925.0,12:29:16.076456
140.0,-529.0,1096.0,12:29:16.086985
104.0,-513.0,1156.0,12:29:16.096242
82.0,-517.0,802.0,12:29:16.105801
223.0,-663.0,814.0,12:29:16.116337
-39.0,-495.0,941.0,12:29:16.125885
60.0,-527.0,1012.0,12:29:16.136505
24.0,-526.0,865.0,12:29:16.145802
-23.0,-625.0,735.0,12:29:16.155238
109.0,-619.0,845.0,12:29:16.165872
-76.0,-566.0,1031.0,12:29:16.175176
37.0,-504.0,897.0,12:29:16.184626
64.0,-433.0,827.0,12:29:16.195111
-117.0,-453.0,981.0,12:29:16.204742
63.0,-648.0,788.0,12:29:16.214091
96.0,-609.0,1059.0,12:29:16.224667
33.0,-418.0,1013.0,12:29:16.234006
-98.0,-384.0,835.0,12:29:16.244623
26.0,-488.0,887.0,12:29:16.254000
192.0,-591.0,979.0,12:29:16.263468
11.0,-540.0,846.0,12:29:16.273923
66.0,-344.0,731.0,12:29:16.283332
100.0,-385.0,1063.0,12:29:16.293748
-61.0,-485.0,1168.0,12:29:16.303042
110.0,-581.0,846.0,12:29:16.313619
130.0,-528.0,826.0,12:29:16.323037
-34.0,-521.0,1042.0,12:29:16.332397
88.0,-443.0,1195.0,12:29:16.342854
-67.0,-450.0,848.0,12:29:16.352274
66.0,-608.0,818.0,12:29:16.362737
-46.0,-387.0,933.0,12:29:16.372060
102.0,-469.0,1177.0,12:29:16.382538
27.0,-655.0,724.0,12:29:16.391894
107.0,-505.0,764.0,12:29:16.402459
150.0,-449.0,1059.0,12:29:16.411792
-99.0,-663.0,1231.0,12:29:16.429317
118.0,-550.0,777.0,12:29:16.431923
-8.0,-445.0,718.0,12:29:16.441319
34.0,-470.0,909.0,12:29:16.450648
33.0,-465.0,961.0,12:29:16.461139
17.0,-376.0,703.0,12:29:16.480805
50.0,-497.0,825.0,12:29:16.490128
114.0,-458.0,789.0,12:29:16.500606
-56.0,-497.0,946.0,12:29:16.510063
59.0,-349.0,932.0,12:29:16.520564
11.0,-488.0,1002.0,12:29:16.530022
64.0,-588.0,873.0,12:29:16.540416
32.0,-534.0,800.0,12:29:16.549692
-90.0,-462.0,1116.0,12:29:16.559094
80.0,-480.0,1095.0,12:29:16.569647
-4.0,-487.0,855.0,12:29:16.579060
125.0,-634.0,975.0,12:29:16.589576
144.0,-480.0,858.0,12:29:16.598960
50.0,-402.0,956.0,12:29:16.608380
9.0,-381.0,909.0,12:29:16.618917
-116.0,-540.0,1155.0,12:29:16.628203
15.0,-613.0,818.0,12:29:16.638821
104.0,-544.0,579.0,12:29:16.648084
-44.0,-618.0,1294.0,12:29:16.657663
-51.0,-723.0,1163.0,12:29:16.668056
156.0,-593.0,648.0,12:29:16.677489
-11.0,-426.0,707.0,12:29:16.687875
7.0,-541.0,1062.0,12:29:16.697224
-149.0,-592.0,863.0,12:29:16.707725
49.0,-479.0,779.0,12:29:16.717210
18.0,-529.0,935.0,12:29:16.727664
-69.0,-490.0,849.0,12:29:16.737100
167.0,-580.0,676.0,12:29:16.746478
-95.0,-500.0,1059.0,12:29:16.757045
32.0,-386.0,1047.0,12:29:16.766465
13.0,-337.0,715.0,12:29:16.776983
123.0,-551.0,668.0,12:29:16.786274
67.0,-417.0,980.0,12:29:16.795753
32.0,-409.0,1041.0,12:29:16.806275
10.0,-397.0,1077.0,12:29:16.815802
98.0,-509.0,771.0,12:29:16.827896
94.0,-497.0,860.0,12:29:16.836245
-23.0,-541.0,1176.0,12:29:16.845719
97.0,-800.0,941.0,12:29:16.854954
147.0,-531.0,737.0,12:29:16.865447
127.0,-551.0,708.0,12:29:16.874707
17.0,-684.0,669.0,12:29:16.885266
45.0,-574.0,1031.0,12:29:16.894656
-43.0,-341.0,950.0,12:29:16.904082
-87.0,-239.0,766.0,12:29:16.914877
96.0,-514.0,837.0,12:29:16.924304
9.0,-846.0,1079.0,12:29:16.934718
64.0,-510.0,710.0,12:29:16.944105
-207.0,-183.0,800.0,12:29:16.953413
17.0,-646.0,1424.0,12:29:16.964068
28.0,-615.0,1096.0,12:29:16.973449
-84.0,-393.0,583.0,12:29:16.983915
250.0,-548.0,730.0,12:29:16.993546
-26.0,-442.0,1339.0,12:29:17.002907
-121.0,-269.0,1067.0,12:29:17.013495
13.0,-681.0,1036.0,12:29:17.022868
72.0,-633.0,782.0,12:29:17.032301
0.0,-315.0,909.0,12:29:17.042976
-18.0,-380.0,1176.0,12:29:17.052381
46.0,-586.0,1044.0,12:29:17.062895
27.0,-621.0,863.0,12:29:17.072274
-93.0,-398.0,679.0,12:29:17.081773
28.0,-540.0,927.0,12:29:17.092267
115.0,-342.0,977.0,12:29:17.101605
-83.0,-376.0,755.0,12:29:17.112007
-9.0,-480.0,883.0,12:29:17.121408
128.0,-571.0,978.0,12:29:17.130812
-13.0,-396.0,952.0,12:29:17.141335
104.0,-568.0,899.0,12:29:17.150677
-32.0,-635.0,1038.0,12:29:17.161246
75.0,-711.0,938.0,12:29:17.170592
45.0,-563.0,701.0,12:29:17.180014
138.0,-339.0,892.0,12:29:17.190511
-63.0,-465.0,1042.0,12:29:17.200074
-36.0,-562.0,796.0,12:29:17.210511
84.0,-384.0,801.0,12:29:17.219949
-18.0,-465.0,985.0,12:29:17.229345
21.0,-523.0,1005.0,12:29:17.239943
86.0,-494.0,1032.0,12:29:17.249242
-58.0,-713.0,864.0,12:29:17.259696
219.0,-588.0,641.0,12:29:17.269051
-21.0,-400.0,1144.0,12:29:17.279654
-169.0,-564.0,1439.0,12:29:17.288985
206.0,-608.0,646.0,12:29:17.298306
-29.0,-325.0,546.0,12:29:17.308915
-36.0,-566.0,1299.0,12:29:17.318302
82.0,-774.0,997.0,12:29:17.328956
32.0,-510.0,808.0,12:29:17.338248
69.0,-303.0,995.0,12:29:17.348681
-77.0,-546.0,789.0,12:29:17.358094
229.0,-426.0,866.0,12:29:17.367395
-83.0,-444.0,914.0,12:29:17.377849
23.0,-482.0,622.0,12:29:17.387155
-48.0,-540.0,912.0,12:29:17.397704
-130.0,-437.0,925.0,12:29:17.407048
11.0,-479.0,949.0,12:29:17.417687
-150.0,-357.0,797.0,12:29:17.427042
-33.0,-446.0,997.0,12:29:17.436607
148.0,-599.0,1011.0,12:29:17.447064
-3.0,-414.0,962.0,12:29:17.456564
214.0,-340.0,695.0,12:29:17.466996
5.0,-582.0,1149.0,12:29:17.476530
232.0,-848.0,1405.0,12:29:17.485869
195.0,-704.0,604.0,12:29:17.496436
34.0,-399.0,901.0,12:29:17.505760
-44.0,-679.0,1280.0,12:29:17.515197
220.0,-553.0,852.0,12:29:17.525828
-15.0,-344.0,607.0,12:29:17.535245
-4.0,-476.0,1029.0,12:29:17.545826
114.0,-525.0,887.0,12:29:17.555237
192.0,-510.0,656.0,12:29:17.564609
96.0,-425.0,893.0,12:29:17.575156
21.0,-452.0,975.0,12:29:17.584589
139.0,-370.0,658.0,12:29:17.593987
-21.0,-337.0,679.0,12:29:17.604560
-38.0,-191.0,931.0,12:29:17.613916
15.0,-329.0,913.0,12:29:17.632239
-5.0,-308.0,936.0,12:29:17.633660
27.0,-350.0,906.0,12:29:17.643765
62.0,-521.0,895.0,12:29:17.654228
107.0,-622.0,1321.0,12:29:17.663588
123.0,-510.0,1190.0,12:29:17.672877
169.0,-562.0,960.0,12:29:17.683520
42.0,-523.0,1087.0,12:29:17.692859
238.0,-672.0,1042.0,12:29:17.703521
124.0,-680.0,825.0,12:29:17.713119
98.0,-564.0,859.0,12:29:17.722597
-29.0,-604.0,995.0,12:29:17.732981
1.0,-665.0,1024.0,12:29:17.742408
168.0,-605.0,865.0,12:29:17.752793
-92.0,-435.0,777.0,12:29:17.762180
68.0,-529.0,921.0,12:29:17.771448
81.0,-478.0,1168.0,12:29:17.782086
154.0,-531.0,859.0,12:29:17.791363
74.0,-471.0,606.0,12:29:17.801915
151.0,-560.0,842.0,12:29:17.811238
128.0,-525.0,1183.0,12:29:17.821727
47.0,-366.0,973.0,12:29:17.831104
-32.0,-420.0,588.0,12:29:17.840559
35.0,-436.0,717.0,12:29:17.851045
-151.0,-440.0,1369.0,12:29:17.860456
67.0,-464.0,858.0,12:29:17.870897
-75.0,-263.0,775.0,12:29:17.880350
-120.0,-321.0,1192.0,12:29:17.889694
198.0,-597.0,1001.0,12:29:17.900237
-24.0,-504.0,939.0,12:29:17.909573
12.0,-484.0,1016.0,12:29:17.920120
80.0,-485.0,1117.0,12:29:17.929461
-96.0,-621.0,816.0,12:29:17.940124
163.0,-682.0,922.0,12:29:17.949379
21.0,-584.0,887.0,12:29:17.958873
33.0,-516.0,882.0,12:29:17.969365
8.0,-559.0,900.0,12:29:17.978859
79.0,-629.0,689.0,12:29:17.989319
98.0,-522.0,655.0,12:29:17.998791
185.0,-694.0,909.0,12:29:18.008170
146.0,-506.0,1020.0,12:29:18.018646
173.0,-433.0,801.0,12:29:18.034373
30.0,-318.0,737.0,12:29:18.038271
49.0,-224.0,754.0,12:29:18.047812
81.0,-333.0,890.0,12:29:18.058251
6.0,-273.0,971.0,12:29:18.067664
56.0,-322.0,1054.0,12:29:18.076953
-121.0,-390.0,1192.0,12:29:18.087460
61.0,-599.0,1116.0,12:29:18.096874
37.0,-631.0,834.0,12:29:18.107395
41.0,-582.0,1174.0,12:29:18.116705
20.0,-613.0,1355.0,12:29:18.127259
-95.0,-753.0,881.0,12:29:18.136623
165.0,-844.0,884.0,12:29:18.145961
113.0,-526.0,919.0,12:29:18.156465
63.0,-545.0,893.0,12:29:18.165943
148.0,-564.0,474.0,12:29:18.176436
6.0,-434.0,810.0,12:29:18.185800
50.0,-372.0,903.0,12:29:18.196192
164.0,-339.0,695.0,12:29:18.205587
-122.0,-280.0,820.0,12:29:18.216046
59.0,-531.0,999.0,12:29:18.225382
-6.0,-547.0,987.0,12:29:18.234619
177.0,-413.0,978.0,12:29:18.245146
146.0,-417.0,778.0,12:29:18.254558
85.0,-560.0,1006.0,12:29:18.265100
98.0,-537.0,1037.0,12:29:18.274459
35.0,-474.0,750.0,12:29:18.284951
-55.0,-382.0,612.0,12:29:18.294234
15.0,-503.0,927.0,12:29:18.304705
-74.0,-604.0,1133.0,12:29:18.313981
102.0,-685.0,812.0,12:29:18.323424
64.0,-573.0,739.0,12:29:18.333952
-67.0,-429.0,1041.0,12:29:18.343374
45.0,-667.0,1152.0,12:29:18.353873
-170.0,-528.0,1096.0,12:29:18.363257
133.0,-608.0,879.0,12:29:18.373749
62.0,-526.0,713.0,12:29:18.383007
83.0,-598.0,1121.0,12:29:18.393454
-15.0,-549.0,1100.0,12:29:18.402790
114.0,-585.0,590.0,12:29:18.412319
92.0,-538.0,955.0,12:29:18.422793
-75.0,-499.0,1190.0,12:29:18.432189
95.0,-625.0,891.0,12:29:18.442774
-100.0,-393.0,679.0,12:29:18.452234
48.0,-752.0,908.0,12:29:18.461622
86.0,-494.0,911.0,12:29:18.472120
15.0,-488.0,814.0,12:29:18.481715
31.0,-431.0,962.0,12:29:18.491105
-66.0,-222.0,770.0,12:29:18.501632
16.0,-360.0,452.0,12:29:18.511047
31.0,-598.0,1069.0,12:29:18.521535
20.0,-352.0,1091.0,12:29:18.530854
-158.0,-389.0,1118.0,12:29:18.541285
24.0,-415.0,935.0,12:29:18.550666
8.0,-592.0,1006.0,12:29:18.560090
132.0,-620.0,1155.0,12:29:18.570528
3.0,-657.0,921.0,12:29:18.579990
-74.0,-433.0,592.0,12:29:18.590438
57.0,-507.0,1074.0,12:29:18.599804
-39.0,-382.0,1041.0,12:29:18.610253
71.0,-349.0,682.0,12:29:18.619593
-38.0,-367.0,856.0,12:29:18.628957
-55.0,-447.0,1048.0,12:29:18.639428
141.0,-590.0,864.0,12:29:18.648876
53.0,-595.0,931.0,12:29:18.659372
64.0,-584.0,1019.0,12:29:18.668809
-51.0,-579.0,817.0,12:29:18.679276
141.0,-532.0,852.0,12:29:18.688622
89.0,-524.0,811.0,12:29:18.698997
-52.0,-534.0,831.0,12:29:18.708334
70.0,-394.0,800.0,12:29:18.717785
-111.0,-459.0,1013.0,12:29:18.728216
62.0,-563.0,973.0,12:29:18.737710
36.0,-406.0,771.0,12:29:18.748170
23.0,-348.0,825.0,12:29:18.757454
157.0,-533.0,1280.0,12:29:18.766873
-113.0,-470.0,1045.0,12:29:18.777358
-65.0,-534.0,676.0,12:29:18.786732
25.0,-452.0,832.0,12:29:18.797179
71.0,-597.0,1225.0,12:29:18.806646
157.0,-521.0,1100.0,12:29:18.817117
-105.0,-451.0,939.0,12:29:18.834171
164.0,-639.0,945.0,12:29:18.837784
123.0,-721.0,1066.0,12:29:18.845960
19.0,-642.0,841.0,12:29:18.856599
85.0,-670.0,1010.0,12:29:18.865911
1.0,-743.0,1007.0,12:29:18.876560
22.0,-664.0,740.0,12:29:18.885824
107.0,-548.0,573.0,12:29:18.895168
-141.0,-450.0,680.0,12:29:18.905792
80.0,-324.0,824.0,12:29:18.915174
-240.0,-239.0,784.0,12:29:18.924667
-135.0,-247.0,890.0,12:29:18.935181
118.0,-390.0,983.0,12:29:18.944583
-25.0,-438.0,1074.0,12:29:18.954995
176.0,-769.0,997.0,12:29:18.974734
30.0,-727.0,1154.0,12:29:18.984016
165.0,-622.0,930.0,12:29:18.994637
-33.0,-564.0,826.0,12:29:19.004079
184.0,-572.0,921.0,12:29:19.013526
-70.0,-374.0,814.0,12:29:19.023984
181.0,-608.0,777.0,12:29:19.033457
76.0,-568.0,1009.0,12:29:19.042886
169.0,-559.0,999.0,12:29:19.053431
27.0,-544.0,870.0,12:29:19.062726
-38.0,-456.0,1030.0,12:29:19.082475
106.0,-521.0,1022.0,12:29:19.092929
28.0,-370.0,627.0,12:29:19.102340
11.0,-304.0,825.0,12:29:19.112781
145.0,-423.0,1135.0,12:29:19.122161
-58.0,-560.0,866.0,12:29:19.131628
170.0,-351.0,806.0,12:29:19.142116
-52.0,-395.0,962.0,12:29:19.151360
59.0,-592.0,1247.0,12:29:19.161952
159.0,-654.0,882.0,12:29:19.171170
-49.0,-701.0,781.0,12:29:19.181692
176.0,-508.0,951.0,12:29:19.191032
-33.0,-581.0,1052.0,12:29:19.201601
15.0,-403.0,839.0,12:29:19.211032
-27.0,-453.0,939.0,12:29:19.220358
-18.0,-500.0,726.0,12:29:19.236638
154.0,-567.0,1046.0,12:29:19.240415
-30.0,-453.0,1048.0,12:29:19.250947
86.0,-441.0,1055.0,12:29:19.260273
-48.0,-381.0,939.0,12:29:19.269626
129.0,-569.0,1179.0,12:29:19.280070
135.0,-526.0,841.0,12:29:19.289427
164.0,-457.0,787.0,12:29:19.300030
6.0,-419.0,912.0,12:29:19.309441
168.0,-418.0,1191.0,12:29:19.319950
-167.0,-373.0,847.0,12:29:19.329352
81.0,-474.0,807.0,12:29:19.338813
9.0,-413.0,1070.0,12:29:19.349262
35.0,-484.0,801.0,12:29:19.358601
123.0,-342.0,825.0,12:29:19.369167
20.0,-513.0,1076.0,12:29:19.378455
139.0,-524.0,965.0,12:29:19.387839
53.0,-466.0,794.0,12:29:19.398317
94.0,-542.0,1106.0,12:29:19.407766
135.0,-619.0,950.0,12:29:19.418175
6.0,-536.0,742.0,12:29:19.427649
-90.0,-542.0,1049.0,12:29:19.438116
-53.0,-653.0,1188.0,12:29:19.447651
18.0,-552.0,691.0,12:29:19.456977
126.0,-438.0,476.0,12:29:19.467406
-83.0,-530.0,1119.0,12:29:19.476703
10.0,-604.0,1197.0,12:29:19.487172
145.0,-405.0,585.0,12:29:19.496546
-78.0,-333.0,792.0,12:29:19.506980
72.0,-614.0,1330.0,12:29:19.516280
51.0,-678.0,926.0,12:29:19.526812
81.0,-444.0,547.0,12:29:19.536161
-164.0,-205.0,882.0,12:29:19.546674
-69.0,-505.0,1209.0,12:29:19.556049
22.0,-501.0,714.0,12:29:19.565406
-12.0,-454.0,717.0,12:29:19.575878
90.0,-616.0,1240.0,12:29:19.585294
-6.0,-566.0,1127.0,12:29:19.595750
223.0,-377.0,600.0,12:29:19.605088
-24.0,-559.0,929.0,12:29:19.615584
-43.0,-730.0,1121.0,12:29:19.624963
168.0,-590.0,760.0,12:29:19.634366
-74.0,-174.0,740.0,12:29:19.644797
-154.0,-517.0,1041.0,12:29:19.654230
27.0,-636.0,1007.0,12:29:19.664636
-7.0,-456.0,637.0,12:29:19.673909
16.0,-451.0,720.0,12:29:19.684516
-18.0,-502.0,1178.0,12:29:19.693861
121.0,-697.0,1206.0,12:29:19.703280
100.0,-630.0,831.0,12:29:19.713775
234.0,-482.0,680.0,12:29:19.723091
-45.0,-433.0,1157.0,12:29:19.733653
173.0,-659.0,1093.0,12:29:19.742961
123.0,-555.0,883.0,12:29:19.753577
86.0,-519.0,731.0,12:29:19.762919
11.0,-446.0,901.0,12:29:19.772372
79.0,-434.0,845.0,12:29:19.782836
-76.0,-571.0,937.0,12:29:19.792270
30.0,-603.0,917.0,12:29:19.802678
110.0,-553.0,941.0,12:29:19.812213
-178.0,-407.0,602.0,12:29:19.821468
-72.0,-458.0,944.0,12:29:19.832065
24.0,-407.0,977.0,12:29:19.841488
-142.0,-335.0,629.0,12:29:19.852108
79.0,-553.0,906.0,12:29:19.861469
-87.0,-557.0,1023.0,12:29:19.870823
150.0,-571.0,1101.0,12:29:19.881315
-53.0,-504.0,908.0,12:29:19.890740
-20.0,-646.0,884.0,12:29:19.901167
-46.0,-521.0,1158.0,12:29:19.910610
-164.0,-832.0,924.0,12:29:19.921099
221.0,-829.0,612.0,12:29:19.930569
-70.0,-492.0,872.0,12:29:19.939981
60.0,-447.0,846.0,12:29:19.950439
-150.0,-261.0,997.0,12:29:19.959700
-89.0,-523.0,1048.0,12:29:19.970275
164.0,-476.0,564.0,12:29:19.979630
-74.0,-207.0,841.0,12:29:19.990101
21.0,-539.0,1160.0,12:29:19.999457
-159.0,-561.0,1164.0,12:29:20.008970
-24.0,-500.0,1028.0,12:29:20.019441
119.0,-521.0,780.0,12:29:20.029042
-125.0,-413.0,1100.0,12:29:20.040872
-15.0,-466.0,1123.0,12:29:20.049168
-136.0,-623.0,673.0,12:29:20.058553
2.0,-686.0,935.0,12:29:20.067920
-132.0,-298.0,914.0,12:29:20.078341
17.0,-506.0,1004.0,12:29:20.087703
-114.0,-508.0,1053.0,12:29:20.098167
100.0,-427.0,606.0,12:29:20.107731
-141.0,-302.0,712.0,12:29:20.118185
3.0,-464.0,1132.0,12:29:20.127531
-80.0,-610.0,1267.0,12:29:20.137970
-17.0,-391.0,805.0,12:29:20.147353
83.0,-588.0,734.0,12:29:20.156687
-17.0,-485.0,986.0,12:29:20.167141
155.0,-661.0,1027.0,12:29:20.176523
-11.0,-584.0,889.0,12:29:20.187117
82.0,-426.0,838.0,12:29:20.196431
150.0,-498.0,762.0,12:29:20.206920
15.0,-524.0,887.0,12:29:20.216250
114.0,-465.0,660.0,12:29:20.225701
-121.0,-414.0,869.0,12:29:20.236089
-84.0,-268.0,935.0,12:29:20.245462
47.0,-344.0,1055.0,12:29:20.255886
51.0,-637.0,926.0,12:29:20.265389
-86.0,-403.0,895.0,12:29:20.275815
44.0,-306.0,970.0,12:29:20.285234
62.0,-595.0,1096.0,12:29:20.294573
17.0,-416.0,987.0,12:29:20.305195
232.0,-433.0,948.0,12:29:20.314545
-32.0,-594.0,1038.0,12:29:20.325100
99.0,-646.0,842.0,12:29:20.334544
60.0,-597.0,804.0,12:29:20.343953
103.0,-368.0,717.0,12:29:20.354435
48.0,-572.0,1072.0,12:29:20.363870
2.0,-607.0,897.0,12:29:20.374276
-27.0,-454.0,918.0,12:29:20.383770
-51.0,-309.0,898.0,12:29:20.394225
-34.0,-403.0,697.0,12:29:20.403578
-28.0,-357.0,1141.0,12:29:20.412844
26.0,-291.0,1030.0,12:29:20.423574
128.0,-472.0,842.0,12:29:20.441316
96.0,-358.0,793.0,12:29:20.443326
238.0,-536.0,1018.0,12:29:20.452772
87.0,-449.0,834.0,12:29:20.462245
260.0,-486.0,713.0,12:29:20.472683
141.0,-530.0,1224.0,12:29:20.482062
30.0,-445.0,998.0,12:29:20.492480
81.0,-627.0,811.0,12:29:20.501761
85.0,-537.0,1039.0,12:29:20.512443
181.0,-719.0,1073.0,12:29:20.521826
-11.0,-706.0,982.0,12:29:20.531351
73.0,-462.0,526.0,12:29:20.541862
156.0,-443.0,894.0,12:29:20.551278
59.0,-508.0,1231.0,12:29:20.561713
47.0,-499.0,744.0,12:29:20.571092
41.0,-376.0,856.0,12:29:20.581484
17.0,-366.0,1212.0,12:29:20.590929
-51.0,-673.0,1253.0,12:29:20.600192
141.0,-688.0,683.0,12:29:20.610686
81.0,-486.0,640.0,12:29:20.620128
60.0,-391.0,992.0,12:29:20.630655
-4.0,-377.0,1098.0,12:29:20.640046
-47.0,-475.0,988.0,12:29:20.650516
5.0,-431.0,602.0,12:29:20.659884
35.0,-349.0,881.0,12:29:20.669292
100.0,-433.0,1131.0,12:29:20.679678
203.0,-489.0,796.0,12:29:20.689155
130.0,-488.0,640.0,12:29:20.699636
73.0,-478.0,1166.0,12:29:20.709025
30.0,-512.0,1225.0,12:29:20.719443
46.0,-552.0,1109.0,12:29:20.728845
61.0,-498.0,764.0,12:29:20.738152
-23.0,-725.0,1099.0,12:29:20.748880
93.0,-701.0,1088.0,12:29:20.758139
202.0,-654.0,952.0,12:29:20.768847
57.0,-473.0,1134.0,12:29:20.778171
7.0,-513.0,768.0,12:29:20.787689
95.0,-578.0,788.0,12:29:20.798094
41.0,-384.0,811.0,12:29:20.807442
79.0,-446.0,616.0,12:29:20.817969
103.0,-497.0,866.0,12:29:20.827381
-148.0,-486.0,1113.0,12:29:20.836686
34.0,-541.0,457.0,12:29:20.847219
110.0,-327.0,733.0,12:29:20.856634
-134.0,-379.0,1390.0,12:29:20.867257
-5.0,-270.0,1001.0,12:29:20.876653
-17.0,-385.0,689.0,12:29:20.885988
-91.0,-354.0,1030.0,12:29:20.896580
93.0,-478.0,959.0,12:29:20.906007
-15.0,-425.0,1009.0,12:29:20.916558
63.0,-470.0,1011.0,12:29:20.925888
3.0,-563.0,1108.0,12:29:20.936318
106.0,-503.0,810.0,12:29:20.945910
-115.0,-422.0,710.0,12:29:20.955264
67.0,-578.0,1116.0,12:29:20.965754
57.0,-414.0,1013.0,12:29:20.975041
-129.0,-436.0,807.0,12:29:20.985547
-1.0,-560.0,740.0,12:29:20.994936
82.0,-487.0,993.0,12:29:21.004251
-39.0,-522.0,1148.0,12:29:21.014755
164.0,-568.0,819.0,12:29:21.024169
1.0,-369.0,741.0,12:29:21.034625
53.0,-330.0,937.0,12:29:21.043981
-14.0,-351.0,1005.0,12:29:21.054499
69.0,-403.0,909.0,12:29:21.063925
53.0,-418.0,781.0,12:29:21.073535
75.0,-429.0,973.0,12:29:21.083966
192.0,-574.0,985.0,12:29:21.093445
80.0,-465.0,791.0,12:29:21.103917
38.0,-403.0,1161.0,12:29:21.113361
60.0,-532.0,1026.0,12:29:21.122619
13.0,-380.0,992.0,12:29:21.133126
96.0,-430.0,997.0,12:29:21.142447
13.0,-503.0,855.0,12:29:21.152916
46.0,-607.0,1009.0,12:29:21.162305
11.0,-565.0,1055.0,12:29:21.172828
124.0,-603.0,971.0,12:29:21.182248
41.0,-549.0,870.0,12:29:21.191657
-9.0,-494.0,1006.0,12:29:21.202225
-91.0,-536.0,947.0,12:29:21.211651
93.0,-520.0,782.0,12:29:21.221039
58.0,-581.0,887.0,12:29:21.231705
96.0,-459.0,952.0,12:29:21.245682
-92.0,-435.0,965.0,12:29:21.251598
85.0,-448.0,861.0,12:29:21.260991
-16.0,-624.0,802.0,12:29:21.270343
107.0,-579.0,851.0,12:29:21.280913
-10.0,-494.0,819.0,12:29:21.290201
48.0,-480.0,1009.0,12:29:21.300683
-104.0,-547.0,1032.0,12:29:21.310064
87.0,-596.0,702.0,12:29:21.320560
136.0,-456.0,840.0,12:29:21.329983
-74.0,-443.0,977.0,12:29:21.339471
-63.0,-484.0,851.0,12:29:21.349963
-71.0,-404.0,1072.0,12:29:21.359407
-41.0,-505.0,1043.0,12:29:21.369961
-26.0,-438.0,929.0,12:29:21.379362
-22.0,-432.0,821.0,12:29:21.388678
-32.0,-438.0,1027.0,12:29:21.399197
-78.0,-475.0,1048.0,12:29:21.408490
134.0,-577.0,948.0,12:29:21.418986
78.0,-520.0,873.0,12:29:21.428303
26.0,-417.0,924.0,12:29:21.438944
113.0,-435.0,970.0,12:29:21.448262
12.0,-483.0,979.0,12:29:21.457665
-51.0,-539.0,942.0,12:29:21.468168
38.0,-629.0,949.0,12:29:21.477558
86.0,-469.0,852.0,12:29:21.487999
-39.0,-472.0,873.0,12:29:21.497437
-81.0,-506.0,885.0,12:29:21.507850
51.0,-579.0,843.0,12:29:21.517300
-116.0,-481.0,834.0,12:29:21.526708
-73.0,-522.0,1020.0,12:29:21.537244
35.0,-530.0,901.0,12:29:21.546602
-43.0,-418.0,794.0,12:29:21.557123
-35.0,-440.0,827.0,12:29:21.566604
4.0,-621.0,1176.0,12:29:21.575950
124.0,-600.0,920.0,12:29:21.586468
-5.0,-393.0,859.0,12:29:21.595927
-82.0,-358.0,891.0,12:29:21.606348
-25.0,-433.0,923.0,12:29:21.615785
-48.0,-535.0,1148.0,12:29:21.626239
2.0,-567.0,800.0,12:29:21.643648
121.0,-428.0,896.0,12:29:21.646231
-92.0,-474.0,1099.0,12:29:21.655646
140.0,-611.0,881.0,12:29:21.665046
-18.0,-469.0,706.0,12:29:21.674460
-2.0,-429.0,878.0,12:29:21.685130
110.0,-538.0,893.0,12:29:21.694577
-39.0,-494.0,968.0,12:29:21.705176
-1.0,-348.0,582.0,12:29:21.714537
-47.0,-544.0,991.0,12:29:21.724015
17.0,-599.0,1053.0,12:29:21.734548
-157.0,-596.0,948.0,12:29:21.743901
48.0,-511.0,793.0,12:29:21.754396
92.0,-437.0,1016.0,12:29:21.763754
7.0,-432.0,941.0,12:29:21.773052
34.0,-463.0,755.0,12:29:21.783559
-74.0,-472.0,854.0,12:29:21.792897
8.0,-477.0,1022.0,12:29:21.803504
-154.0,-578.0,1176.0,12:29:21.812848
51.0,-546.0,636.0,12:29:21.822290
-73.0,-539.0,1024.0,12:29:21.832650
-95.0,-521.0,1157.0,12:29:21.842046
61.0,-559.0,965.0,12:29:21.852469
46.0,-389.0,634.0,12:29:21.861809
68.0,-335.0,680.0,12:29:21.872338
34.0,-624.0,1387.0,12:29:21.881817
-6.0,-541.0,1103.0,12:29:21.892333
-14.0,-428.0,808.0,12:29:21.901684
13.0,-583.0,817.0,12:29:21.912106
84.0,-645.0,1012.0,12:29:21.921463
37.0,-569.0,1011.0,12:29:21.930690
77.0,-398.0,810.0,12:29:21.941397
56.0,-349.0,987.0,12:29:21.950706
-92.0,-460.0,994.0,12:29:21.961287
108.0,-532.0,734.0,12:29:21.970648
112.0,-566.0,1081.0,12:29:21.980050
53.0,-272.0,861.0,12:29:21.990469
-17.0,-428.0,933.0,12:29:21.999911
119.0,-604.0,1285.0,12:29:22.010311
153.0,-582.0,817.0,12:29:22.019765
-50.0,-535.0,725.0,12:29:22.030209
34.0,-526.0,1051.0,12:29:22.039676
-124.0,-490.0,869.0,12:29:22.050108
-49.0,-412.0,752.0,12:29:22.059455
39.0,-560.0,985.0,12:29:22.068974
-46.0,-516.0,618.0,12:29:22.079478
138.0,-406.0,772.0,12:29:22.088883
129.0,-375.0,910.0,12:29:22.099470
101.0,-781.0,1317.0,12:29:22.108979
94.0,-474.0,906.0,12:29:22.118445
-38.0,-307.0,649.0,12:29:22.127793
-99.0,-353.0,1182.0,12:29:22.138406
50.0,-510.0,1321.0,12:29:22.147783
71.0,-444.0,465.0,12:29:22.158397
-3.0,-452.0,792.0,12:29:22.167779
-9.0,-618.0,1401.0,12:29:22.177146
87.0,-757.0,912.0,12:29:22.187755
71.0,-472.0,548.0,12:29:22.197199
-60.0,-214.0,680.0,12:29:22.207696
-154.0,-478.0,1613.0,12:29:22.217118
13.0,-647.0,1404.0,12:29:22.226582
64.0,-377.0,413.0,12:29:22.237075
62.0,-266.0,796.0,12:29:22.246455
17.0,-615.0,1533.0,12:29:22.257013
-65.0,-801.0,1130.0,12:29:22.266311
233.0,-653.0,562.0,12:29:22.275845
81.0,-603.0,711.0,12:29:22.286220
-46.0,-491.0,1070.0,12:29:22.295697
128.0,-407.0,767.0,12:29:22.306180
-157.0,-246.0,748.0,12:29:22.315679
-21.0,-293.0,785.0,12:29:22.324984
-10.0,-639.0,1073.0,12:29:22.335481
130.0,-452.0,843.0,12:29:22.344792
83.0,-373.0,1106.0,12:29:22.355346
-56.0,-286.0,1039.0,12:29:22.364681
84.0,-541.0,874.0,12:29:22.375130
32.0,-417.0,968.0,12:29:22.384620
58.0,-457.0,1018.0,12:29:22.393999
72.0,-478.0,1065.0,12:29:22.404542
54.0,-449.0,689.0,12:29:22.413838
-79.0,-416.0,962.0,12:29:22.424244
75.0,-677.0,1341.0,12:29:22.433578
60.0,-745.0,1031.0,12:29:22.445418
124.0,-769.0,705.0,12:29:22.453762
139.0,-366.0,536.0,12:29:22.463091
-47.0,-572.0,1145.0,12:29:22.473499
122.0,-640.0,1115.0,12:29:22.482814
235.0,-446.0,491.0,12:29:22.493416
1.0,-201.0,754.0,12:29:22.502744
-62.0,-234.0,1094.0,12:29:22.513256
-131.0,-459.0,813.0,12:29:22.522689
164.0,-331.0,686.0,12:29:22.532033
-83.0,-358.0,1186.0,12:29:22.542470
-59.0,-625.0,1352.0,12:29:22.551775
144.0,-436.0,816.0,12:29:22.562461
100.0,-440.0,809.0,12:29:22.571788
89.0,-773.0,968.0,12:29:22.582322
47.0,-806.0,1156.0,12:29:22.591780
112.0,-487.0,1000.0,12:29:22.601182
0.0,-491.0,822.0,12:29:22.611731
99.0,-733.0,810.0,12:29:22.621198
81.0,-638.0,863.0,12:29:22.630526
59.0,-509.0,798.0,12:29:22.641143
38.0,-376.0,974.0,12:29:22.650481
-29.0,-265.0,1162.0,12:29:22.661088
-24.0,-386.0,681.0,12:29:22.670470
15.0,-343.0,721.0,12:29:22.679914
-55.0,-201.0,1172.0,12:29:22.690449
-215.0,-431.0,885.0,12:29:22.699780
3.0,-653.0,1008.0,12:29:22.710310
46.0,-554.0,1093.0,12:29:22.719658
-12.0,-521.0,906.0,12:29:22.730126
-73.0,-656.0,817.0,12:29:22.739499
53.0,-631.0,1109.0,12:29:22.748927
63.0,-591.0,902.0,12:29:22.759385
123.0,-494.0,676.0,12:29:22.768846
-50.0,-527.0,827.0,12:29:22.779277
60.0,-624.0,920.0,12:29:22.788645
-76.0,-439.0,830.0,12:29:22.799143
-16.0,-500.0,930.0,12:29:22.808537
58.0,-413.0,950.0,12:29:22.817828
-19.0,-523.0,850.0,12:29:22.828262
40.0,-506.0,1031.0,12:29:22.845740
3.0,-530.0,1141.0,12:29:22.849610
81.0,-466.0,842.0,12:29:22.857960
39.0,-624.0,894.0,12:29:22.867300
22.0,-539.0,1092.0,12:29:22.877777
-10.0,-459.0,1159.0,12:29:22.887129
-102.0,-539.0,951.0,12:29:22.897719
-12.0,-677.0,935.0,12:29:22.907017
4.0,-708.0,1160.0,12:29:22.916548
129.0,-705.0,1048.0,12:29:22.926946
25.0,-614.0,750.0,12:29:22.936345
0.0,-629.0,898.0,12:29:22.946859
-30.0,-626.0,1066.0,12:29:22.956156
-131.0,-583.0,735.0,12:29:22.966689
65.0,-481.0,738.0,12:29:22.976013
-92.0,-437.0,920.0,12:29:22.985419
15.0,-490.0,760.0,12:29:22.995964
-117.0,-398.0,853.0,12:29:23.005247
-131.0,-351.0,833.0,12:29:23.015833
-80.0,-444.0,944.0,12:29:23.025120
-107.0,-379.0,838.0,12:29:23.035774
69.0,-465.0,835.0,12:29:23.045168
49.0,-431.0,912.0,12:29:23.054751
-32.0,-435.0,871.0,12:29:23.065238
172.0,-667.0,767.0,12:29:23.074705
-43.0,-543.0,992.0,12:29:23.084142
-116.0,-588.0,932.0,12:29:23.094690
29.0,-680.0,687.0,12:29:23.103984
-39.0,-548.0,882.0,12:29:23.114529
-97.0,-408.0,936.0,12:29:23.123826
-37.0,-379.0,946.0,12:29:23.133360
-66.0,-398.0,1067.0,12:29:23.143857
-21.0,-521.0,957.0,12:29:23.153266
-27.0,-551.0,1019.0,12:29:23.163751
113.0,-494.0,897.0,12:29:23.173126
-76.0,-409.0,983.0,12:29:23.182466
-68.0,-643.0,1388.0,12:29:23.193047
-164.0,-579.0,956.0,12:29:23.202365
173.0,-515.0,733.0,12:29:23.212902
-128.0,-459.0,1051.0,12:29:23.222271
171.0,-688.0,874.0,12:29:23.231782
-95.0,-432.0,693.0,12:29:23.242277
-30.0,-454.0,963.0,12:29:23.251700
-55.0,-553.0,1137.0,12:29:23.262313
144.0,-470.0,809.0,12:29:23.271653
19.0,-388.0,723.0,12:29:23.281080
36.0,-450.0,1006.0,12:29:23.291558
123.0,-598.0,1012.0,12:29:23.300901
141.0,-467.0,620.0,12:29:23.311332
73.0,-482.0,1316.0,12:29:23.320581
-30.0,-507.0,943.0,12:29:23.331197
93.0,-407.0,546.0,12:29:23.340599
22.0,-424.0,1021.0,12:29:23.350043
-108.0,-332.0,891.0,12:29:23.360479
111.0,-576.0,1366.0,12:29:23.369821
11.0,-527.0,874.0,12:29:23.380294
126.0,-442.0,635.0,12:29:23.389599
-95.0,-505.0,1334.0,12:29:23.400109
-150.0,-358.0,1091.0,12:29:23.409458
130.0,-566.0,974.0,12:29:23.420086
-103.0,-478.0,785.0,12:29:23.429352
78.0,-565.0,858.0,12:29:23.438773
58.0,-537.0,1125.0,12:29:23.449226
-8.0,-439.0,956.0,12:29:23.458687
4.0,-491.0,954.0,12:29:23.469226
28.0,-521.0,839.0,12:29:23.478551
172.0,-464.0,668.0,12:29:23.489096
2.0,-611.0,1150.0,12:29:23.498484
167.0,-588.0,857.0,12:29:23.507808
14.0,-423.0,699.0,12:29:23.518500
71.0,-568.0,652.0,12:29:23.527816
14.0,-480.0,805.0,12:29:23.537291
36.0,-350.0,997.0,12:29:23.547850
-41.0,-303.0,662.0,12:29:23.557178
77.0,-464.0,908.0,12:29:23.567670
119.0,-335.0,1017.0,12:29:23.577046
-9.0,-226.0,819.0,12:29:23.596791
61.0,-517.0,1253.0,12:29:23.607220
117.0,-574.0,1412.0,12:29:23.616729
228.0,-727.0,1058.0,12:29:23.626027
232.0,-618.0,806.0,12:29:23.636625
4.0,-531.0,1243.0,12:29:23.647853
50.0,-667.0,1268.0,12:29:23.656574
-135.0,-513.0,768.0,12:29:23.666030
2.0,-619.0,889.0,12:29:23.675324
-43.0,-588.0,895.0,12:29:23.685806
-9.0,-528.0,847.0,12:29:23.695113
-102.0,-341.0,860.0,12:29:23.705740
45.0,-288.0,904.0,12:29:23.715161
57.0,-406.0,880.0,12:29:23.724563
67.0,-331.0,1045.0,12:29:23.734932
180.0,-394.0,1013.0,12:29:23.744369
165.0,-496.0,782.0,12:29:23.754763
116.0,-372.0,927.0,12:29:23.764126
36.0,-325.0,1073.0,12:29:23.774562
59.0,-400.0,823.0,12:29:23.783915
118.0,-546.0,857.0,12:29:23.794283
169.0,-419.0,1035.0,12:29:23.803617
-15.0,-437.0,925.0,12:29:23.814091
106.0,-460.0,731.0,12:29:23.823618
31.0,-477.0,947.0,12:29:23.832931
61.0,-507.0,1041.0,12:29:23.843475
114.0,-412.0,933.0,12:29:23.852814
65.0,-461.0,959.0,12:29:23.863439
6.0,-450.0,1109.0,12:29:23.872861
101.0,-523.0,1010.0,12:29:23.882280
-7.0,-432.0,993.0,12:29:23.892700
14.0,-503.0,933.0,12:29:23.902097
155.0,-585.0,926.0,12:29:23.912475
102.0,-528.0,1108.0,12:29:23.921824
80.0,-546.0,947.0,12:29:23.932296
126.0,-551.0,910.0,12:29:23.941737
-26.0,-494.0,959.0,12:29:23.952294
186.0,-591.0,997.0,12:29:23.961674
77.0,-534.0,951.0,12:29:23.971064
12.0,-505.0,918.0,12:29:23.981747
54.0,-544.0,891.0,12:29:23.991076
195.0,-700.0,813.0,12:29:24.000538
-51.0,-528.0,937.0,12:29:24.011065
-5.0,-514.0,930.0,12:29:24.020470
15.0,-413.0,794.0,12:29:24.030888
39.0,-360.0,819.0,12:29:24.040216
87.0,-448.0,848.0,12:29:24.050654
177.0,-363.0,750.0,12:29:24.060039
12.0,-245.0,974.0,12:29:24.070565
-7.0,-265.0,1153.0,12:29:24.080004
71.0,-320.0,957.0,12:29:24.089374
74.0,-244.0,801.0,12:29:24.099759
66.0,-213.0,1123.0,12:29:24.109195
40.0,-298.0,1383.0,12:29:24.119628
88.0,-350.0,1145.0,12:29:24.128978
288.0,-461.0,953.0,12:29:24.139382
-20.0,-510.0,1194.0,12:29:24.148875
244.0,-607.0,1127.0,12:29:24.158266
53.0,-556.0,1042.0,12:29:24.168896
80.0,-614.0,882.0,12:29:24.178187
-10.0,-608.0,866.0,12:29:24.187817
-39.0,-636.0,960.0,12:29:24.198311
-63.0,-641.0,1015.0,12:29:24.207723
60.0,-581.0,745.0,12:29:24.218126
33.0,-548.0,647.0,12:29:24.227503
74.0,-469.0,784.0,12:29:24.237963
79.0,-460.0,832.0,12:29:24.247257
-6.0,-477.0,830.0,12:29:24.257807
67.0,-348.0,879.0,12:29:24.267264
86.0,-399.0,924.0,12:29:24.276635
122.0,-437.0,844.0,12:29:24.287077
69.0,-361.0,983.0,12:29:24.296309
178.0,-370.0,1051.0,12:29:24.306870
51.0,-413.0,986.0,12:29:24.316250
79.0,-437.0,997.0,12:29:24.326868
123.0,-448.0,1370.0,12:29:24.336183
147.0,-537.0,1282.0,12:29:24.345543
122.0,-544.0,949.0,12:29:24.355994
114.0,-553.0,1033.0,12:29:24.365476
92.0,-623.0,1040.0,12:29:24.375869
70.0,-595.0,1061.0,12:29:24.385317
33.0,-648.0,978.0,12:29:24.395829
66.0,-590.0,873.0,12:29:24.415321
-69.0,-411.0,744.0,12:29:24.424803
-20.0,-270.0,580.0,12:29:24.434116
-46.0,-257.0,784.0,12:29:24.444697
24.0,-296.0,868.0,12:29:24.454093
14.0,-114.0,674.0,12:29:24.464768
83.0,-216.0,919.0,12:29:24.474119
140.0,-169.0,1023.0,12:29:24.483514
111.0,-250.0,1114.0,12:29:24.493991
221.0,-248.0,926.0,12:29:24.503499
163.0,-380.0,1283.0,12:29:24.514041
231.0,-440.0,1065.0,12:29:24.523594
182.0,-375.0,619.0,12:29:24.532872
41.0,-574.0,1101.0,12:29:24.543469
65.0,-669.0,1154.0,12:29:24.552774
-47.0,-561.0,688.0,12:29:24.562280
-76.0,-669.0,865.0,12:29:24.572679
0.0,-813.0,1117.0,12:29:24.582185
-64.0,-592.0,1227.0,12:29:24.592559
75.0,-514.0,1087.0,12:29:24.601903
-66.0,-518.0,929.0,12:29:24.612332
139.0,-512.0,1040.0,12:29:24.621736
158.0,-476.0,1172.0,12:29:24.632245
-4.0,-289.0,1032.0,12:29:24.641665
139.0,-459.0,950.0,12:29:24.651092
183.0,-441.0,877.0,12:29:24.661628
72.0,-311.0,964.0,12:29:24.671036
186.0,-393.0,1030.0,12:29:24.681500
80.0,-375.0,911.0,12:29:24.690804
83.0,-394.0,827.0,12:29:24.701422
188.0,-467.0,896.0,12:29:24.710670
10.0,-417.0,908.0,12:29:24.720131
63.0,-460.0,893.0,12:29:24.730550
6.0,-404.0,832.0,12:29:24.740129
-46.0,-454.0,793.0,12:29:24.750571
2.0,-354.0,781.0,12:29:24.760065
12.0,-348.0,886.0,12:29:24.769301
143.0,-435.0,797.0,12:29:24.779842
111.0,-346.0,672.0,12:29:24.789089
71.0,-502.0,1164.0,12:29:24.799603
93.0,-641.0,1434.0,12:29:24.808932
330.0,-599.0,959.0,12:29:24.819567
63.0,-503.0,994.0,12:29:24.828873
-79.0,-145.0,1258.0,12:29:24.838264
-25.0,-200.0,1369.0,12:29:24.851673
-8.0,-208.0,1101.0,12:29:24.859047
10.0,-318.0,844.0,12:29:24.868468
61.0,-446.0,1073.0,12:29:24.877878
117.0,-489.0,1264.0,12:29:24.888348
201.0,-558.0,1188.0,12:29:24.897807
228.0,-495.0,815.0,12:29:24.907319
225.0,-498.0,701.0,12:29:24.917893
69.0,-571.0,1113.0,12:29:24.927205
189.0,-611.0,987.0,12:29:24.937754
36.0,-466.0,661.0,12:29:24.947186
5.0,-474.0,574.0,12:29:24.956603
-34.0,-508.0,842.0,12:29:24.967052
-63.0,-432.0,719.0,12:29:24.976520
-114.0,-416.0,753.0,12:29:24.986991
-33.0,-491.0,930.0,12:29:24.996537
-1.0,-501.0,962.0,12:29:25.005845
130.0,-557.0,892.0,12:29:25.016461
160.0,-617.0,996.0,12:29:25.025779
38.0,-450.0,1104.0,12:29:25.036287
50.0,-387.0,950.0,12:29:25.045654
145.0,-453.0,707.0,12:29:25.055044
104.0,-562.0,962.0,12:29:25.065658
173.0,-555.0,954.0,12:29:25.075103
-107.0,-375.0,1001.0,12:29:25.085616
-45.0,-262.0,982.0,12:29:25.095035
-34.0,-280.0,943.0,12:29:25.105462
126.0,-359.0,1259.0,12:29:25.114818
257.0,-330.0,1151.0,12:29:25.124196
118.0,-380.0,1130.0,12:29:25.134737
150.0,-309.0,1205.0,12:29:25.144055
237.0,-269.0,971.0,12:29:25.154626
44.0,-151.0,797.0,12:29:25.163911
152.0,-236.0,822.0,12:29:25.174399
13.0,-286.0,1110.0,12:29:25.183622
-47.0,-290.0,1061.0,12:29:25.194144
111.0,-417.0,949.0,12:29:25.203434
181.0,-529.0,904.0,12:29:25.212840
-38.0,-419.0,769.0,12:29:25.223310
24.0,-380.0,1025.0,12:29:25.232746
91.0,-507.0,1018.0,12:29:25.243185
18.0,-511.0,760.0,12:29:25.253482
50.0,-507.0,851.0,12:29:25.263031
39.0,-567.0,1248.0,12:29:25.272333
19.0,-470.0,842.0,12:29:25.281663
223.0,-503.0,748.0,12:29:25.292197
251.0,-445.0,982.0,12:29:25.301699
226.0,-449.0,1030.0,12:29:25.311276
112.0,-363.0,983.0,12:29:25.321814
180.0,-310.0,1138.0,12:29:25.331262
188.0,-371.0,991.0,12:29:25.341787
177.0,-493.0,1004.0,12:29:25.351242
149.0,-237.0,783.0,12:29:25.360628
123.0,-236.0,886.0,12:29:25.371190
-4.0,-267.0,1230.0,12:29:25.380625
173.0,-325.0,898.0,12:29:25.391263
96.0,-400.0,825.0,12:29:25.400654
77.0,-420.0,1043.0,12:29:25.410104
34.0,-387.0,957.0,12:29:25.420555
141.0,-410.0,940.0,12:29:25.430006
82.0,-335.0,1013.0,12:29:25.439400
41.0,-433.0,1113.0,12:29:25.450100
103.0,-445.0,1029.0,12:29:25.459392
149.0,-416.0,807.0,12:29:25.470003
155.0,-433.0,942.0,12:29:25.479266
92.0,-388.0,1014.0,12:29:25.488824
101.0,-428.0,968.0,12:29:25.499208
113.0,-473.0,761.0,12:29:25.508569
124.0,-488.0,991.0,12:29:25.518946
101.0,-573.0,889.0,12:29:25.528403
-68.0,-365.0,920.0,12:29:25.538902
52.0,-480.0,1147.0,12:29:25.548353
132.0,-416.0,701.0,12:29:25.557696
119.0,-400.0,795.0,12:29:25.568265
-77.0,-356.0,1243.0,12:29:25.577510
222.0,-404.0,966.0,12:29:25.588057
157.0,-309.0,732.0,12:29:25.597316
95.0,-493.0,1040.0,12:29:25.607831
118.0,-444.0,1216.0,12:29:25.617086
184.0,-472.0,886.0,12:29:25.627511
285.0,-538.0,912.0,12:29:25.636825
116.0,-562.0,993.0,12:29:25.647288
-17.0,-411.0,783.0,12:29:25.656696
108.0,-383.0,649.0,12:29:25.667098
86.0,-407.0,841.0,12:29:25.676554
46.0,-513.0,1376.0,12:29:25.685987
-12.0,-420.0,1147.0,12:29:25.696517
64.0,-379.0,844.0,12:29:25.705823
182.0,-296.0,741.0,12:29:25.716341
135.0,-370.0,1325.0,12:29:25.725817
79.0,-333.0,1192.0,12:29:25.735225
291.0,-504.0,812.0,12:29:25.745742
258.0,-479.0,980.0,12:29:25.755122
142.0,-335.0,1063.0,12:29:25.765580
87.0,-409.0,1006.0,12:29:25.774914
131.0,-394.0,997.0,12:29:25.785324
123.0,-295.0,390.0,12:29:25.794664
-3.0,-360.0,1087.0,12:29:25.805101
104.0,-568.0,1616.0,12:29:25.814632
145.0,-447.0,761.0,12:29:25.823876
153.0,-363.0,700.0,12:29:25.834457
166.0,-589.0,1454.0,12:29:25.843891
118.0,-569.0,1147.0,12:29:25.853319
189.0,-538.0,743.0,12:29:25.863768
-11.0,-405.0,759.0,12:29:25.883410
18.0,-507.0,889.0,12:29:25.892794
90.0,-653.0,1023.0,12:29:25.903320
-8.0,-503.0,927.0,12:29:25.912704
-53.0,-305.0,860.0,12:29:25.923196
-19.0,-346.0,847.0,12:29:25.932517
248.0,-333.0,925.0,12:29:25.943111
206.0,-364.0,964.0,12:29:25.952396
188.0,-461.0,1047.0,12:29:25.961747
234.0,-386.0,814.0,12:29:25.972232
148.0,-374.0,943.0,12:29:25.981590
131.0,-427.0,1482.0,12:29:25.992014
133.0,-421.0,803.0,12:29:26.001346
20.0,-300.0,546.0,12:29:26.011793
-70.0,-402.0,1358.0,12:29:26.021260
148.0,-579.0,1450.0,12:29:26.032359
182.0,-326.0,826.0,12:29:26.040674
135.0,-699.0,1151.0,12:29:26.054296
95.0,-723.0,1092.0,12:29:26.060615
142.0,-381.0,611.0,12:29:26.070116
71.0,-447.0,753.0,12:29:26.080565
122.0,-710.0,1397.0,12:29:26.090057
96.0,-579.0,688.0,12:29:26.100439
103.0,-469.0,484.0,12:29:26.109805
-26.0,-544.0,989.0,12:29:26.120186
43.0,-485.0,1087.0,12:29:26.129559
174.0,-332.0,893.0,12:29:26.140086
140.0,-516.0,1139.0,12:29:26.149490
126.0,-350.0,926.0,12:29:26.158927
13.0,-200.0,854.0,12:29:26.169462
129.0,-318.0,1083.0,12:29:26.178670
178.0,-376.0,1112.0,12:29:26.189193
117.0,-598.0,759.0,12:29:26.198498
203.0,-554.0,970.0,12:29:26.208996
-49.0,-284.0,994.0,12:29:26.218288
-41.0,-342.0,781.0,12:29:26.227828
179.0,-558.0,857.0,12:29:26.238377
29.0,-604.0,958.0,12:29:26.247745
86.0,-581.0,665.0,12:29:26.258198
62.0,-533.0,915.0,12:29:26.267595
53.0,-248.0,972.0,12:29:26.278022
7.0,-247.0,996.0,12:29:26.287443
59.0,-299.0,1090.0,12:29:26.296800
-11.0,-257.0,1150.0,12:29:26.307255
150.0,-292.0,1079.0,12:29:26.316669
206.0,-423.0,962.0,12:29:26.327171
90.0,-330.0,965.0,12:29:26.336621
94.0,-371.0,1019.0,12:29:26.347050
78.0,-562.0,1257.0,12:29:26.356543
6.0,-388.0,913.0,12:29:26.365915
78.0,-429.0,775.0,12:29:26.376577
106.0,-485.0,1263.0,12:29:26.385879
78.0,-455.0,1150.0,12:29:26.396345
185.0,-546.0,680.0,12:29:26.405684
124.0,-558.0,1009.0,12:29:26.415114
191.0,-567.0,987.0,12:29:26.425603
111.0,-529.0,763.0,12:29:26.435001
190.0,-392.0,682.0,12:29:26.445454
120.0,-486.0,960.0,12:29:26.455941
7.0,-493.0,935.0,12:29:26.464901
19.0,-495.0,840.0,12:29:26.474201
103.0,-494.0,837.0,12:29:26.484681
113.0,-469.0,897.0,12:29:26.493937
19.0,-404.0,886.0,12:29:26.504539
113.0,-284.0,912.0,12:29:26.513797
-91.0,-275.0,1086.0,12:29:26.524294
97.0,-299.0,1039.0,12:29:26.533524
39.0,-172.0,949.0,12:29:26.544073
103.0,-268.0,970.0,12:29:26.553453
235.0,-433.0,1213.0,12:29:26.562885
70.0,-442.0,1231.0,12:29:26.573423
163.0,-400.0,836.0,12:29:26.582820
259.0,-439.0,1021.0,12:29:26.593226
44.0,-496.0,1338.0,12:29:26.602524
98.0,-400.0,1022.0,12:29:26.612965
47.0,-544.0,659.0,12:29:26.622475
173.0,-608.0,813.0,12:29:26.632895
4.0,-498.0,1009.0,12:29:26.642349
-62.0,-428.0,958.0,12:29:26.651678
118.0,-357.0,693.0,12:29:26.662386
122.0,-419.0,869.0,12:29:26.671740
54.0,-512.0,1011.0,12:29:26.681181
189.0,-311.0,941.0,12:29:26.691633
217.0,-290.0,1077.0,12:29:26.701049
187.0,-443.0,795.0,12:29:26.711634
169.0,-345.0,683.0,12:29:26.720985
93.0,-586.0,1086.0,12:29:26.731476
130.0,-442.0,1023.0,12:29:26.740783
46.0,-395.0,778.0,12:29:26.750179
200.0,-530.0,826.0,12:29:26.760591
100.0,-574.0,810.0,12:29:26.770143
11.0,-456.0,761.0,12:29:26.780587
61.0,-447.0,1078.0,12:29:26.790020
-63.0,-372.0,1282.0,12:29:26.799372
243.0,-435.0,892.0,12:29:26.810059
143.0,-648.0,982.0,12:29:26.819390
130.0,-570.0,1022.0,12:29:26.829965
168.0,-453.0,1175.0,12:29:26.839273
-54.0,-378.0,1083.0,12:29:26.848798
148.0,-465.0,881.0,12:29:26.859251
121.0,-500.0,689.0,12:29:26.868612
174.0,-672.0,1032.0,12:29:26.879027
82.0,-455.0,1136.0,12:29:26.888431
-75.0,-398.0,915.0,12:29:26.898981
149.0,-503.0,971.0,12:29:26.908335
34.0,-462.0,905.0,12:29:26.917762
83.0,-406.0,907.0,12:29:26.928330
66.0,-382.0,1028.0,12:29:26.937834
-49.0,-336.0,1125.0,12:29:26.947172
125.0,-415.0,867.0,12:29:26.957683
161.0,-525.0,897.0,12:29:26.967161
142.0,-528.0,831.0,12:29:26.977573
145.0,-410.0,1095.0,12:29:26.986986
33.0,-438.0,1065.0,12:29:26.997470
136.0,-427.0,878.0,12:29:27.006793
131.0,-531.0,895.0,12:29:27.017284
74.0,-488.0,852.0,12:29:27.026660
70.0,-464.0,1063.0,12:29:27.036003
-63.0,-478.0,1062.0,12:29:27.046611
137.0,-482.0,777.0,12:29:27.055920
55.0,-535.0,806.0,12:29:27.066561
9.0,-462.0,715.0,12:29:27.075929
-13.0,-366.0,915.0,12:29:27.085246
-25.0,-401.0,959.0,12:29:27.095929
200.0,-501.0,884.0,12:29:27.105204
181.0,-537.0,1178.0,12:29:27.115780
223.0,-477.0,1114.0,12:29:27.125031
230.0,-354.0,815.0,12:29:27.134627
79.0,-308.0,960.0,12:29:27.145106
100.0,-421.0,1298.0,12:29:27.154544
-24.0,-458.0,1086.0,12:29:27.164973
4.0,-550.0,791.0,12:29:27.174316
50.0,-552.0,949.0,12:29:27.184734
98.0,-561.0,1078.0,12:29:27.194243
62.0,-498.0,743.0,12:29:27.203527
-36.0,-490.0,664.0,12:29:27.214086
71.0,-413.0,960.0,12:29:27.223550
13.0,-330.0,920.0,12:29:27.243080
49.0,-246.0,1018.0,12:29:27.257235
116.0,-314.0,1100.0,12:29:27.263316
115.0,-382.0,888.0,12:29:27.272799
239.0,-306.0,969.0,12:29:27.283314
29.0,-376.0,1157.0,12:29:27.292643
175.0,-382.0,974.0,12:29:27.301914
85.0,-399.0,937.0,12:29:27.312587
169.0,-485.0,954.0,12:29:27.321873
109.0,-560.0,975.0,12:29:27.332395
78.0,-498.0,1052.0,12:29:27.341743
183.0,-591.0,830.0,12:29:27.361411
101.0,-555.0,854.0,12:29:27.371959
21.0,-463.0,972.0,12:29:27.381285
-35.0,-454.0,928.0,12:29:27.390663
41.0,-519.0,954.0,12:29:27.401194
80.0,-510.0,899.0,12:29:27.410491
-13.0,-329.0,885.0,12:29:27.420964
24.0,-365.0,857.0,12:29:27.430393
13.0,-328.0,901.0,12:29:27.440799
70.0,-364.0,1019.0,12:29:27.450189
68.0,-464.0,963.0,12:29:27.460723
111.0,-508.0,928.0,12:29:27.470101
167.0,-483.0,1020.0,12:29:27.479392
87.0,-423.0,940.0,12:29:27.489945
98.0,-500.0,965.0,12:29:27.499286
99.0,-439.0,881.0,12:29:27.509781
56.0,-441.0,911.0,12:29:27.519147
82.0,-534.0,1019.0,12:29:27.529660
127.0,-538.0,1025.0,12:29:27.539040
3.0,-456.0,941.0,12:29:27.548301
68.0,-533.0,1000.0,12:29:27.558928
87.0,-509.0,957.0,12:29:27.568156
20.0,-472.0,966.0,12:29:27.578715
63.0,-390.0,997.0,12:29:27.587950
136.0,-407.0,880.0,12:29:27.598356
10.0,-420.0,837.0,12:29:27.607769
74.0,-439.0,1085.0,12:29:27.618395
90.0,-382.0,930.0,12:29:27.627798
125.0,-313.0,780.0,12:29:27.637129
157.0,-493.0,1178.0,12:29:27.647713
95.0,-398.0,956.0,12:29:27.657883
118.0,-444.0,1055.0,12:29:27.667667
180.0,-569.0,995.0,12:29:27.676970
129.0,-411.0,719.0,12:29:27.686482
-30.0,-483.0,899.0,12:29:27.696965
14.0,-457.0,1137.0,12:29:27.706279
95.0,-381.0,812.0,12:29:27.715810
-6.0,-448.0,816.0,12:29:27.726234
97.0,-420.0,1101.0,12:29:27.735748
120.0,-414.0,931.0,12:29:27.746146
177.0,-280.0,799.0,12:29:27.755526
162.0,-532.0,1272.0,12:29:27.765934
206.0,-530.0,1087.0,12:29:27.775324
163.0,-449.0,881.0,12:29:27.785827
48.0,-461.0,982.0,12:29:27.795264
99.0,-440.0,1058.0,12:29:27.814935
45.0,-406.0,977.0,12:29:27.824286
24.0,-446.0,1010.0,12:29:27.834786
90.0,-510.0,959.0,12:29:27.844112
196.0,-449.0,892.0,12:29:27.854644
110.0,-495.0,1097.0,12:29:27.863959
160.0,-511.0,996.0,12:29:27.874550
206.0,-604.0,784.0,12:29:27.883871
89.0,-483.0,907.0,12:29:27.893311
-28.0,-478.0,816.0,12:29:27.903788
22.0,-422.0,818.0,12:29:27.913066
25.0,-415.0,932.0,12:29:27.923661
142.0,-405.0,849.0,12:29:27.932896
89.0,-486.0,858.0,12:29:27.943481
34.0,-442.0,910.0,12:29:27.952741
22.0,-383.0,833.0,12:29:27.963250
6.0,-290.0,912.0,12:29:27.972554
86.0,-438.0,1010.0,12:29:27.983037
95.0,-395.0,845.0,12:29:27.992317
76.0,-453.0,988.0,12:29:28.001726
106.0,-394.0,1129.0,12:29:28.012284
266.0,-456.0,1069.0,12:29:28.021613
132.0,-539.0,1054.0,12:29:28.032138
118.0,-435.0,833.0,12:29:28.041467
91.0,-581.0,1111.0,12:29:28.051931
38.0,-534.0,967.0,12:29:28.061219
60.0,-508.0,1066.0,12:29:28.071677
26.0,-528.0,1083.0,12:29:28.081084
119.0,-508.0,699.0,12:29:28.090470
238.0,-501.0,710.0,12:29:28.101033
-59.0,-351.0,1317.0,12:29:28.110443
20.0,-248.0,775.0,12:29:28.119939
54.0,-393.0,869.0,12:29:28.130473
17.0,-358.0,1204.0,12:29:28.139923
32.0,-266.0,1084.0,12:29:28.150564
132.0,-395.0,947.0,12:29:28.159920
249.0,-307.0,703.0,12:29:28.169296
115.0,-240.0,1057.0,12:29:28.179850
7.0,-375.0,989.0,12:29:28.189313
271.0,-462.0,1158.0,12:29:28.199742
164.0,-478.0,1197.0,12:29:28.209047
169.0,-417.0,869.0,12:29:28.219466
141.0,-521.0,850.0,12:29:28.228959
117.0,-397.0,985.0,12:29:28.238311
-1.0,-320.0,894.0,12:29:28.248898
83.0,-483.0,997.0,12:29:28.258333
20.0,-385.0,807.0,12:29:28.267793
12.0,-384.0,958.0,12:29:28.278321
160.0,-446.0,860.0,12:29:28.287845
233.0,-493.0,720.0,12:29:28.298257
152.0,-512.0,1054.0,12:29:28.307779
96.0,-473.0,1208.0,12:29:28.317092
152.0,-409.0,948.0,12:29:28.327691
17.0,-398.0,891.0,12:29:28.336976
-20.0,-269.0,1112.0,12:29:28.347517
55.0,-438.0,988.0,12:29:28.356954
182.0,-456.0,829.0,12:29:28.366240
152.0,-552.0,1131.0,12:29:28.376853
280.0,-489.0,988.0,12:29:28.386136
167.0,-603.0,827.0,12:29:28.396697
78.0,-449.0,904.0,12:29:28.405923
62.0,-380.0,825.0,12:29:28.416549
140.0,-471.0,881.0,12:29:28.425907
59.0,-489.0,950.0,12:29:28.435314
-51.0,-428.0,1064.0,12:29:28.445741
17.0,-420.0,900.0,12:29:28.460715
92.0,-553.0,982.0,12:29:28.465589
-68.0,-403.0,967.0,12:29:28.474816
58.0,-388.0,907.0,12:29:28.485380
56.0,-429.0,904.0,12:29:28.494641
28.0,-426.0,1035.0,12:29:28.505170
96.0,-443.0,923.0,12:29:28.514564
163.0,-462.0,792.0,12:29:28.523901
3.0,-408.0,1117.0,12:29:28.534406
27.0,-335.0,1109.0,12:29:28.543802
205.0,-640.0,760.0,12:29:28.554216
210.0,-511.0,811.0,12:29:28.563593
74.0,-537.0,1269.0,12:29:28.574140
0.0,-334.0,970.0,12:29:28.583582
221.0,-449.0,521.0,12:29:28.592875
39.0,-480.0,997.0,12:29:28.603358
113.0,-413.0,1148.0,12:29:28.612771
60.0,-419.0,842.0,12:29:28.623334
178.0,-546.0,809.0,12:29:28.632687
146.0,-563.0,956.0,12:29:28.642085
20.0,-451.0,916.0,12:29:28.652586
150.0,-544.0,982.0,12:29:28.661848
117.0,-568.0,840.0,12:29:28.672361
-6.0,-366.0,913.0,12:29:28.681633
-57.0,-282.0,973.0,12:29:28.692247
138.0,-365.0,1104.0,12:29:28.701617
114.0,-425.0,986.0,12:29:28.711078
172.0,-458.0,921.0,12:29:28.721472
163.0,-547.0,828.0,12:29:28.730840
102.0,-485.0,1099.0,12:29:28.741248
69.0,-391.0,1062.0,12:29:28.750633
46.0,-448.0,982.0,12:29:28.761106
129.0,-500.0,659.0,12:29:28.770508
191.0,-578.0,1053.0,12:29:28.780897
92.0,-554.0,1263.0,12:29:28.790192
212.0,-510.0,719.0,12:29:28.800621
190.0,-735.0,972.0,12:29:28.810048
74.0,-648.0,1108.0,12:29:28.820477
29.0,-452.0,884.0,12:29:28.829952
97.0,-477.0,738.0,12:29:28.839337
80.0,-487.0,893.0,12:29:28.849746
18.0,-501.0,993.0,12:29:28.862660
-23.0,-474.0,818.0,12:29:28.868867
114.0,-398.0,721.0,12:29:28.879282
61.0,-498.0,943.0,12:29:28.888596
55.0,-405.0,860.0,12:29:28.899029
92.0,-503.0,977.0,12:29:28.908415
48.0,-398.0,800.0,12:29:28.918893
80.0,-388.0,790.0,12:29:28.928377
-51.0,-494.0,1168.0,12:29:28.937817
138.0,-483.0,1017.0,12:29:28.948321
-52.0,-481.0,992.0,12:29:28.957710
151.0,-505.0,680.0,12:29:28.968289
35.0,-372.0,943.0,12:29:28.977704
-40.0,-450.0,1110.0,12:29:28.987023
207.0,-544.0,821.0,12:29:28.997464
104.0,-543.0,934.0,12:29:29.006975
49.0,-514.0,1010.0,12:29:29.017400
154.0,-493.0,900.0,12:29:29.026803
83.0,-456.0,838.0,12:29:29.037309
164.0,-388.0,763.0,12:29:29.046682
46.0,-554.0,1011.0,12:29:29.056084
-61.0,-336.0,929.0,12:29:29.066648
41.0,-328.0,1004.0,12:29:29.076089
63.0,-563.0,936.0,12:29:29.086608
109.0,-464.0,891.0,12:29:29.096008
96.0,-408.0,1049.0,12:29:29.105290
33.0,-429.0,1156.0,12:29:29.115813
-8.0,-459.0,984.0,12:29:29.125076
159.0,-458.0,928.0,12:29:29.135776
179.0,-512.0,850.0,12:29:29.145045
57.0,-516.0,926.0,12:29:29.154588
87.0,-428.0,951.0,12:29:29.165029
74.0,-501.0,1015.0,12:29:29.174815
101.0,-577.0,920.0,12:29:29.185000
98.0,-519.0,803.0,12:29:29.196138
28.0,-611.0,951.0,12:29:29.208535
71.0,-442.0,868.0,12:29:29.214419
-33.0,-444.0,953.0,12:29:29.225684
116.0,-491.0,856.0,12:29:29.234282
125.0,-399.0,849.0,12:29:29.243568
-42.0,-349.0,1123.0,12:29:29.254116
164.0,-373.0,946.0,12:29:29.263549
108.0,-377.0,917.0,12:29:29.272914
130.0,-506.0,1148.0,12:29:29.283531
154.0,-483.0,931.0,12:29:29.292805
181.0,-427.0,803.0,12:29:29.303369
110.0,-447.0,1029.0,12:29:29.312632
-40.0,-373.0,864.0,12:29:29.323127
-21.0,-384.0,865.0,12:29:29.332393
99.0,-520.0,1050.0,12:29:29.341758
59.0,-546.0,974.0,12:29:29.352270
68.0,-525.0,868.0,12:29:29.361724
95.0,-511.0,892.0,12:29:29.372218
49.0,-478.0,929.0,12:29:29.381599
79.0,-500.0,948.0,12:29:29.392044
59.0,-438.0,924.0,12:29:29.401348
112.0,-548.0,952.0,12:29:29.411852
173.0,-470.0,625.0,12:29:29.421206
-10.0,-402.0,833.0,12:29:29.430540
-46.0,-347.0,1060.0,12:29:29.441128
205.0,-377.0,1003.0,12:29:29.450477
78.0,-686.0,1088.0,12:29:29.470291
-17.0,-201.0,888.0,12:29:29.480779
58.0,-476.0,1076.0,12:29:29.490243
125.0,-580.0,889.0,12:29:29.499500
159.0,-635.0,1046.0,12:29:29.510191
112.0,-574.0,944.0,12:29:29.519521
187.0,-460.0,578.0,12:29:29.530067
170.0,-610.0,1187.0,12:29:29.539465
78.0,-479.0,1164.0,12:29:29.548865
-35.0,-565.0,754.0,12:29:29.559315
164.0,-593.0,650.0,12:29:29.568686
107.0,-436.0,1124.0,12:29:29.579173
84.0,-537.0,1175.0,12:29:29.588589
8.0,-560.0,666.0,12:29:29.597980
36.0,-497.0,645.0,12:29:29.608466
22.0,-548.0,1204.0,12:29:29.617808
41.0,-491.0,1084.0,12:29:29.628196
282.0,-496.0,686.0,12:29:29.637726
-4.0,-437.0,871.0,12:29:29.648189
31.0,-390.0,925.0,12:29:29.664646
30.0,-490.0,979.0,12:29:29.668522
88.0,-612.0,1014.0,12:29:29.677862
-1.0,-671.0,957.0,12:29:29.687233
100.0,-679.0,906.0,12:29:29.697813
119.0,-437.0,895.0,12:29:29.707312
46.0,-533.0,1076.0,12:29:29.716655
147.0,-563.0,865.0,12:29:29.727162
96.0,-526.0,845.0,12:29:29.736538
-38.0,-519.0,779.0,12:29:29.745876
16.0,-488.0,860.0,12:29:29.756578
31.0,-662.0,1142.0,12:29:29.765924
-81.0,-607.0,971.0,12:29:29.776344
78.0,-557.0,788.0,12:29:29.785785
-180.0,-491.0,969.0,12:29:29.796243
102.0,-527.0,1046.0,12:29:29.805710
-35.0,-544.0,881.0,12:29:29.815038
-85.0,-494.0,829.0,12:29:29.825561
44.0,-592.0,816.0,12:29:29.835014
-86.0,-456.0,844.0,12:29:29.845478
4.0,-424.0,950.0,12:29:29.854916
-52.0,-319.0,828.0,12:29:29.864213
-56.0,-475.0,919.0,12:29:29.874823
55.0,-441.0,920.0,12:29:29.884080
58.0,-518.0,977.0,12:29:29.894581
95.0,-347.0,847.0,12:29:29.904006
-11.0,-441.0,998.0,12:29:29.913440
92.0,-523.0,885.0,12:29:29.923890
47.0,-442.0,881.0,12:29:29.933213
-74.0,-484.0,1174.0,12:29:29.943783
95.0,-442.0,813.0,12:29:29.953151
163.0,-353.0,677.0,12:29:29.963735
-36.0,-492.0,1194.0,12:29:29.973003
35.0,-545.0,793.0,12:29:29.982545
132.0,-587.0,973.0,12:29:29.992987
97.0,-468.0,1169.0,12:29:30.002403
-76.0,-254.0,735.0,12:29:30.012807
45.0,-493.0,990.0,12:29:30.022293
40.0,-537.0,1288.0,12:29:30.031720
51.0,-370.0,925.0,12:29:30.042304
-72.0,-514.0,899.0,12:29:30.051664
107.0,-457.0,958.0,12:29:30.065492
13.0,-726.0,1164.0,12:29:30.072125
-20.0,-480.0,863.0,12:29:30.081421
10.0,-451.0,789.0,12:29:30.090768
29.0,-442.0,931.0,12:29:30.101264
12.0,-562.0,1059.0,12:29:30.110603
65.0,-555.0,752.0,12:29:30.121094
114.0,-464.0,750.0,12:29:30.130446
37.0,-340.0,1061.0,12:29:30.140941
125.0,-430.0,1009.0,12:29:30.150324
110.0,-426.0,900.0,12:29:30.160843
32.0,-525.0,1024.0,12:29:30.170094
69.0,-630.0,941.0,12:29:30.179562
86.0,-520.0,982.0,12:29:30.190107
47.0,-591.0,977.0,12:29:30.199528
117.0,-574.0,757.0,12:29:30.210071
248.0,-540.0,819.0,12:29:30.219438
17.0,-465.0,1099.0,12:29:30.228785
-25.0,-441.0,887.0,12:29:30.239186
-13.0,-375.0,834.0,12:29:30.248539
15.0,-338.0,971.0,12:29:30.259194
-9.0,-385.0,786.0,12:29:30.268441
44.0,-466.0,1045.0,12:29:30.278972
156.0,-556.0,943.0,12:29:30.288418
70.0,-479.0,843.0,12:29:30.297767
45.0,-410.0,793.0,12:29:30.308242
-35.0,-443.0,1018.0,12:29:30.317500
-4.0,-409.0,859.0,12:29:30.328146
44.0,-516.0,777.0,12:29:30.337517
116.0,-520.0,842.0,12:29:30.347956
11.0,-494.0,858.0,12:29:30.357351
121.0,-563.0,1117.0,12:29:30.366723
52.0,-540.0,923.0,12:29:30.377180
95.0,-537.0,660.0,12:29:30.386627
-82.0,-581.0,988.0,12:29:30.397135
-27.0,-610.0,901.0,12:29:30.406607
7.0,-612.0,831.0,12:29:30.416066
-81.0,-641.0,1044.0,12:29:30.426853
-62.0,-588.0,858.0,12:29:30.436263
-36.0,-641.0,830.0,12:29:30.445753
-91.0,-512.0,1003.0,12:29:30.456301
-57.0,-464.0,1100.0,12:29:30.465670
2.0,-540.0,771.0,12:29:30.475060
-112.0,-548.0,929.0,12:29:30.485446
24.0,-499.0,1152.0,12:29:30.494777
-35.0,-540.0,1042.0,12:29:30.505214
45.0,-664.0,926.0,12:29:30.515338
-44.0,-588.0,732.0,12:29:30.524741
192.0,-534.0,908.0,12:29:30.534191
-113.0,-442.0,1006.0,12:29:30.544755
-28.0,-519.0,913.0,12:29:30.554579
-1.0,-649.0,894.0,12:29:30.564011
51.0,-559.0,806.0,12:29:30.575093
67.0,-515.0,749.0,12:29:30.583542
19.0,-604.0,947.0,12:29:30.594069
116.0,-549.0,830.0,12:29:30.603530
30.0,-397.0,838.0,12:29:30.613979
-90.0,-227.0,739.0,12:29:30.623465
25.0,-463.0,921.0,12:29:30.633826
-55.0,-408.0,873.0,12:29:30.643161
73.0,-415.0,945.0,12:29:30.653583
-105.0,-507.0,1083.0,12:29:30.662985
13.0,-526.0,945.0,12:29:30.672354
-1.0,-516.0,1085.0,12:29:30.682812
72.0,-569.0,859.0,12:29:30.692074
143.0,-579.0,849.0,12:29:30.702478
66.0,-693.0,1050.0,12:29:30.711799
45.0,-566.0,741.0,12:29:30.731554
-12.0,-588.0,857.0,12:29:30.742025
69.0,-557.0,939.0,12:29:30.751372
-12.0,-463.0,832.0,12:29:30.761760
-69.0,-465.0,745.0,12:29:30.771347
-91.0,-426.0,850.0,12:29:30.780655
90.0,-598.0,967.0,12:29:30.791215
119.0,-574.0,917.0,12:29:30.800507
-23.0,-501.0,957.0,12:29:30.811125
-62.0,-410.0,1088.0,12:29:30.820492
23.0,-472.0,1005.0,12:29:30.829971
-74.0,-655.0,1038.0,12:29:30.840459
77.0,-645.0,1016.0,12:29:30.849942
-8.0,-631.0,963.0,12:29:30.867706
143.0,-667.0,712.0,12:29:30.871694
-35.0,-514.0,769.0,12:29:30.879866
-99.0,-442.0,937.0,12:29:30.889371
-77.0,-411.0,799.0,12:29:30.899948
20.0,-453.0,1066.0,12:29:30.919551
-28.0,-457.0,866.0,12:29:30.928927
-6.0,-406.0,898.0,12:29:30.938245
-129.0,-283.0,1092.0,12:29:30.948789
94.0,-566.0,1116.0,12:29:30.958142
99.0,-512.0,813.0,12:29:30.968796
19.0,-355.0,803.0,12:29:30.978159
-5.0,-420.0,1021.0,12:29:30.988546
48.0,-438.0,894.0,12:29:30.997986
-41.0,-495.0,985.0,12:29:31.007294
-53.0,-479.0,1004.0,12:29:31.017837
48.0,-609.0,792.0,12:29:31.027117
65.0,-487.0,860.0,12:29:31.037821
33.0,-631.0,1033.0,12:29:31.047074
90.0,-620.0,893.0,12:29:31.057633
75.0,-601.0,978.0,12:29:31.066996
34.0,-613.0,798.0,12:29:31.076449
135.0,-526.0,893.0,12:29:31.086962
147.0,-426.0,816.0,12:29:31.096273
-64.0,-464.0,890.0,12:29:31.106851
-16.0,-449.0,990.0,12:29:31.116117
61.0,-502.0,848.0,12:29:31.125522
114.0,-416.0,879.0,12:29:31.135933
-23.0,-448.0,899.0,12:29:31.145281
-66.0,-531.0,1022.0,12:29:31.155689
58.0,-527.0,945.0,12:29:31.165065
-33.0,-406.0,887.0,12:29:31.175587
67.0,-446.0,897.0,12:29:31.185028
-69.0,-544.0,1059.0,12:29:31.195569
50.0,-623.0,1046.0,12:29:31.204906
35.0,-559.0,896.0,12:29:31.215313
31.0,-597.0,852.0,12:29:31.224736
71.0,-546.0,1107.0,12:29:31.233967
-85.0,-452.0,1039.0,12:29:31.244641
57.0,-496.0,827.0,12:29:31.254030
73.0,-417.0,802.0,12:29:31.269554
-83.0,-465.0,1046.0,12:29:31.273354
85.0,-520.0,912.0,12:29:31.283850
-70.0,-454.0,609.0,12:29:31.293232
-23.0,-499.0,903.0,12:29:31.303714
-5.0,-532.0,1221.0,12:29:31.313058
-56.0,-479.0,917.0,12:29:31.323591
81.0,-514.0,646.0,12:29:31.332978
-26.0,-533.0,922.0,12:29:31.342428
94.0,-619.0,1050.0,12:29:31.352843
115.0,-546.0,829.0,12:29:31.362349
-60.0,-478.0,679.0,12:29:31.372765
20.0,-544.0,927.0,12:29:31.382289
64.0,-549.0,942.0,12:29:31.391577
77.0,-414.0,780.0,12:29:31.402042
104.0,-555.0,703.0,12:29:31.412423
40.0,-497.0,921.0,12:29:31.421809
64.0,-436.0,1055.0,12:29:31.431167
42.0,-533.0,808.0,12:29:31.441751
129.0,-511.0,887.0,12:29:31.451209
69.0,-478.0,1110.0,12:29:31.460588
-25.0,-521.0,1081.0,12:29:31.471218
131.0,-462.0,819.0,12:29:31.480609
13.0,-496.0,832.0,12:29:31.491171
15.0,-457.0,1057.0,12:29:31.500540
24.0,-473.0,1021.0,12:29:31.510950
1.0,-600.0,841.0,12:29:31.520344
23.0,-546.0,765.0,12:29:31.529659
-40.0,-563.0,1124.0,12:29:31.540175
58.0,-476.0,856.0,12:29:31.549622
83.0,-571.0,862.0,12:29:31.560062
33.0,-424.0,985.0,12:29:31.569431
-66.0,-514.0,1067.0,12:29:31.578839
-30.0,-525.0,890.0,12:29:31.589443
2.0,-500.0,763.0,12:29:31.598873
68.0,-469.0,929.0,12:29:31.609383
36.0,-458.0,904.0,12:29:31.618660
34.0,-520.0,844.0,12:29:31.629127
50.0,-429.0,903.0,12:29:31.638408
10.0,-340.0,1020.0,12:29:31.647840
129.0,-326.0,878.0,12:29:31.658274
20.0,-324.0,750.0,12:29:31.667783
12.0,-437.0,974.0,12:29:31.678264
119.0,-607.0,1103.0,12:29:31.687727
68.0,-440.0,790.0,12:29:31.698190
59.0,-547.0,987.0,12:29:31.707557
44.0,-614.0,1004.0,12:29:31.717944
75.0,-679.0,958.0,12:29:31.727357
29.0,-642.0,865.0,12:29:31.736716
52.0,-357.0,819.0,12:29:31.747248
28.0,-632.0,1141.0,12:29:31.756610
-60.0,-648.0,918.0,12:29:31.767071
-116.0,-432.0,588.0,12:29:31.776529
-63.0,-508.0,1063.0,12:29:31.785864
26.0,-609.0,1132.0,12:29:31.796551
-42.0,-606.0,921.0,12:29:31.805892
-16.0,-534.0,783.0,12:29:31.816550
39.0,-528.0,902.0,12:29:31.825879
74.0,-453.0,885.0,12:29:31.835324
-64.0,-357.0,841.0,12:29:31.845775
-4.0,-539.0,829.0,12:29:31.855199
-62.0,-481.0,824.0,12:29:31.865734
-8.0,-498.0,1019.0,12:29:31.875232
-5.0,-404.0,825.0,12:29:31.884623
83.0,-503.0,891.0,12:29:31.895146
-30.0,-552.0,954.0,12:29:31.904526
23.0,-499.0,1021.0,12:29:31.914031
31.0,-313.0,924.0,12:29:31.924482
-49.0,-411.0,906.0,12:29:31.933873
-102.0,-533.0,1048.0,12:29:31.944330
34.0,-584.0,745.0,12:29:31.953654
32.0,-393.0,1046.0,12:29:31.964089
-21.0,-515.0,944.0,12:29:31.973448
123.0,-578.0,926.0,12:29:31.983931
36.0,-538.0,1034.0,12:29:31.993458
-33.0,-342.0,726.0,12:29:32.002819
71.0,-528.0,1157.0,12:29:32.013302
-70.0,-615.0,1171.0,12:29:32.022655
55.0,-526.0,860.0,12:29:32.033125
140.0,-496.0,794.0,12:29:32.042439
-24.0,-527.0,867.0,12:29:32.052863
3.0,-580.0,1003.0,12:29:32.069586
5.0,-676.0,924.0,12:29:32.072221
173.0,-550.0,745.0,12:29:32.081598
117.0,-467.0,917.0,12:29:32.092153
31.0,-380.0,877.0,12:29:32.101403
23.0,-599.0,791.0,12:29:32.112007
49.0,-566.0,744.0,12:29:32.121333
-64.0,-513.0,1206.0,12:29:32.131851
62.0,-538.0,827.0,12:29:32.141219
16.0,-535.0,661.0,12:29:32.150568
-39.0,-471.0,1003.0,12:29:32.161241
-152.0,-489.0,958.0,12:29:32.170653
-51.0,-616.0,735.0,12:29:32.180021
13.0,-544.0,1086.0,12:29:32.190696
11.0,-443.0,1043.0,12:29:32.200026
28.0,-526.0,915.0,12:29:32.210590
150.0,-614.0,743.0,12:29:32.219850
-50.0,-486.0,1092.0,12:29:32.230346
44.0,-572.0,1069.0,12:29:32.239660
91.0,-446.0,663.0,12:29:32.249080
-21.0,-499.0,951.0,12:29:32.259648
36.0,-610.0,1145.0,12:29:32.269043
140.0,-550.0,689.0,12:29:32.279462
-19.0,-438.0,800.0,12:29:32.288902
-113.0,-641.0,1099.0,12:29:32.298306
191.0,-536.0,1035.0,12:29:32.308903
69.0,-425.0,682.0,12:29:32.318255
113.0,-564.0,822.0,12:29:32.328777
38.0,-603.0,954.0,12:29:32.338191
-38.0,-396.0,898.0,12:29:32.347638
8.0,-373.0,819.0,12:29:32.358098
34.0,-579.0,784.0,12:29:32.367374
73.0,-510.0,827.0,12:29:32.377816
-30.0,-660.0,882.0,12:29:32.387180
-28.0,-480.0,906.0,12:29:32.397698
-74.0,-383.0,848.0,12:29:32.407023
29.0,-500.0,952.0,12:29:32.416623
-37.0,-529.0,1060.0,12:29:32.427004
64.0,-640.0,934.0,12:29:32.436443
104.0,-478.0,697.0,12:29:32.446932
-85.0,-487.0,1246.0,12:29:32.456327
-44.0,-650.0,1219.0,12:29:32.471661
93.0,-542.0,611.0,12:29:32.476452
84.0,-493.0,899.0,12:29:32.485876
-63.0,-459.0,1148.0,12:29:32.496277
36.0,-566.0,902.0,12:29:32.505739
-73.0,-413.0,682.0,12:29:32.516125
74.0,-462.0,1045.0,12:29:32.525482
76.0,-639.0,1231.0,12:29:32.535879
78.0,-500.0,733.0,12:29:32.545335
6.0,-524.0,755.0,12:29:32.555664
-40.0,-475.0,999.0,12:29:32.565029
89.0,-501.0,870.0,12:29:32.574378
17.0,-377.0,833.0,12:29:32.584954
-122.0,-360.0,982.0,12:29:32.594198
38.0,-497.0,790.0,12:29:32.604764
84.0,-428.0,863.0,12:29:32.614010
49.0,-265.0,975.0,12:29:32.623536
165.0,-358.0,729.0,12:29:32.633997
24.0,-480.0,946.0,12:29:32.643556
33.0,-495.0,1177.0,12:29:32.654034
31.0,-439.0,757.0,12:29:32.663459
95.0,-487.0,792.0,12:29:32.672886
-59.0,-456.0,1008.0,12:29:32.683436
132.0,-524.0,1176.0,12:29:32.692875
137.0,-545.0,841.0,12:29:32.702326
49.0,-550.0,826.0,12:29:32.712914
-45.0,-553.0,1369.0,12:29:32.722276
30.0,-612.0,1105.0,12:29:32.732784
101.0,-437.0,695.0,12:29:32.742299
-58.0,-621.0,858.0,12:29:32.751628
46.0,-502.0,992.0,12:29:32.762152
-9.0,-509.0,927.0,12:29:32.771560
-36.0,-501.0,557.0,12:29:32.781978
46.0,-500.0,948.0,12:29:32.791350
89.0,-536.0,1028.0,12:29:32.801906
4.0,-494.0,778.0,12:29:32.811309
-41.0,-385.0,1017.0,12:29:32.820583
101.0,-446.0,662.0,12:29:32.831139
2.0,-572.0,845.0,12:29:32.840444
-43.0,-443.0,1227.0,12:29:32.850940
75.0,-433.0,894.0,12:29:32.860231
66.0,-549.0,870.0,12:29:32.870726
39.0,-385.0,910.0,12:29:32.880035
152.0,-499.0,936.0,12:29:32.890544
140.0,-532.0,1003.0,12:29:32.900007
54.0,-520.0,1004.0,12:29:32.909371
142.0,-478.0,1081.0,12:29:32.919773
168.0,-525.0,806.0,12:29:32.929194
126.0,-589.0,926.0,12:29:32.939546
71.0,-620.0,991.0,12:29:32.948968
83.0,-604.0,1003.0,12:29:32.959410
3.0,-411.0,906.0,12:29:32.968859
-139.0,-479.0,1036.0,12:29:32.979294
-15.0,-660.0,1041.0,12:29:32.988813
109.0,-486.0,710.0,12:29:32.998082
107.0,-426.0,894.0,12:29:33.008582
34.0,-474.0,1040.0,12:29:33.017888
79.0,-541.0,790.0,12:29:33.028393
111.0,-478.0,668.0,12:29:33.037796
106.0,-387.0,931.0,12:29:33.048266
-30.0,-513.0,907.0,12:29:33.057823
42.0,-622.0,701.0,12:29:33.067101
-62.0,-516.0,1064.0,12:29:33.077727
85.0,-483.0,921.0,12:29:33.087099
30.0,-472.0,730.0,12:29:33.097684
54.0,-444.0,979.0,12:29:33.107031
9.0,-541.0,1187.0,12:29:33.116463
123.0,-463.0,759.0,12:29:33.126905
96.0,-527.0,841.0,12:29:33.136312
-38.0,-475.0,1178.0,12:29:33.146786
154.0,-456.0,1022.0,12:29:33.156253
85.0,-631.0,680.0,12:29:33.165652
144.0,-608.0,962.0,12:29:33.176234
8.0,-557.0,1084.0,12:29:33.185754
-16.0,-494.0,924.0,12:29:33.195148
123.0,-685.0,801.0,12:29:33.205673
1.0,-518.0,750.0,12:29:33.214998
-27.0,-552.0,989.0,12:29:33.225397
-76.0,-524.0,1071.0,12:29:33.234803
0.0,-449.0,687.0,12:29:33.245225
-188.0,-448.0,795.0,12:29:33.254782
13.0,-581.0,784.0,12:29:33.267378
-39.0,-400.0,1001.0,12:29:33.275569
25.0,-476.0,1039.0,12:29:33.284420
64.0,-339.0,904.0,12:29:33.293849
38.0,-450.0,870.0,12:29:33.304355
99.0,-553.0,813.0,12:29:33.313670
9.0,-393.0,915.0,12:29:33.324235
124.0,-421.0,947.0,12:29:33.333549
53.0,-511.0,923.0,12:29:33.342875
1.0,-576.0,1129.0,12:29:33.353466
25.0,-457.0,1018.0,12:29:33.362778
52.0,-446.0,1000.0,12:29:33.373213
5.0,-413.0,997.0,12:29:33.382474
-52.0,-541.0,1189.0,12:29:33.392945
40.0,-561.0,1134.0,12:29:33.402443
105.0,-471.0,739.0,12:29:33.412931
121.0,-603.0,887.0,12:29:33.422322
143.0,-597.0,1049.0,12:29:33.431674
55.0,-452.0,857.0,12:29:33.442126
62.0,-465.0,641.0,12:29:33.451508
55.0,-558.0,856.0,12:29:33.461909
-106.0,-473.0,1011.0,12:29:33.471293
136.0,-510.0,802.0,12:29:33.481710
-53.0,-367.0,758.0,12:29:33.491222
52.0,-465.0,952.0,12:29:33.501637
70.0,-537.0,911.0,12:29:33.511084
26.0,-446.0,1054.0,12:29:33.520369
89.0,-490.0,841.0,12:29:33.530827
53.0,-450.0,826.0,12:29:33.540140
106.0,-464.0,1042.0,12:29:33.550637
-54.0,-559.0,1001.0,12:29:33.559998
-8.0,-603.0,840.0,12:29:33.570543
32.0,-550.0,919.0,12:29:33.579980
112.0,-645.0,1056.0,12:29:33.589396
38.0,-612.0,700.0,12:29:33.599959
-98.0,-555.0,899.0,12:29:33.609387
-58.0,-537.0,1093.0,12:29:33.619944
44.0,-515.0,853.0,12:29:33.629340
-85.0,-474.0,747.0,12:29:33.638869
17.0,-503.0,986.0,12:29:33.649365
-68.0,-546.0,1026.0,12:29:33.658853
-26.0,-521.0,828.0,12:29:33.675051
148.0,-481.0,930.0,12:29:33.679676
-102.0,-419.0,950.0,12:29:33.687924
20.0,-527.0,1002.0,12:29:33.698412
-82.0,-537.0,904.0,12:29:33.707815
188.0,-416.0,880.0,12:29:33.718354
-116.0,-419.0,871.0,12:29:33.727724
-8.0,-435.0,797.0,12:29:33.737141
72.0,-614.0,974.0,12:29:33.747744
45.0,-399.0,808.0,12:29:33.757085
27.0,-512.0,908.0,12:29:33.767491
8.0,-499.0,1156.0,12:29:33.776778
126.0,-480.0,833.0,12:29:33.787266
-4.0,-411.0,965.0,12:29:33.796685
83.0,-432.0,1120.0,12:29:33.807173
120.0,-438.0,924.0,12:29:33.816618
104.0,-414.0,773.0,12:29:33.825996
65.0,-439.0,1028.0,12:29:33.836480
167.0,-513.0,900.0,12:29:33.845781
30.0,-564.0,841.0,12:29:33.856167
165.0,-510.0,943.0,12:29:33.865529
5.0,-575.0,838.0,12:29:33.875947
29.0,-537.0,807.0,12:29:33.885277
206.0,-576.0,959.0,12:29:33.895705
64.0,-501.0,978.0,12:29:33.905170
41.0,-438.0,826.0,12:29:33.914468
74.0,-490.0,819.0,12:29:33.924985
63.0,-537.0,1114.0,12:29:33.934238
0.0,-413.0,871.0,12:29:33.944733
-52.0,-611.0,764.0,12:29:33.953989
87.0,-642.0,962.0,12:29:33.964708
-15.0,-617.0,971.0,12:29:33.973987
-47.0,-477.0,807.0,12:29:33.984610
83.0,-445.0,971.0,12:29:33.993900
63.0,-575.0,1036.0,12:29:34.003237
-11.0,-489.0,827.0,12:29:34.013608
152.0,-550.0,838.0,12:29:34.023007
1.0,-452.0,965.0,12:29:34.033563
55.0,-440.0,966.0,12:29:34.042962
52.0,-481.0,939.0,12:29:34.053487
121.0,-593.0,917.0,12:29:34.062988
2.0,-511.0,826.0,12:29:34.072346
183.0,-396.0,898.0,12:29:34.082879
-43.0,-385.0,1041.0,12:29:34.092376
-47.0,-408.0,986.0,12:29:34.101745
70.0,-570.0,923.0,12:29:34.112238
-19.0,-508.0,946.0,12:29:34.121565
165.0,-420.0,960.0,12:29:34.132105
101.0,-558.0,941.0,12:29:34.141521
137.0,-538.0,906.0,12:29:34.151938
89.0,-460.0,921.0,12:29:34.161310
99.0,-518.0,820.0,12:29:34.170707
143.0,-600.0,972.0,12:29:34.181174
10.0,-503.0,999.0,12:29:34.190583
-8.0,-510.0,910.0,12:29:34.201081
-4.0,-541.0,932.0,12:29:34.210461
111.0,-469.0,966.0,12:29:34.219976
72.0,-548.0,810.0,12:29:34.230419
8.0,-499.0,903.0,12:29:34.239712
-66.0,-570.0,1045.0,12:29:34.250190
-11.0,-519.0,968.0,12:29:34.259490
27.0,-606.0,882.0,12:29:34.270068
-40.0,-538.0,928.0,12:29:34.279294
-52.0,-573.0,985.0,12:29:34.289958
61.0,-468.0,836.0,12:29:34.299311
-35.0,-479.0,919.0,12:29:34.309803
73.0,-512.0,935.0,12:29:34.319116
70.0,-545.0,865.0,12:29:34.328507
115.0,-527.0,882.0,12:29:34.338943
-87.0,-345.0,898.0,12:29:34.348307
29.0,-414.0,875.0,12:29:34.358709
26.0,-359.0,866.0,12:29:34.378236
13.0,-449.0,959.0,12:29:34.387661
93.0,-439.0,814.0,12:29:34.398056
35.0,-323.0,977.0,12:29:34.407541
-126.0,-420.0,1114.0,12:29:34.417987
155.0,-508.0,960.0,12:29:34.427340
142.0,-510.0,816.0,12:29:34.437865
-56.0,-578.0,1055.0,12:29:34.447234
196.0,-735.0,974.0,12:29:34.456675
49.0,-472.0,818.0,12:29:34.467182
25.0,-559.0,966.0,12:29:34.476644
-63.0,-512.0,958.0,12:29:34.486119
95.0,-505.0,663.0,12:29:34.496688
80.0,-393.0,715.0,12:29:34.506016
-84.0,-512.0,1075.0,12:29:34.516649
57.0,-528.0,925.0,12:29:34.526076
6.0,-503.0,743.0,12:29:34.535443
43.0,-391.0,829.0,12:29:34.545870
34.0,-598.0,1129.0,12:29:34.555266
102.0,-539.0,918.0,12:29:34.565912
16.0,-459.0,829.0,12:29:34.575238
17.0,-460.0,915.0,12:29:34.584728
60.0,-454.0,880.0,12:29:34.595154
0.0,-607.0,1050.0,12:29:34.604714
106.0,-544.0,876.0,12:29:34.624214
-68.0,-548.0,1020.0,12:29:34.634768
169.0,-708.0,954.0,12:29:34.644213
74.0,-555.0,917.0,12:29:34.654597
-12.0,-506.0,894.0,12:29:34.663984
86.0,-503.0,904.0,12:29:34.673373
12.0,-453.0,925.0,12:29:34.683897
-39.0,-454.0,851.0,12:29:34.693215
4.0,-472.0,874.0,12:29:34.703721
29.0,-415.0,888.0,12:29:34.713071
23.0,-434.0,976.0,12:29:34.723608
0.0,-475.0,864.0,12:29:34.732881
114.0,-508.0,890.0,12:29:34.742356
14.0,-447.0,875.0,12:29:34.752751
-7.0,-433.0,893.0,12:29:34.762083
90.0,-532.0,982.0,12:29:34.772538
-28.0,-541.0,930.0,12:29:34.781868
100.0,-528.0,848.0,12:29:34.792342
108.0,-537.0,932.0,12:29:34.801806
88.0,-569.0,908.0,12:29:34.812322
41.0,-449.0,873.0,12:29:34.821686
32.0,-464.0,1018.0,12:29:34.831034
25.0,-399.0,792.0,12:29:34.841517
81.0,-350.0,813.0,12:29:34.850804
29.0,-390.0,950.0,12:29:34.861250
122.0,-505.0,1021.0,12:29:34.877915
100.0,-499.0,963.0,12:29:34.881660
141.0,-536.0,971.0,12:29:34.891116
93.0,-473.0,1052.0,12:29:34.900434
102.0,-626.0,1020.0,12:29:34.910864
69.0,-605.0,932.0,12:29:34.920166
159.0,-584.0,1005.0,12:29:34.929493
13.0,-547.0,1090.0,12:29:34.940063
204.0,-531.0,685.0,12:29:34.949465
-27.0,-566.0,820.0,12:29:34.960023
108.0,-582.0,929.0,12:29:34.969396
-82.0,-477.0,890.0,12:29:34.978861
-6.0,-468.0,957.0,12:29:34.989398
57.0,-546.0,1011.0,12:29:34.998912
-45.0,-567.0,824.0,12:29:35.009359
165.0,-489.0,990.0,12:29:35.018865
9.0,-389.0,1127.0,12:29:35.028249
76.0,-395.0,853.0,12:29:35.038912
51.0,-379.0,880.0,12:29:35.048212
21.0,-534.0,953.0,12:29:35.057644
37.0,-516.0,915.0,12:29:35.068032
31.0,-446.0,995.0,12:29:35.077411
-45.0,-504.0,1031.0,12:29:35.087823
-19.0,-430.0,839.0,12:29:35.097190
108.0,-613.0,945.0,12:29:35.107683
44.0,-513.0,884.0,12:29:35.117146
16.0,-491.0,829.0,12:29:35.127666
99.0,-529.0,874.0,12:29:35.137037
2.0,-518.0,894.0,12:29:35.146310
115.0,-562.0,838.0,12:29:35.156976
-5.0,-513.0,818.0,12:29:35.166323
148.0,-602.0,938.0,12:29:35.176907
-66.0,-415.0,982.0,12:29:35.186173
77.0,-503.0,876.0,12:29:35.195643
44.0,-504.0,923.0,12:29:35.206040
-42.0,-497.0,1024.0,12:29:35.215367
15.0,-505.0,871.0,12:29:35.225813
3.0,-474.0,789.0,12:29:35.235167
23.0,-401.0,1048.0,12:29:35.245612
-94.0,-454.0,947.0,12:29:35.255061
130.0,-658.0,864.0,12:29:35.265593
-58.0,-525.0,955.0,12:29:35.275031
-14.0,-442.0,936.0,12:29:35.284363
-26.0,-528.0,929.0,12:29:35.294843
-22.0,-436.0,932.0,12:29:35.304149
-102.0,-378.0,956.0,12:29:35.314703
-70.0,-534.0,837.0,12:29:35.324117
-11.0,-571.0,1039.0,12:29:35.343730
132.0,-614.0,894.0,12:29:35.354180
218.0,-637.0,940.0,12:29:35.363447
-2.0,-425.0,831.0,12:29:35.373866
78.0,-492.0,881.0,12:29:35.383230
108.0,-503.0,897.0,12:29:35.393612
51.0,-419.0,1004.0,12:29:35.402959
-20.0,-414.0,879.0,12:29:35.413444
16.0,-504.0,888.0,12:29:35.422919
4.0,-597.0,995.0,12:29:35.432232
138.0,-588.0,932.0,12:29:35.442791
-16.0,-486.0,861.0,12:29:35.452255
135.0,-614.0,862.0,12:29:35.461662
53.0,-608.0,804.0,12:29:35.472136
130.0,-511.0,996.0,12:29:35.481471
-2.0,-573.0,855.0,12:29:35.491906
63.0,-482.0,758.0,12:29:35.501335
7.0,-472.0,1050.0,12:29:35.511741
67.0,-637.0,1099.0,12:29:35.521177
23.0,-540.0,733.0,12:29:35.531661
144.0,-528.0,843.0,12:29:35.541199
-127.0,-519.0,1023.0,12:29:35.550696
70.0,-468.0,900.0,12:29:35.560476
-46.0,-420.0,886.0,12:29:35.571118
5.0,-377.0,761.0,12:29:35.580594
-68.0,-381.0,937.0,12:29:35.589968
-15.0,-427.0,896.0,12:29:35.600525
-49.0,-430.0,980.0,12:29:35.609972
44.0,-502.0,926.0,12:29:35.620500
39.0,-609.0,1043.0,12:29:35.629367
60.0,-561.0,927.0,12:29:35.640137
-24.0,-583.0,802.0,12:29:35.649425
21.0,-447.0,948.0,12:29:35.659006
141.0,-562.0,1008.0,12:29:35.669365
27.0,-560.0,856.0,12:29:35.679702
0.0,-444.0,798.0,12:29:35.688651
-5.0,-453.0,830.0,12:29:35.699204
9.0,-413.0,880.0,12:29:35.708563
6.0,-636.0,864.0,12:29:35.718965
-26.0,-527.0,937.0,12:29:35.728314
48.0,-424.0,1029.0,12:29:35.738735
-17.0,-478.0,997.0,12:29:35.748089
95.0,-469.0,807.0,12:29:35.757375
14.0,-361.0,951.0,12:29:35.767835
57.0,-322.0,1109.0,12:29:35.777085
166.0,-509.0,918.0,12:29:35.787729
19.0,-447.0,915.0,12:29:35.797028
-24.0,-302.0,983.0,12:29:35.807495
-37.0,-449.0,940.0,12:29:35.816732
130.0,-576.0,1019.0,12:29:35.827331
52.0,-466.0,1050.0,12:29:35.836625
103.0,-543.0,921.0,12:29:35.847198
111.0,-486.0,895.0,12:29:35.856524
123.0,-544.0,1012.0,12:29:35.865936
133.0,-548.0,891.0,12:29:35.876509
79.0,-620.0,898.0,12:29:35.886008
58.0,-484.0,976.0,12:29:35.895349
78.0,-487.0,838.0,12:29:35.905855
57.0,-556.0,728.0,12:29:35.915215
-100.0,-549.0,960.0,12:29:35.925874
63.0,-611.0,998.0,12:29:35.935203
32.0,-610.0,809.0,12:29:35.944736
2.0,-451.0,711.0,12:29:35.955138
-67.0,-485.0,896.0,12:29:35.964647
-182.0,-531.0,964.0,12:29:35.975089
17.0,-460.0,870.0,12:29:35.984693
-30.0,-499.0,854.0,12:29:35.993984
19.0,-490.0,862.0,12:29:36.004597
-111.0,-573.0,1142.0,12:29:36.013937
-98.0,-568.0,975.0,12:29:36.024543
94.0,-558.0,859.0,12:29:36.033906
24.0,-477.0,1031.0,12:29:36.043248
-14.0,-490.0,945.0,12:29:36.053704
100.0,-563.0,837.0,12:29:36.063101
61.0,-505.0,843.0,12:29:36.081440
-8.0,-491.0,930.0,12:29:36.084084
-22.0,-480.0,990.0,12:29:36.092474
-50.0,-385.0,747.0,12:29:36.102915
66.0,-490.0,875.0,12:29:36.112362
47.0,-527.0,958.0,12:29:36.122799
100.0,-502.0,928.0,12:29:36.132319
81.0,-526.0,861.0,12:29:36.142800
50.0,-442.0,916.0,12:29:36.152415
98.0,-514.0,1063.0,12:29:36.161734
-27.0,-447.0,810.0,12:29:36.172296
149.0,-457.0,869.0,12:29:36.181610
21.0,-494.0,924.0,12:29:36.191045
48.0,-441.0,858.0,12:29:36.201458
33.0,-425.0,977.0,12:29:36.210889
94.0,-554.0,821.0,12:29:36.221307
198.0,-530.0,1012.0,12:29:36.230791
14.0,-581.0,929.0,12:29:36.241292
130.0,-571.0,840.0,12:29:36.250616
89.0,-673.0,879.0,12:29:36.259971
14.0,-550.0,882.0,12:29:36.270490
74.0,-530.0,992.0,12:29:36.279804
-48.0,-616.0,978.0,12:29:36.290305
133.0,-502.0,703.0,12:29:36.299679
-5.0,-499.0,1178.0,12:29:36.310298
-36.0,-414.0,847.0,12:29:36.319587
-13.0,-537.0,731.0,12:29:36.330044
-148.0,-573.0,1070.0,12:29:36.339401
18.0,-678.0,990.0,12:29:36.348921
8.0,-455.0,955.0,12:29:36.359440
-36.0,-568.0,872.0,12:29:36.368876
24.0,-417.0,756.0,12:29:36.378262
-20.0,-529.0,1045.0,12:29:36.388883
20.0,-521.0,885.0,12:29:36.398201
-19.0,-462.0,809.0,12:29:36.408824
-48.0,-457.0,1024.0,12:29:36.418216
41.0,-480.0,966.0,12:29:36.427657
-1.0,-345.0,797.0,12:29:36.438136
16.0,-455.0,1011.0,12:29:36.447483
22.0,-553.0,920.0,12:29:36.457918
21.0,-492.0,843.0,12:29:36.467285
-110.0,-322.0,871.0,12:29:36.477790
69.0,-548.0,954.0,12:29:36.487187
164.0,-562.0,977.0,12:29:36.496696
131.0,-551.0,960.0,12:29:36.507233
134.0,-510.0,659.0,12:29:36.516681
100.0,-404.0,948.0,12:29:36.527090
47.0,-604.0,897.0,12:29:36.545750
177.0,-512.0,828.0,12:29:36.556200
144.0,-525.0,1073.0,12:29:36.565542
-33.0,-507.0,947.0,12:29:36.576079
12.0,-447.0,865.0,12:29:36.585325
-55.0,-592.0,1106.0,12:29:36.595868
-32.0,-543.0,792.0,12:29:36.605110
-147.0,-511.0,983.0,12:29:36.615827
-89.0,-471.0,1045.0,12:29:36.625159
-139.0,-494.0,892.0,12:29:36.634599
-58.0,-557.0,889.0,12:29:36.645022
118.0,-466.0,711.0,12:29:36.654479
-66.0,-387.0,1053.0,12:29:36.664879
139.0,-554.0,974.0,12:29:36.674325
18.0,-520.0,817.0,12:29:36.684699
75.0,-409.0,987.0,12:29:36.694234
-57.0,-380.0,1012.0,12:29:36.703521
72.0,-414.0,984.0,12:29:36.714057
10.0,-378.0,1019.0,12:29:36.723340
102.0,-576.0,837.0,12:29:36.733870
191.0,-548.0,976.0,12:29:36.743136
72.0,-422.0,963.0,12:29:36.753609
130.0,-425.0,910.0,12:29:36.762885
137.0,-373.0,945.0,12:29:36.773583
30.0,-406.0,906.0,12:29:36.782886
105.0,-441.0,908.0,12:29:36.792292
-53.0,-468.0,1030.0,12:29:36.802796
165.0,-523.0,883.0,12:29:36.812338
83.0,-416.0,740.0,12:29:36.822836
9.0,-500.0,1063.0,12:29:36.832347
58.0,-604.0,1023.0,12:29:36.841634
102.0,-549.0,756.0,12:29:36.852342
-17.0,-446.0,802.0,12:29:36.861637
-42.0,-509.0,1155.0,12:29:36.871123
29.0,-419.0,812.0,12:29:36.884583
9.0,-470.0,765.0,12:29:36.891687
18.0,-410.0,912.0,12:29:36.901088
-33.0,-414.0,987.0,12:29:36.910403
111.0,-524.0,782.0,12:29:36.920892
-44.0,-485.0,904.0,12:29:36.930275
96.0,-579.0,1136.0,12:29:36.940781
64.0,-564.0,962.0,12:29:36.950092
139.0,-526.0,735.0,12:29:36.960592
-68.0,-547.0,1130.0,12:29:36.970093
195.0,-629.0,1031.0,12:29:36.979430
46.0,-567.0,701.0,12:29:36.989982
10.0,-376.0,969.0,12:29:36.999264
126.0,-431.0,907.0,12:29:37.009963
107.0,-632.0,781.0,12:29:37.019224
95.0,-521.0,900.0,12:29:37.029711
-70.0,-504.0,1018.0,12:29:37.038983
37.0,-546.0,852.0,12:29:37.049478
48.0,-531.0,964.0,12:29:37.058799
38.0,-618.0,962.0,12:29:37.068124
105.0,-562.0,956.0,12:29:37.078578
-109.0,-392.0,876.0,12:29:37.087940
7.0,-571.0,946.0,12:29:37.098370
6.0,-549.0,1055.0,12:29:37.107791
-64.0,-604.0,745.0,12:29:37.118205
31.0,-503.0,737.0,12:29:37.127764
-35.0,-542.0,1005.0,12:29:37.138165
-75.0,-441.0,950.0,12:29:37.147535
45.0,-632.0,765.0,12:29:37.156831
-49.0,-491.0,799.0,12:29:37.167330
-13.0,-655.0,1319.0,12:29:37.176719
-28.0,-426.0,703.0,12:29:37.187172
113.0,-538.0,673.0,12:29:37.196589
-58.0,-584.0,1267.0,12:29:37.207163
0.0,-476.0,1056.0,12:29:37.216612
254.0,-575.0,681.0,12:29:37.225862
69.0,-469.0,726.0,12:29:37.236557
130.0,-451.0,819.0,12:29:37.245943
-19.0,-380.0,1034.0,12:29:37.255367
74.0,-590.0,978.0,12:29:37.265778
-42.0,-299.0,670.0,12:29:37.283376
-27.0,-409.0,1123.0,12:29:37.287523
-50.0,-689.0,1221.0,12:29:37.295640
152.0,-515.0,503.0,12:29:37.304993
64.0,-405.0,719.0,12:29:37.315526
-128.0,-521.0,1243.0,12:29:37.324873
37.0,-559.0,1293.0,12:29:37.334201
12.0,-655.0,789.0,12:29:37.344703
113.0,-495.0,751.0,12:29:37.354060
-13.0,-370.0,990.0,12:29:37.364692
21.0,-534.0,1139.0,12:29:37.374093
37.0,-443.0,611.0,12:29:37.383560
60.0,-615.0,775.0,12:29:37.394164
14.0,-353.0,936.0,12:29:37.403676
-66.0,-355.0,860.0,12:29:37.413164
11.0,-335.0,906.0,12:29:37.423610
-2.0,-627.0,1248.0,12:29:37.433076
61.0,-603.0,968.0,12:29:37.443492
97.0,-525.0,850.0,12:29:37.452858
-191.0,-325.0,682.0,12:29:37.462334
-15.0,-405.0,952.0,12:29:37.472934
-130.0,-557.0,1252.0,12:29:37.482284
69.0,-555.0,690.0,12:29:37.492734
155.0,-467.0,755.0,12:29:37.502019
-42.0,-345.0,987.0,12:29:37.512504
165.0,-624.0,989.0,12:29:37.521753
-3.0,-763.0,1135.0,12:29:37.532331
50.0,-506.0,641.0,12:29:37.541691
16.0,-662.0,1432.0,12:29:37.551060
-18.0,-500.0,1062.0,12:29:37.561579
44.0,-565.0,966.0,12:29:37.581246
71.0,-455.0,836.0,12:29:37.590583
-51.0,-466.0,967.0,12:29:37.601198
-93.0,-550.0,940.0,12:29:37.610485
-87.0,-531.0,713.0,12:29:37.620064
-53.0,-632.0,1088.0,12:29:37.630531
-12.0,-545.0,713.0,12:29:37.640017
37.0,-593.0,989.0,12:29:37.650409
-60.0,-304.0,949.0,12:29:37.659812
74.0,-459.0,880.0,12:29:37.670221
48.0,-437.0,601.0,12:29:37.679571
-61.0,-253.0,546.0,12:29:37.690022
-88.0,-539.0,1080.0,12:29:37.699526
203.0,-467.0,971.0,12:29:37.709084
-199.0,-247.0,877.0,12:29:37.719703
113.0,-364.0,1006.0,12:29:37.728973
59.0,-568.0,1051.0,12:29:37.738347
168.0,-570.0,1282.0,12:29:37.748915
101.0,-375.0,561.0,12:29:37.758313
161.0,-660.0,703.0,12:29:37.768854
82.0,-663.0,1459.0,12:29:37.778238
66.0,-624.0,823.0,12:29:37.787519
226.0,-578.0,429.0,12:29:37.797988
-41.0,-393.0,870.0,12:29:37.807287
3.0,-734.0,1157.0,12:29:37.817854
-54.0,-463.0,1007.0,12:29:37.827206
-149.0,-454.0,1168.0,12:29:37.837786
214.0,-402.0,858.0,12:29:37.847119
104.0,-622.0,880.0,12:29:37.856584
142.0,-701.0,901.0,12:29:37.866982
221.0,-582.0,714.0,12:29:37.876320
4.0,-531.0,886.0,12:29:37.886849
155.0,-532.0,851.0,12:29:37.896293
-181.0,-372.0,943.0,12:29:37.906836
-109.0,-312.0,486.0,12:29:37.916239
-267.0,-351.0,1212.0,12:29:37.925717
-97.0,-407.0,1030.0,12:29:37.936208
242.0,-631.0,587.0,12:29:37.945620
-76.0,-257.0,1163.0,12:29:37.956029
107.0,-453.0,1399.0,12:29:37.965324
118.0,-644.0,719.0,12:29:37.975818
73.0,-278.0,636.0,12:29:37.985134
97.0,-361.0,1135.0,12:29:37.994505
102.0,-707.0,1133.0,12:29:38.004944
126.0,-453.0,834.0,12:29:38.014347
-142.0,-393.0,924.0,12:29:38.024804
43.0,-612.0,1083.0,12:29:38.034185
161.0,-508.0,895.0,12:29:38.044676
-53.0,-637.0,1114.0,12:29:38.054054
139.0,-633.0,870.0,12:29:38.064618
-51.0,-595.0,737.0,12:29:38.073948
179.0,-686.0,792.0,12:29:38.085532
24.0,-502.0,836.0,12:29:38.093911
