-102.0,-479.0,728.0,12:33:22.381087
4.0,-555.0,860.0,12:33:22.388158
242.0,-716.0,669.0,12:33:22.398580
-70.0,-337.0,956.0,12:33:22.407870
27.0,-473.0,1104.0,12:33:22.418335
4.0,-507.0,698.0,12:33:22.427838
19.0,-352.0,738.0,12:33:22.437149
-136.0,-613.0,853.0,12:33:22.447769
-27.0,-678.0,957.0,12:33:22.457057
175.0,-420.0,839.0,12:33:22.467520
-14.0,-618.0,1105.0,12:33:22.476878
95.0,-581.0,1002.0,12:33:22.487302
136.0,-509.0,982.0,12:33:22.496704
123.0,-681.0,600.0,12:33:22.507059
-95.0,-646.0,991.0,12:33:22.516514
-89.0,-329.0,1198.0,12:33:22.525845
39.0,-408.0,529.0,12:33:22.536515
-17.0,-382.0,800.0,12:33:22.545777
87.0,-468.0,1185.0,12:33:22.556295
-9.0,-339.0,757.0,12:33:22.565669
-45.0,-469.0,971.0,12:33:22.575135
200.0,-482.0,1136.0,12:33:22.585709
-73.0,-573.0,1192.0,12:33:22.595110
100.0,-450.0,629.0,12:33:22.605668
221.0,-331.0,843.0,12:33:22.614964
52.0,-671.0,1368.0,12:33:22.624462
64.0,-519.0,964.0,12:33:22.634841
60.0,-327.0,333.0,12:33:22.644192
149.0,-571.0,837.0,12:33:22.654716
-138.0,-723.0,1414.0,12:33:22.664066
68.0,-455.0,820.0,12:33:22.674551
-34.0,-215.0,624.0,12:33:22.683967
143.0,-407.0,1291.0,12:33:22.693383
69.0,-533.0,910.0,12:33:22.704084
80.0,-446.0,1235.0,12:33:22.723599
-260.0,-464.0,1211.0,12:33:22.732997
118.0,-566.0,812.0,12:33:22.743543
125.0,-698.0,556.0,12:33:22.752920
58.0,-840.0,1240.0,12:33:22.763435
-40.0,-503.0,1048.0,12:33:22.772792
-92.0,-154.0,599.0,12:33:22.782279
97.0,-479.0,882.0,12:33:22.792767
72.0,-725.0,1017.0,12:33:22.802035
185.0,-443.0,620.0,12:33:22.812576
136.0,-358.0,819.0,12:33:22.821814
-209.0,-311.0,1033.0,12:33:22.832403
-188.0,-380.0,1140.0,12:33:22.841661
120.0,-576.0,755.0,12:33:22.851130
9.0,-418.0,533.0,12:33:22.861633
-101.0,-391.0,1326.0,12:33:22.871100
-91.0,-458.0,1409.0,12:33:22.881522
82.0,-785.0,758.0,12:33:22.890878
20.0,-633.0,708.0,12:33:22.901308
-173.0,-550.0,1123.0,12:33:22.910647
5.0,-678.0,1075.0,12:33:22.921203
-89.0,-554.0,911.0,12:33:22.930470
-77.0,-410.0,488.0,12:33:22.940900
86.0,-361.0,848.0,12:33:22.950155
2.0,-261.0,1104.0,12:33:22.960641
85.0,-423.0,623.0,12:33:22.969978
247.0,-478.0,741.0,12:33:22.979438
130.0,-214.0,947.0,12:33:22.989764
-42.0,-265.0,1071.0,12:33:22.999222
38.0,-404.0,975.0,12:33:23.009678
43.0,-352.0,1078.0,12:33:23.019030
190.0,-516.0,1049.0,12:33:23.029532
138.0,-745.0,1119.0,12:33:23.039010
-39.0,-522.0,860.0,12:33:23.049428
55.0,-564.0,1015.0,12:33:23.067870
318.0,-852.0,737.0,12:33:23.069255
264.0,-427.0,610.0,12:33:23.078600
1.0,-275.0,1064.0,12:33:23.087992
-149.0,-456.0,1214.0,12:33:23.098408
82.0,-745.0,1063.0,12:33:23.107868
245.0,-445.0,320.0,12:33:23.118382
209.0,-399.0,905.0,12:33:23.127710
286.0,-629.0,1433.0,12:33:23.137127
-56.0,-485.0,943.0,12:33:23.147651
-64.0,-546.0,548.0,12:33:23.157056
256.0,-595.0,790.0,12:33:23.167542
92.0,-564.0,1253.0,12:33:23.176910
-88.0,-383.0,764.0,12:33:23.187502
-91.0,-345.0,537.0,12:33:23.196810
276.0,-699.0,1024.0,12:33:23.206182
163.0,-659.0,675.0,12:33:23.216657
63.0,-283.0,1025.0,12:33:23.226047
31.0,-311.0,657.0,12:33:23.236594
-76.0,-398.0,1037.0,12:33:23.245956
91.0,-431.0,903.0,12:33:23.256477
-228.0,-598.0,1224.0,12:33:23.265872
182.0,-388.0,1062.0,12:33:23.275157
-107.0,-534.0,995.0,12:33:23.285759
-66.0,-604.0,1064.0,12:33:23.295107
80.0,-824.0,1116.0,12:33:23.305718
275.0,-472.0,687.0,12:33:23.314998
-35.0,-589.0,893.0,12:33:23.325415
157.0,-510.0,870.0,12:33:23.334837
-1.0,-544.0,623.0,12:33:23.344178
-19.0,-440.0,560.0,12:33:23.354689
232.0,-577.0,1380.0,12:33:23.364111
-213.0,-265.0,1478.0,12:33:23.374671
17.0,-430.0,881.0,12:33:23.383961
-88.0,-369.0,606.0,12:33:23.393584
32.0,-719.0,1326.0,12:33:23.403996
130.0,-677.0,1061.0,12:33:23.413421
188.0,-567.0,575.0,12:33:23.423838
132.0,-380.0,810.0,12:33:23.433133
-27.0,-444.0,1036.0,12:33:23.443620
-58.0,-458.0,740.0,12:33:23.452898
-164.0,-325.0,618.0,12:33:23.467942
41.0,-453.0,891.0,12:33:23.472865
-25.0,-399.0,1062.0,12:33:23.482136
-11.0,-580.0,1203.0,12:33:23.492774
89.0,-459.0,932.0,12:33:23.502139
-110.0,-296.0,909.0,12:33:23.512633
93.0,-284.0,871.0,12:33:23.521908
33.0,-585.0,1197.0,12:33:23.532416
-23.0,-318.0,805.0,12:33:23.541698
47.0,-587.0,881.0,12:33:23.551161
-120.0,-631.0,873.0,12:33:23.561624
240.0,-655.0,808.0,12:33:23.571023
-35.0,-635.0,874.0,12:33:23.581483
-23.0,-421.0,914.0,12:33:23.590756
-96.0,-385.0,740.0,12:33:23.601354
43.0,-447.0,1157.0,12:33:23.610604
25.0,-426.0,1172.0,12:33:23.621282
229.0,-287.0,549.0,12:33:23.630561
-97.0,-380.0,994.0,12:33:23.640054
46.0,-838.0,1435.0,12:33:23.650630
453.0,-719.0,1040.0,12:33:23.660023
-71.0,-699.0,819.0,12:33:23.670555
95.0,-672.0,654.0,12:33:23.680052
-129.0,-538.0,831.0,12:33:23.689427
62.0,-650.0,857.0,12:33:23.699947
336.0,-690.0,769.0,12:33:23.709313
107.0,-436.0,641.0,12:33:23.719886
-127.0,-271.0,970.0,12:33:23.729316
-116.0,-244.0,924.0,12:33:23.738579
-41.0,-305.0,797.0,12:33:23.749135
40.0,-630.0,1320.0,12:33:23.758465
-28.0,-551.0,1065.0,12:33:23.768979
64.0,-489.0,792.0,12:33:23.778327
33.0,-589.0,1103.0,12:33:23.788927
-22.0,-817.0,1058.0,12:33:23.798229
174.0,-432.0,598.0,12:33:23.807659
-36.0,-436.0,924.0,12:33:23.818081
-4.0,-599.0,970.0,12:33:23.827432
135.0,-594.0,713.0,12:33:23.837848
60.0,-567.0,756.0,12:33:23.847142
-178.0,-508.0,1179.0,12:33:23.857746
76.0,-522.0,1189.0,12:33:23.867051
9.0,-446.0,770.0,12:33:23.877771
217.0,-616.0,791.0,12:33:23.886987
110.0,-586.0,712.0,12:33:23.896348
68.0,-305.0,876.0,12:33:23.906815
-8.0,-299.0,1018.0,12:33:23.916144
-33.0,-171.0,624.0,12:33:23.926624
-121.0,-345.0,970.0,12:33:23.936121
63.0,-740.0,1085.0,12:33:23.946550
-91.0,-623.0,676.0,12:33:23.955926
159.0,-272.0,762.0,12:33:23.966564
-90.0,-645.0,1710.0,12:33:23.975991
-193.0,-832.0,1254.0,12:33:23.985389
46.0,-657.0,251.0,12:33:23.995775
7.0,-303.0,602.0,12:33:24.005224
-22.0,-610.0,1348.0,12:33:24.015725
-219.0,-397.0,928.0,12:33:24.025064
-7.0,-466.0,398.0,12:33:24.034492
-258.0,-563.0,1100.0,12:33:24.045013
11.0,-439.0,1208.0,12:33:24.054381
-129.0,-454.0,492.0,12:33:24.064803
95.0,-520.0,1184.0,12:33:24.074206
-136.0,-642.0,1669.0,12:33:24.084684
189.0,-466.0,609.0,12:33:24.093988
223.0,-382.0,534.0,12:33:24.103535
-180.0,-586.0,1256.0,12:33:24.114044
28.0,-364.0,1172.0,12:33:24.123529
168.0,-466.0,556.0,12:33:24.134027
-102.0,-372.0,750.0,12:33:24.143440
29.0,-586.0,1038.0,12:33:24.152944
-3.0,-440.0,985.0,12:33:24.163422
-105.0,-500.0,825.0,12:33:24.172842
-14.0,-371.0,923.0,12:33:24.183350
-61.0,-460.0,1016.0,12:33:24.192744
39.0,-520.0,869.0,12:33:24.202184
65.0,-464.0,919.0,12:33:24.212640
-7.0,-548.0,941.0,12:33:24.221902
106.0,-363.0,783.0,12:33:24.232536
-180.0,-398.0,1049.0,12:33:24.241776
93.0,-544.0,945.0,12:33:24.252363
-81.0,-631.0,1024.0,12:33:24.269676
12.0,-632.0,782.0,12:33:24.272329
78.0,-638.0,764.0,12:33:24.281718
28.0,-510.0,901.0,12:33:24.291049
17.0,-616.0,1023.0,12:33:24.301652
129.0,-436.0,592.0,12:33:24.311111
140.0,-388.0,925.0,12:33:24.320481
-133.0,-454.0,859.0,12:33:24.330852
234.0,-218.0,904.0,12:33:24.340178
-36.0,-471.0,1105.0,12:33:24.350527
17.0,-585.0,761.0,12:33:24.360013
73.0,-596.0,908.0,12:33:24.370457
121.0,-564.0,823.0,12:33:24.379772
67.0,-619.0,1003.0,12:33:24.390148
129.0,-318.0,961.0,12:33:24.399486
-266.0,-325.0,934.0,12:33:24.410044
6.0,-651.0,1001.0,12:33:24.419388
5.0,-641.0,1018.0,12:33:24.429829
170.0,-324.0,874.0,12:33:24.439198
13.0,-458.0,992.0,12:33:24.448581
32.0,-580.0,715.0,12:33:24.458956
24.0,-514.0,846.0,12:33:24.468437
171.0,-516.0,915.0,12:33:24.478883
99.0,-371.0,1104.0,12:33:24.488243
-164.0,-266.0,996.0,12:33:24.498644
61.0,-523.0,879.0,12:33:24.508068
215.0,-654.0,1031.0,12:33:24.518444
218.0,-639.0,956.0,12:33:24.527883
181.0,-434.0,998.0,12:33:24.538286
132.0,-427.0,1126.0,12:33:24.547819
80.0,-450.0,727.0,12:33:24.557098
227.0,-497.0,647.0,12:33:24.567641
180.0,-520.0,848.0,12:33:24.576923
7.0,-438.0,1016.0,12:33:24.587500
-12.0,-371.0,748.0,12:33:24.596859
16.0,-474.0,906.0,12:33:24.607377
266.0,-616.0,1037.0,12:33:24.616694
19.0,-461.0,642.0,12:33:24.626168
-197.0,-392.0,906.0,12:33:24.636682
-171.0,-650.0,1719.0,12:33:24.645967
373.0,-655.0,650.0,12:33:24.656631
-7.0,-452.0,575.0,12:33:24.671477
-51.0,-641.0,1386.0,12:33:24.675461
111.0,-728.0,1024.0,12:33:24.685847
105.0,-344.0,765.0,12:33:24.695224
-20.0,-381.0,783.0,12:33:24.705762
57.0,-564.0,619.0,12:33:24.715084
-25.0,-405.0,615.0,12:33:24.724569
-104.0,-494.0,1084.0,12:33:24.735013
135.0,-462.0,968.0,12:33:24.744449
-74.0,-136.0,830.0,12:33:24.754855
-127.0,-538.0,1219.0,12:33:24.764255
40.0,-716.0,1181.0,12:33:24.774686
57.0,-540.0,652.0,12:33:24.784047
-30.0,-501.0,841.0,12:33:24.794525
12.0,-686.0,1700.0,12:33:24.803932
101.0,-735.0,767.0,12:33:24.814420
137.0,-361.0,-128.0,12:33:24.823764
-21.0,-484.0,1035.0,12:33:24.833155
48.0,-562.0,1419.0,12:33:24.843613
-6.0,-371.0,518.0,12:33:24.852947
23.0,-130.0,478.0,12:33:24.863594
3.0,-523.0,1508.0,12:33:24.872858
57.0,-518.0,1137.0,12:33:24.882285
84.0,-493.0,1071.0,12:33:24.892799
133.0,-483.0,1421.0,12:33:24.902200
215.0,-475.0,764.0,12:33:24.912606
-26.0,-551.0,1206.0,12:33:24.921932
-14.0,-468.0,696.0,12:33:24.932436
219.0,-564.0,682.0,12:33:24.941739
-159.0,-508.0,998.0,12:33:24.952316
50.0,-592.0,558.0,12:33:24.961680
107.0,-563.0,879.0,12:33:24.971136
63.0,-473.0,1016.0,12:33:24.981561
73.0,-670.0,1332.0,12:33:24.990933
-67.0,-383.0,810.0,12:33:25.001299
122.0,-417.0,527.0,12:33:25.010883
-185.0,-705.0,1458.0,12:33:25.021319
110.0,-678.0,1015.0,12:33:25.030693
316.0,-343.0,207.0,12:33:25.041202
-143.0,-447.0,1223.0,12:33:25.050613
20.0,-725.0,1146.0,12:33:25.060057
-115.0,-486.0,511.0,12:33:25.070620
158.0,-715.0,633.0,12:33:25.080140
-7.0,-617.0,1032.0,12:33:25.089561
50.0,-741.0,738.0,12:33:25.100064
-123.0,-425.0,636.0,12:33:25.109493
-180.0,-168.0,870.0,12:33:25.120035
-243.0,-246.0,914.0,12:33:25.129444
-18.0,-402.0,936.0,12:33:25.138832
-15.0,-429.0,842.0,12:33:25.149320
-125.0,-433.0,1189.0,12:33:25.158837
32.0,-708.0,969.0,12:33:25.169355
98.0,-543.0,1098.0,12:33:25.178794
-137.0,-579.0,967.0,12:33:25.188202
311.0,-770.0,724.0,12:33:25.198690
97.0,-612.0,743.0,12:33:25.208089
229.0,-401.0,1164.0,12:33:25.218515
-121.0,-235.0,1136.0,12:33:25.227853
-222.0,-601.0,907.0,12:33:25.238380
171.0,-445.0,636.0,12:33:25.247785
0.0,-263.0,1244.0,12:33:25.257201
76.0,-727.0,909.0,12:33:25.267685
151.0,-743.0,1041.0,12:33:25.277077
1.0,-497.0,1031.0,12:33:25.287493
148.0,-545.0,894.0,12:33:25.296806
12.0,-538.0,985.0,12:33:25.307221
103.0,-710.0,890.0,12:33:25.316673
-67.0,-579.0,758.0,12:33:25.327057
20.0,-427.0,436.0,12:33:25.336634
-135.0,-299.0,979.0,12:33:25.345904
-232.0,-554.0,1141.0,12:33:25.356525
-142.0,-337.0,506.0,12:33:25.365902
-183.0,-340.0,845.0,12:33:25.376512
91.0,-678.0,1048.0,12:33:25.385820
192.0,-363.0,960.0,12:33:25.395167
-133.0,-353.0,1154.0,12:33:25.405657
27.0,-579.0,966.0,12:33:25.415013
-128.0,-440.0,772.0,12:33:25.425390
146.0,-364.0,737.0,12:33:25.434796
-45.0,-620.0,1135.0,12:33:25.445183
-106.0,-694.0,746.0,12:33:25.463735
56.0,-462.0,951.0,12:33:25.474577
132.0,-661.0,1163.0,12:33:25.484201
298.0,-448.0,867.0,12:33:25.494645
-82.0,-252.0,741.0,12:33:25.503994
-98.0,-444.0,983.0,12:33:25.514533
72.0,-489.0,678.0,12:33:25.523923
10.0,-338.0,869.0,12:33:25.533410
-166.0,-336.0,1218.0,12:33:25.543928
108.0,-529.0,1032.0,12:33:25.553349
77.0,-468.0,909.0,12:33:25.562844
74.0,-562.0,921.0,12:33:25.573363
89.0,-643.0,988.0,12:33:25.582788
-39.0,-499.0,1237.0,12:33:25.592203
167.0,-532.0,783.0,12:33:25.602686
37.0,-565.0,861.0,12:33:25.611971
212.0,-630.0,795.0,12:33:25.622448
87.0,-436.0,479.0,12:33:25.631832
-182.0,-234.0,1126.0,12:33:25.642353
-188.0,-288.0,1403.0,12:33:25.651723
108.0,-522.0,818.0,12:33:25.662309
110.0,-465.0,658.0,12:33:25.671647
187.0,-582.0,1218.0,12:33:25.681047
165.0,-732.0,1109.0,12:33:25.691526
4.0,-562.0,851.0,12:33:25.700796
308.0,-543.0,710.0,12:33:25.711291
78.0,-513.0,855.0,12:33:25.720659
113.0,-366.0,1099.0,12:33:25.731224
-8.0,-519.0,683.0,12:33:25.740522
3.0,-494.0,666.0,12:33:25.750016
-115.0,-424.0,999.0,12:33:25.760384
178.0,-576.0,1086.0,12:33:25.769741
196.0,-446.0,796.0,12:33:25.780158
112.0,-608.0,974.0,12:33:25.789712
-49.0,-365.0,1032.0,12:33:25.800171
163.0,-622.0,785.0,12:33:25.809527
180.0,-471.0,555.0,12:33:25.820059
-152.0,-530.0,1582.0,12:33:25.829425
176.0,-382.0,1059.0,12:33:25.839829
145.0,-518.0,576.0,12:33:25.849147
209.0,-755.0,966.0,12:33:25.859575
122.0,-563.0,1259.0,12:33:25.875032
88.0,-593.0,605.0,12:33:25.878434
10.0,-330.0,760.0,12:33:25.888909
211.0,-536.0,1272.0,12:33:25.898255
-53.0,-486.0,823.0,12:33:25.908714
119.0,-271.0,499.0,12:33:25.918126
-228.0,-253.0,1080.0,12:33:25.928592
-43.0,-507.0,1264.0,12:33:25.937880
143.0,-614.0,611.0,12:33:25.947225
41.0,-642.0,956.0,12:33:25.957812
-33.0,-495.0,1181.0,12:33:25.967131
176.0,-569.0,721.0,12:33:25.977745
109.0,-506.0,913.0,12:33:25.987060
162.0,-718.0,1063.0,12:33:25.997534
-10.0,-506.0,873.0,12:33:26.006946
-179.0,-408.0,774.0,12:33:26.016240
-43.0,-423.0,1060.0,12:33:26.026890
224.0,-614.0,691.0,12:33:26.036257
-67.0,-486.0,784.0,12:33:26.045761
-36.0,-443.0,1108.0,12:33:26.056163
107.0,-374.0,1066.0,12:33:26.065584
-148.0,-667.0,992.0,12:33:26.076093
56.0,-589.0,905.0,12:33:26.085572
8.0,-543.0,1051.0,12:33:26.095936
140.0,-272.0,881.0,12:33:26.105440
-60.0,-497.0,1019.0,12:33:26.115797
-71.0,-530.0,908.0,12:33:26.125184
60.0,-569.0,839.0,12:33:26.134635
161.0,-538.0,927.0,12:33:26.145222
-103.0,-627.0,991.0,12:33:26.154555
54.0,-444.0,830.0,12:33:26.165046
-161.0,-478.0,1184.0,12:33:26.174348
-32.0,-402.0,877.0,12:33:26.184896
54.0,-477.0,633.0,12:33:26.194157
-10.0,-238.0,837.0,12:33:26.203617
254.0,-387.0,803.0,12:33:26.214113
-98.0,-364.0,1005.0,12:33:26.223606
313.0,-547.0,941.0,12:33:26.234002
-100.0,-468.0,1282.0,12:33:26.243434
139.0,-712.0,1200.0,12:33:26.253861
102.0,-515.0,607.0,12:33:26.263333
-268.0,-619.0,1404.0,12:33:26.272613
12.0,-646.0,985.0,12:33:26.283142
213.0,-698.0,477.0,12:33:26.292458
-129.0,-425.0,844.0,12:33:26.303016
54.0,-456.0,943.0,12:33:26.312357
193.0,-458.0,422.0,12:33:26.322821
-94.0,-246.0,774.0,12:33:26.332110
-10.0,-469.0,1371.0,12:33:26.341537
6.0,-481.0,744.0,12:33:26.351963
157.0,-327.0,878.0,12:33:26.361399
60.0,-524.0,1524.0,12:33:26.371931
158.0,-722.0,912.0,12:33:26.381279
3.0,-362.0,590.0,12:33:26.391716
89.0,-574.0,1059.0,12:33:26.401110
79.0,-586.0,994.0,12:33:26.411688
165.0,-316.0,732.0,12:33:26.421041
-88.0,-449.0,985.0,12:33:26.430436
-171.0,-485.0,971.0,12:33:26.440864
84.0,-515.0,399.0,12:33:26.450297
153.0,-576.0,874.0,12:33:26.460756
20.0,-712.0,1687.0,12:33:26.470137
31.0,-520.0,762.0,12:33:26.480541
-40.0,-267.0,616.0,12:33:26.490090
40.0,-403.0,1102.0,12:33:26.499449
-4.0,-676.0,908.0,12:33:26.510244
222.0,-474.0,895.0,12:33:26.519600
138.0,-427.0,1098.0,12:33:26.529043
17.0,-423.0,892.0,12:33:26.539419
256.0,-701.0,826.0,12:33:26.548816
97.0,-558.0,775.0,12:33:26.559221
26.0,-634.0,1018.0,12:33:26.568593
161.0,-438.0,880.0,12:33:26.579011
-56.0,-559.0,857.0,12:33:26.588452
-114.0,-90.0,738.0,12:33:26.598961
-217.0,-341.0,1211.0,12:33:26.608341
94.0,-444.0,800.0,12:33:26.617790
60.0,-335.0,1043.0,12:33:26.628226
-95.0,-309.0,966.0,12:33:26.637658
-128.0,-716.0,1173.0,12:33:26.648231
237.0,-618.0,990.0,12:33:26.657670
79.0,-570.0,829.0,12:33:26.674439
-97.0,-568.0,943.0,12:33:26.678273
-5.0,-580.0,1086.0,12:33:26.687810
181.0,-542.0,677.0,12:33:26.697185
-22.0,-404.0,729.0,12:33:26.706619
43.0,-541.0,899.0,12:33:26.717101
295.0,-522.0,954.0,12:33:26.726694
-82.0,-412.0,952.0,12:33:26.737084
126.0,-465.0,1013.0,12:33:26.746511
105.0,-494.0,939.0,12:33:26.755777
22.0,-571.0,943.0,12:33:26.766271
-155.0,-663.0,1088.0,12:33:26.775704
118.0,-508.0,741.0,12:33:26.786297
-34.0,-507.0,994.0,12:33:26.795659
-184.0,-518.0,1161.0,12:33:26.805086
83.0,-600.0,763.0,12:33:26.815679
77.0,-522.0,773.0,12:33:26.824993
-110.0,-461.0,1031.0,12:33:26.835430
-220.0,-457.0,905.0,12:33:26.844784
-40.0,-454.0,681.0,12:33:26.855237
14.0,-526.0,892.0,12:33:26.864601
-98.0,-541.0,898.0,12:33:26.875059
-111.0,-450.0,957.0,12:33:26.884542
-90.0,-686.0,1025.0,12:33:26.893951
-88.0,-511.0,882.0,12:33:26.904440
-112.0,-682.0,1012.0,12:33:26.913831
81.0,-541.0,1033.0,12:33:26.924224
-61.0,-411.0,920.0,12:33:26.933541
66.0,-431.0,588.0,12:33:26.944019
-11.0,-391.0,763.0,12:33:26.953533
-32.0,-528.0,994.0,12:33:26.962842
-119.0,-417.0,686.0,12:33:26.973444
125.0,-394.0,506.0,12:33:26.982821
-110.0,-874.0,1570.0,12:33:26.993525
154.0,-604.0,1182.0,12:33:27.002873
-20.0,-37.0,233.0,12:33:27.012358
-47.0,-327.0,1014.0,12:33:27.022789
88.0,-497.0,1754.0,12:33:27.032244
135.0,-663.0,600.0,12:33:27.041689
-78.0,-228.0,384.0,12:33:27.052294
160.0,-505.0,1060.0,12:33:27.061647
14.0,-693.0,1658.0,12:33:27.077376
80.0,-667.0,1012.0,12:33:27.081183
138.0,-870.0,314.0,12:33:27.091643
-42.0,-267.0,1105.0,12:33:27.101150
225.0,-542.0,1416.0,12:33:27.111663
-111.0,-468.0,402.0,12:33:27.121173
71.0,-420.0,702.0,12:33:27.130530
126.0,-428.0,1117.0,12:33:27.140931
-60.0,-362.0,719.0,12:33:27.150323
-67.0,-217.0,524.0,12:33:27.160765
68.0,-408.0,1190.0,12:33:27.170122
91.0,-676.0,1063.0,12:33:27.180624
85.0,-332.0,459.0,12:33:27.190084
41.0,-417.0,941.0,12:33:27.199424
131.0,-649.0,971.0,12:33:27.210053
139.0,-978.0,1190.0,12:33:27.219316
-119.0,-499.0,750.0,12:33:27.229872
57.0,-263.0,327.0,12:33:27.239097
-121.0,-259.0,1017.0,12:33:27.249578
1.0,-779.0,1361.0,12:33:27.258924
94.0,-610.0,481.0,12:33:27.269456
263.0,-310.0,525.0,12:33:27.278874
10.0,-473.0,1182.0,12:33:27.288229
11.0,-852.0,1377.0,12:33:27.298626
181.0,-635.0,632.0,12:33:27.308025
-122.0,-162.0,678.0,12:33:27.318437
97.0,-598.0,1390.0,12:33:27.327796
71.0,-704.0,1305.0,12:33:27.338319
-27.0,-377.0,861.0,12:33:27.347812
-89.0,-68.0,759.0,12:33:27.357186
-37.0,-516.0,1229.0,12:33:27.367668
201.0,-740.0,1038.0,12:33:27.377040
186.0,-701.0,977.0,12:33:27.387742
-12.0,-409.0,813.0,12:33:27.397275
-245.0,-338.0,962.0,12:33:27.406757
54.0,-563.0,1101.0,12:33:27.417216
158.0,-428.0,839.0,12:33:27.426746
12.0,-373.0,905.0,12:33:27.436026
101.0,-246.0,747.0,12:33:27.446619
-177.0,-427.0,1058.0,12:33:27.456032
131.0,-562.0,1444.0,12:33:27.466678
140.0,-591.0,370.0,12:33:27.475999
139.0,-534.0,545.0,12:33:27.486473
-139.0,-372.0,1721.0,12:33:27.495892
-154.0,-805.0,1227.0,12:33:27.505238
277.0,-585.0,-185.0,12:33:27.515837
43.0,-511.0,602.0,12:33:27.525111
-24.0,-569.0,1281.0,12:33:27.535716
32.0,-579.0,1104.0,12:33:27.545041
2.0,-365.0,316.0,12:33:27.554543
21.0,-168.0,499.0,12:33:27.564927
59.0,-609.0,1236.0,12:33:27.574386
136.0,-307.0,1382.0,12:33:27.584807
72.0,-248.0,768.0,12:33:27.594175
-30.0,-298.0,1040.0,12:33:27.604613
-1.0,-570.0,1184.0,12:33:27.614016
279.0,-548.0,725.0,12:33:27.623481
98.0,-400.0,1091.0,12:33:27.634002
-134.0,-438.0,1130.0,12:33:27.643380
-18.0,-344.0,737.0,12:33:27.653900
-182.0,-613.0,925.0,12:33:27.663180
233.0,-608.0,858.0,12:33:27.673606
37.0,-703.0,1294.0,12:33:27.682927
-56.0,-195.0,721.0,12:33:27.692393
-32.0,-604.0,1314.0,12:33:27.702950
-70.0,-746.0,995.0,12:33:27.712402
12.0,-470.0,344.0,12:33:27.722878
90.0,-208.0,970.0,12:33:27.732327
175.0,-592.0,1038.0,12:33:27.742771
85.0,-284.0,606.0,12:33:27.752296
-219.0,-144.0,854.0,12:33:27.761665
162.0,-520.0,986.0,12:33:27.772263
134.0,-482.0,800.0,12:33:27.781675
50.0,-417.0,786.0,12:33:27.791045
-134.0,-618.0,1206.0,12:33:27.801573
197.0,-569.0,841.0,12:33:27.810909
130.0,-699.0,862.0,12:33:27.821477
49.0,-558.0,1245.0,12:33:27.830792
54.0,-676.0,991.0,12:33:27.841310
-134.0,-638.0,1083.0,12:33:27.850635
124.0,-498.0,1126.0,12:33:27.860200
157.0,-642.0,552.0,12:33:27.878035
141.0,-704.0,931.0,12:33:27.881098
-58.0,-613.0,919.0,12:33:27.890400
156.0,-689.0,1062.0,12:33:27.899794
-34.0,-152.0,461.0,12:33:27.910282
52.0,-586.0,630.0,12:33:27.919802
279.0,-647.0,1154.0,12:33:27.929091
-12.0,-431.0,945.0,12:33:27.939573
-134.0,-276.0,593.0,12:33:27.948976
-81.0,-224.0,910.0,12:33:27.959581
-16.0,-520.0,1461.0,12:33:27.968929
6.0,-571.0,813.0,12:33:27.978363
157.0,-450.0,495.0,12:33:27.988876
18.0,-302.0,789.0,12:33:27.998258
9.0,-569.0,1248.0,12:33:28.008886
-9.0,-427.0,931.0,12:33:28.018177
165.0,-668.0,673.0,12:33:28.027719
132.0,-406.0,1070.0,12:33:28.038175
-191.0,-427.0,1267.0,12:33:28.047686
121.0,-596.0,876.0,12:33:28.058083
-65.0,-542.0,846.0,12:33:28.067495
26.0,-642.0,1049.0,12:33:28.077896
89.0,-586.0,870.0,12:33:28.087188
102.0,-696.0,780.0,12:33:28.097723
120.0,-697.0,974.0,12:33:28.107047
-101.0,-340.0,1068.0,12:33:28.116515
-78.0,-435.0,723.0,12:33:28.127014
-89.0,-468.0,756.0,12:33:28.136532
-162.0,-548.0,1109.0,12:33:28.146959
-23.0,-411.0,742.0,12:33:28.156335
17.0,-371.0,766.0,12:33:28.165748
-2.0,-307.0,1076.0,12:33:28.176321
10.0,-300.0,1326.0,12:33:28.185706
-113.0,-308.0,896.0,12:33:28.196091
-60.0,-589.0,959.0,12:33:28.205448
8.0,-659.0,1072.0,12:33:28.215896
98.0,-552.0,1027.0,12:33:28.225158
90.0,-423.0,956.0,12:33:28.235685
-221.0,-531.0,1159.0,12:33:28.245020
9.0,-693.0,862.0,12:33:28.254501
228.0,-618.0,697.0,12:33:28.265043
12.0,-482.0,917.0,12:33:28.281060
38.0,-584.0,1096.0,12:33:28.285009
-48.0,-575.0,986.0,12:33:28.294359
-79.0,-445.0,696.0,12:33:28.303711
28.0,-648.0,795.0,12:33:28.314227
114.0,-548.0,858.0,12:33:28.323486
4.0,-225.0,920.0,12:33:28.334046
-167.0,-389.0,832.0,12:33:28.343386
-189.0,-429.0,1199.0,12:33:28.353794
-92.0,-605.0,915.0,12:33:28.363322
173.0,-573.0,351.0,12:33:28.373756
30.0,-617.0,1181.0,12:33:28.383181
-123.0,-673.0,1275.0,12:33:28.392540
5.0,-533.0,488.0,12:33:28.403240
135.0,-484.0,560.0,12:33:28.412505
-123.0,-671.0,1148.0,12:33:28.422965
87.0,-643.0,870.0,12:33:28.432393
-165.0,-388.0,506.0,12:33:28.441828
77.0,-461.0,1019.0,12:33:28.452380
6.0,-659.0,1318.0,12:33:28.461669
46.0,-560.0,873.0,12:33:28.472226
-25.0,-333.0,770.0,12:33:28.481532
104.0,-540.0,979.0,12:33:28.492097
61.0,-684.0,1085.0,12:33:28.501350
-72.0,-463.0,735.0,12:33:28.510832
76.0,-453.0,754.0,12:33:28.521255
-115.0,-376.0,949.0,12:33:28.530596
139.0,-628.0,1107.0,12:33:28.541190
12.0,-581.0,694.0,12:33:28.550529
-23.0,-169.0,625.0,12:33:28.560969
-17.0,-540.0,1376.0,12:33:28.570325
53.0,-810.0,1299.0,12:33:28.580828
205.0,-493.0,600.0,12:33:28.590223
41.0,-299.0,626.0,12:33:28.599547
-80.0,-690.0,1281.0,12:33:28.609997
-148.0,-621.0,1018.0,12:33:28.619443
22.0,-464.0,448.0,12:33:28.629881
3.0,-520.0,841.0,12:33:28.639191
69.0,-675.0,991.0,12:33:28.649673
-58.0,-248.0,877.0,12:33:28.659032
-211.0,-446.0,1138.0,12:33:28.669376
53.0,-431.0,1016.0,12:33:28.678805
77.0,-653.0,838.0,12:33:28.689281
-11.0,-614.0,764.0,12:33:28.698742
-39.0,-480.0,938.0,12:33:28.708120
23.0,-416.0,1272.0,12:33:28.718578
-5.0,-467.0,803.0,12:33:28.727934
-50.0,-555.0,817.0,12:33:28.738441
36.0,-562.0,876.0,12:33:28.747971
101.0,-629.0,866.0,12:33:28.757270
33.0,-499.0,805.0,12:33:28.767858
20.0,-516.0,1044.0,12:33:28.777178
-48.0,-488.0,1002.0,12:33:28.787658
193.0,-388.0,522.0,12:33:28.797136
-104.0,-276.0,1004.0,12:33:28.807731
11.0,-395.0,1298.0,12:33:28.817071
-86.0,-576.0,741.0,12:33:28.826342
-2.0,-619.0,749.0,12:33:28.837064
71.0,-465.0,989.0,12:33:28.846566
88.0,-378.0,1098.0,12:33:28.855936
-192.0,-491.0,1020.0,12:33:28.866508
154.0,-523.0,901.0,12:33:28.875984
34.0,-673.0,771.0,12:33:28.886588
119.0,-577.0,903.0,12:33:28.895926
-8.0,-366.0,960.0,12:33:28.905330
-154.0,-423.0,1211.0,12:33:28.915870
168.0,-476.0,810.0,12:33:28.925269
-144.0,-449.0,781.0,12:33:28.935703
268.0,-484.0,946.0,12:33:28.945135
74.0,-543.0,1132.0,12:33:28.954483
65.0,-624.0,1002.0,12:33:28.965071
238.0,-532.0,1039.0,12:33:28.974469
161.0,-566.0,836.0,12:33:28.985016
68.0,-462.0,818.0,12:33:28.994289
-164.0,-427.0,989.0,12:33:29.003639
53.0,-459.0,571.0,12:33:29.014107
170.0,-196.0,872.0,12:33:29.023551
17.0,-295.0,953.0,12:33:29.034020
-202.0,-304.0,961.0,12:33:29.043416
99.0,-434.0,1008.0,12:33:29.053966
9.0,-688.0,1010.0,12:33:29.063433
286.0,-532.0,1037.0,12:33:29.072868
-151.0,-410.0,1022.0,12:33:29.083025
50.0,-629.0,1307.0,12:33:29.092621
124.0,-622.0,904.0,12:33:29.103149
148.0,-598.0,605.0,12:33:29.112400
76.0,-624.0,844.0,12:33:29.122897
217.0,-609.0,982.0,12:33:29.132268
225.0,-556.0,821.0,12:33:29.141756
16.0,-367.0,644.0,12:33:29.152314
107.0,-454.0,1145.0,12:33:29.161588
89.0,-484.0,1061.0,12:33:29.172148
127.0,-437.0,728.0,12:33:29.181410
14.0,-409.0,862.0,12:33:29.191931
174.0,-652.0,1076.0,12:33:29.201161
18.0,-717.0,970.0,12:33:29.211686
99.0,-570.0,683.0,12:33:29.220913
54.0,-323.0,810.0,12:33:29.231378
-39.0,-552.0,1152.0,12:33:29.240688
-3.0,-598.0,1011.0,12:33:29.251254
-20.0,-486.0,904.0,12:33:29.260523
92.0,-459.0,733.0,12:33:29.269917
-65.0,-618.0,1109.0,12:33:29.280500
-80.0,-753.0,1076.0,12:33:29.289882
64.0,-506.0,823.0,12:33:29.300406
-140.0,-397.0,764.0,12:33:29.309686
-31.0,-513.0,1020.0,12:33:29.319182
-66.0,-573.0,926.0,12:33:29.329736
65.0,-430.0,737.0,12:33:29.339189
-11.0,-539.0,910.0,12:33:29.349596
-25.0,-636.0,1079.0,12:33:29.359114
-39.0,-558.0,927.0,12:33:29.369539
-12.0,-509.0,752.0,12:33:29.378902
-92.0,-400.0,972.0,12:33:29.388214
59.0,-426.0,995.0,12:33:29.398865
9.0,-492.0,1106.0,12:33:29.408255
-57.0,-533.0,874.0,12:33:29.418670
11.0,-583.0,733.0,12:33:29.428059
128.0,-565.0,1186.0,12:33:29.438455
-98.0,-721.0,1202.0,12:33:29.447797
122.0,-541.0,819.0,12:33:29.458303
-14.0,-335.0,757.0,12:33:29.467767
183.0,-642.0,1094.0,12:33:29.484872
13.0,-544.0,1185.0,12:33:29.488783
-5.0,-454.0,702.0,12:33:29.497032
-24.0,-515.0,885.0,12:33:29.507475
54.0,-514.0,1005.0,12:33:29.516877
-109.0,-474.0,912.0,12:33:29.527339
15.0,-444.0,955.0,12:33:29.536745
65.0,-427.0,849.0,12:33:29.546117
11.0,-367.0,878.0,12:33:29.556602
39.0,-471.0,1003.0,12:33:29.565951
-151.0,-543.0,786.0,12:33:29.576329
79.0,-366.0,797.0,12:33:29.585820
-203.0,-332.0,1187.0,12:33:29.596206
-1.0,-590.0,940.0,12:33:29.605657
53.0,-563.0,900.0,12:33:29.616045
3.0,-464.0,957.0,12:33:29.625487
76.0,-537.0,849.0,12:33:29.634693
-45.0,-587.0,936.0,12:33:29.645235
49.0,-559.0,893.0,12:33:29.654688
36.0,-493.0,867.0,12:33:29.665162
-20.0,-531.0,837.0,12:33:29.683677
26.0,-453.0,911.0,12:33:29.694234
-115.0,-466.0,831.0,12:33:29.704670
-22.0,-392.0,1013.0,12:33:29.714000
-28.0,-541.0,977.0,12:33:29.724512
73.0,-318.0,732.0,12:33:29.733966
-21.0,-493.0,1030.0,12:33:29.743311
16.0,-471.0,922.0,12:33:29.753871
12.0,-421.0,1043.0,12:33:29.763160
99.0,-535.0,1107.0,12:33:29.773675
157.0,-519.0,973.0,12:33:29.783012
2.0,-574.0,781.0,12:33:29.792386
123.0,-591.0,901.0,12:33:29.802961
151.0,-516.0,848.0,12:33:29.812305
131.0,-451.0,909.0,12:33:29.822760
-125.0,-411.0,826.0,12:33:29.832034
-40.0,-540.0,818.0,12:33:29.842593
87.0,-582.0,984.0,12:33:29.851867
-26.0,-541.0,1096.0,12:33:29.862411
-12.0,-424.0,990.0,12:33:29.871753
44.0,-675.0,1028.0,12:33:29.881230
129.0,-622.0,825.0,12:33:29.891650
56.0,-627.0,998.0,12:33:29.901015
23.0,-454.0,797.0,12:33:29.911556
0.0,-545.0,901.0,12:33:29.920995
-104.0,-571.0,793.0,12:33:29.931462
55.0,-515.0,670.0,12:33:29.940862
47.0,-480.0,969.0,12:33:29.950232
-36.0,-588.0,1285.0,12:33:29.960615
100.0,-585.0,948.0,12:33:29.970053
39.0,-512.0,654.0,12:33:29.980471
-8.0,-701.0,1052.0,12:33:29.989943
137.0,-585.0,1049.0,12:33:30.000432
81.0,-506.0,806.0,12:33:30.009905
47.0,-376.0,708.0,12:33:30.019201
-108.0,-367.0,742.0,12:33:30.029661
-11.0,-429.0,921.0,12:33:30.038987
-125.0,-484.0,832.0,12:33:30.049401
11.0,-368.0,964.0,12:33:30.058827
-84.0,-424.0,1055.0,12:33:30.069309
123.0,-598.0,1047.0,12:33:30.078815
138.0,-620.0,1045.0,12:33:30.089222
-23.0,-479.0,1053.0,12:33:30.098614
113.0,-413.0,819.0,12:33:30.108984
67.0,-476.0,791.0,12:33:30.118310
-115.0,-599.0,1025.0,12:33:30.127719
49.0,-474.0,854.0,12:33:30.138202
123.0,-570.0,847.0,12:33:30.147486
46.0,-614.0,870.0,12:33:30.157903
-9.0,-645.0,984.0,12:33:30.167284
-61.0,-492.0,1022.0,12:33:30.177858
48.0,-542.0,827.0,12:33:30.187220
-65.0,-590.0,1087.0,12:33:30.197763
73.0,-564.0,1043.0,12:33:30.207136
-135.0,-444.0,808.0,12:33:30.216436
40.0,-531.0,868.0,12:33:30.227125
-64.0,-611.0,950.0,12:33:30.236488
-24.0,-418.0,895.0,12:33:30.245992
-151.0,-345.0,882.0,12:33:30.256621
80.0,-603.0,862.0,12:33:30.265983
0.0,-517.0,1045.0,12:33:30.284217
-17.0,-475.0,898.0,12:33:30.285651
69.0,-448.0,814.0,12:33:30.295658
-56.0,-385.0,997.0,12:33:30.306082
87.0,-455.0,1056.0,12:33:30.315425
-89.0,-401.0,849.0,12:33:30.325886
125.0,-396.0,808.0,12:33:30.335211
-60.0,-429.0,1031.0,12:33:30.344719
-22.0,-466.0,1122.0,12:33:30.355200
28.0,-479.0,921.0,12:33:30.364760
1.0,-535.0,805.0,12:33:30.374075
-22.0,-634.0,1033.0,12:33:30.384656
42.0,-600.0,791.0,12:33:30.394012
68.0,-678.0,714.0,12:33:30.404608
-68.0,-577.0,742.0,12:33:30.414006
-99.0,-465.0,960.0,12:33:30.423520
-203.0,-479.0,955.0,12:33:30.433983
-119.0,-409.0,843.0,12:33:30.443514
-92.0,-453.0,926.0,12:33:30.453952
-100.0,-455.0,922.0,12:33:30.463371
-136.0,-557.0,900.0,12:33:30.472718
35.0,-641.0,1129.0,12:33:30.483170
29.0,-601.0,857.0,12:33:30.492484
130.0,-700.0,802.0,12:33:30.502856
79.0,-611.0,785.0,12:33:30.512308
7.0,-497.0,769.0,12:33:30.522700
27.0,-491.0,844.0,12:33:30.532046
91.0,-393.0,790.0,12:33:30.542396
-175.0,-299.0,843.0,12:33:30.551806
78.0,-574.0,853.0,12:33:30.562312
166.0,-514.0,1048.0,12:33:30.582015
0.0,-356.0,1280.0,12:33:30.591379
-1.0,-435.0,875.0,12:33:30.601807
83.0,-491.0,924.0,12:33:30.611276
6.0,-516.0,952.0,12:33:30.620606
-44.0,-734.0,1141.0,12:33:30.631136
7.0,-636.0,864.0,12:33:30.640442
39.0,-553.0,907.0,12:33:30.651025
14.0,-615.0,1054.0,12:33:30.660488
-132.0,-573.0,562.0,12:33:30.670857
-49.0,-464.0,681.0,12:33:30.687276
-58.0,-563.0,1199.0,12:33:30.691283
58.0,-554.0,988.0,12:33:30.699416
-61.0,-419.0,515.0,12:33:30.710091
75.0,-620.0,880.0,12:33:30.719456
41.0,-410.0,1208.0,12:33:30.730074
132.0,-466.0,1018.0,12:33:30.739466
64.0,-506.0,783.0,12:33:30.749143
195.0,-465.0,947.0,12:33:30.759664
-48.0,-575.0,960.0,12:33:30.769003
214.0,-542.0,829.0,12:33:30.778345
73.0,-547.0,784.0,12:33:30.788885
23.0,-409.0,1044.0,12:33:30.798262
-2.0,-615.0,965.0,12:33:30.808751
-101.0,-535.0,647.0,12:33:30.818270
67.0,-429.0,885.0,12:33:30.827655
-108.0,-407.0,1061.0,12:33:30.838190
28.0,-420.0,950.0,12:33:30.847498
-64.0,-390.0,850.0,12:33:30.858029
-37.0,-433.0,1106.0,12:33:30.867295
63.0,-508.0,1070.0,12:33:30.877881
-43.0,-564.0,850.0,12:33:30.887160
73.0,-562.0,939.0,12:33:30.897796
-5.0,-698.0,1206.0,12:33:30.907096
182.0,-553.0,864.0,12:33:30.916626
162.0,-408.0,521.0,12:33:30.927056
-35.0,-462.0,864.0,12:33:30.936538
-56.0,-386.0,963.0,12:33:30.945918
207.0,-411.0,706.0,12:33:30.956345
74.0,-505.0,922.0,12:33:30.965854
185.0,-435.0,1202.0,12:33:30.976284
-64.0,-446.0,1098.0,12:33:30.985665
118.0,-447.0,848.0,12:33:30.996110
-81.0,-513.0,984.0,12:33:31.005482
222.0,-504.0,943.0,12:33:31.015860
228.0,-383.0,863.0,12:33:31.025187
-115.0,-534.0,1026.0,12:33:31.035720
89.0,-506.0,719.0,12:33:31.045201
97.0,-428.0,985.0,12:33:31.054541
48.0,-509.0,1053.0,12:33:31.064997
76.0,-516.0,994.0,12:33:31.074328
42.0,-499.0,1071.0,12:33:31.084825
-75.0,-507.0,1163.0,12:33:31.094104
-94.0,-638.0,938.0,12:33:31.104615
-108.0,-639.0,958.0,12:33:31.113946
-17.0,-482.0,851.0,12:33:31.123439
59.0,-450.0,828.0,12:33:31.133954
87.0,-555.0,883.0,12:33:31.143338
144.0,-489.0,879.0,12:33:31.153938
124.0,-458.0,755.0,12:33:31.163265
28.0,-415.0,888.0,12:33:31.175325
24.0,-473.0,1000.0,12:33:31.188050
144.0,-536.0,747.0,12:33:31.196620
120.0,-453.0,734.0,12:33:31.205277
2.0,-464.0,960.0,12:33:31.212496
214.0,-508.0,849.0,12:33:31.226597
16.0,-438.0,946.0,12:33:31.231798
98.0,-498.0,1033.0,12:33:31.242266
10.0,-428.0,881.0,12:33:31.251617
106.0,-421.0,917.0,12:33:31.262087
113.0,-707.0,1285.0,12:33:31.271446
197.0,-619.0,854.0,12:33:31.281854
59.0,-608.0,652.0,12:33:31.291233
116.0,-529.0,1031.0,12:33:31.310878
-9.0,-450.0,674.0,12:33:31.321352
-22.0,-334.0,712.0,12:33:31.330649
-129.0,-310.0,1092.0,12:33:31.341219
170.0,-370.0,871.0,12:33:31.350661
162.0,-621.0,1026.0,12:33:31.360118
33.0,-482.0,958.0,12:33:31.370527
164.0,-663.0,988.0,12:33:31.380004
204.0,-718.0,1042.0,12:33:31.390442
-27.0,-805.0,1388.0,12:33:31.399972
121.0,-546.0,547.0,12:33:31.409301
118.0,-643.0,599.0,12:33:31.419811
-96.0,-761.0,1104.0,12:33:31.429080
253.0,-731.0,606.0,12:33:31.439554
-72.0,-299.0,757.0,12:33:31.448896
-275.0,-420.0,1153.0,12:33:31.459395
-113.0,-704.0,1038.0,12:33:31.468685
72.0,-325.0,732.0,12:33:31.479145
-56.0,-557.0,1042.0,12:33:31.489130
57.0,-434.0,1320.0,12:33:31.498119
-70.0,-452.0,1097.0,12:33:31.508552
-73.0,-444.0,715.0,12:33:31.517872
52.0,-414.0,1008.0,12:33:31.528283
-176.0,-445.0,1194.0,12:33:31.537787
-110.0,-448.0,732.0,12:33:31.548177
-133.0,-375.0,964.0,12:33:31.557767
-174.0,-580.0,1211.0,12:33:31.567017
199.0,-571.0,760.0,12:33:31.577687
49.0,-441.0,664.0,12:33:31.586901
-119.0,-496.0,1127.0,12:33:31.597362
134.0,-538.0,981.0,12:33:31.606702
-13.0,-565.0,1005.0,12:33:31.617365
105.0,-400.0,660.0,12:33:31.626705
136.0,-557.0,929.0,12:33:31.636018
-176.0,-509.0,1109.0,12:33:31.646626
15.0,-514.0,778.0,12:33:31.656038
77.0,-520.0,731.0,12:33:31.666616
194.0,-643.0,948.0,12:33:31.675871
-45.0,-629.0,982.0,12:33:31.685374
108.0,-560.0,660.0,12:33:31.695771
109.0,-498.0,709.0,12:33:31.705168
176.0,-517.0,1007.0,12:33:31.715885
49.0,-378.0,937.0,12:33:31.725281
-96.0,-519.0,682.0,12:33:31.734633
71.0,-525.0,919.0,12:33:31.745152
-106.0,-292.0,1131.0,12:33:31.754613
-142.0,-232.0,1170.0,12:33:31.765193
8.0,-360.0,999.0,12:33:31.774634
-55.0,-498.0,1006.0,12:33:31.784031
-29.0,-507.0,930.0,12:33:31.794587
-73.0,-469.0,857.0,12:33:31.804006
-112.0,-475.0,1132.0,12:33:31.813501
-117.0,-500.0,822.0,12:33:31.824015
-100.0,-565.0,917.0,12:33:31.833470
63.0,-483.0,973.0,12:33:31.843897
6.0,-447.0,844.0,12:33:31.853229
96.0,-408.0,981.0,12:33:31.863600
-53.0,-425.0,1284.0,12:33:31.873052
28.0,-573.0,797.0,12:33:31.890979
127.0,-628.0,709.0,12:33:31.893620
61.0,-700.0,940.0,12:33:31.903009
83.0,-655.0,872.0,12:33:31.912418
114.0,-675.0,874.0,12:33:31.922965
12.0,-676.0,684.0,12:33:31.932315
88.0,-750.0,533.0,12:33:31.941649
-2.0,-504.0,559.0,12:33:31.952063
6.0,-663.0,1131.0,12:33:31.961360
-102.0,-538.0,1195.0,12:33:31.971788
-214.0,-585.0,915.0,12:33:31.981189
120.0,-683.0,682.0,12:33:31.991695
-108.0,-772.0,890.0,12:33:32.001165
-154.0,-506.0,1064.0,12:33:32.011710
-76.0,-423.0,870.0,12:33:32.021115
-91.0,-425.0,764.0,12:33:32.030505
-121.0,-457.0,872.0,12:33:32.041115
-124.0,-508.0,818.0,12:33:32.050447
140.0,-523.0,910.0,12:33:32.060901
-54.0,-413.0,1056.0,12:33:32.070261
-186.0,-359.0,1104.0,12:33:32.080705
-171.0,-592.0,978.0,12:33:32.090152
-104.0,-622.0,998.0,12:33:32.099513
57.0,-515.0,756.0,12:33:32.110087
-75.0,-428.0,821.0,12:33:32.119426
132.0,-610.0,1050.0,12:33:32.128929
-189.0,-578.0,989.0,12:33:32.139497
16.0,-556.0,630.0,12:33:32.148930
178.0,-443.0,851.0,12:33:32.159378
-108.0,-466.0,873.0,12:33:32.168869
46.0,-641.0,924.0,12:33:32.178254
37.0,-604.0,844.0,12:33:32.188862
182.0,-622.0,1026.0,12:33:32.198269
58.0,-396.0,1122.0,12:33:32.208789
18.0,-567.0,1012.0,12:33:32.218186
-97.0,-537.0,871.0,12:33:32.228621
60.0,-589.0,788.0,12:33:32.238039
-62.0,-570.0,1009.0,12:33:32.247371
-107.0,-633.0,1015.0,12:33:32.257902
65.0,-545.0,879.0,12:33:32.267282
111.0,-634.0,679.0,12:33:32.277776
-51.0,-364.0,938.0,12:33:32.287161
-44.0,-354.0,918.0,12:33:32.296630
6.0,-412.0,882.0,12:33:32.307131
-140.0,-165.0,717.0,12:33:32.316496
-173.0,-255.0,802.0,12:33:32.327089
-50.0,-222.0,857.0,12:33:32.336566
-4.0,-201.0,930.0,12:33:32.345953
-18.0,-404.0,1103.0,12:33:32.356468
29.0,-502.0,1344.0,12:33:32.365944
26.0,-688.0,1150.0,12:33:32.376434
107.0,-482.0,646.0,12:33:32.385770
75.0,-666.0,987.0,12:33:32.395156
173.0,-919.0,1292.0,12:33:32.405745
224.0,-585.0,626.0,12:33:32.415096
20.0,-336.0,316.0,12:33:32.425599
78.0,-371.0,811.0,12:33:32.435414
-44.0,-466.0,795.0,12:33:32.444698
71.0,-498.0,1051.0,12:33:32.455213
-2.0,-540.0,1197.0,12:33:32.464505
173.0,-317.0,745.0,12:33:32.475035
-53.0,-446.0,846.0,12:33:32.484293
129.0,-617.0,985.0,12:33:32.494765
33.0,-565.0,1287.0,12:33:32.504079
173.0,-405.0,782.0,12:33:32.513636
-229.0,-273.0,893.0,12:33:32.524055
-48.0,-496.0,1006.0,12:33:32.533488
10.0,-621.0,696.0,12:33:32.543936
0.0,-598.0,945.0,12:33:32.553354
-56.0,-514.0,1288.0,12:33:32.563780
-46.0,-493.0,894.0,12:33:32.573064
53.0,-299.0,764.0,12:33:32.582594
-42.0,-397.0,1338.0,12:33:32.593106
225.0,-719.0,1264.0,12:33:32.602458
112.0,-351.0,498.0,12:33:32.613021
-7.0,-393.0,715.0,12:33:32.622399
217.0,-676.0,1159.0,12:33:32.632919
148.0,-617.0,829.0,12:33:32.642366
-15.0,-377.0,689.0,12:33:32.651714
-24.0,-353.0,930.0,12:33:32.662310
86.0,-577.0,998.0,12:33:32.671650
12.0,-703.0,1236.0,12:33:32.681004
31.0,-711.0,892.0,12:33:32.692703
94.0,-597.0,512.0,12:33:32.701675
275.0,-693.0,1030.0,12:33:32.711021
18.0,-778.0,1259.0,12:33:32.720488
178.0,-555.0,305.0,12:33:32.730882
42.0,-283.0,423.0,12:33:32.740246
54.0,-278.0,1030.0,12:33:32.750736
76.0,-569.0,895.0,12:33:32.760091
-37.0,-275.0,624.0,12:33:32.770489
178.0,-301.0,847.0,12:33:32.780018
-22.0,-532.0,1413.0,12:33:32.790439
-11.0,-762.0,1290.0,12:33:32.799826
152.0,-683.0,621.0,12:33:32.809260
-81.0,-320.0,1134.0,12:33:32.819702
52.0,-355.0,1404.0,12:33:32.829127
-62.0,-791.0,606.0,12:33:32.839547
-21.0,-803.0,643.0,12:33:32.848996
-6.0,-599.0,1204.0,12:33:32.859488
112.0,-399.0,1046.0,12:33:32.868909
70.0,-615.0,640.0,12:33:32.878275
-31.0,-765.0,857.0,12:33:32.888887
192.0,-698.0,1242.0,12:33:32.898232
7.0,-510.0,966.0,12:33:32.908665
155.0,-524.0,574.0,12:33:32.918008
-121.0,-364.0,1026.0,12:33:32.928453
-53.0,-450.0,878.0,12:33:32.937875
-16.0,-463.0,634.0,12:33:32.948297
-47.0,-303.0,974.0,12:33:32.957764
-144.0,-317.0,1113.0,12:33:32.967029
20.0,-634.0,976.0,12:33:32.977729
53.0,-631.0,963.0,12:33:32.987008
-75.0,-419.0,1077.0,12:33:32.997505
42.0,-468.0,989.0,12:33:33.006806
-6.0,-597.0,1040.0,12:33:33.017238
131.0,-630.0,969.0,12:33:33.026696
3.0,-398.0,767.0,12:33:33.036111
-31.0,-379.0,789.0,12:33:33.046688
-11.0,-425.0,1093.0,12:33:33.055994
-120.0,-421.0,983.0,12:33:33.066710
26.0,-484.0,852.0,12:33:33.076071
68.0,-591.0,872.0,12:33:33.092755
-10.0,-510.0,1065.0,12:33:33.096804
-40.0,-385.0,1029.0,12:33:33.105036
78.0,-589.0,670.0,12:33:33.115529
33.0,-528.0,826.0,12:33:33.124808
76.0,-538.0,842.0,12:33:33.135248
155.0,-529.0,724.0,12:33:33.144671
113.0,-540.0,877.0,12:33:33.155095
60.0,-575.0,835.0,12:33:33.164670
67.0,-533.0,529.0,12:33:33.173938
-24.0,-555.0,894.0,12:33:33.184548
18.0,-491.0,1148.0,12:33:33.193835
-19.0,-376.0,1006.0,12:33:33.204295
-82.0,-283.0,886.0,12:33:33.213683
-172.0,-485.0,892.0,12:33:33.224216
33.0,-528.0,961.0,12:33:33.233585
-10.0,-393.0,1121.0,12:33:33.244014
-87.0,-347.0,1129.0,12:33:33.253489
-88.0,-422.0,959.0,12:33:33.262862
-92.0,-541.0,989.0,12:33:33.273463
-66.0,-506.0,1016.0,12:33:33.282767
91.0,-455.0,999.0,12:33:33.293328
-9.0,-562.0,1136.0,12:33:33.302664
-19.0,-509.0,771.0,12:33:33.311957
0.0,-539.0,953.0,12:33:33.322426
145.0,-581.0,974.0,12:33:33.331782
151.0,-626.0,946.0,12:33:33.342286
87.0,-340.0,631.0,12:33:33.351549
-82.0,-346.0,1033.0,12:33:33.362075
91.0,-534.0,868.0,12:33:33.371322
43.0,-509.0,793.0,12:33:33.381771
118.0,-492.0,839.0,12:33:33.391151
15.0,-576.0,1070.0,12:33:33.401713
-36.0,-563.0,941.0,12:33:33.411093
112.0,-525.0,759.0,12:33:33.420455
16.0,-644.0,948.0,12:33:33.430948
-45.0,-683.0,1079.0,12:33:33.440190
23.0,-662.0,738.0,12:33:33.450701
-41.0,-539.0,628.0,12:33:33.460039
-230.0,-687.0,987.0,12:33:33.470593
-15.0,-745.0,1044.0,12:33:33.480037
58.0,-557.0,703.0,12:33:33.489475
-118.0,-546.0,819.0,12:33:33.499956
-71.0,-661.0,995.0,12:33:33.509417
-73.0,-672.0,855.0,12:33:33.519957
142.0,-583.0,789.0,12:33:33.529311
-54.0,-520.0,981.0,12:33:33.538826
69.0,-537.0,1050.0,12:33:33.549395
-151.0,-460.0,930.0,12:33:33.558871
29.0,-413.0,725.0,12:33:33.578537
-52.0,-439.0,1221.0,12:33:33.588974
66.0,-409.0,837.0,12:33:33.598358
-182.0,-504.0,766.0,12:33:33.607789
175.0,-575.0,943.0,12:33:33.618349
56.0,-454.0,916.0,12:33:33.627748
-122.0,-336.0,953.0,12:33:33.638294
39.0,-424.0,981.0,12:33:33.647740
-63.0,-481.0,1021.0,12:33:33.657129
-12.0,-406.0,905.0,12:33:33.667629
-152.0,-626.0,943.0,12:33:33.677096
60.0,-657.0,970.0,12:33:33.687652
7.0,-572.0,901.0,12:33:33.697053
46.0,-551.0,778.0,12:33:33.707083
-85.0,-578.0,760.0,12:33:33.717050
-22.0,-531.0,976.0,12:33:33.726448
-17.0,-466.0,830.0,12:33:33.737031
-108.0,-456.0,829.0,12:33:33.746525
9.0,-559.0,975.0,12:33:33.755842
-49.0,-408.0,944.0,12:33:33.766329
-34.0,-397.0,829.0,12:33:33.775780
-256.0,-384.0,1135.0,12:33:33.786239
21.0,-530.0,1054.0,12:33:33.795848
116.0,-508.0,775.0,12:33:33.805175
-87.0,-444.0,1034.0,12:33:33.815746
39.0,-620.0,1092.0,12:33:33.825108
-23.0,-649.0,955.0,12:33:33.834479
46.0,-478.0,720.0,12:33:33.845014
23.0,-610.0,911.0,12:33:33.854234
91.0,-518.0,825.0,12:33:33.864776
-132.0,-444.0,1015.0,12:33:33.874052
-97.0,-459.0,952.0,12:33:33.884668
-35.0,-390.0,846.0,12:33:33.895775
-24.0,-498.0,919.0,12:33:33.904211
48.0,-537.0,834.0,12:33:33.913558
-33.0,-442.0,928.0,12:33:33.923952
147.0,-523.0,962.0,12:33:33.933467
-47.0,-497.0,843.0,12:33:33.943906
40.0,-430.0,835.0,12:33:33.953346
2.0,-502.0,920.0,12:33:33.962686
101.0,-555.0,766.0,12:33:33.973115
3.0,-495.0,1033.0,12:33:33.982471
-42.0,-449.0,1003.0,12:33:33.992941
-66.0,-501.0,863.0,12:33:34.002556
116.0,-678.0,898.0,12:33:34.011920
-56.0,-463.0,1078.0,12:33:34.022392
-147.0,-466.0,1108.0,12:33:34.031763
32.0,-477.0,1054.0,12:33:34.042422
100.0,-481.0,740.0,12:33:34.051753
76.0,-503.0,801.0,12:33:34.061240
97.0,-552.0,1007.0,12:33:34.071701
200.0,-532.0,1017.0,12:33:34.081205
125.0,-481.0,830.0,12:33:34.091592
65.0,-592.0,862.0,12:33:34.100937
92.0,-459.0,853.0,12:33:34.111381
123.0,-488.0,886.0,12:33:34.120708
-15.0,-306.0,861.0,12:33:34.131228
-24.0,-516.0,873.0,12:33:34.140608
195.0,-557.0,813.0,12:33:34.150065
33.0,-532.0,924.0,12:33:34.160556
34.0,-475.0,866.0,12:33:34.169936
88.0,-431.0,902.0,12:33:34.180440
159.0,-578.0,914.0,12:33:34.189977
171.0,-615.0,973.0,12:33:34.200398
178.0,-630.0,991.0,12:33:34.209765
157.0,-644.0,900.0,12:33:34.219026
60.0,-606.0,919.0,12:33:34.229579
18.0,-715.0,960.0,12:33:34.238941
72.0,-628.0,866.0,12:33:34.249445
41.0,-525.0,871.0,12:33:34.258800
-36.0,-554.0,722.0,12:33:34.269313
9.0,-509.0,908.0,12:33:34.278575
55.0,-579.0,921.0,12:33:34.296082
-57.0,-594.0,1024.0,12:33:34.299873
160.0,-444.0,897.0,12:33:34.308211
68.0,-458.0,761.0,12:33:34.318655
-73.0,-488.0,1027.0,12:33:34.327918
139.0,-564.0,1102.0,12:33:34.338309
30.0,-521.0,837.0,12:33:34.347768
158.0,-442.0,976.0,12:33:34.357042
-113.0,-421.0,818.0,12:33:34.367631
71.0,-402.0,849.0,12:33:34.376892
219.0,-285.0,886.0,12:33:34.387542
-172.0,-545.0,1063.0,12:33:34.396843
179.0,-450.0,971.0,12:33:34.407366
98.0,-443.0,903.0,12:33:34.416720
121.0,-523.0,989.0,12:33:34.426110
130.0,-591.0,1070.0,12:33:34.436613
-102.0,-708.0,1064.0,12:33:34.445982
50.0,-595.0,996.0,12:33:34.456594
51.0,-466.0,840.0,12:33:34.465974
236.0,-581.0,929.0,12:33:34.475275
-82.0,-647.0,886.0,12:33:34.485888
104.0,-615.0,759.0,12:33:34.495355
-11.0,-343.0,918.0,12:33:34.505736
-44.0,-588.0,964.0,12:33:34.515189
-4.0,-697.0,856.0,12:33:34.525692
-77.0,-442.0,945.0,12:33:34.535094
61.0,-456.0,930.0,12:33:34.544508
-40.0,-446.0,907.0,12:33:34.555060
-47.0,-422.0,857.0,12:33:34.574818
15.0,-758.0,964.0,12:33:34.584129
-35.0,-467.0,813.0,12:33:34.593582
-98.0,-365.0,875.0,12:33:34.604048
-99.0,-413.0,1009.0,12:33:34.613553
96.0,-698.0,1267.0,12:33:34.624092
84.0,-605.0,1029.0,12:33:34.633467
13.0,-266.0,936.0,12:33:34.643980
-58.0,-416.0,1023.0,12:33:34.653389
-53.0,-584.0,916.0,12:33:34.662835
156.0,-576.0,919.0,12:33:34.673313
56.0,-464.0,928.0,12:33:34.682722
-81.0,-483.0,1018.0,12:33:34.693105
-88.0,-486.0,801.0,12:33:34.702429
-14.0,-387.0,986.0,12:33:34.712870
-2.0,-571.0,922.0,12:33:34.722381
146.0,-520.0,857.0,12:33:34.731668
166.0,-553.0,1057.0,12:33:34.742218
-80.0,-470.0,1105.0,12:33:34.751643
26.0,-381.0,666.0,12:33:34.762280
135.0,-588.0,805.0,12:33:34.771630
165.0,-487.0,970.0,12:33:34.780924
-10.0,-527.0,949.0,12:33:34.791537
-20.0,-586.0,668.0,12:33:34.800812
9.0,-476.0,1091.0,12:33:34.811381
1.0,-479.0,907.0,12:33:34.820645
25.0,-664.0,691.0,12:33:34.830247
75.0,-631.0,839.0,12:33:34.840751
62.0,-700.0,1095.0,12:33:34.850102
116.0,-597.0,807.0,12:33:34.860477
-92.0,-589.0,836.0,12:33:34.869994
-16.0,-696.0,975.0,12:33:34.880468
76.0,-579.0,1089.0,12:33:34.889892
-40.0,-562.0,657.0,12:33:34.899230
-145.0,-559.0,716.0,12:33:34.909764
134.0,-726.0,990.0,12:33:34.919192
99.0,-658.0,995.0,12:33:34.929606
88.0,-514.0,796.0,12:33:34.939072
-264.0,-492.0,670.0,12:33:34.949560
-17.0,-515.0,946.0,12:33:34.958945
-114.0,-518.0,1068.0,12:33:34.968393
2.0,-625.0,877.0,12:33:34.978929
97.0,-492.0,845.0,12:33:34.988174
-67.0,-643.0,1160.0,12:33:34.998663
-80.0,-562.0,972.0,12:33:35.007933
195.0,-672.0,842.0,12:33:35.018499
-193.0,-431.0,1065.0,12:33:35.027892
35.0,-506.0,742.0,12:33:35.037255
-47.0,-644.0,868.0,12:33:35.047826
12.0,-533.0,796.0,12:33:35.057195
-66.0,-566.0,1013.0,12:33:35.067765
-61.0,-461.0,744.0,12:33:35.077146
-193.0,-380.0,778.0,12:33:35.086626
-97.0,-478.0,1037.0,12:33:35.099175
54.0,-619.0,878.0,12:33:35.107233
-56.0,-437.0,920.0,12:33:35.116666
60.0,-476.0,782.0,12:33:35.126035
-136.0,-522.0,882.0,12:33:35.136675
105.0,-567.0,1026.0,12:33:35.145951
-42.0,-486.0,885.0,12:33:35.156519
148.0,-615.0,680.0,12:33:35.165817
-118.0,-570.0,1137.0,12:33:35.175264
-108.0,-586.0,928.0,12:33:35.185739
42.0,-394.0,773.0,12:33:35.195122
-61.0,-433.0,1034.0,12:33:35.205627
-126.0,-565.0,1083.0,12:33:35.215016
-83.0,-362.0,699.0,12:33:35.225545
19.0,-572.0,799.0,12:33:35.234973
69.0,-505.0,991.0,12:33:35.245328
-69.0,-565.0,1109.0,12:33:35.254697
-74.0,-421.0,840.0,12:33:35.264057
37.0,-289.0,732.0,12:33:35.274706
-16.0,-473.0,958.0,12:33:35.284074
205.0,-557.0,973.0,12:33:35.294685
88.0,-245.0,658.0,12:33:35.303975
-36.0,-461.0,957.0,12:33:35.313415
150.0,-638.0,1186.0,12:33:35.324023
108.0,-702.0,958.0,12:33:35.333372
-48.0,-491.0,887.0,12:33:35.343837
34.0,-413.0,677.0,12:33:35.353251
91.0,-453.0,1150.0,12:33:35.363694
112.0,-580.0,981.0,12:33:35.373001
-88.0,-491.0,771.0,12:33:35.382440
-113.0,-176.0,703.0,12:33:35.392871
-22.0,-490.0,1283.0,12:33:35.402398
180.0,-549.0,952.0,12:33:35.412895
161.0,-525.0,723.0,12:33:35.422405
-119.0,-487.0,1062.0,12:33:35.431748
96.0,-442.0,1067.0,12:33:35.442447
91.0,-551.0,861.0,12:33:35.451783
146.0,-593.0,649.0,12:33:35.461193
46.0,-568.0,1229.0,12:33:35.471673
-82.0,-458.0,1082.0,12:33:35.481240
119.0,-405.0,614.0,12:33:35.499621
220.0,-641.0,983.0,12:33:35.501030
85.0,-761.0,737.0,12:33:35.510687
83.0,-609.0,794.0,12:33:35.521222
65.0,-515.0,859.0,12:33:35.530631
39.0,-566.0,922.0,12:33:35.540077
-7.0,-438.0,974.0,12:33:35.550591
-16.0,-534.0,451.0,12:33:35.559951
76.0,-559.0,568.0,12:33:35.570479
3.0,-584.0,1456.0,12:33:35.579786
-33.0,-529.0,1126.0,12:33:35.590373
-3.0,-276.0,543.0,12:33:35.599709
49.0,-569.0,1014.0,12:33:35.609075
344.0,-688.0,851.0,12:33:35.619551
33.0,-442.0,954.0,12:33:35.628967
89.0,-219.0,685.0,12:33:35.639414
183.0,-746.0,1032.0,12:33:35.648739
158.0,-593.0,970.0,12:33:35.659089
154.0,-615.0,768.0,12:33:35.668389
97.0,-452.0,851.0,12:33:35.678949
-24.0,-577.0,1257.0,12:33:35.688276
128.0,-643.0,1113.0,12:33:35.697766
179.0,-612.0,977.0,12:33:35.708189
-89.0,-478.0,816.0,12:33:35.717564
115.0,-567.0,511.0,12:33:35.728027
170.0,-750.0,944.0,12:33:35.737325
26.0,-555.0,1162.0,12:33:35.747822
-13.0,-536.0,617.0,12:33:35.757165
31.0,-464.0,611.0,12:33:35.767601
-91.0,-373.0,1116.0,12:33:35.776926
-14.0,-530.0,1120.0,12:33:35.787394
78.0,-528.0,460.0,12:33:35.796772
-42.0,-276.0,667.0,12:33:35.807181
-24.0,-434.0,1412.0,12:33:35.816659
-90.0,-726.0,1438.0,12:33:35.825947
-62.0,-463.0,295.0,12:33:35.836644
282.0,-319.0,647.0,12:33:35.845921
-70.0,-560.0,1774.0,12:33:35.856501
291.0,-538.0,991.0,12:33:35.865829
22.0,-643.0,761.0,12:33:35.875271
65.0,-512.0,650.0,12:33:35.885744
153.0,-491.0,913.0,12:33:35.895149
-23.0,-476.0,1033.0,12:33:35.905803
-80.0,-589.0,1324.0,12:33:35.915251
11.0,-499.0,708.0,12:33:35.924629
-57.0,-568.0,676.0,12:33:35.935100
-82.0,-523.0,929.0,12:33:35.954814
209.0,-395.0,842.0,12:33:35.964171
-87.0,-482.0,992.0,12:33:35.974682
93.0,-516.0,981.0,12:33:35.984011
32.0,-446.0,745.0,12:33:35.993481
-107.0,-477.0,857.0,12:33:36.003970
137.0,-592.0,1020.0,12:33:36.013458
145.0,-424.0,842.0,12:33:36.023916
117.0,-303.0,966.0,12:33:36.033372
-25.0,-410.0,1159.0,12:33:36.043881
-82.0,-515.0,835.0,12:33:36.053157
253.0,-452.0,704.0,12:33:36.062646
5.0,-507.0,1358.0,12:33:36.073115
-10.0,-432.0,1282.0,12:33:36.082481
21.0,-606.0,723.0,12:33:36.102124
35.0,-645.0,1241.0,12:33:36.112478
144.0,-563.0,877.0,12:33:36.121903
49.0,-441.0,598.0,12:33:36.132342
40.0,-533.0,922.0,12:33:36.141717
57.0,-622.0,805.0,12:33:36.152325
163.0,-516.0,867.0,12:33:36.161648
41.0,-507.0,731.0,12:33:36.171010
34.0,-456.0,522.0,12:33:36.181530
-39.0,-292.0,1108.0,12:33:36.190880
224.0,-470.0,1180.0,12:33:36.201363
60.0,-473.0,571.0,12:33:36.210645
130.0,-397.0,824.0,12:33:36.221301
-149.0,-552.0,1445.0,12:33:36.230624
60.0,-723.0,869.0,12:33:36.240068
228.0,-638.0,850.0,12:33:36.250562
-143.0,-449.0,1208.0,12:33:36.260071
-45.0,-624.0,900.0,12:33:36.270601
-86.0,-595.0,811.0,12:33:36.279980
128.0,-673.0,865.0,12:33:36.289328
-83.0,-481.0,742.0,12:33:36.304652
-13.0,-586.0,916.0,12:33:36.309050
21.0,-749.0,1067.0,12:33:36.319469
-103.0,-576.0,623.0,12:33:36.328959
159.0,-678.0,809.0,12:33:36.339443
114.0,-584.0,1017.0,12:33:36.348913
-193.0,-488.0,959.0,12:33:36.358362
61.0,-503.0,693.0,12:33:36.368968
-70.0,-564.0,1036.0,12:33:36.378354
-59.0,-543.0,966.0,12:33:36.388837
192.0,-465.0,534.0,12:33:36.398354
-43.0,-586.0,835.0,12:33:36.407717
-27.0,-742.0,1182.0,12:33:36.418252
189.0,-502.0,644.0,12:33:36.427747
-80.0,-266.0,620.0,12:33:36.438204
-54.0,-355.0,678.0,12:33:36.447534
-56.0,-513.0,705.0,12:33:36.456964
-142.0,-573.0,1034.0,12:33:36.467406
184.0,-673.0,1245.0,12:33:36.476754
-93.0,-408.0,1140.0,12:33:36.487243
-56.0,-635.0,1002.0,12:33:36.496731
68.0,-698.0,1171.0,12:33:36.507154
223.0,-637.0,737.0,12:33:36.516672
102.0,-626.0,983.0,12:33:36.526009
60.0,-474.0,979.0,12:33:36.536608
37.0,-574.0,736.0,12:33:36.545959
-4.0,-313.0,451.0,12:33:36.556540
-55.0,-315.0,761.0,12:33:36.565827
95.0,-547.0,809.0,12:33:36.575305
-47.0,-480.0,1152.0,12:33:36.585777
-138.0,-397.0,1141.0,12:33:36.595190
2.0,-469.0,810.0,12:33:36.605668
96.0,-441.0,908.0,12:33:36.615029
111.0,-366.0,1317.0,12:33:36.625411
8.0,-343.0,1056.0,12:33:36.634750
246.0,-563.0,1018.0,12:33:36.645170
115.0,-468.0,791.0,12:33:36.654665
276.0,-607.0,1043.0,12:33:36.663912
89.0,-487.0,735.0,12:33:36.674523
96.0,-482.0,917.0,12:33:36.683934
-143.0,-512.0,1133.0,12:33:36.694485
41.0,-667.0,886.0,12:33:36.704140
65.0,-414.0,712.0,12:33:36.713751
261.0,-519.0,854.0,12:33:36.723150
90.0,-657.0,1041.0,12:33:36.733626
54.0,-212.0,558.0,12:33:36.742946
-21.0,-370.0,954.0,12:33:36.753478
158.0,-359.0,983.0,12:33:36.762916
-64.0,-608.0,984.0,12:33:36.773472
-124.0,-571.0,1098.0,12:33:36.782755
54.0,-692.0,1197.0,12:33:36.792062
197.0,-691.0,857.0,12:33:36.802542
56.0,-723.0,980.0,12:33:36.812106
119.0,-660.0,667.0,12:33:36.822608
266.0,-700.0,568.0,12:33:36.831978
-26.0,-544.0,792.0,12:33:36.842529
-78.0,-360.0,805.0,12:33:36.851947
-242.0,-74.0,849.0,12:33:36.861183
-67.0,-382.0,1392.0,12:33:36.871712
-71.0,-515.0,987.0,12:33:36.881156
3.0,-390.0,722.0,12:33:36.890662
167.0,-528.0,1114.0,12:33:36.901132
91.0,-733.0,1361.0,12:33:36.910550
51.0,-724.0,1085.0,12:33:36.921087
59.0,-553.0,665.0,12:33:36.930476
28.0,-543.0,864.0,12:33:36.940937
154.0,-546.0,919.0,12:33:36.950278
55.0,-478.0,962.0,12:33:36.960691
41.0,-486.0,684.0,12:33:36.970089
144.0,-356.0,540.0,12:33:36.979442
67.0,-441.0,1055.0,12:33:36.990115
252.0,-731.0,1054.0,12:33:36.999495
72.0,-370.0,566.0,12:33:37.008929
226.0,-592.0,857.0,12:33:37.019357
157.0,-787.0,976.0,12:33:37.028798
2.0,-728.0,785.0,12:33:37.039299
95.0,-675.0,1027.0,12:33:37.048780
-200.0,-444.0,940.0,12:33:37.059190
-115.0,-372.0,817.0,12:33:37.068521
71.0,-510.0,794.0,12:33:37.079013
-45.0,-536.0,1063.0,12:33:37.088278
62.0,-321.0,771.0,12:33:37.097678
147.0,-570.0,781.0,12:33:37.108129
185.0,-824.0,1022.0,12:33:37.117401
320.0,-796.0,688.0,12:33:37.127972
-44.0,-485.0,842.0,12:33:37.137275
-68.0,-480.0,1155.0,12:33:37.147885
182.0,-425.0,1039.0,12:33:37.157224
-98.0,-159.0,635.0,12:33:37.167768
85.0,-384.0,855.0,12:33:37.177074
109.0,-453.0,1030.0,12:33:37.187538
186.0,-525.0,678.0,12:33:37.197014
72.0,-760.0,945.0,12:33:37.206447
-13.0,-617.0,1249.0,12:33:37.216866
153.0,-483.0,817.0,12:33:37.226231
49.0,-343.0,630.0,12:33:37.236835
-62.0,-706.0,1141.0,12:33:37.246243
212.0,-686.0,939.0,12:33:37.255616
52.0,-542.0,733.0,12:33:37.266047
-138.0,-419.0,896.0,12:33:37.275423
23.0,-603.0,1390.0,12:33:37.285924
-163.0,-793.0,816.0,12:33:37.295395
51.0,-584.0,695.0,12:33:37.304688
-109.0,-544.0,834.0,12:33:37.315214
-100.0,-588.0,1186.0,12:33:37.324632
92.0,-597.0,954.0,12:33:37.335149
-37.0,-572.0,853.0,12:33:37.344531
148.0,-541.0,829.0,12:33:37.353976
38.0,-733.0,880.0,12:33:37.364480
-60.0,-646.0,1007.0,12:33:37.373912
64.0,-228.0,704.0,12:33:37.384421
-141.0,-333.0,826.0,12:33:37.393853
2.0,-461.0,1153.0,12:33:37.404234
-63.0,-496.0,765.0,12:33:37.413605
20.0,-486.0,831.0,12:33:37.424049
148.0,-471.0,958.0,12:33:37.433572
-123.0,-533.0,1074.0,12:33:37.442867
-19.0,-484.0,1081.0,12:33:37.453580
9.0,-744.0,653.0,12:33:37.462843
-2.0,-651.0,737.0,12:33:37.472465
17.0,-551.0,800.0,12:33:37.482867
-127.0,-480.0,1129.0,12:33:37.492296
65.0,-495.0,1069.0,12:33:37.505594
75.0,-450.0,753.0,12:33:37.511804
-135.0,-566.0,1011.0,12:33:37.522385
240.0,-420.0,931.0,12:33:37.531708
20.0,-471.0,1034.0,12:33:37.542244
44.0,-335.0,860.0,12:33:37.551580
15.0,-483.0,866.0,12:33:37.562074
94.0,-617.0,678.0,12:33:37.571357
17.0,-380.0,884.0,12:33:37.581788
-63.0,-407.0,1038.0,12:33:37.591245
24.0,-611.0,932.0,12:33:37.600620
158.0,-493.0,632.0,12:33:37.611157
-80.0,-619.0,1027.0,12:33:37.620558
62.0,-537.0,1145.0,12:33:37.631035
50.0,-549.0,837.0,12:33:37.640441
131.0,-497.0,804.0,12:33:37.649800
27.0,-433.0,918.0,12:33:37.660310
-120.0,-441.0,997.0,12:33:37.669630
168.0,-583.0,921.0,12:33:37.680146
153.0,-528.0,801.0,12:33:37.689411
147.0,-463.0,853.0,12:33:37.699949
-36.0,-429.0,950.0,12:33:37.709416
-9.0,-501.0,1002.0,12:33:37.718877
136.0,-412.0,808.0,12:33:37.729398
-5.0,-509.0,1030.0,12:33:37.738818
140.0,-573.0,878.0,12:33:37.749379
69.0,-563.0,776.0,12:33:37.758729
102.0,-462.0,671.0,12:33:37.768140
-7.0,-422.0,1110.0,12:33:37.778701
1.0,-495.0,967.0,12:33:37.788147
93.0,-530.0,878.0,12:33:37.798514
141.0,-501.0,941.0,12:33:37.807891
129.0,-595.0,873.0,12:33:37.818343
34.0,-543.0,811.0,12:33:37.827824
92.0,-718.0,972.0,12:33:37.837192
21.0,-696.0,899.0,12:33:37.847755
100.0,-655.0,813.0,12:33:37.857037
-88.0,-499.0,875.0,12:33:37.867774
-20.0,-466.0,983.0,12:33:37.877133
-12.0,-451.0,725.0,12:33:37.886557
12.0,-522.0,852.0,12:33:37.896953
61.0,-498.0,794.0,12:33:37.907352
7.0,-546.0,967.0,12:33:37.915969
177.0,-475.0,932.0,12:33:37.926433
151.0,-513.0,913.0,12:33:37.935871
-102.0,-569.0,1136.0,12:33:37.946324
236.0,-630.0,1138.0,12:33:37.956108
81.0,-647.0,682.0,12:33:37.965369
121.0,-406.0,928.0,12:33:37.975912
-139.0,-575.0,1125.0,12:33:37.985165
109.0,-607.0,702.0,12:33:37.995805
-78.0,-523.0,795.0,12:33:38.005062
182.0,-443.0,690.0,12:33:38.014551
-35.0,-402.0,909.0,12:33:38.025045
-102.0,-505.0,1065.0,12:33:38.034482
29.0,-533.0,1008.0,12:33:38.044948
7.0,-248.0,855.0,12:33:38.054260
86.0,-410.0,893.0,12:33:38.064654
30.0,-389.0,1015.0,12:33:38.074071
104.0,-429.0,1011.0,12:33:38.084643
137.0,-344.0,935.0,12:33:38.093957
193.0,-535.0,856.0,12:33:38.103387
80.0,-526.0,965.0,12:33:38.113890
-16.0,-473.0,1238.0,12:33:38.123142
85.0,-602.0,873.0,12:33:38.133678
23.0,-509.0,707.0,12:33:38.142946
176.0,-520.0,720.0,12:33:38.153540
98.0,-564.0,985.0,12:33:38.162782
-137.0,-609.0,1042.0,12:33:38.173346
170.0,-500.0,624.0,12:33:38.182760
-18.0,-321.0,678.0,12:33:38.192213
-21.0,-598.0,1375.0,12:33:38.202685
3.0,-531.0,918.0,12:33:38.212128
-43.0,-483.0,727.0,12:33:38.222501
124.0,-534.0,1187.0,12:33:38.231996
133.0,-601.0,1262.0,12:33:38.241328
246.0,-575.0,731.0,12:33:38.251817
28.0,-516.0,859.0,12:33:38.261262
117.0,-691.0,1247.0,12:33:38.271794
40.0,-625.0,901.0,12:33:38.281162
52.0,-377.0,677.0,12:33:38.291616
-98.0,-354.0,870.0,12:33:38.300915
5.0,-542.0,1101.0,12:33:38.310358
76.0,-477.0,855.0,12:33:38.320814
-23.0,-359.0,635.0,12:33:38.330243
15.0,-429.0,958.0,12:33:38.340696
105.0,-701.0,1062.0,12:33:38.350127
107.0,-445.0,879.0,12:33:38.360517
-68.0,-306.0,982.0,12:33:38.369868
204.0,-538.0,981.0,12:33:38.380254
156.0,-550.0,1009.0,12:33:38.389663
200.0,-508.0,630.0,12:33:38.409288
25.0,-368.0,669.0,12:33:38.419782
-12.0,-669.0,1181.0,12:33:38.429165
-148.0,-833.0,1077.0,12:33:38.438441
41.0,-422.0,427.0,12:33:38.449008
49.0,-674.0,1119.0,12:33:38.458260
9.0,-714.0,988.0,12:33:38.468845
282.0,-851.0,646.0,12:33:38.478173
-111.0,-440.0,855.0,12:33:38.488741
54.0,-481.0,967.0,12:33:38.497989
-24.0,-426.0,523.0,12:33:38.508569
-60.0,-566.0,886.0,12:33:38.517861
-8.0,-422.0,808.0,12:33:38.527217
51.0,-617.0,884.0,12:33:38.537738
102.0,-485.0,755.0,12:33:38.547038
148.0,-331.0,532.0,12:33:38.557451
-16.0,-604.0,1380.0,12:33:38.566781
90.0,-700.0,1686.0,12:33:38.577203
-61.0,-369.0,649.0,12:33:38.586725
-30.0,-282.0,664.0,12:33:38.597201
118.0,-726.0,1244.0,12:33:38.606620
189.0,-828.0,926.0,12:33:38.617045
10.0,-485.0,981.0,12:33:38.626500
-177.0,-323.0,860.0,12:33:38.635763
83.0,-400.0,553.0,12:33:38.646477
56.0,-540.0,923.0,12:33:38.655751
96.0,-646.0,1253.0,12:33:38.666265
49.0,-628.0,868.0,12:33:38.675559
-119.0,-334.0,750.0,12:33:38.686049
133.0,-397.0,1051.0,12:33:38.695322
329.0,-687.0,774.0,12:33:38.709282
130.0,-592.0,625.0,12:33:38.715474
-41.0,-335.0,939.0,12:33:38.724796
141.0,-197.0,962.0,12:33:38.735410
-52.0,-452.0,1038.0,12:33:38.744722
157.0,-514.0,872.0,12:33:38.754115
130.0,-672.0,769.0,12:33:38.764563
82.0,-572.0,1023.0,12:33:38.773877
-13.0,-530.0,1124.0,12:33:38.784270
107.0,-588.0,768.0,12:33:38.793722
136.0,-306.0,674.0,12:33:38.804208
70.0,-417.0,857.0,12:33:38.813543
-147.0,-508.0,1090.0,12:33:38.824049
31.0,-412.0,932.0,12:33:38.833595
-113.0,-651.0,1189.0,12:33:38.843002
-63.0,-831.0,1020.0,12:33:38.853591
-14.0,-801.0,860.0,12:33:38.862888
-74.0,-327.0,1099.0,12:33:38.872380
-311.0,-498.0,944.0,12:33:38.882825
102.0,-736.0,1043.0,12:33:38.892315
232.0,-821.0,818.0,12:33:38.902714
-35.0,-558.0,306.0,12:33:38.912152
4.0,-264.0,591.0,12:33:38.922589
21.0,-517.0,989.0,12:33:38.931906
48.0,-582.0,660.0,12:33:38.942400
8.0,-393.0,963.0,12:33:38.951773
31.0,-152.0,940.0,12:33:38.961100
76.0,-132.0,828.0,12:33:38.971686
54.0,-534.0,1091.0,12:33:38.980983
3.0,-428.0,1084.0,12:33:38.991520
242.0,-527.0,1046.0,12:33:39.000899
3.0,-268.0,1190.0,12:33:39.011391
-12.0,-495.0,1425.0,12:33:39.020614
121.0,-732.0,614.0,12:33:39.030157
141.0,-706.0,525.0,12:33:39.040601
-5.0,-497.0,1306.0,12:33:39.050112
-150.0,-382.0,1034.0,12:33:39.060529
-3.0,-403.0,837.0,12:33:39.070193
43.0,-470.0,473.0,12:33:39.079461
-57.0,-488.0,664.0,12:33:39.090028
18.0,-803.0,1089.0,12:33:39.099304
39.0,-572.0,1070.0,12:33:39.110930
267.0,-435.0,952.0,12:33:39.119340
211.0,-559.0,835.0,12:33:39.129759
-133.0,-423.0,1060.0,12:33:39.139033
-84.0,-372.0,689.0,12:33:39.148385
235.0,-333.0,746.0,12:33:39.158958
177.0,-568.0,1338.0,12:33:39.168215
129.0,-761.0,1120.0,12:33:39.178826
50.0,-729.0,297.0,12:33:39.188143
153.0,-407.0,645.0,12:33:39.198623
-33.0,-555.0,930.0,12:33:39.207914
173.0,-650.0,867.0,12:33:39.218278
-93.0,-616.0,858.0,12:33:39.227769
-66.0,-312.0,922.0,12:33:39.237014
-226.0,-161.0,1040.0,12:33:39.247448
-126.0,-583.0,867.0,12:33:39.256727
123.0,-980.0,798.0,12:33:39.267264
137.0,-674.0,1260.0,12:33:39.276586
79.0,-334.0,1250.0,12:33:39.287068
122.0,-604.0,707.0,12:33:39.296308
221.0,-930.0,815.0,12:33:39.306847
151.0,-852.0,990.0,12:33:39.316078
-36.0,-528.0,919.0,12:33:39.326623
181.0,-535.0,778.0,12:33:39.335911
-23.0,-724.0,1067.0,12:33:39.346452
38.0,-573.0,548.0,12:33:39.355886
37.0,-373.0,556.0,12:33:39.365148
-48.0,-452.0,758.0,12:33:39.375766
-53.0,-391.0,849.0,12:33:39.385085
-23.0,-187.0,955.0,12:33:39.395525
-7.0,-195.0,929.0,12:33:39.404789
-32.0,-429.0,731.0,12:33:39.415258
60.0,-513.0,1210.0,12:33:39.424577
-102.0,-620.0,1233.0,12:33:39.435037
172.0,-736.0,610.0,12:33:39.444290
207.0,-619.0,1123.0,12:33:39.454809
-188.0,-545.0,1645.0,12:33:39.464085
-70.0,-610.0,901.0,12:33:39.474628
205.0,-430.0,376.0,12:33:39.483945
107.0,-526.0,528.0,12:33:39.493399
-129.0,-805.0,899.0,12:33:39.503782
108.0,-759.0,931.0,12:33:39.513165
-134.0,-153.0,688.0,12:33:39.523643
-15.0,-281.0,721.0,12:33:39.532967
39.0,-504.0,980.0,12:33:39.543544
53.0,-368.0,1144.0,12:33:39.552751
14.0,-437.0,1191.0,12:33:39.563333
71.0,-536.0,1089.0,12:33:39.572557
-16.0,-747.0,1390.0,12:33:39.583010
284.0,-663.0,552.0,12:33:39.592331
112.0,-686.0,691.0,12:33:39.602799
-76.0,-384.0,941.0,12:33:39.612177
53.0,-375.0,1065.0,12:33:39.621591
-90.0,-419.0,683.0,12:33:39.632069
-115.0,-352.0,533.0,12:33:39.641406
110.0,-624.0,883.0,12:33:39.651897
-81.0,-670.0,1075.0,12:33:39.661169
-55.0,-391.0,980.0,12:33:39.671596
-116.0,-586.0,790.0,12:33:39.680885
48.0,-575.0,1307.0,12:33:39.691289
194.0,-456.0,1384.0,12:33:39.700596
49.0,-592.0,430.0,12:33:39.711174
-50.0,-496.0,903.0,12:33:39.720400
-159.0,-507.0,1766.0,12:33:39.730851
179.0,-914.0,932.0,12:33:39.740156
161.0,-518.0,108.0,12:33:39.750649
24.0,-457.0,833.0,12:33:39.759985
133.0,-885.0,1178.0,12:33:39.770415
112.0,-609.0,576.0,12:33:39.779680
-186.0,-182.0,468.0,12:33:39.790132
-79.0,-303.0,484.0,12:33:39.799414
81.0,-650.0,1159.0,12:33:39.808846
-1.0,-640.0,1590.0,12:33:39.819258
-82.0,-272.0,548.0,12:33:39.828629
28.0,-453.0,836.0,12:33:39.839027
35.0,-535.0,1641.0,12:33:39.848271
27.0,-454.0,1210.0,12:33:39.858865
159.0,-247.0,514.0,12:33:39.868096
-142.0,-581.0,1031.0,12:33:39.878496
292.0,-865.0,1112.0,12:33:39.887790
171.0,-654.0,367.0,12:33:39.898287
72.0,-540.0,601.0,12:33:39.912601
-13.0,-598.0,1032.0,12:33:39.917445
-21.0,-430.0,919.0,12:33:39.927914
-33.0,-369.0,721.0,12:33:39.937177
11.0,-340.0,801.0,12:33:39.947810
49.0,-433.0,1020.0,12:33:39.957015
-129.0,-448.0,1154.0,12:33:39.967501
153.0,-621.0,1004.0,12:33:39.976880
368.0,-747.0,901.0,12:33:39.987257
103.0,-740.0,955.0,12:33:39.996683
6.0,-461.0,1167.0,12:33:40.007091
129.0,-550.0,583.0,12:33:40.016512
179.0,-233.0,261.0,12:33:40.025762
57.0,-493.0,1197.0,12:33:40.036214
-13.0,-469.0,1118.0,12:33:40.045509
118.0,-308.0,501.0,12:33:40.055982
-111.0,-79.0,452.0,12:33:40.065258
135.0,-381.0,1281.0,12:33:40.075692
159.0,-452.0,1466.0,12:33:40.085066
102.0,-483.0,1021.0,12:33:40.095663
79.0,-507.0,732.0,12:33:40.105062
141.0,-379.0,922.0,12:33:40.114435
243.0,-376.0,1153.0,12:33:40.124914
121.0,-706.0,1362.0,12:33:40.134296
33.0,-681.0,627.0,12:33:40.144772
194.0,-396.0,462.0,12:33:40.154114
46.0,-462.0,872.0,12:33:40.164595
250.0,-903.0,856.0,12:33:40.173910
70.0,-650.0,428.0,12:33:40.184277
-191.0,-323.0,1283.0,12:33:40.193732
-76.0,-203.0,1480.0,12:33:40.204124
27.0,-379.0,375.0,12:33:40.213536
351.0,-633.0,600.0,12:33:40.223958
46.0,-563.0,1520.0,12:33:40.233374
3.0,-344.0,1151.0,12:33:40.242621
52.0,-565.0,913.0,12:33:40.253038
-105.0,-345.0,938.0,12:33:40.262423
202.0,-562.0,1148.0,12:33:40.272821
58.0,-707.0,680.0,12:33:40.282199
35.0,-605.0,1044.0,12:33:40.292555
288.0,-669.0,1145.0,12:33:40.301904
79.0,-468.0,745.0,12:33:40.314118
223.0,-454.0,678.0,12:33:40.321523
-225.0,-437.0,888.0,12:33:40.331944
-39.0,-336.0,970.0,12:33:40.341350
-106.0,-326.0,778.0,12:33:40.351813
72.0,-462.0,1046.0,12:33:40.361181
-191.0,-444.0,1090.0,12:33:40.371566
-69.0,-619.0,881.0,12:33:40.381033
129.0,-528.0,1032.0,12:33:40.391428
-13.0,-575.0,1369.0,12:33:40.400760
98.0,-674.0,721.0,12:33:40.411157
74.0,-733.0,489.0,12:33:40.420461
-125.0,-409.0,1135.0,12:33:40.430929
217.0,-502.0,768.0,12:33:40.440183
97.0,-619.0,500.0,12:33:40.450681
14.0,-506.0,914.0,12:33:40.459975
153.0,-505.0,815.0,12:33:40.470454
51.0,-439.0,760.0,12:33:40.479646
60.0,-311.0,1338.0,12:33:40.490226
80.0,-419.0,880.0,12:33:40.499506
-97.0,-507.0,739.0,12:33:40.508866
111.0,-522.0,941.0,12:33:40.519324
92.0,-500.0,972.0,12:33:40.528588
65.0,-376.0,850.0,12:33:40.538999
-67.0,-532.0,723.0,12:33:40.548328
-78.0,-791.0,776.0,12:33:40.558959
-41.0,-902.0,782.0,12:33:40.568183
-148.0,-551.0,929.0,12:33:40.578907
-162.0,-562.0,975.0,12:33:40.588137
-148.0,-664.0,1019.0,12:33:40.598719
-81.0,-614.0,1383.0,12:33:40.608095
5.0,-529.0,980.0,12:33:40.617409
-105.0,-293.0,741.0,12:33:40.627872
169.0,-547.0,970.0,12:33:40.637277
-41.0,-692.0,1171.0,12:33:40.647734
73.0,-422.0,829.0,12:33:40.657009
91.0,-359.0,930.0,12:33:40.667657
-27.0,-502.0,814.0,12:33:40.676987
29.0,-641.0,957.0,12:33:40.686447
-124.0,-657.0,997.0,12:33:40.696830
183.0,-696.0,1015.0,12:33:40.706310
-21.0,-522.0,808.0,12:33:40.716773
100.0,-609.0,1078.0,12:33:40.726072
62.0,-711.0,1204.0,12:33:40.736640
-65.0,-455.0,710.0,12:33:40.745950
58.0,-520.0,815.0,12:33:40.756338
213.0,-792.0,1144.0,12:33:40.765773
-35.0,-746.0,1253.0,12:33:40.775113
0.0,-562.0,855.0,12:33:40.785611
-103.0,-558.0,883.0,12:33:40.795001
198.0,-656.0,879.0,12:33:40.805372
-40.0,-727.0,845.0,12:33:40.814762
185.0,-571.0,725.0,12:33:40.825206
5.0,-674.0,1084.0,12:33:40.834579
-62.0,-523.0,750.0,12:33:40.845028
28.0,-442.0,585.0,12:33:40.854303
-49.0,-232.0,481.0,12:33:40.864721
-73.0,-288.0,734.0,12:33:40.874043
-70.0,-598.0,1168.0,12:33:40.883424
-40.0,-392.0,941.0,12:33:40.893813
60.0,-200.0,476.0,12:33:40.903196
-32.0,-507.0,917.0,12:33:40.913568
163.0,-709.0,1062.0,12:33:40.923001
39.0,-639.0,515.0,12:33:40.933452
14.0,-331.0,739.0,12:33:40.942746
-242.0,-441.0,1112.0,12:33:40.953150
62.0,-506.0,808.0,12:33:40.962414
83.0,-500.0,739.0,12:33:40.972884
-84.0,-197.0,930.0,12:33:40.982171
-150.0,-245.0,1233.0,12:33:40.992716
-26.0,-252.0,827.0,12:33:41.001959
66.0,-561.0,846.0,12:33:41.012389
92.0,-548.0,1187.0,12:33:41.021732
97.0,-499.0,800.0,12:33:41.032299
148.0,-409.0,607.0,12:33:41.041690
45.0,-419.0,1587.0,12:33:41.052197
-115.0,-371.0,1078.0,12:33:41.061543
133.0,-531.0,643.0,12:33:41.070797
19.0,-452.0,1270.0,12:33:41.081253
135.0,-574.0,1117.0,12:33:41.090506
25.0,-723.0,966.0,12:33:41.101019
-10.0,-530.0,956.0,12:33:41.115595
-58.0,-349.0,1170.0,12:33:41.120443
41.0,-389.0,797.0,12:33:41.130847
133.0,-460.0,699.0,12:33:41.140182
4.0,-377.0,811.0,12:33:41.150516
27.0,-402.0,778.0,12:33:41.159940
75.0,-389.0,1096.0,12:33:41.170274
-26.0,-253.0,1047.0,12:33:41.179741
57.0,-247.0,809.0,12:33:41.190127
27.0,-728.0,1033.0,12:33:41.199424
208.0,-724.0,1060.0,12:33:41.208828
24.0,-553.0,809.0,12:33:41.219258
156.0,-475.0,714.0,12:33:41.228527
-24.0,-562.0,1229.0,12:33:41.238951
239.0,-760.0,827.0,12:33:41.248297
180.0,-703.0,478.0,12:33:41.258678
102.0,-558.0,764.0,12:33:41.268032
-107.0,-340.0,1177.0,12:33:41.278469
144.0,-408.0,815.0,12:33:41.287801
66.0,-422.0,697.0,12:33:41.298256
80.0,-536.0,988.0,12:33:41.307522
93.0,-505.0,820.0,12:33:41.318023
87.0,-563.0,866.0,12:33:41.327254
151.0,-706.0,783.0,12:33:41.337895
97.0,-508.0,936.0,12:33:41.347107
-61.0,-506.0,1026.0,12:33:41.357641
-165.0,-565.0,1077.0,12:33:41.366873
66.0,-461.0,742.0,12:33:41.377272
107.0,-418.0,666.0,12:33:41.386699
99.0,-402.0,930.0,12:33:41.397056
-53.0,-493.0,1048.0,12:33:41.406505
93.0,-618.0,1143.0,12:33:41.416861
-58.0,-521.0,1094.0,12:33:41.426198
136.0,-647.0,762.0,12:33:41.435512
85.0,-769.0,715.0,12:33:41.445906
63.0,-570.0,1037.0,12:33:41.456430
-106.0,-556.0,1035.0,12:33:41.465692
266.0,-529.0,910.0,12:33:41.474985
222.0,-202.0,711.0,12:33:41.485462
5.0,-150.0,525.0,12:33:41.494787
-74.0,-168.0,956.0,12:33:41.505225
-28.0,-310.0,912.0,12:33:41.518382
256.0,-426.0,775.0,12:33:41.524289
-12.0,-726.0,1397.0,12:33:41.534754
191.0,-780.0,1114.0,12:33:41.544059
109.0,-524.0,528.0,12:33:41.554589
-103.0,-704.0,1217.0,12:33:41.563816
126.0,-763.0,1125.0,12:33:41.574297
111.0,-688.0,1084.0,12:33:41.583566
14.0,-723.0,611.0,12:33:41.594061
119.0,-513.0,509.0,12:33:41.603429
-94.0,-530.0,628.0,12:33:41.613891
-58.0,-652.0,773.0,12:33:41.623158
-129.0,-720.0,1131.0,12:33:41.633596
-1.0,-496.0,1179.0,12:33:41.642968
88.0,-384.0,692.0,12:33:41.653439
7.0,-621.0,751.0,12:33:41.662771
-17.0,-636.0,1132.0,12:33:41.673091
-6.0,-685.0,1434.0,12:33:41.682544
-69.0,-492.0,811.0,12:33:41.691804
-88.0,-385.0,871.0,12:33:41.702377
-17.0,-444.0,1026.0,12:33:41.711594
71.0,-395.0,641.0,12:33:41.722047
174.0,-616.0,723.0,12:33:41.731364
131.0,-404.0,1270.0,12:33:41.741790
15.0,-494.0,1220.0,12:33:41.751156
183.0,-376.0,670.0,12:33:41.761532
260.0,-286.0,706.0,12:33:41.770829
-98.0,-586.0,1129.0,12:33:41.781229
175.0,-764.0,1010.0,12:33:41.790653
24.0,-310.0,962.0,12:33:41.801115
-108.0,-235.0,904.0,12:33:41.810419
174.0,-534.0,695.0,12:33:41.820928
113.0,-433.0,582.0,12:33:41.830266
-41.0,-475.0,1418.0,12:33:41.840622
-111.0,-479.0,1293.0,12:33:41.849990
210.0,-593.0,891.0,12:33:41.860409
45.0,-389.0,705.0,12:33:41.869695
127.0,-515.0,508.0,12:33:41.880144
169.0,-812.0,953.0,12:33:41.889437
56.0,-770.0,1264.0,12:33:41.898860
150.0,-511.0,922.0,12:33:41.909225
89.0,-163.0,656.0,12:33:41.919643
-348.0,-346.0,1046.0,12:33:41.928964
144.0,-673.0,1355.0,12:33:41.938319
76.0,-459.0,662.0,12:33:41.948867
126.0,-560.0,766.0,12:33:41.958137
163.0,-776.0,1385.0,12:33:41.968728
50.0,-674.0,556.0,12:33:41.978011
458.0,-678.0,874.0,12:33:41.988561
-33.0,-463.0,1034.0,12:33:41.997810
181.0,-462.0,900.0,12:33:42.008267
-217.0,-308.0,762.0,12:33:42.017503
-196.0,-459.0,1104.0,12:33:42.027985
-72.0,-405.0,1090.0,12:33:42.037261
-142.0,-290.0,878.0,12:33:42.047800
-159.0,-468.0,1365.0,12:33:42.057068
-167.0,-612.0,999.0,12:33:42.067449
-181.0,-715.0,658.0,12:33:42.076810
-86.0,-671.0,1182.0,12:33:42.087234
22.0,-700.0,1143.0,12:33:42.096665
-212.0,-414.0,834.0,12:33:42.105883
-79.0,-658.0,295.0,12:33:42.116505
106.0,-877.0,896.0,12:33:42.125738
2.0,-314.0,914.0,12:33:42.136175
-61.0,-229.0,66.0,12:33:42.145472
102.0,-490.0,923.0,12:33:42.155894
-66.0,-649.0,1543.0,12:33:42.165150
156.0,-851.0,633.0,12:33:42.175700
137.0,-517.0,380.0,12:33:42.185018
-181.0,-484.0,1427.0,12:33:42.195399
-82.0,-568.0,931.0,12:33:42.204811
48.0,-842.0,721.0,12:33:42.215168
286.0,-703.0,1113.0,12:33:42.224558
152.0,-220.0,564.0,12:33:42.234949
-121.0,-563.0,493.0,12:33:42.244276
-156.0,-779.0,1298.0,12:33:42.254646
-107.0,-508.0,964.0,12:33:42.264003
67.0,-264.0,390.0,12:33:42.274545
-223.0,-428.0,1180.0,12:33:42.283792
-376.0,-603.0,1493.0,12:33:42.293209
-263.0,-411.0,688.0,12:33:42.303606
78.0,-236.0,560.0,12:33:42.317754
-64.0,-640.0,1610.0,12:33:42.322986
-16.0,-847.0,1330.0,12:33:42.333446
73.0,-808.0,684.0,12:33:42.342790
195.0,-570.0,702.0,12:33:42.353255
-19.0,-559.0,802.0,12:33:42.362492
-62.0,-734.0,1089.0,12:33:42.372959
195.0,-780.0,804.0,12:33:42.382317
110.0,-528.0,369.0,12:33:42.392712
-115.0,-263.0,379.0,12:33:42.402012
150.0,-497.0,732.0,12:33:42.412540
-177.0,-538.0,1017.0,12:33:42.421809
-80.0,-483.0,916.0,12:33:42.431239
-187.0,-314.0,1152.0,12:33:42.441628
7.0,-464.0,1080.0,12:33:42.451148
-26.0,-461.0,683.0,12:33:42.461585
5.0,-441.0,1117.0,12:33:42.470934
24.0,-698.0,1624.0,12:33:42.481387
50.0,-429.0,736.0,12:33:42.490613
162.0,-332.0,584.0,12:33:42.501140
35.0,-503.0,928.0,12:33:42.510368
-122.0,-770.0,764.0,12:33:42.520849
134.0,-724.0,777.0,12:33:42.530126
3.0,-469.0,652.0,12:33:42.540519
-123.0,-657.0,1232.0,12:33:42.549954
-250.0,-413.0,1188.0,12:33:42.560399
-100.0,-591.0,656.0,12:33:42.569685
64.0,-376.0,489.0,12:33:42.580045
46.0,-451.0,1284.0,12:33:42.589428
-186.0,-484.0,988.0,12:33:42.599786
115.0,-441.0,496.0,12:33:42.609176
-128.0,-454.0,624.0,12:33:42.619597
117.0,-686.0,1121.0,12:33:42.628964
-168.0,-330.0,1213.0,12:33:42.638227
19.0,-194.0,986.0,12:33:42.648640
-32.0,-576.0,1067.0,12:33:42.658019
69.0,-714.0,1020.0,12:33:42.668422
-59.0,-546.0,1192.0,12:33:42.677770
125.0,-372.0,639.0,12:33:42.688260
73.0,-544.0,649.0,12:33:42.697649
48.0,-700.0,980.0,12:33:42.707998
106.0,-431.0,788.0,12:33:42.720725
-153.0,-254.0,728.0,12:33:42.727882
20.0,-321.0,994.0,12:33:42.737075
30.0,-532.0,1070.0,12:33:42.747653
139.0,-652.0,693.0,12:33:42.756823
196.0,-638.0,1104.0,12:33:42.767227
-45.0,-668.0,1289.0,12:33:42.776676
68.0,-575.0,793.0,12:33:42.787066
46.0,-610.0,841.0,12:33:42.796442
-81.0,-592.0,948.0,12:33:42.806864
61.0,-577.0,772.0,12:33:42.816201
-90.0,-386.0,551.0,12:33:42.826704
49.0,-302.0,920.0,12:33:42.836003
-318.0,-228.0,1263.0,12:33:42.846435
178.0,-485.0,812.0,12:33:42.855911
122.0,-632.0,905.0,12:33:42.865209
54.0,-597.0,1637.0,12:33:42.875661
193.0,-461.0,1079.0,12:33:42.885087
0.0,-766.0,714.0,12:33:42.895601
276.0,-545.0,850.0,12:33:42.904906
99.0,-630.0,1060.0,12:33:42.914307
249.0,-587.0,798.0,12:33:42.924801
78.0,-246.0,634.0,12:33:42.934008
-60.0,-215.0,573.0,12:33:42.944599
323.0,-480.0,989.0,12:33:42.953856
125.0,-542.0,1102.0,12:33:42.964309
340.0,-724.0,596.0,12:33:42.973612
26.0,-462.0,630.0,12:33:42.984095
150.0,-789.0,1199.0,12:33:42.993488
271.0,-834.0,735.0,12:33:43.003887
-79.0,-615.0,665.0,12:33:43.013227
106.0,-656.0,1134.0,12:33:43.023589
62.0,-407.0,1070.0,12:33:43.033027
-4.0,-401.0,617.0,12:33:43.043396
-156.0,-414.0,780.0,12:33:43.052769
-100.0,-375.0,987.0,12:33:43.063163
337.0,-576.0,886.0,12:33:43.072565
-25.0,-482.0,674.0,12:33:43.082947
105.0,-568.0,897.0,12:33:43.092339
45.0,-593.0,948.0,12:33:43.102719
68.0,-717.0,822.0,12:33:43.112031
218.0,-532.0,738.0,12:33:43.121336
-77.0,-392.0,911.0,12:33:43.131706
72.0,-505.0,989.0,12:33:43.141184
-35.0,-423.0,856.0,12:33:43.151571
-286.0,-239.0,1116.0,12:33:43.160875
105.0,-379.0,1093.0,12:33:43.171292
50.0,-593.0,888.0,12:33:43.180660
386.0,-646.0,1093.0,12:33:43.191122
-47.0,-613.0,849.0,12:33:43.200387
83.0,-627.0,896.0,12:33:43.210854
9.0,-599.0,1128.0,12:33:43.220119
63.0,-501.0,947.0,12:33:43.230561
224.0,-784.0,921.0,12:33:43.239904
-49.0,-562.0,710.0,12:33:43.250380
-78.0,-310.0,1133.0,12:33:43.259643
3.0,-221.0,718.0,12:33:43.270153
124.0,-511.0,755.0,12:33:43.279427
89.0,-613.0,1252.0,12:33:43.290007
26.0,-555.0,835.0,12:33:43.299285
-25.0,-495.0,930.0,12:33:43.309718
220.0,-727.0,821.0,12:33:43.318957
20.0,-845.0,1067.0,12:33:43.329470
45.0,-617.0,980.0,12:33:43.338714
-93.0,-506.0,693.0,12:33:43.349120
48.0,-349.0,825.0,12:33:43.358531
-211.0,-330.0,708.0,12:33:43.367888
70.0,-417.0,619.0,12:33:43.378316
-46.0,-331.0,976.0,12:33:43.387801
24.0,-381.0,912.0,12:33:43.398314
13.0,-222.0,906.0,12:33:43.407622
-120.0,-450.0,1136.0,12:33:43.418057
130.0,-545.0,1062.0,12:33:43.427268
35.0,-416.0,852.0,12:33:43.437811
74.0,-563.0,1015.0,12:33:43.447026
136.0,-705.0,1268.0,12:33:43.457514
74.0,-593.0,1067.0,12:33:43.466771
110.0,-528.0,792.0,12:33:43.477234
38.0,-775.0,931.0,12:33:43.486593
191.0,-679.0,844.0,12:33:43.496988
120.0,-671.0,733.0,12:33:43.506343
30.0,-374.0,547.0,12:33:43.523317
7.0,-464.0,991.0,12:33:43.526550
-150.0,-385.0,1004.0,12:33:43.535879
-109.0,-305.0,890.0,12:33:43.546275
77.0,-534.0,725.0,12:33:43.555769
16.0,-566.0,799.0,12:33:43.564987
1.0,-507.0,1024.0,12:33:43.575420
-117.0,-486.0,787.0,12:33:43.585800
-62.0,-508.0,917.0,12:33:43.595171
-144.0,-679.0,1063.0,12:33:43.604474
-30.0,-461.0,983.0,12:33:43.614931
-107.0,-307.0,906.0,12:33:43.624228
-93.0,-374.0,844.0,12:33:43.634651
-31.0,-400.0,968.0,12:33:43.643980
84.0,-442.0,965.0,12:33:43.654411
81.0,-643.0,850.0,12:33:43.663750
101.0,-674.0,831.0,12:33:43.674156
197.0,-711.0,1042.0,12:33:43.683459
161.0,-571.0,703.0,12:33:43.693805
118.0,-423.0,866.0,12:33:43.703226
-86.0,-610.0,1241.0,12:33:43.713649
240.0,-622.0,840.0,12:33:43.722943
40.0,-482.0,610.0,12:33:43.733440
148.0,-618.0,1117.0,12:33:43.742780
38.0,-417.0,1181.0,12:33:43.752308
56.0,-563.0,727.0,12:33:43.762789
132.0,-686.0,641.0,12:33:43.772158
119.0,-599.0,889.0,12:33:43.782606
-78.0,-496.0,710.0,12:33:43.791940
98.0,-627.0,872.0,12:33:43.802326
23.0,-502.0,776.0,12:33:43.811762
-35.0,-295.0,931.0,12:33:43.822224
-79.0,-490.0,1265.0,12:33:43.831547
-1.0,-422.0,704.0,12:33:43.841042
-11.0,-449.0,916.0,12:33:43.851548
-13.0,-556.0,1175.0,12:33:43.860822
174.0,-537.0,769.0,12:33:43.871232
4.0,-668.0,950.0,12:33:43.880471
77.0,-580.0,1003.0,12:33:43.890891
-2.0,-603.0,949.0,12:33:43.900203
90.0,-495.0,700.0,12:33:43.910661
23.0,-512.0,801.0,12:33:43.923714
-133.0,-482.0,829.0,12:33:43.929711
139.0,-485.0,928.0,12:33:43.940116
43.0,-454.0,875.0,12:33:43.949487
-13.0,-468.0,762.0,12:33:43.959963
71.0,-720.0,917.0,12:33:43.969344
6.0,-654.0,996.0,12:33:43.979769
198.0,-437.0,616.0,12:33:43.989049
121.0,-456.0,1040.0,12:33:43.999422
64.0,-416.0,1163.0,12:33:44.008928
133.0,-488.0,892.0,12:33:44.019293
154.0,-515.0,959.0,12:33:44.028561
194.0,-572.0,991.0,12:33:44.039041
-53.0,-520.0,912.0,12:33:44.048293
174.0,-510.0,996.0,12:33:44.058833
4.0,-538.0,1019.0,12:33:44.068056
140.0,-493.0,789.0,12:33:44.078539
4.0,-494.0,827.0,12:33:44.087828
30.0,-269.0,927.0,12:33:44.107342
-240.0,-437.0,824.0,12:33:44.117799
50.0,-506.0,990.0,12:33:44.127049
-63.0,-543.0,1135.0,12:33:44.137472
3.0,-559.0,690.0,12:33:44.146776
191.0,-478.0,818.0,12:33:44.157197
-23.0,-562.0,1193.0,12:33:44.166607
27.0,-535.0,940.0,12:33:44.176974
123.0,-564.0,539.0,12:33:44.186297
33.0,-571.0,791.0,12:33:44.195884
94.0,-510.0,868.0,12:33:44.206350
-77.0,-580.0,1139.0,12:33:44.215706
49.0,-409.0,1038.0,12:33:44.226206
20.0,-499.0,701.0,12:33:44.235551
84.0,-429.0,678.0,12:33:44.245922
-68.0,-613.0,1304.0,12:33:44.255239
-14.0,-676.0,1131.0,12:33:44.265766
57.0,-592.0,658.0,12:33:44.275042
-4.0,-363.0,664.0,12:33:44.285534
-176.0,-444.0,1192.0,12:33:44.294964
-99.0,-629.0,1357.0,12:33:44.305384
32.0,-502.0,366.0,12:33:44.314714
26.0,-564.0,736.0,12:33:44.325213
-131.0,-712.0,1487.0,12:33:44.334610
8.0,-624.0,887.0,12:33:44.343861
-55.0,-632.0,549.0,12:33:44.354247
66.0,-436.0,745.0,12:33:44.363532
-35.0,-573.0,1312.0,12:33:44.373963
41.0,-434.0,671.0,12:33:44.383350
-133.0,-351.0,718.0,12:33:44.393730
-116.0,-367.0,1026.0,12:33:44.403141
65.0,-434.0,1045.0,12:33:44.413482
78.0,-336.0,685.0,12:33:44.422856
102.0,-446.0,992.0,12:33:44.433324
79.0,-533.0,883.0,12:33:44.442671
201.0,-527.0,961.0,12:33:44.453034
120.0,-529.0,912.0,12:33:44.462436
105.0,-601.0,952.0,12:33:44.472800
236.0,-609.0,960.0,12:33:44.482305
58.0,-448.0,673.0,12:33:44.492673
55.0,-569.0,816.0,12:33:44.501951
123.0,-577.0,1129.0,12:33:44.512456
28.0,-394.0,831.0,12:33:44.521768
81.0,-397.0,804.0,12:33:44.531104
-9.0,-633.0,1144.0,12:33:44.541451
276.0,-723.0,907.0,12:33:44.550821
14.0,-574.0,616.0,12:33:44.561226
82.0,-631.0,1068.0,12:33:44.570535
73.0,-600.0,1085.0,12:33:44.580888
-16.0,-516.0,747.0,12:33:44.591378
275.0,-490.0,603.0,12:33:44.600714
-98.0,-401.0,980.0,12:33:44.610115
68.0,-394.0,892.0,12:33:44.620474
-20.0,-498.0,666.0,12:33:44.629864
-82.0,-493.0,969.0,12:33:44.640299
-86.0,-605.0,1329.0,12:33:44.649581
105.0,-519.0,777.0,12:33:44.660084
22.0,-392.0,783.0,12:33:44.669362
207.0,-606.0,1064.0,12:33:44.679756
-55.0,-511.0,1198.0,12:33:44.689065
100.0,-433.0,899.0,12:33:44.699552
145.0,-359.0,503.0,12:33:44.708895
54.0,-381.0,1260.0,12:33:44.725449
66.0,-621.0,1239.0,12:33:44.729292
81.0,-587.0,431.0,12:33:44.738541
12.0,-372.0,847.0,12:33:44.749023
95.0,-488.0,1061.0,12:33:44.758331
185.0,-757.0,1046.0,12:33:44.767730
-21.0,-441.0,565.0,12:33:44.778117
100.0,-481.0,956.0,12:33:44.787488
-3.0,-514.0,1262.0,12:33:44.797905
158.0,-693.0,880.0,12:33:44.807243
147.0,-351.0,506.0,12:33:44.817699
42.0,-468.0,1066.0,12:33:44.827109
14.0,-620.0,1158.0,12:33:44.837534
128.0,-412.0,581.0,12:33:44.846877
-246.0,-328.0,1051.0,12:33:44.857403
288.0,-550.0,813.0,12:33:44.866708
145.0,-579.0,775.0,12:33:44.877207
-6.0,-485.0,1104.0,12:33:44.886491
75.0,-504.0,805.0,12:33:44.895859
2.0,-624.0,1121.0,12:33:44.906260
164.0,-613.0,1112.0,12:33:44.915666
-97.0,-401.0,883.0,12:33:44.926021
-178.0,-403.0,868.0,12:33:44.935493
167.0,-724.0,1003.0,12:33:44.945853
94.0,-498.0,685.0,12:33:44.955206
-3.0,-546.0,908.0,12:33:44.965649
-57.0,-588.0,850.0,12:33:44.975010
179.0,-459.0,934.0,12:33:44.985401
-135.0,-588.0,1410.0,12:33:44.994720
90.0,-651.0,690.0,12:33:45.005146
88.0,-549.0,675.0,12:33:45.014471
0.0,-722.0,1501.0,12:33:45.024886
17.0,-504.0,952.0,12:33:45.034151
90.0,-611.0,697.0,12:33:45.044649
11.0,-429.0,828.0,12:33:45.053920
-64.0,-547.0,754.0,12:33:45.064382
29.0,-570.0,564.0,12:33:45.073611
-88.0,-355.0,870.0,12:33:45.084173
-82.0,-591.0,959.0,12:33:45.093461
-76.0,-511.0,969.0,12:33:45.103941
36.0,-169.0,703.0,12:33:45.113292
-54.0,-492.0,1043.0,12:33:45.127265
57.0,-722.0,1130.0,12:33:45.133433
-116.0,-485.0,593.0,12:33:45.142689
132.0,-478.0,920.0,12:33:45.153116
-111.0,-589.0,1153.0,12:33:45.162464
136.0,-616.0,754.0,12:33:45.172994
-19.0,-468.0,874.0,12:33:45.182218
-71.0,-533.0,1422.0,12:33:45.192707
22.0,-537.0,837.0,12:33:45.201976
156.0,-680.0,414.0,12:33:45.212450
-19.0,-456.0,938.0,12:33:45.221743
-3.0,-637.0,1284.0,12:33:45.231330
-12.0,-587.0,745.0,12:33:45.241830
105.0,-502.0,840.0,12:33:45.251208
81.0,-549.0,687.0,12:33:45.261610
136.0,-550.0,758.0,12:33:45.271016
117.0,-669.0,983.0,12:33:45.280426
-81.0,-493.0,925.0,12:33:45.290826
100.0,-360.0,870.0,12:33:45.300196
12.0,-563.0,1020.0,12:33:45.310590
138.0,-547.0,921.0,12:33:45.320075
-9.0,-394.0,793.0,12:33:45.330452
8.0,-702.0,1210.0,12:33:45.339748
43.0,-688.0,928.0,12:33:45.350118
-14.0,-604.0,848.0,12:33:45.359542
45.0,-314.0,628.0,12:33:45.369975
-75.0,-503.0,912.0,12:33:45.379299
-94.0,-472.0,785.0,12:33:45.389726
-5.0,-315.0,842.0,12:33:45.399107
-104.0,-218.0,974.0,12:33:45.409497
12.0,-701.0,930.0,12:33:45.418957
102.0,-568.0,818.0,12:33:45.429311
-53.0,-247.0,852.0,12:33:45.438710
128.0,-516.0,1157.0,12:33:45.447988
77.0,-573.0,1025.0,12:33:45.458410
142.0,-497.0,721.0,12:33:45.467698
176.0,-459.0,817.0,12:33:45.478171
-139.0,-463.0,1094.0,12:33:45.487431
81.0,-593.0,621.0,12:33:45.497802
188.0,-563.0,673.0,12:33:45.507167
114.0,-399.0,917.0,12:33:45.517684
-184.0,-506.0,913.0,12:33:45.526904
86.0,-379.0,886.0,12:33:45.537349
-87.0,-431.0,1126.0,12:33:45.546706
4.0,-511.0,781.0,12:33:45.557109
117.0,-430.0,1180.0,12:33:45.566524
133.0,-562.0,1472.0,12:33:45.576875
162.0,-605.0,1161.0,12:33:45.586212
28.0,-431.0,800.0,12:33:45.596690
8.0,-487.0,1192.0,12:33:45.606028
33.0,-605.0,1209.0,12:33:45.616463
103.0,-500.0,729.0,12:33:45.625840
-66.0,-521.0,947.0,12:33:45.636223
265.0,-492.0,837.0,12:33:45.645640
269.0,-335.0,476.0,12:33:45.655974
89.0,-347.0,712.0,12:33:45.665357
-10.0,-400.0,1094.0,12:33:45.675743
545.0,-398.0,526.0,12:33:45.685054
63.0,-292.0,874.0,12:33:45.694453
-92.0,-220.0,1401.0,12:33:45.705085
121.0,-519.0,1209.0,12:33:45.714417
245.0,-620.0,854.0,12:33:45.724803
199.0,-595.0,1095.0,12:33:45.734122
241.0,-554.0,1053.0,12:33:45.744611
177.0,-568.0,966.0,12:33:45.753896
58.0,-789.0,1038.0,12:33:45.764349
129.0,-657.0,728.0,12:33:45.773642
189.0,-718.0,659.0,12:33:45.784040
38.0,-658.0,775.0,12:33:45.793426
-23.0,-563.0,960.0,12:33:45.803787
-73.0,-555.0,863.0,12:33:45.813133
-19.0,-508.0,637.0,12:33:45.823547
34.0,-480.0,958.0,12:33:45.832968
-74.0,-463.0,1278.0,12:33:45.842260
92.0,-585.0,778.0,12:33:45.852748
-192.0,-385.0,707.0,12:33:45.862011
45.0,-617.0,1135.0,12:33:45.872447
162.0,-807.0,879.0,12:33:45.881659
102.0,-467.0,798.0,12:33:45.892296
-141.0,-384.0,916.0,12:33:45.901505
-25.0,-567.0,732.0,12:33:45.911993
33.0,-621.0,813.0,12:33:45.927875
34.0,-505.0,1152.0,12:33:45.931036
85.0,-474.0,922.0,12:33:45.941544
-160.0,-277.0,761.0,12:33:45.950752
51.0,-343.0,1257.0,12:33:45.961273
25.0,-360.0,1194.0,12:33:45.970476
205.0,-363.0,777.0,12:33:45.980948
19.0,-240.0,973.0,12:33:45.991313
281.0,-588.0,982.0,12:33:46.000674
299.0,-630.0,763.0,12:33:46.010007
195.0,-525.0,930.0,12:33:46.020454
-195.0,-330.0,1223.0,12:33:46.029773
84.0,-666.0,699.0,12:33:46.040213
108.0,-730.0,902.0,12:33:46.049492
58.0,-557.0,795.0,12:33:46.060073
157.0,-780.0,849.0,12:33:46.069308
162.0,-452.0,918.0,12:33:46.079749
122.0,-406.0,923.0,12:33:46.089083
77.0,-527.0,818.0,12:33:46.099502
160.0,-464.0,682.0,12:33:46.108820
76.0,-491.0,811.0,12:33:46.119225
192.0,-479.0,886.0,12:33:46.128552
224.0,-591.0,902.0,12:33:46.138942
34.0,-544.0,842.0,12:33:46.148301
205.0,-660.0,1037.0,12:33:46.157747
98.0,-451.0,1005.0,12:33:46.168335
-103.0,-398.0,926.0,12:33:46.177647
49.0,-561.0,1123.0,12:33:46.188066
46.0,-509.0,921.0,12:33:46.197328
-220.0,-584.0,852.0,12:33:46.207817
10.0,-566.0,955.0,12:33:46.217105
-71.0,-446.0,1042.0,12:33:46.227543
-51.0,-522.0,859.0,12:33:46.236819
194.0,-578.0,743.0,12:33:46.247356
10.0,-451.0,916.0,12:33:46.256655
-115.0,-421.0,910.0,12:33:46.267123
-26.0,-512.0,762.0,12:33:46.276481
155.0,-713.0,1040.0,12:33:46.285886
122.0,-622.0,934.0,12:33:46.296221
31.0,-556.0,839.0,12:33:46.305612
-119.0,-381.0,1390.0,12:33:46.329355
99.0,-554.0,914.0,12:33:46.335542
64.0,-547.0,836.0,12:33:46.345907
128.0,-492.0,852.0,12:33:46.355210
136.0,-667.0,1118.0,12:33:46.365654
74.0,-537.0,865.0,12:33:46.374955
-12.0,-509.0,706.0,12:33:46.385384
-74.0,-375.0,788.0,12:33:46.394669
-10.0,-371.0,889.0,12:33:46.405077
-219.0,-319.0,1068.0,12:33:46.414511
122.0,-531.0,1035.0,12:33:46.424879
-2.0,-436.0,685.0,12:33:46.434105
244.0,-407.0,843.0,12:33:46.444658
30.0,-511.0,1101.0,12:33:46.453923
161.0,-536.0,1056.0,12:33:46.464354
16.0,-451.0,965.0,12:33:46.473564
1.0,-481.0,845.0,12:33:46.484069
203.0,-522.0,991.0,12:33:46.493411
-14.0,-517.0,1056.0,12:33:46.503839
51.0,-613.0,827.0,12:33:46.513166
28.0,-606.0,850.0,12:33:46.522470
-26.0,-577.0,887.0,12:33:46.532842
150.0,-717.0,743.0,12:33:46.542282
-60.0,-596.0,619.0,12:33:46.552652
48.0,-669.0,987.0,12:33:46.562041
31.0,-489.0,937.0,12:33:46.572482
-270.0,-235.0,729.0,12:33:46.581761
93.0,-445.0,937.0,12:33:46.592226
-123.0,-557.0,868.0,12:33:46.601605
-1.0,-691.0,1064.0,12:33:46.612128
-229.0,-697.0,1143.0,12:33:46.621537
156.0,-682.0,939.0,12:33:46.632036
-37.0,-491.0,877.0,12:33:46.641370
-99.0,-730.0,1015.0,12:33:46.650703
139.0,-698.0,772.0,12:33:46.661231
-28.0,-423.0,809.0,12:33:46.670547
-159.0,-313.0,943.0,12:33:46.681204
20.0,-468.0,832.0,12:33:46.690462
-301.0,-440.0,959.0,12:33:46.700903
244.0,-368.0,680.0,12:33:46.710212
-38.0,-410.0,864.0,12:33:46.720637
66.0,-593.0,1293.0,12:33:46.730007
20.0,-560.0,1014.0,12:33:46.740385
107.0,-452.0,581.0,12:33:46.749741
-3.0,-434.0,681.0,12:33:46.759118
130.0,-606.0,1095.0,12:33:46.769538
77.0,-566.0,987.0,12:33:46.778888
115.0,-633.0,768.0,12:33:46.789341
94.0,-532.0,706.0,12:33:46.798572
45.0,-481.0,1118.0,12:33:46.809014
61.0,-593.0,1121.0,12:33:46.818279
19.0,-572.0,816.0,12:33:46.828951
231.0,-518.0,653.0,12:33:46.838198
4.0,-493.0,807.0,12:33:46.848662
-150.0,-524.0,900.0,12:33:46.857880
109.0,-354.0,891.0,12:33:46.868341
-73.0,-400.0,1068.0,12:33:46.877658
-20.0,-490.0,1034.0,12:33:46.888191
-70.0,-626.0,1115.0,12:33:46.897417
208.0,-570.0,777.0,12:33:46.907907
-13.0,-540.0,1109.0,12:33:46.917212
-24.0,-533.0,808.0,12:33:46.927693
43.0,-747.0,961.0,12:33:46.936989
100.0,-561.0,686.0,12:33:46.947428
-72.0,-389.0,622.0,12:33:46.956688
-110.0,-618.0,1197.0,12:33:46.967133
-39.0,-533.0,754.0,12:33:46.976568
-14.0,-524.0,452.0,12:33:46.985916
33.0,-453.0,923.0,12:33:46.996344
-55.0,-505.0,1264.0,12:33:47.005773
9.0,-413.0,883.0,12:33:47.016216
5.0,-387.0,755.0,12:33:47.025672
127.0,-620.0,1207.0,12:33:47.036084
-59.0,-570.0,1138.0,12:33:47.045340
250.0,-660.0,689.0,12:33:47.055925
-127.0,-461.0,801.0,12:33:47.065167
36.0,-420.0,1212.0,12:33:47.074543
-104.0,-521.0,917.0,12:33:47.084997
122.0,-588.0,633.0,12:33:47.094507
-125.0,-435.0,1007.0,12:33:47.104950
-2.0,-438.0,1059.0,12:33:47.114277
11.0,-530.0,805.0,12:33:47.130251
-135.0,-627.0,962.0,12:33:47.133972
