-107.0,-314.0,731.0,12:33:47.205854
155.0,-493.0,1037.0,12:33:47.207325
75.0,-696.0,951.0,12:33:47.213167
51.0,-519.0,825.0,12:33:47.222497
138.0,-565.0,981.0,12:33:47.232843
193.0,-523.0,954.0,12:33:47.242255
105.0,-464.0,935.0,12:33:47.252638
-8.0,-376.0,774.0,12:33:47.261966
139.0,-350.0,970.0,12:33:47.272419
-36.0,-396.0,1055.0,12:33:47.281739
94.0,-493.0,758.0,12:33:47.292092
-35.0,-534.0,933.0,12:33:47.301437
224.0,-586.0,1097.0,12:33:47.311818
152.0,-556.0,659.0,12:33:47.321235
-22.0,-451.0,804.0,12:33:47.331686
-104.0,-522.0,1345.0,12:33:47.341183
48.0,-472.0,890.0,12:33:47.351602
268.0,-489.0,379.0,12:33:47.360821
-63.0,-560.0,1034.0,12:33:47.371274
26.0,-733.0,1104.0,12:33:47.380655
155.0,-402.0,674.0,12:33:47.390099
113.0,-449.0,915.0,12:33:47.400550
10.0,-463.0,1048.0,12:33:47.409954
61.0,-364.0,973.0,12:33:47.420315
-86.0,-285.0,988.0,12:33:47.429705
250.0,-422.0,621.0,12:33:47.440052
89.0,-426.0,886.0,12:33:47.449409
185.0,-425.0,1154.0,12:33:47.459899
88.0,-389.0,726.0,12:33:47.469191
147.0,-471.0,923.0,12:33:47.479548
81.0,-422.0,1196.0,12:33:47.489040
222.0,-611.0,1087.0,12:33:47.499388
54.0,-525.0,963.0,12:33:47.508811
150.0,-489.0,1045.0,12:33:47.519184
299.0,-557.0,723.0,12:33:47.532984
151.0,-718.0,1109.0,12:33:47.538965
76.0,-644.0,1098.0,12:33:47.548290
67.0,-543.0,692.0,12:33:47.557902
79.0,-489.0,768.0,12:33:47.568408
103.0,-561.0,1068.0,12:33:47.577818
166.0,-460.0,775.0,12:33:47.588204
26.0,-489.0,766.0,12:33:47.597669
104.0,-532.0,854.0,12:33:47.606930
121.0,-450.0,1080.0,12:33:47.617367
284.0,-574.0,951.0,12:33:47.626726
147.0,-477.0,885.0,12:33:47.637095
37.0,-573.0,848.0,12:33:47.646493
152.0,-521.0,741.0,12:33:47.656914
72.0,-393.0,1056.0,12:33:47.666223
42.0,-506.0,919.0,12:33:47.676679
-64.0,-610.0,793.0,12:33:47.686135
-115.0,-689.0,991.0,12:33:47.696545
30.0,-586.0,961.0,12:33:47.705864
0.0,-527.0,807.0,12:33:47.716207
56.0,-542.0,846.0,12:33:47.725685
88.0,-645.0,795.0,12:33:47.736029
10.0,-493.0,1059.0,12:33:47.745318
59.0,-328.0,1010.0,12:33:47.755693
36.0,-366.0,768.0,12:33:47.765010
100.0,-562.0,1198.0,12:33:47.775462
38.0,-702.0,1255.0,12:33:47.784873
3.0,-428.0,873.0,12:33:47.795251
-15.0,-446.0,1095.0,12:33:47.804609
41.0,-526.0,921.0,12:33:47.815002
65.0,-737.0,983.0,12:33:47.824294
125.0,-509.0,967.0,12:33:47.834743
-64.0,-460.0,772.0,12:33:47.844095
-31.0,-497.0,826.0,12:33:47.853445
132.0,-380.0,682.0,12:33:47.863852
-261.0,-409.0,786.0,12:33:47.873210
175.0,-412.0,959.0,12:33:47.883615
19.0,-386.0,879.0,12:33:47.892948
112.0,-347.0,560.0,12:33:47.903366
2.0,-505.0,1208.0,12:33:47.912686
-56.0,-531.0,1116.0,12:33:47.923145
327.0,-511.0,757.0,12:33:47.932449
-121.0,-313.0,938.0,12:33:47.942833
135.0,-664.0,1260.0,12:33:47.952304
142.0,-704.0,1003.0,12:33:47.962669
109.0,-570.0,754.0,12:33:47.971989
125.0,-564.0,924.0,12:33:47.982426
-26.0,-455.0,1037.0,12:33:47.991776
9.0,-476.0,611.0,12:33:48.002260
77.0,-592.0,807.0,12:33:48.011582
-52.0,-497.0,1151.0,12:33:48.021996
-21.0,-585.0,911.0,12:33:48.031339
28.0,-402.0,652.0,12:33:48.040687
21.0,-398.0,963.0,12:33:48.051169
86.0,-667.0,1041.0,12:33:48.060413
6.0,-426.0,1164.0,12:33:48.071092
40.0,-462.0,982.0,12:33:48.080303
37.0,-474.0,565.0,12:33:48.090723
12.0,-548.0,928.0,12:33:48.100127
-59.0,-565.0,980.0,12:33:48.110564
51.0,-510.0,796.0,12:33:48.119916
-63.0,-330.0,929.0,12:33:48.130265
-10.0,-592.0,868.0,12:33:48.139625
36.0,-642.0,713.0,12:33:48.150033
-83.0,-372.0,809.0,12:33:48.159368
-16.0,-334.0,1212.0,12:33:48.169768
79.0,-368.0,832.0,12:33:48.179152
72.0,-423.0,1010.0,12:33:48.189513
101.0,-456.0,890.0,12:33:48.198945
160.0,-611.0,908.0,12:33:48.209316
193.0,-431.0,891.0,12:33:48.218792
185.0,-523.0,1110.0,12:33:48.228081
129.0,-554.0,1114.0,12:33:48.238516
137.0,-678.0,643.0,12:33:48.247803
268.0,-787.0,744.0,12:33:48.258207
128.0,-632.0,1080.0,12:33:48.267422
27.0,-620.0,1042.0,12:33:48.277918
-101.0,-708.0,530.0,12:33:48.287199
-70.0,-602.0,1001.0,12:33:48.297710
-49.0,-339.0,1125.0,12:33:48.307065
-18.0,-425.0,646.0,12:33:48.317430
-109.0,-487.0,887.0,12:33:48.334839
-66.0,-434.0,844.0,12:33:48.338120
-76.0,-465.0,842.0,12:33:48.347339
-80.0,-450.0,862.0,12:33:48.356670
-99.0,-481.0,1221.0,12:33:48.367065
41.0,-515.0,889.0,12:33:48.376538
178.0,-485.0,721.0,12:33:48.385708
24.0,-631.0,1118.0,12:33:48.396226
-38.0,-516.0,1104.0,12:33:48.405492
132.0,-504.0,788.0,12:33:48.415983
102.0,-650.0,1120.0,12:33:48.425172
-43.0,-703.0,875.0,12:33:48.435672
-78.0,-561.0,756.0,12:33:48.444992
63.0,-418.0,974.0,12:33:48.455551
163.0,-811.0,1116.0,12:33:48.475065
81.0,-579.0,559.0,12:33:48.484347
93.0,-413.0,541.0,12:33:48.494856
-174.0,-366.0,1175.0,12:33:48.504104
-110.0,-441.0,1089.0,12:33:48.514572
234.0,-442.0,362.0,12:33:48.523923
-76.0,-270.0,685.0,12:33:48.534298
-30.0,-511.0,1398.0,12:33:48.543564
12.0,-522.0,1055.0,12:33:48.553991
-96.0,-470.0,683.0,12:33:48.563459
54.0,-433.0,796.0,12:33:48.573868
-89.0,-701.0,1327.0,12:33:48.583168
129.0,-494.0,925.0,12:33:48.593530
24.0,-219.0,537.0,12:33:48.602924
-9.0,-428.0,791.0,12:33:48.613423
111.0,-506.0,1278.0,12:33:48.622749
7.0,-575.0,952.0,12:33:48.633116
205.0,-336.0,777.0,12:33:48.642402
65.0,-581.0,1032.0,12:33:48.652885
-36.0,-546.0,882.0,12:33:48.662236
205.0,-612.0,1015.0,12:33:48.672676
-8.0,-296.0,915.0,12:33:48.681985
-113.0,-493.0,1148.0,12:33:48.691304
188.0,-504.0,839.0,12:33:48.701692
-107.0,-411.0,638.0,12:33:48.711172
-39.0,-620.0,1152.0,12:33:48.721506
140.0,-752.0,1118.0,12:33:48.736075
76.0,-429.0,819.0,12:33:48.741453
6.0,-259.0,777.0,12:33:48.750734
-230.0,-534.0,1077.0,12:33:48.761335
197.0,-704.0,1005.0,12:33:48.770609
-23.0,-360.0,798.0,12:33:48.780029
94.0,-424.0,957.0,12:33:48.790470
149.0,-555.0,554.0,12:33:48.799819
187.0,-605.0,955.0,12:33:48.810214
-38.0,-505.0,1163.0,12:33:48.819567
-50.0,-278.0,829.0,12:33:48.830038
123.0,-336.0,847.0,12:33:48.839372
-113.0,-512.0,1169.0,12:33:48.849824
138.0,-595.0,995.0,12:33:48.859040
216.0,-577.0,627.0,12:33:48.869484
97.0,-605.0,941.0,12:33:48.878858
95.0,-585.0,1300.0,12:33:48.889301
41.0,-779.0,881.0,12:33:48.898504
126.0,-398.0,121.0,12:33:48.909088
38.0,-494.0,972.0,12:33:48.918335
12.0,-445.0,870.0,12:33:48.938029
-110.0,-434.0,547.0,12:33:48.948556
206.0,-567.0,1011.0,12:33:48.957809
-75.0,-588.0,1236.0,12:33:48.968354
101.0,-472.0,870.0,12:33:48.977798
58.0,-320.0,702.0,12:33:48.987113
104.0,-466.0,1024.0,12:33:48.997624
118.0,-540.0,848.0,12:33:49.006911
26.0,-418.0,1119.0,12:33:49.017318
12.0,-389.0,1029.0,12:33:49.026672
196.0,-581.0,1116.0,12:33:49.037164
67.0,-475.0,848.0,12:33:49.046507
236.0,-618.0,1069.0,12:33:49.056969
299.0,-534.0,633.0,12:33:49.066201
-3.0,-440.0,858.0,12:33:49.076734
287.0,-637.0,1289.0,12:33:49.085950
165.0,-652.0,814.0,12:33:49.096596
205.0,-325.0,380.0,12:33:49.105863
37.0,-209.0,716.0,12:33:49.116305
122.0,-386.0,946.0,12:33:49.125637
145.0,-508.0,1104.0,12:33:49.134985
41.0,-536.0,974.0,12:33:49.145314
20.0,-366.0,860.0,12:33:49.154614
122.0,-369.0,921.0,12:33:49.164995
-43.0,-547.0,1272.0,12:33:49.174369
99.0,-692.0,965.0,12:33:49.184805
6.0,-667.0,792.0,12:33:49.194081
90.0,-549.0,1103.0,12:33:49.204625
153.0,-620.0,1083.0,12:33:49.213833
-100.0,-556.0,569.0,12:33:49.224304
27.0,-574.0,823.0,12:33:49.233601
-49.0,-521.0,1048.0,12:33:49.244051
-69.0,-692.0,974.0,12:33:49.253421
4.0,-495.0,916.0,12:33:49.263888
-145.0,-402.0,1156.0,12:33:49.273144
100.0,-501.0,915.0,12:33:49.283609
-10.0,-610.0,819.0,12:33:49.292897
89.0,-687.0,1091.0,12:33:49.303417
-23.0,-410.0,922.0,12:33:49.312640
-72.0,-312.0,982.0,12:33:49.323185
85.0,-542.0,865.0,12:33:49.332481
-129.0,-545.0,905.0,12:33:49.342907
161.0,-607.0,890.0,12:33:49.352304
278.0,-509.0,696.0,12:33:49.362730
-78.0,-349.0,671.0,12:33:49.371956
121.0,-518.0,862.0,12:33:49.382459
-67.0,-462.0,769.0,12:33:49.391741
-11.0,-431.0,853.0,12:33:49.401082
-115.0,-390.0,1130.0,12:33:49.411603
-46.0,-485.0,1031.0,12:33:49.420996
90.0,-502.0,1115.0,12:33:49.431591
-22.0,-663.0,1008.0,12:33:49.440841
104.0,-552.0,974.0,12:33:49.451278
43.0,-546.0,699.0,12:33:49.460512
-133.0,-554.0,1227.0,12:33:49.470164
-28.0,-571.0,1001.0,12:33:49.480594
29.0,-572.0,178.0,12:33:49.490054
-7.0,-532.0,697.0,12:33:49.500414
-112.0,-579.0,1223.0,12:33:49.509752
-198.0,-515.0,770.0,12:33:49.520204
148.0,-371.0,673.0,12:33:49.532494
-63.0,-500.0,1256.0,12:33:49.541453
59.0,-459.0,818.0,12:33:49.549649
-97.0,-474.0,968.0,12:33:49.558949
113.0,-333.0,972.0,12:33:49.569435
20.0,-584.0,1219.0,12:33:49.578820
79.0,-515.0,819.0,12:33:49.589286
139.0,-235.0,865.0,12:33:49.598506
-55.0,-611.0,1169.0,12:33:49.608995
215.0,-627.0,966.0,12:33:49.618231
194.0,-364.0,675.0,12:33:49.628834
-213.0,-283.0,766.0,12:33:49.638059
8.0,-610.0,1289.0,12:33:49.648504
54.0,-673.0,1117.0,12:33:49.657832
108.0,-397.0,813.0,12:33:49.668251
113.0,-493.0,961.0,12:33:49.677646
23.0,-563.0,887.0,12:33:49.688032
121.0,-352.0,601.0,12:33:49.697321
101.0,-376.0,894.0,12:33:49.707801
150.0,-509.0,1109.0,12:33:49.717104
91.0,-467.0,509.0,12:33:49.736652
21.0,-699.0,1245.0,12:33:49.747002
109.0,-653.0,908.0,12:33:49.756301
199.0,-761.0,689.0,12:33:49.766739
-93.0,-565.0,997.0,12:33:49.776088
-77.0,-579.0,980.0,12:33:49.786578
73.0,-439.0,561.0,12:33:49.795866
-66.0,-327.0,713.0,12:33:49.806239
31.0,-293.0,978.0,12:33:49.815777
-74.0,-433.0,1151.0,12:33:49.826116
-182.0,-404.0,890.0,12:33:49.835547
22.0,-634.0,822.0,12:33:49.844866
3.0,-709.0,1065.0,12:33:49.855302
57.0,-485.0,1070.0,12:33:49.864651
49.0,-579.0,1235.0,12:33:49.875122
78.0,-654.0,675.0,12:33:49.884537
132.0,-478.0,657.0,12:33:49.895135
167.0,-543.0,1005.0,12:33:49.904548
162.0,-465.0,963.0,12:33:49.913784
-157.0,-419.0,888.0,12:33:49.924291
-57.0,-402.0,755.0,12:33:49.939270
121.0,-584.0,1224.0,12:33:49.944173
160.0,-567.0,935.0,12:33:49.953511
109.0,-532.0,861.0,12:33:49.963946
133.0,-337.0,862.0,12:33:49.973431
-19.0,-518.0,1107.0,12:33:49.982739
193.0,-456.0,903.0,12:33:49.993171
-10.0,-328.0,1015.0,12:33:50.002620
194.0,-457.0,1007.0,12:33:50.013037
-83.0,-546.0,780.0,12:33:50.022385
168.0,-366.0,868.0,12:33:50.032775
28.0,-309.0,929.0,12:33:50.042111
-84.0,-621.0,1002.0,12:33:50.052475
78.0,-571.0,1094.0,12:33:50.061917
-21.0,-518.0,992.0,12:33:50.072332
65.0,-756.0,827.0,12:33:50.081690
31.0,-655.0,759.0,12:33:50.092036
-210.0,-408.0,950.0,12:33:50.101321
211.0,-334.0,864.0,12:33:50.111752
-177.0,-530.0,1062.0,12:33:50.121176
92.0,-522.0,790.0,12:33:50.131637
72.0,-407.0,631.0,12:33:50.140863
-101.0,-491.0,894.0,12:33:50.151404
88.0,-650.0,1226.0,12:33:50.160639
99.0,-603.0,993.0,12:33:50.171146
-33.0,-460.0,973.0,12:33:50.180456
19.0,-466.0,965.0,12:33:50.189965
190.0,-688.0,998.0,12:33:50.200319
126.0,-313.0,828.0,12:33:50.209606
-15.0,-395.0,867.0,12:33:50.220103
50.0,-598.0,955.0,12:33:50.229402
39.0,-495.0,901.0,12:33:50.239806
169.0,-527.0,1055.0,12:33:50.249014
12.0,-370.0,729.0,12:33:50.259525
55.0,-570.0,923.0,12:33:50.268800
110.0,-629.0,980.0,12:33:50.279225
-41.0,-587.0,756.0,12:33:50.288523
-7.0,-353.0,844.0,12:33:50.298989
56.0,-469.0,848.0,12:33:50.308300
-50.0,-427.0,844.0,12:33:50.318750
-101.0,-499.0,1116.0,12:33:50.328117
-39.0,-453.0,804.0,12:33:50.338558
-92.0,-411.0,864.0,12:33:50.348038
5.0,-568.0,1106.0,12:33:50.358491
110.0,-754.0,954.0,12:33:50.367823
61.0,-572.0,773.0,12:33:50.378281
-56.0,-507.0,1008.0,12:33:50.387650
42.0,-604.0,1014.0,12:33:50.396924
148.0,-653.0,874.0,12:33:50.407345
-12.0,-520.0,799.0,12:33:50.416676
82.0,-550.0,1049.0,12:33:50.427074
71.0,-415.0,585.0,12:33:50.436479
59.0,-333.0,750.0,12:33:50.446846
36.0,-457.0,1111.0,12:33:50.456139
2.0,-403.0,820.0,12:33:50.466598
-17.0,-443.0,972.0,12:33:50.475963
64.0,-522.0,951.0,12:33:50.486432
194.0,-609.0,787.0,12:33:50.495747
-51.0,-451.0,929.0,12:33:50.506188
37.0,-543.0,1265.0,12:33:50.515493
190.0,-485.0,694.0,12:33:50.525871
-15.0,-540.0,688.0,12:33:50.535155
-59.0,-390.0,909.0,12:33:50.545729
53.0,-662.0,1098.0,12:33:50.554990
126.0,-622.0,859.0,12:33:50.565454
-73.0,-302.0,829.0,12:33:50.574685
-170.0,-313.0,1127.0,12:33:50.585201
170.0,-624.0,943.0,12:33:50.594538
249.0,-607.0,978.0,12:33:50.603884
87.0,-523.0,747.0,12:33:50.614231
-211.0,-450.0,946.0,12:33:50.623551
209.0,-467.0,1147.0,12:33:50.634038
41.0,-565.0,939.0,12:33:50.643358
125.0,-527.0,930.0,12:33:50.653883
-113.0,-407.0,920.0,12:33:50.663101
58.0,-452.0,718.0,12:33:50.673582
102.0,-560.0,1077.0,12:33:50.682879
-41.0,-628.0,988.0,12:33:50.693491
218.0,-511.0,805.0,12:33:50.702748
89.0,-417.0,707.0,12:33:50.713177
6.0,-436.0,939.0,12:33:50.722420
94.0,-367.0,797.0,12:33:50.739677
5.0,-522.0,928.0,12:33:50.743479
99.0,-601.0,1160.0,12:33:50.752761
26.0,-415.0,846.0,12:33:50.762069
-31.0,-428.0,1169.0,12:33:50.772510
-32.0,-539.0,1164.0,12:33:50.781749
-38.0,-549.0,707.0,12:33:50.791249
157.0,-541.0,884.0,12:33:50.801763
-124.0,-589.0,1267.0,12:33:50.811151
171.0,-522.0,895.0,12:33:50.821644
-76.0,-596.0,830.0,12:33:50.831108
-66.0,-550.0,773.0,12:33:50.840478
103.0,-496.0,849.0,12:33:50.850829
-12.0,-418.0,767.0,12:33:50.860137
115.0,-274.0,783.0,12:33:50.870524
-149.0,-485.0,1202.0,12:33:50.880053
162.0,-552.0,997.0,12:33:50.890484
134.0,-407.0,739.0,12:33:50.899770
-145.0,-297.0,870.0,12:33:50.910150
95.0,-434.0,927.0,12:33:50.919468
88.0,-711.0,904.0,12:33:50.929941
225.0,-635.0,945.0,12:33:50.939194
83.0,-358.0,812.0,12:33:50.949704
50.0,-425.0,836.0,12:33:50.959002
56.0,-510.0,1124.0,12:33:50.969477
-88.0,-605.0,894.0,12:33:50.978831
72.0,-399.0,789.0,12:33:50.989344
-58.0,-466.0,1316.0,12:33:50.998587
38.0,-562.0,948.0,12:33:51.008979
-27.0,-593.0,606.0,12:33:51.018272
-17.0,-490.0,790.0,12:33:51.027738
-70.0,-468.0,1092.0,12:33:51.038091
77.0,-493.0,1006.0,12:33:51.048524
-74.0,-620.0,1099.0,12:33:51.057902
-21.0,-511.0,693.0,12:33:51.067120
-129.0,-465.0,866.0,12:33:51.077685
85.0,-502.0,927.0,12:33:51.086915
-56.0,-628.0,1061.0,12:33:51.097404
-35.0,-477.0,1173.0,12:33:51.106688
38.0,-506.0,736.0,12:33:51.117153
154.0,-746.0,635.0,12:33:51.126533
-34.0,-515.0,1011.0,12:33:51.137908
94.0,-424.0,873.0,12:33:51.146115
-152.0,-293.0,438.0,12:33:51.156679
-60.0,-396.0,1065.0,12:33:51.165920
-90.0,-527.0,1262.0,12:33:51.176559
93.0,-612.0,606.0,12:33:51.185794
62.0,-523.0,804.0,12:33:51.196266
42.0,-347.0,1202.0,12:33:51.205589
182.0,-488.0,704.0,12:33:51.216130
71.0,-604.0,623.0,12:33:51.225357
60.0,-675.0,1138.0,12:33:51.235810
111.0,-511.0,1247.0,12:33:51.245072
-68.0,-474.0,874.0,12:33:51.254553
88.0,-603.0,696.0,12:33:51.265021
97.0,-749.0,814.0,12:33:51.274265
-102.0,-544.0,1323.0,12:33:51.284831
8.0,-219.0,788.0,12:33:51.294063
12.0,-458.0,559.0,12:33:51.304553
-67.0,-588.0,903.0,12:33:51.313855
181.0,-827.0,961.0,12:33:51.324299
90.0,-488.0,653.0,12:33:51.333526
-43.0,-337.0,1081.0,12:33:51.343932
-181.0,-447.0,1012.0,12:33:51.353413
-52.0,-627.0,954.0,12:33:51.363811
125.0,-507.0,931.0,12:33:51.373177
121.0,-592.0,713.0,12:33:51.383525
113.0,-320.0,777.0,12:33:51.392894
-87.0,-406.0,1434.0,12:33:51.403334
-72.0,-545.0,942.0,12:33:51.412638
-18.0,-448.0,449.0,12:33:51.423078
213.0,-479.0,595.0,12:33:51.432392
-25.0,-589.0,1217.0,12:33:51.441764
-47.0,-631.0,1321.0,12:33:51.452196
15.0,-358.0,703.0,12:33:51.461572
11.0,-299.0,673.0,12:33:51.471919
107.0,-591.0,1201.0,12:33:51.481308
115.0,-528.0,962.0,12:33:51.491638
27.0,-460.0,754.0,12:33:51.501088
38.0,-476.0,831.0,12:33:51.511475
-49.0,-470.0,986.0,12:33:51.520713
48.0,-634.0,940.0,12:33:51.531394
-16.0,-519.0,885.0,12:33:51.540568
148.0,-369.0,864.0,12:33:51.551338
6.0,-627.0,972.0,12:33:51.560577
179.0,-571.0,1047.0,12:33:51.570010
-30.0,-538.0,844.0,12:33:51.580431
131.0,-464.0,740.0,12:33:51.589714
108.0,-509.0,1158.0,12:33:51.600230
-121.0,-627.0,861.0,12:33:51.609537
94.0,-473.0,718.0,12:33:51.620034
-264.0,-434.0,1047.0,12:33:51.629233
181.0,-339.0,906.0,12:33:51.639774
-62.0,-386.0,828.0,12:33:51.649058
90.0,-539.0,1052.0,12:33:51.659448
96.0,-567.0,1000.0,12:33:51.668824
34.0,-474.0,777.0,12:33:51.679265
66.0,-464.0,1059.0,12:33:51.688551
-11.0,-527.0,1064.0,12:33:51.698981
23.0,-406.0,611.0,12:33:51.708334
-16.0,-439.0,939.0,12:33:51.718764
61.0,-514.0,1044.0,12:33:51.728098
46.0,-599.0,1042.0,12:33:51.738554
77.0,-377.0,833.0,12:33:51.747850
-90.0,-614.0,1003.0,12:33:51.757258
187.0,-716.0,1066.0,12:33:51.767759
232.0,-344.0,660.0,12:33:51.777122
-88.0,-413.0,622.0,12:33:51.787501
200.0,-438.0,955.0,12:33:51.807051
-17.0,-494.0,712.0,12:33:51.816541
176.0,-492.0,647.0,12:33:51.826951
-74.0,-633.0,1220.0,12:33:51.836222
14.0,-489.0,672.0,12:33:51.846884
198.0,-472.0,816.0,12:33:51.856146
-76.0,-474.0,1238.0,12:33:51.866648
-142.0,-416.0,974.0,12:33:51.875908
10.0,-536.0,748.0,12:33:51.886515
-5.0,-525.0,944.0,12:33:51.895770
145.0,-740.0,1115.0,12:33:51.906191
164.0,-840.0,691.0,12:33:51.915515
141.0,-482.0,756.0,12:33:51.924854
-89.0,-582.0,1091.0,12:33:51.943004
57.0,-717.0,1130.0,12:33:51.946855
108.0,-429.0,795.0,12:33:51.954980
-170.0,-233.0,758.0,12:33:51.964384
-55.0,-538.0,1022.0,12:33:51.974748
98.0,-655.0,807.0,12:33:51.984126
-82.0,-408.0,934.0,12:33:51.994537
12.0,-524.0,880.0,12:33:52.003850
119.0,-578.0,1168.0,12:33:52.014244
116.0,-433.0,1015.0,12:33:52.023578
-129.0,-313.0,695.0,12:33:52.034013
174.0,-434.0,699.0,12:33:52.043375
213.0,-626.0,1218.0,12:33:52.053820
137.0,-540.0,1005.0,12:33:52.063098
56.0,-516.0,593.0,12:33:52.073576
-69.0,-515.0,866.0,12:33:52.082873
176.0,-559.0,984.0,12:33:52.093431
56.0,-629.0,726.0,12:33:52.102652
-10.0,-425.0,936.0,12:33:52.113137
-51.0,-451.0,1094.0,12:33:52.122389
122.0,-424.0,658.0,12:33:52.132853
138.0,-459.0,1043.0,12:33:52.142217
75.0,-602.0,1258.0,12:33:52.151677
198.0,-473.0,666.0,12:33:52.162413
71.0,-337.0,576.0,12:33:52.171878
-34.0,-574.0,1289.0,12:33:52.181366
99.0,-655.0,1254.0,12:33:52.192124
-19.0,-545.0,971.0,12:33:52.201717
41.0,-252.0,685.0,12:33:52.211402
49.0,-458.0,1017.0,12:33:52.220900
220.0,-603.0,1064.0,12:33:52.231624
20.0,-612.0,1008.0,12:33:52.241236
36.0,-444.0,803.0,12:33:52.250750
114.0,-456.0,880.0,12:33:52.260331
84.0,-545.0,1095.0,12:33:52.269957
12.0,-501.0,988.0,12:33:52.280586
110.0,-391.0,703.0,12:33:52.290169
49.0,-563.0,1148.0,12:33:52.299738
261.0,-510.0,859.0,12:33:52.310361
-6.0,-711.0,1022.0,12:33:52.319857
-27.0,-448.0,667.0,12:33:52.329354
-6.0,-302.0,659.0,12:33:52.345720
-17.0,-340.0,1101.0,12:33:52.349514
-52.0,-478.0,1366.0,12:33:52.358949
175.0,-548.0,702.0,12:33:52.369412
-21.0,-471.0,617.0,12:33:52.378807
183.0,-536.0,1174.0,12:33:52.389207
27.0,-652.0,977.0,12:33:52.398515
91.0,-475.0,991.0,12:33:52.407848
10.0,-470.0,919.0,12:33:52.418235
131.0,-498.0,665.0,12:33:52.427638
15.0,-455.0,782.0,12:33:52.438077
79.0,-546.0,1214.0,12:33:52.447336
89.0,-564.0,792.0,12:33:52.457786
45.0,-388.0,744.0,12:33:52.467110
-10.0,-350.0,1013.0,12:33:52.477494
167.0,-723.0,941.0,12:33:52.486838
61.0,-439.0,863.0,12:33:52.497277
-139.0,-195.0,821.0,12:33:52.506763
-34.0,-561.0,1165.0,12:33:52.517158
-47.0,-542.0,987.0,12:33:52.526513
-39.0,-533.0,940.0,12:33:52.536947
-100.0,-537.0,635.0,12:33:52.546238
140.0,-807.0,1043.0,12:33:52.556690
-16.0,-733.0,1129.0,12:33:52.565884
65.0,-311.0,422.0,12:33:52.576457
-11.0,-301.0,913.0,12:33:52.585704
-57.0,-500.0,1387.0,12:33:52.595763
34.0,-799.0,1103.0,12:33:52.606129
161.0,-621.0,615.0,12:33:52.615422
45.0,-480.0,854.0,12:33:52.625897
-57.0,-655.0,1311.0,12:33:52.635087
33.0,-539.0,588.0,12:33:52.645583
208.0,-322.0,658.0,12:33:52.654869
-88.0,-287.0,1199.0,12:33:52.664172
15.0,-349.0,735.0,12:33:52.674592
9.0,-520.0,692.0,12:33:52.683891
67.0,-374.0,639.0,12:33:52.694424
94.0,-562.0,961.0,12:33:52.703676
-42.0,-397.0,1115.0,12:33:52.714096
39.0,-306.0,885.0,12:33:52.723457
91.0,-585.0,941.0,12:33:52.733824
112.0,-529.0,724.0,12:33:52.743139
-19.0,-531.0,1283.0,12:33:52.753596
47.0,-452.0,967.0,12:33:52.762858
136.0,-611.0,698.0,12:33:52.773364
85.0,-607.0,965.0,12:33:52.782646
50.0,-742.0,1158.0,12:33:52.793021
185.0,-661.0,748.0,12:33:52.802353
-132.0,-422.0,933.0,12:33:52.812678
63.0,-461.0,917.0,12:33:52.821983
30.0,-680.0,979.0,12:33:52.832343
-29.0,-550.0,655.0,12:33:52.841654
26.0,-457.0,958.0,12:33:52.852188
71.0,-670.0,1203.0,12:33:52.861452
-88.0,-567.0,820.0,12:33:52.871876
136.0,-426.0,588.0,12:33:52.881245
-97.0,-502.0,905.0,12:33:52.891640
36.0,-467.0,1033.0,12:33:52.900973
-7.0,-295.0,850.0,12:33:52.911447
104.0,-274.0,708.0,12:33:52.920708
-100.0,-428.0,839.0,12:33:52.931229
35.0,-656.0,1167.0,12:33:52.940514
38.0,-444.0,1016.0,12:33:52.950880
37.0,-532.0,957.0,12:33:52.960203
80.0,-557.0,1168.0,12:33:52.970626
133.0,-626.0,828.0,12:33:52.980016
62.0,-512.0,731.0,12:33:52.990463
-14.0,-369.0,1035.0,12:33:52.999765
-36.0,-466.0,1106.0,12:33:53.010145
123.0,-501.0,851.0,12:33:53.019457
143.0,-554.0,651.0,12:33:53.029885
75.0,-652.0,1214.0,12:33:53.039075
40.0,-654.0,1305.0,12:33:53.049431
115.0,-515.0,658.0,12:33:53.058732
42.0,-416.0,635.0,12:33:53.069136
122.0,-578.0,899.0,12:33:53.078365
-47.0,-534.0,852.0,12:33:53.088940
-28.0,-545.0,849.0,12:33:53.098205
-120.0,-360.0,807.0,12:33:53.108622
-39.0,-376.0,525.0,12:33:53.117959
-203.0,-377.0,1062.0,12:33:53.128428
61.0,-594.0,1165.0,12:33:53.137786
37.0,-492.0,902.0,12:33:53.149561
-34.0,-247.0,865.0,12:33:53.157720
-89.0,-513.0,1027.0,12:33:53.166992
195.0,-589.0,998.0,12:33:53.177432
78.0,-497.0,891.0,12:33:53.186683
7.0,-339.0,874.0,12:33:53.197048
-39.0,-582.0,945.0,12:33:53.206512
75.0,-548.0,1066.0,12:33:53.216923
99.0,-556.0,1021.0,12:33:53.226171
199.0,-645.0,934.0,12:33:53.236660
-130.0,-411.0,965.0,12:33:53.245974
-97.0,-299.0,1057.0,12:33:53.256429
177.0,-554.0,1078.0,12:33:53.265840
181.0,-539.0,896.0,12:33:53.276217
37.0,-646.0,846.0,12:33:53.285554
-40.0,-500.0,592.0,12:33:53.305194
-2.0,-643.0,1087.0,12:33:53.315816
-119.0,-412.0,891.0,12:33:53.325329
-24.0,-273.0,655.0,12:33:53.334930
-17.0,-431.0,673.0,12:33:53.345308
-41.0,-365.0,1024.0,12:33:53.354587
-14.0,-453.0,1155.0,12:33:53.364444
-45.0,-332.0,841.0,12:33:53.375043
107.0,-382.0,1004.0,12:33:53.384561
235.0,-641.0,1228.0,12:33:53.394029
214.0,-907.0,1114.0,12:33:53.404579
278.0,-620.0,722.0,12:33:53.413879
-106.0,-494.0,931.0,12:33:53.424290
69.0,-632.0,1171.0,12:33:53.433684
80.0,-563.0,673.0,12:33:53.442922
69.0,-284.0,475.0,12:33:53.453400
-55.0,-483.0,1129.0,12:33:53.462698
-100.0,-580.0,1017.0,12:33:53.473197
72.0,-480.0,640.0,12:33:53.482423
118.0,-505.0,925.0,12:33:53.492985
0.0,-410.0,966.0,12:33:53.502282
241.0,-263.0,884.0,12:33:53.512727
-57.0,-637.0,1318.0,12:33:53.522070
-29.0,-575.0,914.0,12:33:53.532514
173.0,-368.0,503.0,12:33:53.548032
150.0,-404.0,831.0,12:33:53.552556
9.0,-806.0,1274.0,12:33:53.561751
73.0,-520.0,744.0,12:33:53.571195
94.0,-371.0,754.0,12:33:53.581671
39.0,-677.0,870.0,12:33:53.591282
180.0,-546.0,792.0,12:33:53.601718
232.0,-591.0,957.0,12:33:53.611115
69.0,-612.0,829.0,12:33:53.620440
140.0,-527.0,1215.0,12:33:53.631239
-164.0,-331.0,1100.0,12:33:53.640573
262.0,-582.0,901.0,12:33:53.650050
-92.0,-671.0,851.0,12:33:53.660490
81.0,-670.0,930.0,12:33:53.669974
-77.0,-446.0,943.0,12:33:53.680370
69.0,-510.0,946.0,12:33:53.689657
-102.0,-550.0,909.0,12:33:53.700118
68.0,-568.0,713.0,12:33:53.709384
111.0,-522.0,781.0,12:33:53.719792
-31.0,-471.0,843.0,12:33:53.729108
-89.0,-574.0,1261.0,12:33:53.739654
121.0,-555.0,875.0,12:33:53.748973
-26.0,-641.0,670.0,12:33:53.759406
-129.0,-194.0,885.0,12:33:53.768674
-180.0,-370.0,1302.0,12:33:53.779167
-109.0,-498.0,1118.0,12:33:53.788428
132.0,-653.0,675.0,12:33:53.798977
3.0,-489.0,761.0,12:33:53.808210
-116.0,-374.0,1016.0,12:33:53.817760
33.0,-609.0,920.0,12:33:53.828132
158.0,-713.0,1139.0,12:33:53.837431
12.0,-429.0,726.0,12:33:53.847815
-66.0,-474.0,857.0,12:33:53.857098
-149.0,-362.0,918.0,12:33:53.867497
23.0,-315.0,1001.0,12:33:53.876887
36.0,-358.0,787.0,12:33:53.887283
141.0,-625.0,386.0,12:33:53.896660
99.0,-507.0,868.0,12:33:53.907113
-105.0,-227.0,1290.0,12:33:53.916447
43.0,-371.0,974.0,12:33:53.926909
15.0,-490.0,901.0,12:33:53.936181
104.0,-557.0,1010.0,12:33:53.946667
66.0,-559.0,1056.0,12:33:53.955924
96.0,-558.0,816.0,12:33:53.966492
100.0,-610.0,1011.0,12:33:53.975738
5.0,-541.0,1107.0,12:33:53.986198
122.0,-686.0,818.0,12:33:53.995486
80.0,-523.0,700.0,12:33:54.005957
-29.0,-391.0,1097.0,12:33:54.015188
88.0,-458.0,929.0,12:33:54.024638
60.0,-473.0,1022.0,12:33:54.035013
5.0,-251.0,975.0,12:33:54.044435
-75.0,-562.0,1033.0,12:33:54.054886
149.0,-598.0,1187.0,12:33:54.064193
70.0,-411.0,915.0,12:33:54.074653
4.0,-493.0,668.0,12:33:54.083986
92.0,-606.0,887.0,12:33:54.094447
71.0,-543.0,853.0,12:33:54.103750
-73.0,-408.0,887.0,12:33:54.114145
-3.0,-295.0,737.0,12:33:54.123489
23.0,-565.0,1034.0,12:33:54.133952
51.0,-472.0,739.0,12:33:54.143266
37.0,-470.0,880.0,12:33:54.153721
30.0,-461.0,1268.0,12:33:54.162981
-24.0,-602.0,1022.0,12:33:54.173506
-46.0,-536.0,689.0,12:33:54.182749
120.0,-476.0,667.0,12:33:54.193341
-95.0,-610.0,1127.0,12:33:54.202546
-21.0,-597.0,873.0,12:33:54.211887
-164.0,-538.0,948.0,12:33:54.222278
-141.0,-521.0,721.0,12:33:54.231673
95.0,-532.0,713.0,12:33:54.242020
0.0,-486.0,1218.0,12:33:54.251318
-72.0,-425.0,1062.0,12:33:54.261750
-110.0,-321.0,705.0,12:33:54.271223
183.0,-701.0,1321.0,12:33:54.281629
377.0,-782.0,1013.0,12:33:54.291011
-27.0,-349.0,354.0,12:33:54.301385
66.0,-396.0,742.0,12:33:54.310710
-200.0,-409.0,1576.0,12:33:54.321246
27.0,-257.0,761.0,12:33:54.330550
77.0,-261.0,164.0,12:33:54.348723
-112.0,-378.0,1083.0,12:33:54.350129
-37.0,-486.0,1543.0,12:33:54.360667
-5.0,-578.0,779.0,12:33:54.370031
99.0,-385.0,580.0,12:33:54.380423
75.0,-487.0,1404.0,12:33:54.389760
45.0,-642.0,1075.0,12:33:54.400172
86.0,-452.0,581.0,12:33:54.409521
-9.0,-403.0,975.0,12:33:54.419951
66.0,-593.0,1428.0,12:33:54.429360
144.0,-679.0,1226.0,12:33:54.438589
-18.0,-338.0,533.0,12:33:54.449045
27.0,-441.0,912.0,12:33:54.459440
112.0,-472.0,790.0,12:33:54.468846
96.0,-569.0,1002.0,12:33:54.478089
114.0,-471.0,1005.0,12:33:54.488592
-117.0,-510.0,906.0,12:33:54.497880
20.0,-407.0,586.0,12:33:54.508455
83.0,-303.0,998.0,12:33:54.517905
98.0,-572.0,831.0,12:33:54.528392
-125.0,-328.0,726.0,12:33:54.537697
26.0,-495.0,1153.0,12:33:54.547070
163.0,-499.0,603.0,12:33:54.557628
-18.0,-457.0,941.0,12:33:54.566940
-74.0,-282.0,891.0,12:33:54.577414
103.0,-458.0,1048.0,12:33:54.586823
38.0,-626.0,972.0,12:33:54.597267
161.0,-515.0,753.0,12:33:54.606588
19.0,-583.0,1043.0,12:33:54.617013
224.0,-600.0,1042.0,12:33:54.626294
-88.0,-653.0,1033.0,12:33:54.636803
81.0,-555.0,535.0,12:33:54.646126
-48.0,-535.0,840.0,12:33:54.655497
-53.0,-519.0,1225.0,12:33:54.665862
-63.0,-342.0,942.0,12:33:54.676288
-25.0,-239.0,894.0,12:33:54.685632
-137.0,-251.0,798.0,12:33:54.695008
148.0,-570.0,1155.0,12:33:54.705407
151.0,-690.0,1147.0,12:33:54.714713
7.0,-349.0,1034.0,12:33:54.725098
112.0,-518.0,949.0,12:33:54.734496
63.0,-671.0,668.0,12:33:54.750882
142.0,-647.0,1069.0,12:33:54.754621
-25.0,-365.0,864.0,12:33:54.763951
50.0,-461.0,459.0,12:33:54.774417
146.0,-361.0,802.0,12:33:54.783724
-98.0,-481.0,1352.0,12:33:54.794083
111.0,-533.0,789.0,12:33:54.803454
150.0,-467.0,461.0,12:33:54.813889
30.0,-314.0,1000.0,12:33:54.823190
-77.0,-498.0,1176.0,12:33:54.833630
-44.0,-379.0,972.0,12:33:54.842968
-84.0,-353.0,981.0,12:33:54.853492
-98.0,-487.0,973.0,12:33:54.862816
41.0,-542.0,1011.0,12:33:54.873318
189.0,-752.0,938.0,12:33:54.882607
151.0,-738.0,935.0,12:33:54.893006
-1.0,-503.0,888.0,12:33:54.902313
-56.0,-566.0,1132.0,12:33:54.912771
-32.0,-514.0,940.0,12:33:54.922238
208.0,-477.0,651.0,12:33:54.931549
79.0,-510.0,962.0,12:33:54.942052
32.0,-394.0,751.0,12:33:54.951358
-115.0,-340.0,1044.0,12:33:54.961727
-40.0,-429.0,1146.0,12:33:54.971281
147.0,-573.0,719.0,12:33:54.981710
-40.0,-546.0,1002.0,12:33:54.991193
-1.0,-533.0,1174.0,12:33:55.000519
75.0,-643.0,900.0,12:33:55.011090
132.0,-652.0,894.0,12:33:55.020407
58.0,-607.0,880.0,12:33:55.030929
186.0,-565.0,602.0,12:33:55.040175
-60.0,-402.0,771.0,12:33:55.050723
-38.0,-414.0,1072.0,12:33:55.060102
62.0,-464.0,729.0,12:33:55.070573
47.0,-520.0,798.0,12:33:55.079957
-180.0,-406.0,1028.0,12:33:55.089275
-100.0,-224.0,1058.0,12:33:55.099689
-87.0,-383.0,804.0,12:33:55.109009
291.0,-543.0,875.0,12:33:55.119439
32.0,-505.0,1152.0,12:33:55.128876
38.0,-526.0,1196.0,12:33:55.139255
146.0,-566.0,930.0,12:33:55.148524
-22.0,-553.0,539.0,12:33:55.159055
42.0,-512.0,1148.0,12:33:55.168316
-114.0,-523.0,1169.0,12:33:55.178828
-4.0,-784.0,789.0,12:33:55.188088
206.0,-589.0,700.0,12:33:55.198592
107.0,-437.0,1173.0,12:33:55.207846
63.0,-595.0,832.0,12:33:55.218256
201.0,-580.0,624.0,12:33:55.227543
-106.0,-300.0,718.0,12:33:55.238047
-138.0,-321.0,784.0,12:33:55.247293
-20.0,-388.0,982.0,12:33:55.257846
-60.0,-349.0,1210.0,12:33:55.267133
68.0,-484.0,957.0,12:33:55.277656
-80.0,-425.0,789.0,12:33:55.286910
114.0,-509.0,1114.0,12:33:55.296221
-3.0,-632.0,1337.0,12:33:55.306684
264.0,-667.0,915.0,12:33:55.316032
62.0,-759.0,942.0,12:33:55.326504
8.0,-753.0,831.0,12:33:55.335800
-17.0,-560.0,808.0,12:33:55.346213
-63.0,-657.0,829.0,12:33:55.355625
93.0,-459.0,1004.0,12:33:55.366021
-192.0,-578.0,1108.0,12:33:55.375277
51.0,-483.0,584.0,12:33:55.385804
-34.0,-344.0,770.0,12:33:55.395057
-267.0,-490.0,1396.0,12:33:55.405595
-4.0,-553.0,1055.0,12:33:55.414824
19.0,-357.0,445.0,12:33:55.425299
-61.0,-417.0,998.0,12:33:55.434563
-160.0,-525.0,1253.0,12:33:55.445115
64.0,-500.0,895.0,12:33:55.454523
223.0,-549.0,568.0,12:33:55.463911
-25.0,-636.0,856.0,12:33:55.474329
-97.0,-468.0,1053.0,12:33:55.483644
67.0,-590.0,945.0,12:33:55.494009
-15.0,-444.0,858.0,12:33:55.503464
55.0,-622.0,901.0,12:33:55.513956
130.0,-511.0,822.0,12:33:55.523392
-85.0,-415.0,774.0,12:33:55.533749
5.0,-367.0,957.0,12:33:55.543288
22.0,-346.0,1021.0,12:33:55.552866
3.0,-293.0,854.0,12:33:55.562362
31.0,-511.0,868.0,12:33:55.572754
36.0,-513.0,1138.0,12:33:55.583178
48.0,-486.0,972.0,12:33:55.592479
140.0,-517.0,1099.0,12:33:55.602875
67.0,-602.0,1052.0,12:33:55.612300
183.0,-525.0,856.0,12:33:55.621537
-128.0,-501.0,802.0,12:33:55.631990
129.0,-590.0,791.0,12:33:55.641266
42.0,-651.0,1018.0,12:33:55.651694
15.0,-624.0,955.0,12:33:55.661123
-25.0,-287.0,579.0,12:33:55.671547
-62.0,-232.0,843.0,12:33:55.680847
101.0,-457.0,994.0,12:33:55.691249
17.0,-480.0,1112.0,12:33:55.700590
101.0,-363.0,899.0,12:33:55.711283
-43.0,-401.0,798.0,12:33:55.720582
133.0,-533.0,1247.0,12:33:55.729962
26.0,-589.0,1024.0,12:33:55.740534
-30.0,-570.0,800.0,12:33:55.749701
-72.0,-562.0,1188.0,12:33:55.760258
51.0,-560.0,1262.0,12:33:55.769555
-20.0,-554.0,858.0,12:33:55.780091
-1.0,-475.0,508.0,12:33:55.789363
85.0,-738.0,1295.0,12:33:55.799844
91.0,-584.0,1097.0,12:33:55.809086
-81.0,-425.0,964.0,12:33:55.819581
152.0,-465.0,616.0,12:33:55.828940
140.0,-613.0,728.0,12:33:55.839379
95.0,-478.0,1039.0,12:33:55.848666
116.0,-462.0,913.0,12:33:55.859110
-82.0,-390.0,707.0,12:33:55.868354
76.0,-354.0,764.0,12:33:55.878874
112.0,-248.0,840.0,12:33:55.888129
40.0,-219.0,976.0,12:33:55.898616
33.0,-413.0,1147.0,12:33:55.907919
121.0,-501.0,799.0,12:33:55.917257
55.0,-334.0,816.0,12:33:55.927862
-204.0,-680.0,1281.0,12:33:55.937139
186.0,-777.0,997.0,12:33:55.949724
40.0,-498.0,593.0,12:33:55.956829
-99.0,-570.0,974.0,12:33:55.967317
134.0,-522.0,931.0,12:33:55.976678
-57.0,-676.0,977.0,12:33:55.987073
176.0,-528.0,574.0,12:33:55.996541
-41.0,-474.0,812.0,12:33:56.006897
12.0,-637.0,1309.0,12:33:56.016283
157.0,-423.0,855.0,12:33:56.025653
-43.0,-364.0,841.0,12:33:56.036090
82.0,-498.0,1129.0,12:33:56.046554
258.0,-752.0,860.0,12:33:56.055975
96.0,-574.0,1039.0,12:33:56.065246
-71.0,-393.0,1095.0,12:33:56.075839
75.0,-425.0,518.0,12:33:56.085142
10.0,-527.0,1011.0,12:33:56.095690
84.0,-575.0,830.0,12:33:56.104954
37.0,-359.0,598.0,12:33:56.115388
-209.0,-269.0,1013.0,12:33:56.124709
140.0,-504.0,1042.0,12:33:56.135175
-6.0,-398.0,856.0,12:33:56.144513
-12.0,-246.0,777.0,12:33:56.154907
18.0,-409.0,921.0,12:33:56.164260
85.0,-522.0,1368.0,12:33:56.174627
-52.0,-449.0,813.0,12:33:56.194120
52.0,-632.0,1133.0,12:33:56.203542
122.0,-433.0,1028.0,12:33:56.213953
77.0,-477.0,789.0,12:33:56.223189
146.0,-502.0,848.0,12:33:56.233566
110.0,-460.0,1069.0,12:33:56.242944
96.0,-446.0,1010.0,12:33:56.253391
67.0,-571.0,843.0,12:33:56.262707
-50.0,-596.0,907.0,12:33:56.273129
-6.0,-509.0,1068.0,12:33:56.282550
55.0,-526.0,909.0,12:33:56.292938
-5.0,-530.0,817.0,12:33:56.302335
138.0,-668.0,996.0,12:33:56.311584
127.0,-600.0,915.0,12:33:56.322071
101.0,-449.0,770.0,12:33:56.331282
62.0,-382.0,893.0,12:33:56.341744
-50.0,-387.0,862.0,12:33:56.351104
-27.0,-580.0,940.0,12:33:56.361682
-60.0,-530.0,1066.0,12:33:56.371091
6.0,-497.0,845.0,12:33:56.381586
129.0,-633.0,918.0,12:33:56.390835
66.0,-461.0,984.0,12:33:56.401365
-39.0,-443.0,841.0,12:33:56.410712
67.0,-520.0,866.0,12:33:56.420062
194.0,-574.0,829.0,12:33:56.430545
2.0,-428.0,1145.0,12:33:56.440029
-86.0,-449.0,1190.0,12:33:56.450381
36.0,-382.0,669.0,12:33:56.459695
75.0,-414.0,927.0,12:33:56.470128
-45.0,-384.0,1276.0,12:33:56.479459
115.0,-486.0,857.0,12:33:56.489987
9.0,-411.0,724.0,12:33:56.499252
226.0,-611.0,954.0,12:33:56.509690
84.0,-670.0,1189.0,12:33:56.519027
194.0,-494.0,772.0,12:33:56.529410
-40.0,-490.0,818.0,12:33:56.538763
-35.0,-554.0,1009.0,12:33:56.549247
66.0,-518.0,1008.0,12:33:56.558516
94.0,-603.0,661.0,12:33:56.568941
26.0,-466.0,688.0,12:33:56.578295
-46.0,-473.0,981.0,12:33:56.587703
-17.0,-403.0,773.0,12:33:56.598204
147.0,-466.0,814.0,12:33:56.607468
1.0,-595.0,932.0,12:33:56.617826
122.0,-427.0,977.0,12:33:56.627077
125.0,-434.0,871.0,12:33:56.637650
233.0,-518.0,505.0,12:33:56.646891
104.0,-697.0,1445.0,12:33:56.657308
128.0,-726.0,1098.0,12:33:56.666832
246.0,-477.0,469.0,12:33:56.677226
-100.0,-416.0,866.0,12:33:56.686599
112.0,-538.0,1021.0,12:33:56.697074
10.0,-731.0,1222.0,12:33:56.706335
33.0,-523.0,681.0,12:33:56.715792
-46.0,-468.0,613.0,12:33:56.726313
-50.0,-410.0,1170.0,12:33:56.735651
-86.0,-513.0,1090.0,12:33:56.746130
-16.0,-565.0,911.0,12:33:56.756627
-93.0,-360.0,984.0,12:33:56.765444
63.0,-525.0,1234.0,12:33:56.775904
31.0,-441.0,900.0,12:33:56.785187
193.0,-605.0,1095.0,12:33:56.794594
187.0,-626.0,773.0,12:33:56.805000
177.0,-493.0,605.0,12:33:56.814331
4.0,-444.0,1054.0,12:33:56.824766
37.0,-429.0,962.0,12:33:56.834208
18.0,-546.0,915.0,12:33:56.844714
-12.0,-411.0,442.0,12:33:56.853991
33.0,-439.0,913.0,12:33:56.864574
58.0,-419.0,1236.0,12:33:56.873938
119.0,-540.0,805.0,12:33:56.884348
205.0,-451.0,593.0,12:33:56.893646
-14.0,-348.0,1055.0,12:33:56.904010
265.0,-541.0,1069.0,12:33:56.913462
19.0,-484.0,881.0,12:33:56.922723
99.0,-400.0,922.0,12:33:56.933143
9.0,-468.0,1166.0,12:33:56.943493
-48.0,-627.0,1229.0,12:33:56.952840
159.0,-523.0,1042.0,12:33:56.962153
-32.0,-690.0,892.0,12:33:56.972605
51.0,-653.0,943.0,12:33:56.982954
-40.0,-665.0,934.0,12:33:56.992404
-3.0,-510.0,808.0,12:33:57.001610
-98.0,-524.0,954.0,12:33:57.012091
50.0,-620.0,694.0,12:33:57.021428
96.0,-482.0,499.0,12:33:57.031883
-7.0,-551.0,1121.0,12:33:57.041232
97.0,-528.0,871.0,12:33:57.051659
-93.0,-299.0,739.0,12:33:57.060979
-72.0,-260.0,884.0,12:33:57.071462
-126.0,-495.0,1092.0,12:33:57.080793
24.0,-372.0,682.0,12:33:57.091215
-84.0,-485.0,1046.0,12:33:57.100478
102.0,-546.0,854.0,12:33:57.110925
142.0,-543.0,820.0,12:33:57.120250
-150.0,-576.0,1018.0,12:33:57.130561
145.0,-561.0,1022.0,12:33:57.140100
-97.0,-299.0,940.0,12:33:57.156799
-35.0,-311.0,907.0,12:33:57.160737
79.0,-649.0,989.0,12:33:57.170176
-71.0,-339.0,873.0,12:33:57.179431
-159.0,-124.0,963.0,12:33:57.188945
55.0,-501.0,1221.0,12:33:57.199309
67.0,-562.0,1050.0,12:33:57.208630
60.0,-539.0,932.0,12:33:57.218984
81.0,-589.0,705.0,12:33:57.228361
110.0,-511.0,703.0,12:33:57.238819
130.0,-528.0,1161.0,12:33:57.248208
-17.0,-437.0,1144.0,12:33:57.258600
-23.0,-559.0,886.0,12:33:57.267952
62.0,-404.0,737.0,12:33:57.278392
48.0,-471.0,881.0,12:33:57.287764
232.0,-628.0,1204.0,12:33:57.298199
96.0,-770.0,1015.0,12:33:57.307609
48.0,-705.0,608.0,12:33:57.318058
59.0,-576.0,847.0,12:33:57.327327
99.0,-538.0,978.0,12:33:57.337917
-129.0,-472.0,872.0,12:33:57.347249
40.0,-432.0,751.0,12:33:57.356612
26.0,-389.0,854.0,12:33:57.367101
-44.0,-497.0,1150.0,12:33:57.376615
35.0,-526.0,792.0,12:33:57.387031
92.0,-603.0,924.0,12:33:57.396339
-39.0,-534.0,1091.0,12:33:57.405686
183.0,-533.0,739.0,12:33:57.416218
131.0,-626.0,962.0,12:33:57.425573
-54.0,-314.0,934.0,12:33:57.436027
-6.0,-521.0,808.0,12:33:57.445288
0.0,-624.0,933.0,12:33:57.455806
62.0,-567.0,872.0,12:33:57.465042
-14.0,-482.0,870.0,12:33:57.475491
-96.0,-512.0,961.0,12:33:57.484720
46.0,-606.0,940.0,12:33:57.495208
63.0,-551.0,656.0,12:33:57.504526
-8.0,-442.0,747.0,12:33:57.514932
2.0,-565.0,1208.0,12:33:57.524248
207.0,-562.0,899.0,12:33:57.534647
21.0,-529.0,690.0,12:33:57.544000
106.0,-493.0,946.0,12:33:57.554434
198.0,-628.0,993.0,12:33:57.563828
-70.0,-590.0,902.0,12:33:57.574179
-14.0,-336.0,830.0,12:33:57.583526
109.0,-540.0,1116.0,12:33:57.593903
77.0,-478.0,752.0,12:33:57.603304
-78.0,-500.0,798.0,12:33:57.613702
99.0,-448.0,938.0,12:33:57.623058
144.0,-471.0,1047.0,12:33:57.633559
23.0,-534.0,788.0,12:33:57.642850
101.0,-522.0,1057.0,12:33:57.653270
117.0,-629.0,1031.0,12:33:57.662601
36.0,-383.0,788.0,12:33:57.671898
13.0,-400.0,929.0,12:33:57.682330
7.0,-477.0,968.0,12:33:57.691632
79.0,-382.0,856.0,12:33:57.702142
-23.0,-477.0,1093.0,12:33:57.711421
0.0,-436.0,711.0,12:33:57.721866
19.0,-526.0,930.0,12:33:57.731173
24.0,-668.0,1252.0,12:33:57.741515
223.0,-655.0,1029.0,12:33:57.750946
-26.0,-522.0,654.0,12:33:57.761370
8.0,-570.0,959.0,12:33:57.770713
47.0,-533.0,1224.0,12:33:57.781170
-73.0,-530.0,866.0,12:33:57.790688
-56.0,-440.0,677.0,12:33:57.799984
46.0,-615.0,830.0,12:33:57.810425
-10.0,-540.0,752.0,12:33:57.820796
-126.0,-550.0,1228.0,12:33:57.830170
-70.0,-402.0,892.0,12:33:57.840551
-9.0,-637.0,845.0,12:33:57.849961
92.0,-575.0,800.0,12:33:57.859229
-1.0,-560.0,1048.0,12:33:57.869695
41.0,-466.0,976.0,12:33:57.878999
-105.0,-353.0,677.0,12:33:57.889384
23.0,-593.0,871.0,12:33:57.898856
7.0,-506.0,754.0,12:33:57.909254
59.0,-516.0,1128.0,12:33:57.918555
13.0,-440.0,1049.0,12:33:57.928918
0.0,-339.0,709.0,12:33:57.938286
39.0,-527.0,1045.0,12:33:57.948660
113.0,-588.0,805.0,12:33:57.959809
71.0,-239.0,725.0,12:33:57.968159
-150.0,-400.0,1308.0,12:33:57.978538
75.0,-441.0,1092.0,12:33:57.987883
133.0,-534.0,604.0,12:33:57.997158
-51.0,-370.0,861.0,12:33:58.007706
60.0,-500.0,1193.0,12:33:58.016958
95.0,-543.0,933.0,12:33:58.027488
-85.0,-473.0,959.0,12:33:58.036834
54.0,-657.0,1150.0,12:33:58.047276
199.0,-669.0,881.0,12:33:58.056594
43.0,-484.0,818.0,12:33:58.067052
117.0,-520.0,1014.0,12:33:58.076433
68.0,-453.0,903.0,12:33:58.086923
97.0,-411.0,709.0,12:33:58.096210
-44.0,-361.0,741.0,12:33:58.105701
88.0,-362.0,871.0,12:33:58.116137
-47.0,-515.0,780.0,12:33:58.125444
73.0,-628.0,1168.0,12:33:58.135931
65.0,-595.0,945.0,12:33:58.145208
194.0,-478.0,542.0,12:33:58.155717
33.0,-316.0,885.0,12:33:58.164963
-119.0,-715.0,1500.0,12:33:58.175445
209.0,-676.0,873.0,12:33:58.184763
125.0,-526.0,503.0,12:33:58.195202
35.0,-456.0,1017.0,12:33:58.204515
-14.0,-527.0,987.0,12:33:58.215000
26.0,-452.0,585.0,12:33:58.224289
-21.0,-406.0,869.0,12:33:58.234848
15.0,-523.0,974.0,12:33:58.244095
37.0,-434.0,866.0,12:33:58.253524
-63.0,-254.0,1092.0,12:33:58.263889
-85.0,-626.0,921.0,12:33:58.273311
55.0,-579.0,907.0,12:33:58.283670
74.0,-543.0,1099.0,12:33:58.293079
50.0,-454.0,1134.0,12:33:58.303492
209.0,-736.0,836.0,12:33:58.312825
-51.0,-486.0,647.0,12:33:58.323231
125.0,-581.0,828.0,12:33:58.332636
61.0,-619.0,1134.0,12:33:58.343017
53.0,-465.0,903.0,12:33:58.355310
-94.0,-477.0,739.0,12:33:58.364060
-98.0,-462.0,965.0,12:33:58.372350
98.0,-629.0,1085.0,12:33:58.381652
64.0,-715.0,881.0,12:33:58.392205
19.0,-466.0,868.0,12:33:58.401558
0.0,-427.0,988.0,12:33:58.412017
-2.0,-466.0,1068.0,12:33:58.421289
37.0,-457.0,1056.0,12:33:58.431769
69.0,-461.0,642.0,12:33:58.441099
52.0,-568.0,1163.0,12:33:58.451625
60.0,-441.0,1167.0,12:33:58.460836
108.0,-563.0,945.0,12:33:58.471326
31.0,-547.0,886.0,12:33:58.480612
-5.0,-469.0,863.0,12:33:58.490022
109.0,-622.0,1121.0,12:33:58.500423
85.0,-410.0,751.0,12:33:58.510869
-64.0,-377.0,694.0,12:33:58.520141
113.0,-424.0,929.0,12:33:58.529520
-37.0,-632.0,774.0,12:33:58.540019
28.0,-566.0,939.0,12:33:58.549280
49.0,-361.0,888.0,12:33:58.559702
73.0,-481.0,731.0,12:33:58.569038
100.0,-510.0,1052.0,12:33:58.579424
12.0,-437.0,969.0,12:33:58.588789
4.0,-286.0,784.0,12:33:58.599244
33.0,-362.0,910.0,12:33:58.608498
17.0,-470.0,1038.0,12:33:58.618972
101.0,-446.0,742.0,12:33:58.628247
49.0,-567.0,710.0,12:33:58.638715
221.0,-602.0,970.0,12:33:58.647961
35.0,-520.0,1351.0,12:33:58.658458
3.0,-419.0,552.0,12:33:58.667779
83.0,-348.0,831.0,12:33:58.678267
32.0,-458.0,1332.0,12:33:58.687576
80.0,-627.0,889.0,12:33:58.698099
229.0,-608.0,748.0,12:33:58.707323
-104.0,-455.0,1193.0,12:33:58.716837
6.0,-501.0,939.0,12:33:58.727215
24.0,-577.0,969.0,12:33:58.736605
36.0,-527.0,769.0,12:33:58.746969
109.0,-347.0,855.0,12:33:58.756439
-96.0,-411.0,980.0,12:33:58.766863
103.0,-639.0,1217.0,12:33:58.776153
34.0,-574.0,892.0,12:33:58.786631
91.0,-468.0,681.0,12:33:58.795943
-43.0,-523.0,1101.0,12:33:58.806288
70.0,-597.0,1090.0,12:33:58.815753
-108.0,-534.0,867.0,12:33:58.826178
-59.0,-369.0,702.0,12:33:58.835484
-177.0,-441.0,1027.0,12:33:58.845887
-72.0,-419.0,928.0,12:33:58.855169
-24.0,-487.0,846.0,12:33:58.865702
-6.0,-497.0,1080.0,12:33:58.875065
126.0,-451.0,981.0,12:33:58.884353
-36.0,-441.0,788.0,12:33:58.894711
14.0,-510.0,974.0,12:33:58.904059
52.0,-531.0,1020.0,12:33:58.914680
-3.0,-479.0,868.0,12:33:58.924067
-28.0,-499.0,992.0,12:33:58.934552
149.0,-458.0,751.0,12:33:58.943942
172.0,-562.0,850.0,12:33:58.954300
56.0,-567.0,903.0,12:33:58.963593
22.0,-429.0,866.0,12:33:58.974028
129.0,-466.0,898.0,12:33:58.983432
35.0,-461.0,865.0,12:33:58.993813
54.0,-489.0,832.0,12:33:59.003178
25.0,-500.0,940.0,12:33:59.013566
18.0,-311.0,835.0,12:33:59.022939
47.0,-454.0,934.0,12:33:59.032288
9.0,-437.0,930.0,12:33:59.042728
61.0,-604.0,988.0,12:33:59.051998
113.0,-608.0,925.0,12:33:59.062486
205.0,-588.0,897.0,12:33:59.071743
-35.0,-435.0,746.0,12:33:59.082255
-2.0,-428.0,889.0,12:33:59.091575
-93.0,-503.0,1212.0,12:33:59.102020
40.0,-490.0,838.0,12:33:59.111256
-9.0,-487.0,878.0,12:33:59.121749
7.0,-442.0,849.0,12:33:59.131167
78.0,-661.0,1238.0,12:33:59.141538
0.0,-591.0,1017.0,12:33:59.150835
-15.0,-523.0,768.0,12:33:59.162427
79.0,-401.0,1042.0,12:33:59.170638
71.0,-478.0,986.0,12:33:59.180101
-3.0,-550.0,825.0,12:33:59.190434
176.0,-537.0,717.0,12:33:59.199749
-76.0,-336.0,1043.0,12:33:59.210165
-46.0,-393.0,1093.0,12:33:59.219596
28.0,-404.0,742.0,12:33:59.230057
-3.0,-426.0,716.0,12:33:59.239384
33.0,-497.0,1360.0,12:33:59.249779
68.0,-425.0,916.0,12:33:59.259123
149.0,-502.0,649.0,12:33:59.269505
147.0,-383.0,965.0,12:33:59.278947
-25.0,-538.0,1131.0,12:33:59.289332
255.0,-460.0,695.0,12:33:59.298693
-50.0,-253.0,811.0,12:33:59.309043
-87.0,-408.0,1142.0,12:33:59.318387
105.0,-549.0,1016.0,12:33:59.328954
163.0,-519.0,669.0,12:33:59.338270
104.0,-514.0,937.0,12:33:59.348648
81.0,-581.0,1072.0,12:33:59.357981
170.0,-562.0,1068.0,12:33:59.368417
66.0,-471.0,950.0,12:33:59.377741
-17.0,-547.0,994.0,12:33:59.387116
220.0,-629.0,1060.0,12:33:59.397465
144.0,-563.0,749.0,12:33:59.406776
-6.0,-392.0,586.0,12:33:59.417186
9.0,-487.0,1181.0,12:33:59.426639
11.0,-577.0,1281.0,12:33:59.436955
-22.0,-435.0,677.0,12:33:59.446320
-14.0,-344.0,635.0,12:33:59.456852
13.0,-466.0,1135.0,12:33:59.466154
-11.0,-641.0,1326.0,12:33:59.476609
29.0,-508.0,540.0,12:33:59.485959
39.0,-587.0,1430.0,12:33:59.505476
130.0,-611.0,780.0,12:33:59.515998
-53.0,-474.0,532.0,12:33:59.525302
20.0,-540.0,857.0,12:33:59.535810
91.0,-579.0,1154.0,12:33:59.545104
13.0,-453.0,841.0,12:33:59.562900
37.0,-429.0,770.0,12:33:59.566538
123.0,-522.0,941.0,12:33:59.574700
93.0,-385.0,1077.0,12:33:59.585092
85.0,-399.0,918.0,12:33:59.594387
-18.0,-376.0,802.0,12:33:59.604875
-147.0,-379.0,1159.0,12:33:59.614128
-20.0,-610.0,1152.0,12:33:59.624646
110.0,-609.0,820.0,12:33:59.633883
-58.0,-407.0,746.0,12:33:59.643404
159.0,-479.0,977.0,12:33:59.653767
62.0,-468.0,1025.0,12:33:59.663056
4.0,-566.0,1001.0,12:33:59.673462
-47.0,-344.0,616.0,12:33:59.682897
-53.0,-508.0,1184.0,12:33:59.693359
13.0,-539.0,1020.0,12:33:59.702611
8.0,-672.0,730.0,12:33:59.713033
-15.0,-639.0,1211.0,12:33:59.722366
-40.0,-564.0,869.0,12:33:59.732791
134.0,-572.0,668.0,12:33:59.742160
-99.0,-595.0,954.0,12:33:59.752692
33.0,-539.0,880.0,12:33:59.761967
67.0,-616.0,862.0,12:33:59.772378
26.0,-562.0,691.0,12:33:59.781647
15.0,-543.0,1087.0,12:33:59.791263
-127.0,-551.0,1044.0,12:33:59.801618
12.0,-346.0,663.0,12:33:59.811063
-6.0,-430.0,795.0,12:33:59.821451
3.0,-473.0,1200.0,12:33:59.830803
-51.0,-382.0,931.0,12:33:59.841288
78.0,-412.0,647.0,12:33:59.850638
-115.0,-472.0,1007.0,12:33:59.861134
0.0,-501.0,1171.0,12:33:59.870434
-60.0,-386.0,785.0,12:33:59.880854
-64.0,-440.0,984.0,12:33:59.890136
78.0,-607.0,1052.0,12:33:59.900669
41.0,-563.0,1087.0,12:33:59.909997
60.0,-615.0,1033.0,12:33:59.920402
6.0,-531.0,768.0,12:33:59.929694
-55.0,-621.0,910.0,12:33:59.940184
57.0,-542.0,903.0,12:33:59.949436
-23.0,-477.0,893.0,12:33:59.958872
-16.0,-513.0,919.0,12:33:59.969294
-122.0,-452.0,865.0,12:33:59.978667
1.0,-338.0,641.0,12:33:59.989057
62.0,-391.0,877.0,12:33:59.998330
-111.0,-496.0,1013.0,12:34:00.008679
60.0,-510.0,892.0,12:34:00.018126
-47.0,-487.0,928.0,12:34:00.028535
134.0,-549.0,890.0,12:34:00.037867
-96.0,-370.0,759.0,12:34:00.048319
10.0,-580.0,996.0,12:34:00.057736
-85.0,-550.0,1038.0,12:34:00.068154
4.0,-490.0,730.0,12:34:00.077553
-78.0,-528.0,1007.0,12:34:00.087948
87.0,-585.0,916.0,12:34:00.097398
51.0,-659.0,893.0,12:34:00.106711
46.0,-621.0,978.0,12:34:00.117134
-41.0,-587.0,975.0,12:34:00.126556
-16.0,-464.0,922.0,12:34:00.137057
54.0,-434.0,931.0,12:34:00.146353
-90.0,-489.0,801.0,12:34:00.156882
71.0,-401.0,687.0,12:34:00.166290
-66.0,-479.0,1106.0,12:34:00.176725
-157.0,-475.0,1046.0,12:34:00.186042
-5.0,-504.0,915.0,12:34:00.196494
-7.0,-521.0,755.0,12:34:00.205881
55.0,-342.0,1019.0,12:34:00.215099
-30.0,-537.0,1308.0,12:34:00.225670
112.0,-549.0,651.0,12:34:00.234924
24.0,-428.0,676.0,12:34:00.245398
17.0,-364.0,1042.0,12:34:00.254597
102.0,-444.0,972.0,12:34:00.265034
8.0,-569.0,812.0,12:34:00.274366
42.0,-494.0,723.0,12:34:00.284868
-20.0,-517.0,1101.0,12:34:00.294130
71.0,-669.0,1144.0,12:34:00.304597
86.0,-489.0,751.0,12:34:00.313917
-94.0,-474.0,844.0,12:34:00.324426
153.0,-553.0,883.0,12:34:00.333715
99.0,-505.0,831.0,12:34:00.344090
12.0,-534.0,1149.0,12:34:00.353527
-133.0,-447.0,916.0,12:34:00.367371
-50.0,-455.0,850.0,12:34:00.372873
3.0,-433.0,957.0,12:34:00.383404
38.0,-446.0,916.0,12:34:00.392594
-76.0,-526.0,862.0,12:34:00.403096
-75.0,-491.0,1001.0,12:34:00.412332
90.0,-657.0,1135.0,12:34:00.422874
52.0,-586.0,880.0,12:34:00.432173
-31.0,-464.0,782.0,12:34:00.442679
18.0,-437.0,820.0,12:34:00.451974
38.0,-540.0,840.0,12:34:00.462352
-72.0,-285.0,924.0,12:34:00.471639
-55.0,-347.0,888.0,12:34:00.482181
12.0,-468.0,895.0,12:34:00.491486
117.0,-678.0,1184.0,12:34:00.501826
1.0,-605.0,1075.0,12:34:00.511182
158.0,-452.0,662.0,12:34:00.521607
106.0,-462.0,1047.0,12:34:00.530896
77.0,-487.0,866.0,12:34:00.550496
14.0,-384.0,769.0,12:34:00.560934
26.0,-519.0,1056.0,12:34:00.570254
110.0,-369.0,723.0,12:34:00.580732
140.0,-311.0,738.0,12:34:00.590090
-19.0,-334.0,1059.0,12:34:00.600446
123.0,-469.0,865.0,12:34:00.609876
14.0,-473.0,982.0,12:34:00.620253
-59.0,-378.0,1100.0,12:34:00.629588
46.0,-364.0,742.0,12:34:00.640072
50.0,-458.0,860.0,12:34:00.649341
90.0,-362.0,993.0,12:34:00.659801
112.0,-508.0,1078.0,12:34:00.669148
79.0,-437.0,799.0,12:34:00.678425
103.0,-386.0,738.0,12:34:00.688879
178.0,-626.0,1275.0,12:34:00.698219
137.0,-570.0,874.0,12:34:00.708626
89.0,-585.0,763.0,12:34:00.717890
115.0,-640.0,902.0,12:34:00.728275
-94.0,-380.0,1011.0,12:34:00.737781
35.0,-507.0,1147.0,12:34:00.748172
172.0,-506.0,914.0,12:34:00.765351
20.0,-370.0,917.0,12:34:00.769117
-19.0,-378.0,900.0,12:34:00.777268
87.0,-503.0,998.0,12:34:00.787839
77.0,-570.0,936.0,12:34:00.797056
128.0,-609.0,944.0,12:34:00.807523
112.0,-627.0,1074.0,12:34:00.816762
2.0,-313.0,696.0,12:34:00.827238
-92.0,-365.0,850.0,12:34:00.836540
122.0,-566.0,1006.0,12:34:00.846954
-32.0,-479.0,794.0,12:34:00.856257
28.0,-429.0,1052.0,12:34:00.866776
80.0,-491.0,1086.0,12:34:00.876064
67.0,-466.0,767.0,12:34:00.886509
198.0,-500.0,789.0,12:34:00.895836
129.0,-556.0,1170.0,12:34:00.905147
46.0,-580.0,1072.0,12:34:00.915739
191.0,-466.0,962.0,12:34:00.924967
-5.0,-445.0,900.0,12:34:00.935567
72.0,-637.0,899.0,12:34:00.944874
126.0,-467.0,717.0,12:34:00.955342
-49.0,-371.0,1138.0,12:34:00.964679
-63.0,-235.0,1158.0,12:34:00.975179
40.0,-478.0,998.0,12:34:00.984553
127.0,-522.0,914.0,12:34:00.994983
27.0,-492.0,1015.0,12:34:01.004261
139.0,-503.0,934.0,12:34:01.013575
11.0,-467.0,735.0,12:34:01.024063
110.0,-572.0,1002.0,12:34:01.033445
-34.0,-586.0,939.0,12:34:01.043862
196.0,-581.0,739.0,12:34:01.053331
44.0,-544.0,629.0,12:34:01.063798
-12.0,-528.0,910.0,12:34:01.073075
61.0,-566.0,713.0,12:34:01.083537
75.0,-448.0,627.0,12:34:01.092757
-50.0,-510.0,1041.0,12:34:01.103197
-4.0,-480.0,808.0,12:34:01.112482
18.0,-572.0,1095.0,12:34:01.123104
-75.0,-561.0,1068.0,12:34:01.132329
-32.0,-504.0,1026.0,12:34:01.142803
0.0,-597.0,917.0,12:34:01.161262
37.0,-666.0,994.0,12:34:01.171718
-16.0,-520.0,1013.0,12:34:01.181145
-69.0,-439.0,1046.0,12:34:01.191621
65.0,-489.0,913.0,12:34:01.200941
-108.0,-515.0,1047.0,12:34:01.211363
-22.0,-472.0,1003.0,12:34:01.220639
102.0,-418.0,800.0,12:34:01.231261
28.0,-497.0,1055.0,12:34:01.240513
-64.0,-468.0,967.0,12:34:01.250910
10.0,-639.0,1138.0,12:34:01.260148
95.0,-565.0,837.0,12:34:01.270657
-61.0,-404.0,802.0,12:34:01.279988
-119.0,-456.0,720.0,12:34:01.290494
114.0,-479.0,778.0,12:34:01.299748
69.0,-476.0,956.0,12:34:01.310282
64.0,-540.0,905.0,12:34:01.319504
-57.0,-542.0,649.0,12:34:01.330042
-12.0,-587.0,987.0,12:34:01.339270
-69.0,-544.0,1152.0,12:34:01.349765
73.0,-566.0,744.0,12:34:01.359019
-48.0,-478.0,874.0,12:34:01.369423
27.0,-543.0,1100.0,12:34:01.378910
50.0,-623.0,877.0,12:34:01.388142
18.0,-552.0,820.0,12:34:01.398594
-141.0,-367.0,991.0,12:34:01.408982
-96.0,-463.0,936.0,12:34:01.424225
-76.0,-401.0,946.0,12:34:01.432578
73.0,-530.0,1081.0,12:34:01.438760
-61.0,-429.0,1073.0,12:34:01.450765
-63.0,-340.0,784.0,12:34:01.461771
63.0,-516.0,1122.0,12:34:01.467859
-98.0,-505.0,1190.0,12:34:01.477116
100.0,-538.0,729.0,12:34:01.487531
-94.0,-386.0,668.0,12:34:01.496905
-77.0,-380.0,1023.0,12:34:01.507403
11.0,-492.0,1030.0,12:34:01.516820
101.0,-589.0,718.0,12:34:01.527192
0.0,-634.0,771.0,12:34:01.536672
94.0,-465.0,788.0,12:34:01.546992
64.0,-481.0,1057.0,12:34:01.556299
77.0,-500.0,833.0,12:34:01.569420
-10.0,-438.0,545.0,12:34:01.576514
106.0,-460.0,866.0,12:34:01.585921
135.0,-321.0,912.0,12:34:01.596275
-29.0,-346.0,965.0,12:34:01.605731
-87.0,-450.0,911.0,12:34:01.615019
41.0,-367.0,830.0,12:34:01.625445
35.0,-509.0,1068.0,12:34:01.634743
-76.0,-523.0,1233.0,12:34:01.645135
25.0,-804.0,1104.0,12:34:01.654571
161.0,-822.0,979.0,12:34:01.664992
45.0,-470.0,988.0,12:34:01.674297
-71.0,-422.0,1153.0,12:34:01.684667
67.0,-523.0,812.0,12:34:01.694042
2.0,-494.0,635.0,12:34:01.704487
19.0,-473.0,916.0,12:34:01.713799
-72.0,-411.0,862.0,12:34:01.724166
-3.0,-378.0,969.0,12:34:01.733625
8.0,-455.0,1075.0,12:34:01.743995
53.0,-396.0,841.0,12:34:01.753359
89.0,-409.0,825.0,12:34:01.763847
-78.0,-493.0,1032.0,12:34:01.773149
-23.0,-561.0,957.0,12:34:01.783556
30.0,-410.0,873.0,12:34:01.792854
21.0,-446.0,702.0,12:34:01.803273
-71.0,-414.0,887.0,12:34:01.812569
-24.0,-508.0,1039.0,12:34:01.821975
-71.0,-440.0,927.0,12:34:01.832351
134.0,-489.0,759.0,12:34:01.841667
-3.0,-480.0,741.0,12:34:01.852130
108.0,-546.0,1019.0,12:34:01.861449
37.0,-558.0,1147.0,12:34:01.871827
119.0,-548.0,1099.0,12:34:01.881234
134.0,-498.0,757.0,12:34:01.891696
25.0,-420.0,861.0,12:34:01.901062
-12.0,-424.0,1163.0,12:34:01.920657
-30.0,-533.0,1001.0,12:34:01.931131
139.0,-485.0,772.0,12:34:01.940490
-33.0,-527.0,1066.0,12:34:01.950116
116.0,-422.0,924.0,12:34:01.960646
-6.0,-393.0,638.0,12:34:01.970072
47.0,-575.0,881.0,12:34:01.980033
229.0,-526.0,819.0,12:34:01.990452
8.0,-407.0,760.0,12:34:02.000005
83.0,-319.0,883.0,12:34:02.009213
61.0,-511.0,1074.0,12:34:02.019672
57.0,-510.0,874.0,12:34:02.028994
71.0,-397.0,760.0,12:34:02.039477
-14.0,-482.0,999.0,12:34:02.048848
-67.0,-599.0,1267.0,12:34:02.059291
10.0,-648.0,1070.0,12:34:02.068578
54.0,-651.0,693.0,12:34:02.079030
36.0,-654.0,727.0,12:34:02.088321
86.0,-477.0,944.0,12:34:02.098787
25.0,-412.0,1070.0,12:34:02.108086
-24.0,-647.0,690.0,12:34:02.118539
-46.0,-325.0,1293.0,12:34:02.138026
11.0,-401.0,1221.0,12:34:02.147408
-48.0,-474.0,753.0,12:34:02.157842
116.0,-510.0,926.0,12:34:02.167172
6.0,-490.0,1292.0,12:34:02.177527
51.0,-454.0,1002.0,12:34:02.186831
-71.0,-563.0,722.0,12:34:02.197208
-59.0,-627.0,982.0,12:34:02.206570
87.0,-572.0,939.0,12:34:02.217094
84.0,-498.0,844.0,12:34:02.226498
-2.0,-497.0,852.0,12:34:02.236857
53.0,-375.0,712.0,12:34:02.246108
6.0,-377.0,860.0,12:34:02.256603
-100.0,-511.0,1015.0,12:34:02.265852
-15.0,-485.0,805.0,12:34:02.276346
44.0,-621.0,847.0,12:34:02.285653
-141.0,-540.0,888.0,12:34:02.296108
-38.0,-532.0,927.0,12:34:02.305350
90.0,-647.0,961.0,12:34:02.315777
-60.0,-556.0,889.0,12:34:02.325028
-57.0,-427.0,864.0,12:34:02.335624
42.0,-546.0,933.0,12:34:02.344873
-116.0,-549.0,966.0,12:34:02.355256
-4.0,-610.0,1022.0,12:34:02.364643
-45.0,-559.0,1161.0,12:34:02.374028
79.0,-505.0,759.0,12:34:02.384530
-29.0,-382.0,809.0,12:34:02.393834
-97.0,-364.0,1034.0,12:34:02.404304
-194.0,-449.0,1290.0,12:34:02.413694
28.0,-536.0,852.0,12:34:02.424180
-110.0,-558.0,1022.0,12:34:02.433462
-199.0,-470.0,1165.0,12:34:02.444038
33.0,-489.0,653.0,12:34:02.453397
132.0,-645.0,829.0,12:34:02.462716
60.0,-600.0,1022.0,12:34:02.473245
121.0,-561.0,688.0,12:34:02.492754
-47.0,-479.0,741.0,12:34:02.503183
-22.0,-502.0,790.0,12:34:02.512462
-20.0,-415.0,789.0,12:34:02.521811
-100.0,-314.0,744.0,12:34:02.532319
113.0,-412.0,999.0,12:34:02.541600
-71.0,-437.0,1095.0,12:34:02.552010
30.0,-574.0,1062.0,12:34:02.561311
29.0,-469.0,967.0,12:34:02.571729
-84.0,-477.0,1029.0,12:34:02.581030
203.0,-656.0,1025.0,12:34:02.591572
-23.0,-615.0,785.0,12:34:02.600795
128.0,-544.0,800.0,12:34:02.611245
-163.0,-521.0,1059.0,12:34:02.620510
16.0,-527.0,925.0,12:34:02.631147
-85.0,-477.0,870.0,12:34:02.640375
-66.0,-456.0,823.0,12:34:02.650795
22.0,-570.0,1034.0,12:34:02.660142
-68.0,-537.0,978.0,12:34:02.670775
9.0,-410.0,886.0,12:34:02.680160
98.0,-530.0,874.0,12:34:02.689523
57.0,-428.0,1062.0,12:34:02.699939
111.0,-560.0,1076.0,12:34:02.709300
-32.0,-461.0,867.0,12:34:02.719738
63.0,-399.0,831.0,12:34:02.728966
-37.0,-436.0,1105.0,12:34:02.739489
30.0,-537.0,827.0,12:34:02.748931
182.0,-614.0,775.0,12:34:02.759348
-22.0,-594.0,1000.0,12:34:02.772404
22.0,-624.0,991.0,12:34:02.778994
35.0,-569.0,716.0,12:34:02.788347
-23.0,-457.0,709.0,12:34:02.798853
-129.0,-414.0,1057.0,12:34:02.808107
45.0,-442.0,1022.0,12:34:02.818505
48.0,-461.0,810.0,12:34:02.827889
44.0,-530.0,825.0,12:34:02.838319
-17.0,-561.0,967.0,12:34:02.847696
53.0,-367.0,981.0,12:34:02.858142
-68.0,-421.0,1057.0,12:34:02.867430
-19.0,-459.0,879.0,12:34:02.877833
23.0,-538.0,893.0,12:34:02.887192
33.0,-540.0,995.0,12:34:02.896657
108.0,-498.0,975.0,12:34:02.907174
-30.0,-457.0,801.0,12:34:02.916553
-21.0,-461.0,1050.0,12:34:02.926916
-46.0,-533.0,945.0,12:34:02.936286
-19.0,-514.0,759.0,12:34:02.945735
154.0,-601.0,810.0,12:34:02.956182
-58.0,-556.0,1031.0,12:34:02.965481
-96.0,-453.0,862.0,12:34:02.976053
7.0,-522.0,678.0,12:34:02.985302
28.0,-466.0,871.0,12:34:02.995806
-78.0,-390.0,1071.0,12:34:03.005114
29.0,-418.0,853.0,12:34:03.015670
45.0,-514.0,709.0,12:34:03.024915
-52.0,-451.0,929.0,12:34:03.035320
109.0,-464.0,1030.0,12:34:03.044674
78.0,-358.0,949.0,12:34:03.055127
45.0,-494.0,914.0,12:34:03.064482
104.0,-472.0,984.0,12:34:03.074867
15.0,-456.0,975.0,12:34:03.084284
85.0,-490.0,948.0,12:34:03.094611
11.0,-522.0,931.0,12:34:03.104000
-22.0,-506.0,957.0,12:34:03.113324
30.0,-590.0,948.0,12:34:03.123792
130.0,-601.0,828.0,12:34:03.133033
11.0,-495.0,851.0,12:34:03.143503
90.0,-465.0,986.0,12:34:03.152749
168.0,-432.0,930.0,12:34:03.163233
27.0,-384.0,730.0,12:34:03.175637
76.0,-393.0,953.0,12:34:03.182356
-135.0,-224.0,1047.0,12:34:03.192752
110.0,-387.0,963.0,12:34:03.201983
-15.0,-391.0,1086.0,12:34:03.212416
71.0,-477.0,1083.0,12:34:03.221756
55.0,-498.0,1067.0,12:34:03.232254
134.0,-607.0,997.0,12:34:03.241547
135.0,-538.0,936.0,12:34:03.252050
40.0,-517.0,1097.0,12:34:03.261293
-13.0,-604.0,970.0,12:34:03.271731
81.0,-606.0,884.0,12:34:03.281081
31.0,-600.0,916.0,12:34:03.291551
-3.0,-530.0,912.0,12:34:03.300786
182.0,-462.0,930.0,12:34:03.311341
118.0,-436.0,797.0,12:34:03.320581
49.0,-375.0,799.0,12:34:03.331162
114.0,-387.0,946.0,12:34:03.340408
93.0,-389.0,896.0,12:34:03.350898
101.0,-386.0,873.0,12:34:03.360147
94.0,-459.0,819.0,12:34:03.369652
140.0,-449.0,844.0,12:34:03.380108
13.0,-416.0,1023.0,12:34:03.389405
123.0,-452.0,934.0,12:34:03.399807
69.0,-510.0,894.0,12:34:03.409113
40.0,-488.0,1016.0,12:34:03.419499
121.0,-530.0,902.0,12:34:03.428865
163.0,-467.0,714.0,12:34:03.439348
52.0,-455.0,919.0,12:34:03.448731
-32.0,-599.0,1044.0,12:34:03.459119
107.0,-618.0,831.0,12:34:03.468464
-13.0,-490.0,781.0,12:34:03.478985
-82.0,-464.0,1002.0,12:34:03.488245
2.0,-462.0,916.0,12:34:03.498757
-83.0,-479.0,874.0,12:34:03.508005
75.0,-556.0,989.0,12:34:03.518480
-94.0,-451.0,1065.0,12:34:03.527833
80.0,-465.0,906.0,12:34:03.538311
-15.0,-516.0,1041.0,12:34:03.547546
162.0,-563.0,933.0,12:34:03.556871
69.0,-430.0,843.0,12:34:03.567249
14.0,-500.0,912.0,12:34:03.577758
126.0,-431.0,1014.0,12:34:03.586972
50.0,-403.0,883.0,12:34:03.596307
24.0,-463.0,954.0,12:34:03.606801
244.0,-495.0,931.0,12:34:03.616055
75.0,-470.0,845.0,12:34:03.626613
279.0,-488.0,917.0,12:34:03.635908
218.0,-526.0,926.0,12:34:03.646300
119.0,-468.0,844.0,12:34:03.655627
116.0,-555.0,900.0,12:34:03.666093
190.0,-572.0,892.0,12:34:03.675298
232.0,-487.0,733.0,12:34:03.685813
-25.0,-437.0,782.0,12:34:03.695093
-41.0,-474.0,922.0,12:34:03.705655
91.0,-470.0,1083.0,12:34:03.714935
-76.0,-440.0,979.0,12:34:03.725354
6.0,-403.0,859.0,12:34:03.734617
-78.0,-441.0,967.0,12:34:03.745168
-41.0,-468.0,954.0,12:34:03.754479
101.0,-639.0,1041.0,12:34:03.764920
-110.0,-600.0,967.0,12:34:03.774157
69.0,-540.0,848.0,12:34:03.784725
-122.0,-462.0,880.0,12:34:03.793924
23.0,-635.0,1043.0,12:34:03.803424
-45.0,-568.0,940.0,12:34:03.813838
-65.0,-492.0,731.0,12:34:03.823209
-90.0,-516.0,1028.0,12:34:03.833685
-75.0,-565.0,994.0,12:34:03.843044
-52.0,-635.0,834.0,12:34:03.853458
-41.0,-506.0,683.0,12:34:03.862791
-39.0,-594.0,956.0,12:34:03.873162
-65.0,-492.0,1036.0,12:34:03.882412
54.0,-488.0,723.0,12:34:03.892873
76.0,-566.0,646.0,12:34:03.902288
90.0,-556.0,907.0,12:34:03.912661
14.0,-453.0,952.0,12:34:03.921924
133.0,-416.0,790.0,12:34:03.932437
121.0,-484.0,831.0,12:34:03.941690
15.0,-509.0,949.0,12:34:03.951205
95.0,-544.0,964.0,12:34:03.961529
14.0,-483.0,1031.0,12:34:03.975184
-68.0,-451.0,1043.0,12:34:03.981121
-17.0,-546.0,948.0,12:34:03.991579
80.0,-570.0,854.0,12:34:04.001045
-64.0,-457.0,977.0,12:34:04.011446
-33.0,-494.0,847.0,12:34:04.020866
-21.0,-471.0,1052.0,12:34:04.030218
-164.0,-472.0,1063.0,12:34:04.040695
-50.0,-516.0,1034.0,12:34:04.050019
-30.0,-524.0,945.0,12:34:04.060497
-69.0,-502.0,1019.0,12:34:04.069812
11.0,-482.0,997.0,12:34:04.080233
-13.0,-514.0,921.0,12:34:04.089442
65.0,-449.0,744.0,12:34:04.099982
-30.0,-377.0,805.0,12:34:04.109223
189.0,-463.0,855.0,12:34:04.119625
15.0,-356.0,725.0,12:34:04.128963
6.0,-352.0,641.0,12:34:04.139465
69.0,-324.0,678.0,12:34:04.148674
5.0,-290.0,628.0,12:34:04.159044
72.0,-380.0,1021.0,12:34:04.168440
-54.0,-354.0,1065.0,12:34:04.178931
53.0,-204.0,678.0,12:34:04.188253
61.0,-396.0,840.0,12:34:04.198698
40.0,-328.0,912.0,12:34:04.208017
18.0,-540.0,1263.0,12:34:04.218374
-71.0,-543.0,1324.0,12:34:04.227828
88.0,-539.0,1062.0,12:34:04.237069
72.0,-480.0,1000.0,12:34:04.247557
107.0,-643.0,1150.0,12:34:04.256810
122.0,-425.0,542.0,12:34:04.267328
58.0,-363.0,747.0,12:34:04.276641
-45.0,-448.0,1155.0,12:34:04.287283
114.0,-500.0,865.0,12:34:04.296666
110.0,-644.0,989.0,12:34:04.306043
-3.0,-683.0,1224.0,12:34:04.316600
82.0,-577.0,1000.0,12:34:04.325935
92.0,-265.0,691.0,12:34:04.336323
69.0,-328.0,938.0,12:34:04.345680
166.0,-421.0,959.0,12:34:04.356188
135.0,-524.0,730.0,12:34:04.365457
99.0,-557.0,881.0,12:34:04.376436
109.0,-707.0,1277.0,12:34:04.385781
116.0,-746.0,1105.0,12:34:04.395036
88.0,-736.0,834.0,12:34:04.405553
188.0,-687.0,709.0,12:34:04.414868
190.0,-478.0,651.0,12:34:04.425346
54.0,-569.0,864.0,12:34:04.434679
246.0,-630.0,922.0,12:34:04.444104
-6.0,-648.0,1061.0,12:34:04.454546
77.0,-856.0,2047.0,12:34:04.463950
-93.0,-836.0,1583.0,12:34:04.474315
268.0,-626.0,1013.0,12:34:04.483644
-31.0,-549.0,1300.0,12:34:04.494104
208.0,-472.0,1162.0,12:34:04.503515
171.0,-852.0,1445.0,12:34:04.513901
-173.0,-981.0,2047.0,12:34:04.523292
100.0,-807.0,1763.0,12:34:04.533655
-23.0,-725.0,1016.0,12:34:04.542977
321.0,-651.0,746.0,12:34:04.553447
75.0,-674.0,1579.0,12:34:04.562761
-274.0,-640.0,1318.0,12:34:04.573169
-207.0,-627.0,1348.0,12:34:04.582497
-170.0,-563.0,885.0,12:34:04.592971
-89.0,-420.0,516.0,12:34:04.602321
-55.0,-318.0,562.0,12:34:04.611613
211.0,-268.0,517.0,12:34:04.622006
284.0,-295.0,753.0,12:34:04.632461
399.0,-276.0,619.0,12:34:04.641752
567.0,-184.0,416.0,12:34:04.651054
356.0,-219.0,508.0,12:34:04.661457
227.0,-338.0,594.0,12:34:04.670867
194.0,-171.0,692.0,12:34:04.681301
27.0,-76.0,1029.0,12:34:04.690562
68.0,-87.0,807.0,12:34:04.701058
19.0,-331.0,623.0,12:34:04.710404
56.0,-342.0,720.0,12:34:04.720798
31.0,-117.0,877.0,12:34:04.730137
-16.0,82.0,1152.0,12:34:04.740561
118.0,-511.0,1318.0,12:34:04.750147
-113.0,-395.0,1044.0,12:34:04.760568
-222.0,-254.0,1036.0,12:34:04.769985
-130.0,-473.0,1595.0,12:34:04.779320
-81.0,-795.0,1719.0,12:34:04.790025
127.0,-848.0,1214.0,12:34:04.799249
82.0,-629.0,916.0,12:34:04.809790
23.0,-186.0,624.0,12:34:04.819038
121.0,-492.0,969.0,12:34:04.829517
367.0,-1096.0,807.0,12:34:04.838901
369.0,-1266.0,511.0,12:34:04.848226
133.0,-1028.0,538.0,12:34:04.858595
33.0,-623.0,420.0,12:34:04.867934
203.0,-751.0,319.0,12:34:04.878307
240.0,-807.0,2.0,12:34:04.887707
145.0,-930.0,123.0,12:34:04.898071
-68.0,-587.0,578.0,12:34:04.907443
-52.0,-544.0,933.0,12:34:04.917832
70.0,-649.0,574.0,12:34:04.927200
-2.0,-461.0,623.0,12:34:04.937722
-146.0,-133.0,1129.0,12:34:04.947039
-49.0,-366.0,1643.0,12:34:04.957435
-168.0,-268.0,1651.0,12:34:04.966797
-97.0,-415.0,1066.0,12:34:04.977183
-63.0,-188.0,374.0,12:34:04.986735
35.0,97.0,687.0,12:34:04.997127
-374.0,666.0,1806.0,12:34:05.006289
-279.0,695.0,1842.0,12:34:05.016798
-510.0,494.0,1206.0,12:34:05.026051
175.0,1526.0,1189.0,12:34:05.036482
-120.0,-367.0,1802.0,12:34:05.045737
21.0,-617.0,1650.0,12:34:05.056213
-82.0,-532.0,1372.0,12:34:05.065626
40.0,-596.0,1274.0,12:34:05.074903
252.0,-782.0,973.0,12:34:05.085284
284.0,-724.0,420.0,12:34:05.095775
111.0,-562.0,389.0,12:34:05.105036
128.0,-720.0,711.0,12:34:05.114376
155.0,-775.0,621.0,12:34:05.124728
188.0,-893.0,422.0,12:34:05.134153
124.0,-913.0,472.0,12:34:05.144541
116.0,-872.0,632.0,12:34:05.153843
213.0,-805.0,527.0,12:34:05.164296
177.0,-786.0,722.0,12:34:05.177897
251.0,-892.0,712.0,12:34:05.183892
201.0,-706.0,475.0,12:34:05.194294
23.0,-670.0,692.0,12:34:05.203647
115.0,-683.0,1021.0,12:34:05.214019
63.0,-574.0,831.0,12:34:05.223520
-13.0,-566.0,839.0,12:34:05.232744
9.0,-529.0,925.0,12:34:05.243213
91.0,-458.0,840.0,12:34:05.252447
-111.0,-373.0,1126.0,12:34:05.263064
-70.0,-189.0,1124.0,12:34:05.272322
41.0,-288.0,1069.0,12:34:05.282777
-125.0,-306.0,1025.0,12:34:05.292088
-126.0,-230.0,1094.0,12:34:05.302563
-65.0,-234.0,1409.0,12:34:05.311865
-2.0,-301.0,1329.0,12:34:05.322335
252.0,-576.0,1137.0,12:34:05.331675
78.0,-254.0,1140.0,12:34:05.341094
-6.0,-117.0,1111.0,12:34:05.351522
-48.0,-109.0,1285.0,12:34:05.360817
-81.0,-262.0,1011.0,12:34:05.371282
-80.0,-365.0,969.0,12:34:05.380647
20.0,-451.0,1049.0,12:34:05.391129
4.0,-342.0,1034.0,12:34:05.400445
-59.0,-208.0,1165.0,12:34:05.410980
-51.0,-210.0,954.0,12:34:05.420265
-23.0,-368.0,781.0,12:34:05.430795
6.0,-548.0,719.0,12:34:05.440053
-129.0,-502.0,1048.0,12:34:05.450519
-202.0,-465.0,1288.0,12:34:05.459822
-21.0,-649.0,822.0,12:34:05.479288
67.0,-718.0,761.0,12:34:05.489814
83.0,-464.0,795.0,12:34:05.499015
-9.0,-395.0,940.0,12:34:05.509495
64.0,-474.0,883.0,12:34:05.518869
93.0,-491.0,594.0,12:34:05.529330
8.0,-366.0,614.0,12:34:05.538556
30.0,-242.0,796.0,12:34:05.548955
23.0,-261.0,923.0,12:34:05.558318
-49.0,-414.0,900.0,12:34:05.568856
-55.0,-492.0,742.0,12:34:05.579432
-64.0,-517.0,688.0,12:34:05.587823
-79.0,-431.0,763.0,12:34:05.598230
-47.0,-439.0,805.0,12:34:05.607640
-90.0,-453.0,681.0,12:34:05.618050
-108.0,-495.0,651.0,12:34:05.627380
23.0,-536.0,737.0,12:34:05.637824
127.0,-700.0,1172.0,12:34:05.647238
83.0,-748.0,1296.0,12:34:05.656627
95.0,-734.0,1063.0,12:34:05.667119
162.0,-595.0,829.0,12:34:05.676331
108.0,-588.0,834.0,12:34:05.687042
-86.0,-435.0,910.0,12:34:05.696346
-109.0,-462.0,999.0,12:34:05.705798
-121.0,-429.0,902.0,12:34:05.716172
-180.0,-414.0,776.0,12:34:05.725560
-149.0,-427.0,788.0,12:34:05.735957
-32.0,-453.0,949.0,12:34:05.745383
50.0,-544.0,1154.0,12:34:05.755829
48.0,-594.0,1171.0,12:34:05.765164
52.0,-633.0,1097.0,12:34:05.775705
113.0,-656.0,1055.0,12:34:05.785004
191.0,-669.0,1009.0,12:34:05.795450
142.0,-634.0,963.0,12:34:05.804874
66.0,-507.0,872.0,12:34:05.815277
85.0,-409.0,799.0,12:34:05.824667
115.0,-401.0,807.0,12:34:05.834032
97.0,-388.0,722.0,12:34:05.844552
55.0,-401.0,740.0,12:34:05.853855
25.0,-430.0,882.0,12:34:05.864236
38.0,-452.0,985.0,12:34:05.873589
-26.0,-448.0,1000.0,12:34:05.883978
-72.0,-482.0,970.0,12:34:05.893382
-45.0,-519.0,994.0,12:34:05.903763
5.0,-572.0,1021.0,12:34:05.913186
-15.0,-588.0,1028.0,12:34:05.923522
-66.0,-549.0,935.0,12:34:05.932832
-35.0,-540.0,819.0,12:34:05.943382
-10.0,-503.0,760.0,12:34:05.952715
-72.0,-492.0,776.0,12:34:05.963179
-82.0,-522.0,829.0,12:34:05.972469
-103.0,-602.0,934.0,12:34:05.981743
-143.0,-544.0,1011.0,12:34:05.992327
-141.0,-500.0,926.0,12:34:06.001565
-80.0,-578.0,806.0,12:34:06.012010
24.0,-677.0,830.0,12:34:06.021278
115.0,-724.0,970.0,12:34:06.031787
172.0,-693.0,1144.0,12:34:06.041101
207.0,-627.0,1034.0,12:34:06.051551
285.0,-674.0,874.0,12:34:06.060862
276.0,-655.0,774.0,12:34:06.071258
217.0,-600.0,780.0,12:34:06.080547
148.0,-579.0,888.0,12:34:06.091062
40.0,-585.0,902.0,12:34:06.100361
38.0,-606.0,761.0,12:34:06.110761
34.0,-566.0,687.0,12:34:06.120157
-25.0,-600.0,770.0,12:34:06.130592
-27.0,-632.0,883.0,12:34:06.140144
-47.0,-615.0,956.0,12:34:06.149428
-54.0,-644.0,916.0,12:34:06.159971
-30.0,-633.0,873.0,12:34:06.169334
-68.0,-592.0,930.0,12:34:06.179983
-110.0,-559.0,902.0,12:34:06.189280
-149.0,-550.0,834.0,12:34:06.198637
-172.0,-572.0,809.0,12:34:06.209003
-144.0,-582.0,844.0,12:34:06.218372
-218.0,-550.0,884.0,12:34:06.228840
-203.0,-554.0,945.0,12:34:06.238157
-202.0,-537.0,885.0,12:34:06.248576
-118.0,-557.0,856.0,12:34:06.257946
-142.0,-525.0,913.0,12:34:06.268333
-198.0,-506.0,961.0,12:34:06.277744
-122.0,-499.0,963.0,12:34:06.288203
-59.0,-518.0,944.0,12:34:06.297629
-89.0,-478.0,969.0,12:34:06.308099
-94.0,-421.0,963.0,12:34:06.317469
-26.0,-397.0,932.0,12:34:06.326755
73.0,-426.0,898.0,12:34:06.337288
99.0,-435.0,844.0,12:34:06.346688
98.0,-458.0,892.0,12:34:06.357080
107.0,-463.0,965.0,12:34:06.366520
69.0,-456.0,947.0,12:34:06.380999
22.0,-501.0,872.0,12:34:06.386235
-39.0,-507.0,800.0,12:34:06.396693
-49.0,-482.0,859.0,12:34:06.405930
-39.0,-447.0,892.0,12:34:06.416480
-82.0,-450.0,842.0,12:34:06.425703
-74.0,-478.0,722.0,12:34:06.436140
-45.0,-557.0,759.0,12:34:06.445389
-17.0,-564.0,851.0,12:34:06.455912
-21.0,-566.0,926.0,12:34:06.465176
-39.0,-597.0,935.0,12:34:06.475766
5.0,-620.0,890.0,12:34:06.485027
25.0,-571.0,841.0,12:34:06.494351
44.0,-502.0,916.0,12:34:06.504727
18.0,-497.0,993.0,12:34:06.514159
26.0,-515.0,881.0,12:34:06.524532
39.0,-594.0,787.0,12:34:06.533854
12.0,-521.0,837.0,12:34:06.544335
35.0,-508.0,1026.0,12:34:06.553592
32.0,-487.0,1126.0,12:34:06.563989
37.0,-473.0,1101.0,12:34:06.573393
57.0,-457.0,987.0,12:34:06.583856
65.0,-427.0,933.0,12:34:06.593098
7.0,-381.0,952.0,12:34:06.603632
-38.0,-418.0,1033.0,12:34:06.612957
-100.0,-430.0,1115.0,12:34:06.623563
-114.0,-383.0,1050.0,12:34:06.632814
-107.0,-365.0,915.0,12:34:06.642316
-81.0,-415.0,787.0,12:34:06.652779
-73.0,-518.0,770.0,12:34:06.662237
-60.0,-609.0,919.0,12:34:06.672658
-63.0,-657.0,990.0,12:34:06.682117
-46.0,-714.0,1029.0,12:34:06.692476
-64.0,-755.0,973.0,12:34:06.701828
-13.0,-700.0,758.0,12:34:06.712291
30.0,-681.0,831.0,12:34:06.721650
88.0,-623.0,835.0,12:34:06.730971
135.0,-597.0,745.0,12:34:06.741388
169.0,-655.0,657.0,12:34:06.750658
190.0,-695.0,610.0,12:34:06.761225
216.0,-788.0,600.0,12:34:06.770505
148.0,-816.0,735.0,12:34:06.783071
84.0,-579.0,954.0,12:34:06.790328
16.0,-392.0,816.0,12:34:06.800817
-65.0,-513.0,654.0,12:34:06.810106
-50.0,-689.0,927.0,12:34:06.820481
-79.0,-725.0,1407.0,12:34:06.829740
-51.0,-646.0,1428.0,12:34:06.840217
-13.0,-500.0,822.0,12:34:06.849495
15.0,-481.0,503.0,12:34:06.860081
130.0,-555.0,607.0,12:34:06.869334
75.0,-486.0,834.0,12:34:06.879759
-11.0,-349.0,1053.0,12:34:06.889039
-44.0,-383.0,1014.0,12:34:06.899613
27.0,-503.0,746.0,12:34:06.908986
46.0,-524.0,661.0,12:34:06.918309
-48.0,-507.0,906.0,12:34:06.928641
-17.0,-491.0,1145.0,12:34:06.937962
50.0,-614.0,1157.0,12:34:06.948423
47.0,-666.0,891.0,12:34:06.957825
52.0,-622.0,756.0,12:34:06.968216
72.0,-482.0,823.0,12:34:06.977504
49.0,-420.0,965.0,12:34:06.987916
27.0,-513.0,1068.0,12:34:06.997279
39.0,-497.0,891.0,12:34:07.007768
-7.0,-445.0,892.0,12:34:07.017076
32.0,-368.0,908.0,12:34:07.027545
-14.0,-350.0,882.0,12:34:07.036960
-30.0,-408.0,870.0,12:34:07.047372
-5.0,-435.0,895.0,12:34:07.056772
-43.0,-408.0,908.0,12:34:07.066074
-82.0,-436.0,956.0,12:34:07.076587
-109.0,-467.0,971.0,12:34:07.085892
-102.0,-541.0,1008.0,12:34:07.096284
-125.0,-489.0,979.0,12:34:07.105707
-139.0,-553.0,1101.0,12:34:07.116232
-126.0,-565.0,1106.0,12:34:07.125717
-68.0,-516.0,946.0,12:34:07.136102
-49.0,-521.0,936.0,12:34:07.145513
8.0,-519.0,957.0,12:34:07.154777
20.0,-493.0,941.0,12:34:07.165230
57.0,-477.0,931.0,12:34:07.174529
50.0,-480.0,882.0,12:34:07.185066
37.0,-504.0,864.0,12:34:07.194419
23.0,-543.0,978.0,12:34:07.204873
-7.0,-535.0,1031.0,12:34:07.214122
38.0,-598.0,963.0,12:34:07.233768
68.0,-555.0,843.0,12:34:07.244247
101.0,-494.0,810.0,12:34:07.253592
102.0,-457.0,861.0,12:34:07.264065
108.0,-478.0,783.0,12:34:07.283642
70.0,-507.0,785.0,12:34:07.292927
-42.0,-519.0,887.0,12:34:07.312554
-144.0,-513.0,905.0,12:34:07.322897
-206.0,-543.0,899.0,12:34:07.332369
-234.0,-531.0,863.0,12:34:07.342804
-194.0,-523.0,849.0,12:34:07.352088
-177.0,-579.0,945.0,12:34:07.362512
-133.0,-597.0,995.0,12:34:07.371876
-64.0,-602.0,894.0,12:34:07.382238
-39.0,-558.0,822.0,12:34:07.391630
-15.0,-574.0,847.0,12:34:07.402060
-45.0,-560.0,852.0,12:34:07.411477
-32.0,-540.0,831.0,12:34:07.421859
-98.0,-516.0,829.0,12:34:07.431159
-143.0,-549.0,885.0,12:34:07.441589
-125.0,-562.0,908.0,12:34:07.450933
-97.0,-552.0,859.0,12:34:07.461367
-49.0,-527.0,836.0,12:34:07.470664
-30.0,-544.0,841.0,12:34:07.481172
-38.0,-503.0,878.0,12:34:07.490505
3.0,-506.0,865.0,12:34:07.499876
-47.0,-501.0,892.0,12:34:07.510413
-77.0,-532.0,1012.0,12:34:07.519697
-79.0,-541.0,1107.0,12:34:07.530265
-130.0,-560.0,1009.0,12:34:07.539637
-76.0,-532.0,888.0,12:34:07.550046
21.0,-487.0,881.0,12:34:07.559438
96.0,-406.0,853.0,12:34:07.568869
133.0,-442.0,887.0,12:34:07.584905
26.0,-414.0,893.0,12:34:07.588593
-2.0,-446.0,1024.0,12:34:07.599047
-57.0,-406.0,1068.0,12:34:07.608448
-98.0,-412.0,1019.0,12:34:07.618950
-56.0,-485.0,963.0,12:34:07.628250
-20.0,-572.0,1021.0,12:34:07.638798
16.0,-573.0,1067.0,12:34:07.648164
-29.0,-425.0,948.0,12:34:07.658504
-46.0,-382.0,830.0,12:34:07.667855
-16.0,-441.0,825.0,12:34:07.678207
3.0,-458.0,728.0,12:34:07.687663
-30.0,-445.0,822.0,12:34:07.696967
-72.0,-403.0,1100.0,12:34:07.707416
6.0,-398.0,1125.0,12:34:07.716684
-43.0,-391.0,946.0,12:34:07.727203
-20.0,-464.0,879.0,12:34:07.736506
86.0,-502.0,891.0,12:34:07.746944
33.0,-466.0,1017.0,12:34:07.756178
-44.0,-476.0,1029.0,12:34:07.766696
-73.0,-567.0,942.0,12:34:07.775952
-72.0,-590.0,915.0,12:34:07.786318
-67.0,-528.0,934.0,12:34:07.795785
-97.0,-472.0,881.0,12:34:07.806210
-68.0,-493.0,806.0,12:34:07.815532
36.0,-620.0,826.0,12:34:07.826003
71.0,-584.0,896.0,12:34:07.835264
32.0,-476.0,1016.0,12:34:07.845705
17.0,-433.0,950.0,12:34:07.855062
19.0,-439.0,802.0,12:34:07.865490
28.0,-514.0,898.0,12:34:07.874784
-24.0,-500.0,1048.0,12:34:07.885182
-10.0,-395.0,1002.0,12:34:07.894564
-88.0,-383.0,865.0,12:34:07.905007
-28.0,-513.0,844.0,12:34:07.914339
7.0,-556.0,876.0,12:34:07.924699
-9.0,-505.0,982.0,12:34:07.934021
-25.0,-469.0,1015.0,12:34:07.943378
-18.0,-527.0,929.0,12:34:07.954010
4.0,-540.0,836.0,12:34:07.963398
23.0,-565.0,829.0,12:34:07.973862
21.0,-543.0,942.0,12:34:07.986518
32.0,-484.0,974.0,12:34:07.993722
31.0,-473.0,868.0,12:34:08.003113
86.0,-517.0,781.0,12:34:08.012374
78.0,-487.0,834.0,12:34:08.022925
27.0,-462.0,908.0,12:34:08.032348
6.0,-467.0,884.0,12:34:08.042716
-21.0,-524.0,886.0,12:34:08.052056
-7.0,-547.0,893.0,12:34:08.062454
-21.0,-555.0,969.0,12:34:08.071825
-69.0,-562.0,1061.0,12:34:08.082304
-93.0,-537.0,993.0,12:34:08.091597
-70.0,-568.0,975.0,12:34:08.111399
-87.0,-550.0,962.0,12:34:08.121733
-118.0,-513.0,935.0,12:34:08.131166
-136.0,-570.0,1037.0,12:34:08.141566
-128.0,-559.0,931.0,12:34:08.160073
-114.0,-542.0,922.0,12:34:08.170611
-48.0,-540.0,891.0,12:34:08.180095
-32.0,-543.0,842.0,12:34:08.190560
-41.0,-526.0,768.0,12:34:08.199824
-38.0,-509.0,815.0,12:34:08.210229
-26.0,-531.0,875.0,12:34:08.219470
-57.0,-569.0,956.0,12:34:08.230057
-100.0,-582.0,972.0,12:34:08.239317
-104.0,-600.0,982.0,12:34:08.249741
-107.0,-577.0,999.0,12:34:08.259100
-91.0,-587.0,1019.0,12:34:08.269547
-15.0,-574.0,959.0,12:34:08.278873
-7.0,-576.0,893.0,12:34:08.289253
10.0,-523.0,885.0,12:34:08.298640
92.0,-493.0,816.0,12:34:08.309044
44.0,-484.0,761.0,12:34:08.318380
30.0,-492.0,752.0,12:34:08.328871
32.0,-518.0,755.0,12:34:08.338205
20.0,-525.0,741.0,12:34:08.348583
9.0,-550.0,748.0,12:34:08.357911
4.0,-561.0,762.0,12:34:08.368276
28.0,-599.0,806.0,12:34:08.377756
39.0,-670.0,851.0,12:34:08.386969
28.0,-671.0,913.0,12:34:08.397427
-11.0,-656.0,955.0,12:34:08.406756
-43.0,-637.0,961.0,12:34:08.417358
-32.0,-621.0,889.0,12:34:08.426771
-43.0,-600.0,875.0,12:34:08.437293
-67.0,-541.0,893.0,12:34:08.446639
-72.0,-546.0,900.0,12:34:08.456135
-32.0,-540.0,878.0,12:34:08.466676
-42.0,-504.0,844.0,12:34:08.475993
-49.0,-487.0,861.0,12:34:08.486494
-58.0,-529.0,946.0,12:34:08.495825
-70.0,-537.0,974.0,12:34:08.506222
-105.0,-521.0,925.0,12:34:08.515671
-137.0,-508.0,908.0,12:34:08.524990
-151.0,-471.0,860.0,12:34:08.535555
-144.0,-481.0,861.0,12:34:08.544919
-134.0,-495.0,905.0,12:34:08.555326
-137.0,-523.0,983.0,12:34:08.564785
-91.0,-555.0,1014.0,12:34:08.575198
-58.0,-544.0,987.0,12:34:08.584571
26.0,-533.0,958.0,12:34:08.604158
71.0,-489.0,905.0,12:34:08.614563
47.0,-451.0,879.0,12:34:08.624019
28.0,-417.0,848.0,12:34:08.634452
34.0,-371.0,824.0,12:34:08.643787
23.0,-338.0,806.0,12:34:08.654197
32.0,-387.0,872.0,12:34:08.663560
64.0,-429.0,964.0,12:34:08.672787
21.0,-443.0,1051.0,12:34:08.683363
5.0,-418.0,1029.0,12:34:08.692579
-18.0,-468.0,994.0,12:34:08.703056
9.0,-507.0,969.0,12:34:08.712391
27.0,-513.0,1000.0,12:34:08.722893
41.0,-463.0,955.0,12:34:08.732238
75.0,-426.0,918.0,12:34:08.742651
120.0,-422.0,860.0,12:34:08.751971
152.0,-462.0,906.0,12:34:08.762442
92.0,-453.0,1033.0,12:34:08.771822
81.0,-435.0,994.0,12:34:08.787938
41.0,-440.0,944.0,12:34:08.792064
-19.0,-471.0,982.0,12:34:08.801380
-65.0,-449.0,971.0,12:34:08.821025
-81.0,-478.0,910.0,12:34:08.831417
-54.0,-515.0,921.0,12:34:08.840804
-67.0,-471.0,915.0,12:34:08.851174
-49.0,-429.0,926.0,12:34:08.860502
-15.0,-466.0,936.0,12:34:08.870882
46.0,-549.0,901.0,12:34:08.880258
72.0,-562.0,975.0,12:34:08.890689
58.0,-452.0,1043.0,12:34:08.900041
66.0,-420.0,996.0,12:34:08.909454
144.0,-433.0,857.0,12:34:08.919447
154.0,-454.0,844.0,12:34:08.929938
146.0,-437.0,969.0,12:34:08.939218
125.0,-411.0,1022.0,12:34:08.949729
105.0,-424.0,919.0,12:34:08.959039
90.0,-489.0,842.0,12:34:08.969488
126.0,-539.0,832.0,12:34:08.978907
124.0,-535.0,880.0,12:34:08.988251
89.0,-498.0,830.0,12:34:09.007843
72.0,-539.0,758.0,12:34:09.018296
65.0,-561.0,795.0,12:34:09.027803
34.0,-560.0,882.0,12:34:09.038159
33.0,-567.0,936.0,12:34:09.047508
54.0,-580.0,887.0,12:34:09.057898
57.0,-574.0,807.0,12:34:09.077378
59.0,-566.0,883.0,12:34:09.087785
51.0,-563.0,910.0,12:34:09.097160
30.0,-540.0,863.0,12:34:09.107521
14.0,-539.0,802.0,12:34:09.116844
12.0,-558.0,834.0,12:34:09.127222
-34.0,-531.0,851.0,12:34:09.136696
-49.0,-543.0,908.0,12:34:09.145932
-13.0,-555.0,959.0,12:34:09.156487
7.0,-559.0,979.0,12:34:09.165774
32.0,-522.0,972.0,12:34:09.176143
78.0,-465.0,973.0,12:34:09.189968
111.0,-442.0,985.0,12:34:09.196089
114.0,-429.0,995.0,12:34:09.205345
169.0,-422.0,961.0,12:34:09.215825
106.0,-363.0,942.0,12:34:09.225021
113.0,-344.0,929.0,12:34:09.235495
99.0,-394.0,936.0,12:34:09.244716
47.0,-407.0,917.0,12:34:09.255265
11.0,-435.0,957.0,12:34:09.264532
-14.0,-461.0,1041.0,12:34:09.274988
-9.0,-515.0,902.0,12:34:09.294604
24.0,-535.0,881.0,12:34:09.303958
15.0,-522.0,973.0,12:34:09.314503
-2.0,-515.0,976.0,12:34:09.323832
8.0,-534.0,894.0,12:34:09.334212
-23.0,-559.0,881.0,12:34:09.343590
-38.0,-540.0,896.0,12:34:09.354078
-66.0,-547.0,922.0,12:34:09.363480
-90.0,-510.0,931.0,12:34:09.372873
-76.0,-496.0,915.0,12:34:09.383347
-67.0,-466.0,885.0,12:34:09.392676
-63.0,-486.0,940.0,12:34:09.403065
-95.0,-477.0,1004.0,12:34:09.412378
-122.0,-492.0,1053.0,12:34:09.422734
-102.0,-516.0,1014.0,12:34:09.432302
-99.0,-514.0,968.0,12:34:09.442650
-82.0,-498.0,1024.0,12:34:09.452007
-49.0,-445.0,1125.0,12:34:09.462448
40.0,-406.0,1155.0,12:34:09.471781
132.0,-424.0,1074.0,12:34:09.481104
157.0,-460.0,1013.0,12:34:09.491482
142.0,-396.0,958.0,12:34:09.500850
123.0,-333.0,867.0,12:34:09.511217
95.0,-286.0,768.0,12:34:09.520589
60.0,-282.0,705.0,12:34:09.531077
55.0,-316.0,746.0,12:34:09.540420
61.0,-356.0,856.0,12:34:09.550779
19.0,-429.0,967.0,12:34:09.560143
-9.0,-484.0,957.0,12:34:09.570479
-107.0,-496.0,876.0,12:34:09.579963
-118.0,-443.0,798.0,12:34:09.590406
-123.0,-445.0,848.0,12:34:09.599672
-40.0,-461.0,919.0,12:34:09.610163
-64.0,-505.0,970.0,12:34:09.619438
-119.0,-552.0,999.0,12:34:09.630009
-144.0,-548.0,1010.0,12:34:09.639229
-170.0,-518.0,979.0,12:34:09.649706
-144.0,-522.0,900.0,12:34:09.658982
-158.0,-552.0,820.0,12:34:09.669429
-194.0,-551.0,803.0,12:34:09.678851
-187.0,-544.0,862.0,12:34:09.688337
-199.0,-530.0,954.0,12:34:09.698894
-188.0,-543.0,986.0,12:34:09.708148
-173.0,-573.0,1002.0,12:34:09.718707
-168.0,-562.0,1005.0,12:34:09.727909
-163.0,-517.0,977.0,12:34:09.738396
-170.0,-479.0,936.0,12:34:09.747836
-158.0,-475.0,914.0,12:34:09.757184
-132.0,-491.0,911.0,12:34:09.767769
-109.0,-485.0,938.0,12:34:09.777127
-96.0,-463.0,969.0,12:34:09.787534
-107.0,-453.0,971.0,12:34:09.796949
-148.0,-456.0,935.0,12:34:09.807429
-167.0,-452.0,918.0,12:34:09.816701
-148.0,-459.0,909.0,12:34:09.826158
-111.0,-480.0,934.0,12:34:09.836632
-82.0,-498.0,951.0,12:34:09.846032
-69.0,-503.0,954.0,12:34:09.856477
-62.0,-500.0,965.0,12:34:09.865844
-69.0,-494.0,964.0,12:34:09.876253
-95.0,-487.0,940.0,12:34:09.885646
-101.0,-482.0,921.0,12:34:09.896050
-76.0,-486.0,918.0,12:34:09.905460
-49.0,-488.0,909.0,12:34:09.915854
-57.0,-485.0,896.0,12:34:09.925136
-55.0,-488.0,891.0,12:34:09.934524
-40.0,-501.0,901.0,12:34:09.944918
-24.0,-520.0,933.0,12:34:09.955337
-21.0,-528.0,961.0,12:34:09.964632
-20.0,-525.0,958.0,12:34:09.974013
-1.0,-517.0,937.0,12:34:09.991669
5.0,-515.0,909.0,12:34:09.994218
-11.0,-498.0,913.0,12:34:10.003597
-28.0,-478.0,942.0,12:34:10.013979
-33.0,-470.0,957.0,12:34:10.023489
-40.0,-462.0,950.0,12:34:10.033857
-44.0,-456.0,941.0,12:34:10.043233
-34.0,-440.0,945.0,12:34:10.053685
-24.0,-423.0,954.0,12:34:10.062985
-34.0,-417.0,945.0,12:34:10.073612
-44.0,-422.0,925.0,12:34:10.082853
-43.0,-441.0,902.0,12:34:10.092286
-28.0,-450.0,900.0,12:34:10.102691
-17.0,-466.0,918.0,12:34:10.112005
-23.0,-489.0,938.0,12:34:10.122385
-4.0,-506.0,946.0,12:34:10.131827
9.0,-519.0,937.0,12:34:10.142241
1.0,-515.0,930.0,12:34:10.151557
-3.0,-506.0,922.0,12:34:10.161980
-9.0,-503.0,918.0,12:34:10.171325
-12.0,-504.0,927.0,12:34:10.181696
-26.0,-499.0,937.0,12:34:10.191341
-35.0,-486.0,949.0,12:34:10.200706
-28.0,-472.0,943.0,12:34:10.211159
-24.0,-459.0,921.0,12:34:10.220473
-11.0,-458.0,909.0,12:34:10.230912
-4.0,-453.0,905.0,12:34:10.240294
-3.0,-456.0,920.0,12:34:10.250742
-5.0,-465.0,936.0,12:34:10.260071
-7.0,-470.0,943.0,12:34:10.270630
-10.0,-479.0,946.0,12:34:10.280085
-15.0,-476.0,941.0,12:34:10.290580
-20.0,-470.0,928.0,12:34:10.300024
-11.0,-472.0,908.0,12:34:10.309317
0.0,-489.0,902.0,12:34:10.319925
15.0,-502.0,912.0,12:34:10.329173
27.0,-513.0,921.0,12:34:10.339574
35.0,-514.0,924.0,12:34:10.348973
51.0,-523.0,919.0,12:34:10.359395
60.0,-526.0,914.0,12:34:10.368792
53.0,-508.0,918.0,12:34:10.392604
38.0,-488.0,911.0,12:34:10.407713
40.0,-484.0,909.0,12:34:10.418257
34.0,-477.0,914.0,12:34:10.427649
36.0,-466.0,918.0,12:34:10.438134
47.0,-467.0,914.0,12:34:10.457738
42.0,-471.0,913.0,12:34:10.467000
29.0,-470.0,931.0,12:34:10.496874
24.0,-472.0,924.0,12:34:10.507294
25.0,-470.0,930.0,12:34:10.526907
27.0,-469.0,925.0,12:34:10.536156
24.0,-483.0,923.0,12:34:10.555709
25.0,-492.0,927.0,12:34:10.566143
18.0,-483.0,928.0,12:34:10.575375
23.0,-487.0,926.0,12:34:10.585791
28.0,-488.0,918.0,12:34:10.595113
19.0,-492.0,917.0,12:34:10.605557
18.0,-482.0,926.0,12:34:10.625104
17.0,-484.0,921.0,12:34:10.634445
23.0,-503.0,920.0,12:34:10.644795
21.0,-500.0,913.0,12:34:10.654152
17.0,-495.0,915.0,12:34:10.664545
15.0,-502.0,920.0,12:34:10.673850
14.0,-510.0,926.0,12:34:10.684283
29.0,-517.0,923.0,12:34:10.693640
25.0,-521.0,924.0,12:34:10.704083
32.0,-518.0,913.0,12:34:10.713460
28.0,-513.0,911.0,12:34:10.724072
25.0,-511.0,910.0,12:34:10.733399
16.0,-507.0,909.0,12:34:10.763208
14.0,-508.0,910.0,12:34:10.772460
23.0,-515.0,913.0,12:34:10.782899
30.0,-514.0,917.0,12:34:10.792276
25.0,-513.0,918.0,12:34:10.802742
24.0,-516.0,917.0,12:34:10.812004
23.0,-517.0,910.0,12:34:10.822490
13.0,-519.0,908.0,12:34:10.842041
8.0,-518.0,903.0,12:34:10.851312
4.0,-520.0,901.0,12:34:10.861676
2.0,-526.0,900.0,12:34:10.881301
4.0,-528.0,913.0,12:34:10.891761
7.0,-529.0,915.0,12:34:10.901183
13.0,-531.0,914.0,12:34:10.910545
19.0,-532.0,916.0,12:34:10.920910
21.0,-527.0,913.0,12:34:10.940417
14.0,-529.0,907.0,12:34:10.950885
11.0,-521.0,901.0,12:34:10.960142
7.0,-517.0,904.0,12:34:10.970566
6.0,-518.0,909.0,12:34:10.990104
16.0,-522.0,907.0,12:34:11.009556
26.0,-520.0,911.0,12:34:11.018942
28.0,-523.0,912.0,12:34:11.029422
30.0,-527.0,913.0,12:34:11.038862
26.0,-526.0,914.0,12:34:11.058375
21.0,-525.0,911.0,12:34:11.078005
24.0,-518.0,909.0,12:34:11.088331
22.0,-516.0,904.0,12:34:11.107988
19.0,-517.0,903.0,12:34:11.118319
14.0,-515.0,911.0,12:34:11.127726
16.0,-520.0,914.0,12:34:11.157450
22.0,-515.0,915.0,12:34:11.166815
23.0,-509.0,910.0,12:34:11.177267
17.0,-513.0,908.0,12:34:11.198073
10.0,-514.0,914.0,12:34:11.216569
12.0,-515.0,917.0,12:34:11.225875
14.0,-512.0,915.0,12:34:11.245366
13.0,-507.0,913.0,12:34:11.255761
15.0,-508.0,911.0,12:34:11.266163
14.0,-504.0,910.0,12:34:11.284668
18.0,-507.0,914.0,12:34:11.295090
26.0,-514.0,916.0,12:34:11.324918
22.0,-516.0,914.0,12:34:11.344458
18.0,-513.0,913.0,12:34:11.354923
16.0,-512.0,912.0,12:34:11.374560
17.0,-506.0,913.0,12:34:11.383840
15.0,-511.0,911.0,12:34:11.394327
21.0,-507.0,913.0,12:34:11.403585
25.0,-516.0,914.0,12:34:11.423001
26.0,-518.0,912.0,12:34:11.433609
24.0,-517.0,910.0,12:34:11.442923
20.0,-519.0,908.0,12:34:11.453439
16.0,-521.0,907.0,12:34:11.462761
15.0,-523.0,908.0,12:34:11.473322
12.0,-526.0,910.0,12:34:11.482606
17.0,-522.0,907.0,12:34:11.512361
19.0,-519.0,910.0,12:34:11.521647
21.0,-518.0,913.0,12:34:11.532128
18.0,-515.0,910.0,12:34:11.541468
16.0,-516.0,909.0,12:34:11.571241
12.0,-517.0,912.0,12:34:11.581757
14.0,-521.0,909.0,12:34:11.591450
11.0,-526.0,905.0,12:34:11.610690
17.0,-529.0,902.0,12:34:11.621211
16.0,-530.0,907.0,12:34:11.639660
18.0,-534.0,903.0,12:34:11.650056
24.0,-531.0,904.0,12:34:11.660580
28.0,-530.0,906.0,12:34:11.679116
34.0,-526.0,907.0,12:34:11.689497
24.0,-524.0,904.0,12:34:11.709109
15.0,-521.0,912.0,12:34:11.719486
11.0,-515.0,914.0,12:34:11.758478
14.0,-512.0,915.0,12:34:11.769021
22.0,-506.0,916.0,12:34:11.778322
25.0,-507.0,913.0,12:34:11.787770
27.0,-506.0,916.0,12:34:11.798131
22.0,-508.0,913.0,12:34:11.817798
17.0,-514.0,911.0,12:34:11.828186
13.0,-516.0,913.0,12:34:11.837499
11.0,-517.0,909.0,12:34:11.847835
14.0,-520.0,914.0,12:34:11.857166
26.0,-517.0,910.0,12:34:11.876862
33.0,-518.0,911.0,12:34:11.896344
32.0,-523.0,905.0,12:34:11.915993
27.0,-521.0,908.0,12:34:11.926581
23.0,-525.0,912.0,12:34:11.935860
21.0,-522.0,910.0,12:34:11.946442
19.0,-518.0,909.0,12:34:11.955694
8.0,-513.0,907.0,12:34:11.966104
19.0,-520.0,904.0,12:34:11.975410
23.0,-519.0,907.0,12:34:11.985973
31.0,-521.0,909.0,12:34:11.995204
36.0,-526.0,903.0,12:34:12.005728
29.0,-525.0,912.0,12:34:12.014962
24.0,-529.0,908.0,12:34:12.034508
28.0,-525.0,909.0,12:34:12.044956
22.0,-521.0,904.0,12:34:12.054192
21.0,-519.0,899.0,12:34:12.064586
19.0,-527.0,907.0,12:34:12.084204
24.0,-524.0,909.0,12:34:12.093543
32.0,-526.0,912.0,12:34:12.103954
38.0,-524.0,911.0,12:34:12.113370
25.0,-507.0,914.0,12:34:12.152337
21.0,-515.0,913.0,12:34:12.173006
24.0,-516.0,912.0,12:34:12.182315
26.0,-517.0,910.0,12:34:12.192669
22.0,-519.0,911.0,12:34:12.202031
20.0,-516.0,910.0,12:34:12.212425
22.0,-517.0,908.0,12:34:12.231929
18.0,-513.0,914.0,12:34:12.251434
21.0,-514.0,911.0,12:34:12.261865
15.0,-513.0,909.0,12:34:12.271383
14.0,-514.0,908.0,12:34:12.290824
16.0,-519.0,909.0,12:34:12.320540
19.0,-527.0,908.0,12:34:12.359335
20.0,-529.0,907.0,12:34:12.369987
17.0,-528.0,910.0,12:34:12.400089
19.0,-522.0,911.0,12:34:12.409342
15.0,-523.0,907.0,12:34:12.428951
14.0,-522.0,906.0,12:34:12.439311
13.0,-524.0,905.0,12:34:12.448620
17.0,-523.0,908.0,12:34:12.459051
16.0,-525.0,909.0,12:34:12.468353
20.0,-524.0,905.0,12:34:12.487873
21.0,-525.0,910.0,12:34:12.498321
19.0,-522.0,904.0,12:34:12.507682
12.0,-525.0,907.0,12:34:12.518080
13.0,-528.0,906.0,12:34:12.537700
15.0,-526.0,903.0,12:34:12.557091
20.0,-527.0,905.0,12:34:12.576756
18.0,-524.0,907.0,12:34:12.596232
19.0,-523.0,911.0,12:34:12.615882
20.0,-522.0,908.0,12:34:12.626275
16.0,-527.0,909.0,12:34:12.635607
20.0,-522.0,906.0,12:34:12.665509
19.0,-521.0,909.0,12:34:12.684967
18.0,-522.0,904.0,12:34:12.704501
20.0,-523.0,903.0,12:34:12.714965
17.0,-522.0,904.0,12:34:12.724339
18.0,-525.0,912.0,12:34:12.734782
13.0,-522.0,914.0,12:34:12.754300
24.0,-521.0,908.0,12:34:12.773749
