78.0,-654.0,1692.0,12:27:54.525203
-241.0,-1262.0,2047.0,12:27:54.532158
150.0,-1086.0,1144.0,12:27:54.541505
193.0,-857.0,983.0,12:27:54.550851
172.0,-1185.0,1920.0,12:27:54.561399
226.0,-535.0,69.0,12:27:54.570745
57.0,-54.0,36.0,12:27:54.581195
-141.0,-765.0,1216.0,12:27:54.590632
-66.0,-551.0,842.0,12:27:54.601180
6.0,-225.0,113.0,12:27:54.610616
-8.0,-563.0,1015.0,12:27:54.619895
59.0,-402.0,743.0,12:27:54.631905
99.0,-496.0,760.0,12:27:54.640156
64.0,-632.0,1107.0,12:27:54.649522
105.0,-744.0,1307.0,12:27:54.660023
43.0,-617.0,767.0,12:27:54.669367
62.0,-300.0,441.0,12:27:54.679810
-81.0,-602.0,1217.0,12:27:54.689053
139.0,-585.0,884.0,12:27:54.699565
8.0,-425.0,582.0,12:27:54.708809
68.0,-760.0,1106.0,12:27:54.719420
136.0,-786.0,717.0,12:27:54.728777
152.0,-301.0,181.0,12:27:54.738141
-71.0,-548.0,1110.0,12:27:54.748659
78.0,-531.0,1009.0,12:27:54.758004
95.0,-671.0,866.0,12:27:54.768496
1.0,-345.0,638.0,12:27:54.777758
65.0,-551.0,983.0,12:27:54.788253
149.0,-713.0,936.0,12:27:54.797501
238.0,-788.0,510.0,12:27:54.807948
168.0,-485.0,659.0,12:27:54.817295
12.0,-2.0,773.0,12:27:54.827802
-176.0,-283.0,1676.0,12:27:54.837026
79.0,-583.0,1339.0,12:27:54.847536
156.0,-487.0,421.0,12:27:54.856819
225.0,-530.0,479.0,12:27:54.866372
373.0,-1024.0,997.0,12:27:54.876822
38.0,-516.0,1008.0,12:27:54.886211
-10.0,-252.0,510.0,12:27:54.896736
-165.0,-138.0,1412.0,12:27:54.906304
-331.0,23.0,1361.0,12:27:54.915600
-49.0,-312.0,769.0,12:27:54.925974
150.0,-411.0,1038.0,12:27:54.935371
197.0,-718.0,1742.0,12:27:54.945748
-38.0,-256.0,647.0,12:27:54.955193
94.0,-820.0,1391.0,12:27:54.965601
238.0,-707.0,943.0,12:27:54.975047
237.0,112.0,252.0,12:27:54.985475
20.0,-753.0,1405.0,12:27:54.994763
159.0,-693.0,935.0,12:27:55.005234
137.0,-437.0,226.0,12:27:55.014688
15.0,-282.0,705.0,12:27:55.031031
43.0,-774.0,1549.0,12:27:55.034827
166.0,-582.0,562.0,12:27:55.044185
88.0,-510.0,289.0,12:27:55.053566
-8.0,-716.0,936.0,12:27:55.064107
45.0,-668.0,1145.0,12:27:55.073410
-37.0,-447.0,767.0,12:27:55.083790
-167.0,-616.0,972.0,12:27:55.093132
141.0,-839.0,1000.0,12:27:55.103553
109.0,-542.0,473.0,12:27:55.112972
-95.0,-620.0,1297.0,12:27:55.123354
99.0,-515.0,913.0,12:27:55.132711
-50.0,-513.0,765.0,12:27:55.143096
-54.0,-612.0,1032.0,12:27:55.152447
-168.0,-316.0,895.0,12:27:55.162915
-169.0,-447.0,997.0,12:27:55.172317
66.0,-444.0,769.0,12:27:55.182686
-28.0,-418.0,1101.0,12:27:55.191980
-7.0,-467.0,1172.0,12:27:55.202504
-167.0,-463.0,1203.0,12:27:55.211852
1.0,-642.0,1073.0,12:27:55.221144
40.0,-360.0,848.0,12:27:55.231555
-21.0,-326.0,987.0,12:27:55.240860
121.0,-386.0,676.0,12:27:55.251300
37.0,-405.0,251.0,12:27:55.260660
2.0,-458.0,782.0,12:27:55.271122
-40.0,-624.0,1279.0,12:27:55.280679
60.0,-1016.0,1689.0,12:27:55.291093
166.0,-1002.0,868.0,12:27:55.300416
53.0,-685.0,547.0,12:27:55.310865
57.0,-651.0,908.0,12:27:55.320263
51.0,-490.0,771.0,12:27:55.329616
207.0,-547.0,455.0,12:27:55.340245
192.0,-926.0,1101.0,12:27:55.349585
196.0,-721.0,661.0,12:27:55.360133
95.0,-455.0,569.0,12:27:55.369566
-49.0,-168.0,726.0,12:27:55.378835
-155.0,-311.0,1076.0,12:27:55.389500
114.0,-779.0,1539.0,12:27:55.398761
183.0,-637.0,1086.0,12:27:55.409234
159.0,-246.0,333.0,12:27:55.418653
-238.0,-360.0,1083.0,12:27:55.428105
2.0,-441.0,967.0,12:27:55.438650
5.0,-288.0,189.0,12:27:55.458156
-247.0,-318.0,1183.0,12:27:55.467686
-102.0,-634.0,1716.0,12:27:55.478180
167.0,-1012.0,1434.0,12:27:55.487521
289.0,-321.0,61.0,12:27:55.498025
101.0,-399.0,589.0,12:27:55.507395
-44.0,-748.0,1239.0,12:27:55.517807
91.0,-769.0,1324.0,12:27:55.527109
257.0,-758.0,969.0,12:27:55.537578
177.0,-645.0,460.0,12:27:55.546794
-42.0,-445.0,376.0,12:27:55.556185
-108.0,-323.0,859.0,12:27:55.566622
136.0,-465.0,852.0,12:27:55.576025
145.0,-612.0,1242.0,12:27:55.586407
227.0,-647.0,1418.0,12:27:55.595692
23.0,-496.0,1197.0,12:27:55.606079
-14.0,-567.0,561.0,12:27:55.615468
51.0,-644.0,528.0,12:27:55.625935
-2.0,-541.0,654.0,12:27:55.635246
152.0,-439.0,964.0,12:27:55.645812
-83.0,-561.0,1038.0,12:27:55.655222
76.0,-240.0,499.0,12:27:55.664627
-93.0,-463.0,1037.0,12:27:55.675113
-4.0,-561.0,1222.0,12:27:55.684531
33.0,-311.0,512.0,12:27:55.695034
-30.0,-356.0,726.0,12:27:55.704345
-19.0,-704.0,1626.0,12:27:55.714738
86.0,-479.0,1238.0,12:27:55.724103
59.0,-986.0,1236.0,12:27:55.734485
-141.0,-404.0,378.0,12:27:55.743870
115.0,-651.0,1180.0,12:27:55.754280
-288.0,-424.0,971.0,12:27:55.763633
73.0,-607.0,767.0,12:27:55.774092
207.0,-462.0,665.0,12:27:55.783378
-139.0,-794.0,1092.0,12:27:55.792832
29.0,-420.0,735.0,12:27:55.803378
-65.0,-588.0,946.0,12:27:55.813052
-139.0,-555.0,777.0,12:27:55.822351
66.0,-715.0,945.0,12:27:55.832843
79.0,-635.0,682.0,12:27:55.843084
15.0,-566.0,838.0,12:27:55.852337
-172.0,-273.0,709.0,12:27:55.861813
138.0,-509.0,973.0,12:27:55.872183
-16.0,-503.0,1161.0,12:27:55.881713
80.0,-527.0,1026.0,12:27:55.892181
24.0,-382.0,761.0,12:27:55.901525
124.0,-573.0,1164.0,12:27:55.912030
99.0,-369.0,650.0,12:27:55.921452
8.0,-280.0,771.0,12:27:55.930720
113.0,-387.0,923.0,12:27:55.941233
109.0,-416.0,1189.0,12:27:55.950615
4.0,-539.0,1054.0,12:27:55.961104
30.0,-528.0,1071.0,12:27:55.970366
129.0,-527.0,898.0,12:27:55.980800
145.0,-544.0,938.0,12:27:55.990127
-60.0,-314.0,813.0,12:27:56.000610
71.0,-562.0,953.0,12:27:56.009944
36.0,-651.0,836.0,12:27:56.020326
17.0,-692.0,852.0,12:27:56.029694
114.0,-468.0,559.0,12:27:56.040095
-70.0,-650.0,1222.0,12:27:56.049484
139.0,-690.0,944.0,12:27:56.058807
77.0,-711.0,474.0,12:27:56.069413
-9.0,-814.0,916.0,12:27:56.078616
64.0,-523.0,792.0,12:27:56.089033
-75.0,-562.0,891.0,12:27:56.098395
-80.0,-571.0,1379.0,12:27:56.108901
90.0,-486.0,391.0,12:27:56.118272
76.0,-325.0,274.0,12:27:56.128647
54.0,-445.0,1097.0,12:27:56.138170
-20.0,-471.0,1268.0,12:27:56.148621
-17.0,-547.0,957.0,12:27:56.157948
22.0,-449.0,720.0,12:27:56.167372
-17.0,-708.0,1738.0,12:27:56.177875
282.0,-649.0,1374.0,12:27:56.187141
48.0,-712.0,948.0,12:27:56.197867
70.0,-587.0,754.0,12:27:56.207124
168.0,-679.0,747.0,12:27:56.216545
90.0,-550.0,861.0,12:27:56.234257
-4.0,-407.0,619.0,12:27:56.238216
-128.0,-372.0,749.0,12:27:56.246366
82.0,-698.0,1074.0,12:27:56.257008
-19.0,-324.0,570.0,12:27:56.266407
-49.0,-506.0,1196.0,12:27:56.275705
307.0,-681.0,687.0,12:27:56.286173
247.0,-446.0,499.0,12:27:56.295506
89.0,-509.0,1277.0,12:27:56.306148
99.0,-501.0,1138.0,12:27:56.315515
207.0,-557.0,959.0,12:27:56.325858
74.0,-377.0,682.0,12:27:56.335373
255.0,-478.0,878.0,12:27:56.344615
110.0,-626.0,951.0,12:27:56.355188
173.0,-545.0,850.0,12:27:56.364489
12.0,-496.0,822.0,12:27:56.374978
90.0,-543.0,893.0,12:27:56.384213
-6.0,-458.0,564.0,12:27:56.394643
-102.0,-457.0,989.0,12:27:56.404065
-28.0,-584.0,1175.0,12:27:56.414578
-113.0,-496.0,951.0,12:27:56.424081
-71.0,-688.0,1192.0,12:27:56.433380
41.0,-517.0,925.0,12:27:56.443985
7.0,-376.0,750.0,12:27:56.453255
12.0,-709.0,1351.0,12:27:56.463728
102.0,-430.0,626.0,12:27:56.472929
-11.0,-473.0,538.0,12:27:56.483413
128.0,-475.0,772.0,12:27:56.492797
106.0,-642.0,919.0,12:27:56.503238
175.0,-627.0,909.0,12:27:56.512482
102.0,-610.0,833.0,12:27:56.523007
12.0,-717.0,745.0,12:27:56.532254
-25.0,-536.0,1094.0,12:27:56.542684
-22.0,-464.0,965.0,12:27:56.551952
-58.0,-388.0,820.0,12:27:56.562461
-16.0,-560.0,1093.0,12:27:56.571887
6.0,-314.0,515.0,12:27:56.581162
-160.0,-411.0,1165.0,12:27:56.591861
-45.0,-705.0,1677.0,12:27:56.601151
-47.0,-398.0,573.0,12:27:56.611802
-16.0,-539.0,703.0,12:27:56.621038
-9.0,-463.0,1009.0,12:27:56.631568
-230.0,-349.0,918.0,12:27:56.640818
-133.0,-403.0,807.0,12:27:56.650202
19.0,-606.0,1023.0,12:27:56.660704
18.0,-560.0,898.0,12:27:56.670125
-26.0,-546.0,1158.0,12:27:56.680616
98.0,-731.0,1081.0,12:27:56.690006
90.0,-551.0,796.0,12:27:56.700620
6.0,-439.0,684.0,12:27:56.710072
166.0,-399.0,698.0,12:27:56.719482
-70.0,-291.0,795.0,12:27:56.729857
26.0,-512.0,1077.0,12:27:56.739317
121.0,-491.0,780.0,12:27:56.749790
108.0,-434.0,740.0,12:27:56.759132
188.0,-611.0,1089.0,12:27:56.768455
43.0,-556.0,992.0,12:27:56.778973
136.0,-489.0,960.0,12:27:56.788224
186.0,-631.0,946.0,12:27:56.798715
66.0,-451.0,666.0,12:27:56.808057
100.0,-422.0,830.0,12:27:56.818665
73.0,-393.0,906.0,12:27:56.827986
11.0,-580.0,1027.0,12:27:56.837435
-32.0,-469.0,915.0,12:27:56.847921
242.0,-592.0,816.0,12:27:56.857526
-4.0,-543.0,1062.0,12:27:56.868037
15.0,-582.0,1016.0,12:27:56.877433
149.0,-570.0,780.0,12:27:56.886756
89.0,-320.0,412.0,12:27:56.897178
-54.0,-680.0,1308.0,12:27:56.906500
43.0,-719.0,1272.0,12:27:56.916897
19.0,-392.0,504.0,12:27:56.926380
-106.0,-699.0,1091.0,12:27:56.936715
108.0,-397.0,482.0,12:27:56.946043
198.0,-537.0,739.0,12:27:56.956493
-67.0,-491.0,1001.0,12:27:56.965911
117.0,-717.0,1266.0,12:27:56.976349
111.0,-818.0,1149.0,12:27:56.985629
170.0,-781.0,926.0,12:27:56.996069
-24.0,-593.0,645.0,12:27:57.005414
193.0,-716.0,1087.0,12:27:57.015838
105.0,-642.0,666.0,12:27:57.025196
15.0,-394.0,413.0,12:27:57.038878
-224.0,-242.0,626.0,12:27:57.044924
-273.0,-377.0,1117.0,12:27:57.055384
13.0,-409.0,833.0,12:27:57.064682
-154.0,-598.0,1298.0,12:27:57.074096
-33.0,-554.0,1262.0,12:27:57.084507
55.0,-711.0,940.0,12:27:57.094067
163.0,-535.0,892.0,12:27:57.104581
31.0,-401.0,821.0,12:27:57.113917
28.0,-455.0,733.0,12:27:57.123282
-79.0,-646.0,921.0,12:27:57.133815
-96.0,-229.0,543.0,12:27:57.143258
106.0,-654.0,1087.0,12:27:57.153729
-62.0,-461.0,1115.0,12:27:57.163099
136.0,-871.0,1631.0,12:27:57.172528
120.0,-591.0,650.0,12:27:57.183007
51.0,-627.0,724.0,12:27:57.192276
125.0,-319.0,602.0,12:27:57.202956
75.0,-286.0,752.0,12:27:57.212217
-16.0,-328.0,932.0,12:27:57.222771
-70.0,-348.0,620.0,12:27:57.232158
-2.0,-607.0,1093.0,12:27:57.241554
13.0,-743.0,1435.0,12:27:57.252023
12.0,-614.0,972.0,12:27:57.261447
104.0,-615.0,1017.0,12:27:57.271906
128.0,-614.0,855.0,12:27:57.281228
74.0,-509.0,785.0,12:27:57.291792
32.0,-517.0,714.0,12:27:57.301128
-48.0,-543.0,1031.0,12:27:57.310627
-112.0,-512.0,800.0,12:27:57.321051
49.0,-422.0,741.0,12:27:57.330420
-39.0,-601.0,1034.0,12:27:57.340821
-64.0,-292.0,695.0,12:27:57.350227
-115.0,-272.0,1093.0,12:27:57.360687
34.0,-433.0,980.0,12:27:57.370016
95.0,-373.0,733.0,12:27:57.380386
-75.0,-394.0,1002.0,12:27:57.389774
10.0,-706.0,1144.0,12:27:57.400181
75.0,-638.0,989.0,12:27:57.409541
-33.0,-651.0,959.0,12:27:57.420016
65.0,-472.0,494.0,12:27:57.436743
34.0,-544.0,1185.0,12:27:57.440622
61.0,-587.0,982.0,12:27:57.459048
45.0,-757.0,1094.0,12:27:57.468371
110.0,-527.0,645.0,12:27:57.478828
169.0,-466.0,578.0,12:27:57.488248
81.0,-532.0,971.0,12:27:57.498617
156.0,-359.0,663.0,12:27:57.507964
193.0,-602.0,943.0,12:27:57.518450
225.0,-519.0,963.0,12:27:57.527776
-62.0,-423.0,895.0,12:27:57.538179
161.0,-419.0,941.0,12:27:57.547593
87.0,-657.0,1316.0,12:27:57.557948
70.0,-571.0,844.0,12:27:57.567358
175.0,-720.0,756.0,12:27:57.577735
96.0,-522.0,542.0,12:27:57.587139
24.0,-589.0,819.0,12:27:57.596388
-26.0,-379.0,802.0,12:27:57.607013
2.0,-551.0,1109.0,12:27:57.616347
4.0,-536.0,883.0,12:27:57.626899
-20.0,-454.0,893.0,12:27:57.636316
-63.0,-601.0,1295.0,12:27:57.645680
177.0,-503.0,745.0,12:27:57.656293
96.0,-345.0,723.0,12:27:57.665608
162.0,-602.0,1370.0,12:27:57.676042
178.0,-498.0,717.0,12:27:57.685297
129.0,-508.0,725.0,12:27:57.695782
69.0,-481.0,1103.0,12:27:57.705146
149.0,-631.0,864.0,12:27:57.715568
232.0,-474.0,572.0,12:27:57.724814
27.0,-510.0,867.0,12:27:57.735310
18.0,-374.0,727.0,12:27:57.744599
112.0,-677.0,1075.0,12:27:57.755145
-7.0,-465.0,812.0,12:27:57.764385
30.0,-574.0,998.0,12:27:57.773775
44.0,-559.0,940.0,12:27:57.784150
162.0,-529.0,789.0,12:27:57.793485
110.0,-519.0,1027.0,12:27:57.803976
31.0,-482.0,925.0,12:27:57.813407
-14.0,-476.0,902.0,12:27:57.823809
182.0,-515.0,1003.0,12:27:57.833181
-119.0,-554.0,1230.0,12:27:57.843560
110.0,-598.0,875.0,12:27:57.852960
77.0,-666.0,644.0,12:27:57.863469
174.0,-579.0,1175.0,12:27:57.872850
-64.0,-534.0,1006.0,12:27:57.882218
62.0,-380.0,573.0,12:27:57.892667
-126.0,-423.0,805.0,12:27:57.902020
-175.0,-638.0,1119.0,12:27:57.912426
28.0,-346.0,667.0,12:27:57.921879
-172.0,-411.0,1013.0,12:27:57.932247
14.0,-533.0,863.0,12:27:57.941573
186.0,-448.0,805.0,12:27:57.951967
89.0,-559.0,1062.0,12:27:57.961344
133.0,-664.0,1170.0,12:27:57.971851
299.0,-605.0,990.0,12:27:57.981118
82.0,-483.0,709.0,12:27:57.991558
94.0,-436.0,668.0,12:27:58.000997
-6.0,-562.0,1057.0,12:27:58.011375
65.0,-392.0,855.0,12:27:58.020686
86.0,-557.0,828.0,12:27:58.030093
9.0,-589.0,1054.0,12:27:58.040668
37.0,-421.0,764.0,12:27:58.050015
-224.0,-386.0,1110.0,12:27:58.060704
50.0,-656.0,1045.0,12:27:58.070160
-57.0,-344.0,601.0,12:27:58.079562
-33.0,-693.0,1205.0,12:27:58.090011
12.0,-448.0,1062.0,12:27:58.099512
-55.0,-543.0,801.0,12:27:58.108906
63.0,-465.0,961.0,12:27:58.119405
130.0,-613.0,1110.0,12:27:58.128838
75.0,-468.0,880.0,12:27:58.139328
118.0,-536.0,908.0,12:27:58.148773
70.0,-608.0,895.0,12:27:58.159137
82.0,-551.0,827.0,12:27:58.168587
71.0,-327.0,471.0,12:27:58.178948
-41.0,-353.0,792.0,12:27:58.188390
59.0,-414.0,955.0,12:27:58.197686
-106.0,-416.0,1149.0,12:27:58.208112
149.0,-586.0,991.0,12:27:58.217491
20.0,-677.0,892.0,12:27:58.228026
68.0,-522.0,689.0,12:27:58.238556
-2.0,-401.0,1054.0,12:27:58.246872
30.0,-517.0,873.0,12:27:58.257450
151.0,-810.0,1036.0,12:27:58.266820
99.0,-678.0,847.0,12:27:58.277357
138.0,-432.0,819.0,12:27:58.286703
135.0,-351.0,714.0,12:27:58.297095
14.0,-578.0,960.0,12:27:58.306539
69.0,-514.0,831.0,12:27:58.316882
297.0,-490.0,603.0,12:27:58.326292
-114.0,-338.0,857.0,12:27:58.336703
-31.0,-466.0,1189.0,12:27:58.346047
18.0,-615.0,1262.0,12:27:58.355299
149.0,-740.0,847.0,12:27:58.365829
156.0,-557.0,653.0,12:27:58.375157
-46.0,-525.0,1322.0,12:27:58.385733
-18.0,-637.0,951.0,12:27:58.395143
217.0,-591.0,631.0,12:27:58.405592
132.0,-399.0,670.0,12:27:58.414999
-17.0,-559.0,947.0,12:27:58.424363
62.0,-442.0,730.0,12:27:58.434753
44.0,-562.0,993.0,12:27:58.444072
-86.0,-445.0,836.0,12:27:58.454575
14.0,-690.0,1127.0,12:27:58.463968
48.0,-604.0,1018.0,12:27:58.474388
-92.0,-592.0,1063.0,12:27:58.483698
64.0,-510.0,777.0,12:27:58.494209
22.0,-594.0,902.0,12:27:58.503470
118.0,-560.0,918.0,12:27:58.514060
61.0,-314.0,788.0,12:27:58.523431
-101.0,-288.0,758.0,12:27:58.532979
12.0,-748.0,1308.0,12:27:58.543501
78.0,-498.0,765.0,12:27:58.552951
91.0,-608.0,891.0,12:27:58.563342
44.0,-460.0,949.0,12:27:58.572821
150.0,-328.0,871.0,12:27:58.582143
163.0,-538.0,1115.0,12:27:58.592604
87.0,-458.0,683.0,12:27:58.601986
53.0,-415.0,648.0,12:27:58.612511
45.0,-507.0,1030.0,12:27:58.621833
3.0,-433.0,1163.0,12:27:58.635579
48.0,-666.0,1204.0,12:27:58.642653
-40.0,-538.0,618.0,12:27:58.651800
109.0,-579.0,716.0,12:27:58.661096
103.0,-376.0,1005.0,12:27:58.671513
-8.0,-373.0,869.0,12:27:58.680776
116.0,-672.0,995.0,12:27:58.691301
84.0,-560.0,997.0,12:27:58.700604
33.0,-590.0,888.0,12:27:58.711108
6.0,-499.0,967.0,12:27:58.720387
10.0,-563.0,1090.0,12:27:58.733063
110.0,-461.0,744.0,12:27:58.740309
199.0,-551.0,761.0,12:27:58.752377
-98.0,-442.0,943.0,12:27:58.763315
-26.0,-415.0,930.0,12:27:58.769819
6.0,-580.0,1251.0,12:27:58.782077
19.0,-593.0,956.0,12:27:58.789317
-12.0,-507.0,577.0,12:27:58.799641
4.0,-573.0,877.0,12:27:58.809082
102.0,-477.0,794.0,12:27:58.819563
7.0,-436.0,931.0,12:27:58.828850
-93.0,-646.0,1255.0,12:27:58.839438
70.0,-602.0,825.0,12:27:58.848739
-13.0,-515.0,639.0,12:27:58.858038
1.0,-672.0,1166.0,12:27:58.868599
126.0,-596.0,952.0,12:27:58.877978
-121.0,-428.0,911.0,12:27:58.888491
118.0,-748.0,1164.0,12:27:58.897837
-23.0,-720.0,667.0,12:27:58.908297
111.0,-579.0,818.0,12:27:58.917680
76.0,-689.0,1117.0,12:27:58.928029
-64.0,-495.0,868.0,12:27:58.937718
74.0,-424.0,481.0,12:27:58.947016
-94.0,-427.0,787.0,12:27:58.957523
-142.0,-610.0,1258.0,12:27:58.966873
-83.0,-419.0,671.0,12:27:58.976353
-144.0,-626.0,923.0,12:27:58.986938
-68.0,-861.0,1263.0,12:27:58.996336
-27.0,-547.0,452.0,12:27:59.006780
-89.0,-478.0,742.0,12:27:59.016235
-110.0,-565.0,1228.0,12:27:59.025621
48.0,-654.0,635.0,12:27:59.036183
-14.0,-463.0,567.0,12:27:59.045578
-85.0,-583.0,928.0,12:27:59.056008
-39.0,-548.0,1202.0,12:27:59.065513
67.0,-301.0,652.0,12:27:59.074805
26.0,-641.0,839.0,12:27:59.085285
146.0,-487.0,754.0,12:27:59.094552
-12.0,-304.0,813.0,12:27:59.105111
-14.0,-589.0,1653.0,12:27:59.114405
150.0,-773.0,1217.0,12:27:59.124881
-52.0,-466.0,503.0,12:27:59.134239
36.0,-464.0,611.0,12:27:59.144727
119.0,-457.0,1249.0,12:27:59.154129
-119.0,-346.0,858.0,12:27:59.164540
131.0,-280.0,497.0,12:27:59.174156
37.0,-587.0,1136.0,12:27:59.183402
40.0,-374.0,1045.0,12:27:59.193859
54.0,-435.0,1188.0,12:27:59.203134
-9.0,-481.0,977.0,12:27:59.213603
365.0,-640.0,811.0,12:27:59.223020
180.0,-286.0,505.0,12:27:59.233553
-28.0,-205.0,889.0,12:27:59.242871
22.0,-473.0,1382.0,12:27:59.252283
100.0,-532.0,794.0,12:27:59.262818
46.0,-472.0,942.0,12:27:59.272101
132.0,-502.0,1088.0,12:27:59.282608
166.0,-526.0,909.0,12:27:59.291958
307.0,-511.0,888.0,12:27:59.302391
220.0,-476.0,783.0,12:27:59.311713
103.0,-686.0,1231.0,12:27:59.322208
44.0,-548.0,771.0,12:27:59.331458
67.0,-658.0,835.0,12:27:59.341938
-14.0,-545.0,740.0,12:27:59.351221
-135.0,-571.0,1084.0,12:27:59.360823
101.0,-510.0,726.0,12:27:59.371262
109.0,-534.0,989.0,12:27:59.380705
-56.0,-549.0,1020.0,12:27:59.391119
248.0,-659.0,1136.0,12:27:59.400515
70.0,-536.0,673.0,12:27:59.410967
7.0,-452.0,841.0,12:27:59.420307
96.0,-519.0,1093.0,12:27:59.429674
-101.0,-538.0,671.0,12:27:59.441322
110.0,-464.0,502.0,12:27:59.449941
66.0,-535.0,1172.0,12:27:59.459461
-105.0,-595.0,1141.0,12:27:59.469863
25.0,-473.0,642.0,12:27:59.479350
-24.0,-623.0,1028.0,12:27:59.489727
-80.0,-437.0,878.0,12:27:59.499047
49.0,-482.0,1168.0,12:27:59.509550
-140.0,-496.0,961.0,12:27:59.518878
107.0,-467.0,500.0,12:27:59.528181
-39.0,-428.0,1110.0,12:27:59.538671
-107.0,-324.0,1223.0,12:27:59.548028
46.0,-485.0,749.0,12:27:59.558581
143.0,-463.0,996.0,12:27:59.567977
10.0,-608.0,1132.0,12:27:59.578445
47.0,-284.0,523.0,12:27:59.587812
48.0,-545.0,1075.0,12:27:59.597080
90.0,-510.0,841.0,12:27:59.607557
0.0,-117.0,239.0,12:27:59.616854
93.0,-246.0,988.0,12:27:59.627462
27.0,-784.0,1701.0,12:27:59.636667
101.0,-852.0,1289.0,12:27:59.647185
279.0,-549.0,240.0,12:27:59.656664
293.0,-446.0,659.0,12:27:59.667167
3.0,-601.0,1773.0,12:27:59.676492
335.0,-592.0,749.0,12:27:59.685863
213.0,-380.0,-45.0,12:27:59.696378
100.0,-345.0,741.0,12:27:59.705734
-44.0,-550.0,1540.0,12:27:59.716199
-21.0,-859.0,1447.0,12:27:59.725471
147.0,-342.0,-474.0,12:27:59.736003
-78.0,-680.0,1573.0,12:27:59.745278
37.0,-342.0,1260.0,12:27:59.755728
192.0,-801.0,1094.0,12:27:59.765059
252.0,-387.0,305.0,12:27:59.775644
-13.0,-595.0,769.0,12:27:59.784981
-30.0,-282.0,668.0,12:27:59.794380
-48.0,-503.0,984.0,12:27:59.804817
-132.0,-494.0,1006.0,12:27:59.814724
-53.0,-572.0,1061.0,12:27:59.824235
1.0,-777.0,1442.0,12:27:59.842814
66.0,-839.0,1588.0,12:27:59.845604
0.0,-777.0,1144.0,12:27:59.853715
194.0,-1117.0,1049.0,12:27:59.864203
191.0,-547.0,165.0,12:27:59.873502
189.0,-348.0,75.0,12:27:59.882954
-207.0,-295.0,981.0,12:27:59.893441
78.0,-735.0,1080.0,12:27:59.902929
-5.0,-599.0,801.0,12:27:59.913317
6.0,-718.0,1077.0,12:27:59.922644
-98.0,-501.0,769.0,12:27:59.933223
-257.0,-20.0,87.0,12:27:59.942522
-211.0,-476.0,1170.0,12:27:59.951924
-214.0,-400.0,1119.0,12:27:59.962357
88.0,-752.0,746.0,12:27:59.972011
-179.0,-506.0,438.0,12:27:59.982436
-117.0,-178.0,590.0,12:27:59.991879
-200.0,-410.0,1574.0,12:28:00.001226
2.0,-683.0,1914.0,12:28:00.011806
206.0,-1022.0,1110.0,12:28:00.021092
313.0,-133.0,-266.0,12:28:00.031522
-52.0,-55.0,958.0,12:28:00.040836
158.0,-509.0,1542.0,12:28:00.051327
32.0,-250.0,318.0,12:28:00.060725
123.0,-444.0,1045.0,12:28:00.071136
112.0,-925.0,1699.0,12:28:00.080640
109.0,-374.0,667.0,12:28:00.089914
-194.0,-495.0,1422.0,12:28:00.100400
181.0,-766.0,1253.0,12:28:00.109697
196.0,-295.0,78.0,12:28:00.120226
47.0,-415.0,1084.0,12:28:00.129555
71.0,-504.0,1317.0,12:28:00.140013
-167.0,-391.0,588.0,12:28:00.149382
6.0,-695.0,1300.0,12:28:00.158900
179.0,-743.0,924.0,12:28:00.169462
20.0,-269.0,-120.0,12:28:00.178783
30.0,-353.0,365.0,12:28:00.189364
39.0,32.0,568.0,12:28:00.198618
59.0,148.0,1264.0,12:28:00.209005
65.0,-374.0,980.0,12:28:00.218311
135.0,-442.0,1277.0,12:28:00.228792
-36.0,-365.0,963.0,12:28:00.238061
312.0,-397.0,746.0,12:28:00.248645
296.0,-1311.0,2047.0,12:28:00.257958
-19.0,-579.0,1105.0,12:28:00.267459
80.0,-931.0,1138.0,12:28:00.277972
254.0,-645.0,449.0,12:28:00.287299
-89.0,-420.0,584.0,12:28:00.297787
161.0,-761.0,1020.0,12:28:00.307080
263.0,-297.0,553.0,12:28:00.317618
-203.0,-581.0,1449.0,12:28:00.326853
102.0,-969.0,630.0,12:28:00.336400
30.0,-680.0,638.0,12:28:00.346869
-33.0,-856.0,1678.0,12:28:00.356365
176.0,-419.0,210.0,12:28:00.366789
-18.0,-337.0,503.0,12:28:00.376368
-233.0,-311.0,1065.0,12:28:00.385717
-11.0,-233.0,620.0,12:28:00.396363
159.0,-525.0,350.0,12:28:00.405702
58.0,-771.0,1580.0,12:28:00.415155
128.0,-464.0,848.0,12:28:00.425668
10.0,-510.0,993.0,12:28:00.434991
23.0,-958.0,1710.0,12:28:00.445615
88.0,-363.0,415.0,12:28:00.454826
165.0,-607.0,704.0,12:28:00.465294
63.0,-504.0,879.0,12:28:00.474718
12.0,-68.0,78.0,12:28:00.484137
-63.0,-151.0,858.0,12:28:00.494519
-106.0,-597.0,2047.0,12:28:00.503819
-171.0,-889.0,1712.0,12:28:00.514312
163.0,-411.0,68.0,12:28:00.523609
55.0,-483.0,1207.0,12:28:00.534072
249.0,-808.0,1781.0,12:28:00.543396
20.0,-198.0,-150.0,12:28:00.553989
96.0,-452.0,331.0,12:28:00.563323
109.0,-597.0,1049.0,12:28:00.573812
-57.0,-783.0,1039.0,12:28:00.583130
112.0,-439.0,74.0,12:28:00.593661
173.0,-666.0,647.0,12:28:00.602977
172.0,-679.0,941.0,12:28:00.612263
39.0,-632.0,1286.0,12:28:00.622911
66.0,-700.0,1346.0,12:28:00.632333
71.0,-383.0,502.0,12:28:00.643837
217.0,-192.0,427.0,12:28:00.652212
147.0,-665.0,1284.0,12:28:00.662637
212.0,-339.0,294.0,12:28:00.671997
-94.0,-452.0,1150.0,12:28:00.682424
-336.0,-281.0,1022.0,12:28:00.691874
-25.0,-460.0,1362.0,12:28:00.701102
-28.0,-348.0,852.0,12:28:00.711858
-97.0,-670.0,1688.0,12:28:00.721159
41.0,-459.0,1304.0,12:28:00.730564
-14.0,-1242.0,1695.0,12:28:00.741048
110.0,-634.0,537.0,12:28:00.750313
-17.0,-427.0,363.0,12:28:00.760753
-182.0,-851.0,1226.0,12:28:00.770089
21.0,-722.0,684.0,12:28:00.780701
-10.0,-342.0,-21.0,12:28:00.790045
65.0,-542.0,1088.0,12:28:00.800705
-175.0,-585.0,1385.0,12:28:00.809971
22.0,-381.0,478.0,12:28:00.819528
24.0,-348.0,585.0,12:28:00.829921
-68.0,-131.0,468.0,12:28:00.839315
244.0,-620.0,1142.0,12:28:00.849779
190.0,-657.0,1059.0,12:28:00.859046
185.0,-846.0,708.0,12:28:00.869559
-104.0,-139.0,128.0,12:28:00.878848
-126.0,-726.0,2047.0,12:28:00.888261
-46.0,-520.0,992.0,12:28:00.898782
-158.0,-88.0,-24.0,12:28:00.908208
-6.0,-820.0,1472.0,12:28:00.918641
-54.0,-443.0,1352.0,12:28:00.928108
8.0,-517.0,954.0,12:28:00.938597
-155.0,-263.0,620.0,12:28:00.948027
48.0,-559.0,1093.0,12:28:00.957474
84.0,-656.0,1323.0,12:28:00.967933
-100.0,-164.0,491.0,12:28:00.977275
-169.0,-338.0,903.0,12:28:00.987667
-16.0,-514.0,993.0,12:28:00.997103
30.0,-162.0,490.0,12:28:01.007506
94.0,-395.0,910.0,12:28:01.016804
171.0,-687.0,1372.0,12:28:01.027305
217.0,-785.0,1278.0,12:28:01.039613
197.0,-814.0,696.0,12:28:01.047759
193.0,-316.0,256.0,12:28:01.056677
215.0,-881.0,1677.0,12:28:01.066056
173.0,-563.0,829.0,12:28:01.076439
183.0,-890.0,644.0,12:28:01.085802
78.0,-573.0,513.0,12:28:01.096303
-63.0,-303.0,474.0,12:28:01.105546
-123.0,-368.0,1473.0,12:28:01.116077
-205.0,-143.0,1158.0,12:28:01.125378
179.0,-593.0,229.0,12:28:01.134705
126.0,-720.0,1319.0,12:28:01.145158
40.0,-357.0,1406.0,12:28:01.154523
-29.0,-210.0,824.0,12:28:01.165168
-10.0,-645.0,1044.0,12:28:01.174491
3.0,-498.0,782.0,12:28:01.184951
115.0,-547.0,794.0,12:28:01.194338
-20.0,-604.0,1026.0,12:28:01.204717
-18.0,-408.0,861.0,12:28:01.214066
-133.0,-479.0,875.0,12:28:01.223408
279.0,-737.0,838.0,12:28:01.234028
86.0,-627.0,804.0,12:28:01.243433
89.0,-437.0,793.0,12:28:01.254025
128.0,-657.0,841.0,12:28:01.263463
41.0,-415.0,711.0,12:28:01.272841
178.0,-720.0,1080.0,12:28:01.283291
127.0,-545.0,848.0,12:28:01.292594
89.0,-408.0,742.0,12:28:01.303104
58.0,-873.0,1071.0,12:28:01.312382
145.0,-379.0,396.0,12:28:01.322920
60.0,-283.0,954.0,12:28:01.332322
32.0,-599.0,1044.0,12:28:01.341726
24.0,-474.0,924.0,12:28:01.352186
50.0,-496.0,1139.0,12:28:01.361487
230.0,-790.0,961.0,12:28:01.371976
174.0,-782.0,619.0,12:28:01.381273
34.0,-327.0,704.0,12:28:01.391811
31.0,-393.0,1370.0,12:28:01.401093
8.0,-321.0,965.0,12:28:01.411636
-41.0,-351.0,712.0,12:28:01.420919
-102.0,-87.0,782.0,12:28:01.431354
-101.0,-424.0,1275.0,12:28:01.440725
-93.0,-325.0,1188.0,12:28:01.450097
106.0,-696.0,1431.0,12:28:01.460603
280.0,-525.0,596.0,12:28:01.469955
179.0,-695.0,844.0,12:28:01.480533
108.0,-479.0,816.0,12:28:01.489791
279.0,-404.0,954.0,12:28:01.500276
98.0,-681.0,1021.0,12:28:01.509584
16.0,-557.0,648.0,12:28:01.520105
114.0,-591.0,697.0,12:28:01.529467
92.0,-463.0,728.0,12:28:01.538817
94.0,-402.0,1117.0,12:28:01.549340
48.0,-694.0,967.0,12:28:01.558677
69.0,-642.0,697.0,12:28:01.569169
158.0,-307.0,764.0,12:28:01.578609
-48.0,-577.0,1543.0,12:28:01.589116
-89.0,-506.0,1130.0,12:28:01.598492
34.0,-693.0,1038.0,12:28:01.607813
94.0,-442.0,228.0,12:28:01.618209
11.0,-434.0,1112.0,12:28:01.627593
-112.0,-492.0,1398.0,12:28:01.638007
131.0,-453.0,488.0,12:28:01.647486
56.0,-340.0,1067.0,12:28:01.657990
-38.0,-714.0,1229.0,12:28:01.667417
116.0,-347.0,310.0,12:28:01.676715
46.0,-664.0,1254.0,12:28:01.687282
75.0,-431.0,958.0,12:28:01.696763
24.0,-594.0,759.0,12:28:01.707336
-56.0,-547.0,899.0,12:28:01.716665
-7.0,-456.0,1093.0,12:28:01.726111
19.0,-537.0,760.0,12:28:01.736603
48.0,-372.0,585.0,12:28:01.745874
-34.0,-995.0,1613.0,12:28:01.756396
25.0,-584.0,829.0,12:28:01.765705
39.0,-502.0,518.0,12:28:01.776300
157.0,-965.0,1498.0,12:28:01.785648
126.0,-471.0,396.0,12:28:01.795127
73.0,-495.0,319.0,12:28:01.805544
-60.0,-568.0,976.0,12:28:01.814848
-165.0,-561.0,922.0,12:28:01.825302
27.0,-516.0,838.0,12:28:01.834629
-77.0,-686.0,1059.0,12:28:01.847245
-248.0,-331.0,384.0,12:28:01.855140
44.0,-508.0,869.0,12:28:01.864467
-181.0,-687.0,1598.0,12:28:01.873830
-157.0,-393.0,709.0,12:28:01.884252
-103.0,-635.0,591.0,12:28:01.893614
69.0,-623.0,936.0,12:28:01.904084
-121.0,-420.0,1331.0,12:28:01.913443
-59.0,-655.0,1072.0,12:28:01.923875
127.0,-461.0,297.0,12:28:01.933307
86.0,-473.0,941.0,12:28:01.943690
-6.0,-392.0,976.0,12:28:01.953025
96.0,-194.0,775.0,12:28:01.963441
135.0,-468.0,1360.0,12:28:01.972807
182.0,-681.0,929.0,12:28:01.983318
236.0,-607.0,575.0,12:28:01.992661
-118.0,-432.0,1132.0,12:28:02.001973
58.0,-404.0,869.0,12:28:02.012462
191.0,-301.0,515.0,12:28:02.021882
29.0,-441.0,1580.0,12:28:02.032275
-24.0,-822.0,1660.0,12:28:02.041735
28.0,-876.0,721.0,12:28:02.052161
121.0,-709.0,505.0,12:28:02.061554
256.0,-537.0,854.0,12:28:02.071953
90.0,-491.0,1001.0,12:28:02.081314
72.0,-545.0,523.0,12:28:02.090718
-79.0,-469.0,500.0,12:28:02.101218
84.0,-455.0,862.0,12:28:02.110667
88.0,-312.0,904.0,12:28:02.121169
-106.0,-198.0,1012.0,12:28:02.130438
-51.0,-760.0,1595.0,12:28:02.140860
-23.0,-484.0,741.0,12:28:02.150314
73.0,-627.0,938.0,12:28:02.160709
75.0,-608.0,773.0,12:28:02.170141
46.0,-527.0,648.0,12:28:02.179494
106.0,-307.0,517.0,12:28:02.190009
-90.0,-340.0,711.0,12:28:02.199570
55.0,-719.0,1504.0,12:28:02.210024
19.0,-842.0,1516.0,12:28:02.219439
71.0,-902.0,1382.0,12:28:02.228835
-11.0,-656.0,863.0,12:28:02.239366
179.0,-774.0,1017.0,12:28:02.249215
48.0,-677.0,1003.0,12:28:02.258975
200.0,-553.0,537.0,12:28:02.268269
-10.0,-133.0,232.0,12:28:02.278742
-90.0,-347.0,896.0,12:28:02.288216
-132.0,-439.0,1325.0,12:28:02.298622
-30.0,-526.0,788.0,12:28:02.308101
-29.0,-176.0,556.0,12:28:02.317450
82.0,-390.0,1234.0,12:28:02.327957
128.0,-303.0,845.0,12:28:02.337373
74.0,-318.0,637.0,12:28:02.347964
92.0,-260.0,812.0,12:28:02.357276
49.0,-501.0,1012.0,12:28:02.366632
155.0,-572.0,740.0,12:28:02.377021
59.0,-823.0,1256.0,12:28:02.386449
-26.0,-388.0,1151.0,12:28:02.396836
-43.0,-609.0,1360.0,12:28:02.406217
-8.0,-362.0,598.0,12:28:02.416704
-88.0,-510.0,916.0,12:28:02.426007
86.0,-344.0,539.0,12:28:02.436417
17.0,-314.0,368.0,12:28:02.445733
-184.0,-365.0,1104.0,12:28:02.456243
-178.0,-889.0,1950.0,12:28:02.465508
173.0,-466.0,507.0,12:28:02.476020
127.0,-727.0,873.0,12:28:02.485285
10.0,-493.0,876.0,12:28:02.495821
288.0,-193.0,401.0,12:28:02.505231
143.0,-323.0,1101.0,12:28:02.514547
97.0,-267.0,685.0,12:28:02.525068
250.0,-530.0,949.0,12:28:02.534423
152.0,-388.0,939.0,12:28:02.544886
69.0,-453.0,1028.0,12:28:02.554215
157.0,-599.0,782.0,12:28:02.564690
168.0,-742.0,820.0,12:28:02.574095
162.0,-770.0,1383.0,12:28:02.584568
76.0,-377.0,739.0,12:28:02.593903
116.0,-202.0,643.0,12:28:02.603399
-42.0,-399.0,727.0,12:28:02.613925
-148.0,-36.0,378.0,12:28:02.623304
-337.0,-598.0,1580.0,12:28:02.633896
-50.0,-1092.0,1948.0,12:28:02.643267
216.0,-668.0,399.0,12:28:02.652564
-145.0,-581.0,1013.0,12:28:02.662958
-77.0,-709.0,994.0,12:28:02.672328
-76.0,-479.0,353.0,12:28:02.682850
-16.0,-704.0,1422.0,12:28:02.692250
30.0,-1004.0,1388.0,12:28:02.702808
171.0,-516.0,119.0,12:28:02.712213
-97.0,-639.0,727.0,12:28:02.721447
-227.0,-509.0,818.0,12:28:02.731945
183.0,-547.0,698.0,12:28:02.741252
208.0,-668.0,763.0,12:28:02.751815
51.0,-678.0,1141.0,12:28:02.761104
92.0,-653.0,839.0,12:28:02.771523
31.0,-21.0,-285.0,12:28:02.780859
-193.0,-242.0,1180.0,12:28:02.791379
-100.0,-655.0,1660.0,12:28:02.800802
89.0,-744.0,1095.0,12:28:02.810099
185.0,-521.0,735.0,12:28:02.820732
9.0,-528.0,1181.0,12:28:02.829990
57.0,-657.0,1474.0,12:28:02.840532
69.0,-491.0,474.0,12:28:02.849759
132.0,-283.0,597.0,12:28:02.860337
-86.0,-588.0,993.0,12:28:02.869578
-25.0,-587.0,748.0,12:28:02.880032
-20.0,-377.0,713.0,12:28:02.889425
-84.0,-488.0,1265.0,12:28:02.899899
66.0,-680.0,974.0,12:28:02.909174
193.0,-555.0,191.0,12:28:02.919610
-164.0,-473.0,941.0,12:28:02.929004
-129.0,-599.0,1689.0,12:28:02.938301
-150.0,-771.0,1184.0,12:28:02.948779
83.0,-597.0,254.0,12:28:02.958190
-32.0,-603.0,782.0,12:28:02.968766
-147.0,-385.0,867.0,12:28:02.978025
90.0,-633.0,657.0,12:28:02.988578
1.0,-715.0,934.0,12:28:02.997880
14.0,-331.0,523.0,12:28:03.008335
-119.0,-552.0,1407.0,12:28:03.017669
-97.0,-454.0,1153.0,12:28:03.026985
129.0,-750.0,1289.0,12:28:03.037664
114.0,-387.0,336.0,12:28:03.050399
166.0,-484.0,1274.0,12:28:03.057408
90.0,-260.0,1301.0,12:28:03.066794
-130.0,-281.0,764.0,12:28:03.076222
-64.0,-448.0,823.0,12:28:03.086923
-20.0,-588.0,1005.0,12:28:03.096477
-58.0,-472.0,780.0,12:28:03.105843
12.0,-338.0,603.0,12:28:03.116321
-113.0,-525.0,1396.0,12:28:03.125689
19.0,-665.0,1304.0,12:28:03.136179
56.0,-579.0,756.0,12:28:03.145545
36.0,-759.0,994.0,12:28:03.156090
174.0,-685.0,895.0,12:28:03.165403
40.0,-533.0,466.0,12:28:03.174768
4.0,-283.0,715.0,12:28:03.185232
-44.0,-274.0,860.0,12:28:03.194621
109.0,-298.0,822.0,12:28:03.205083
169.0,-406.0,1173.0,12:28:03.214428
123.0,-941.0,1356.0,12:28:03.224805
250.0,-335.0,355.0,12:28:03.234138
226.0,-672.0,1302.0,12:28:03.244584
298.0,-843.0,1368.0,12:28:03.253949
72.0,-644.0,1012.0,12:28:03.264405
84.0,-430.0,384.0,12:28:03.273667
156.0,-658.0,929.0,12:28:03.284124
-85.0,-655.0,1081.0,12:28:03.293370
150.0,-307.0,554.0,12:28:03.303967
-148.0,-583.0,1235.0,12:28:03.313221
82.0,-443.0,933.0,12:28:03.323675
66.0,-376.0,364.0,12:28:03.332996
87.0,-367.0,673.0,12:28:03.342368
-64.0,-635.0,1529.0,12:28:03.352818
-18.0,-444.0,630.0,12:28:03.362212
206.0,-465.0,638.0,12:28:03.372761
165.0,-545.0,940.0,12:28:03.382063
-86.0,-389.0,1124.0,12:28:03.392606
29.0,-477.0,857.0,12:28:03.401878
132.0,-443.0,784.0,12:28:03.412463
70.0,-506.0,1198.0,12:28:03.421833
206.0,-864.0,1280.0,12:28:03.431143
151.0,-272.0,212.0,12:28:03.441596
138.0,-651.0,815.0,12:28:03.451160
288.0,-417.0,756.0,12:28:03.461082
188.0,-162.0,285.0,12:28:03.471538
-122.0,-41.0,470.0,12:28:03.480900
179.0,-799.0,1940.0,12:28:03.490276
-135.0,-685.0,1594.0,12:28:03.500732
3.0,-526.0,747.0,12:28:03.510099
165.0,-433.0,1007.0,12:28:03.520666
453.0,-715.0,1241.0,12:28:03.530152
250.0,-821.0,598.0,12:28:03.539541
202.0,-135.0,339.0,12:28:03.550010
107.0,-664.0,1487.0,12:28:03.559467
0.0,-619.0,1263.0,12:28:03.570807
189.0,-795.0,667.0,12:28:03.579121
-69.0,-532.0,536.0,12:28:03.589799
39.0,-253.0,772.0,12:28:03.599067
-124.0,-793.0,1595.0,12:28:03.608484
-130.0,-296.0,771.0,12:28:03.618982
7.0,-316.0,296.0,12:28:03.628331
-20.0,-757.0,1735.0,12:28:03.638888
-50.0,-564.0,1149.0,12:28:03.648190
-11.0,-487.0,681.0,12:28:03.658713
-29.0,-785.0,1040.0,12:28:03.668028
111.0,-553.0,506.0,12:28:03.677525
19.0,-353.0,826.0,12:28:03.687978
-137.0,-362.0,732.0,12:28:03.697449
11.0,-553.0,628.0,12:28:03.707887
-30.0,-394.0,1013.0,12:28:03.717257
-48.0,-427.0,1031.0,12:28:03.727739
80.0,-680.0,1166.0,12:28:03.737074
132.0,-351.0,541.0,12:28:03.747499
82.0,-512.0,967.0,12:28:03.756793
-1.0,-449.0,890.0,12:28:03.767190
32.0,-579.0,1111.0,12:28:03.776523
81.0,-575.0,1142.0,12:28:03.785884
132.0,-613.0,828.0,12:28:03.796334
58.0,-813.0,1444.0,12:28:03.805658
34.0,-332.0,355.0,12:28:03.816030
71.0,-510.0,706.0,12:28:03.825470
169.0,-679.0,892.0,12:28:03.835849
-156.0,-350.0,732.0,12:28:03.845219
-72.0,-371.0,1098.0,12:28:03.855690
-66.0,-620.0,1033.0,12:28:03.865159
-95.0,-652.0,1032.0,12:28:03.875640
-156.0,-277.0,706.0,12:28:03.885068
-21.0,-534.0,864.0,12:28:03.894408
5.0,-430.0,768.0,12:28:03.904816
23.0,-343.0,807.0,12:28:03.914159
130.0,-635.0,1546.0,12:28:03.924614
17.0,-621.0,1138.0,12:28:03.934094
77.0,-448.0,343.0,12:28:03.944501
119.0,-808.0,1041.0,12:28:03.953947
87.0,-423.0,1169.0,12:28:03.963319
114.0,-490.0,868.0,12:28:03.973953
108.0,-584.0,818.0,12:28:03.983390
133.0,-452.0,761.0,12:28:03.992774
24.0,-283.0,808.0,12:28:04.003249
39.0,-482.0,1128.0,12:28:04.012613
26.0,-584.0,1217.0,12:28:04.023108
69.0,-783.0,1048.0,12:28:04.032374
118.0,-512.0,476.0,12:28:04.042959
78.0,-287.0,288.0,12:28:04.052310
14.0,-375.0,789.0,12:28:04.061816
72.0,-602.0,893.0,12:28:04.072249
28.0,-708.0,1326.0,12:28:04.081705
160.0,-636.0,787.0,12:28:04.092180
161.0,-413.0,378.0,12:28:04.101486
-313.0,-387.0,995.0,12:28:04.111999
-82.0,-523.0,784.0,12:28:04.121359
78.0,-780.0,1063.0,12:28:04.130867
237.0,-808.0,1261.0,12:28:04.141383
48.0,-542.0,1017.0,12:28:04.150820
10.0,-405.0,1054.0,12:28:04.161217
-77.0,-1067.0,1198.0,12:28:04.170620
-14.0,-337.0,-169.0,12:28:04.181047
-101.0,-459.0,904.0,12:28:04.190546
-164.0,-786.0,1683.0,12:28:04.199907
3.0,-339.0,650.0,12:28:04.210380
203.0,-218.0,391.0,12:28:04.219753
-74.0,-300.0,796.0,12:28:04.230161
-6.0,-88.0,581.0,12:28:04.239578
72.0,-128.0,769.0,12:28:04.253469
2.0,-819.0,1526.0,12:28:04.259715
82.0,-546.0,928.0,12:28:04.269054
152.0,-435.0,324.0,12:28:04.279529
-142.0,-72.0,471.0,12:28:04.288856
-67.0,-318.0,1244.0,12:28:04.299400
-53.0,-687.0,1420.0,12:28:04.308729
130.0,-1175.0,1688.0,12:28:04.318150
465.0,-835.0,982.0,12:28:04.328639
13.0,-764.0,1036.0,12:28:04.338032
91.0,-695.0,855.0,12:28:04.348614
129.0,-678.0,871.0,12:28:04.357939
135.0,-621.0,560.0,12:28:04.368494
167.0,-574.0,731.0,12:28:04.377902
-109.0,-570.0,1280.0,12:28:04.387252
22.0,-434.0,1154.0,12:28:04.397670
65.0,-529.0,1128.0,12:28:04.406999
23.0,-587.0,817.0,12:28:04.417480
-2.0,-396.0,933.0,12:28:04.426776
128.0,-393.0,775.0,12:28:04.437384
-57.0,-148.0,269.0,12:28:04.446868
-98.0,-436.0,1121.0,12:28:04.456278
-241.0,-624.0,1344.0,12:28:04.466904
-54.0,-619.0,800.0,12:28:04.476287
153.0,-682.0,746.0,12:28:04.485668
-65.0,-539.0,950.0,12:28:04.496267
156.0,-430.0,581.0,12:28:04.505616
-10.0,-598.0,1113.0,12:28:04.516114
-37.0,-621.0,1087.0,12:28:04.525413
18.0,-411.0,653.0,12:28:04.535914
-66.0,-493.0,1093.0,12:28:04.545171
30.0,-483.0,962.0,12:28:04.555697
110.0,-282.0,432.0,12:28:04.564972
14.0,-262.0,900.0,12:28:04.574325
-33.0,-434.0,1289.0,12:28:04.584711
58.0,-477.0,1153.0,12:28:04.594174
122.0,-944.0,1206.0,12:28:04.604585
132.0,-610.0,506.0,12:28:04.613803
35.0,-605.0,679.0,12:28:04.624298
-62.0,-439.0,1030.0,12:28:04.633547
-124.0,-434.0,1060.0,12:28:04.644120
-22.0,-1065.0,1004.0,12:28:04.655745
-12.0,-443.0,103.0,12:28:04.663050
18.0,-732.0,1007.0,12:28:04.673597
138.0,-656.0,1487.0,12:28:04.683006
-38.0,-313.0,846.0,12:28:04.693470
119.0,-344.0,710.0,12:28:04.702880
187.0,-281.0,584.0,12:28:04.713329
8.0,-384.0,812.0,12:28:04.722689
63.0,-574.0,1159.0,12:28:04.731962
243.0,-459.0,1136.0,12:28:04.742510
48.0,-632.0,1154.0,12:28:04.751815
119.0,-761.0,1073.0,12:28:04.762347
23.0,-395.0,505.0,12:28:04.771783
102.0,-515.0,1263.0,12:28:04.782252
-188.0,-591.0,1359.0,12:28:04.791696
269.0,-478.0,573.0,12:28:04.801013
-73.0,-726.0,676.0,12:28:04.811486
-93.0,-310.0,272.0,12:28:04.820773
-46.0,-625.0,1229.0,12:28:04.831307
-31.0,-581.0,1181.0,12:28:04.840647
22.0,-666.0,764.0,12:28:04.851245
-41.0,-522.0,572.0,12:28:04.860630
116.0,-473.0,712.0,12:28:04.871110
133.0,-811.0,1432.0,12:28:04.880432
-57.0,-545.0,672.0,12:28:04.889787
-16.0,-401.0,323.0,12:28:04.900399
-36.0,-619.0,1200.0,12:28:04.909670
126.0,-647.0,1135.0,12:28:04.920311
122.0,-662.0,803.0,12:28:04.929663
45.0,-616.0,708.0,12:28:04.938972
190.0,-719.0,1162.0,12:28:04.949566
123.0,-375.0,731.0,12:28:04.958958
28.0,-459.0,865.0,12:28:04.969437
165.0,-338.0,687.0,12:28:04.978694
3.0,-552.0,1052.0,12:28:04.989331
-45.0,-416.0,1189.0,12:28:04.998703
39.0,-347.0,825.0,12:28:05.008117
-53.0,-404.0,833.0,12:28:05.018587
117.0,-379.0,1321.0,12:28:05.028016
78.0,-304.0,879.0,12:28:05.038506
146.0,-298.0,801.0,12:28:05.047967
28.0,-534.0,1100.0,12:28:05.057377
-20.0,-397.0,900.0,12:28:05.067837
66.0,-463.0,832.0,12:28:05.077174
168.0,-539.0,882.0,12:28:05.087613
38.0,-647.0,1126.0,12:28:05.097012
-13.0,-543.0,844.0,12:28:05.107447
-30.0,-472.0,650.0,12:28:05.116790
155.0,-513.0,1057.0,12:28:05.127202
108.0,-634.0,922.0,12:28:05.136504
233.0,-438.0,377.0,12:28:05.146945
68.0,-544.0,1150.0,12:28:05.156285
2.0,-423.0,834.0,12:28:05.166782
113.0,-550.0,1109.0,12:28:05.176006
6.0,-618.0,709.0,12:28:05.186448
167.0,-492.0,856.0,12:28:05.195709
-39.0,-360.0,1060.0,12:28:05.205140
-29.0,-518.0,1148.0,12:28:05.215643
198.0,-682.0,1077.0,12:28:05.224962
84.0,-418.0,895.0,12:28:05.235378
28.0,-519.0,967.0,12:28:05.244822
108.0,-297.0,725.0,12:28:05.255287
34.0,-403.0,844.0,12:28:05.264597
102.0,-141.0,497.0,12:28:05.274091
42.0,-414.0,1059.0,12:28:05.284441
62.0,-410.0,1205.0,12:28:05.293798
49.0,-553.0,1327.0,12:28:05.304326
-22.0,-604.0,1301.0,12:28:05.313670
194.0,-462.0,673.0,12:28:05.324093
28.0,-576.0,945.0,12:28:05.333519
124.0,-552.0,956.0,12:28:05.344035
77.0,-485.0,845.0,12:28:05.353424
164.0,-592.0,795.0,12:28:05.362876
177.0,-563.0,853.0,12:28:05.373331
55.0,-417.0,907.0,12:28:05.382913
14.0,-506.0,997.0,12:28:05.393309
208.0,-503.0,658.0,12:28:05.402658
150.0,-737.0,1095.0,12:28:05.413129
79.0,-512.0,864.0,12:28:05.422469
60.0,-584.0,926.0,12:28:05.431887
40.0,-695.0,934.0,12:28:05.442339
-3.0,-641.0,957.0,12:28:05.457709
120.0,-464.0,723.0,12:28:05.461628
-96.0,-584.0,1126.0,12:28:05.472128
176.0,-715.0,822.0,12:28:05.481563
99.0,-561.0,615.0,12:28:05.491933
-25.0,-464.0,843.0,12:28:05.501393
-26.0,-508.0,815.0,12:28:05.510727
172.0,-612.0,863.0,12:28:05.521164
-77.0,-668.0,1076.0,12:28:05.530580
-137.0,-396.0,531.0,12:28:05.541070
-23.0,-575.0,649.0,12:28:05.550556
-88.0,-688.0,1335.0,12:28:05.560973
-3.0,-676.0,1197.0,12:28:05.570364
102.0,-685.0,699.0,12:28:05.579613
87.0,-521.0,736.0,12:28:05.590125
10.0,-574.0,1052.0,12:28:05.599499
-61.0,-589.0,891.0,12:28:05.609985
-29.0,-525.0,617.0,12:28:05.619231
84.0,-509.0,810.0,12:28:05.629733
37.0,-742.0,1155.0,12:28:05.639057
-59.0,-640.0,789.0,12:28:05.649511
36.0,-357.0,537.0,12:28:05.658860
41.0,-446.0,562.0,12:28:05.669345
-122.0,-437.0,1198.0,12:28:05.678739
39.0,-429.0,1148.0,12:28:05.688107
37.0,-599.0,863.0,12:28:05.698676
74.0,-550.0,1135.0,12:28:05.707952
-9.0,-565.0,1141.0,12:28:05.718492
84.0,-219.0,678.0,12:28:05.727825
32.0,-698.0,1225.0,12:28:05.738203
219.0,-463.0,688.0,12:28:05.747562
-13.0,-342.0,650.0,12:28:05.758011
-96.0,-370.0,841.0,12:28:05.767557
136.0,-449.0,895.0,12:28:05.776868
-103.0,-620.0,992.0,12:28:05.787473
71.0,-521.0,858.0,12:28:05.796846
116.0,-545.0,1227.0,12:28:05.807359
-92.0,-477.0,877.0,12:28:05.816803
98.0,-733.0,1068.0,12:28:05.826300
22.0,-473.0,872.0,12:28:05.836836
111.0,-528.0,663.0,12:28:05.846179
18.0,-526.0,1015.0,12:28:05.858662
198.0,-552.0,802.0,12:28:05.865915
23.0,-419.0,743.0,12:28:05.876290
-90.0,-553.0,1322.0,12:28:05.885593
116.0,-566.0,846.0,12:28:05.895071
105.0,-329.0,434.0,12:28:05.905613
-29.0,-559.0,1189.0,12:28:05.914890
66.0,-799.0,1378.0,12:28:05.925446
-36.0,-473.0,461.0,12:28:05.934868
63.0,-458.0,817.0,12:28:05.945243
0.0,-624.0,1255.0,12:28:05.954655
-138.0,-511.0,816.0,12:28:05.963994
-16.0,-618.0,789.0,12:28:05.974530
40.0,-625.0,854.0,12:28:05.983856
74.0,-400.0,645.0,12:28:05.994248
37.0,-266.0,861.0,12:28:06.003594
-241.0,-469.0,1188.0,12:28:06.014111
121.0,-660.0,945.0,12:28:06.023395
103.0,-484.0,843.0,12:28:06.033889
-10.0,-648.0,1326.0,12:28:06.043321
59.0,-315.0,651.0,12:28:06.053784
116.0,-657.0,1007.0,12:28:06.063154
76.0,-332.0,694.0,12:28:06.072448
-119.0,-520.0,1178.0,12:28:06.082997
-88.0,-533.0,866.0,12:28:06.092313
38.0,-470.0,757.0,12:28:06.102832
-67.0,-221.0,861.0,12:28:06.112157
77.0,-731.0,1585.0,12:28:06.122542
131.0,-474.0,816.0,12:28:06.131872
89.0,-515.0,547.0,12:28:06.142341
148.0,-452.0,754.0,12:28:06.151877
56.0,-638.0,1255.0,12:28:06.162239
139.0,-311.0,577.0,12:28:06.171710
-52.0,-358.0,622.0,12:28:06.181008
35.0,-763.0,1274.0,12:28:06.191445
10.0,-522.0,809.0,12:28:06.200763
17.0,-555.0,895.0,12:28:06.211224
260.0,-534.0,907.0,12:28:06.220798
42.0,-468.0,802.0,12:28:06.231198
35.0,-527.0,861.0,12:28:06.240598
110.0,-687.0,1026.0,12:28:06.249949
121.0,-716.0,972.0,12:28:06.260600
87.0,-539.0,523.0,12:28:06.269981
-18.0,-573.0,1082.0,12:28:06.280463
61.0,-755.0,1333.0,12:28:06.289823
90.0,-454.0,780.0,12:28:06.299218
-2.0,-637.0,811.0,12:28:06.309840
76.0,-653.0,896.0,12:28:06.319106
-99.0,-370.0,680.0,12:28:06.329694
30.0,-258.0,665.0,12:28:06.338995
-28.0,-541.0,1267.0,12:28:06.349513
-84.0,-555.0,754.0,12:28:06.358910
96.0,-651.0,869.0,12:28:06.368308
84.0,-563.0,1024.0,12:28:06.378789
-6.0,-525.0,1042.0,12:28:06.388075
150.0,-368.0,729.0,12:28:06.398723
82.0,-515.0,829.0,12:28:06.408069
-105.0,-237.0,446.0,12:28:06.417526
-39.0,-432.0,942.0,12:28:06.428003
30.0,-343.0,914.0,12:28:06.437530
-18.0,-561.0,1196.0,12:28:06.447976
42.0,-823.0,1180.0,12:28:06.457447
194.0,-577.0,758.0,12:28:06.466809
133.0,-680.0,899.0,12:28:06.477333
128.0,-496.0,1048.0,12:28:06.486595
112.0,-403.0,1071.0,12:28:06.496987
-9.0,-858.0,1517.0,12:28:06.506451
99.0,-603.0,376.0,12:28:06.516842
-92.0,-399.0,515.0,12:28:06.526281
112.0,-829.0,1411.0,12:28:06.536704
0.0,-441.0,580.0,12:28:06.546096
17.0,-235.0,366.0,12:28:06.555351
-86.0,-661.0,1347.0,12:28:06.565803
89.0,-775.0,1161.0,12:28:06.575233
76.0,-247.0,442.0,12:28:06.585729
-11.0,-551.0,914.0,12:28:06.595184
142.0,-652.0,1404.0,12:28:06.605630
91.0,-284.0,609.0,12:28:06.614961
55.0,-261.0,360.0,12:28:06.625412
188.0,-631.0,1201.0,12:28:06.634755
134.0,-431.0,1021.0,12:28:06.644080
71.0,-560.0,1128.0,12:28:06.660752
36.0,-508.0,1159.0,12:28:06.664770
-65.0,-617.0,1112.0,12:28:06.674131
22.0,-393.0,511.0,12:28:06.683440
56.0,-584.0,1288.0,12:28:06.694045
91.0,-595.0,869.0,12:28:06.703306
-113.0,-84.0,130.0,12:28:06.713964
67.0,-573.0,1001.0,12:28:06.723379
-189.0,-366.0,1105.0,12:28:06.732945
-70.0,-455.0,1100.0,12:28:06.743438
-28.0,-462.0,792.0,12:28:06.752841
-45.0,-365.0,887.0,12:28:06.763343
23.0,-893.0,1534.0,12:28:06.772855
134.0,-512.0,1057.0,12:28:06.782164
396.0,-1058.0,1249.0,12:28:06.792598
49.0,-621.0,444.0,12:28:06.801975
152.0,-412.0,336.0,12:28:06.812343
77.0,-370.0,1013.0,12:28:06.821823
-59.0,-463.0,1051.0,12:28:06.832310
60.0,-619.0,784.0,12:28:06.841762
87.0,-321.0,480.0,12:28:06.851153
-37.0,-403.0,1131.0,12:28:06.861536
-154.0,-299.0,1176.0,12:28:06.870869
-18.0,-614.0,1097.0,12:28:06.881387
129.0,-464.0,982.0,12:28:06.890699
44.0,-605.0,841.0,12:28:06.901123
53.0,-251.0,736.0,12:28:06.910575
23.0,-524.0,1019.0,12:28:06.920959
-58.0,-377.0,664.0,12:28:06.930302
17.0,-457.0,860.0,12:28:06.940723
4.0,-351.0,722.0,12:28:06.950062
-24.0,-435.0,711.0,12:28:06.960450
116.0,-593.0,1064.0,12:28:06.969757
-104.0,-389.0,1030.0,12:28:06.980204
119.0,-765.0,904.0,12:28:06.989542
86.0,-699.0,887.0,12:28:06.998850
124.0,-866.0,1453.0,12:28:07.009331
102.0,-946.0,1560.0,12:28:07.018714
303.0,-660.0,366.0,12:28:07.029093
144.0,-676.0,523.0,12:28:07.038535
137.0,-589.0,1215.0,12:28:07.049090
124.0,-599.0,810.0,12:28:07.062633
304.0,-555.0,285.0,12:28:07.068734
40.0,-388.0,617.0,12:28:07.077921
-167.0,-436.0,871.0,12:28:07.088568
-74.0,-338.0,833.0,12:28:07.097858
3.0,-641.0,1295.0,12:28:07.107313
-80.0,-461.0,708.0,12:28:07.117768
84.0,-529.0,676.0,12:28:07.127081
-54.0,-176.0,642.0,12:28:07.137593
-389.0,-227.0,1446.0,12:28:07.146892
-15.0,-665.0,1213.0,12:28:07.157458
33.0,-636.0,861.0,12:28:07.166835
96.0,-82.0,255.0,12:28:07.176336
-116.0,-1046.0,2047.0,12:28:07.186802
57.0,-606.0,815.0,12:28:07.196296
164.0,-766.0,807.0,12:28:07.206868
182.0,-711.0,895.0,12:28:07.216387
191.0,-154.0,435.0,12:28:07.225672
52.0,-604.0,1317.0,12:28:07.236188
25.0,-564.0,637.0,12:28:07.245584
94.0,-349.0,303.0,12:28:07.255975
-94.0,-389.0,993.0,12:28:07.265278
-17.0,-610.0,1385.0,12:28:07.275733
-14.0,-354.0,460.0,12:28:07.285222
-107.0,-477.0,681.0,12:28:07.294553
115.0,-629.0,1330.0,12:28:07.305148
-108.0,-599.0,995.0,12:28:07.314471
10.0,-653.0,859.0,12:28:07.324977
72.0,-507.0,607.0,12:28:07.334332
-120.0,-406.0,828.0,12:28:07.344743
23.0,-470.0,797.0,12:28:07.354147
277.0,-535.0,760.0,12:28:07.363537
-137.0,-69.0,879.0,12:28:07.374107
-75.0,-594.0,1428.0,12:28:07.383379
89.0,-800.0,1485.0,12:28:07.394056
291.0,-222.0,786.0,12:28:07.403298
23.0,-900.0,1764.0,12:28:07.413771
218.0,-320.0,7.0,12:28:07.423008
-26.0,39.0,-14.0,12:28:07.433492
23.0,-362.0,1593.0,12:28:07.442752
70.0,-558.0,1716.0,12:28:07.453188
-70.0,-785.0,662.0,12:28:07.462537
-18.0,-1068.0,1495.0,12:28:07.473014
-195.0,-680.0,1023.0,12:28:07.482351
30.0,-365.0,442.0,12:28:07.491701
-63.0,-505.0,570.0,12:28:07.502375
-75.0,-634.0,876.0,12:28:07.511765
-3.0,-208.0,398.0,12:28:07.522260
-8.0,-432.0,767.0,12:28:07.531572
59.0,-774.0,853.0,12:28:07.540949
69.0,-388.0,904.0,12:28:07.551327
81.0,-728.0,2047.0,12:28:07.560729
163.0,-1241.0,1356.0,12:28:07.571103
201.0,-245.0,-485.0,12:28:07.580451
101.0,-231.0,1037.0,12:28:07.590858
218.0,-1078.0,1976.0,12:28:07.600126
261.0,86.0,-132.0,12:28:07.610694
-165.0,-481.0,1285.0,12:28:07.620047
146.0,-782.0,1003.0,12:28:07.630614
204.0,-506.0,578.0,12:28:07.639958
-199.0,-269.0,1184.0,12:28:07.649494
78.0,-583.0,853.0,12:28:07.660035
122.0,-346.0,274.0,12:28:07.669415
-197.0,111.0,84.0,12:28:07.679864
-85.0,-171.0,1454.0,12:28:07.689173
7.0,-654.0,1886.0,12:28:07.698650
-70.0,-754.0,1098.0,12:28:07.709058
72.0,-236.0,97.0,12:28:07.718556
292.0,-1131.0,1961.0,12:28:07.728948
307.0,-442.0,592.0,12:28:07.738296
306.0,-334.0,105.0,12:28:07.748674
25.0,-578.0,1126.0,12:28:07.758083
273.0,-538.0,1207.0,12:28:07.768577
163.0,-460.0,356.0,12:28:07.777897
50.0,-343.0,529.0,12:28:07.788360
308.0,-965.0,1528.0,12:28:07.797771
138.0,-759.0,667.0,12:28:07.807119
49.0,-581.0,693.0,12:28:07.817581
-36.0,-408.0,1001.0,12:28:07.826963
-6.0,-384.0,1233.0,12:28:07.837484
-40.0,-145.0,729.0,12:28:07.846797
-55.0,-109.0,138.0,12:28:07.862880
-141.0,-868.0,1823.0,12:28:07.866632
-40.0,-830.0,1756.0,12:28:07.877119
96.0,-579.0,653.0,12:28:07.886414
45.0,-852.0,677.0,12:28:07.896789
194.0,-961.0,1155.0,12:28:07.906055
-85.0,-237.0,498.0,12:28:07.915478
-94.0,-119.0,453.0,12:28:07.925871
-306.0,-485.0,1319.0,12:28:07.935249
75.0,-354.0,376.0,12:28:07.945668
-119.0,-121.0,44.0,12:28:07.955121
20.0,-687.0,1949.0,12:28:07.965540
-18.0,-791.0,1581.0,12:28:07.974931
-81.0,-466.0,379.0,12:28:07.985371
-183.0,-742.0,1063.0,12:28:07.994843
129.0,-652.0,703.0,12:28:08.004200
-233.0,-84.0,361.0,12:28:08.014655
143.0,-679.0,1469.0,12:28:08.024020
35.0,-838.0,1491.0,12:28:08.034466
106.0,-904.0,445.0,12:28:08.044012
109.0,-470.0,476.0,12:28:08.054422
197.0,-641.0,1255.0,12:28:08.063832
-27.0,-175.0,953.0,12:28:08.073174
-21.0,-209.0,391.0,12:28:08.083740
26.0,-470.0,568.0,12:28:08.093015
39.0,-671.0,2047.0,12:28:08.103689
155.0,-362.0,995.0,12:28:08.112942
-39.0,-575.0,845.0,12:28:08.123481
137.0,-652.0,1399.0,12:28:08.133027
206.0,-548.0,598.0,12:28:08.142367
-8.0,-219.0,371.0,12:28:08.152850
-12.0,-310.0,887.0,12:28:08.162168
-150.0,-272.0,807.0,12:28:08.172683
-79.0,-241.0,801.0,12:28:08.182043
-183.0,-645.0,1737.0,12:28:08.191375
1.0,-664.0,1219.0,12:28:08.201967
158.0,-747.0,728.0,12:28:08.211370
115.0,-543.0,706.0,12:28:08.221827
157.0,-660.0,993.0,12:28:08.231160
78.0,-384.0,917.0,12:28:08.241542
49.0,-406.0,524.0,12:28:08.250909
70.0,-213.0,471.0,12:28:08.264930
-184.0,-459.0,1367.0,12:28:08.270866
-20.0,-394.0,996.0,12:28:08.280245
238.0,-653.0,960.0,12:28:08.290877
212.0,-481.0,771.0,12:28:08.300282
74.0,-541.0,1222.0,12:28:08.310713
250.0,-647.0,455.0,12:28:08.319982
226.0,-712.0,706.0,12:28:08.330438
124.0,-459.0,1098.0,12:28:08.339676
104.0,-565.0,773.0,12:28:08.350132
-47.0,-339.0,626.0,12:28:08.359484
-103.0,-833.0,1373.0,12:28:08.368996
13.0,-582.0,723.0,12:28:08.379562
103.0,-361.0,842.0,12:28:08.388907
7.0,-643.0,1724.0,12:28:08.399442
132.0,-539.0,806.0,12:28:08.408969
150.0,-326.0,381.0,12:28:08.418277
89.0,-709.0,1053.0,12:28:08.428764
-211.0,-425.0,722.0,12:28:08.438127
-44.0,-494.0,805.0,12:28:08.448680
49.0,-642.0,992.0,12:28:08.458076
-6.0,-181.0,462.0,12:28:08.467515
82.0,-256.0,860.0,12:28:08.478013
18.0,-207.0,787.0,12:28:08.487361
-205.0,-696.0,1312.0,12:28:08.497806
-85.0,-605.0,1271.0,12:28:08.507095
-95.0,-878.0,1498.0,12:28:08.517656
261.0,-785.0,722.0,12:28:08.526964
-21.0,-698.0,544.0,12:28:08.536454
-13.0,-722.0,1098.0,12:28:08.546972
159.0,-505.0,270.0,12:28:08.556534
56.0,-771.0,930.0,12:28:08.567011
52.0,-755.0,1415.0,12:28:08.576338
10.0,-687.0,1081.0,12:28:08.585625
-7.0,-445.0,403.0,12:28:08.596097
-64.0,-662.0,1204.0,12:28:08.605382
235.0,-540.0,736.0,12:28:08.615859
-89.0,-256.0,854.0,12:28:08.625240
10.0,-342.0,931.0,12:28:08.635727
-111.0,-361.0,815.0,12:28:08.645177
-9.0,-526.0,1026.0,12:28:08.655592
-2.0,-305.0,821.0,12:28:08.665018
-49.0,-545.0,1283.0,12:28:08.674316
-38.0,-402.0,823.0,12:28:08.684823
152.0,-408.0,650.0,12:28:08.694111
-73.0,-604.0,977.0,12:28:08.704609
143.0,-469.0,816.0,12:28:08.713967
2.0,-349.0,574.0,12:28:08.724416
11.0,-549.0,893.0,12:28:08.733669
28.0,-575.0,1165.0,12:28:08.744145
120.0,-504.0,962.0,12:28:08.753476
48.0,-621.0,1169.0,12:28:08.763985
108.0,-564.0,874.0,12:28:08.773966
-2.0,-495.0,845.0,12:28:08.783458
252.0,-491.0,840.0,12:28:08.792934
73.0,-441.0,1144.0,12:28:08.803363
-64.0,-411.0,602.0,12:28:08.812626
-213.0,-309.0,840.0,12:28:08.823135
8.0,-810.0,1418.0,12:28:08.832430
21.0,-614.0,654.0,12:28:08.841867
33.0,-550.0,790.0,12:28:08.852260
-92.0,-615.0,1032.0,12:28:08.861682
-20.0,-397.0,609.0,12:28:08.872109
-141.0,-556.0,1140.0,12:28:08.881468
-61.0,-709.0,847.0,12:28:08.891938
58.0,-235.0,448.0,12:28:08.901315
5.0,-628.0,1593.0,12:28:08.911915
27.0,-638.0,1060.0,12:28:08.921168
98.0,-425.0,687.0,12:28:08.930676
-8.0,-384.0,1064.0,12:28:08.941053
170.0,-207.0,658.0,12:28:08.950374
-8.0,-206.0,787.0,12:28:08.960828
-100.0,-303.0,1249.0,12:28:08.970267
-138.0,-599.0,1320.0,12:28:08.980809
49.0,-737.0,1224.0,12:28:08.990155
145.0,-741.0,1016.0,12:28:09.000739
-28.0,-592.0,835.0,12:28:09.010121
15.0,-625.0,833.0,12:28:09.019506
130.0,-507.0,603.0,12:28:09.030074
77.0,-545.0,657.0,12:28:09.039567
-87.0,-456.0,1011.0,12:28:09.048829
169.0,-756.0,1304.0,12:28:09.067605
52.0,-801.0,843.0,12:28:09.068996
67.0,-497.0,214.0,12:28:09.079076
134.0,-715.0,1123.0,12:28:09.088471
121.0,-459.0,960.0,12:28:09.098876
19.0,-438.0,573.0,12:28:09.108228
148.0,-663.0,962.0,12:28:09.118617
141.0,-596.0,990.0,12:28:09.127970
-20.0,-497.0,1013.0,12:28:09.138513
-61.0,-469.0,680.0,12:28:09.147897
90.0,-423.0,835.0,12:28:09.158379
40.0,-344.0,965.0,12:28:09.167766
120.0,-325.0,728.0,12:28:09.177121
-55.0,-361.0,1097.0,12:28:09.187524
129.0,-504.0,1204.0,12:28:09.196993
158.0,-535.0,1064.0,12:28:09.207440
194.0,-580.0,930.0,12:28:09.216781
198.0,-480.0,739.0,12:28:09.227153
62.0,-471.0,811.0,12:28:09.236550
42.0,-651.0,1339.0,12:28:09.246985
-89.0,-319.0,576.0,12:28:09.256478
20.0,-484.0,939.0,12:28:09.265737
30.0,-445.0,1143.0,12:28:09.276374
46.0,-488.0,1058.0,12:28:09.285689
-46.0,-393.0,763.0,12:28:09.296112
251.0,-521.0,995.0,12:28:09.305501
124.0,-625.0,816.0,12:28:09.315936
296.0,-472.0,595.0,12:28:09.325268
153.0,-536.0,1123.0,12:28:09.335659
29.0,-422.0,1177.0,12:28:09.345012
223.0,-477.0,612.0,12:28:09.355445
2.0,-576.0,923.0,12:28:09.364795
-22.0,-588.0,1071.0,12:28:09.375229
-8.0,-640.0,778.0,12:28:09.384608
22.0,-532.0,841.0,12:28:09.394050
-54.0,-690.0,1217.0,12:28:09.404502
-55.0,-406.0,350.0,12:28:09.413870
-25.0,-465.0,1023.0,12:28:09.424399
-37.0,-408.0,1358.0,12:28:09.433704
85.0,-716.0,967.0,12:28:09.444165
136.0,-525.0,770.0,12:28:09.453530
92.0,-580.0,1002.0,12:28:09.468232
25.0,-363.0,732.0,12:28:09.473201
43.0,-306.0,885.0,12:28:09.482556
-98.0,-454.0,963.0,12:28:09.492981
32.0,-468.0,793.0,12:28:09.502461
-57.0,-372.0,821.0,12:28:09.512909
-139.0,-431.0,1004.0,12:28:09.522290
155.0,-669.0,1103.0,12:28:09.532820
56.0,-372.0,542.0,12:28:09.542193
-67.0,-596.0,988.0,12:28:09.551544
85.0,-614.0,1123.0,12:28:09.562110
87.0,-384.0,894.0,12:28:09.571381
-22.0,-414.0,744.0,12:28:09.581988
47.0,-622.0,1037.0,12:28:09.591323
40.0,-562.0,1201.0,12:28:09.600705
38.0,-509.0,720.0,12:28:09.611144
94.0,-476.0,937.0,12:28:09.620569
6.0,-478.0,1145.0,12:28:09.631071
-75.0,-345.0,821.0,12:28:09.640380
109.0,-525.0,1077.0,12:28:09.650951
26.0,-445.0,674.0,12:28:09.660249
86.0,-577.0,933.0,12:28:09.670734
-61.0,-317.0,795.0,12:28:09.679996
121.0,-487.0,888.0,12:28:09.690627
26.0,-562.0,1062.0,12:28:09.699889
146.0,-559.0,711.0,12:28:09.709214
87.0,-492.0,885.0,12:28:09.719793
90.0,-755.0,1296.0,12:28:09.729132
84.0,-722.0,891.0,12:28:09.739644
68.0,-589.0,774.0,12:28:09.749032
48.0,-460.0,734.0,12:28:09.759484
96.0,-586.0,935.0,12:28:09.768789
19.0,-588.0,994.0,12:28:09.779231
-17.0,-436.0,629.0,12:28:09.788590
112.0,-526.0,866.0,12:28:09.797969
-157.0,-528.0,1104.0,12:28:09.808470
-5.0,-746.0,1241.0,12:28:09.817884
84.0,-403.0,438.0,12:28:09.828340
-2.0,-453.0,799.0,12:28:09.837669
-97.0,-807.0,1421.0,12:28:09.848198
95.0,-538.0,550.0,12:28:09.857553
91.0,-626.0,781.0,12:28:09.867955
54.0,-618.0,1002.0,12:28:09.877433
131.0,-514.0,782.0,12:28:09.886638
38.0,-483.0,760.0,12:28:09.897157
28.0,-638.0,955.0,12:28:09.906442
40.0,-529.0,926.0,12:28:09.917039
13.0,-460.0,825.0,12:28:09.926398
-7.0,-670.0,1209.0,12:28:09.936936
-15.0,-640.0,892.0,12:28:09.946329
100.0,-709.0,860.0,12:28:09.955796
23.0,-778.0,1253.0,12:28:09.966272
55.0,-404.0,372.0,12:28:09.975636
-190.0,-323.0,822.0,12:28:09.986064
-49.0,-731.0,1186.0,12:28:09.995404
-101.0,-445.0,474.0,12:28:10.005899
-48.0,-701.0,1136.0,12:28:10.015270
-4.0,-676.0,1249.0,12:28:10.024640
-72.0,-315.0,549.0,12:28:10.035219
-135.0,-609.0,1075.0,12:28:10.044537
113.0,-608.0,1015.0,12:28:10.055169
-73.0,-479.0,593.0,12:28:10.064685
28.0,-423.0,927.0,12:28:10.074047
-112.0,-506.0,1010.0,12:28:10.084480
-60.0,-453.0,635.0,12:28:10.093776
-39.0,-457.0,802.0,12:28:10.104313
7.0,-580.0,1195.0,12:28:10.113570
49.0,-590.0,870.0,12:28:10.124095
50.0,-557.0,806.0,12:28:10.133435
18.0,-522.0,908.0,12:28:10.142916
14.0,-598.0,1316.0,12:28:10.153310
106.0,-712.0,1052.0,12:28:10.162737
-31.0,-326.0,188.0,12:28:10.173181
22.0,-433.0,849.0,12:28:10.182563
-194.0,-657.0,1470.0,12:28:10.193007
-47.0,-372.0,540.0,12:28:10.202320
-24.0,-504.0,631.0,12:28:10.212720
-115.0,-679.0,1230.0,12:28:10.222097
-81.0,-600.0,961.0,12:28:10.232527
-58.0,-317.0,741.0,12:28:10.241880
50.0,-585.0,1072.0,12:28:10.252340
-50.0,-372.0,537.0,12:28:10.268871
-84.0,-371.0,989.0,12:28:10.272213
-13.0,-524.0,1258.0,12:28:10.281694
-39.0,-708.0,1299.0,12:28:10.291004
41.0,-457.0,552.0,12:28:10.301579
-39.0,-289.0,852.0,12:28:10.310885
125.0,-611.0,1222.0,12:28:10.320227
-88.0,-117.0,425.0,12:28:10.330708
22.0,-660.0,1174.0,12:28:10.340042
19.0,-527.0,775.0,12:28:10.350424
175.0,-395.0,708.0,12:28:10.359899
116.0,-393.0,863.0,12:28:10.370315
122.0,-256.0,593.0,12:28:10.379763
82.0,-732.0,1312.0,12:28:10.390245
-108.0,-726.0,1603.0,12:28:10.399553
-44.0,-468.0,1035.0,12:28:10.408936
30.0,-606.0,921.0,12:28:10.419544
134.0,-621.0,754.0,12:28:10.428813
184.0,-446.0,710.0,12:28:10.439222
-35.0,-258.0,980.0,12:28:10.448643
13.0,-558.0,766.0,12:28:10.459126
173.0,-598.0,655.0,12:28:10.468591
-77.0,-563.0,1064.0,12:28:10.477902
199.0,-669.0,1071.0,12:28:10.488501
123.0,-921.0,1051.0,12:28:10.497812
-31.0,-378.0,741.0,12:28:10.508251
279.0,-457.0,783.0,12:28:10.517592
-44.0,-727.0,1170.0,12:28:10.528102
58.0,-464.0,866.0,12:28:10.537541
29.0,-409.0,522.0,12:28:10.546954
-95.0,-532.0,633.0,12:28:10.557421
-25.0,-580.0,1140.0,12:28:10.566850
130.0,-322.0,894.0,12:28:10.577305
-104.0,-633.0,1234.0,12:28:10.586656
196.0,-481.0,652.0,12:28:10.597055
124.0,-335.0,541.0,12:28:10.606392
182.0,-578.0,1254.0,12:28:10.616861
205.0,-665.0,1080.0,12:28:10.626281
19.0,-648.0,553.0,12:28:10.636695
8.0,-303.0,475.0,12:28:10.646103
-38.0,-351.0,1030.0,12:28:10.655464
27.0,-548.0,1178.0,12:28:10.670729
51.0,-471.0,793.0,12:28:10.676092
60.0,-712.0,1088.0,12:28:10.685429
189.0,-714.0,861.0,12:28:10.694731
23.0,-286.0,846.0,12:28:10.705225
98.0,-910.0,1701.0,12:28:10.714481
55.0,-707.0,570.0,12:28:10.724975
43.0,-436.0,66.0,12:28:10.734228
-37.0,-515.0,1151.0,12:28:10.744720
-9.0,-330.0,1144.0,12:28:10.754043
-18.0,-446.0,640.0,12:28:10.764567
-78.0,-399.0,841.0,12:28:10.774012
-30.0,-234.0,935.0,12:28:10.784540
-88.0,-551.0,1286.0,12:28:10.793893
52.0,-546.0,1118.0,12:28:10.803267
164.0,-663.0,1077.0,12:28:10.813687
158.0,-696.0,814.0,12:28:10.823016
112.0,-485.0,476.0,12:28:10.833516
4.0,-452.0,1142.0,12:28:10.843017
87.0,-518.0,933.0,12:28:10.853557
50.0,-651.0,922.0,12:28:10.862885
-144.0,-314.0,545.0,12:28:10.872418
-52.0,-436.0,943.0,12:28:10.882898
100.0,-644.0,1224.0,12:28:10.892343
54.0,-380.0,499.0,12:28:10.901751
126.0,-593.0,996.0,12:28:10.912241
71.0,-626.0,1121.0,12:28:10.921646
162.0,-360.0,485.0,12:28:10.932064
20.0,-438.0,998.0,12:28:10.941401
-53.0,-192.0,786.0,12:28:10.951883
116.0,-523.0,1198.0,12:28:10.961144
93.0,-587.0,1128.0,12:28:10.971732
-29.0,-417.0,726.0,12:28:10.981165
-89.0,-815.0,1508.0,12:28:10.990616
94.0,-399.0,817.0,12:28:11.001009
132.0,-601.0,737.0,12:28:11.010292
-65.0,-463.0,806.0,12:28:11.020719
-55.0,-398.0,679.0,12:28:11.030187
-78.0,-444.0,734.0,12:28:11.040657
-17.0,-748.0,1337.0,12:28:11.050002
121.0,-536.0,1345.0,12:28:11.060414
75.0,-334.0,477.0,12:28:11.069812
33.0,-456.0,895.0,12:28:11.080213
129.0,-480.0,1330.0,12:28:11.089536
97.0,-380.0,650.0,12:28:11.098875
85.0,-299.0,593.0,12:28:11.109493
-66.0,-671.0,1373.0,12:28:11.118837
150.0,-495.0,597.0,12:28:11.129403
57.0,-331.0,384.0,12:28:11.138737
-8.0,-544.0,1334.0,12:28:11.149122
-222.0,-389.0,709.0,12:28:11.158570
-15.0,-717.0,1220.0,12:28:11.167914
238.0,-716.0,1263.0,12:28:11.178454
46.0,-792.0,1025.0,12:28:11.187771
21.0,-675.0,537.0,12:28:11.198303
222.0,-678.0,1095.0,12:28:11.207538
27.0,-275.0,494.0,12:28:11.218083
59.0,-517.0,594.0,12:28:11.227418
-16.0,-575.0,1413.0,12:28:11.237908
92.0,-409.0,594.0,12:28:11.247174
-36.0,-239.0,557.0,12:28:11.256518
152.0,-778.0,1874.0,12:28:11.266952
-73.0,-715.0,1271.0,12:28:11.276400
268.0,-603.0,475.0,12:28:11.286954
50.0,-734.0,890.0,12:28:11.296345
193.0,-524.0,736.0,12:28:11.306840
-12.0,-269.0,649.0,12:28:11.316176
43.0,-519.0,748.0,12:28:11.325685
-134.0,-431.0,515.0,12:28:11.336154
-238.0,-98.0,551.0,12:28:11.345507
-126.0,-366.0,1158.0,12:28:11.356055
-102.0,-773.0,1901.0,12:28:11.365471
184.0,-884.0,1068.0,12:28:11.374751
123.0,-727.0,610.0,12:28:11.385312
145.0,-659.0,761.0,12:28:11.394612
78.0,-485.0,852.0,12:28:11.405196
132.0,-476.0,440.0,12:28:11.414440
-111.0,-448.0,592.0,12:28:11.424894
-7.0,-456.0,849.0,12:28:11.434200
-112.0,-494.0,1175.0,12:28:11.444718
-48.0,-614.0,1574.0,12:28:11.454127
-24.0,-650.0,1094.0,12:28:11.463509
68.0,-880.0,682.0,12:28:11.476520
-54.0,-864.0,1306.0,12:28:11.483657
68.0,-324.0,651.0,12:28:11.494105
16.0,-596.0,965.0,12:28:11.503459
-24.0,-638.0,997.0,12:28:11.512879
139.0,-582.0,597.0,12:28:11.523424
-36.0,-420.0,763.0,12:28:11.532830
-56.0,-416.0,1184.0,12:28:11.543319
39.0,-244.0,482.0,12:28:11.552636
-84.0,-421.0,939.0,12:28:11.562022
-78.0,-466.0,1125.0,12:28:11.572397
69.0,-589.0,744.0,12:28:11.581888
-17.0,-489.0,722.0,12:28:11.592261
-21.0,-462.0,1171.0,12:28:11.601756
-17.0,-448.0,1109.0,12:28:11.612291
-56.0,-678.0,972.0,12:28:11.621690
207.0,-524.0,590.0,12:28:11.631036
-80.0,-367.0,857.0,12:28:11.641508
52.0,-582.0,1120.0,12:28:11.650794
88.0,-406.0,430.0,12:28:11.661224
30.0,-505.0,919.0,12:28:11.670612
-125.0,-511.0,1228.0,12:28:11.681101
16.0,-682.0,1297.0,12:28:11.690394
86.0,-501.0,611.0,12:28:11.700818
-60.0,-650.0,912.0,12:28:11.710166
111.0,-298.0,541.0,12:28:11.720677
106.0,-205.0,707.0,12:28:11.729996
-97.0,-421.0,1450.0,12:28:11.740613
136.0,-648.0,1245.0,12:28:11.749960
107.0,-797.0,719.0,12:28:11.759198
-31.0,-540.0,900.0,12:28:11.769931
49.0,-545.0,1153.0,12:28:11.779203
-14.0,-584.0,943.0,12:28:11.788697
132.0,-522.0,668.0,12:28:11.799173
25.0,-371.0,678.0,12:28:11.808597
-51.0,-395.0,897.0,12:28:11.819083
-77.0,-155.0,930.0,12:28:11.828498
45.0,-570.0,1562.0,12:28:11.838970
204.0,-453.0,1006.0,12:28:11.848223
182.0,-508.0,1164.0,12:28:11.858732
243.0,-378.0,742.0,12:28:11.874564
132.0,-342.0,841.0,12:28:11.878340
223.0,-452.0,1189.0,12:28:11.887720
197.0,-414.0,813.0,12:28:11.898112
22.0,-630.0,802.0,12:28:11.907619
427.0,-762.0,681.0,12:28:11.916891
83.0,-562.0,666.0,12:28:11.927559
24.0,-492.0,1072.0,12:28:11.936886
193.0,-582.0,873.0,12:28:11.947465
-114.0,-608.0,694.0,12:28:11.956762
-24.0,-698.0,932.0,12:28:11.966111
-82.0,-391.0,611.0,12:28:11.976623
-98.0,-669.0,1043.0,12:28:11.986070
-144.0,-431.0,964.0,12:28:11.996483
46.0,-593.0,810.0,12:28:12.005920
21.0,-546.0,813.0,12:28:12.016425
178.0,-753.0,1204.0,12:28:12.025760
150.0,-562.0,680.0,12:28:12.035125
205.0,-405.0,620.0,12:28:12.045514
32.0,-280.0,916.0,12:28:12.054811
8.0,-491.0,1248.0,12:28:12.065284
159.0,-559.0,994.0,12:28:12.074548
319.0,-631.0,678.0,12:28:12.085035
154.0,-705.0,824.0,12:28:12.094419
-31.0,-432.0,890.0,12:28:12.104814
15.0,-430.0,1057.0,12:28:12.114151
-88.0,-712.0,1522.0,12:28:12.124584
-164.0,-480.0,550.0,12:28:12.134318
-15.0,-587.0,625.0,12:28:12.143574
-68.0,-861.0,1587.0,12:28:12.154115
-188.0,-174.0,607.0,12:28:12.163370
80.0,-654.0,1005.0,12:28:12.174053
15.0,-749.0,907.0,12:28:12.183300
-110.0,-594.0,840.0,12:28:12.193876
55.0,-371.0,411.0,12:28:12.203188
-182.0,-408.0,1144.0,12:28:12.212544
52.0,-335.0,793.0,12:28:12.223203
55.0,-412.0,606.0,12:28:12.232485
-34.0,-842.0,1523.0,12:28:12.243064
-15.0,-412.0,719.0,12:28:12.252422
-47.0,-755.0,1374.0,12:28:12.261812
125.0,-671.0,819.0,12:28:12.272302
92.0,-327.0,206.0,12:28:12.281776
-51.0,-527.0,1088.0,12:28:12.292225
55.0,-305.0,582.0,12:28:12.301545
-20.0,-300.0,650.0,12:28:12.311942
69.0,-732.0,1535.0,12:28:12.321338
131.0,-704.0,976.0,12:28:12.331822
234.0,-595.0,852.0,12:28:12.341139
-68.0,-614.0,1270.0,12:28:12.350576
-47.0,-542.0,797.0,12:28:12.361121
-15.0,-304.0,355.0,12:28:12.370424
-151.0,-510.0,1122.0,12:28:12.380941
-143.0,-448.0,1026.0,12:28:12.390255
-93.0,-277.0,530.0,12:28:12.400707
-43.0,-335.0,822.0,12:28:12.410013
11.0,-569.0,1254.0,12:28:12.420534
34.0,-422.0,874.0,12:28:12.429914
168.0,-515.0,1085.0,12:28:12.439198
153.0,-407.0,1034.0,12:28:12.449770
162.0,-674.0,1175.0,12:28:12.459104
129.0,-571.0,863.0,12:28:12.469664
18.0,-563.0,678.0,12:28:12.478952
97.0,-270.0,486.0,12:28:12.489490
-80.0,-191.0,965.0,12:28:12.498725
-36.0,-477.0,1151.0,12:28:12.509328
4.0,-581.0,1241.0,12:28:12.518557
162.0,-604.0,977.0,12:28:12.527867
78.0,-532.0,752.0,12:28:12.538299
106.0,-529.0,874.0,12:28:12.547596
35.0,-473.0,1165.0,12:28:12.558010
106.0,-354.0,813.0,12:28:12.567369
142.0,-636.0,892.0,12:28:12.577892
101.0,-542.0,826.0,12:28:12.587100
134.0,-377.0,818.0,12:28:12.597605
-73.0,-281.0,850.0,12:28:12.606865
123.0,-725.0,1274.0,12:28:12.617567
85.0,-318.0,463.0,12:28:12.626902
-3.0,-492.0,1176.0,12:28:12.636357
85.0,-557.0,1125.0,12:28:12.646798
181.0,-598.0,633.0,12:28:12.656289
72.0,-629.0,744.0,12:28:12.669686
-51.0,-309.0,709.0,12:28:12.677761
-50.0,-485.0,963.0,12:28:12.685942
156.0,-489.0,782.0,12:28:12.695411
68.0,-233.0,1014.0,12:28:12.705854
4.0,-633.0,1312.0,12:28:12.715234
115.0,-683.0,873.0,12:28:12.725615
142.0,-542.0,965.0,12:28:12.734969
75.0,-650.0,1176.0,12:28:12.745349
151.0,-664.0,796.0,12:28:12.754734
341.0,-648.0,386.0,12:28:12.765187
83.0,-333.0,423.0,12:28:12.774588
107.0,-836.0,1368.0,12:28:12.785125
41.0,-369.0,605.0,12:28:12.794466
78.0,-686.0,1080.0,12:28:12.803904
104.0,-732.0,1344.0,12:28:12.814332
35.0,-456.0,549.0,12:28:12.823631
-17.0,-489.0,745.0,12:28:12.834071
-122.0,-497.0,1294.0,12:28:12.843482
255.0,-672.0,873.0,12:28:12.853988
-55.0,-642.0,788.0,12:28:12.863291
5.0,-627.0,572.0,12:28:12.873757
-30.0,-560.0,1037.0,12:28:12.883138
-136.0,-319.0,1168.0,12:28:12.893619
-80.0,-538.0,721.0,12:28:12.903012
199.0,-377.0,664.0,12:28:12.912430
37.0,-663.0,1494.0,12:28:12.922992
244.0,-943.0,991.0,12:28:12.932242
-215.0,-393.0,457.0,12:28:12.942654
-44.0,-437.0,745.0,12:28:12.951971
-134.0,-600.0,1367.0,12:28:12.962418
-24.0,-331.0,739.0,12:28:12.971835
130.0,-526.0,582.0,12:28:12.982214
57.0,-911.0,1830.0,12:28:12.991694
-120.0,-497.0,777.0,12:28:13.000941
0.0,-355.0,362.0,12:28:13.011439
-58.0,-606.0,954.0,12:28:13.020738
26.0,-324.0,701.0,12:28:13.031329
-81.0,110.0,442.0,12:28:13.040668
51.0,-450.0,1358.0,12:28:13.051139
175.0,-891.0,1323.0,12:28:13.060540
89.0,-679.0,814.0,12:28:13.077046
215.0,-729.0,1122.0,12:28:13.081070
-20.0,-377.0,787.0,12:28:13.090351
48.0,-355.0,744.0,12:28:13.099621
80.0,-555.0,1175.0,12:28:13.110124
78.0,-327.0,551.0,12:28:13.119559
68.0,-496.0,850.0,12:28:13.129978
10.0,-317.0,668.0,12:28:13.139487
42.0,-563.0,1583.0,12:28:13.148813
92.0,-447.0,993.0,12:28:13.159523
-51.0,-430.0,660.0,12:28:13.168760
-114.0,-502.0,1315.0,12:28:13.179378
42.0,-431.0,593.0,12:28:13.188783
107.0,-300.0,629.0,12:28:13.198222
2.0,-472.0,1243.0,12:28:13.208647
4.0,-514.0,822.0,12:28:13.218004
46.0,-644.0,1018.0,12:28:13.228494
40.0,-355.0,561.0,12:28:13.237796
129.0,-468.0,1252.0,12:28:13.248315
23.0,-648.0,1041.0,12:28:13.257620
181.0,-531.0,478.0,12:28:13.268106
228.0,-269.0,766.0,12:28:13.277512
80.0,-516.0,1353.0,12:28:13.286866
174.0,-376.0,938.0,12:28:13.297368
73.0,-423.0,639.0,12:28:13.306719
134.0,-215.0,738.0,12:28:13.317133
130.0,-467.0,1084.0,12:28:13.326530
-107.0,-619.0,1424.0,12:28:13.336967
295.0,-581.0,854.0,12:28:13.346341
303.0,-600.0,1011.0,12:28:13.355720
9.0,-438.0,897.0,12:28:13.366219
49.0,-565.0,751.0,12:28:13.375657
-4.0,-506.0,1072.0,12:28:13.386171
410.0,-564.0,686.0,12:28:13.395540
28.0,-292.0,397.0,12:28:13.405937
7.0,-775.0,1492.0,12:28:13.415339
93.0,-642.0,1179.0,12:28:13.425674
-32.0,-314.0,708.0,12:28:13.435087
135.0,-824.0,1404.0,12:28:13.445509
263.0,-574.0,99.0,12:28:13.454769
81.0,-353.0,448.0,12:28:13.464149
193.0,-513.0,1548.0,12:28:13.474539
128.0,-423.0,1078.0,12:28:13.483992
-104.0,-901.0,1031.0,12:28:13.494418
21.0,-440.0,164.0,12:28:13.503805
123.0,-505.0,1139.0,12:28:13.514181
159.0,-635.0,1336.0,12:28:13.523549
50.0,-352.0,468.0,12:28:13.534017
53.0,-695.0,1004.0,12:28:13.543478
91.0,-647.0,1059.0,12:28:13.553888
163.0,-532.0,674.0,12:28:13.563191
-12.0,-736.0,1315.0,12:28:13.572635
-83.0,-406.0,785.0,12:28:13.583175
-29.0,-359.0,589.0,12:28:13.592592
144.0,-584.0,904.0,12:28:13.603075
55.0,-530.0,1057.0,12:28:13.612447
114.0,-368.0,1047.0,12:28:13.621807
-47.0,-456.0,850.0,12:28:13.632338
67.0,-797.0,1223.0,12:28:13.641817
-29.0,-498.0,808.0,12:28:13.652281
-8.0,-230.0,459.0,12:28:13.661556
-50.0,-853.0,1467.0,12:28:13.672029
22.0,-598.0,686.0,12:28:13.681372
152.0,-481.0,565.0,12:28:13.691790
-122.0,-658.0,1430.0,12:28:13.701111
127.0,-686.0,803.0,12:28:13.711497
32.0,-574.0,413.0,12:28:13.720859
0.0,-295.0,641.0,12:28:13.731330
-41.0,-288.0,1288.0,12:28:13.740721
-2.0,-602.0,1060.0,12:28:13.750017
62.0,-623.0,903.0,12:28:13.760681
91.0,-506.0,728.0,12:28:13.770011
64.0,-423.0,647.0,12:28:13.780520
-132.0,-523.0,1293.0,12:28:13.789872
-33.0,-497.0,1044.0,12:28:13.799335
-3.0,-411.0,791.0,12:28:13.809873
-137.0,-767.0,875.0,12:28:13.819210
-47.0,-359.0,633.0,12:28:13.829797
-81.0,-175.0,564.0,12:28:13.839077
-83.0,-526.0,1204.0,12:28:13.849576
-39.0,-591.0,1724.0,12:28:13.858866
-109.0,-937.0,1906.0,12:28:13.868200
153.0,-404.0,-87.0,12:28:13.878649
183.0,-929.0,1525.0,12:28:13.888201
70.0,-1111.0,1608.0,12:28:13.898681
66.0,-210.0,-68.0,12:28:13.908015
74.0,-448.0,672.0,12:28:13.918503
-11.0,-618.0,930.0,12:28:13.927832
-117.0,90.0,55.0,12:28:13.937213
30.0,-144.0,1164.0,12:28:13.947680
-120.0,-448.0,1686.0,12:28:13.956894
26.0,-360.0,772.0,12:28:13.967481
314.0,-689.0,729.0,12:28:13.976716
180.0,-387.0,694.0,12:28:13.987198
58.0,-415.0,1464.0,12:28:13.996703
155.0,-233.0,387.0,12:28:14.007189
-51.0,-274.0,324.0,12:28:14.016436
86.0,-403.0,1092.0,12:28:14.027030
92.0,-310.0,626.0,12:28:14.036346
-148.0,-247.0,1042.0,12:28:14.045655
34.0,-835.0,1839.0,12:28:14.056402
156.0,-683.0,1018.0,12:28:14.065758
266.0,-829.0,1258.0,12:28:14.075235
206.0,-402.0,555.0,12:28:14.085634
221.0,-777.0,1054.0,12:28:14.095126
219.0,-720.0,821.0,12:28:14.105590
36.0,-326.0,313.0,12:28:14.114909
87.0,-675.0,834.0,12:28:14.125341
-122.0,-378.0,662.0,12:28:14.134743
-114.0,-635.0,1837.0,12:28:14.145227
241.0,-899.0,1115.0,12:28:14.154692
250.0,-678.0,449.0,12:28:14.164071
102.0,-403.0,685.0,12:28:14.174546
2.0,-52.0,836.0,12:28:14.183812
73.0,-1085.0,1798.0,12:28:14.194189
50.0,-453.0,26.0,12:28:14.203542
88.0,-598.0,293.0,12:28:14.214157
-299.0,-387.0,1125.0,12:28:14.223545
-186.0,-539.0,1484.0,12:28:14.232975
-76.0,-183.0,628.0,12:28:14.243482
67.0,-552.0,1050.0,12:28:14.252850
-113.0,-680.0,729.0,12:28:14.263300
-35.0,102.0,34.0,12:28:14.280365
-322.0,164.0,873.0,12:28:14.284178
-76.0,-1297.0,2047.0,12:28:14.292401
97.0,-949.0,1323.0,12:28:14.302892
226.0,-979.0,487.0,12:28:14.312173
-4.0,-1252.0,1404.0,12:28:14.322549
281.0,-69.0,151.0,12:28:14.331882
-291.0,-771.0,1325.0,12:28:14.342286
75.0,-944.0,409.0,12:28:14.351677
13.0,-324.0,-345.0,12:28:14.360970
-265.0,-224.0,1512.0,12:28:14.371490
-275.0,-669.0,1688.0,12:28:14.380769
148.0,-575.0,73.0,12:28:14.391240
42.0,-420.0,541.0,12:28:14.400662
158.0,-765.0,1673.0,12:28:14.411140
-93.0,-664.0,1032.0,12:28:14.420530
39.0,-239.0,523.0,12:28:14.431015
49.0,-500.0,1236.0,12:28:14.440415
201.0,-588.0,922.0,12:28:14.449707
-22.0,-154.0,478.0,12:28:14.460161
26.0,-408.0,1402.0,12:28:14.469490
-122.0,-317.0,517.0,12:28:14.479985
-6.0,-598.0,924.0,12:28:14.489230
16.0,-663.0,1221.0,12:28:14.499863
129.0,-563.0,1267.0,12:28:14.509204
99.0,-522.0,1290.0,12:28:14.518803
186.0,-747.0,1147.0,12:28:14.529596
148.0,-476.0,358.0,12:28:14.538931
185.0,-396.0,808.0,12:28:14.548294
-139.0,-357.0,1291.0,12:28:14.558732
-87.0,-275.0,423.0,12:28:14.568025
69.0,-184.0,532.0,12:28:14.578545
-66.0,-786.0,1709.0,12:28:14.587881
165.0,-202.0,488.0,12:28:14.598305
107.0,-673.0,873.0,12:28:14.607687
-138.0,-403.0,1192.0,12:28:14.618233
136.0,-636.0,1086.0,12:28:14.627617
86.0,-846.0,855.0,12:28:14.636966
-35.0,-622.0,680.0,12:28:14.647510
69.0,-710.0,267.0,12:28:14.656818
-33.0,-614.0,584.0,12:28:14.667390
-187.0,-712.0,1722.0,12:28:14.676659
-193.0,-730.0,919.0,12:28:14.687147
-32.0,-568.0,799.0,12:28:14.696453
7.0,-286.0,1094.0,12:28:14.706964
182.0,-729.0,1569.0,12:28:14.716400
297.0,-320.0,163.0,12:28:14.725769
-117.0,-370.0,726.0,12:28:14.736316
63.0,-458.0,865.0,12:28:14.745663
-73.0,-13.0,867.0,12:28:14.756042
-245.0,-436.0,1378.0,12:28:14.765434
348.0,-834.0,1060.0,12:28:14.775866
-3.0,-647.0,807.0,12:28:14.785245
-135.0,-277.0,890.0,12:28:14.795648
172.0,-492.0,892.0,12:28:14.804894
-144.0,-452.0,1568.0,12:28:14.815411
-24.0,-550.0,1166.0,12:28:14.824690
281.0,-804.0,256.0,12:28:14.834201
0.0,-506.0,742.0,12:28:14.844583
53.0,-531.0,1171.0,12:28:14.854120
190.0,-589.0,1070.0,12:28:14.864551
142.0,-728.0,380.0,12:28:14.873958
201.0,-272.0,203.0,12:28:14.884360
45.0,-558.0,1273.0,12:28:14.893707
119.0,-706.0,1192.0,12:28:14.904121
-175.0,-347.0,938.0,12:28:14.913391
102.0,-332.0,663.0,12:28:14.923887
167.0,-538.0,860.0,12:28:14.933249
76.0,-850.0,1487.0,12:28:14.942542
48.0,-687.0,884.0,12:28:14.953005
28.0,-669.0,1007.0,12:28:14.962261
70.0,-306.0,163.0,12:28:14.972984
23.0,-345.0,744.0,12:28:14.982264
-176.0,-374.0,1074.0,12:28:14.991718
-23.0,-102.0,389.0,12:28:15.002197
22.0,-587.0,1250.0,12:28:15.011620
79.0,-340.0,1136.0,12:28:15.022046
31.0,-698.0,1355.0,12:28:15.031284
420.0,-745.0,709.0,12:28:15.041844
460.0,-441.0,703.0,12:28:15.051087
90.0,-363.0,1090.0,12:28:15.061639
-10.0,-51.0,191.0,12:28:15.070902
-20.0,-447.0,1604.0,12:28:15.082304
14.0,-622.0,1591.0,12:28:15.090723
152.0,-629.0,745.0,12:28:15.101126
225.0,-549.0,803.0,12:28:15.110546
338.0,-735.0,962.0,12:28:15.120924
190.0,-553.0,752.0,12:28:15.130275
-11.0,-527.0,408.0,12:28:15.140717
-129.0,-605.0,1064.0,12:28:15.150044
-102.0,-109.0,350.0,12:28:15.159490
-387.0,-357.0,1139.0,12:28:15.170049
-66.0,-900.0,2011.0,12:28:15.179412
86.0,-859.0,912.0,12:28:15.189882
343.0,-816.0,509.0,12:28:15.199214
219.0,-667.0,727.0,12:28:15.208621
129.0,-243.0,478.0,12:28:15.219060
10.0,-275.0,747.0,12:28:15.228289
-39.0,-392.0,1442.0,12:28:15.238842
-143.0,-446.0,1305.0,12:28:15.248129
55.0,-436.0,759.0,12:28:15.258643
173.0,-513.0,871.0,12:28:15.267832
172.0,-519.0,1287.0,12:28:15.278340
148.0,-159.0,341.0,12:28:15.287515
-104.0,-471.0,783.0,12:28:15.298022
81.0,-624.0,1156.0,12:28:15.307389
251.0,-114.0,179.0,12:28:15.317943
-29.0,-744.0,1789.0,12:28:15.327163
177.0,-370.0,596.0,12:28:15.337629
71.0,-294.0,474.0,12:28:15.346907
73.0,-1208.0,2047.0,12:28:15.356415
-13.0,-316.0,678.0,12:28:15.366921
-89.0,-373.0,208.0,12:28:15.376292
184.0,-756.0,1128.0,12:28:15.386785
-120.0,-694.0,1026.0,12:28:15.396185
-171.0,-162.0,707.0,12:28:15.406640
69.0,-561.0,1241.0,12:28:15.416003
46.0,-813.0,984.0,12:28:15.425353
102.0,-569.0,788.0,12:28:15.435910
171.0,-396.0,720.0,12:28:15.445281
-60.0,-374.0,676.0,12:28:15.455686
237.0,-659.0,879.0,12:28:15.465274
-60.0,48.0,285.0,12:28:15.482814
-280.0,-317.0,1290.0,12:28:15.486837
122.0,-595.0,1630.0,12:28:15.495065
121.0,-424.0,738.0,12:28:15.504330
91.0,-616.0,1130.0,12:28:15.514902
130.0,-470.0,718.0,12:28:15.524159
75.0,-366.0,267.0,12:28:15.534619
171.0,-585.0,1134.0,12:28:15.544003
-40.0,-234.0,381.0,12:28:15.554543
-9.0,-545.0,217.0,12:28:15.563963
-86.0,-912.0,1566.0,12:28:15.573320
-72.0,-723.0,2047.0,12:28:15.583827
231.0,-1040.0,1574.0,12:28:15.593184
204.0,-408.0,353.0,12:28:15.603557
178.0,-982.0,597.0,12:28:15.612954
141.0,-784.0,696.0,12:28:15.623372
66.0,-220.0,254.0,12:28:15.632790
-48.0,-269.0,768.0,12:28:15.643186
-4.0,-550.0,976.0,12:28:15.652446
-339.0,-667.0,1458.0,12:28:15.663025
-274.0,-337.0,983.0,12:28:15.672301
-131.0,-670.0,1106.0,12:28:15.681583
-30.0,-556.0,895.0,12:28:15.691982
64.0,-565.0,493.0,12:28:15.701432
144.0,-303.0,128.0,12:28:15.711833
124.0,-362.0,598.0,12:28:15.721149
-139.0,-569.0,1194.0,12:28:15.731533
-17.0,-388.0,765.0,12:28:15.740878
-49.0,-520.0,1714.0,12:28:15.751290
-51.0,-685.0,1705.0,12:28:15.760733
203.0,-599.0,423.0,12:28:15.771171
241.0,-623.0,918.0,12:28:15.780690
407.0,-579.0,774.0,12:28:15.789981
330.0,-27.0,-181.0,12:28:15.800549
117.0,-290.0,913.0,12:28:15.809845
114.0,-638.0,1521.0,12:28:15.820338
-134.0,-329.0,1088.0,12:28:15.829620
-173.0,-723.0,1592.0,12:28:15.840063
64.0,-769.0,1090.0,12:28:15.849474
230.0,-809.0,1104.0,12:28:15.860112
280.0,-1032.0,1071.0,12:28:15.869529
541.0,-576.0,-98.0,12:28:15.878803
136.0,-263.0,14.0,12:28:15.889565
-196.0,-201.0,906.0,12:28:15.898798
-176.0,-873.0,1713.0,12:28:15.909441
-120.0,-578.0,910.0,12:28:15.918794
-125.0,-108.0,-237.0,12:28:15.928266
-128.0,-255.0,1011.0,12:28:15.938702
22.0,-933.0,1843.0,12:28:15.948037
162.0,-934.0,565.0,12:28:15.958614
389.0,-765.0,490.0,12:28:15.968015
263.0,-65.0,927.0,12:28:15.977391
-75.0,6.0,1642.0,12:28:15.987838
-46.0,-484.0,1141.0,12:28:15.997201
8.0,-413.0,582.0,12:28:16.007688
136.0,-799.0,1263.0,12:28:16.016966
408.0,-499.0,1039.0,12:28:16.027479
357.0,-356.0,579.0,12:28:16.036824
46.0,-688.0,1090.0,12:28:16.046259
208.0,-423.0,811.0,12:28:16.056727
-25.0,-252.0,806.0,12:28:16.066088
-157.0,-628.0,1324.0,12:28:16.076672
-93.0,-375.0,726.0,12:28:16.086018
-56.0,-508.0,644.0,12:28:16.096490
-20.0,-825.0,1179.0,12:28:16.105760
108.0,-725.0,1169.0,12:28:16.115268
160.0,-615.0,385.0,12:28:16.125747
-13.0,-572.0,633.0,12:28:16.135145
-92.0,-559.0,1216.0,12:28:16.145626
18.0,-230.0,640.0,12:28:16.155091
-4.0,-351.0,771.0,12:28:16.165459
10.0,-759.0,1275.0,12:28:16.174782
92.0,-589.0,657.0,12:28:16.185290
-31.0,-471.0,756.0,12:28:16.194718
75.0,-619.0,1030.0,12:28:16.204141
-1.0,-412.0,699.0,12:28:16.214591
29.0,-447.0,1014.0,12:28:16.223991
-114.0,-175.0,1390.0,12:28:16.234413
41.0,-527.0,1133.0,12:28:16.243804
45.0,-503.0,887.0,12:28:16.254185
148.0,-720.0,1454.0,12:28:16.263544
152.0,-816.0,1014.0,12:28:16.272977
45.0,-563.0,491.0,12:28:16.285896
-102.0,-684.0,1025.0,12:28:16.293247
-47.0,-503.0,773.0,12:28:16.302535
-161.0,-185.0,-115.0,12:28:16.313118
-34.0,-293.0,466.0,12:28:16.322379
-306.0,-579.0,1629.0,12:28:16.332967
-121.0,-761.0,1551.0,12:28:16.342341
12.0,-671.0,1049.0,12:28:16.351790
114.0,-453.0,571.0,12:28:16.362180
371.0,-391.0,241.0,12:28:16.371652
176.0,-568.0,1018.0,12:28:16.382130
-4.0,-622.0,1525.0,12:28:16.391526
123.0,-872.0,1467.0,12:28:16.401909
45.0,-628.0,509.0,12:28:16.411267
186.0,-514.0,335.0,12:28:16.421782
227.0,-536.0,1350.0,12:28:16.431102
-40.0,-741.0,1078.0,12:28:16.441514
-47.0,-284.0,-91.0,12:28:16.450844
82.0,-405.0,871.0,12:28:16.460206
7.0,-319.0,1200.0,12:28:16.470664
-3.0,-750.0,1307.0,12:28:16.480150
-120.0,-492.0,681.0,12:28:16.490677
-50.0,-769.0,918.0,12:28:16.500052
48.0,-534.0,772.0,12:28:16.510531
32.0,-201.0,551.0,12:28:16.519855
-69.0,-562.0,1546.0,12:28:16.529080
-18.0,-502.0,1039.0,12:28:16.539686
-89.0,-521.0,1103.0,12:28:16.559201
289.0,-451.0,968.0,12:28:16.568625
49.0,-545.0,1319.0,12:28:16.579111
120.0,-608.0,597.0,12:28:16.588454
336.0,-231.0,36.0,12:28:16.598885
17.0,-521.0,1459.0,12:28:16.608164
223.0,-870.0,1797.0,12:28:16.618892
92.0,-634.0,729.0,12:28:16.628237
288.0,-719.0,483.0,12:28:16.638641
71.0,-651.0,1149.0,12:28:16.648059
115.0,-176.0,622.0,12:28:16.657432
81.0,-67.0,85.0,12:28:16.667905
-16.0,-742.0,1635.0,12:28:16.677198
-87.0,-887.0,1353.0,12:28:16.687748
-19.0,-667.0,748.0,12:28:16.697056
83.0,-629.0,834.0,12:28:16.707629
185.0,-561.0,1438.0,12:28:16.716895
61.0,-718.0,753.0,12:28:16.726376
-162.0,-140.0,171.0,12:28:16.736855
-8.0,-427.0,1103.0,12:28:16.746234
198.0,-793.0,773.0,12:28:16.756694
-30.0,-311.0,432.0,12:28:16.765927
-151.0,-643.0,1273.0,12:28:16.776547
-96.0,-277.0,601.0,12:28:16.785892
-204.0,-429.0,1190.0,12:28:16.795236
121.0,-816.0,1363.0,12:28:16.805731
206.0,-869.0,982.0,12:28:16.815272
61.0,-602.0,594.0,12:28:16.825751
-51.0,-139.0,665.0,12:28:16.835154
-97.0,-836.0,1956.0,12:28:16.845570
112.0,-811.0,928.0,12:28:16.854958
-30.0,-411.0,-138.0,12:28:16.864341
-190.0,-353.0,1084.0,12:28:16.874852
-21.0,-491.0,1355.0,12:28:16.884210
58.0,-649.0,653.0,12:28:16.894767
102.0,-496.0,220.0,12:28:16.904077
-132.0,-444.0,1290.0,12:28:16.914550
78.0,-555.0,1624.0,12:28:16.923913
-53.0,-385.0,870.0,12:28:16.933277
46.0,-426.0,690.0,12:28:16.943759
123.0,-381.0,910.0,12:28:16.953139
-1.0,-602.0,1013.0,12:28:16.963617
73.0,-337.0,768.0,12:28:16.973043
-108.0,-513.0,1526.0,12:28:16.983440
3.0,-368.0,462.0,12:28:16.992903
-125.0,-375.0,484.0,12:28:17.003272
-11.0,-304.0,1322.0,12:28:17.012700
31.0,-555.0,1174.0,12:28:17.021997
53.0,-265.0,456.0,12:28:17.032456
-68.0,-700.0,1277.0,12:28:17.041783
251.0,-720.0,659.0,12:28:17.052358
202.0,-336.0,632.0,12:28:17.061675
136.0,-446.0,1163.0,12:28:17.072213
187.0,-418.0,1152.0,12:28:17.081519
100.0,-647.0,1290.0,12:28:17.090917
157.0,-516.0,834.0,12:28:17.101326
168.0,-344.0,228.0,12:28:17.110687
61.0,-448.0,938.0,12:28:17.121143
-25.0,-1021.0,1832.0,12:28:17.130546
94.0,-531.0,397.0,12:28:17.140979
136.0,-659.0,662.0,12:28:17.150344
81.0,-814.0,1025.0,12:28:17.160840
31.0,-505.0,421.0,12:28:17.170149
-43.0,-314.0,641.0,12:28:17.180778
75.0,-496.0,1014.0,12:28:17.190037
12.0,-546.0,496.0,12:28:17.199475
-32.0,-281.0,426.0,12:28:17.209907
-106.0,-204.0,1181.0,12:28:17.219228
40.0,-868.0,2047.0,12:28:17.229828
91.0,-957.0,1395.0,12:28:17.239330
89.0,-159.0,-322.0,12:28:17.248758
125.0,-1299.0,2047.0,12:28:17.259390
140.0,-974.0,1326.0,12:28:17.268637
75.0,-289.0,49.0,12:28:17.279180
39.0,-862.0,600.0,12:28:17.288569
-43.0,-628.0,249.0,12:28:17.297887
-166.0,65.0,163.0,12:28:17.308454
-329.0,-59.0,889.0,12:28:17.317818
-219.0,-613.0,1233.0,12:28:17.328232
180.0,-631.0,1089.0,12:28:17.337589
119.0,-234.0,638.0,12:28:17.348027
-63.0,-463.0,1380.0,12:28:17.357573
51.0,-1130.0,1926.0,12:28:17.366862
175.0,-469.0,436.0,12:28:17.377394
58.0,-768.0,913.0,12:28:17.386714
-11.0,-906.0,1375.0,12:28:17.397200
119.0,-626.0,861.0,12:28:17.406554
-57.0,-559.0,752.0,12:28:17.416973
196.0,-525.0,83.0,12:28:17.426383
-33.0,-246.0,171.0,12:28:17.435817
-182.0,-238.0,520.0,12:28:17.446397
-181.0,3.0,374.0,12:28:17.455709
-164.0,-576.0,1648.0,12:28:17.466224
-112.0,-905.0,1653.0,12:28:17.475618
115.0,-673.0,1081.0,12:28:17.489424
92.0,-407.0,1087.0,12:28:17.495455
48.0,-687.0,1438.0,12:28:17.505867
134.0,-633.0,984.0,12:28:17.515363
-27.0,-290.0,622.0,12:28:17.524628
-98.0,-544.0,1150.0,12:28:17.535184
-139.0,-585.0,988.0,12:28:17.544525
26.0,-17.0,90.0,12:28:17.555050
-193.0,-586.0,1535.0,12:28:17.564277
61.0,-714.0,839.0,12:28:17.574772
162.0,-554.0,377.0,12:28:17.584025
-64.0,-903.0,1513.0,12:28:17.594522
414.0,-279.0,251.0,12:28:17.603965
117.0,-191.0,333.0,12:28:17.613306
20.0,-261.0,1426.0,12:28:17.623771
-30.0,-226.0,675.0,12:28:17.633162
9.0,-269.0,853.0,12:28:17.643596
65.0,-450.0,1596.0,12:28:17.653182
254.0,-425.0,1040.0,12:28:17.663569
237.0,-538.0,822.0,12:28:17.673050
258.0,-625.0,847.0,12:28:17.682350
86.0,-367.0,406.0,12:28:17.692873
138.0,-253.0,226.0,12:28:17.702197
-104.0,-964.0,1767.0,12:28:17.712887
-222.0,-504.0,1370.0,12:28:17.722273
-32.0,-842.0,769.0,12:28:17.731835
41.0,-596.0,176.0,12:28:17.742401
258.0,-2.0,541.0,12:28:17.751796
-85.0,-319.0,1810.0,12:28:17.761096
24.0,-687.0,1789.0,12:28:17.771765
150.0,-543.0,629.0,12:28:17.781099
116.0,-709.0,591.0,12:28:17.791491
309.0,-544.0,1036.0,12:28:17.800834
169.0,-74.0,581.0,12:28:17.811236
-389.0,-630.0,1377.0,12:28:17.820698
-37.0,-891.0,718.0,12:28:17.830031
173.0,-128.0,-511.0,12:28:17.840553
17.0,-224.0,204.0,12:28:17.849925
51.0,-665.0,1958.0,12:28:17.860627
-313.0,-946.0,2047.0,12:28:17.869986
106.0,-798.0,1129.0,12:28:17.879501
403.0,-572.0,283.0,12:28:17.890732
132.0,-637.0,1341.0,12:28:17.899900
140.0,-741.0,1198.0,12:28:17.909426
304.0,-375.0,-134.0,12:28:17.919783
-65.0,-106.0,-69.0,12:28:17.929151
32.0,-381.0,1090.0,12:28:17.938671
-80.0,-620.0,1938.0,12:28:17.949207
-69.0,-693.0,999.0,12:28:17.958566
6.0,-445.0,366.0,12:28:17.969023
-31.0,-274.0,499.0,12:28:17.978280
301.0,-517.0,596.0,12:28:17.988777
154.0,-446.0,775.0,12:28:17.998096
-184.0,-782.0,1928.0,12:28:18.008566
0.0,-1030.0,2047.0,12:28:18.017867
14.0,-879.0,266.0,12:28:18.027189
132.0,-634.0,-51.0,12:28:18.037622
139.0,-463.0,1000.0,12:28:18.046934
-54.0,-200.0,727.0,12:28:18.057512
-37.0,-242.0,480.0,12:28:18.066976
-41.0,-493.0,719.0,12:28:18.077490
-23.0,-718.0,941.0,12:28:18.086782
155.0,-260.0,493.0,12:28:18.097275
117.0,-200.0,969.0,12:28:18.106596
319.0,-629.0,1445.0,12:28:18.117012
37.0,-820.0,1661.0,12:28:18.126347
106.0,-571.0,280.0,12:28:18.135645
417.0,-805.0,868.0,12:28:18.146151
44.0,-630.0,1847.0,12:28:18.155610
34.0,-139.0,341.0,12:28:18.166063
16.0,-602.0,495.0,12:28:18.175521
-239.0,-492.0,761.0,12:28:18.184854
224.0,-303.0,422.0,12:28:18.195322
31.0,-203.0,1106.0,12:28:18.204659
-46.0,-356.0,1302.0,12:28:18.215266
273.0,-883.0,1114.0,12:28:18.224561
96.0,-514.0,391.0,12:28:18.235082
-4.0,-25.0,616.0,12:28:18.244356
0.0,-912.0,2047.0,12:28:18.254904
5.0,-483.0,1286.0,12:28:18.264223
57.0,-558.0,460.0,12:28:18.273563
88.0,-917.0,1473.0,12:28:18.284134
223.0,-766.0,368.0,12:28:18.293562
66.0,448.0,-430.0,12:28:18.304056
-110.0,-485.0,1418.0,12:28:18.313399
-100.0,-1143.0,1387.0,12:28:18.323842
-49.0,-56.0,-62.0,12:28:18.333225
90.0,-789.0,1709.0,12:28:18.342591
66.0,-878.0,2047.0,12:28:18.353072
204.0,-1021.0,791.0,12:28:18.362447
-38.0,-688.0,-205.0,12:28:18.373125
153.0,-574.0,537.0,12:28:18.382570
87.0,-244.0,1257.0,12:28:18.391904
-148.0,-55.0,967.0,12:28:18.402370
-51.0,-266.0,695.0,12:28:18.411819
26.0,-701.0,848.0,12:28:18.422183
-94.0,-436.0,932.0,12:28:18.431463
57.0,-551.0,1152.0,12:28:18.441976
299.0,-591.0,1031.0,12:28:18.451275
-75.0,-585.0,1052.0,12:28:18.461816
31.0,-339.0,-59.0,12:28:18.471105
115.0,-410.0,841.0,12:28:18.481562
-127.0,-739.0,1690.0,12:28:18.490844
147.0,-433.0,752.0,12:28:18.501322
-159.0,-631.0,1504.0,12:28:18.510620
-47.0,-242.0,748.0,12:28:18.520031
89.0,-544.0,975.0,12:28:18.530404
-127.0,-511.0,1215.0,12:28:18.539787
76.0,-236.0,568.0,12:28:18.550204
0.0,-279.0,677.0,12:28:18.559637
123.0,-856.0,1399.0,12:28:18.570012
-11.0,-193.0,-41.0,12:28:18.579496
-1.0,9.0,183.0,12:28:18.589967
38.0,-565.0,1256.0,12:28:18.599490
-43.0,-284.0,855.0,12:28:18.608830
25.0,-781.0,1747.0,12:28:18.619390
258.0,-906.0,975.0,12:28:18.628796
232.0,-475.0,898.0,12:28:18.638271
158.0,-380.0,1381.0,12:28:18.648758
-6.0,-390.0,1023.0,12:28:18.658090
222.0,-771.0,1139.0,12:28:18.668589
93.0,-945.0,1088.0,12:28:18.678009
275.0,-742.0,331.0,12:28:18.692602
354.0,-560.0,-206.0,12:28:18.697490
-246.0,-301.0,895.0,12:28:18.707945
-178.0,-530.0,1347.0,12:28:18.717382
-76.0,-581.0,1237.0,12:28:18.727817
-9.0,-439.0,799.0,12:28:18.737180
243.0,-656.0,1268.0,12:28:18.747629
28.0,61.0,469.0,12:28:18.756977
-97.0,-654.0,1121.0,12:28:18.766402
321.0,-1016.0,1429.0,12:28:18.776886
161.0,-577.0,731.0,12:28:18.786227
147.0,-440.0,224.0,12:28:18.796785
24.0,-276.0,458.0,12:28:18.806015
-295.0,-684.0,1366.0,12:28:18.816458
-90.0,-981.0,997.0,12:28:18.825788
79.0,-709.0,849.0,12:28:18.836429
-27.0,-880.0,1358.0,12:28:18.845745
-72.0,-461.0,599.0,12:28:18.855271
-71.0,-686.0,566.0,12:28:18.865674
16.0,-650.0,864.0,12:28:18.875113
98.0,-450.0,471.0,12:28:18.885458
-247.0,-323.0,1315.0,12:28:18.894759
10.0,-487.0,1433.0,12:28:18.905294
87.0,-634.0,593.0,12:28:18.914605
-78.0,-469.0,963.0,12:28:18.924019
151.0,-550.0,1199.0,12:28:18.934508
47.0,-414.0,460.0,12:28:18.943777
111.0,-307.0,541.0,12:28:18.954343
-11.0,-560.0,1230.0,12:28:18.963733
78.0,-654.0,987.0,12:28:18.974181
4.0,-589.0,872.0,12:28:18.983578
-291.0,-540.0,1050.0,12:28:18.994069
167.0,-465.0,1156.0,12:28:19.003380
7.0,-369.0,559.0,12:28:19.013768
79.0,-639.0,903.0,12:28:19.023118
121.0,-121.0,520.0,12:28:19.033534
-58.0,-592.0,1458.0,12:28:19.042929
95.0,-402.0,754.0,12:28:19.052211
37.0,-333.0,182.0,12:28:19.062911
-115.0,-924.0,1927.0,12:28:19.072210
196.0,-421.0,920.0,12:28:19.082756
119.0,-642.0,374.0,12:28:19.093254
79.0,-596.0,1182.0,12:28:19.101562
82.0,-180.0,606.0,12:28:19.112172
-29.0,-463.0,935.0,12:28:19.121519
45.0,-726.0,1321.0,12:28:19.131936
39.0,-438.0,756.0,12:28:19.141329
-98.0,-239.0,441.0,12:28:19.150735
12.0,-495.0,1369.0,12:28:19.161189
53.0,-867.0,1795.0,12:28:19.170589
271.0,-394.0,243.0,12:28:19.181040
