-58.0,-465.0,1077.0,12:28:44.038505
16.0,-297.0,766.0,12:28:44.044409
60.0,-441.0,961.0,12:28:44.054905
3.0,-448.0,1042.0,12:28:44.064264
51.0,-548.0,1036.0,12:28:44.073610
3.0,-577.0,926.0,12:28:44.084108
17.0,-570.0,893.0,12:28:44.093537
-66.0,-553.0,1135.0,12:28:44.104025
47.0,-445.0,753.0,12:28:44.113406
39.0,-333.0,611.0,12:28:44.122907
-37.0,-573.0,1089.0,12:28:44.133325
64.0,-435.0,770.0,12:28:44.142649
-15.0,-630.0,1028.0,12:28:44.153000
122.0,-614.0,952.0,12:28:44.162472
79.0,-540.0,816.0,12:28:44.172885
15.0,-613.0,809.0,12:28:44.182205
-122.0,-456.0,683.0,12:28:44.192611
77.0,-497.0,935.0,12:28:44.202009
-132.0,-431.0,1063.0,12:28:44.212350
148.0,-720.0,1008.0,12:28:44.221813
-26.0,-509.0,687.0,12:28:44.232233
90.0,-737.0,1285.0,12:28:44.241662
54.0,-589.0,928.0,12:28:44.252097
36.0,-395.0,577.0,12:28:44.261426
12.0,-518.0,900.0,12:28:44.270725
-21.0,-559.0,1001.0,12:28:44.281234
69.0,-504.0,1125.0,12:28:44.290673
81.0,-389.0,684.0,12:28:44.301012
-132.0,-206.0,526.0,12:28:44.310528
99.0,-620.0,982.0,12:28:44.321021
-308.0,-42.0,700.0,12:28:44.330279
43.0,-446.0,1000.0,12:28:44.340729
124.0,-400.0,874.0,12:28:44.350119
-17.0,-473.0,816.0,12:28:44.361435
137.0,-515.0,964.0,12:28:44.369785
182.0,-510.0,1208.0,12:28:44.380207
137.0,-662.0,1236.0,12:28:44.389568
158.0,-833.0,1364.0,12:28:44.398972
108.0,-887.0,997.0,12:28:44.409498
261.0,-729.0,872.0,12:28:44.418818
223.0,-751.0,888.0,12:28:44.429410
27.0,-523.0,599.0,12:28:44.438689
116.0,-590.0,749.0,12:28:44.449079
-54.0,-735.0,1158.0,12:28:44.458411
-56.0,-337.0,592.0,12:28:44.467913
-37.0,-401.0,889.0,12:28:44.478444
-41.0,-525.0,1075.0,12:28:44.487830
57.0,-416.0,709.0,12:28:44.498495
50.0,-254.0,727.0,12:28:44.507853
-81.0,-261.0,1055.0,12:28:44.517107
24.0,-458.0,1452.0,12:28:44.527541
16.0,-600.0,1378.0,12:28:44.536782
86.0,-776.0,1114.0,12:28:44.547318
78.0,-496.0,894.0,12:28:44.556567
-4.0,-570.0,876.0,12:28:44.566982
227.0,-622.0,838.0,12:28:44.576402
-22.0,-427.0,364.0,12:28:44.586813
163.0,-457.0,684.0,12:28:44.596117
-76.0,-516.0,1176.0,12:28:44.606495
26.0,-621.0,1026.0,12:28:44.615965
145.0,-460.0,598.0,12:28:44.626326
40.0,-606.0,1067.0,12:28:44.635666
-23.0,-502.0,1065.0,12:28:44.646182
240.0,-346.0,630.0,12:28:44.655561
-66.0,-574.0,794.0,12:28:44.666005
133.0,-314.0,741.0,12:28:44.675384
-20.0,-555.0,1037.0,12:28:44.684631
-37.0,-496.0,1196.0,12:28:44.695517
141.0,-746.0,1078.0,12:28:44.704868
20.0,-597.0,404.0,12:28:44.714205
128.0,-439.0,878.0,12:28:44.724689
92.0,-560.0,858.0,12:28:44.734045
-63.0,-322.0,814.0,12:28:44.744471
37.0,-677.0,1283.0,12:28:44.753759
-76.0,-420.0,833.0,12:28:44.764179
-78.0,-263.0,1181.0,12:28:44.773546
-26.0,-329.0,1139.0,12:28:44.784067
-98.0,-583.0,1228.0,12:28:44.793321
96.0,-523.0,780.0,12:28:44.802872
29.0,-510.0,934.0,12:28:44.813279
46.0,-415.0,959.0,12:28:44.822682
14.0,-81.0,285.0,12:28:44.833114
-174.0,-606.0,1504.0,12:28:44.842473
78.0,-575.0,984.0,12:28:44.852996
123.0,-747.0,883.0,12:28:44.862263
48.0,-493.0,646.0,12:28:44.872827
37.0,-480.0,979.0,12:28:44.882128
14.0,-565.0,1179.0,12:28:44.892534
111.0,-362.0,335.0,12:28:44.901782
51.0,-81.0,649.0,12:28:44.912307
-116.0,-549.0,1464.0,12:28:44.921515
157.0,-513.0,941.0,12:28:44.932050
14.0,-418.0,751.0,12:28:44.941288
100.0,-543.0,795.0,12:28:44.950725
158.0,-559.0,1102.0,12:28:44.961249
-11.0,-542.0,1024.0,12:28:44.970661
122.0,-581.0,818.0,12:28:44.981073
10.0,-522.0,534.0,12:28:44.990548
-95.0,-586.0,1117.0,12:28:45.000980
-29.0,-547.0,1074.0,12:28:45.010310
110.0,-459.0,762.0,12:28:45.019705
98.0,-678.0,948.0,12:28:45.030223
81.0,-440.0,630.0,12:28:45.039558
127.0,-569.0,835.0,12:28:45.049955
158.0,-348.0,846.0,12:28:45.059447
123.0,-333.0,873.0,12:28:45.069991
-34.0,-630.0,1194.0,12:28:45.079421
134.0,-490.0,735.0,12:28:45.088802
62.0,-465.0,760.0,12:28:45.099368
7.0,-602.0,1169.0,12:28:45.108628
58.0,-579.0,1089.0,12:28:45.119167
1.0,-439.0,809.0,12:28:45.128492
32.0,-575.0,773.0,12:28:45.138988
88.0,-666.0,973.0,12:28:45.148328
-123.0,-445.0,919.0,12:28:45.162075
137.0,-569.0,970.0,12:28:45.167616
-44.0,-547.0,926.0,12:28:45.178043
-29.0,-486.0,725.0,12:28:45.187558
-44.0,-572.0,1002.0,12:28:45.197983
126.0,-638.0,866.0,12:28:45.207489
54.0,-520.0,810.0,12:28:45.216790
-186.0,-489.0,1040.0,12:28:45.227376
-31.0,-479.0,751.0,12:28:45.236700
25.0,-415.0,942.0,12:28:45.247099
51.0,-575.0,1041.0,12:28:45.256468
106.0,-614.0,1034.0,12:28:45.266906
45.0,-542.0,819.0,12:28:45.276275
133.0,-630.0,967.0,12:28:45.286709
135.0,-540.0,965.0,12:28:45.296039
-30.0,-342.0,494.0,12:28:45.306446
90.0,-607.0,954.0,12:28:45.315729
14.0,-552.0,857.0,12:28:45.326212
9.0,-535.0,1159.0,12:28:45.335541
89.0,-531.0,806.0,12:28:45.345973
-45.0,-562.0,983.0,12:28:45.355269
-15.0,-672.0,1108.0,12:28:45.365676
88.0,-324.0,603.0,12:28:45.375217
83.0,-418.0,909.0,12:28:45.384573
7.0,-482.0,927.0,12:28:45.395100
-77.0,-500.0,1066.0,12:28:45.404417
-41.0,-618.0,1052.0,12:28:45.414283
33.0,-527.0,791.0,12:28:45.424748
15.0,-506.0,911.0,12:28:45.434078
7.0,-548.0,848.0,12:28:45.444590
-69.0,-468.0,1032.0,12:28:45.454035
-83.0,-548.0,1014.0,12:28:45.463352
59.0,-573.0,783.0,12:28:45.474016
70.0,-399.0,615.0,12:28:45.483377
-9.0,-348.0,756.0,12:28:45.492817
-115.0,-526.0,1198.0,12:28:45.503323
142.0,-615.0,1137.0,12:28:45.512605
-11.0,-551.0,727.0,12:28:45.523153
58.0,-644.0,973.0,12:28:45.532385
-34.0,-441.0,836.0,12:28:45.542966
118.0,-519.0,869.0,12:28:45.552225
40.0,-560.0,1076.0,12:28:45.564005
7.0,-731.0,1175.0,12:28:45.572500
26.0,-555.0,697.0,12:28:45.581816
-66.0,-524.0,825.0,12:28:45.591234
-11.0,-550.0,1032.0,12:28:45.601804
14.0,-465.0,768.0,12:28:45.611224
-60.0,-416.0,800.0,12:28:45.621671
122.0,-499.0,1029.0,12:28:45.630981
-90.0,-457.0,852.0,12:28:45.641384
-73.0,-440.0,1009.0,12:28:45.650718
76.0,-571.0,890.0,12:28:45.661088
71.0,-425.0,842.0,12:28:45.670371
32.0,-589.0,1034.0,12:28:45.680862
139.0,-333.0,792.0,12:28:45.690127
105.0,-632.0,1235.0,12:28:45.700648
59.0,-340.0,726.0,12:28:45.709920
170.0,-417.0,699.0,12:28:45.720380
112.0,-433.0,1045.0,12:28:45.729709
37.0,-478.0,829.0,12:28:45.740155
190.0,-450.0,810.0,12:28:45.749475
32.0,-584.0,1175.0,12:28:45.758838
189.0,-541.0,864.0,12:28:45.769220
178.0,-436.0,633.0,12:28:45.778625
5.0,-406.0,1084.0,12:28:45.789008
196.0,-532.0,1171.0,12:28:45.798428
251.0,-578.0,781.0,12:28:45.808741
142.0,-406.0,722.0,12:28:45.818095
34.0,-500.0,1135.0,12:28:45.828701
246.0,-396.0,769.0,12:28:45.838025
96.0,-531.0,1074.0,12:28:45.848553
161.0,-521.0,883.0,12:28:45.857840
70.0,-664.0,879.0,12:28:45.867245
77.0,-549.0,736.0,12:28:45.877829
80.0,-560.0,1075.0,12:28:45.887122
19.0,-430.0,876.0,12:28:45.897603
57.0,-463.0,476.0,12:28:45.906978
101.0,-457.0,695.0,12:28:45.917416
-13.0,-420.0,1008.0,12:28:45.926801
-64.0,-319.0,921.0,12:28:45.936227
51.0,-445.0,1123.0,12:28:45.946765
-4.0,-512.0,899.0,12:28:45.956020
59.0,-849.0,1531.0,12:28:45.966521
175.0,-495.0,976.0,12:28:45.975787
66.0,-624.0,989.0,12:28:45.986413
96.0,-661.0,854.0,12:28:45.995722
53.0,-521.0,910.0,12:28:46.005158
-32.0,-658.0,997.0,12:28:46.015614
91.0,-573.0,830.0,12:28:46.025056
-43.0,-815.0,941.0,12:28:46.035448
-164.0,-291.0,533.0,12:28:46.044825
73.0,-636.0,1267.0,12:28:46.055312
-2.0,-704.0,1162.0,12:28:46.064608
6.0,-430.0,520.0,12:28:46.075134
-43.0,-614.0,926.0,12:28:46.084478
-145.0,-616.0,1234.0,12:28:46.093857
16.0,-309.0,540.0,12:28:46.104283
-23.0,-603.0,1121.0,12:28:46.113650
-21.0,-462.0,948.0,12:28:46.124119
-94.0,-626.0,947.0,12:28:46.133502
25.0,-525.0,729.0,12:28:46.143988
24.0,-298.0,721.0,12:28:46.153333
-67.0,-466.0,1085.0,12:28:46.163707
109.0,-413.0,624.0,12:28:46.173116
24.0,-317.0,724.0,12:28:46.183522
-53.0,-343.0,1076.0,12:28:46.192917
80.0,-376.0,716.0,12:28:46.203311
42.0,-498.0,1128.0,12:28:46.212685
-8.0,-400.0,1036.0,12:28:46.221915
-17.0,-513.0,815.0,12:28:46.232413
167.0,-404.0,985.0,12:28:46.241777
109.0,-448.0,1165.0,12:28:46.252406
111.0,-363.0,644.0,12:28:46.261720
139.0,-597.0,984.0,12:28:46.272180
-39.0,-660.0,1346.0,12:28:46.281552
179.0,-501.0,795.0,12:28:46.290861
83.0,-623.0,931.0,12:28:46.301265
-57.0,-719.0,987.0,12:28:46.310734
43.0,-461.0,542.0,12:28:46.321258
-20.0,-408.0,890.0,12:28:46.330661
-11.0,-485.0,1332.0,12:28:46.341270
177.0,-414.0,676.0,12:28:46.350725
-3.0,-320.0,472.0,12:28:46.366086
27.0,-477.0,1073.0,12:28:46.369895
51.0,-149.0,809.0,12:28:46.380333
-49.0,-599.0,1606.0,12:28:46.389627
157.0,-568.0,944.0,12:28:46.400110
118.0,-625.0,728.0,12:28:46.409621
104.0,-578.0,863.0,12:28:46.419998
37.0,-657.0,1255.0,12:28:46.429367
-36.0,-350.0,689.0,12:28:46.438687
94.0,-481.0,824.0,12:28:46.449394
-145.0,-796.0,1250.0,12:28:46.458672
158.0,-545.0,637.0,12:28:46.469110
-52.0,-553.0,974.0,12:28:46.478655
36.0,-464.0,885.0,12:28:46.487973
1.0,-646.0,691.0,12:28:46.498543
-5.0,-399.0,191.0,12:28:46.507822
-36.0,-412.0,1341.0,12:28:46.518324
95.0,-723.0,1594.0,12:28:46.527654
128.0,-460.0,253.0,12:28:46.538175
27.0,-692.0,955.0,12:28:46.547447
128.0,-582.0,1260.0,12:28:46.557934
65.0,-597.0,1015.0,12:28:46.567271
85.0,-436.0,599.0,12:28:46.577748
151.0,-549.0,964.0,12:28:46.586992
99.0,-562.0,1010.0,12:28:46.596388
117.0,-533.0,857.0,12:28:46.606778
64.0,-468.0,772.0,12:28:46.616260
46.0,-456.0,788.0,12:28:46.626665
99.0,-450.0,908.0,12:28:46.636162
6.0,-449.0,926.0,12:28:46.646563
146.0,-320.0,750.0,12:28:46.655866
7.0,-257.0,742.0,12:28:46.666411
-119.0,-468.0,1235.0,12:28:46.675701
251.0,-219.0,678.0,12:28:46.685094
61.0,-372.0,1111.0,12:28:46.695591
-45.0,-473.0,1028.0,12:28:46.704908
125.0,-810.0,1247.0,12:28:46.715426
34.0,-523.0,490.0,12:28:46.724765
100.0,-447.0,890.0,12:28:46.735216
4.0,-850.0,1409.0,12:28:46.744665
126.0,-631.0,449.0,12:28:46.755091
103.0,-174.0,371.0,12:28:46.767978
-90.0,-652.0,1501.0,12:28:46.774318
181.0,-603.0,1021.0,12:28:46.783660
135.0,-558.0,654.0,12:28:46.794212
-48.0,-538.0,800.0,12:28:46.803464
200.0,-411.0,748.0,12:28:46.814148
-189.0,-260.0,922.0,12:28:46.823399
26.0,-324.0,954.0,12:28:46.832868
80.0,-480.0,996.0,12:28:46.843317
5.0,-586.0,1075.0,12:28:46.852650
-137.0,-588.0,1222.0,12:28:46.863181
89.0,-521.0,863.0,12:28:46.872633
102.0,-458.0,859.0,12:28:46.883076
32.0,-337.0,993.0,12:28:46.892377
35.0,-568.0,736.0,12:28:46.901839
46.0,-442.0,876.0,12:28:46.912313
-195.0,-302.0,986.0,12:28:46.921721
42.0,-553.0,755.0,12:28:46.932192
-41.0,-571.0,1002.0,12:28:46.941705
79.0,-533.0,1077.0,12:28:46.952124
-14.0,-472.0,978.0,12:28:46.961478
75.0,-693.0,1077.0,12:28:46.971900
81.0,-795.0,385.0,12:28:46.990309
-65.0,-331.0,938.0,12:28:47.000877
-34.0,-598.0,1250.0,12:28:47.011297
133.0,-586.0,778.0,12:28:47.020727
28.0,-638.0,865.0,12:28:47.030013
-43.0,-434.0,584.0,12:28:47.040548
12.0,-709.0,1189.0,12:28:47.049822
37.0,-583.0,965.0,12:28:47.060376
134.0,-504.0,781.0,12:28:47.069604
16.0,-445.0,686.0,12:28:47.080104
-58.0,-563.0,1161.0,12:28:47.089579
4.0,-344.0,568.0,12:28:47.098931
181.0,-454.0,675.0,12:28:47.109438
47.0,-361.0,1088.0,12:28:47.118715
58.0,-468.0,1044.0,12:28:47.129230
192.0,-479.0,828.0,12:28:47.138635
47.0,-730.0,1357.0,12:28:47.149156
21.0,-508.0,674.0,12:28:47.158546
93.0,-492.0,858.0,12:28:47.167928
-4.0,-613.0,1260.0,12:28:47.178307
50.0,-563.0,832.0,12:28:47.187656
77.0,-349.0,425.0,12:28:47.198084
49.0,-715.0,1287.0,12:28:47.207550
27.0,-402.0,819.0,12:28:47.218049
-13.0,-555.0,1023.0,12:28:47.227424
67.0,-634.0,938.0,12:28:47.237946
55.0,-651.0,681.0,12:28:47.247412
5.0,-408.0,685.0,12:28:47.256790
-113.0,-523.0,1051.0,12:28:47.267353
96.0,-406.0,521.0,12:28:47.276709
-73.0,-546.0,1102.0,12:28:47.286267
-20.0,-452.0,1000.0,12:28:47.296728
58.0,-503.0,897.0,12:28:47.306035
151.0,-358.0,930.0,12:28:47.316567
-22.0,-589.0,1241.0,12:28:47.325921
183.0,-558.0,635.0,12:28:47.336477
121.0,-517.0,1041.0,12:28:47.345753
-5.0,-457.0,930.0,12:28:47.355238
99.0,-612.0,848.0,12:28:47.365622
4.0,-683.0,981.0,12:28:47.375129
1.0,-489.0,837.0,12:28:47.385778
-28.0,-518.0,987.0,12:28:47.395238
-84.0,-445.0,1126.0,12:28:47.404676
92.0,-489.0,875.0,12:28:47.415199
134.0,-350.0,602.0,12:28:47.424477
-82.0,-512.0,1097.0,12:28:47.435062
-31.0,-303.0,1068.0,12:28:47.444328
91.0,-367.0,1003.0,12:28:47.454756
37.0,-518.0,981.0,12:28:47.464136
119.0,-536.0,668.0,12:28:47.473483
48.0,-607.0,1089.0,12:28:47.484002
116.0,-702.0,1424.0,12:28:47.493250
124.0,-644.0,841.0,12:28:47.503776
94.0,-525.0,486.0,12:28:47.513067
76.0,-599.0,814.0,12:28:47.523607
99.0,-401.0,501.0,12:28:47.532949
-78.0,-277.0,586.0,12:28:47.543445
-124.0,-504.0,1154.0,12:28:47.552702
132.0,-768.0,1435.0,12:28:47.568451
-26.0,-624.0,923.0,12:28:47.572804
37.0,-532.0,968.0,12:28:47.582099
122.0,-703.0,1323.0,12:28:47.592632
39.0,-413.0,656.0,12:28:47.601960
170.0,-298.0,496.0,12:28:47.612371
38.0,-391.0,754.0,12:28:47.621794
56.0,-409.0,973.0,12:28:47.631082
5.0,-528.0,1449.0,12:28:47.641534
-97.0,-497.0,1101.0,12:28:47.650793
107.0,-845.0,1042.0,12:28:47.661328
-4.0,-541.0,741.0,12:28:47.670766
108.0,-398.0,706.0,12:28:47.681290
-61.0,-303.0,749.0,12:28:47.690598
35.0,-614.0,1166.0,12:28:47.701141
-66.0,-422.0,703.0,12:28:47.710349
-105.0,-340.0,773.0,12:28:47.720843
-2.0,-705.0,1551.0,12:28:47.730181
5.0,-460.0,598.0,12:28:47.739643
140.0,-374.0,471.0,12:28:47.750104
-55.0,-488.0,1273.0,12:28:47.759575
130.0,-572.0,1155.0,12:28:47.769988
85.0,-574.0,789.0,12:28:47.779566
118.0,-516.0,747.0,12:28:47.788837
-59.0,-456.0,1015.0,12:28:47.799369
43.0,-462.0,655.0,12:28:47.818957
-34.0,-533.0,1038.0,12:28:47.828331
230.0,-608.0,1051.0,12:28:47.838741
23.0,-674.0,1341.0,12:28:47.848122
73.0,-525.0,1049.0,12:28:47.858587
126.0,-628.0,1021.0,12:28:47.867891
67.0,-563.0,894.0,12:28:47.878318
-14.0,-593.0,983.0,12:28:47.887751
80.0,-525.0,635.0,12:28:47.898236
101.0,-453.0,165.0,12:28:47.907547
-18.0,-320.0,735.0,12:28:47.917968
-75.0,-478.0,1376.0,12:28:47.927491
58.0,-585.0,1087.0,12:28:47.936764
-42.0,-196.0,429.0,12:28:47.947236
23.0,-399.0,1087.0,12:28:47.956606
45.0,-644.0,1353.0,12:28:47.970412
93.0,-573.0,812.0,12:28:47.976542
92.0,-595.0,823.0,12:28:47.986907
68.0,-641.0,899.0,12:28:47.996396
57.0,-475.0,948.0,12:28:48.005799
-62.0,-365.0,925.0,12:28:48.016254
-105.0,-476.0,842.0,12:28:48.025593
-42.0,-503.0,776.0,12:28:48.035971
57.0,-432.0,743.0,12:28:48.045391
-9.0,-463.0,1161.0,12:28:48.055779
231.0,-806.0,1409.0,12:28:48.065173
173.0,-634.0,887.0,12:28:48.075604
98.0,-313.0,183.0,12:28:48.085019
83.0,-499.0,1291.0,12:28:48.094304
68.0,-522.0,1180.0,12:28:48.104824
12.0,-394.0,362.0,12:28:48.114201
-8.0,-363.0,720.0,12:28:48.124718
70.0,-615.0,1409.0,12:28:48.134117
-67.0,-555.0,1224.0,12:28:48.144481
57.0,-558.0,895.0,12:28:48.154077
71.0,-587.0,705.0,12:28:48.163339
151.0,-553.0,656.0,12:28:48.173794
97.0,-439.0,1033.0,12:28:48.183137
-8.0,-427.0,1131.0,12:28:48.193706
49.0,-648.0,913.0,12:28:48.202975
86.0,-584.0,879.0,12:28:48.213644
-24.0,-475.0,807.0,12:28:48.222958
54.0,-318.0,965.0,12:28:48.232342
-74.0,-414.0,1279.0,12:28:48.242879
37.0,-578.0,833.0,12:28:48.252204
41.0,-499.0,629.0,12:28:48.262797
121.0,-598.0,1056.0,12:28:48.272100
-31.0,-343.0,968.0,12:28:48.281460
65.0,-486.0,1033.0,12:28:48.291863
-49.0,-512.0,920.0,12:28:48.301266
43.0,-575.0,770.0,12:28:48.311769
22.0,-436.0,568.0,12:28:48.321142
141.0,-417.0,983.0,12:28:48.331541
29.0,-388.0,954.0,12:28:48.341038
-28.0,-514.0,800.0,12:28:48.351376
324.0,-569.0,1001.0,12:28:48.360721
65.0,-622.0,1339.0,12:28:48.371251
-48.0,-667.0,831.0,12:28:48.380680
187.0,-636.0,862.0,12:28:48.389985
6.0,-507.0,781.0,12:28:48.400386
2.0,-651.0,941.0,12:28:48.409630
6.0,-637.0,1155.0,12:28:48.420076
-102.0,-554.0,953.0,12:28:48.429467
99.0,-452.0,696.0,12:28:48.439899
-111.0,-602.0,1487.0,12:28:48.449346
-18.0,-421.0,494.0,12:28:48.459802
36.0,-293.0,484.0,12:28:48.469149
-49.0,-485.0,1063.0,12:28:48.479694
60.0,-472.0,1337.0,12:28:48.489067
114.0,-426.0,892.0,12:28:48.498455
-7.0,-428.0,594.0,12:28:48.508893
42.0,-451.0,964.0,12:28:48.518172
199.0,-482.0,1139.0,12:28:48.528709
-162.0,-374.0,655.0,12:28:48.538108
33.0,-345.0,506.0,12:28:48.548610
11.0,-837.0,1596.0,12:28:48.557973
60.0,-637.0,889.0,12:28:48.567307
143.0,-338.0,605.0,12:28:48.577787
84.0,-878.0,1476.0,12:28:48.587019
-5.0,-419.0,485.0,12:28:48.597610
159.0,-866.0,950.0,12:28:48.606839
69.0,-403.0,569.0,12:28:48.617394
-93.0,-310.0,911.0,12:28:48.626663
49.0,-744.0,1231.0,12:28:48.637302
-37.0,-515.0,667.0,12:28:48.646645
-44.0,-303.0,355.0,12:28:48.655982
53.0,-541.0,1306.0,12:28:48.666649
-98.0,-697.0,1620.0,12:28:48.675950
-19.0,-308.0,192.0,12:28:48.686499
42.0,-447.0,279.0,12:28:48.695858
153.0,-891.0,1783.0,12:28:48.705300
-112.0,-507.0,802.0,12:28:48.715734
148.0,-583.0,883.0,12:28:48.725203
49.0,-588.0,1337.0,12:28:48.735613
121.0,-827.0,1079.0,12:28:48.744965
95.0,-282.0,135.0,12:28:48.755418
-42.0,-487.0,818.0,12:28:48.772461
34.0,-495.0,1138.0,12:28:48.776255
32.0,-577.0,984.0,12:28:48.784441
-158.0,-463.0,428.0,12:28:48.794930
-115.0,-315.0,989.0,12:28:48.804236
-86.0,-334.0,908.0,12:28:48.814645
-128.0,-288.0,846.0,12:28:48.824189
52.0,-838.0,1456.0,12:28:48.833487
25.0,-581.0,1149.0,12:28:48.844018
105.0,-600.0,883.0,12:28:48.853295
1.0,-326.0,598.0,12:28:48.863903
28.0,-638.0,977.0,12:28:48.873129
7.0,-299.0,500.0,12:28:48.883613
-81.0,-463.0,834.0,12:28:48.892949
117.0,-506.0,817.0,12:28:48.902296
-24.0,-381.0,678.0,12:28:48.912681
-89.0,-508.0,1427.0,12:28:48.923093
162.0,-561.0,974.0,12:28:48.932413
46.0,-522.0,1013.0,12:28:48.952066
208.0,-474.0,759.0,12:28:48.962433
45.0,-583.0,982.0,12:28:48.971880
94.0,-551.0,1056.0,12:28:48.981169
84.0,-323.0,517.0,12:28:48.991793
-69.0,-236.0,960.0,12:28:49.001040
49.0,-681.0,1441.0,12:28:49.011523
102.0,-389.0,751.0,12:28:49.020803
107.0,-518.0,718.0,12:28:49.031215
51.0,-327.0,941.0,12:28:49.040605
-67.0,-413.0,1414.0,12:28:49.051177
354.0,-619.0,923.0,12:28:49.060644
276.0,-684.0,896.0,12:28:49.069922
123.0,-315.0,850.0,12:28:49.080408
-1.0,-498.0,789.0,12:28:49.089676
58.0,-257.0,634.0,12:28:49.100166
-60.0,-413.0,1004.0,12:28:49.109663
-20.0,-371.0,870.0,12:28:49.120164
-8.0,-694.0,1342.0,12:28:49.129610
82.0,-765.0,1183.0,12:28:49.139006
27.0,-545.0,724.0,12:28:49.149651
119.0,-734.0,962.0,12:28:49.158999
100.0,-443.0,693.0,12:28:49.174200
104.0,-450.0,727.0,12:28:49.179122
138.0,-662.0,820.0,12:28:49.188510
102.0,-559.0,784.0,12:28:49.197946
-7.0,-602.0,1487.0,12:28:49.208291
233.0,-564.0,795.0,12:28:49.217745
-84.0,-319.0,629.0,12:28:49.228132
136.0,-508.0,949.0,12:28:49.237597
234.0,-507.0,468.0,12:28:49.248001
17.0,-454.0,930.0,12:28:49.257485
15.0,-390.0,1074.0,12:28:49.267953
25.0,-677.0,1126.0,12:28:49.277388
96.0,-609.0,727.0,12:28:49.286717
38.0,-383.0,811.0,12:28:49.297118
-9.0,-403.0,1187.0,12:28:49.306512
175.0,-604.0,1318.0,12:28:49.316907
-8.0,-390.0,690.0,12:28:49.326332
-19.0,-146.0,355.0,12:28:49.336826
156.0,-559.0,1205.0,12:28:49.346313
160.0,-623.0,1466.0,12:28:49.355613
89.0,-327.0,905.0,12:28:49.366065
-195.0,-529.0,1222.0,12:28:49.375385
-17.0,-631.0,996.0,12:28:49.385864
33.0,-525.0,591.0,12:28:49.395187
112.0,-462.0,405.0,12:28:49.405615
423.0,-619.0,946.0,12:28:49.414952
299.0,-814.0,1329.0,12:28:49.425342
-21.0,-700.0,1246.0,12:28:49.434696
-283.0,-210.0,778.0,12:28:49.445166
-2.0,-595.0,591.0,12:28:49.454496
38.0,-795.0,1194.0,12:28:49.464942
254.0,-630.0,842.0,12:28:49.474278
36.0,-482.0,552.0,12:28:49.484671
136.0,-394.0,431.0,12:28:49.494176
97.0,-684.0,912.0,12:28:49.503516
165.0,-694.0,1218.0,12:28:49.514022
-30.0,-577.0,1254.0,12:28:49.523418
-302.0,-351.0,1017.0,12:28:49.533991
-139.0,-411.0,409.0,12:28:49.543384
-224.0,-615.0,971.0,12:28:49.553869
56.0,-712.0,1297.0,12:28:49.563250
-71.0,-489.0,1021.0,12:28:49.572544
-191.0,-461.0,879.0,12:28:49.583150
-58.0,-589.0,562.0,12:28:49.592534
107.0,-530.0,690.0,12:28:49.601950
-23.0,-830.0,1414.0,12:28:49.612363
-66.0,-676.0,1243.0,12:28:49.621795
-86.0,-586.0,804.0,12:28:49.632331
-76.0,-380.0,144.0,12:28:49.641747
346.0,-588.0,726.0,12:28:49.652167
96.0,-978.0,1398.0,12:28:49.661491
112.0,-630.0,1123.0,12:28:49.671993
-330.0,-168.0,559.0,12:28:49.681298
-177.0,-458.0,556.0,12:28:49.690775
-86.0,-586.0,575.0,12:28:49.701264
84.0,-528.0,1074.0,12:28:49.710712
-181.0,-614.0,1444.0,12:28:49.721068
-233.0,-384.0,1277.0,12:28:49.730418
-220.0,-529.0,964.0,12:28:49.740833
-256.0,-486.0,748.0,12:28:49.750187
-20.0,-264.0,888.0,12:28:49.760696
241.0,-298.0,870.0,12:28:49.769996
35.0,-197.0,865.0,12:28:49.779441
17.0,-255.0,1065.0,12:28:49.789932
54.0,-367.0,1100.0,12:28:49.799365
126.0,-340.0,600.0,12:28:49.809803
83.0,-467.0,807.0,12:28:49.819195
-92.0,-421.0,1072.0,12:28:49.829683
71.0,-494.0,1066.0,12:28:49.839018
-46.0,-397.0,887.0,12:28:49.849503
-171.0,-476.0,858.0,12:28:49.858955
74.0,-488.0,781.0,12:28:49.868296
57.0,-492.0,858.0,12:28:49.878722
274.0,-543.0,1026.0,12:28:49.888118
-24.0,-583.0,1094.0,12:28:49.897627
-52.0,-555.0,1259.0,12:28:49.908175
40.0,-486.0,771.0,12:28:49.917526
91.0,-438.0,785.0,12:28:49.928022
308.0,-390.0,699.0,12:28:49.937352
224.0,-613.0,905.0,12:28:49.947814
83.0,-382.0,815.0,12:28:49.957093
89.0,-638.0,1050.0,12:28:49.974860
238.0,-470.0,746.0,12:28:49.978754
102.0,-714.0,1352.0,12:28:49.986969
-92.0,-458.0,1036.0,12:28:49.996447
158.0,-411.0,560.0,12:28:50.006992
-45.0,-471.0,906.0,12:28:50.016318
228.0,-599.0,823.0,12:28:50.026754
86.0,-587.0,1010.0,12:28:50.036036
143.0,-664.0,1260.0,12:28:50.045414
-25.0,-505.0,998.0,12:28:50.056011
-81.0,-691.0,713.0,12:28:50.065364
-38.0,-483.0,614.0,12:28:50.075847
69.0,-656.0,959.0,12:28:50.085330
80.0,-647.0,898.0,12:28:50.095742
-87.0,-440.0,616.0,12:28:50.105195
195.0,-764.0,947.0,12:28:50.114511
81.0,-546.0,717.0,12:28:50.125052
-38.0,-781.0,1179.0,12:28:50.134353
-292.0,-481.0,1019.0,12:28:50.144820
-149.0,-548.0,581.0,12:28:50.154367
16.0,-403.0,481.0,12:28:50.163859
-20.0,-553.0,943.0,12:28:50.174609
153.0,-892.0,1312.0,12:28:50.184182
-47.0,-641.0,1077.0,12:28:50.193669
-164.0,-218.0,570.0,12:28:50.203251
47.0,-545.0,571.0,12:28:50.213010
108.0,-680.0,1207.0,12:28:50.223780
-200.0,-711.0,1578.0,12:28:50.233310
-72.0,-475.0,858.0,12:28:50.242941
-164.0,-406.0,672.0,12:28:50.252482
-15.0,-181.0,92.0,12:28:50.263166
198.0,-360.0,9.0,12:28:50.272707
107.0,-743.0,1330.0,12:28:50.282228
-142.0,-879.0,2047.0,12:28:50.291811
-528.0,-617.0,1710.0,12:28:50.302529
-565.0,-191.0,154.0,12:28:50.312133
-81.0,49.0,-409.0,12:28:50.321737
356.0,-545.0,625.0,12:28:50.331244
331.0,-803.0,1858.0,12:28:50.341920
32.0,-501.0,1783.0,12:28:50.351380
-269.0,-717.0,1289.0,12:28:50.360879
-169.0,-402.0,136.0,12:28:50.378259
173.0,-368.0,629.0,12:28:50.381799
319.0,-630.0,1049.0,12:28:50.391125
209.0,-267.0,1024.0,12:28:50.400418
104.0,-272.0,934.0,12:28:50.410809
-311.0,-469.0,1057.0,12:28:50.420056
133.0,-432.0,777.0,12:28:50.430630
132.0,-223.0,785.0,12:28:50.439874
209.0,-164.0,633.0,12:28:50.450280
229.0,-500.0,1068.0,12:28:50.459629
81.0,-545.0,1261.0,12:28:50.470080
-51.0,-460.0,1146.0,12:28:50.479394
29.0,-295.0,991.0,12:28:50.489870
67.0,-357.0,990.0,12:28:50.499123
275.0,-546.0,943.0,12:28:50.509607
234.0,-494.0,606.0,12:28:50.518919
306.0,-417.0,526.0,12:28:50.528250
30.0,-416.0,896.0,12:28:50.538711
183.0,-503.0,1244.0,12:28:50.548067
178.0,-583.0,822.0,12:28:50.558605
16.0,-177.0,29.0,12:28:50.567914
174.0,-395.0,1048.0,12:28:50.578302
269.0,-980.0,2047.0,12:28:50.587594
-98.0,-628.0,1540.0,12:28:50.598056
-451.0,-66.0,225.0,12:28:50.607481
-267.0,-319.0,230.0,12:28:50.617925
246.0,-716.0,758.0,12:28:50.627234
196.0,-705.0,1213.0,12:28:50.637636
161.0,-592.0,1272.0,12:28:50.646892
-144.0,-637.0,1129.0,12:28:50.657383
-108.0,-506.0,716.0,12:28:50.666764
117.0,-272.0,569.0,12:28:50.676060
300.0,-588.0,727.0,12:28:50.686494
143.0,-493.0,1059.0,12:28:50.695818
35.0,-741.0,1210.0,12:28:50.706347
-39.0,-577.0,935.0,12:28:50.715641
-3.0,-468.0,779.0,12:28:50.726067
2.0,-335.0,523.0,12:28:50.735350
170.0,-536.0,844.0,12:28:50.745784
61.0,-655.0,1230.0,12:28:50.755198
-49.0,-593.0,1124.0,12:28:50.765599
6.0,-362.0,944.0,12:28:50.774899
31.0,-524.0,1143.0,12:28:50.785277
275.0,-780.0,586.0,12:28:50.794562
152.0,-612.0,313.0,12:28:50.804989
76.0,-541.0,1059.0,12:28:50.814301
6.0,-556.0,1126.0,12:28:50.824755
-146.0,-599.0,1167.0,12:28:50.834107
-93.0,-915.0,1129.0,12:28:50.844554
-223.0,-417.0,396.0,12:28:50.853909
-270.0,-414.0,488.0,12:28:50.864331
-209.0,-494.0,860.0,12:28:50.873605
-117.0,-539.0,880.0,12:28:50.884091
-1.0,-583.0,1081.0,12:28:50.893376
-121.0,-681.0,1474.0,12:28:50.903845
-144.0,-746.0,1499.0,12:28:50.913116
-167.0,-842.0,761.0,12:28:50.923549
-216.0,-314.0,278.0,12:28:50.933140
-29.0,-339.0,356.0,12:28:50.942430
148.0,-550.0,1069.0,12:28:50.952991
71.0,-912.0,1278.0,12:28:50.962237
-49.0,-451.0,662.0,12:28:50.972632
22.0,-308.0,786.0,12:28:50.982030
173.0,-565.0,895.0,12:28:50.991404
6.0,-261.0,468.0,12:28:51.001810
133.0,-455.0,536.0,12:28:51.011198
31.0,-378.0,1123.0,12:28:51.021726
-41.0,-254.0,1014.0,12:28:51.031021
79.0,-643.0,1351.0,12:28:51.041466
185.0,-644.0,1381.0,12:28:51.050731
-10.0,-153.0,734.0,12:28:51.061179
89.0,-522.0,981.0,12:28:51.070624
232.0,-458.0,757.0,12:28:51.081031
12.0,-410.0,925.0,12:28:51.090359
141.0,-477.0,1126.0,12:28:51.100749
146.0,-556.0,984.0,12:28:51.110029
192.0,-372.0,558.0,12:28:51.120511
220.0,-445.0,762.0,12:28:51.129768
216.0,-723.0,1189.0,12:28:51.140256
-43.0,-642.0,1367.0,12:28:51.149563
228.0,-733.0,961.0,12:28:51.158878
139.0,-251.0,456.0,12:28:51.177177
-124.0,-514.0,939.0,12:28:51.180990
-28.0,-552.0,1129.0,12:28:51.189191
130.0,-645.0,862.0,12:28:51.198593
197.0,-483.0,715.0,12:28:51.209081
114.0,-509.0,984.0,12:28:51.218486
100.0,-508.0,792.0,12:28:51.228902
133.0,-573.0,765.0,12:28:51.238267
95.0,-503.0,869.0,12:28:51.247561
31.0,-524.0,1172.0,12:28:51.257971
323.0,-947.0,1089.0,12:28:51.267376
133.0,-281.0,459.0,12:28:51.277828
-145.0,-189.0,828.0,12:28:51.287114
-375.0,-671.0,1386.0,12:28:51.297574
-109.0,-632.0,1234.0,12:28:51.306858
217.0,-873.0,791.0,12:28:51.317361
69.0,-215.0,259.0,12:28:51.326629
-160.0,-423.0,1241.0,12:28:51.337062
-68.0,-861.0,1504.0,12:28:51.346370
15.0,-797.0,928.0,12:28:51.356849
-67.0,-184.0,162.0,12:28:51.367105
-27.0,-514.0,1026.0,12:28:51.376656
37.0,-274.0,785.0,12:28:51.386185
-121.0,-578.0,1121.0,12:28:51.395707
67.0,-487.0,842.0,12:28:51.405333
35.0,-721.0,1045.0,12:28:51.415912
334.0,-448.0,719.0,12:28:51.425305
37.0,-489.0,808.0,12:28:51.435710
-223.0,-260.0,446.0,12:28:51.445169
-198.0,-304.0,745.0,12:28:51.454517
-214.0,-561.0,1407.0,12:28:51.465231
-209.0,-747.0,1817.0,12:28:51.474586
159.0,-858.0,1333.0,12:28:51.485253
229.0,-440.0,543.0,12:28:51.494558
420.0,-262.0,147.0,12:28:51.503934
-134.0,-507.0,814.0,12:28:51.514417
-268.0,-190.0,1002.0,12:28:51.523766
-258.0,-289.0,1402.0,12:28:51.534305
173.0,-483.0,1138.0,12:28:51.543640
183.0,-338.0,637.0,12:28:51.554156
217.0,-557.0,832.0,12:28:51.563402
13.0,7.0,561.0,12:28:51.580007
69.0,-391.0,1420.0,12:28:51.583809
411.0,-555.0,1001.0,12:28:51.593160
376.0,-785.0,874.0,12:28:51.602596
129.0,-653.0,1261.0,12:28:51.613008
236.0,-526.0,893.0,12:28:51.622368
105.0,-493.0,845.0,12:28:51.632941
133.0,-416.0,473.0,12:28:51.642330
-260.0,-443.0,929.0,12:28:51.651863
134.0,-1034.0,1273.0,12:28:51.662267
246.0,-593.0,912.0,12:28:51.671578
207.0,-716.0,763.0,12:28:51.682017
115.0,-418.0,380.0,12:28:51.691346
-42.0,-462.0,1014.0,12:28:51.701846
213.0,-605.0,1003.0,12:28:51.711200
14.0,-244.0,761.0,12:28:51.721694
38.0,-518.0,1163.0,12:28:51.731131
294.0,-790.0,1330.0,12:28:51.740563
386.0,-542.0,473.0,12:28:51.751100
136.0,-129.0,230.0,12:28:51.760363
-130.0,-710.0,1345.0,12:28:51.770736
163.0,-738.0,1381.0,12:28:51.780082
156.0,-886.0,809.0,12:28:51.790651
103.0,-244.0,-263.0,12:28:51.800010
-352.0,-203.0,895.0,12:28:51.809378
-129.0,-1001.0,2047.0,12:28:51.819961
234.0,-1400.0,1540.0,12:28:51.829317
201.0,-238.0,-199.0,12:28:51.839769
79.0,-143.0,-54.0,12:28:51.849059
-276.0,-463.0,1650.0,12:28:51.859645
-232.0,-915.0,1668.0,12:28:51.868889
-152.0,-438.0,651.0,12:28:51.879515
0.0,-417.0,585.0,12:28:51.888767
-152.0,-644.0,726.0,12:28:51.898181
86.0,-836.0,1009.0,12:28:51.908677
-336.0,-432.0,555.0,12:28:51.918155
-493.0,-177.0,593.0,12:28:51.927528
-46.0,-1358.0,2047.0,12:28:51.937988
380.0,-829.0,90.0,12:28:51.957620
-289.0,317.0,-814.0,12:28:51.966981
-803.0,226.0,752.0,12:28:51.977609
-649.0,-363.0,2047.0,12:28:51.987040
-118.0,-875.0,1450.0,12:28:51.997508
63.0,-423.0,505.0,12:28:52.006870
316.0,-518.0,474.0,12:28:52.016278
78.0,-212.0,909.0,12:28:52.026839
-8.0,-671.0,1101.0,12:28:52.036278
-267.0,-84.0,603.0,12:28:52.046804
65.0,-343.0,419.0,12:28:52.056118
83.0,-423.0,817.0,12:28:52.066519
-144.0,-261.0,858.0,12:28:52.075936
-413.0,-781.0,1671.0,12:28:52.085293
-146.0,-579.0,1178.0,12:28:52.095753
100.0,-118.0,670.0,12:28:52.105213
202.0,-549.0,1362.0,12:28:52.115722
-3.0,-1076.0,1424.0,12:28:52.125029
215.0,-603.0,404.0,12:28:52.135486
236.0,410.0,-489.0,12:28:52.144814
-434.0,-63.0,681.0,12:28:52.155316
-532.0,-738.0,2047.0,12:28:52.164590
-11.0,-1445.0,1830.0,12:28:52.173964
517.0,-400.0,-60.0,12:28:52.184403
512.0,98.0,182.0,12:28:52.193855
-19.0,-267.0,1079.0,12:28:52.204146
-279.0,-447.0,1394.0,12:28:52.213556
53.0,-684.0,851.0,12:28:52.224171
150.0,128.0,246.0,12:28:52.233480
59.0,-806.0,1994.0,12:28:52.243982
330.0,-673.0,1021.0,12:28:52.253191
38.0,-40.0,38.0,12:28:52.263697
0.0,-355.0,892.0,12:28:52.272990
21.0,-738.0,1561.0,12:28:52.283432
253.0,-352.0,952.0,12:28:52.292671
232.0,-49.0,-150.0,12:28:52.302105
-190.0,-384.0,747.0,12:28:52.312464
-78.0,-764.0,2047.0,12:28:52.321861
209.0,-1132.0,1916.0,12:28:52.332292
594.0,-378.0,-397.0,12:28:52.341729
135.0,-138.0,-49.0,12:28:52.352236
-90.0,-607.0,1443.0,12:28:52.361659
42.0,-958.0,2036.0,12:28:52.370985
309.0,-422.0,504.0,12:28:52.384594
158.0,-515.0,-263.0,12:28:52.391716
-14.0,-458.0,1131.0,12:28:52.401066
125.0,-702.0,1555.0,12:28:52.411552
168.0,-744.0,1261.0,12:28:52.421050
0.0,-541.0,278.0,12:28:52.430302
-102.0,-565.0,311.0,12:28:52.440873
45.0,-584.0,1004.0,12:28:52.450129
-228.0,-572.0,856.0,12:28:52.460677
-207.0,-300.0,1029.0,12:28:52.469937
-10.0,-913.0,1700.0,12:28:52.480412
150.0,-929.0,879.0,12:28:52.489695
217.0,-713.0,406.0,12:28:52.499128
198.0,-45.0,-181.0,12:28:52.509620
-154.0,-155.0,1013.0,12:28:52.519026
81.0,-997.0,1674.0,12:28:52.529587
227.0,-920.0,1624.0,12:28:52.538911
313.0,-349.0,407.0,12:28:52.549426
23.0,16.0,385.0,12:28:52.558725
89.0,-539.0,1385.0,12:28:52.569138
190.0,-756.0,1187.0,12:28:52.578473
-249.0,-423.0,801.0,12:28:52.587800
-8.0,-265.0,821.0,12:28:52.598247
-86.0,-575.0,1133.0,12:28:52.607633
16.0,-623.0,1037.0,12:28:52.618025
-39.0,-321.0,561.0,12:28:52.627537
-149.0,-522.0,1002.0,12:28:52.637988
13.0,-450.0,1393.0,12:28:52.647466
-11.0,-675.0,1328.0,12:28:52.656767
48.0,-380.0,381.0,12:28:52.667221
-32.0,-580.0,587.0,12:28:52.676492
156.0,-401.0,417.0,12:28:52.687099
155.0,-272.0,564.0,12:28:52.696322
79.0,-640.0,1379.0,12:28:52.706862
227.0,-639.0,1268.0,12:28:52.716296
195.0,-607.0,1010.0,12:28:52.726746
160.0,-443.0,503.0,12:28:52.736084
131.0,-617.0,1172.0,12:28:52.746500
-120.0,-503.0,1138.0,12:28:52.755872
-111.0,-636.0,758.0,12:28:52.765217
90.0,-274.0,267.0,12:28:52.783129
-86.0,-156.0,950.0,12:28:52.786659
1.0,-704.0,1661.0,12:28:52.794794
-243.0,-340.0,520.0,12:28:52.805360
-34.0,-502.0,902.0,12:28:52.814687
142.0,-484.0,874.0,12:28:52.825300
52.0,-189.0,439.0,12:28:52.834524
-46.0,-1164.0,2047.0,12:28:52.844070
52.0,-643.0,988.0,12:28:52.854614
113.0,-416.0,195.0,12:28:52.864083
-32.0,-715.0,1131.0,12:28:52.874581
179.0,-413.0,575.0,12:28:52.884049
-17.0,-374.0,745.0,12:28:52.893332
-1.0,-545.0,972.0,12:28:52.903961
31.0,-386.0,559.0,12:28:52.913268
-21.0,-475.0,1380.0,12:28:52.923757
156.0,-763.0,1672.0,12:28:52.933030
116.0,-509.0,605.0,12:28:52.943429
222.0,-336.0,254.0,12:28:52.952862
125.0,-476.0,1027.0,12:28:52.963248
-10.0,-555.0,1499.0,12:28:52.972574
101.0,-297.0,538.0,12:28:52.981956
-99.0,-505.0,610.0,12:28:52.992445
-107.0,-485.0,792.0,12:28:53.001810
-201.0,-627.0,1253.0,12:28:53.012464
-16.0,-675.0,1375.0,12:28:53.021785
121.0,-172.0,311.0,12:28:53.032327
-85.0,-367.0,890.0,12:28:53.041565
-56.0,-434.0,857.0,12:28:53.050920
48.0,-399.0,835.0,12:28:53.061335
64.0,-569.0,1159.0,12:28:53.070724
282.0,-415.0,682.0,12:28:53.081174
273.0,-681.0,1233.0,12:28:53.090559
274.0,-713.0,1198.0,12:28:53.101056
123.0,-307.0,313.0,12:28:53.110364
190.0,-654.0,943.0,12:28:53.120864
225.0,-160.0,262.0,12:28:53.130180
131.0,-756.0,1491.0,12:28:53.140733
32.0,-1035.0,1854.0,12:28:53.150033
21.0,-666.0,630.0,12:28:53.159411
263.0,-593.0,497.0,12:28:53.169790
160.0,-761.0,1086.0,12:28:53.179144
145.0,-617.0,1254.0,12:28:53.189619
-26.0,-391.0,344.0,12:28:53.198955
3.0,-493.0,558.0,12:28:53.209464
-92.0,-272.0,1015.0,12:28:53.218808
-144.0,-258.0,811.0,12:28:53.229399
-93.0,-474.0,938.0,12:28:53.238798
-19.0,-183.0,806.0,12:28:53.248060
22.0,-524.0,1174.0,12:28:53.258738
53.0,-818.0,1171.0,12:28:53.267955
85.0,-433.0,983.0,12:28:53.278529
58.0,-703.0,1396.0,12:28:53.287878
197.0,-569.0,775.0,12:28:53.298356
-73.0,-288.0,447.0,12:28:53.307663
-66.0,-464.0,1067.0,12:28:53.317035
88.0,-544.0,961.0,12:28:53.327710
91.0,-615.0,834.0,12:28:53.337040
6.0,-357.0,152.0,12:28:53.347515
-24.0,-581.0,965.0,12:28:53.356855
-128.0,-669.0,1771.0,12:28:53.366397
-49.0,-567.0,1087.0,12:28:53.376779
138.0,-807.0,885.0,12:28:53.386238
121.0,-598.0,1035.0,12:28:53.396728
17.0,-670.0,1227.0,12:28:53.406280
109.0,-575.0,530.0,12:28:53.415521
-31.0,-339.0,414.0,12:28:53.425977
63.0,-665.0,887.0,12:28:53.435287
-52.0,-310.0,847.0,12:28:53.445772
-23.0,-373.0,712.0,12:28:53.455155
-119.0,-136.0,786.0,12:28:53.465721
56.0,-381.0,981.0,12:28:53.475153
41.0,-514.0,1344.0,12:28:53.485582
77.0,-361.0,1150.0,12:28:53.494917
246.0,-612.0,468.0,12:28:53.504228
108.0,-508.0,697.0,12:28:53.514722
-109.0,-378.0,1436.0,12:28:53.524150
-66.0,-481.0,1179.0,12:28:53.534592
-124.0,-376.0,708.0,12:28:53.544034
70.0,-438.0,784.0,12:28:53.554624
49.0,-552.0,1026.0,12:28:53.563932
133.0,-440.0,855.0,12:28:53.573254
104.0,-501.0,1119.0,12:28:53.584672
59.0,-458.0,928.0,12:28:53.593009
-17.0,-524.0,721.0,12:28:53.603615
38.0,-490.0,834.0,12:28:53.613008
130.0,-611.0,962.0,12:28:53.623589
76.0,-358.0,606.0,12:28:53.632875
32.0,-501.0,1129.0,12:28:53.642261
93.0,-352.0,1026.0,12:28:53.652639
36.0,-469.0,1199.0,12:28:53.661957
106.0,-847.0,1608.0,12:28:53.672398
131.0,-387.0,317.0,12:28:53.681870
247.0,-598.0,512.0,12:28:53.692419
181.0,-484.0,841.0,12:28:53.701767
-6.0,-126.0,250.0,12:28:53.712219
81.0,-925.0,1689.0,12:28:53.721569
138.0,-648.0,1303.0,12:28:53.730853
91.0,-718.0,747.0,12:28:53.741293
-77.0,-429.0,1013.0,12:28:53.750812
-158.0,-198.0,1041.0,12:28:53.761261
-142.0,-506.0,1330.0,12:28:53.770736
51.0,-575.0,735.0,12:28:53.780103
123.0,-229.0,371.0,12:28:53.790764
37.0,-571.0,1060.0,12:28:53.800042
-148.0,-760.0,1722.0,12:28:53.810582
-3.0,-343.0,524.0,12:28:53.819998
24.0,-632.0,450.0,12:28:53.829528
40.0,-678.0,526.0,12:28:53.839932
-127.0,-178.0,751.0,12:28:53.849375
-199.0,-616.0,1854.0,12:28:53.859791
186.0,-1270.0,1884.0,12:28:53.869332
153.0,-336.0,-832.0,12:28:53.879742
173.0,-626.0,421.0,12:28:53.889136
-240.0,-635.0,1957.0,12:28:53.898462
119.0,-488.0,352.0,12:28:53.909038
146.0,-321.0,217.0,12:28:53.918411
-115.0,-755.0,1728.0,12:28:53.928927
85.0,-973.0,1551.0,12:28:53.938228
-88.0,-413.0,236.0,12:28:53.947678
229.0,-666.0,1005.0,12:28:53.958074
56.0,-481.0,734.0,12:28:53.967454
-164.0,-392.0,534.0,12:28:53.985797
-27.0,-381.0,940.0,12:28:53.987172
7.0,-417.0,863.0,12:28:53.997976
47.0,-665.0,970.0,12:28:54.007335
-102.0,-479.0,1192.0,12:28:54.016751
-61.0,-562.0,951.0,12:28:54.027141
-131.0,-436.0,799.0,12:28:54.036515
-30.0,-267.0,1061.0,12:28:54.046895
-63.0,-474.0,1165.0,12:28:54.056459
104.0,-680.0,1188.0,12:28:54.066844
-132.0,-400.0,540.0,12:28:54.076293
303.0,-589.0,427.0,12:28:54.086695
-28.0,-526.0,1222.0,12:28:54.096024
-61.0,-497.0,1100.0,12:28:54.105358
70.0,-491.0,807.0,12:28:54.115853
-63.0,-519.0,877.0,12:28:54.125332
-38.0,-443.0,1076.0,12:28:54.135793
65.0,-200.0,450.0,12:28:54.145284
5.0,-327.0,1018.0,12:28:54.154555
53.0,-591.0,1536.0,12:28:54.165107
55.0,-678.0,846.0,12:28:54.174482
136.0,-616.0,971.0,12:28:54.185020
109.0,-552.0,1027.0,12:28:54.194287
132.0,-554.0,787.0,12:28:54.204819
159.0,-564.0,711.0,12:28:54.214062
-135.0,-231.0,689.0,12:28:54.224650
59.0,-563.0,1144.0,12:28:54.234124
-13.0,-566.0,1263.0,12:28:54.243450
-19.0,-534.0,1282.0,12:28:54.253991
38.0,-579.0,664.0,12:28:54.263459
162.0,-644.0,682.0,12:28:54.272854
115.0,-469.0,638.0,12:28:54.283274
60.0,-543.0,791.0,12:28:54.292559
-69.0,-139.0,607.0,12:28:54.303113
-262.0,-276.0,828.0,12:28:54.312418
-93.0,-218.0,709.0,12:28:54.322934
-210.0,-858.0,2047.0,12:28:54.332344
29.0,-633.0,1117.0,12:28:54.341820
220.0,-847.0,568.0,12:28:54.352221
191.0,-688.0,370.0,12:28:54.361495
150.0,-399.0,1025.0,12:28:54.371939
-88.0,-369.0,1292.0,12:28:54.381261
-104.0,-774.0,1395.0,12:28:54.391804
10.0,-837.0,690.0,12:28:54.401150
26.0,-583.0,168.0,12:28:54.411743
100.0,-447.0,1141.0,12:28:54.421033
-6.0,-563.0,1487.0,12:28:54.431509
-42.0,-238.0,436.0,12:28:54.440843
78.0,-633.0,833.0,12:28:54.450271
13.0,-514.0,675.0,12:28:54.460725
-45.0,-645.0,945.0,12:28:54.470000
148.0,-180.0,741.0,12:28:54.480427
-85.0,-507.0,1179.0,12:28:54.489780
138.0,-643.0,797.0,12:28:54.500209
62.0,-441.0,734.0,12:28:54.509581
87.0,-297.0,622.0,12:28:54.519960
39.0,-566.0,1154.0,12:28:54.529419
23.0,-687.0,1118.0,12:28:54.539759
-172.0,-422.0,736.0,12:28:54.549044
13.0,-334.0,864.0,12:28:54.559585
68.0,-719.0,1388.0,12:28:54.568933
102.0,-599.0,896.0,12:28:54.579448
25.0,-563.0,788.0,12:28:54.588800
53.0,-773.0,948.0,12:28:54.598116
192.0,-453.0,233.0,12:28:54.608681
41.0,-252.0,895.0,12:28:54.617995
-7.0,-415.0,1659.0,12:28:54.628485
37.0,-673.0,1003.0,12:28:54.637811
-33.0,-530.0,579.0,12:28:54.648224
259.0,-559.0,921.0,12:28:54.657578
109.0,-819.0,1725.0,12:28:54.667997
35.0,-578.0,500.0,12:28:54.677399
-1.0,-463.0,175.0,12:28:54.686812
89.0,-444.0,456.0,12:28:54.697426
-132.0,-406.0,1279.0,12:28:54.706677
-48.0,-404.0,1508.0,12:28:54.716349
-131.0,-343.0,715.0,12:28:54.726744
-13.0,-388.0,211.0,12:28:54.736279
108.0,-597.0,1511.0,12:28:54.746674
72.0,-374.0,945.0,12:28:54.756049
129.0,-527.0,916.0,12:28:54.766430
51.0,-281.0,834.0,12:28:54.775819
107.0,-472.0,1076.0,12:28:54.787936
217.0,-595.0,765.0,12:28:54.796129
148.0,-469.0,844.0,12:28:54.805591
11.0,-289.0,1094.0,12:28:54.814838
-81.0,-556.0,1284.0,12:28:54.825308
165.0,-833.0,1161.0,12:28:54.834612
258.0,-530.0,451.0,12:28:54.845299
40.0,-581.0,986.0,12:28:54.854633
6.0,-516.0,1008.0,12:28:54.864131
131.0,-251.0,175.0,12:28:54.874512
34.0,-400.0,814.0,12:28:54.884030
-14.0,-783.0,1673.0,12:28:54.894430
-38.0,-693.0,1157.0,12:28:54.903799
30.0,-534.0,504.0,12:28:54.914170
165.0,-634.0,882.0,12:28:54.923560
79.0,-459.0,713.0,12:28:54.934074
-77.0,-329.0,820.0,12:28:54.943516
34.0,-533.0,1295.0,12:28:54.952868
105.0,-559.0,943.0,12:28:54.963380
10.0,-643.0,960.0,12:28:54.972637
52.0,-453.0,834.0,12:28:54.983083
-23.0,-416.0,1134.0,12:28:54.992398
-7.0,-387.0,788.0,12:28:55.003007
8.0,-332.0,440.0,12:28:55.012410
2.0,-513.0,1100.0,12:28:55.021843
-101.0,-277.0,1138.0,12:28:55.032265
16.0,-457.0,1291.0,12:28:55.041761
57.0,-451.0,1096.0,12:28:55.052148
26.0,-556.0,813.0,12:28:55.061571
83.0,-510.0,873.0,12:28:55.072110
180.0,-305.0,607.0,12:28:55.081476
34.0,-551.0,1089.0,12:28:55.091002
64.0,-478.0,1090.0,12:28:55.101369
85.0,-571.0,678.0,12:28:55.110816
103.0,-472.0,520.0,12:28:55.121312
206.0,-175.0,611.0,12:28:55.130647
54.0,-593.0,1808.0,12:28:55.139960
-56.0,-697.0,1376.0,12:28:55.150584
199.0,-680.0,324.0,12:28:55.159981
152.0,-422.0,440.0,12:28:55.170617
137.0,-534.0,1400.0,12:28:55.179895
-57.0,-569.0,993.0,12:28:55.189487
51.0,-509.0,427.0,12:28:55.199356
34.0,-428.0,642.0,12:28:55.209747
75.0,-667.0,1417.0,12:28:55.219064
-77.0,-455.0,799.0,12:28:55.229544
53.0,-379.0,737.0,12:28:55.238988
259.0,-761.0,1267.0,12:28:55.249459
132.0,-833.0,1022.0,12:28:55.258832
45.0,-500.0,883.0,12:28:55.268094
-83.0,-244.0,719.0,12:28:55.278779
57.0,-447.0,1165.0,12:28:55.288054
-54.0,-745.0,1199.0,12:28:55.298645
107.0,-445.0,238.0,12:28:55.307973
26.0,-627.0,846.0,12:28:55.317437
23.0,-442.0,929.0,12:28:55.327906
213.0,-452.0,946.0,12:28:55.337253
-97.0,-481.0,999.0,12:28:55.347665
2.0,-574.0,984.0,12:28:55.357117
43.0,-654.0,987.0,12:28:55.367475
-41.0,-413.0,663.0,12:28:55.376796
-71.0,-538.0,1070.0,12:28:55.387277
82.0,-673.0,915.0,12:28:55.396645
10.0,-306.0,600.0,12:28:55.407053
-58.0,-544.0,1111.0,12:28:55.416318
-28.0,-640.0,1009.0,12:28:55.426817
9.0,-431.0,916.0,12:28:55.436281
133.0,-796.0,1272.0,12:28:55.445621
73.0,-707.0,999.0,12:28:55.456018
92.0,-425.0,560.0,12:28:55.465530
61.0,-865.0,1106.0,12:28:55.475953
78.0,-400.0,290.0,12:28:55.485246
129.0,-373.0,596.0,12:28:55.495722
-87.0,-563.0,1255.0,12:28:55.505156
-69.0,-415.0,997.0,12:28:55.514437
-151.0,-471.0,1005.0,12:28:55.524923
-131.0,-389.0,870.0,12:28:55.534147
129.0,-527.0,1120.0,12:28:55.544762
-25.0,-517.0,1078.0,12:28:55.554211
115.0,-642.0,937.0,12:28:55.564652
150.0,-699.0,834.0,12:28:55.574054
-25.0,-232.0,351.0,12:28:55.583381
189.0,-704.0,1746.0,12:28:55.593811
172.0,-583.0,727.0,12:28:55.603062
-10.0,-557.0,40.0,12:28:55.613639
19.0,-489.0,1408.0,12:28:55.623118
-60.0,-240.0,809.0,12:28:55.633637
-64.0,-480.0,720.0,12:28:55.642953
-56.0,-62.0,764.0,12:28:55.652477
-133.0,-658.0,1457.0,12:28:55.662890
12.0,-864.0,1648.0,12:28:55.672222
50.0,-651.0,1018.0,12:28:55.682597
159.0,-408.0,389.0,12:28:55.692002
63.0,-824.0,1318.0,12:28:55.702374
26.0,-569.0,1033.0,12:28:55.711773
72.0,-174.0,309.0,12:28:55.722238
-108.0,-472.0,677.0,12:28:55.731684
-159.0,-514.0,930.0,12:28:55.741020
-121.0,-387.0,954.0,12:28:55.751491
-7.0,-482.0,1350.0,12:28:55.760900
34.0,-788.0,806.0,12:28:55.771342
31.0,-437.0,307.0,12:28:55.780725
157.0,-279.0,724.0,12:28:55.791115
42.0,-403.0,1552.0,12:28:55.800562
45.0,-601.0,1143.0,12:28:55.811120
40.0,-312.0,331.0,12:28:55.820554
-7.0,-619.0,1229.0,12:28:55.829817
175.0,-479.0,853.0,12:28:55.840411
-68.0,-700.0,1212.0,12:28:55.849645
-5.0,-702.0,1191.0,12:28:55.860151
181.0,-585.0,455.0,12:28:55.869472
48.0,-317.0,480.0,12:28:55.880024
25.0,-394.0,868.0,12:28:55.889323
-91.0,-466.0,1008.0,12:28:55.898749
-113.0,-405.0,887.0,12:28:55.909146
-34.0,-726.0,1679.0,12:28:55.918591
99.0,-801.0,1120.0,12:28:55.929011
112.0,-506.0,817.0,12:28:55.938334
148.0,-651.0,808.0,12:28:55.948810
130.0,-315.0,476.0,12:28:55.958119
85.0,-179.0,427.0,12:28:55.968663
-11.0,-349.0,1007.0,12:28:55.977927
-32.0,-567.0,1252.0,12:28:55.990672
7.0,-619.0,973.0,12:28:55.998023
72.0,-519.0,756.0,12:28:56.007349
116.0,-702.0,1016.0,12:28:56.026922
-16.0,-509.0,1062.0,12:28:56.037538
70.0,-335.0,538.0,12:28:56.046790
19.0,-381.0,1196.0,12:28:56.057334
-46.0,-474.0,962.0,12:28:56.066603
101.0,-337.0,415.0,12:28:56.077248
171.0,-593.0,1117.0,12:28:56.086601
34.0,-512.0,1363.0,12:28:56.095965
39.0,-534.0,895.0,12:28:56.106616
199.0,-490.0,317.0,12:28:56.115955
126.0,-738.0,1061.0,12:28:56.126465
69.0,-557.0,1471.0,12:28:56.135934
-168.0,-433.0,789.0,12:28:56.145315
78.0,-530.0,735.0,12:28:56.155805
47.0,-913.0,1283.0,12:28:56.165230
213.0,-423.0,696.0,12:28:56.174633
143.0,-682.0,992.0,12:28:56.185229
53.0,-517.0,550.0,12:28:56.194539
29.0,-430.0,679.0,12:28:56.205045
-13.0,-244.0,655.0,12:28:56.214293
-49.0,-491.0,777.0,12:28:56.224853
-38.0,-375.0,1243.0,12:28:56.234189
-45.0,-636.0,1251.0,12:28:56.244666
77.0,-675.0,905.0,12:28:56.254097
334.0,-762.0,1034.0,12:28:56.263530
71.0,-508.0,924.0,12:28:56.274014
123.0,-664.0,1000.0,12:28:56.283337
62.0,-435.0,667.0,12:28:56.293714
-39.0,-197.0,777.0,12:28:56.303052
-28.0,-386.0,1053.0,12:28:56.313466
-169.0,-268.0,846.0,12:28:56.322932
-26.0,-549.0,1124.0,12:28:56.333367
63.0,-567.0,841.0,12:28:56.342921
51.0,-682.0,1104.0,12:28:56.352185
-16.0,-570.0,1270.0,12:28:56.362631
136.0,-320.0,409.0,12:28:56.371984
3.0,-419.0,651.0,12:28:56.382396
126.0,-629.0,1316.0,12:28:56.392562
-69.0,-391.0,675.0,12:28:56.402127
58.0,-445.0,833.0,12:28:56.411441
52.0,-768.0,1346.0,12:28:56.421962
153.0,-538.0,640.0,12:28:56.431241
-90.0,-511.0,542.0,12:28:56.441789
144.0,-317.0,341.0,12:28:56.451037
-50.0,-583.0,1572.0,12:28:56.460589
89.0,-884.0,1508.0,12:28:56.471041
-17.0,-533.0,545.0,12:28:56.480412
88.0,-464.0,469.0,12:28:56.490802
59.0,-403.0,828.0,12:28:56.500189
-172.0,-577.0,1637.0,12:28:56.510713
73.0,-338.0,708.0,12:28:56.520037
-7.0,-435.0,653.0,12:28:56.530433
29.0,-424.0,1084.0,12:28:56.539814
-74.0,-272.0,1206.0,12:28:56.549161
-73.0,-468.0,926.0,12:28:56.559781
116.0,-374.0,603.0,12:28:56.569082
11.0,-527.0,1074.0,12:28:56.578608
189.0,-484.0,757.0,12:28:56.588991
114.0,-270.0,459.0,12:28:56.598314
226.0,-697.0,1479.0,12:28:56.608760
-24.0,-354.0,871.0,12:28:56.618178
28.0,-669.0,1193.0,12:28:56.628619
70.0,-599.0,1323.0,12:28:56.637897
179.0,-551.0,816.0,12:28:56.648379
189.0,-275.0,380.0,12:28:56.657651
-46.0,-552.0,1207.0,12:28:56.668087
58.0,-480.0,1049.0,12:28:56.677473
105.0,-831.0,979.0,12:28:56.688010
114.0,-696.0,654.0,12:28:56.697385
176.0,-418.0,428.0,12:28:56.706709
-288.0,-548.0,1277.0,12:28:56.717235
107.0,-494.0,842.0,12:28:56.726633
-43.0,-473.0,888.0,12:28:56.737046
81.0,-617.0,1008.0,12:28:56.746391
232.0,-759.0,1126.0,12:28:56.756754
-47.0,-304.0,460.0,12:28:56.766137
46.0,-588.0,1255.0,12:28:56.776595
200.0,-404.0,606.0,12:28:56.785946
7.0,-341.0,472.0,12:28:56.796378
85.0,-606.0,1345.0,12:28:56.805728
-18.0,-489.0,1056.0,12:28:56.816222
121.0,-1046.0,972.0,12:28:56.825596
107.0,-803.0,847.0,12:28:56.834917
-74.0,-327.0,836.0,12:28:56.845489
-275.0,-452.0,1320.0,12:28:56.854813
113.0,-1128.0,1328.0,12:28:56.865223
194.0,-404.0,-74.0,12:28:56.874588
-32.0,-335.0,710.0,12:28:56.884104
-45.0,-817.0,1571.0,12:28:56.894552
17.0,-252.0,576.0,12:28:56.904072
-9.0,-276.0,578.0,12:28:56.914503
-53.0,-695.0,1250.0,12:28:56.924008
86.0,-413.0,679.0,12:28:56.933433
-73.0,-463.0,1085.0,12:28:56.943917
-68.0,-434.0,1178.0,12:28:56.953286
79.0,-708.0,781.0,12:28:56.963699
61.0,-358.0,98.0,12:28:56.973079
82.0,-636.0,1326.0,12:28:56.983464
-51.0,-412.0,1111.0,12:28:56.992909
-69.0,-359.0,689.0,12:28:57.003433
-4.0,-518.0,1124.0,12:28:57.012864
87.0,-581.0,1031.0,12:28:57.022102
103.0,-655.0,882.0,12:28:57.032900
-19.0,-565.0,1022.0,12:28:57.042185
173.0,-433.0,782.0,12:28:57.052724
31.0,-469.0,753.0,12:28:57.062067
-36.0,-335.0,1201.0,12:28:57.071437
132.0,-233.0,353.0,12:28:57.081899
162.0,-239.0,524.0,12:28:57.091230
19.0,-640.0,1778.0,12:28:57.101733
9.0,-679.0,1334.0,12:28:57.111078
84.0,-857.0,1186.0,12:28:57.121477
127.0,-628.0,705.0,12:28:57.130816
106.0,-529.0,881.0,12:28:57.141258
163.0,-553.0,1291.0,12:28:57.150643
51.0,-498.0,712.0,12:28:57.160003
110.0,-510.0,280.0,12:28:57.170737
-32.0,-503.0,1033.0,12:28:57.180112
-19.0,-553.0,950.0,12:28:57.193312
-39.0,-493.0,893.0,12:28:57.199570
-112.0,-386.0,1071.0,12:28:57.210013
48.0,-306.0,416.0,12:28:57.219473
-115.0,-412.0,700.0,12:28:57.230035
-64.0,-506.0,1288.0,12:28:57.239403
-33.0,-19.0,268.0,12:28:57.248804
-141.0,-855.0,1882.0,12:28:57.259228
128.0,-847.0,1603.0,12:28:57.268774
116.0,-593.0,174.0,12:28:57.279160
42.0,-476.0,646.0,12:28:57.288542
-9.0,-723.0,1715.0,12:28:57.298954
46.0,-380.0,535.0,12:28:57.308317
117.0,-424.0,605.0,12:28:57.318734
-29.0,-613.0,1054.0,12:28:57.328078
81.0,-438.0,911.0,12:28:57.337486
2.0,-418.0,960.0,12:28:57.348034
43.0,-745.0,1256.0,12:28:57.357446
175.0,-547.0,679.0,12:28:57.367861
85.0,-231.0,261.0,12:28:57.377201
46.0,-499.0,1439.0,12:28:57.387631
-19.0,-577.0,1440.0,12:28:57.396970
-74.0,-552.0,620.0,12:28:57.407458
82.0,-689.0,874.0,12:28:57.416858
267.0,-566.0,466.0,12:28:57.426268
-17.0,-416.0,775.0,12:28:57.436773
10.0,-657.0,1402.0,12:28:57.446073
202.0,-674.0,644.0,12:28:57.456559
-9.0,-517.0,483.0,12:28:57.465853
-17.0,-599.0,1346.0,12:28:57.476358
34.0,-476.0,1270.0,12:28:57.485846
-51.0,-464.0,828.0,12:28:57.495186
24.0,-344.0,552.0,12:28:57.505699
26.0,-404.0,854.0,12:28:57.515243
6.0,-487.0,1154.0,12:28:57.524643
-64.0,-378.0,942.0,12:28:57.535088
60.0,-865.0,1267.0,12:28:57.544439
173.0,-638.0,625.0,12:28:57.554993
188.0,-373.0,535.0,12:28:57.564429
4.0,-497.0,998.0,12:28:57.574873
37.0,-366.0,1074.0,12:28:57.584192
97.0,-750.0,1093.0,12:28:57.598748
129.0,-672.0,508.0,12:28:57.603526
97.0,-513.0,502.0,12:28:57.614109
-34.0,-508.0,1149.0,12:28:57.623371
-110.0,-473.0,1293.0,12:28:57.633818
53.0,-808.0,1115.0,12:28:57.643151
152.0,-454.0,136.0,12:28:57.653583
38.0,-259.0,653.0,12:28:57.662948
35.0,-391.0,1333.0,12:28:57.673355
20.0,-716.0,1493.0,12:28:57.682707
39.0,-546.0,753.0,12:28:57.693072
123.0,-734.0,975.0,12:28:57.702409
245.0,-613.0,845.0,12:28:57.711846
-115.0,-250.0,808.0,12:28:57.722383
151.0,-419.0,1069.0,12:28:57.731808
-122.0,-576.0,924.0,12:28:57.742263
-76.0,-672.0,898.0,12:28:57.751532
-130.0,-519.0,913.0,12:28:57.762017
-41.0,-426.0,1229.0,12:28:57.771265
64.0,-286.0,845.0,12:28:57.781790
-116.0,-722.0,910.0,12:28:57.791100
233.0,-559.0,520.0,12:28:57.801545
115.0,-162.0,650.0,12:28:57.810844
34.0,-619.0,1642.0,12:28:57.821253
136.0,-777.0,945.0,12:28:57.830667
-114.0,-401.0,237.0,12:28:57.839982
8.0,-333.0,758.0,12:28:57.850578
86.0,-622.0,1415.0,12:28:57.859809
97.0,-236.0,522.0,12:28:57.870454
-175.0,-355.0,638.0,12:28:57.879721
108.0,-804.0,1749.0,12:28:57.890159
157.0,-571.0,714.0,12:28:57.899576
-17.0,-655.0,1204.0,12:28:57.908905
62.0,-716.0,1152.0,12:28:57.919486
77.0,-500.0,736.0,12:28:57.928814
-23.0,-682.0,1013.0,12:28:57.939440
120.0,-320.0,494.0,12:28:57.948706
-36.0,-484.0,1080.0,12:28:57.958171
-34.0,-412.0,801.0,12:28:57.968687
-50.0,-207.0,511.0,12:28:57.978055
-119.0,-434.0,1089.0,12:28:57.988564
-63.0,-423.0,1517.0,12:28:57.998066
38.0,-641.0,1113.0,12:28:58.007487
-48.0,-274.0,368.0,12:28:58.018064
124.0,-593.0,1019.0,12:28:58.027531
109.0,-551.0,864.0,12:28:58.037939
65.0,-449.0,712.0,12:28:58.047426
68.0,-475.0,992.0,12:28:58.056682
38.0,-523.0,1233.0,12:28:58.067164
-86.0,-546.0,795.0,12:28:58.076524
47.0,-373.0,636.0,12:28:58.087063
180.0,-674.0,978.0,12:28:58.096492
16.0,-562.0,1016.0,12:28:58.106937
67.0,-306.0,763.0,12:28:58.116305
2.0,-712.0,1225.0,12:28:58.135984
25.0,-381.0,993.0,12:28:58.146403
-39.0,-519.0,696.0,12:28:58.155782
111.0,-627.0,693.0,12:28:58.165205
-72.0,-566.0,1268.0,12:28:58.175605
185.0,-580.0,1148.0,12:28:58.184898
96.0,-459.0,349.0,12:28:58.195386
35.0,-405.0,852.0,12:28:58.214961
7.0,-382.0,704.0,12:28:58.224239
35.0,-614.0,925.0,12:28:58.234726
46.0,-630.0,921.0,12:28:58.244055
95.0,-483.0,821.0,12:28:58.254536
-89.0,-543.0,1182.0,12:28:58.263817
104.0,-620.0,1128.0,12:28:58.274297
-14.0,-574.0,699.0,12:28:58.283583
-54.0,-279.0,796.0,12:28:58.294103
145.0,-541.0,947.0,12:28:58.303393
-90.0,-431.0,1114.0,12:28:58.313963
56.0,-600.0,1202.0,12:28:58.323407
86.0,-636.0,722.0,12:28:58.332750
-64.0,-634.0,1029.0,12:28:58.343232
118.0,-547.0,1047.0,12:28:58.352559
70.0,-522.0,857.0,12:28:58.362935
-57.0,-284.0,462.0,12:28:58.372240
10.0,-375.0,1033.0,12:28:58.382963
23.0,-511.0,1261.0,12:28:58.396769
98.0,-603.0,1002.0,12:28:58.401744
79.0,-460.0,619.0,12:28:58.412253
137.0,-562.0,867.0,12:28:58.421513
2.0,-407.0,870.0,12:28:58.432213
107.0,-371.0,773.0,12:28:58.441487
38.0,-442.0,696.0,12:28:58.450829
117.0,-305.0,567.0,12:28:58.461295
21.0,-680.0,1491.0,12:28:58.470690
120.0,-541.0,717.0,12:28:58.481165
-90.0,-410.0,659.0,12:28:58.490615
55.0,-792.0,1322.0,12:28:58.501088
254.0,-470.0,982.0,12:28:58.510394
100.0,-509.0,954.0,12:28:58.520828
123.0,-647.0,1037.0,12:28:58.530135
58.0,-642.0,808.0,12:28:58.540694
99.0,-263.0,481.0,12:28:58.550036
36.0,-616.0,1686.0,12:28:58.559491
-108.0,-441.0,1034.0,12:28:58.569896
132.0,-615.0,471.0,12:28:58.579396
133.0,-477.0,485.0,12:28:58.589772
-66.0,-454.0,1289.0,12:28:58.599149
-43.0,-333.0,1138.0,12:28:58.608611
36.0,-575.0,816.0,12:28:58.619216
-11.0,-410.0,671.0,12:28:58.628562
4.0,-389.0,1018.0,12:28:58.639007
49.0,-294.0,1168.0,12:28:58.648329
-27.0,-607.0,1488.0,12:28:58.658774
181.0,-488.0,399.0,12:28:58.668041
92.0,-517.0,385.0,12:28:58.678489
-24.0,-586.0,1442.0,12:28:58.687821
20.0,-386.0,1135.0,12:28:58.698204
58.0,-708.0,728.0,12:28:58.707559
35.0,-780.0,880.0,12:28:58.717934
92.0,-206.0,465.0,12:28:58.727387
97.0,-529.0,1403.0,12:28:58.736604
124.0,-606.0,1154.0,12:28:58.747067
45.0,-520.0,748.0,12:28:58.756326
15.0,-273.0,442.0,12:28:58.766841
48.0,-462.0,1003.0,12:28:58.776211
-55.0,-509.0,1277.0,12:28:58.786632
-33.0,-197.0,630.0,12:28:58.798528
68.0,-477.0,977.0,12:28:58.805856
12.0,-935.0,1139.0,12:28:58.816402
54.0,-164.0,92.0,12:28:58.825697
18.0,-613.0,1683.0,12:28:58.836190
-118.0,-768.0,1520.0,12:28:58.845471
217.0,-593.0,319.0,12:28:58.854767
108.0,-667.0,757.0,12:28:58.865259
153.0,-680.0,1227.0,12:28:58.874538
117.0,-580.0,1081.0,12:28:58.885272
-4.0,-272.0,432.0,12:28:58.894523
18.0,-526.0,881.0,12:28:58.905082
203.0,-516.0,819.0,12:28:58.914412
113.0,-420.0,850.0,12:28:58.923820
82.0,-387.0,1052.0,12:28:58.934241
68.0,-356.0,647.0,12:28:58.943589
125.0,-343.0,796.0,12:28:58.954076
197.0,-753.0,1607.0,12:28:58.963409
5.0,-440.0,822.0,12:28:58.973794
86.0,-389.0,514.0,12:28:58.983117
60.0,-441.0,783.0,12:28:58.993586
143.0,-547.0,1141.0,12:28:59.002925
-137.0,-704.0,1315.0,12:28:59.013403
-99.0,-589.0,823.0,12:28:59.022787
263.0,-658.0,942.0,12:28:59.032182
116.0,-649.0,1204.0,12:28:59.042649
102.0,-752.0,894.0,12:28:59.052057
95.0,-465.0,292.0,12:28:59.062420
35.0,-396.0,794.0,12:28:59.071859
63.0,-447.0,1086.0,12:28:59.082242
117.0,-363.0,620.0,12:28:59.091567
-26.0,-480.0,1085.0,12:28:59.102054
30.0,-484.0,976.0,12:28:59.111406
218.0,-341.0,628.0,12:28:59.121881
229.0,-592.0,1540.0,12:28:59.131147
56.0,-561.0,905.0,12:28:59.141706
89.0,-574.0,723.0,12:28:59.151031
-31.0,-703.0,1247.0,12:28:59.160609
98.0,-634.0,973.0,12:28:59.171038
46.0,-478.0,585.0,12:28:59.180364
-43.0,-475.0,789.0,12:28:59.190744
4.0,-644.0,951.0,12:28:59.200073
-4.0,-413.0,590.0,12:28:59.210607
-21.0,-316.0,648.0,12:28:59.220058
-9.0,-350.0,692.0,12:28:59.233211
-70.0,-403.0,1283.0,12:28:59.240957
98.0,-707.0,1467.0,12:28:59.250939
7.0,-525.0,665.0,12:28:59.259762
111.0,-649.0,998.0,12:28:59.271044
-83.0,-626.0,1220.0,12:28:59.280835
7.0,-592.0,1084.0,12:28:59.289114
-146.0,-104.0,189.0,12:28:59.298589
-104.0,-461.0,864.0,12:28:59.308968
0.0,-582.0,1218.0,12:28:59.318288
-31.0,-602.0,1086.0,12:28:59.328750
42.0,-483.0,673.0,12:28:59.338131
16.0,-392.0,956.0,12:28:59.347574
114.0,-486.0,762.0,12:28:59.358065
176.0,-481.0,724.0,12:28:59.367579
32.0,-413.0,687.0,12:28:59.378049
-114.0,-619.0,1580.0,12:28:59.387466
75.0,-734.0,1380.0,12:28:59.396766
120.0,-318.0,389.0,12:28:59.407427
-60.0,-702.0,1517.0,12:28:59.416755
138.0,-600.0,1142.0,12:28:59.427253
188.0,-342.0,214.0,12:28:59.436535
37.0,-264.0,591.0,12:28:59.447038
35.0,-590.0,1316.0,12:28:59.456375
-71.0,-336.0,698.0,12:28:59.466802
-3.0,-333.0,689.0,12:28:59.476180
-71.0,-624.0,1469.0,12:28:59.485612
108.0,-382.0,827.0,12:28:59.496102
3.0,-191.0,664.0,12:28:59.505439
156.0,-583.0,1128.0,12:28:59.516001
24.0,-481.0,938.0,12:28:59.525259
21.0,-515.0,1042.0,12:28:59.535722
52.0,-391.0,434.0,12:28:59.545024
173.0,-738.0,1228.0,12:28:59.555512
54.0,-684.0,1539.0,12:28:59.564783
81.0,-582.0,751.0,12:28:59.574156
82.0,-763.0,690.0,12:28:59.584517
111.0,-536.0,727.0,12:28:59.600177
42.0,-666.0,1103.0,12:28:59.603757
-88.0,-391.0,507.0,12:28:59.614227
2.0,-637.0,724.0,12:28:59.623529
30.0,-718.0,846.0,12:28:59.634095
-59.0,-581.0,1049.0,12:28:59.643394
-164.0,-540.0,1030.0,12:28:59.653839
38.0,-443.0,689.0,12:28:59.663059
-67.0,-382.0,694.0,12:28:59.673690
38.0,-622.0,1263.0,12:28:59.682949
-1.0,-489.0,1097.0,12:28:59.693403
50.0,-516.0,634.0,12:28:59.702705
-40.0,-432.0,531.0,12:28:59.713169
-174.0,-539.0,1204.0,12:28:59.722513
60.0,-556.0,889.0,12:28:59.731864
-99.0,-588.0,869.0,12:28:59.742345
-34.0,-480.0,961.0,12:28:59.751846
52.0,-605.0,990.0,12:28:59.762271
-41.0,-798.0,976.0,12:28:59.771631
-100.0,-268.0,1005.0,12:28:59.782179
100.0,-288.0,727.0,12:28:59.791411
17.0,-703.0,1371.0,12:28:59.800902
72.0,-618.0,1106.0,12:28:59.811346
172.0,-389.0,380.0,12:28:59.820729
-13.0,-497.0,876.0,12:28:59.831250
75.0,-728.0,1522.0,12:28:59.840677
69.0,-514.0,698.0,12:28:59.851240
-2.0,-150.0,58.0,12:28:59.860632
-28.0,-594.0,1175.0,12:28:59.869980
124.0,-374.0,737.0,12:28:59.880584
74.0,-453.0,1170.0,12:28:59.889940
10.0,-796.0,1238.0,12:28:59.900362
-19.0,-765.0,1193.0,12:28:59.909693
128.0,-461.0,682.0,12:28:59.920099
122.0,-685.0,860.0,12:28:59.929558
77.0,-550.0,946.0,12:28:59.938847
17.0,-321.0,749.0,12:28:59.949368
-17.0,-435.0,323.0,12:28:59.958833
-72.0,-228.0,586.0,12:28:59.969570
-57.0,-471.0,1516.0,12:28:59.978987
-62.0,-630.0,1066.0,12:28:59.988264
95.0,-625.0,782.0,12:29:00.000835
35.0,-641.0,1297.0,12:29:00.008260
81.0,-568.0,896.0,12:29:00.018643
-13.0,-464.0,736.0,12:29:00.028025
52.0,-452.0,1047.0,12:29:00.037437
106.0,-295.0,403.0,12:29:00.047966
0.0,-503.0,726.0,12:29:00.057372
-56.0,-321.0,1040.0,12:29:00.067816
-41.0,-347.0,664.0,12:29:00.077099
-18.0,-554.0,1280.0,12:29:00.086543
-85.0,-704.0,1622.0,12:29:00.096888
34.0,-838.0,1112.0,12:29:00.106352
111.0,-767.0,585.0,12:29:00.116890
36.0,-249.0,603.0,12:29:00.126289
-55.0,-269.0,1164.0,12:29:00.136737
24.0,-659.0,1322.0,12:29:00.146033
203.0,-362.0,222.0,12:29:00.155550
-115.0,-168.0,554.0,12:29:00.166019
227.0,-712.0,1521.0,12:29:00.175367
169.0,-333.0,754.0,12:29:00.185839
-12.0,-441.0,1167.0,12:29:00.195276
-2.0,-819.0,1301.0,12:29:00.205665
387.0,-668.0,444.0,12:29:00.215123
-59.0,-258.0,633.0,12:29:00.224463
-192.0,-422.0,1353.0,12:29:00.235125
-20.0,-629.0,1075.0,12:29:00.244360
117.0,-588.0,507.0,12:29:00.254831
31.0,-428.0,458.0,12:29:00.264134
-27.0,-676.0,1382.0,12:29:00.274633
86.0,-406.0,1023.0,12:29:00.284131
-77.0,-374.0,903.0,12:29:00.293444
113.0,-605.0,1389.0,12:29:00.304046
189.0,-588.0,903.0,12:29:00.313453
96.0,-346.0,424.0,12:29:00.323989
25.0,-545.0,1124.0,12:29:00.333271
151.0,-469.0,742.0,12:29:00.343745
85.0,-506.0,680.0,12:29:00.353022
60.0,-489.0,1052.0,12:29:00.363443
-110.0,-403.0,851.0,12:29:00.372828
64.0,-739.0,1159.0,12:29:00.382196
-11.0,-447.0,958.0,12:29:00.392619
156.0,-608.0,1007.0,12:29:00.401971
-6.0,-526.0,868.0,12:29:00.412489
68.0,-525.0,551.0,12:29:00.421834
123.0,-682.0,1146.0,12:29:00.432391
44.0,-464.0,783.0,12:29:00.441766
114.0,-473.0,635.0,12:29:00.451138
192.0,-736.0,924.0,12:29:00.461585
101.0,-568.0,622.0,12:29:00.470931
38.0,4.0,440.0,12:29:00.481353
-64.0,-527.0,1556.0,12:29:00.490681
-33.0,-322.0,1125.0,12:29:00.501102
-10.0,-505.0,906.0,12:29:00.510547
80.0,-910.0,1301.0,12:29:00.521060
173.0,-375.0,814.0,12:29:00.530348
120.0,-376.0,724.0,12:29:00.540858
58.0,-969.0,1348.0,12:29:00.550079
64.0,-679.0,723.0,12:29:00.559568
75.0,-432.0,300.0,12:29:00.569971
-79.0,-563.0,1059.0,12:29:00.579364
-60.0,-392.0,966.0,12:29:00.589788
4.0,-455.0,837.0,12:29:00.599181
-163.0,-609.0,1047.0,12:29:00.609765
-45.0,-694.0,982.0,12:29:00.619062
47.0,-317.0,530.0,12:29:00.629659
-30.0,-385.0,1130.0,12:29:00.638943
39.0,-591.0,1175.0,12:29:00.648283
11.0,-630.0,806.0,12:29:00.658643
154.0,-458.0,529.0,12:29:00.667994
-33.0,-702.0,1263.0,12:29:00.678471
148.0,-487.0,864.0,12:29:00.687867
-137.0,-278.0,719.0,12:29:00.698435
142.0,-697.0,953.0,12:29:00.707759
98.0,-570.0,1110.0,12:29:00.718238
55.0,-409.0,1104.0,12:29:00.727538
37.0,-704.0,1252.0,12:29:00.736934
124.0,-660.0,635.0,12:29:00.747511
226.0,-427.0,478.0,12:29:00.756865
35.0,-546.0,1470.0,12:29:00.767415
-131.0,-202.0,750.0,12:29:00.776907
65.0,-630.0,729.0,12:29:00.786308
-234.0,-632.0,1272.0,12:29:00.803003
62.0,-482.0,833.0,12:29:00.806771
-71.0,-400.0,619.0,12:29:00.816088
-35.0,-529.0,1238.0,12:29:00.826514
2.0,-408.0,729.0,12:29:00.835839
9.0,-445.0,716.0,12:29:00.846272
67.0,-898.0,1336.0,12:29:00.855678
34.0,-484.0,742.0,12:29:00.865148
-79.0,-491.0,953.0,12:29:00.875642
-89.0,-574.0,902.0,12:29:00.884987
22.0,-405.0,557.0,12:29:00.895479
95.0,-416.0,1008.0,12:29:00.904773
-30.0,-522.0,1137.0,12:29:00.915236
46.0,-674.0,831.0,12:29:00.924624
0.0,-380.0,433.0,12:29:00.934026
-71.0,-377.0,915.0,12:29:00.944493
-3.0,-641.0,1362.0,12:29:00.953787
101.0,-355.0,560.0,12:29:00.964382
-81.0,-588.0,991.0,12:29:00.973676
-30.0,-269.0,650.0,12:29:00.984186
11.0,-562.0,1442.0,12:29:00.993503
94.0,-608.0,1125.0,12:29:01.002916
66.0,-509.0,738.0,12:29:01.013292
-28.0,-697.0,988.0,12:29:01.022677
-276.0,-753.0,957.0,12:29:01.033115
64.0,-293.0,308.0,12:29:01.042530
-179.0,-47.0,735.0,12:29:01.053052
39.0,-755.0,1638.0,12:29:01.062343
53.0,-485.0,925.0,12:29:01.072992
-21.0,-791.0,828.0,12:29:01.082251
88.0,-444.0,643.0,12:29:01.091846
96.0,-369.0,1426.0,12:29:01.102278
56.0,-343.0,1049.0,12:29:01.111734
97.0,-476.0,408.0,12:29:01.122142
67.0,-658.0,1178.0,12:29:01.131398
4.0,-332.0,845.0,12:29:01.141882
62.0,-547.0,1087.0,12:29:01.151335
50.0,-579.0,659.0,12:29:01.160709
90.0,-263.0,239.0,12:29:01.171199
16.0,-629.0,1465.0,12:29:01.180617
1.0,-724.0,1430.0,12:29:01.191045
145.0,-675.0,885.0,12:29:01.204769
105.0,-567.0,720.0,12:29:01.210819
100.0,-649.0,789.0,12:29:01.220126
54.0,-365.0,561.0,12:29:01.229630
-53.0,-440.0,1203.0,12:29:01.240009
152.0,-568.0,966.0,12:29:01.249484
139.0,-315.0,397.0,12:29:01.259920
101.0,-265.0,606.0,12:29:01.269411
-7.0,-633.0,1553.0,12:29:01.279837
158.0,-490.0,1196.0,12:29:01.289218
121.0,-565.0,762.0,12:29:01.298666
225.0,-364.0,320.0,12:29:01.309329
51.0,-626.0,1498.0,12:29:01.318685
9.0,-400.0,1106.0,12:29:01.329077
249.0,-396.0,192.0,12:29:01.338397
79.0,-974.0,1387.0,12:29:01.348843
102.0,-502.0,699.0,12:29:01.358150
28.0,-478.0,871.0,12:29:01.367498
-11.0,-740.0,1534.0,12:29:01.378031
63.0,-512.0,483.0,12:29:01.387496
22.0,-340.0,64.0,12:29:01.397938
20.0,-503.0,1566.0,12:29:01.407298
61.0,-462.0,979.0,12:29:01.417831
-124.0,-504.0,593.0,12:29:01.427093
171.0,-714.0,1358.0,12:29:01.436465
39.0,-615.0,1155.0,12:29:01.446850
52.0,-626.0,644.0,12:29:01.456303
-38.0,-412.0,853.0,12:29:01.466696
136.0,-449.0,723.0,12:29:01.476036
-78.0,-379.0,826.0,12:29:01.486429
63.0,-559.0,1171.0,12:29:01.495934
-24.0,-324.0,569.0,12:29:01.506354
23.0,-472.0,1103.0,12:29:01.515746
-65.0,-990.0,1732.0,12:29:01.526288
92.0,-353.0,152.0,12:29:01.535664
251.0,-507.0,996.0,12:29:01.544950
131.0,-846.0,1580.0,12:29:01.555346
53.0,-187.0,91.0,12:29:01.564740
-43.0,-228.0,1044.0,12:29:01.575184
-117.0,-522.0,1328.0,12:29:01.584537
174.0,-757.0,999.0,12:29:01.595115
-4.0,-458.0,866.0,12:29:01.604487
50.0,-464.0,908.0,12:29:01.614909
89.0,-370.0,707.0,12:29:01.624302
-5.0,-448.0,766.0,12:29:01.633602
84.0,-575.0,1083.0,12:29:01.644128
-75.0,-437.0,928.0,12:29:01.653366
-68.0,-399.0,770.0,12:29:01.663979
119.0,-475.0,1018.0,12:29:01.673392
-53.0,-403.0,672.0,12:29:01.682899
52.0,-413.0,719.0,12:29:01.693447
147.0,-238.0,673.0,12:29:01.702866
23.0,-545.0,1150.0,12:29:01.713527
25.0,-827.0,1606.0,12:29:01.722878
28.0,-351.0,425.0,12:29:01.732201
131.0,-514.0,838.0,12:29:01.742602
60.0,-975.0,1822.0,12:29:01.751956
131.0,-239.0,189.0,12:29:01.762435
-75.0,-558.0,995.0,12:29:01.771822
179.0,-633.0,1040.0,12:29:01.782291
-25.0,-177.0,202.0,12:29:01.791821
-159.0,-615.0,909.0,12:29:01.801085
-30.0,-231.0,1134.0,12:29:01.811580
-119.0,-509.0,1395.0,12:29:01.820855
-40.0,-544.0,955.0,12:29:01.831372
82.0,-869.0,1551.0,12:29:01.840670
272.0,-652.0,699.0,12:29:01.851127
148.0,-688.0,803.0,12:29:01.860381
110.0,-397.0,661.0,12:29:01.870861
132.0,-310.0,547.0,12:29:01.880138
-4.0,-585.0,1121.0,12:29:01.890597
-83.0,-201.0,495.0,12:29:01.899911
31.0,-409.0,845.0,12:29:01.910347
55.0,-337.0,866.0,12:29:01.919655
123.0,-754.0,1631.0,12:29:01.930027
22.0,-376.0,1076.0,12:29:01.939460
203.0,-719.0,890.0,12:29:01.949898
321.0,-741.0,636.0,12:29:01.959322
124.0,-342.0,896.0,12:29:01.968569
-49.0,-378.0,1286.0,12:29:01.979120
38.0,-447.0,666.0,12:29:01.988565
190.0,-456.0,198.0,12:29:02.006574
-49.0,-242.0,579.0,12:29:02.010347
22.0,-229.0,1240.0,12:29:02.018540
120.0,-674.0,1616.0,12:29:02.028007
78.0,-544.0,426.0,12:29:02.038496
81.0,-252.0,236.0,12:29:02.047770
-11.0,-883.0,1962.0,12:29:02.058342
7.0,-450.0,936.0,12:29:02.067627
15.0,-870.0,969.0,12:29:02.078068
157.0,-821.0,660.0,12:29:02.087553
-48.0,-259.0,246.0,12:29:02.096863
-189.0,-895.0,1501.0,12:29:02.107415
102.0,-559.0,1070.0,12:29:02.116818
-215.0,-356.0,549.0,12:29:02.126283
38.0,-833.0,1132.0,12:29:02.136875
302.0,-573.0,831.0,12:29:02.146185
19.0,-268.0,922.0,12:29:02.156881
3.0,-513.0,1276.0,12:29:02.166257
157.0,-621.0,437.0,12:29:02.175704
109.0,-108.0,231.0,12:29:02.186282
33.0,-496.0,1490.0,12:29:02.195604
-90.0,-418.0,1291.0,12:29:02.206006
-63.0,-338.0,886.0,12:29:02.215390
-122.0,-283.0,713.0,12:29:02.225799
261.0,-563.0,1191.0,12:29:02.235178
0.0,-484.0,1224.0,12:29:02.244500
26.0,-369.0,829.0,12:29:02.255125
171.0,-587.0,836.0,12:29:02.264445
53.0,-591.0,979.0,12:29:02.274939
166.0,-433.0,662.0,12:29:02.284351
108.0,-447.0,626.0,12:29:02.294761
65.0,-600.0,1187.0,12:29:02.304118
19.0,-250.0,789.0,12:29:02.314481
89.0,-493.0,860.0,12:29:02.323881
153.0,-572.0,1109.0,12:29:02.333190
-12.0,-487.0,1083.0,12:29:02.343675
164.0,-481.0,864.0,12:29:02.352986
-32.0,-464.0,851.0,12:29:02.363475
57.0,-639.0,1177.0,12:29:02.373061
112.0,-434.0,552.0,12:29:02.383486
109.0,-258.0,592.0,12:29:02.392820
164.0,-640.0,1294.0,12:29:02.408657
-47.0,-419.0,787.0,12:29:02.412215
159.0,-592.0,751.0,12:29:02.422645
197.0,-601.0,1053.0,12:29:02.431965
76.0,-521.0,1186.0,12:29:02.442374
152.0,-530.0,835.0,12:29:02.451803
-19.0,-560.0,1131.0,12:29:02.462182
226.0,-575.0,785.0,12:29:02.471512
201.0,-485.0,562.0,12:29:02.481963
9.0,-186.0,1115.0,12:29:02.491346
-42.0,-529.0,1332.0,12:29:02.500741
-12.0,-461.0,874.0,12:29:02.511235
61.0,-679.0,1120.0,12:29:02.520684
-35.0,-311.0,1015.0,12:29:02.531080
30.0,-563.0,1115.0,12:29:02.540692
21.0,-514.0,869.0,12:29:02.549920
142.0,-590.0,867.0,12:29:02.560572
22.0,-522.0,698.0,12:29:02.569817
108.0,-511.0,639.0,12:29:02.580319
-4.0,-153.0,335.0,12:29:02.589702
-45.0,-373.0,1349.0,12:29:02.600288
27.0,-731.0,1651.0,12:29:02.609648
53.0,-823.0,1025.0,12:29:02.619031
43.0,-538.0,573.0,12:29:02.629629
-6.0,-477.0,1073.0,12:29:02.638983
127.0,-637.0,1239.0,12:29:02.649494
15.0,-560.0,629.0,12:29:02.658868
-8.0,-491.0,312.0,12:29:02.668272
9.0,-532.0,801.0,12:29:02.678694
-62.0,-479.0,838.0,12:29:02.688087
25.0,-430.0,989.0,12:29:02.698700
32.0,-688.0,1257.0,12:29:02.708166
89.0,-765.0,1110.0,12:29:02.717448
158.0,-610.0,950.0,12:29:02.727918
62.0,-418.0,629.0,12:29:02.737249
118.0,-465.0,842.0,12:29:02.747782
106.0,-788.0,1170.0,12:29:02.757026
15.0,-356.0,456.0,12:29:02.767518
-15.0,-327.0,579.0,12:29:02.776761
21.0,-594.0,1104.0,12:29:02.787320
-35.0,-398.0,1271.0,12:29:02.796603
19.0,-484.0,948.0,12:29:02.807081
-61.0,-688.0,1069.0,12:29:02.816372
153.0,-750.0,983.0,12:29:02.826893
2.0,-508.0,952.0,12:29:02.836261
-30.0,-439.0,933.0,12:29:02.845717
-40.0,-487.0,937.0,12:29:02.856233
-62.0,-734.0,751.0,12:29:02.865601
54.0,-680.0,670.0,12:29:02.876029
1.0,-748.0,1137.0,12:29:02.885353
-109.0,-530.0,991.0,12:29:02.895758
-51.0,-452.0,689.0,12:29:02.905267
-72.0,-390.0,558.0,12:29:02.914598
-75.0,-581.0,1287.0,12:29:02.925174
-207.0,-527.0,994.0,12:29:02.934497
-26.0,-587.0,471.0,12:29:02.944969
-239.0,-573.0,1081.0,12:29:02.954456
62.0,-719.0,1147.0,12:29:02.963720
53.0,-880.0,881.0,12:29:02.974294
-120.0,-421.0,277.0,12:29:02.983586
-287.0,-365.0,1067.0,12:29:02.994127
-150.0,-476.0,1391.0,12:29:03.003389
12.0,-429.0,699.0,12:29:03.014023
14.0,-801.0,913.0,12:29:03.023246
-107.0,-645.0,962.0,12:29:03.033738
-166.0,-297.0,639.0,12:29:03.042988
-109.0,-436.0,978.0,12:29:03.052489
22.0,-534.0,1141.0,12:29:03.062995
-98.0,-514.0,712.0,12:29:03.072318
-173.0,-357.0,824.0,12:29:03.083034
-139.0,-451.0,1272.0,12:29:03.092416
-249.0,-149.0,733.0,12:29:03.101844
235.0,-616.0,1122.0,12:29:03.112372
-25.0,-491.0,894.0,12:29:03.121754
-39.0,-398.0,815.0,12:29:03.132218
68.0,-375.0,956.0,12:29:03.141548
52.0,-481.0,1021.0,12:29:03.151991
127.0,-302.0,448.0,12:29:03.161287
25.0,-571.0,1319.0,12:29:03.170683
-53.0,-560.0,1111.0,12:29:03.181230
134.0,-506.0,574.0,12:29:03.190665
20.0,-570.0,1004.0,12:29:03.208519
-32.0,-382.0,876.0,12:29:03.212390
49.0,-369.0,700.0,12:29:03.220647
37.0,-483.0,1145.0,12:29:03.229939
78.0,-360.0,894.0,12:29:03.240383
111.0,-372.0,821.0,12:29:03.249695
149.0,-663.0,1457.0,12:29:03.260124
240.0,-458.0,920.0,12:29:03.269515
236.0,-411.0,610.0,12:29:03.280023
128.0,-420.0,736.0,12:29:03.289483
168.0,-346.0,883.0,12:29:03.298741
37.0,-229.0,627.0,12:29:03.309185
97.0,-520.0,1097.0,12:29:03.318544
162.0,-715.0,1284.0,12:29:03.329033
39.0,-600.0,1029.0,12:29:03.338318
158.0,-383.0,471.0,12:29:03.348787
213.0,-626.0,1201.0,12:29:03.358019
59.0,-777.0,1701.0,12:29:03.368562
39.0,-337.0,55.0,12:29:03.377877
85.0,-480.0,570.0,12:29:03.388340
-5.0,-541.0,1170.0,12:29:03.397597
-20.0,-455.0,833.0,12:29:03.408112
-29.0,-415.0,620.0,12:29:03.417661
23.0,-970.0,1434.0,12:29:03.426971
40.0,-480.0,737.0,12:29:03.437546
153.0,-353.0,736.0,12:29:03.446909
283.0,-784.0,1245.0,12:29:03.457488
28.0,-528.0,623.0,12:29:03.466846
25.0,-542.0,761.0,12:29:03.476288
-158.0,-499.0,1176.0,12:29:03.486744
50.0,-538.0,880.0,12:29:03.496011
-38.0,-387.0,471.0,12:29:03.506486
-26.0,-635.0,1132.0,12:29:03.515921
14.0,-652.0,1178.0,12:29:03.526363
126.0,-410.0,818.0,12:29:03.535764
109.0,-697.0,955.0,12:29:03.545166
159.0,-425.0,401.0,12:29:03.555787
-16.0,-315.0,872.0,12:29:03.565108
-2.0,-643.0,1791.0,12:29:03.575631
-157.0,-411.0,636.0,12:29:03.585064
2.0,-637.0,622.0,12:29:03.594565
224.0,-456.0,896.0,12:29:03.610287
43.0,-299.0,1094.0,12:29:03.614109
-1.0,-394.0,887.0,12:29:03.624651
77.0,-429.0,728.0,12:29:03.634039
-19.0,-423.0,569.0,12:29:03.644542
55.0,-319.0,890.0,12:29:03.653916
119.0,-554.0,1799.0,12:29:03.663345
45.0,-690.0,1210.0,12:29:03.673823
193.0,-1025.0,909.0,12:29:03.683191
79.0,-504.0,331.0,12:29:03.693608
32.0,-413.0,1067.0,12:29:03.702999
87.0,-339.0,819.0,12:29:03.713412
-36.0,-406.0,711.0,12:29:03.722871
-47.0,-423.0,654.0,12:29:03.733365
25.0,-429.0,731.0,12:29:03.742867
207.0,-545.0,1183.0,12:29:03.752125
100.0,-436.0,1069.0,12:29:03.762584
37.0,-394.0,748.0,12:29:03.771901
251.0,-831.0,1231.0,12:29:03.782281
20.0,-538.0,886.0,12:29:03.791664
69.0,-521.0,860.0,12:29:03.802087
-29.0,-539.0,1160.0,12:29:03.811372
26.0,-433.0,1016.0,12:29:03.821840
-52.0,-696.0,886.0,12:29:03.831221
93.0,-466.0,430.0,12:29:03.841712
97.0,-440.0,1084.0,12:29:03.850985
-40.0,-512.0,1289.0,12:29:03.861408
1.0,-320.0,734.0,12:29:03.870753
144.0,-712.0,1103.0,12:29:03.881162
103.0,-394.0,536.0,12:29:03.890699
47.0,-585.0,1414.0,12:29:03.899958
70.0,-470.0,1375.0,12:29:03.910629
34.0,-389.0,454.0,12:29:03.919882
66.0,-584.0,698.0,12:29:03.930315
27.0,-622.0,1221.0,12:29:03.939608
-123.0,-217.0,689.0,12:29:03.950151
30.0,-450.0,1052.0,12:29:03.959491
-45.0,-619.0,1061.0,12:29:03.968867
-36.0,-318.0,169.0,12:29:03.979373
69.0,-173.0,730.0,12:29:03.988808
91.0,-812.0,1990.0,12:29:03.999368
117.0,-496.0,750.0,12:29:04.008765
178.0,-812.0,661.0,12:29:04.018089
69.0,-483.0,579.0,12:29:04.028624
178.0,-504.0,1102.0,12:29:04.038038
-2.0,-517.0,1535.0,12:29:04.048644
24.0,-471.0,515.0,12:29:04.057998
79.0,-494.0,683.0,12:29:04.067422
-20.0,-460.0,1331.0,12:29:04.077895
33.0,-440.0,750.0,12:29:04.087358
207.0,-597.0,652.0,12:29:04.097842
-53.0,-502.0,983.0,12:29:04.107140
29.0,-263.0,854.0,12:29:04.117633
108.0,-340.0,712.0,12:29:04.126882
6.0,-910.0,1558.0,12:29:04.136589
35.0,-508.0,807.0,12:29:04.147016
46.0,-497.0,891.0,12:29:04.156430
-14.0,-532.0,873.0,12:29:04.166865
165.0,-418.0,1027.0,12:29:04.176350
-71.0,-417.0,755.0,12:29:04.185692
-28.0,-658.0,1270.0,12:29:04.196310
96.0,-558.0,594.0,12:29:04.205652
-20.0,-428.0,533.0,12:29:04.215142
-28.0,-995.0,1905.0,12:29:04.225548
193.0,-434.0,502.0,12:29:04.234949
48.0,-337.0,417.0,12:29:04.245351
130.0,-452.0,815.0,12:29:04.254703
-51.0,-553.0,1137.0,12:29:04.265197
58.0,-420.0,917.0,12:29:04.274567
-6.0,-364.0,695.0,12:29:04.285009
-14.0,-811.0,1224.0,12:29:04.294396
40.0,-244.0,450.0,12:29:04.304812
-125.0,-584.0,1606.0,12:29:04.314187
1.0,-713.0,1254.0,12:29:04.323569
325.0,-540.0,182.0,12:29:04.334106
136.0,-594.0,1229.0,12:29:04.343429
-9.0,-529.0,825.0,12:29:04.353950
-29.0,-371.0,568.0,12:29:04.363350
-18.0,-629.0,1201.0,12:29:04.372716
85.0,-324.0,622.0,12:29:04.383213
-20.0,-596.0,1108.0,12:29:04.392545
-88.0,-517.0,1196.0,12:29:04.410880
-21.0,-838.0,1146.0,12:29:04.412281
-10.0,-401.0,409.0,12:29:04.422704
133.0,-464.0,865.0,12:29:04.432100
-70.0,-441.0,872.0,12:29:04.442621
25.0,-252.0,685.0,12:29:04.452099
5.0,-590.0,1250.0,12:29:04.462474
150.0,-413.0,759.0,12:29:04.471906
25.0,-397.0,808.0,12:29:04.481217
96.0,-633.0,1164.0,12:29:04.491792
73.0,-507.0,980.0,12:29:04.501222
227.0,-462.0,600.0,12:29:04.511777
60.0,-493.0,933.0,12:29:04.521057
-20.0,-343.0,720.0,12:29:04.530488
88.0,-410.0,1060.0,12:29:04.540915
-96.0,-680.0,1641.0,12:29:04.550355
105.0,-573.0,1195.0,12:29:04.560800
303.0,-655.0,486.0,12:29:04.570165
2.0,-581.0,787.0,12:29:04.580672
57.0,-155.0,879.0,12:29:04.589986
46.0,-530.0,1192.0,12:29:04.599452
-87.0,-441.0,919.0,12:29:04.609992
25.0,-707.0,966.0,12:29:04.619387
-91.0,-529.0,752.0,12:29:04.629814
-22.0,-408.0,729.0,12:29:04.639197
-176.0,-418.0,984.0,12:29:04.648723
-77.0,-450.0,891.0,12:29:04.659348
-55.0,-685.0,1155.0,12:29:04.668659
73.0,-754.0,853.0,12:29:04.679136
-45.0,-719.0,740.0,12:29:04.688532
31.0,-605.0,1094.0,12:29:04.697955
-22.0,-474.0,946.0,12:29:04.708421
30.0,-796.0,883.0,12:29:04.717792
37.0,-621.0,470.0,12:29:04.728176
-15.0,-376.0,389.0,12:29:04.737550
-60.0,-482.0,1104.0,12:29:04.747945
-71.0,-500.0,1300.0,12:29:04.757429
134.0,-605.0,640.0,12:29:04.767804
-169.0,-464.0,1013.0,12:29:04.777143
-101.0,-307.0,1124.0,12:29:04.787557
5.0,-508.0,901.0,12:29:04.796943
98.0,-520.0,1055.0,12:29:04.813789
-11.0,-567.0,1023.0,12:29:04.816688
97.0,-398.0,624.0,12:29:04.826007
-85.0,-493.0,1059.0,12:29:04.836366
-56.0,-524.0,972.0,12:29:04.845743
-19.0,-304.0,693.0,12:29:04.856304
-10.0,-441.0,1087.0,12:29:04.865759
88.0,-429.0,685.0,12:29:04.876239
157.0,-450.0,788.0,12:29:04.885672
-44.0,-433.0,1149.0,12:29:04.895169
70.0,-499.0,881.0,12:29:04.905652
179.0,-541.0,705.0,12:29:04.914949
3.0,-283.0,739.0,12:29:04.934606
143.0,-741.0,1584.0,12:29:04.945151
187.0,-475.0,695.0,12:29:04.954596
91.0,-547.0,608.0,12:29:04.963963
133.0,-780.0,1269.0,12:29:04.974367
227.0,-508.0,896.0,12:29:04.983655
4.0,-494.0,1055.0,12:29:04.994176
125.0,-163.0,472.0,12:29:05.003423
83.0,-565.0,1297.0,12:29:05.013937
281.0,-438.0,950.0,12:29:05.023221
276.0,-652.0,756.0,12:29:05.033701
99.0,-366.0,805.0,12:29:05.042940
218.0,-279.0,986.0,12:29:05.053493
189.0,-536.0,769.0,12:29:05.062832
-18.0,-361.0,982.0,12:29:05.073349
167.0,-239.0,636.0,12:29:05.082793
-19.0,-755.0,1402.0,12:29:05.092160
198.0,-663.0,872.0,12:29:05.102587
-25.0,-505.0,867.0,12:29:05.111967
255.0,-661.0,1049.0,12:29:05.122338
51.0,-531.0,947.0,12:29:05.131751
83.0,-643.0,862.0,12:29:05.142205
57.0,-552.0,782.0,12:29:05.151527
-14.0,-499.0,952.0,12:29:05.161933
-2.0,-643.0,992.0,12:29:05.171236
111.0,-570.0,704.0,12:29:05.181770
-36.0,-574.0,1042.0,12:29:05.191211
-42.0,-416.0,669.0,12:29:05.200624
26.0,-564.0,957.0,12:29:05.211097
-89.0,-583.0,1177.0,12:29:05.220397
107.0,-616.0,771.0,12:29:05.230840
-90.0,-430.0,727.0,12:29:05.240177
-86.0,-657.0,1018.0,12:29:05.250670
33.0,-533.0,973.0,12:29:05.260021
-78.0,-488.0,1101.0,12:29:05.269598
47.0,-610.0,1138.0,12:29:05.280023
118.0,-669.0,749.0,12:29:05.289384
180.0,-783.0,1093.0,12:29:05.299843
50.0,-319.0,302.0,12:29:05.309156
-21.0,-525.0,838.0,12:29:05.319793
-59.0,-648.0,1140.0,12:29:05.329074
-52.0,-235.0,646.0,12:29:05.338461
-89.0,-571.0,1135.0,12:29:05.348933
-143.0,-383.0,940.0,12:29:05.358269
-169.0,-519.0,1177.0,12:29:05.368724
-22.0,-661.0,986.0,12:29:05.378213
62.0,-439.0,903.0,12:29:05.388600
116.0,-566.0,925.0,12:29:05.398013
-145.0,-341.0,729.0,12:29:05.407345
43.0,-483.0,944.0,12:29:05.417867
-158.0,-230.0,768.0,12:29:05.427295
-46.0,-535.0,997.0,12:29:05.437860
-7.0,-575.0,1027.0,12:29:05.447215
40.0,-550.0,905.0,12:29:05.456627
9.0,-296.0,822.0,12:29:05.467099
4.0,-557.0,995.0,12:29:05.476544
85.0,-455.0,857.0,12:29:05.486907
0.0,-444.0,945.0,12:29:05.496534
-77.0,-583.0,1087.0,12:29:05.506930
170.0,-392.0,562.0,12:29:05.516436
1.0,-586.0,1240.0,12:29:05.525783
107.0,-604.0,1055.0,12:29:05.536383
81.0,-493.0,744.0,12:29:05.545749
110.0,-506.0,961.0,12:29:05.555221
140.0,-352.0,652.0,12:29:05.565643
3.0,-579.0,1108.0,12:29:05.574985
101.0,-329.0,823.0,12:29:05.585344
129.0,-371.0,787.0,12:29:05.594741
116.0,-558.0,1263.0,12:29:05.605235
67.0,-458.0,863.0,12:29:05.614813
130.0,-608.0,815.0,12:29:05.624425
211.0,-573.0,1035.0,12:29:05.634822
161.0,-384.0,837.0,12:29:05.644188
-128.0,-645.0,1365.0,12:29:05.654659
202.0,-514.0,819.0,12:29:05.664156
118.0,-309.0,413.0,12:29:05.673417
-9.0,-541.0,1350.0,12:29:05.683845
-105.0,-441.0,908.0,12:29:05.693154
-66.0,-626.0,849.0,12:29:05.703693
111.0,-648.0,927.0,12:29:05.713003
-18.0,-375.0,619.0,12:29:05.723535
-21.0,-557.0,868.0,12:29:05.732981
-10.0,-548.0,1048.0,12:29:05.743460
22.0,-621.0,1028.0,12:29:05.752861
139.0,-369.0,431.0,12:29:05.762146
-48.0,-469.0,1195.0,12:29:05.772657
41.0,-444.0,896.0,12:29:05.782063
9.0,-379.0,418.0,12:29:05.792552
85.0,-810.0,1435.0,12:29:05.801878
238.0,-581.0,676.0,12:29:05.812381
113.0,-694.0,1036.0,12:29:05.821772
92.0,-389.0,878.0,12:29:05.831048
47.0,-500.0,816.0,12:29:05.841537
92.0,-762.0,1012.0,12:29:05.851092
34.0,-265.0,399.0,12:29:05.861668
44.0,-516.0,1172.0,12:29:05.871091
-32.0,-414.0,1330.0,12:29:05.880339
59.0,-699.0,1052.0,12:29:05.890919
-13.0,-663.0,654.0,12:29:05.900237
8.0,-255.0,554.0,12:29:05.910807
47.0,-456.0,1252.0,12:29:05.920135
-104.0,-526.0,1350.0,12:29:05.929588
3.0,-659.0,984.0,12:29:05.939986
156.0,-431.0,355.0,12:29:05.949431
111.0,-758.0,1302.0,12:29:05.959834
44.0,-396.0,762.0,12:29:05.969217
-85.0,-447.0,756.0,12:29:05.979876
78.0,-728.0,1434.0,12:29:05.989213
123.0,-562.0,573.0,12:29:05.998600
10.0,-244.0,-90.0,12:29:06.016607
49.0,-380.0,1445.0,12:29:06.020399
-57.0,-523.0,1407.0,12:29:06.028590
100.0,-490.0,716.0,12:29:06.037993
203.0,-626.0,679.0,12:29:06.048558
141.0,-597.0,978.0,12:29:06.057903
36.0,-524.0,1187.0,12:29:06.068341
33.0,-434.0,1038.0,12:29:06.077645
-62.0,-342.0,607.0,12:29:06.088172
33.0,-689.0,1147.0,12:29:06.097541
-60.0,-418.0,875.0,12:29:06.107982
-36.0,-291.0,746.0,12:29:06.117411
16.0,-266.0,921.0,12:29:06.126780
0.0,-633.0,1368.0,12:29:06.137142
-81.0,-349.0,692.0,12:29:06.146514
47.0,-484.0,831.0,12:29:06.156942
87.0,-403.0,545.0,12:29:06.166389
-72.0,-533.0,1300.0,12:29:06.176805
32.0,-323.0,846.0,12:29:06.186239
62.0,-494.0,826.0,12:29:06.196648
-21.0,-860.0,1470.0,12:29:06.206096
26.0,-338.0,391.0,12:29:06.215443
44.0,-676.0,1102.0,12:29:06.225937
-6.0,-533.0,888.0,12:29:06.235192
101.0,-206.0,283.0,12:29:06.245748
-43.0,-435.0,952.0,12:29:06.255184
-34.0,-515.0,1137.0,12:29:06.264536
128.0,-524.0,1092.0,12:29:06.275070
143.0,-529.0,668.0,12:29:06.284419
178.0,-537.0,811.0,12:29:06.294849
211.0,-710.0,1382.0,12:29:06.304190
-35.0,-257.0,847.0,12:29:06.314742
55.0,-448.0,823.0,12:29:06.324161
166.0,-625.0,914.0,12:29:06.334633
128.0,-217.0,613.0,12:29:06.343997
43.0,-576.0,1517.0,12:29:06.353445
-15.0,-639.0,1197.0,12:29:06.364009
234.0,-634.0,643.0,12:29:06.373400
53.0,-501.0,696.0,12:29:06.382775
132.0,-474.0,1124.0,12:29:06.393286
44.0,-272.0,770.0,12:29:06.402758
-101.0,-531.0,864.0,12:29:06.413206
-88.0,-633.0,784.0,12:29:06.422485
17.0,-631.0,1175.0,12:29:06.433055
-57.0,-489.0,808.0,12:29:06.442305
-4.0,-551.0,1064.0,12:29:06.451796
-72.0,-695.0,1001.0,12:29:06.462319
86.0,-414.0,323.0,12:29:06.471789
64.0,-507.0,1215.0,12:29:06.482184
189.0,-623.0,1132.0,12:29:06.491493
30.0,-498.0,563.0,12:29:06.501870
39.0,-600.0,711.0,12:29:06.511282
134.0,-472.0,601.0,12:29:06.521757
-85.0,-516.0,1200.0,12:29:06.531211
-86.0,-561.0,1053.0,12:29:06.540625
165.0,-617.0,727.0,12:29:06.551115
-81.0,-740.0,1330.0,12:29:06.560430
-36.0,-622.0,849.0,12:29:06.570840
-11.0,-444.0,821.0,12:29:06.580153
-67.0,-429.0,1071.0,12:29:06.590686
19.0,-282.0,354.0,12:29:06.599951
30.0,-739.0,1277.0,12:29:06.610375
-85.0,-318.0,1103.0,12:29:06.619791
-3.0,-628.0,1035.0,12:29:06.630201
97.0,-807.0,1129.0,12:29:06.639583
237.0,-514.0,636.0,12:29:06.648838
99.0,-343.0,633.0,12:29:06.659439
-138.0,-160.0,825.0,12:29:06.668800
-45.0,-338.0,978.0,12:29:06.679391
-103.0,-490.0,1121.0,12:29:06.688795
4.0,-352.0,827.0,12:29:06.698219
123.0,-617.0,1090.0,12:29:06.708649
105.0,-533.0,1100.0,12:29:06.718001
290.0,-440.0,720.0,12:29:06.728539
117.0,-383.0,831.0,12:29:06.737859
85.0,-494.0,827.0,12:29:06.748299
142.0,-324.0,690.0,12:29:06.757593
112.0,-370.0,1073.0,12:29:06.768111
202.0,-409.0,949.0,12:29:06.777418
67.0,-633.0,1118.0,12:29:06.786827
157.0,-555.0,992.0,12:29:06.797383
171.0,-720.0,1035.0,12:29:06.806771
105.0,-610.0,1268.0,12:29:06.818662
125.0,-361.0,735.0,12:29:06.826387
53.0,-687.0,982.0,12:29:06.836815
49.0,-677.0,837.0,12:29:06.846180
-91.0,-389.0,756.0,12:29:06.856729
51.0,-440.0,929.0,12:29:06.866089
41.0,-456.0,821.0,12:29:06.876498
-105.0,-437.0,834.0,12:29:06.885966
-13.0,-524.0,797.0,12:29:06.895313
23.0,-527.0,865.0,12:29:06.905760
21.0,-442.0,955.0,12:29:06.915141
-19.0,-461.0,912.0,12:29:06.925673
58.0,-336.0,663.0,12:29:06.935115
-29.0,-263.0,622.0,12:29:06.944497
-279.0,-261.0,865.0,12:29:06.954943
119.0,-473.0,1165.0,12:29:06.964323
-20.0,-622.0,1263.0,12:29:06.974727
90.0,-769.0,801.0,12:29:06.984138
34.0,-622.0,1111.0,12:29:06.994541
-12.0,-609.0,1186.0,12:29:07.003951
78.0,-451.0,976.0,12:29:07.014377
179.0,-721.0,1127.0,12:29:07.023626
117.0,-769.0,710.0,12:29:07.034167
142.0,-588.0,395.0,12:29:07.043543
-133.0,-633.0,1412.0,12:29:07.052999
-85.0,-520.0,983.0,12:29:07.063413
-43.0,-577.0,529.0,12:29:07.072979
-90.0,-654.0,1135.0,12:29:07.083336
4.0,-545.0,844.0,12:29:07.092672
-190.0,-190.0,471.0,12:29:07.103065
-76.0,-533.0,1267.0,12:29:07.112441
125.0,-523.0,1022.0,12:29:07.121893
11.0,-564.0,605.0,12:29:07.132357
53.0,-362.0,640.0,12:29:07.141774
-44.0,-571.0,1170.0,12:29:07.152374
-141.0,-380.0,908.0,12:29:07.161751
37.0,-595.0,1136.0,12:29:07.171187
36.0,-496.0,600.0,12:29:07.181673
-96.0,-630.0,1057.0,12:29:07.191034
-33.0,-533.0,1100.0,12:29:07.201573
-47.0,-432.0,783.0,12:29:07.218753
91.0,-799.0,1081.0,12:29:07.222758
-38.0,-532.0,721.0,12:29:07.230989
-66.0,-533.0,851.0,12:29:07.240401
-20.0,-530.0,1158.0,12:29:07.250949
103.0,-596.0,1033.0,12:29:07.260226
-3.0,-368.0,507.0,12:29:07.269722
71.0,-675.0,991.0,12:29:07.280164
-27.0,-329.0,946.0,12:29:07.289546
176.0,-527.0,875.0,12:29:07.299953
-71.0,-468.0,827.0,12:29:07.309547
199.0,-707.0,869.0,12:29:07.318888
110.0,-543.0,665.0,12:29:07.329416
124.0,-540.0,780.0,12:29:07.338763
-61.0,-585.0,981.0,12:29:07.349207
52.0,-667.0,927.0,12:29:07.358595
54.0,-356.0,634.0,12:29:07.369063
-30.0,-407.0,840.0,12:29:07.378481
-33.0,-320.0,1052.0,12:29:07.387798
73.0,-601.0,1120.0,12:29:07.398318
74.0,-649.0,949.0,12:29:07.407619
152.0,-175.0,296.0,12:29:07.418151
-61.0,-309.0,1161.0,12:29:07.427485
-86.0,-699.0,1706.0,12:29:07.437945
30.0,-468.0,774.0,12:29:07.447253
93.0,-455.0,1016.0,12:29:07.457751
209.0,-480.0,1021.0,12:29:07.467089
14.0,-582.0,1205.0,12:29:07.477547
-12.0,-326.0,937.0,12:29:07.486806
175.0,-370.0,672.0,12:29:07.497312
120.0,-478.0,763.0,12:29:07.506578
99.0,-412.0,802.0,12:29:07.515877
32.0,-160.0,784.0,12:29:07.526506
56.0,-518.0,1185.0,12:29:07.535913
81.0,-355.0,682.0,12:29:07.546347
67.0,-530.0,1163.0,12:29:07.555650
131.0,-348.0,751.0,12:29:07.566182
155.0,-565.0,1041.0,12:29:07.575491
218.0,-598.0,1228.0,12:29:07.585919
281.0,-660.0,949.0,12:29:07.595198
138.0,-467.0,475.0,12:29:07.605662
172.0,-285.0,631.0,12:29:07.615028
102.0,-404.0,1189.0,12:29:07.624407
67.0,-347.0,863.0,12:29:07.634792
-1.0,-444.0,942.0,12:29:07.644146
118.0,-623.0,1198.0,12:29:07.654689
35.0,-590.0,1000.0,12:29:07.664096
32.0,-537.0,984.0,12:29:07.674567
124.0,-752.0,1012.0,12:29:07.684045
61.0,-455.0,537.0,12:29:07.693456
46.0,-427.0,989.0,12:29:07.704019
-99.0,-505.0,1183.0,12:29:07.713283
-43.0,-718.0,764.0,12:29:07.722876
51.0,-717.0,843.0,12:29:07.733280
28.0,-664.0,1244.0,12:29:07.742587
-10.0,-886.0,1058.0,12:29:07.753026
-69.0,-466.0,81.0,12:29:07.762375
-6.0,-471.0,1088.0,12:29:07.772894
-68.0,-825.0,1733.0,12:29:07.782269
-42.0,-572.0,358.0,12:29:07.792862
-143.0,-769.0,610.0,12:29:07.802228
-63.0,-597.0,1054.0,12:29:07.811550
2.0,-333.0,857.0,12:29:07.821960
-60.0,-275.0,671.0,12:29:07.831370
-2.0,-81.0,457.0,12:29:07.841823
-120.0,-518.0,1253.0,12:29:07.851201
40.0,-409.0,776.0,12:29:07.861738
-65.0,-452.0,1187.0,12:29:07.871128
-39.0,-494.0,988.0,12:29:07.880548
223.0,-782.0,1240.0,12:29:07.890989
114.0,-655.0,1020.0,12:29:07.900289
-34.0,-374.0,729.0,12:29:07.910847
154.0,-469.0,874.0,12:29:07.920111
125.0,-571.0,1025.0,12:29:07.930693
-41.0,-406.0,492.0,12:29:07.940096
63.0,-170.0,569.0,12:29:07.949538
45.0,-377.0,1216.0,12:29:07.959972
29.0,-392.0,940.0,12:29:07.969234
113.0,-441.0,923.0,12:29:07.979786
90.0,-569.0,1004.0,12:29:07.989151
151.0,-311.0,616.0,12:29:07.999700
71.0,-663.0,1422.0,12:29:08.009067
51.0,-399.0,926.0,12:29:08.022981
31.0,-607.0,913.0,12:29:08.028704
88.0,-677.0,599.0,12:29:08.039035
86.0,-433.0,664.0,12:29:08.048358
154.0,-625.0,1395.0,12:29:08.058764
68.0,-559.0,775.0,12:29:08.068110
94.0,-475.0,664.0,12:29:08.077591
193.0,-619.0,1022.0,12:29:08.088006
244.0,-342.0,754.0,12:29:08.097431
-39.0,-452.0,1162.0,12:29:08.107919
-136.0,-307.0,894.0,12:29:08.117305
57.0,-837.0,1540.0,12:29:08.127828
122.0,-453.0,394.0,12:29:08.137131
-37.0,-399.0,644.0,12:29:08.146629
10.0,-523.0,1464.0,12:29:08.157130
-68.0,-347.0,759.0,12:29:08.166411
48.0,-481.0,861.0,12:29:08.177106
-44.0,-1027.0,1914.0,12:29:08.186392
-1.0,-446.0,406.0,12:29:08.195730
127.0,-650.0,595.0,12:29:08.206205
3.0,-627.0,1142.0,12:29:08.215556
4.0,-633.0,893.0,12:29:08.226115
-13.0,-416.0,632.0,12:29:08.235609
-35.0,-756.0,1041.0,12:29:08.246049
-59.0,-570.0,783.0,12:29:08.255413
8.0,-364.0,451.0,12:29:08.264718
-102.0,-318.0,569.0,12:29:08.275266
-97.0,-611.0,1486.0,12:29:08.284615
75.0,-147.0,279.0,12:29:08.294366
-48.0,-506.0,1497.0,12:29:08.304816
-37.0,-725.0,1607.0,12:29:08.314135
82.0,-906.0,993.0,12:29:08.324657
111.0,-616.0,543.0,12:29:08.334109
36.0,-324.0,484.0,12:29:08.344522
-53.0,-515.0,1220.0,12:29:08.353949
-57.0,-320.0,795.0,12:29:08.363367
-79.0,-491.0,980.0,12:29:08.373913
-24.0,-358.0,453.0,12:29:08.383212
10.0,-364.0,1037.0,12:29:08.393675
-103.0,-359.0,1051.0,12:29:08.403051
102.0,-492.0,953.0,12:29:08.413496
86.0,-715.0,1414.0,12:29:08.423662
69.0,-664.0,1124.0,12:29:08.433140
250.0,-567.0,605.0,12:29:08.442388
79.0,-357.0,637.0,12:29:08.452960
-31.0,-285.0,1044.0,12:29:08.462202
66.0,-391.0,833.0,12:29:08.471699
-64.0,-474.0,590.0,12:29:08.482083
31.0,-518.0,870.0,12:29:08.491532
-123.0,-507.0,1237.0,12:29:08.501897
139.0,-648.0,1313.0,12:29:08.511313
67.0,-707.0,916.0,12:29:08.521857
165.0,-575.0,645.0,12:29:08.531265
-11.0,-333.0,766.0,12:29:08.540695
119.0,-344.0,659.0,12:29:08.551192
-43.0,-345.0,1122.0,12:29:08.560827
-49.0,-568.0,1281.0,12:29:08.570117
1.0,-361.0,577.0,12:29:08.580746
175.0,-651.0,991.0,12:29:08.589992
45.0,-425.0,827.0,12:29:08.600594
49.0,-356.0,1119.0,12:29:08.609824
-55.0,-673.0,1508.0,12:29:08.620403
228.0,-763.0,972.0,12:29:08.629797
108.0,-467.0,131.0,12:29:08.639141
68.0,-348.0,1059.0,12:29:08.649644
122.0,-605.0,1275.0,12:29:08.659055
-94.0,-389.0,372.0,12:29:08.669567
106.0,-432.0,484.0,12:29:08.678984
26.0,-568.0,1381.0,12:29:08.689535
127.0,-590.0,1403.0,12:29:08.698837
-73.0,-474.0,1046.0,12:29:08.708235
-114.0,-670.0,839.0,12:29:08.718745
94.0,-490.0,204.0,12:29:08.728074
-23.0,-608.0,1221.0,12:29:08.738557
