67.0,-609.0,907.0,12:27:29.729818
97.0,-297.0,959.0,12:27:29.733519
25.0,-463.0,1033.0,12:27:29.742830
-51.0,-523.0,978.0,12:27:29.753349
107.0,-530.0,671.0,12:27:29.767494
53.0,-398.0,852.0,12:27:29.772385
318.0,-542.0,1129.0,12:27:29.782958
58.0,-552.0,921.0,12:27:29.792224
40.0,-467.0,803.0,12:27:29.802655
209.0,-523.0,867.0,12:27:29.811993
65.0,-348.0,782.0,12:27:29.822468
59.0,-539.0,1113.0,12:27:29.831799
30.0,-595.0,899.0,12:27:29.841085
185.0,-631.0,709.0,12:27:29.851500
58.0,-601.0,865.0,12:27:29.860894
28.0,-419.0,827.0,12:27:29.871325
173.0,-536.0,891.0,12:27:29.880696
-102.0,-483.0,1019.0,12:27:29.891057
126.0,-545.0,826.0,12:27:29.900437
-11.0,-490.0,767.0,12:27:29.910802
-16.0,-703.0,1177.0,12:27:29.920203
-21.0,-428.0,946.0,12:27:29.930728
0.0,-781.0,1322.0,12:27:29.940093
196.0,-620.0,799.0,12:27:29.950594
95.0,-628.0,836.0,12:27:29.959901
-69.0,-515.0,782.0,12:27:29.970326
21.0,-398.0,728.0,12:27:29.979772
6.0,-503.0,926.0,12:27:29.988987
-48.0,-400.0,789.0,12:27:29.999540
73.0,-505.0,912.0,12:27:30.008842
-20.0,-480.0,961.0,12:27:30.019477
-58.0,-433.0,937.0,12:27:30.028778
84.0,-519.0,993.0,12:27:30.039206
11.0,-445.0,1062.0,12:27:30.048617
46.0,-633.0,1053.0,12:27:30.058073
202.0,-571.0,731.0,12:27:30.068572
12.0,-285.0,856.0,12:27:30.077960
-57.0,-461.0,1074.0,12:27:30.088528
109.0,-335.0,630.0,12:27:30.097859
-14.0,-399.0,942.0,12:27:30.107329
-38.0,-565.0,1060.0,12:27:30.117736
153.0,-452.0,790.0,12:27:30.127177
133.0,-435.0,969.0,12:27:30.137622
26.0,-718.0,1387.0,12:27:30.146941
141.0,-771.0,880.0,12:27:30.157451
88.0,-545.0,536.0,12:27:30.166840
-69.0,-425.0,968.0,12:27:30.176245
77.0,-474.0,911.0,12:27:30.186815
-47.0,-326.0,579.0,12:27:30.196181
-52.0,-569.0,840.0,12:27:30.206680
-115.0,-509.0,780.0,12:27:30.216030
-61.0,-705.0,1273.0,12:27:30.226484
22.0,-590.0,1217.0,12:27:30.235850
79.0,-683.0,658.0,12:27:30.245357
-9.0,-632.0,869.0,12:27:30.255759
-2.0,-578.0,1039.0,12:27:30.265230
-19.0,-584.0,819.0,12:27:30.275638
42.0,-490.0,613.0,12:27:30.285056
-63.0,-418.0,518.0,12:27:30.295502
63.0,-400.0,817.0,12:27:30.304857
-317.0,-349.0,1198.0,12:27:30.315271
-16.0,-520.0,1115.0,12:27:30.324702
165.0,-685.0,1118.0,12:27:30.334067
15.0,-336.0,876.0,12:27:30.344614
-16.0,-545.0,1050.0,12:27:30.353951
152.0,-356.0,848.0,12:27:30.364408
-57.0,-328.0,936.0,12:27:30.373696
-19.0,-513.0,950.0,12:27:30.384174
10.0,-435.0,777.0,12:27:30.393490
44.0,-367.0,700.0,12:27:30.403986
-139.0,-406.0,1108.0,12:27:30.413342
19.0,-550.0,1262.0,12:27:30.422634
183.0,-760.0,1096.0,12:27:30.433106
5.0,-648.0,958.0,12:27:30.442495
-1.0,-397.0,532.0,12:27:30.452981
54.0,-574.0,965.0,12:27:30.462319
-38.0,-391.0,907.0,12:27:30.472887
155.0,-429.0,616.0,12:27:30.482221
23.0,-536.0,927.0,12:27:30.491650
19.0,-698.0,1050.0,12:27:30.502095
152.0,-619.0,884.0,12:27:30.511539
1.0,-512.0,1069.0,12:27:30.521893
0.0,-579.0,969.0,12:27:30.531205
68.0,-284.0,569.0,12:27:30.541935
-21.0,-412.0,856.0,12:27:30.551734
23.0,-506.0,646.0,12:27:30.562970
11.0,-252.0,523.0,12:27:30.571709
116.0,-695.0,1512.0,12:27:30.580996
11.0,-870.0,1276.0,12:27:30.590226
99.0,-721.0,971.0,12:27:30.600736
6.0,-525.0,671.0,12:27:30.609985
-36.0,-396.0,713.0,12:27:30.620561
65.0,-603.0,959.0,12:27:30.629847
21.0,-313.0,149.0,12:27:30.640397
-51.0,-101.0,574.0,12:27:30.649666
28.0,-807.0,1753.0,12:27:30.660177
9.0,-1073.0,1648.0,12:27:30.669489
-5.0,-403.0,516.0,12:27:30.679961
-72.0,-363.0,741.0,12:27:30.689225
36.0,-740.0,1390.0,12:27:30.698742
60.0,-359.0,523.0,12:27:30.709124
147.0,-404.0,531.0,12:27:30.718626
-210.0,-574.0,1079.0,12:27:30.729087
-71.0,-611.0,991.0,12:27:30.738562
48.0,-538.0,899.0,12:27:30.749005
-104.0,-407.0,691.0,12:27:30.758349
-6.0,-499.0,1210.0,12:27:30.767607
-93.0,-511.0,1058.0,12:27:30.778067
95.0,-693.0,634.0,12:27:30.787423
187.0,-439.0,700.0,12:27:30.797899
16.0,-622.0,1302.0,12:27:30.807195
-5.0,-510.0,1054.0,12:27:30.817580
69.0,-430.0,693.0,12:27:30.826933
-45.0,-693.0,1029.0,12:27:30.837485
81.0,-756.0,754.0,12:27:30.846819
7.0,-328.0,817.0,12:27:30.856341
93.0,-576.0,1146.0,12:27:30.866867
-9.0,-701.0,1047.0,12:27:30.876219
180.0,-341.0,368.0,12:27:30.886657
-28.0,-541.0,1167.0,12:27:30.895969
24.0,-372.0,871.0,12:27:30.906489
16.0,-341.0,248.0,12:27:30.915721
-86.0,-717.0,1547.0,12:27:30.926241
11.0,-483.0,1096.0,12:27:30.935509
238.0,-590.0,803.0,12:27:30.946003
-13.0,-526.0,969.0,12:27:30.955331
41.0,-312.0,859.0,12:27:30.969331
-2.0,-520.0,1220.0,12:27:30.975402
-32.0,-458.0,808.0,12:27:30.984720
79.0,-523.0,718.0,12:27:30.995371
18.0,-588.0,858.0,12:27:31.004639
95.0,-516.0,1234.0,12:27:31.014005
88.0,-418.0,815.0,12:27:31.024419
58.0,-331.0,617.0,12:27:31.033747
82.0,-370.0,1258.0,12:27:31.044172
11.0,-431.0,637.0,12:27:31.053475
116.0,-530.0,875.0,12:27:31.064091
41.0,-646.0,1501.0,12:27:31.073337
293.0,-529.0,627.0,12:27:31.083800
-22.0,-611.0,988.0,12:27:31.093135
29.0,-400.0,1190.0,12:27:31.103661
128.0,-431.0,415.0,12:27:31.112958
-19.0,-372.0,686.0,12:27:31.123443
-33.0,-571.0,1173.0,12:27:31.132759
-99.0,-617.0,968.0,12:27:31.142197
94.0,-574.0,661.0,12:27:31.152612
-114.0,-676.0,1113.0,12:27:31.161990
28.0,-687.0,1019.0,12:27:31.172528
-89.0,-318.0,891.0,12:27:31.181840
-15.0,-458.0,958.0,12:27:31.192376
73.0,-642.0,1183.0,12:27:31.201737
-72.0,-760.0,868.0,12:27:31.212222
-55.0,-333.0,506.0,12:27:31.221466
102.0,-436.0,710.0,12:27:31.231922
-91.0,-348.0,1187.0,12:27:31.241171
-33.0,-400.0,888.0,12:27:31.250699
-24.0,-613.0,775.0,12:27:31.261102
43.0,-674.0,882.0,12:27:31.270379
174.0,-224.0,636.0,12:27:31.280806
85.0,-762.0,1684.0,12:27:31.290079
-24.0,-426.0,758.0,12:27:31.300591
132.0,-536.0,435.0,12:27:31.309879
123.0,-785.0,1316.0,12:27:31.320343
36.0,-565.0,1275.0,12:27:31.329637
139.0,-562.0,623.0,12:27:31.340123
-46.0,-569.0,670.0,12:27:31.349524
-37.0,-412.0,761.0,12:27:31.359014
-22.0,-441.0,995.0,12:27:31.369539
-49.0,-420.0,644.0,12:27:31.389093
-13.0,-668.0,908.0,12:27:31.398628
-56.0,-340.0,911.0,12:27:31.409095
8.0,-266.0,1148.0,12:27:31.418501
93.0,-686.0,1499.0,12:27:31.428995
281.0,-466.0,535.0,12:27:31.438480
-25.0,-331.0,1061.0,12:27:31.447788
71.0,-564.0,1142.0,12:27:31.458202
245.0,-693.0,839.0,12:27:31.467584
248.0,-522.0,104.0,12:27:31.477984
91.0,-616.0,1129.0,12:27:31.487368
36.0,-509.0,1071.0,12:27:31.497763
-143.0,-576.0,1433.0,12:27:31.507178
143.0,-762.0,969.0,12:27:31.517586
105.0,-553.0,587.0,12:27:31.526947
175.0,-276.0,673.0,12:27:31.537440
51.0,-421.0,911.0,12:27:31.546803
7.0,-449.0,821.0,12:27:31.556218
-61.0,-208.0,556.0,12:27:31.566744
-42.0,-801.0,1253.0,12:27:31.576097
49.0,-312.0,529.0,12:27:31.586559
18.0,-752.0,1962.0,12:27:31.595842
257.0,-741.0,916.0,12:27:31.606289
-87.0,-426.0,428.0,12:27:31.615697
32.0,-333.0,655.0,12:27:31.626172
-56.0,-530.0,1393.0,12:27:31.635557
2.0,-305.0,924.0,12:27:31.644818
26.0,-669.0,648.0,12:27:31.655288
18.0,-504.0,491.0,12:27:31.664540
14.0,-367.0,805.0,12:27:31.674994
-176.0,-470.0,1478.0,12:27:31.684301
52.0,-476.0,1090.0,12:27:31.694744
190.0,-845.0,1348.0,12:27:31.704161
46.0,-509.0,340.0,12:27:31.714509
-119.0,-456.0,922.0,12:27:31.723951
147.0,-481.0,1265.0,12:27:31.734392
152.0,-459.0,673.0,12:27:31.743656
-34.0,-199.0,190.0,12:27:31.754093
179.0,-707.0,1474.0,12:27:31.770779
-72.0,-802.0,1406.0,12:27:31.774086
66.0,-540.0,-75.0,12:27:31.783431
-126.0,-396.0,637.0,12:27:31.792867
-140.0,-693.0,2047.0,12:27:31.803269
107.0,-284.0,325.0,12:27:31.812654
29.0,-375.0,494.0,12:27:31.823116
-55.0,-547.0,1364.0,12:27:31.832447
20.0,-477.0,741.0,12:27:31.843018
221.0,-589.0,973.0,12:27:31.852300
0.0,-326.0,982.0,12:27:31.861776
41.0,-468.0,889.0,12:27:31.872214
-26.0,-530.0,1061.0,12:27:31.881674
-162.0,-327.0,753.0,12:27:31.892225
-65.0,-682.0,1472.0,12:27:31.901686
184.0,-691.0,623.0,12:27:31.910965
295.0,-782.0,828.0,12:27:31.921418
111.0,-347.0,725.0,12:27:31.930694
-82.0,-349.0,1166.0,12:27:31.941142
134.0,-696.0,1197.0,12:27:31.950560
183.0,-655.0,667.0,12:27:31.960992
163.0,-464.0,735.0,12:27:31.970337
-10.0,-180.0,642.0,12:27:31.980730
-99.0,-470.0,1203.0,12:27:31.990156
-41.0,-600.0,1090.0,12:27:32.000640
119.0,-456.0,746.0,12:27:32.010062
84.0,-534.0,855.0,12:27:32.019400
214.0,-822.0,1134.0,12:27:32.029998
212.0,-305.0,365.0,12:27:32.039380
1.0,-403.0,903.0,12:27:32.049847
-33.0,-530.0,1230.0,12:27:32.069480
0.0,-478.0,653.0,12:27:32.078788
111.0,-324.0,637.0,12:27:32.089387
-92.0,-646.0,1699.0,12:27:32.098753
197.0,-701.0,547.0,12:27:32.108025
18.0,-752.0,1079.0,12:27:32.118636
-97.0,-577.0,1088.0,12:27:32.127851
-8.0,-640.0,1065.0,12:27:32.138406
127.0,-672.0,321.0,12:27:32.147747
-9.0,-636.0,1087.0,12:27:32.158196
35.0,-368.0,845.0,12:27:32.173159
134.0,-481.0,614.0,12:27:32.177987
-86.0,-367.0,780.0,12:27:32.187403
22.0,-302.0,699.0,12:27:32.196775
-38.0,-643.0,982.0,12:27:32.207213
-62.0,-387.0,1025.0,12:27:32.216587
151.0,-679.0,1334.0,12:27:32.227046
-32.0,-607.0,1296.0,12:27:32.236302
75.0,-964.0,1021.0,12:27:32.246736
189.0,-331.0,105.0,12:27:32.256144
44.0,-366.0,944.0,12:27:32.266481
-145.0,-629.0,1490.0,12:27:32.275818
104.0,-562.0,603.0,12:27:32.286352
-42.0,-803.0,925.0,12:27:32.295711
-91.0,-593.0,401.0,12:27:32.306227
-64.0,-378.0,796.0,12:27:32.315705
-110.0,-735.0,1728.0,12:27:32.325071
-8.0,-557.0,708.0,12:27:32.335761
18.0,-579.0,703.0,12:27:32.345119
17.0,-509.0,892.0,12:27:32.354425
18.0,-390.0,1236.0,12:27:32.364849
24.0,-572.0,1389.0,12:27:32.374150
30.0,-531.0,319.0,12:27:32.384602
76.0,-263.0,196.0,12:27:32.393955
33.0,-98.0,637.0,12:27:32.404491
-177.0,-34.0,1231.0,12:27:32.413759
-9.0,-384.0,1147.0,12:27:32.424208
50.0,-713.0,975.0,12:27:32.433495
116.0,-358.0,992.0,12:27:32.444091
105.0,-899.0,1560.0,12:27:32.453435
86.0,-728.0,1130.0,12:27:32.462880
120.0,14.0,-112.0,12:27:32.473388
97.0,-121.0,1035.0,12:27:32.482795
113.0,-450.0,1438.0,12:27:32.493168
53.0,-428.0,860.0,12:27:32.502570
133.0,-410.0,415.0,12:27:32.512995
67.0,-753.0,1431.0,12:27:32.522313
112.0,-509.0,913.0,12:27:32.532845
136.0,-695.0,657.0,12:27:32.542115
86.0,-481.0,791.0,12:27:32.552611
28.0,-588.0,1542.0,12:27:32.561867
50.0,-736.0,943.0,12:27:32.572386
65.0,-795.0,690.0,12:27:32.581699
-63.0,-315.0,677.0,12:27:32.591079
-127.0,-243.0,847.0,12:27:32.601450
78.0,-514.0,948.0,12:27:32.610879
48.0,-334.0,620.0,12:27:32.621284
-61.0,-840.0,1489.0,12:27:32.630693
81.0,-300.0,512.0,12:27:32.641216
180.0,-432.0,938.0,12:27:32.650648
-25.0,-499.0,1310.0,12:27:32.661143
23.0,-611.0,698.0,12:27:32.670547
183.0,-728.0,882.0,12:27:32.679824
-89.0,-395.0,895.0,12:27:32.690212
182.0,-314.0,713.0,12:27:32.699595
-104.0,-442.0,959.0,12:27:32.709977
-78.0,-396.0,636.0,12:27:32.719401
134.0,-452.0,770.0,12:27:32.729835
-218.0,-193.0,727.0,12:27:32.739196
144.0,-915.0,1967.0,12:27:32.749781
126.0,-607.0,909.0,12:27:32.759179
236.0,-990.0,866.0,12:27:32.768548
69.0,-656.0,770.0,12:27:32.779207
49.0,-123.0,355.0,12:27:32.788642
-106.0,-590.0,1154.0,12:27:32.798037
-59.0,-468.0,867.0,12:27:32.808683
-84.0,-386.0,1018.0,12:27:32.817948
84.0,-345.0,478.0,12:27:32.828648
154.0,-355.0,583.0,12:27:32.837894
124.0,-426.0,1302.0,12:27:32.847432
109.0,-428.0,1354.0,12:27:32.857868
225.0,-635.0,958.0,12:27:32.867222
183.0,-800.0,898.0,12:27:32.877642
-23.0,-328.0,336.0,12:27:32.887100
-48.0,-268.0,745.0,12:27:32.897519
-68.0,-528.0,1422.0,12:27:32.906862
63.0,-571.0,605.0,12:27:32.917380
-4.0,-858.0,910.0,12:27:32.926776
-53.0,-419.0,583.0,12:27:32.936153
-45.0,-285.0,1321.0,12:27:32.946639
-145.0,-1100.0,2047.0,12:27:32.956097
492.0,-627.0,52.0,12:27:32.969613
116.0,-1023.0,681.0,12:27:32.976456
54.0,-677.0,1327.0,12:27:32.985370
56.0,-153.0,-58.0,12:27:32.995733
-129.0,-148.0,752.0,12:27:33.005295
-380.0,-426.0,1278.0,12:27:33.015702
44.0,-685.0,1012.0,12:27:33.025163
-161.0,45.0,71.0,12:27:33.035520
-16.0,-542.0,1717.0,12:27:33.044893
83.0,-836.0,1882.0,12:27:33.055260
52.0,-346.0,182.0,12:27:33.064591
144.0,-941.0,776.0,12:27:33.075130
59.0,-346.0,456.0,12:27:33.084467
-24.0,-155.0,681.0,12:27:33.093748
-53.0,-454.0,1188.0,12:27:33.104153
86.0,-559.0,404.0,12:27:33.113535
22.0,-517.0,578.0,12:27:33.124033
-181.0,-514.0,1642.0,12:27:33.133352
-18.0,-713.0,1624.0,12:27:33.143800
66.0,-592.0,705.0,12:27:33.153296
5.0,-399.0,481.0,12:27:33.163674
-109.0,-182.0,1090.0,12:27:33.173010
-21.0,-986.0,1935.0,12:27:33.183567
135.0,-441.0,-5.0,12:27:33.193007
221.0,-150.0,-60.0,12:27:33.202317
-204.0,-558.0,1814.0,12:27:33.212913
183.0,-704.0,1267.0,12:27:33.222311
63.0,-504.0,39.0,12:27:33.231735
-175.0,-39.0,459.0,12:27:33.242163
-80.0,-317.0,1727.0,12:27:33.251635
19.0,-669.0,884.0,12:27:33.262204
-30.0,-876.0,853.0,12:27:33.271538
-27.0,-367.0,409.0,12:27:33.282006
-38.0,-170.0,853.0,12:27:33.291252
59.0,-531.0,1959.0,12:27:33.300709
10.0,-701.0,1308.0,12:27:33.311191
77.0,-496.0,122.0,12:27:33.320635
-6.0,-536.0,1575.0,12:27:33.331130
48.0,-451.0,1370.0,12:27:33.340690
39.0,119.0,-163.0,12:27:33.349993
48.0,-738.0,1284.0,12:27:33.360408
124.0,-510.0,859.0,12:27:33.375180
100.0,-365.0,302.0,12:27:33.380553
117.0,-357.0,905.0,12:27:33.389863
27.0,-596.0,1465.0,12:27:33.400283
-10.0,-469.0,765.0,12:27:33.409572
110.0,-791.0,838.0,12:27:33.420056
207.0,-30.0,22.0,12:27:33.429400
70.0,-458.0,1490.0,12:27:33.438781
-14.0,-510.0,1296.0,12:27:33.449158
228.0,-703.0,867.0,12:27:33.458632
297.0,-587.0,506.0,12:27:33.469047
42.0,-488.0,857.0,12:27:33.478301
252.0,-885.0,1912.0,12:27:33.488735
13.0,-506.0,537.0,12:27:33.498020
-50.0,-540.0,94.0,12:27:33.508576
-28.0,-341.0,462.0,12:27:33.517843
-197.0,67.0,577.0,12:27:33.528324
-103.0,-412.0,1664.0,12:27:33.537658
111.0,-1011.0,1723.0,12:27:33.548113
295.0,-975.0,1110.0,12:27:33.557501
254.0,-720.0,804.0,12:27:33.566902
-49.0,-659.0,1878.0,12:27:33.577442
293.0,-988.0,1715.0,12:27:33.586800
229.0,-688.0,-243.0,12:27:33.597261
220.0,-861.0,546.0,12:27:33.606650
63.0,-605.0,1303.0,12:27:33.617055
-28.0,-169.0,351.0,12:27:33.626413
-111.0,-104.0,103.0,12:27:33.636818
-22.0,-608.0,1435.0,12:27:33.646292
-39.0,-364.0,1251.0,12:27:33.655660
-75.0,-240.0,466.0,12:27:33.666282
-35.0,-300.0,1380.0,12:27:33.675574
24.0,-280.0,1525.0,12:27:33.685159
96.0,-372.0,446.0,12:27:33.695589
-123.0,-165.0,307.0,12:27:33.704888
6.0,-671.0,1394.0,12:27:33.715330
11.0,-374.0,919.0,12:27:33.724619
-27.0,-723.0,1066.0,12:27:33.735156
148.0,-806.0,689.0,12:27:33.744417
23.0,-652.0,443.0,12:27:33.754959
68.0,-617.0,1019.0,12:27:33.764244
150.0,-634.0,992.0,12:27:33.774675
44.0,-656.0,724.0,12:27:33.783971
234.0,-522.0,308.0,12:27:33.794508
-19.0,-397.0,665.0,12:27:33.803735
-65.0,-531.0,1276.0,12:27:33.814231
82.0,-366.0,866.0,12:27:33.823578
-68.0,-569.0,1283.0,12:27:33.833013
-228.0,-432.0,725.0,12:27:33.843379
91.0,-664.0,1578.0,12:27:33.852751
27.0,-457.0,990.0,12:27:33.863112
130.0,-821.0,944.0,12:27:33.872470
-21.0,-570.0,609.0,12:27:33.882945
-1.0,-265.0,523.0,12:27:33.892243
21.0,-406.0,1278.0,12:27:33.902708
-110.0,-610.0,1352.0,12:27:33.912041
-98.0,-369.0,777.0,12:27:33.922465
34.0,-536.0,1067.0,12:27:33.931781
-15.0,-16.0,1154.0,12:27:33.942293
62.0,-603.0,1792.0,12:27:33.951683
170.0,-197.0,350.0,12:27:33.962078
100.0,-484.0,1096.0,12:27:33.971369
257.0,-738.0,1282.0,12:27:33.980842
54.0,-313.0,163.0,12:27:33.991175
-17.0,-495.0,1069.0,12:27:34.000603
1.0,-688.0,1324.0,12:27:34.011157
0.0,-510.0,296.0,12:27:34.020616
-25.0,-448.0,499.0,12:27:34.031036
-319.0,-426.0,1062.0,12:27:34.040329
-23.0,-579.0,940.0,12:27:34.050773
-48.0,-449.0,424.0,12:27:34.060162
-9.0,-225.0,415.0,12:27:34.070670
102.0,-803.0,2011.0,12:27:34.080149
30.0,-1086.0,1707.0,12:27:34.089546
35.0,-883.0,537.0,12:27:34.100012
118.0,-785.0,673.0,12:27:34.109519
259.0,-588.0,807.0,12:27:34.118824
88.0,-336.0,588.0,12:27:34.129480
-24.0,-516.0,644.0,12:27:34.138891
-87.0,-466.0,949.0,12:27:34.149522
100.0,-811.0,1132.0,12:27:34.158784
20.0,-482.0,644.0,12:27:34.168144
274.0,-906.0,1288.0,12:27:34.180462
-59.0,-359.0,695.0,12:27:34.188559
-22.0,-311.0,723.0,12:27:34.197973
65.0,-434.0,1352.0,12:27:34.208511
-141.0,-53.0,682.0,12:27:34.217969
-10.0,-271.0,576.0,12:27:34.227350
-68.0,-474.0,1455.0,12:27:34.237813
-24.0,-632.0,1297.0,12:27:34.247220
190.0,-546.0,617.0,12:27:34.257721
50.0,-358.0,650.0,12:27:34.267031
52.0,-568.0,1475.0,12:27:34.277483
93.0,-554.0,1404.0,12:27:34.286796
122.0,-652.0,573.0,12:27:34.296287
-31.0,-406.0,491.0,12:27:34.306805
-96.0,-392.0,1154.0,12:27:34.316194
54.0,-406.0,799.0,12:27:34.326763
53.0,-268.0,586.0,12:27:34.336019
70.0,-725.0,1729.0,12:27:34.346457
134.0,-650.0,1048.0,12:27:34.355711
182.0,-559.0,696.0,12:27:34.366280
205.0,-692.0,1004.0,12:27:34.375570
159.0,-642.0,1133.0,12:27:34.386039
160.0,-472.0,634.0,12:27:34.395292
-52.0,-708.0,923.0,12:27:34.404667
238.0,-304.0,-27.0,12:27:34.415172
183.0,-596.0,816.0,12:27:34.424492
-176.0,-240.0,1056.0,12:27:34.434901
134.0,-383.0,1246.0,12:27:34.444255
-16.0,-421.0,990.0,12:27:34.454649
160.0,-518.0,934.0,12:27:34.464055
162.0,-448.0,777.0,12:27:34.474508
22.0,-462.0,1046.0,12:27:34.483837
-9.0,-518.0,1051.0,12:27:34.494211
27.0,-449.0,411.0,12:27:34.503491
60.0,-307.0,823.0,12:27:34.514072
-54.0,-292.0,768.0,12:27:34.523363
-123.0,-106.0,375.0,12:27:34.532887
-44.0,-19.0,512.0,12:27:34.543279
-26.0,-250.0,939.0,12:27:34.552779
-136.0,-693.0,1624.0,12:27:34.563266
48.0,-867.0,1243.0,12:27:34.574454
13.0,-204.0,72.0,12:27:34.582803
-88.0,-684.0,1632.0,12:27:34.592019
179.0,-553.0,1125.0,12:27:34.602603
9.0,-578.0,497.0,12:27:34.611851
115.0,-844.0,1610.0,12:27:34.622360
78.0,-978.0,1766.0,12:27:34.631777
175.0,-829.0,828.0,12:27:34.642277
69.0,-720.0,737.0,12:27:34.651693
153.0,-731.0,1269.0,12:27:34.661008
15.0,-460.0,637.0,12:27:34.671520
239.0,-401.0,457.0,12:27:34.680914
-70.0,-399.0,903.0,12:27:34.691333
78.0,-511.0,971.0,12:27:34.700706
-45.0,-270.0,1102.0,12:27:34.711133
-116.0,-358.0,1186.0,12:27:34.720623
27.0,-513.0,1109.0,12:27:34.730041
22.0,-342.0,894.0,12:27:34.740497
84.0,-199.0,712.0,12:27:34.749924
-60.0,-179.0,583.0,12:27:34.760347
-28.0,-328.0,705.0,12:27:34.769705
67.0,-342.0,784.0,12:27:34.780172
105.0,-420.0,698.0,12:27:34.789573
14.0,-537.0,814.0,12:27:34.799989
22.0,-631.0,1177.0,12:27:34.809403
37.0,-605.0,1139.0,12:27:34.818627
16.0,-561.0,685.0,12:27:34.829067
47.0,-624.0,748.0,12:27:34.838371
94.0,-586.0,921.0,12:27:34.848894
129.0,-647.0,1125.0,12:27:34.858806
114.0,-572.0,816.0,12:27:34.868206
97.0,-827.0,1085.0,12:27:34.878656
70.0,-813.0,795.0,12:27:34.887982
157.0,-766.0,702.0,12:27:34.898490
193.0,-717.0,576.0,12:27:34.907804
129.0,-738.0,648.0,12:27:34.918240
-44.0,-466.0,723.0,12:27:34.927494
-55.0,-461.0,835.0,12:27:34.938032
25.0,-645.0,1079.0,12:27:34.947436
-196.0,-716.0,1075.0,12:27:34.956757
-20.0,-629.0,931.0,12:27:34.967165
-135.0,-461.0,1073.0,12:27:34.976538
-71.0,-237.0,1286.0,12:27:34.986952
-168.0,-85.0,741.0,12:27:34.996417
-88.0,-432.0,1049.0,12:27:35.006819
-72.0,-343.0,1226.0,12:27:35.016536
31.0,-481.0,1121.0,12:27:35.025806
1.0,-544.0,1155.0,12:27:35.036461
-128.0,-277.0,933.0,12:27:35.045803
107.0,-429.0,906.0,12:27:35.055259
1.0,-382.0,925.0,12:27:35.065705
13.0,-290.0,931.0,12:27:35.075135
-27.0,-225.0,775.0,12:27:35.085586
43.0,-479.0,984.0,12:27:35.094919
6.0,-374.0,794.0,12:27:35.105382
151.0,-569.0,828.0,12:27:35.114695
122.0,-591.0,628.0,12:27:35.125215
182.0,-614.0,728.0,12:27:35.134510
125.0,-666.0,870.0,12:27:35.144957
202.0,-686.0,736.0,12:27:35.154192
158.0,-738.0,661.0,12:27:35.164705
172.0,-644.0,734.0,12:27:35.174051
40.0,-620.0,960.0,12:27:35.183354
29.0,-649.0,1035.0,12:27:35.193760
-19.0,-559.0,762.0,12:27:35.203118
-44.0,-487.0,895.0,12:27:35.213540
-139.0,-532.0,1113.0,12:27:35.223009
58.0,-338.0,953.0,12:27:35.233474
37.0,-326.0,1156.0,12:27:35.243004
-47.0,-415.0,1337.0,12:27:35.253420
227.0,-467.0,984.0,12:27:35.262924
-7.0,-536.0,1192.0,12:27:35.272180
197.0,-519.0,1278.0,12:27:35.282871
123.0,-468.0,1106.0,12:27:35.292184
10.0,-431.0,944.0,12:27:35.302593
63.0,-539.0,976.0,12:27:35.311995
162.0,-273.0,735.0,12:27:35.321342
24.0,-297.0,856.0,12:27:35.331867
64.0,-335.0,873.0,12:27:35.341138
56.0,-378.0,639.0,12:27:35.351606
116.0,-416.0,648.0,12:27:35.360948
135.0,-435.0,1013.0,12:27:35.371399
-17.0,-522.0,827.0,12:27:35.382907
-68.0,-451.0,755.0,12:27:35.391098
66.0,-572.0,883.0,12:27:35.400543
19.0,-535.0,799.0,12:27:35.411047
80.0,-626.0,831.0,12:27:35.420327
37.0,-576.0,737.0,12:27:35.430853
-54.0,-596.0,892.0,12:27:35.440174
14.0,-584.0,840.0,12:27:35.449658
1.0,-764.0,1046.0,12:27:35.460163
-88.0,-525.0,826.0,12:27:35.469542
57.0,-612.0,989.0,12:27:35.478979
112.0,-579.0,1045.0,12:27:35.489487
56.0,-530.0,874.0,12:27:35.498795
-38.0,-612.0,983.0,12:27:35.509200
25.0,-530.0,914.0,12:27:35.518625
-2.0,-618.0,1093.0,12:27:35.529129
-32.0,-661.0,1016.0,12:27:35.538596
102.0,-520.0,886.0,12:27:35.549035
32.0,-503.0,723.0,12:27:35.558459
-59.0,-486.0,1018.0,12:27:35.567765
-40.0,-425.0,921.0,12:27:35.578226
24.0,-552.0,798.0,12:27:35.587578
25.0,-422.0,742.0,12:27:35.598035
-104.0,-384.0,919.0,12:27:35.607386
-29.0,-474.0,1024.0,12:27:35.617827
10.0,-382.0,958.0,12:27:35.627101
24.0,-592.0,982.0,12:27:35.637594
-2.0,-535.0,909.0,12:27:35.646860
46.0,-485.0,993.0,12:27:35.657432
-49.0,-497.0,946.0,12:27:35.666701
124.0,-560.0,845.0,12:27:35.677231
38.0,-280.0,391.0,12:27:35.686526
-37.0,-377.0,719.0,12:27:35.695834
44.0,-222.0,468.0,12:27:35.706364
-54.0,-705.0,1848.0,12:27:35.715717
116.0,-1458.0,2047.0,12:27:35.726282
173.0,-943.0,448.0,12:27:35.735649
94.0,-1122.0,618.0,12:27:35.746050
336.0,-929.0,1011.0,12:27:35.755472
81.0,-223.0,119.0,12:27:35.765903
-36.0,-181.0,523.0,12:27:35.783223
-237.0,-649.0,990.0,12:27:35.785309
43.0,-493.0,384.0,12:27:35.794628
50.0,-413.0,822.0,12:27:35.805225
27.0,-538.0,1478.0,12:27:35.814536
188.0,-506.0,945.0,12:27:35.824006
170.0,-264.0,236.0,12:27:35.834421
-122.0,-244.0,847.0,12:27:35.843852
19.0,-462.0,1183.0,12:27:35.854314
73.0,-246.0,717.0,12:27:35.863605
-167.0,-280.0,890.0,12:27:35.874119
-29.0,-447.0,884.0,12:27:35.883577
-9.0,-281.0,929.0,12:27:35.894141
-78.0,-354.0,1113.0,12:27:35.903533
-62.0,-860.0,1514.0,12:27:35.913072
227.0,-541.0,499.0,12:27:35.923648
40.0,-428.0,634.0,12:27:35.933016
172.0,-791.0,1723.0,12:27:35.942443
-133.0,-567.0,1232.0,12:27:35.952979
7.0,-792.0,999.0,12:27:35.962326
42.0,-1050.0,1183.0,12:27:35.972810
40.0,-425.0,463.0,12:27:35.982141
-205.0,-629.0,1360.0,12:27:35.992579
42.0,-303.0,728.0,12:27:36.001906
49.0,-458.0,459.0,12:27:36.012325
55.0,-304.0,462.0,12:27:36.021711
-14.0,-451.0,1018.0,12:27:36.031038
150.0,-187.0,495.0,12:27:36.041536
250.0,-577.0,593.0,12:27:36.050881
207.0,-298.0,617.0,12:27:36.061276
44.0,-159.0,1458.0,12:27:36.070748
-167.0,184.0,932.0,12:27:36.081271
-162.0,67.0,738.0,12:27:36.090693
-40.0,-529.0,1179.0,12:27:36.099981
190.0,-542.0,1268.0,12:27:36.110608
48.0,-639.0,1432.0,12:27:36.119888
23.0,-634.0,1327.0,12:27:36.130309
225.0,-871.0,858.0,12:27:36.139586
-10.0,-737.0,835.0,12:27:36.150078
158.0,-615.0,837.0,12:27:36.159401
26.0,-318.0,385.0,12:27:36.170016
6.0,-271.0,784.0,12:27:36.179227
-38.0,-551.0,1337.0,12:27:36.188811
95.0,-887.0,1459.0,12:27:36.199360
39.0,-653.0,547.0,12:27:36.208674
51.0,-645.0,788.0,12:27:36.219073
98.0,-670.0,1313.0,12:27:36.228394
40.0,-256.0,67.0,12:27:36.238751
155.0,-496.0,997.0,12:27:36.248135
225.0,-613.0,1076.0,12:27:36.258591
152.0,-585.0,486.0,12:27:36.267957
-12.0,-771.0,1128.0,12:27:36.278433
58.0,-637.0,919.0,12:27:36.287755
86.0,-964.0,1241.0,12:27:36.298209
-20.0,-169.0,125.0,12:27:36.307541
-28.0,-525.0,1074.0,12:27:36.316788
-245.0,-627.0,1425.0,12:27:36.327334
-80.0,-595.0,1047.0,12:27:36.336592
-277.0,-228.0,199.0,12:27:36.347215
-80.0,-621.0,1153.0,12:27:36.356636
-110.0,-522.0,1529.0,12:27:36.366076
-77.0,-427.0,731.0,12:27:36.376468
51.0,-439.0,726.0,12:27:36.385985
11.0,-543.0,838.0,12:27:36.396354
170.0,-386.0,607.0,12:27:36.405701
-92.0,-23.0,529.0,12:27:36.416218
-134.0,-601.0,1289.0,12:27:36.425574
195.0,-568.0,1058.0,12:27:36.436004
274.0,-700.0,577.0,12:27:36.445317
-131.0,-327.0,471.0,12:27:36.455807
34.0,-739.0,1499.0,12:27:36.465287
50.0,-813.0,1460.0,12:27:36.474605
218.0,-699.0,275.0,12:27:36.485143
122.0,-689.0,637.0,12:27:36.494476
49.0,-471.0,810.0,12:27:36.505064
77.0,-412.0,828.0,12:27:36.514362
120.0,-812.0,1214.0,12:27:36.524870
171.0,-570.0,475.0,12:27:36.534140
29.0,-181.0,704.0,12:27:36.544604
-160.0,-62.0,1020.0,12:27:36.553975
95.0,-752.0,1865.0,12:27:36.563305
-58.0,-261.0,1150.0,12:27:36.573745
6.0,-511.0,636.0,12:27:36.587435
89.0,-583.0,1014.0,12:27:36.593364
-34.0,-388.0,1433.0,12:27:36.602632
-27.0,-436.0,1132.0,12:27:36.613158
-188.0,-651.0,1199.0,12:27:36.622486
146.0,-490.0,233.0,12:27:36.632977
-126.0,-624.0,1112.0,12:27:36.642334
-107.0,-381.0,1024.0,12:27:36.652903
73.0,-195.0,70.0,12:27:36.662225
-72.0,-480.0,986.0,12:27:36.671719
144.0,-714.0,1310.0,12:27:36.682194
162.0,-569.0,806.0,12:27:36.691541
-305.0,-662.0,779.0,12:27:36.701999
291.0,-640.0,913.0,12:27:36.711291
-44.0,-374.0,576.0,12:27:36.721880
155.0,-298.0,696.0,12:27:36.731137
184.0,-554.0,1048.0,12:27:36.740691
128.0,-518.0,828.0,12:27:36.751202
51.0,-486.0,600.0,12:27:36.760600
-48.0,-494.0,695.0,12:27:36.771046
18.0,-527.0,1465.0,12:27:36.780384
-6.0,-471.0,1047.0,12:27:36.790762
52.0,-591.0,747.0,12:27:36.800124
9.0,-787.0,1135.0,12:27:36.810682
-119.0,-279.0,851.0,12:27:36.820156
-2.0,-384.0,1029.0,12:27:36.829488
87.0,-380.0,1010.0,12:27:36.840014
65.0,-671.0,1324.0,12:27:36.849487
88.0,-472.0,422.0,12:27:36.860009
-125.0,-374.0,748.0,12:27:36.869335
30.0,-464.0,1170.0,12:27:36.878692
-16.0,-192.0,811.0,12:27:36.889078
90.0,-814.0,1759.0,12:27:36.898464
147.0,-625.0,506.0,12:27:36.908906
-62.0,-359.0,599.0,12:27:36.918227
9.0,-480.0,1149.0,12:27:36.928646
184.0,-457.0,1014.0,12:27:36.938010
177.0,-290.0,304.0,12:27:36.948502
150.0,-400.0,720.0,12:27:36.957823
8.0,-598.0,1517.0,12:27:36.968296
32.0,-523.0,1119.0,12:27:36.980755
31.0,-522.0,454.0,12:27:36.987966
132.0,-687.0,1212.0,12:27:36.997274
10.0,-609.0,918.0,12:27:37.007751
4.0,-587.0,785.0,12:27:37.017012
36.0,-263.0,797.0,12:27:37.026462
94.0,-495.0,1151.0,12:27:37.036925
57.0,-437.0,815.0,12:27:37.046408
103.0,-484.0,898.0,12:27:37.056871
47.0,-380.0,837.0,12:27:37.066272
103.0,-379.0,1080.0,12:27:37.076738
161.0,-657.0,1086.0,12:27:37.086064
108.0,-348.0,533.0,12:27:37.096510
234.0,-378.0,942.0,12:27:37.105861
71.0,-452.0,872.0,12:27:37.115169
158.0,-571.0,973.0,12:27:37.125622
280.0,-401.0,790.0,12:27:37.135001
1.0,-636.0,1148.0,12:27:37.145528
235.0,-701.0,1358.0,12:27:37.154783
196.0,-643.0,364.0,12:27:37.165231
32.0,-492.0,1073.0,12:27:37.174497
233.0,-583.0,1082.0,12:27:37.185008
98.0,-504.0,725.0,12:27:37.194319
-67.0,-365.0,907.0,12:27:37.204785
115.0,-324.0,574.0,12:27:37.214086
-28.0,-462.0,987.0,12:27:37.224572
3.0,-317.0,963.0,12:27:37.233946
120.0,-501.0,836.0,12:27:37.243380
93.0,-253.0,735.0,12:27:37.253831
202.0,-326.0,978.0,12:27:37.263165
-46.0,-525.0,1848.0,12:27:37.273633
241.0,-601.0,997.0,12:27:37.282968
105.0,-784.0,756.0,12:27:37.293479
92.0,-600.0,884.0,12:27:37.302927
140.0,-388.0,548.0,12:27:37.312295
-142.0,-293.0,864.0,12:27:37.322816
-63.0,-510.0,940.0,12:27:37.332146
31.0,-521.0,636.0,12:27:37.342600
186.0,-647.0,1157.0,12:27:37.351904
39.0,-381.0,1112.0,12:27:37.362318
19.0,-793.0,1654.0,12:27:37.371776
44.0,-987.0,1080.0,12:27:37.382279
340.0,-217.0,-31.0,12:27:37.391718
-149.0,-941.0,1438.0,12:27:37.401148
88.0,-337.0,477.0,12:27:37.411836
15.0,-253.0,625.0,12:27:37.421146
-9.0,-279.0,717.0,12:27:37.430720
-49.0,-649.0,1284.0,12:27:37.441153
78.0,-465.0,1185.0,12:27:37.450690
105.0,-797.0,1409.0,12:27:37.461121
61.0,-421.0,810.0,12:27:37.470545
82.0,-570.0,1113.0,12:27:37.479843
131.0,-586.0,798.0,12:27:37.490320
152.0,-282.0,316.0,12:27:37.499573
-14.0,-502.0,902.0,12:27:37.510067
16.0,-412.0,588.0,12:27:37.519476
-270.0,-186.0,974.0,12:27:37.529935
-87.0,-579.0,1264.0,12:27:37.539219
44.0,-765.0,966.0,12:27:37.549746
-81.0,-343.0,688.0,12:27:37.559105
207.0,-701.0,1430.0,12:27:37.568602
-20.0,-457.0,1177.0,12:27:37.579077
43.0,-507.0,374.0,12:27:37.588451
-3.0,-614.0,858.0,12:27:37.598918
60.0,-536.0,1059.0,12:27:37.608201
-45.0,-450.0,770.0,12:27:37.618686
-118.0,-625.0,867.0,12:27:37.627994
165.0,-599.0,699.0,12:27:37.638683
11.0,-638.0,927.0,12:27:37.647992
69.0,-366.0,762.0,12:27:37.657399
23.0,-518.0,1267.0,12:27:37.667861
-42.0,-428.0,973.0,12:27:37.677273
81.0,-557.0,840.0,12:27:37.687672
-132.0,-618.0,979.0,12:27:37.697030
-22.0,-667.0,985.0,12:27:37.707508
54.0,-586.0,948.0,12:27:37.717013
-46.0,-349.0,552.0,12:27:37.726281
107.0,-210.0,554.0,12:27:37.736738
-44.0,-759.0,1634.0,12:27:37.746030
-54.0,-562.0,1003.0,12:27:37.756528
-27.0,-526.0,613.0,12:27:37.765824
74.0,-572.0,877.0,12:27:37.776359
-99.0,-591.0,1260.0,12:27:37.786661
175.0,-497.0,787.0,12:27:37.795880
-129.0,-321.0,533.0,12:27:37.805231
103.0,-394.0,873.0,12:27:37.815743
-65.0,-663.0,1323.0,12:27:37.825146
28.0,-336.0,646.0,12:27:37.835654
-43.0,-423.0,672.0,12:27:37.845087
-123.0,-766.0,1408.0,12:27:37.854438
91.0,-590.0,1047.0,12:27:37.865027
55.0,-647.0,903.0,12:27:37.874412
8.0,-553.0,661.0,12:27:37.884830
67.0,-562.0,858.0,12:27:37.894181
-36.0,-523.0,861.0,12:27:37.904640
14.0,-370.0,684.0,12:27:37.914114
107.0,-493.0,815.0,12:27:37.924461
-176.0,-278.0,861.0,12:27:37.933768
89.0,-607.0,1503.0,12:27:37.944186
77.0,-515.0,684.0,12:27:37.953518
101.0,-448.0,638.0,12:27:37.962865
-44.0,-457.0,1168.0,12:27:37.973336
-121.0,-404.0,948.0,12:27:37.982685
211.0,-548.0,893.0,12:27:37.993156
-130.0,-443.0,1108.0,12:27:38.002410
104.0,-664.0,987.0,12:27:38.013007
68.0,-619.0,947.0,12:27:38.022332
82.0,-394.0,800.0,12:27:38.031820
-86.0,-490.0,1203.0,12:27:38.042284
69.0,-303.0,725.0,12:27:38.051560
161.0,-516.0,865.0,12:27:38.062163
-46.0,-471.0,804.0,12:27:38.071431
178.0,-309.0,362.0,12:27:38.081903
128.0,-456.0,1000.0,12:27:38.091171
-53.0,-482.0,1317.0,12:27:38.101795
119.0,-625.0,1183.0,12:27:38.111023
126.0,-502.0,532.0,12:27:38.121505
-41.0,-610.0,1123.0,12:27:38.130873
97.0,-624.0,1198.0,12:27:38.140341
168.0,-271.0,344.0,12:27:38.150836
-131.0,-122.0,488.0,12:27:38.160161
68.0,-1083.0,2047.0,12:27:38.170760
97.0,-833.0,1303.0,12:27:38.188180
-229.0,-669.0,415.0,12:27:38.191849
-35.0,-733.0,956.0,12:27:38.200060
-33.0,-623.0,977.0,12:27:38.209432
122.0,-283.0,720.0,12:27:38.219967
25.0,-279.0,651.0,12:27:38.229375
-86.0,-534.0,864.0,12:27:38.239882
19.0,-451.0,1064.0,12:27:38.249153
54.0,-298.0,731.0,12:27:38.258554
-40.0,-454.0,870.0,12:27:38.268982
-8.0,-557.0,1008.0,12:27:38.278307
51.0,-391.0,863.0,12:27:38.288688
89.0,-473.0,875.0,12:27:38.298095
33.0,-684.0,1058.0,12:27:38.308597
20.0,-587.0,1129.0,12:27:38.317953
15.0,-440.0,672.0,12:27:38.328513
-23.0,-689.0,799.0,12:27:38.337969
-47.0,-414.0,764.0,12:27:38.347289
142.0,-582.0,853.0,12:27:38.357812
-158.0,-388.0,877.0,12:27:38.367091
-51.0,-531.0,1036.0,12:27:38.377591
196.0,-453.0,427.0,12:27:38.387033
-143.0,-317.0,723.0,12:27:38.397534
-31.0,-188.0,754.0,12:27:38.406877
-138.0,-520.0,1331.0,12:27:38.416322
21.0,-515.0,811.0,12:27:38.426781
77.0,-259.0,539.0,12:27:38.436086
-59.0,-597.0,1598.0,12:27:38.446505
227.0,-696.0,1178.0,12:27:38.455922
74.0,-380.0,447.0,12:27:38.466308
-78.0,-385.0,944.0,12:27:38.475639
77.0,-688.0,1066.0,12:27:38.486061
192.0,-511.0,313.0,12:27:38.495411
61.0,-439.0,761.0,12:27:38.505801
41.0,-304.0,1263.0,12:27:38.515266
93.0,-550.0,1317.0,12:27:38.525665
-39.0,-500.0,1049.0,12:27:38.535132
-47.0,-649.0,1393.0,12:27:38.544391
234.0,-568.0,745.0,12:27:38.554959
258.0,-669.0,767.0,12:27:38.564186
-42.0,-362.0,913.0,12:27:38.574792
50.0,-353.0,1132.0,12:27:38.584153
55.0,-521.0,904.0,12:27:38.594648
38.0,-496.0,891.0,12:27:38.604025
22.0,-705.0,1125.0,12:27:38.613496
130.0,-429.0,797.0,12:27:38.624035
104.0,-681.0,1138.0,12:27:38.633417
258.0,-508.0,856.0,12:27:38.644029
45.0,-736.0,919.0,12:27:38.653408
93.0,-487.0,632.0,12:27:38.662679
49.0,-456.0,956.0,12:27:38.673107
-14.0,-506.0,885.0,12:27:38.682451
81.0,-628.0,670.0,12:27:38.692942
-74.0,-694.0,1294.0,12:27:38.702237
12.0,-475.0,794.0,12:27:38.712747
57.0,-627.0,1081.0,12:27:38.722071
14.0,-623.0,921.0,12:27:38.732559
-6.0,-508.0,434.0,12:27:38.741888
141.0,-466.0,1044.0,12:27:38.752301
-93.0,-601.0,1088.0,12:27:38.761698
76.0,-632.0,740.0,12:27:38.771199
35.0,-494.0,718.0,12:27:38.781714
25.0,-568.0,1215.0,12:27:38.791031
117.0,-651.0,1308.0,12:27:38.801454
-89.0,-458.0,546.0,12:27:38.810787
60.0,-535.0,749.0,12:27:38.821270
-174.0,-121.0,830.0,12:27:38.830623
-55.0,-454.0,1223.0,12:27:38.841149
36.0,-598.0,1090.0,12:27:38.850764
112.0,-687.0,531.0,12:27:38.860030
-110.0,-294.0,840.0,12:27:38.870554
-106.0,-596.0,1725.0,12:27:38.879863
204.0,-416.0,868.0,12:27:38.890332
65.0,-601.0,883.0,12:27:38.899637
6.0,-365.0,539.0,12:27:38.910056
-199.0,-619.0,1334.0,12:27:38.919448
122.0,-503.0,1001.0,12:27:38.928762
30.0,-459.0,720.0,12:27:38.939193
45.0,-589.0,1158.0,12:27:38.948557
26.0,-590.0,1187.0,12:27:38.959031
152.0,-442.0,451.0,12:27:38.968340
-67.0,-331.0,712.0,12:27:38.978744
-42.0,-586.0,1069.0,12:27:38.989800
-202.0,-190.0,720.0,12:27:38.998058
-176.0,-858.0,2008.0,12:27:39.008669
141.0,-323.0,120.0,12:27:39.017965
153.0,-498.0,563.0,12:27:39.027416
-98.0,-669.0,1135.0,12:27:39.037833
-31.0,-123.0,447.0,12:27:39.047311
-144.0,-557.0,1571.0,12:27:39.057831
91.0,-859.0,1000.0,12:27:39.067304
59.0,-316.0,-359.0,12:27:39.077760
54.0,-332.0,1492.0,12:27:39.087195
193.0,-592.0,1841.0,12:27:39.096543
41.0,-585.0,556.0,12:27:39.107054
137.0,-862.0,771.0,12:27:39.116334
-1.0,-682.0,841.0,12:27:39.126987
-31.0,-278.0,753.0,12:27:39.136347
-129.0,-443.0,1415.0,12:27:39.145682
-57.0,-566.0,762.0,12:27:39.156145
-22.0,-574.0,466.0,12:27:39.165539
-133.0,-580.0,989.0,12:27:39.175954
-47.0,-501.0,1228.0,12:27:39.185298
-253.0,-396.0,819.0,12:27:39.195715
-39.0,-503.0,688.0,12:27:39.205186
-83.0,-361.0,506.0,12:27:39.215624
-93.0,-513.0,1541.0,12:27:39.225021
-107.0,-509.0,1160.0,12:27:39.234346
83.0,-731.0,766.0,12:27:39.244917
35.0,-578.0,749.0,12:27:39.254182
102.0,-430.0,1018.0,12:27:39.264644
-3.0,-696.0,1362.0,12:27:39.274010
262.0,-646.0,587.0,12:27:39.284499
-32.0,-221.0,462.0,12:27:39.293787
267.0,-442.0,832.0,12:27:39.304273
21.0,-525.0,1166.0,12:27:39.313512
53.0,-448.0,805.0,12:27:39.324131
131.0,-493.0,887.0,12:27:39.333347
-27.0,-490.0,803.0,12:27:39.343807
4.0,-239.0,896.0,12:27:39.353117
-51.0,-461.0,1287.0,12:27:39.362464
214.0,-705.0,753.0,12:27:39.372943
113.0,-584.0,1017.0,12:27:39.389613
41.0,-352.0,793.0,12:27:39.392261
50.0,-317.0,736.0,12:27:39.402294
122.0,-527.0,1059.0,12:27:39.411739
-102.0,-484.0,963.0,12:27:39.422110
33.0,-444.0,321.0,12:27:39.431381
71.0,-461.0,1169.0,12:27:39.441852
110.0,-488.0,1375.0,12:27:39.451189
154.0,-719.0,1377.0,12:27:39.461760
152.0,-693.0,855.0,12:27:39.471025
246.0,-480.0,250.0,12:27:39.481465
121.0,-308.0,1039.0,12:27:39.490876
-68.0,-261.0,995.0,12:27:39.501294
-46.0,-323.0,1019.0,12:27:39.510765
-1.0,-500.0,1057.0,12:27:39.520161
47.0,-491.0,507.0,12:27:39.530666
17.0,-168.0,685.0,12:27:39.540059
117.0,-782.0,1655.0,12:27:39.550550
-3.0,-284.0,217.0,12:27:39.559943
-21.0,-402.0,897.0,12:27:39.570333
123.0,-789.0,1321.0,12:27:39.579734
-27.0,-275.0,574.0,12:27:39.590154
-77.0,-815.0,1282.0,12:27:39.599557
188.0,-494.0,787.0,12:27:39.608866
185.0,3.0,27.0,12:27:39.619560
79.0,-703.0,1682.0,12:27:39.628793
21.0,-632.0,1457.0,12:27:39.639401
108.0,-734.0,673.0,12:27:39.648698
251.0,-451.0,166.0,12:27:39.659141
185.0,-608.0,1338.0,12:27:39.668542
84.0,-471.0,1212.0,12:27:39.677954
-217.0,-662.0,1122.0,12:27:39.688452
17.0,-444.0,597.0,12:27:39.697846
104.0,-631.0,1251.0,12:27:39.708302
242.0,-473.0,783.0,12:27:39.717637
-57.0,-557.0,712.0,12:27:39.728123
-4.0,-65.0,28.0,12:27:39.737545
-129.0,-134.0,872.0,12:27:39.746851
181.0,-771.0,1915.0,12:27:39.757476
-4.0,-719.0,1541.0,12:27:39.766719
74.0,-835.0,820.0,12:27:39.777245
339.0,-728.0,636.0,12:27:39.786661
301.0,-508.0,1110.0,12:27:39.797102
1.0,-369.0,550.0,12:27:39.806458
-132.0,-233.0,545.0,12:27:39.816852
-7.0,-638.0,1090.0,12:27:39.826302
-60.0,-369.0,741.0,12:27:39.835662
84.0,-623.0,1086.0,12:27:39.846208
-14.0,-444.0,547.0,12:27:39.855482
84.0,-254.0,940.0,12:27:39.866076
86.0,-496.0,1458.0,12:27:39.875323
-12.0,-801.0,1111.0,12:27:39.885768
84.0,-428.0,552.0,12:27:39.895231
200.0,-451.0,731.0,12:27:39.904643
92.0,-481.0,1100.0,12:27:39.915102
47.0,-503.0,646.0,12:27:39.924422
-18.0,-378.0,538.0,12:27:39.934812
-130.0,-426.0,1081.0,12:27:39.944180
124.0,-644.0,1232.0,12:27:39.954637
153.0,-370.0,500.0,12:27:39.964141
198.0,-432.0,549.0,12:27:39.974602
-23.0,-364.0,950.0,12:27:39.984103
-94.0,-697.0,1794.0,12:27:39.993540
-10.0,-964.0,1531.0,12:27:40.004072
223.0,-368.0,-108.0,12:27:40.013378
28.0,-532.0,1090.0,12:27:40.022846
-81.0,-720.0,1819.0,12:27:40.033268
24.0,-684.0,763.0,12:27:40.042781
-227.0,-113.0,18.0,12:27:40.053198
155.0,-806.0,1839.0,12:27:40.062633
139.0,-519.0,1398.0,12:27:40.073044
27.0,-791.0,570.0,12:27:40.082337
66.0,-605.0,308.0,12:27:40.092858
149.0,-657.0,1360.0,12:27:40.102154
-10.0,-224.0,818.0,12:27:40.112603
-272.0,-197.0,1140.0,12:27:40.121925
3.0,-357.0,873.0,12:27:40.131297
-149.0,-302.0,772.0,12:27:40.141799
-208.0,-413.0,985.0,12:27:40.151199
13.0,-250.0,408.0,12:27:40.161828
107.0,-507.0,1284.0,12:27:40.171219
122.0,-598.0,1111.0,12:27:40.180560
-19.0,-426.0,271.0,12:27:40.193260
57.0,-559.0,1006.0,12:27:40.200663
31.0,-603.0,1378.0,12:27:40.211035
51.0,-415.0,765.0,12:27:40.220387
99.0,-702.0,1072.0,12:27:40.230837
169.0,-492.0,536.0,12:27:40.240195
82.0,-483.0,762.0,12:27:40.250651
-24.0,-335.0,847.0,12:27:40.260011
-59.0,-356.0,629.0,12:27:40.269354
63.0,-590.0,1147.0,12:27:40.279834
-65.0,-328.0,1149.0,12:27:40.289159
122.0,-931.0,1626.0,12:27:40.299818
202.0,-551.0,471.0,12:27:40.309130
78.0,-525.0,980.0,12:27:40.318500
43.0,-218.0,690.0,12:27:40.328917
142.0,-357.0,1116.0,12:27:40.338350
47.0,-239.0,321.0,12:27:40.348733
-227.0,-747.0,1389.0,12:27:40.358006
-53.0,-224.0,1079.0,12:27:40.368587
11.0,-380.0,704.0,12:27:40.377901
269.0,-534.0,1277.0,12:27:40.388366
179.0,-707.0,1653.0,12:27:40.397624
149.0,-520.0,541.0,12:27:40.408166
201.0,-524.0,569.0,12:27:40.417607
179.0,-240.0,801.0,12:27:40.426915
229.0,-299.0,945.0,12:27:40.437372
9.0,-231.0,776.0,12:27:40.446810
-37.0,-666.0,985.0,12:27:40.457339
6.0,-720.0,1232.0,12:27:40.466704
13.0,-217.0,785.0,12:27:40.477135
45.0,-449.0,976.0,12:27:40.486599
120.0,-819.0,1230.0,12:27:40.496990
271.0,-690.0,410.0,12:27:40.506393
114.0,-600.0,553.0,12:27:40.515747
-83.0,-644.0,1259.0,12:27:40.526352
172.0,-500.0,658.0,12:27:40.535667
-76.0,-602.0,590.0,12:27:40.546292
-168.0,-605.0,1033.0,12:27:40.555558
-5.0,-821.0,1348.0,12:27:40.564954
-162.0,-420.0,887.0,12:27:40.575376
46.0,-827.0,900.0,12:27:40.584729
41.0,-701.0,846.0,12:27:40.598529
90.0,-461.0,599.0,12:27:40.604432
-56.0,-585.0,1006.0,12:27:40.615002
132.0,-536.0,800.0,12:27:40.624289
34.0,-488.0,932.0,12:27:40.634713
-176.0,-258.0,671.0,12:27:40.644110
65.0,-461.0,949.0,12:27:40.654627
-251.0,-57.0,795.0,12:27:40.663871
-49.0,-681.0,1635.0,12:27:40.674262
46.0,-717.0,906.0,12:27:40.683629
-69.0,-361.0,361.0,12:27:40.694098
-113.0,-860.0,1618.0,12:27:40.703448
-53.0,-313.0,974.0,12:27:40.712784
172.0,-255.0,341.0,12:27:40.723267
69.0,-764.0,1283.0,12:27:40.732532
13.0,-559.0,1382.0,12:27:40.743029
344.0,-659.0,590.0,12:27:40.752292
-118.0,-326.0,773.0,12:27:40.762893
106.0,-469.0,987.0,12:27:40.772137
-8.0,-550.0,767.0,12:27:40.782701
30.0,-221.0,174.0,12:27:40.792024
-121.0,-478.0,1503.0,12:27:40.802558
9.0,-327.0,781.0,12:27:40.811890
-84.0,-412.0,839.0,12:27:40.821226
77.0,-582.0,864.0,12:27:40.831731
206.0,-186.0,633.0,12:27:40.841216
-40.0,-357.0,1126.0,12:27:40.851683
-32.0,-400.0,1056.0,12:27:40.861117
108.0,-481.0,1104.0,12:27:40.870634
104.0,-1258.0,1659.0,12:27:40.881239
312.0,-629.0,722.0,12:27:40.890692
131.0,-614.0,753.0,12:27:40.900087
-171.0,-221.0,701.0,12:27:40.910599
168.0,-328.0,731.0,12:27:40.919967
-97.0,-657.0,1042.0,12:27:40.930398
-108.0,-273.0,433.0,12:27:40.939732
-102.0,-497.0,1086.0,12:27:40.950164
-178.0,-509.0,1083.0,12:27:40.959558
60.0,-191.0,599.0,12:27:40.969968
-118.0,-158.0,1014.0,12:27:40.979392
-75.0,-1046.0,1958.0,12:27:40.988786
117.0,-569.0,299.0,12:27:40.999484
-165.0,-869.0,1028.0,12:27:41.008782
5.0,-494.0,1132.0,12:27:41.019190
-121.0,-543.0,1512.0,12:27:41.028587
247.0,-1009.0,626.0,12:27:41.038011
236.0,-973.0,16.0,12:27:41.048566
-144.0,-172.0,436.0,12:27:41.057898
-96.0,-507.0,1467.0,12:27:41.068479
-51.0,-316.0,1083.0,12:27:41.077763
-6.0,-244.0,568.0,12:27:41.088223
-93.0,-488.0,730.0,12:27:41.097461
98.0,83.0,807.0,12:27:41.107973
-84.0,-590.0,1701.0,12:27:41.117269
84.0,-282.0,852.0,12:27:41.127763
82.0,-655.0,1187.0,12:27:41.137029
102.0,-590.0,1000.0,12:27:41.147527
233.0,-848.0,1047.0,12:27:41.156821
237.0,-130.0,-71.0,12:27:41.166247
-57.0,-137.0,1087.0,12:27:41.176621
-7.0,-926.0,1505.0,12:27:41.186154
75.0,-9.0,-951.0,12:27:41.196561
-191.0,-536.0,1333.0,12:27:41.205984
-55.0,-863.0,2047.0,12:27:41.216538
-16.0,-500.0,234.0,12:27:41.225953
-162.0,-250.0,-39.0,12:27:41.235221
307.0,-452.0,1697.0,12:27:41.245619
197.0,-515.0,1355.0,12:27:41.254955
277.0,-692.0,406.0,12:27:41.265383
173.0,-465.0,602.0,12:27:41.274697
-100.0,-614.0,988.0,12:27:41.285240
92.0,-2.0,204.0,12:27:41.294623
-129.0,-201.0,1039.0,12:27:41.305192
-25.0,-397.0,869.0,12:27:41.314622
-273.0,-1179.0,2047.0,12:27:41.324041
126.0,-1037.0,1778.0,12:27:41.334594
313.0,-521.0,609.0,12:27:41.343999
506.0,-1307.0,1881.0,12:27:41.354415
157.0,-525.0,588.0,12:27:41.363677
196.0,-373.0,-395.0,12:27:41.374177
11.0,-464.0,378.0,12:27:41.383439
-284.0,-590.0,1781.0,12:27:41.396495
-251.0,33.0,930.0,12:27:41.402810
-57.0,-349.0,313.0,12:27:41.413271
178.0,-413.0,488.0,12:27:41.422661
72.0,-204.0,1108.0,12:27:41.433057
-120.0,-19.0,873.0,12:27:41.442411
44.0,-357.0,377.0,12:27:41.452884
132.0,-692.0,1154.0,12:27:41.462279
211.0,-397.0,913.0,12:27:41.472749
90.0,89.0,544.0,12:27:41.482168
-113.0,-488.0,1595.0,12:27:41.491485
-177.0,-920.0,1493.0,12:27:41.502069
294.0,-569.0,-149.0,12:27:41.511375
-1.0,-462.0,787.0,12:27:41.521896
3.0,-527.0,1394.0,12:27:41.531145
214.0,-677.0,325.0,12:27:41.541747
-131.0,-256.0,182.0,12:27:41.550975
-161.0,-828.0,1621.0,12:27:41.561443
-20.0,-633.0,1560.0,12:27:41.570744
-84.0,-1285.0,1984.0,12:27:41.580198
133.0,-669.0,6.0,12:27:41.590688
41.0,-652.0,483.0,12:27:41.600091
-241.0,-259.0,864.0,12:27:41.610660
-6.0,-486.0,853.0,12:27:41.620004
-236.0,-263.0,474.0,12:27:41.630548
-111.0,-597.0,1021.0,12:27:41.639937
-95.0,-682.0,865.0,12:27:41.649334
132.0,-250.0,748.0,12:27:41.659907
31.0,-73.0,1441.0,12:27:41.669151
-33.0,-109.0,1332.0,12:27:41.679692
190.0,-78.0,460.0,12:27:41.689002
-27.0,-258.0,1106.0,12:27:41.699600
15.0,-141.0,728.0,12:27:41.708949
-130.0,-4.0,716.0,12:27:41.718244
58.0,-875.0,2047.0,12:27:41.728786
234.0,-597.0,523.0,12:27:41.738197
22.0,-709.0,553.0,12:27:41.748632
-71.0,-731.0,866.0,12:27:41.758001
-121.0,-455.0,870.0,12:27:41.767543
12.0,-958.0,1592.0,12:27:41.778033
67.0,-840.0,672.0,12:27:41.787423
89.0,-1054.0,768.0,12:27:41.797971
15.0,-676.0,737.0,12:27:41.807690
295.0,-861.0,1120.0,12:27:41.817073
41.0,-496.0,871.0,12:27:41.827451
292.0,-631.0,372.0,12:27:41.836833
147.0,-554.0,850.0,12:27:41.847323
50.0,-432.0,991.0,12:27:41.856743
71.0,-583.0,1578.0,12:27:41.865984
5.0,-629.0,1119.0,12:27:41.876493
174.0,-360.0,152.0,12:27:41.885777
300.0,-675.0,1048.0,12:27:41.896344
29.0,-205.0,951.0,12:27:41.905641
-136.0,-286.0,1504.0,12:27:41.916019
-69.0,-221.0,669.0,12:27:41.925352
-60.0,-293.0,857.0,12:27:41.935859
55.0,-803.0,2047.0,12:27:41.945216
-63.0,-561.0,1110.0,12:27:41.955602
196.0,-968.0,944.0,12:27:41.965049
94.0,-696.0,892.0,12:27:41.974382
121.0,-411.0,852.0,12:27:41.984823
232.0,-737.0,1402.0,12:27:41.994141
-55.0,-439.0,427.0,12:27:42.004726
58.0,-713.0,648.0,12:27:42.014061
-65.0,-668.0,1659.0,12:27:42.024581
62.0,-701.0,962.0,12:27:42.033938
58.0,-491.0,-38.0,12:27:42.044396
184.0,-690.0,1071.0,12:27:42.053678
86.0,-515.0,773.0,12:27:42.064145
29.0,-218.0,446.0,12:27:42.073348
-2.0,-447.0,1074.0,12:27:42.082805
49.0,-704.0,805.0,12:27:42.093209
-15.0,-343.0,135.0,12:27:42.102544
59.0,-155.0,1155.0,12:27:42.112999
26.0,-575.0,2047.0,12:27:42.122359
233.0,-447.0,638.0,12:27:42.132740
211.0,-801.0,1097.0,12:27:42.142067
238.0,-282.0,619.0,12:27:42.152507
94.0,-307.0,1151.0,12:27:42.161787
-78.0,-285.0,617.0,12:27:42.172309
-320.0,-57.0,139.0,12:27:42.181662
-203.0,-235.0,1222.0,12:27:42.192334
-379.0,-261.0,1239.0,12:27:42.201746
94.0,-476.0,649.0,12:27:42.211074
-395.0,-234.0,1247.0,12:27:42.221729
-172.0,-390.0,1023.0,12:27:42.231117
144.0,-585.0,772.0,12:27:42.241615
-59.0,-255.0,402.0,12:27:42.251073
-182.0,-97.0,151.0,12:27:42.260385
-133.0,-93.0,320.0,12:27:42.270982
-11.0,-597.0,2047.0,12:27:42.280349
233.0,-1117.0,118.0,12:27:42.299975
137.0,-779.0,332.0,12:27:42.310541
491.0,-982.0,1751.0,12:27:42.319855
469.0,-580.0,758.0,12:27:42.330213
210.0,50.0,-342.0,12:27:42.339610
-41.0,-822.0,1527.0,12:27:42.348910
200.0,-196.0,474.0,12:27:42.359463
-36.0,-365.0,1245.0,12:27:42.368722
-232.0,-357.0,1733.0,12:27:42.379364
169.0,-296.0,944.0,12:27:42.388742
65.0,-486.0,431.0,12:27:42.399228
-64.0,-470.0,1083.0,12:27:42.408663
217.0,-219.0,1048.0,12:27:42.418020
41.0,-298.0,575.0,12:27:42.428514
99.0,-254.0,287.0,12:27:42.437795
-116.0,-763.0,1258.0,12:27:42.448254
-74.0,-689.0,1312.0,12:27:42.457555
43.0,-558.0,736.0,12:27:42.468007
14.0,-416.0,845.0,12:27:42.477522
251.0,-677.0,1237.0,12:27:42.486950
277.0,-693.0,544.0,12:27:42.497417
185.0,-517.0,233.0,12:27:42.506817
-25.0,-601.0,1028.0,12:27:42.517318
71.0,-925.0,1394.0,12:27:42.526667
84.0,-603.0,367.0,12:27:42.537034
-3.0,-515.0,558.0,12:27:42.546409
3.0,-585.0,964.0,12:27:42.556801
16.0,-505.0,950.0,12:27:42.566393
-131.0,-499.0,844.0,12:27:42.575726
-61.0,-694.0,643.0,12:27:42.586285
32.0,-541.0,760.0,12:27:42.595599
-177.0,-750.0,1108.0,12:27:42.606224
135.0,-857.0,608.0,12:27:42.615585
146.0,-378.0,539.0,12:27:42.624943
-78.0,16.0,1097.0,12:27:42.635368
-297.0,-43.0,1266.0,12:27:42.644756
-53.0,-447.0,1024.0,12:27:42.655197
-22.0,-347.0,963.0,12:27:42.664503
-42.0,-679.0,1378.0,12:27:42.675195
-25.0,-493.0,1540.0,12:27:42.684596
-52.0,-763.0,1688.0,12:27:42.693925
196.0,-514.0,606.0,12:27:42.704562
61.0,-841.0,957.0,12:27:42.713872
97.0,-242.0,358.0,12:27:42.724436
51.0,-222.0,1299.0,12:27:42.733696
-74.0,-581.0,1071.0,12:27:42.744202
-139.0,-712.0,455.0,12:27:42.753502
102.0,-421.0,40.0,12:27:42.762921
-353.0,-150.0,601.0,12:27:42.773370
-193.0,-520.0,1684.0,12:27:42.782695
125.0,-1303.0,1589.0,12:27:42.793157
-331.0,-704.0,206.0,12:27:42.802480
-62.0,-562.0,636.0,12:27:42.812977
-71.0,-538.0,1100.0,12:27:42.822281
-16.0,-106.0,286.0,12:27:42.832920
-46.0,-312.0,480.0,12:27:42.842209
-45.0,-391.0,1184.0,12:27:42.852658
120.0,-276.0,896.0,12:27:42.862006
124.0,-531.0,1519.0,12:27:42.871425
111.0,-664.0,1493.0,12:27:42.881826
323.0,-476.0,507.0,12:27:42.891178
136.0,-310.0,676.0,12:27:42.901687
71.0,-127.0,667.0,12:27:42.911072
-80.0,-372.0,1198.0,12:27:42.921442
54.0,-536.0,1023.0,12:27:42.930808
-52.0,-858.0,1204.0,12:27:42.941214
309.0,-692.0,941.0,12:27:42.950620
-46.0,-357.0,911.0,12:27:42.961088
95.0,-695.0,1361.0,12:27:42.970362
168.0,-339.0,497.0,12:27:42.980787
183.0,-664.0,625.0,12:27:42.990112
250.0,-252.0,650.0,12:27:43.001950
65.0,-41.0,852.0,12:27:43.009564
102.0,-402.0,925.0,12:27:43.019995
45.0,-99.0,600.0,12:27:43.029399
86.0,-373.0,1582.0,12:27:43.039910
-98.0,-394.0,1282.0,12:27:43.049376
148.0,-460.0,1129.0,12:27:43.058714
190.0,-489.0,877.0,12:27:43.069411
126.0,-636.0,982.0,12:27:43.078638
240.0,-568.0,793.0,12:27:43.089195
163.0,-311.0,309.0,12:27:43.098573
-87.0,-762.0,1288.0,12:27:43.108009
54.0,-705.0,750.0,12:27:43.118633
52.0,-660.0,814.0,12:27:43.127974
42.0,-416.0,795.0,12:27:43.137437
-158.0,-494.0,1307.0,12:27:43.147932
-42.0,-747.0,1767.0,12:27:43.157296
329.0,-1229.0,1590.0,12:27:43.167738
300.0,-771.0,156.0,12:27:43.177086
568.0,-456.0,988.0,12:27:43.187497
-47.0,-611.0,1500.0,12:27:43.196897
247.0,-576.0,136.0,12:27:43.207412
-1.0,-354.0,12.0,12:27:43.216862
-155.0,-276.0,823.0,12:27:43.226255
-18.0,-154.0,953.0,12:27:43.236755
-126.0,-306.0,1095.0,12:27:43.246058
-90.0,-340.0,426.0,12:27:43.256575
67.0,-311.0,483.0,12:27:43.265890
-94.0,-538.0,1814.0,12:27:43.276409
83.0,-279.0,974.0,12:27:43.285714
23.0,-402.0,822.0,12:27:43.295242
52.0,-764.0,1098.0,12:27:43.305736
-44.0,-790.0,984.0,12:27:43.315151
138.0,-563.0,284.0,12:27:43.325659
-70.0,-539.0,1090.0,12:27:43.335203
-72.0,-1003.0,1511.0,12:27:43.344598
69.0,-910.0,378.0,12:27:43.355074
27.0,-628.0,332.0,12:27:43.364413
-218.0,-1123.0,2047.0,12:27:43.374816
64.0,-453.0,564.0,12:27:43.384178
10.0,-673.0,511.0,12:27:43.394540
-365.0,-751.0,942.0,12:27:43.403978
-48.0,-333.0,342.0,12:27:43.414385
-230.0,-387.0,1329.0,12:27:43.423654
9.0,-622.0,1407.0,12:27:43.434178
-154.0,-426.0,646.0,12:27:43.443485
-46.0,-49.0,-101.0,12:27:43.452868
-295.0,-88.0,573.0,12:27:43.463331
-4.0,-322.0,1842.0,12:27:43.472679
149.0,-521.0,595.0,12:27:43.483085
-247.0,92.0,706.0,12:27:43.492417
-90.0,-104.0,1148.0,12:27:43.502902
157.0,84.0,736.0,12:27:43.512337
-93.0,-486.0,1950.0,12:27:43.522701
199.0,-929.0,1874.0,12:27:43.532015
296.0,-864.0,661.0,12:27:43.542475
172.0,-677.0,756.0,12:27:43.551910
205.0,-572.0,1455.0,12:27:43.562319
148.0,-393.0,495.0,12:27:43.571775
75.0,-431.0,241.0,12:27:43.581192
-158.0,-719.0,1230.0,12:27:43.591794
-87.0,-559.0,788.0,12:27:43.601163
30.0,-618.0,1073.0,12:27:43.610528
11.0,-660.0,949.0,12:27:43.621133
94.0,-550.0,480.0,12:27:43.630459
128.0,-621.0,823.0,12:27:43.640945
156.0,-72.0,53.0,12:27:43.650259
28.0,-285.0,1047.0,12:27:43.660751
-42.0,-929.0,1858.0,12:27:43.670014
-8.0,-953.0,871.0,12:27:43.680575
21.0,-303.0,339.0,12:27:43.689890
179.0,-736.0,2047.0,12:27:43.699352
82.0,-573.0,1147.0,12:27:43.709853
312.0,63.0,-280.0,12:27:43.719151
-68.0,-638.0,1595.0,12:27:43.729842
147.0,-686.0,1563.0,12:27:43.739075
86.0,-404.0,665.0,12:27:43.749573
40.0,-776.0,1292.0,12:27:43.758888
256.0,-804.0,1228.0,12:27:43.768224
-1.0,-84.0,-66.0,12:27:43.778678
-107.0,-153.0,1269.0,12:27:43.788020
89.0,-613.0,1139.0,12:27:43.802785
228.0,-521.0,90.0,12:27:43.808153
-117.0,-455.0,1050.0,12:27:43.818227
-94.0,-543.0,1062.0,12:27:43.827540
-152.0,-413.0,843.0,12:27:43.837957
-37.0,-657.0,905.0,12:27:43.847334
-89.0,-758.0,403.0,12:27:43.857839
-15.0,-566.0,538.0,12:27:43.867059
-212.0,-493.0,1632.0,12:27:43.877491
-50.0,-397.0,1214.0,12:27:43.886856
235.0,-508.0,5.0,12:27:43.896396
-106.0,-371.0,256.0,12:27:43.906889
314.0,-642.0,1485.0,12:27:43.916247
93.0,-501.0,1551.0,12:27:43.926807
-65.0,-687.0,847.0,12:27:43.936167
209.0,-734.0,444.0,12:27:43.946635
138.0,-681.0,1175.0,12:27:43.955890
176.0,-613.0,831.0,12:27:43.966423
-12.0,-549.0,956.0,12:27:43.975658
-154.0,-455.0,825.0,12:27:43.985199
-131.0,-555.0,530.0,12:27:43.995632
-339.0,-219.0,936.0,12:27:44.005109
-450.0,-361.0,1275.0,12:27:44.015665
-162.0,-599.0,1113.0,12:27:44.025186
-210.0,-757.0,1624.0,12:27:44.034564
-158.0,-254.0,434.0,12:27:44.045252
23.0,-659.0,1511.0,12:27:44.054550
80.0,-557.0,846.0,12:27:44.063934
296.0,24.0,62.0,12:27:44.074333
-60.0,-317.0,1560.0,12:27:44.083649
151.0,-437.0,845.0,12:27:44.094110
169.0,-227.0,114.0,12:27:44.103424
111.0,-492.0,1422.0,12:27:44.113964
242.0,-374.0,1009.0,12:27:44.123287
139.0,-925.0,1311.0,12:27:44.133735
169.0,-271.0,618.0,12:27:44.143068
-10.0,-602.0,933.0,12:27:44.153668
88.0,-434.0,801.0,12:27:44.162989
134.0,-304.0,1180.0,12:27:44.172351
-132.0,-834.0,1931.0,12:27:44.182828
178.0,-1146.0,1494.0,12:27:44.192240
399.0,-641.0,119.0,12:27:44.204490
106.0,-655.0,1248.0,12:27:44.211815
216.0,-387.0,960.0,12:27:44.222428
398.0,-188.0,-160.0,12:27:44.231745
-128.0,-348.0,603.0,12:27:44.242295
272.0,-257.0,762.0,12:27:44.251592
-204.0,-369.0,892.0,12:27:44.262044
-63.0,-367.0,1385.0,12:27:44.271311
-207.0,-604.0,1242.0,12:27:44.280763
66.0,-374.0,621.0,12:27:44.291102
90.0,-341.0,711.0,12:27:44.300429
41.0,-375.0,870.0,12:27:44.310923
-24.0,-382.0,1016.0,12:27:44.320254
115.0,-305.0,235.0,12:27:44.330718
-63.0,-490.0,1019.0,12:27:44.340087
-41.0,-743.0,1532.0,12:27:44.350687
-124.0,-526.0,891.0,12:27:44.360000
15.0,-440.0,688.0,12:27:44.370740
9.0,-505.0,980.0,12:27:44.380139
109.0,-290.0,813.0,12:27:44.389574
138.0,-574.0,1085.0,12:27:44.399920
170.0,-508.0,893.0,12:27:44.409406
-23.0,-696.0,1027.0,12:27:44.419747
125.0,-491.0,849.0,12:27:44.429158
127.0,-685.0,1062.0,12:27:44.438612
-66.0,-474.0,905.0,12:27:44.449069
49.0,-489.0,755.0,12:27:44.458448
91.0,-463.0,484.0,12:27:44.469012
43.0,-270.0,936.0,12:27:44.478340
-10.0,-436.0,1238.0,12:27:44.487731
13.0,-623.0,839.0,12:27:44.498192
98.0,-422.0,671.0,12:27:44.507535
21.0,-283.0,922.0,12:27:44.517972
11.0,-345.0,1315.0,12:27:44.527308
6.0,-258.0,1411.0,12:27:44.537847
32.0,-406.0,1040.0,12:27:44.547117
52.0,-649.0,750.0,12:27:44.557600
154.0,-632.0,964.0,12:27:44.566862
-18.0,-465.0,1015.0,12:27:44.577477
33.0,-556.0,1062.0,12:27:44.586730
207.0,-866.0,1086.0,12:27:44.606388
82.0,-525.0,867.0,12:27:44.616865
160.0,-407.0,658.0,12:27:44.626238
159.0,-649.0,1081.0,12:27:44.635597
-42.0,-292.0,318.0,12:27:44.645989
133.0,-332.0,383.0,12:27:44.655365
16.0,-503.0,1129.0,12:27:44.665762
83.0,-676.0,1025.0,12:27:44.675129
78.0,-436.0,486.0,12:27:44.685553
116.0,-428.0,670.0,12:27:44.694927
-150.0,-331.0,959.0,12:27:44.705330
81.0,-472.0,702.0,12:27:44.714645
-168.0,-746.0,1451.0,12:27:44.725199
33.0,-766.0,1452.0,12:27:44.734500
205.0,-1042.0,1070.0,12:27:44.744939
115.0,-707.0,753.0,12:27:44.754275
113.0,-598.0,850.0,12:27:44.763666
-50.0,-606.0,855.0,12:27:44.774169
-187.0,-527.0,774.0,12:27:44.783559
-7.0,-394.0,728.0,12:27:44.794059
-333.0,-539.0,1326.0,12:27:44.803440
-197.0,-398.0,1121.0,12:27:44.813937
25.0,-418.0,982.0,12:27:44.823281
-8.0,-293.0,739.0,12:27:44.833690
51.0,-442.0,926.0,12:27:44.843080
121.0,-245.0,899.0,12:27:44.853462
-103.0,-287.0,735.0,12:27:44.862960
110.0,-433.0,1050.0,12:27:44.872240
150.0,-423.0,694.0,12:27:44.882906
37.0,-639.0,1104.0,12:27:44.892129
-18.0,-600.0,1083.0,12:27:44.902588
154.0,-687.0,1076.0,12:27:44.911923
172.0,-487.0,909.0,12:27:44.921455
276.0,-537.0,727.0,12:27:44.931916
26.0,-482.0,1030.0,12:27:44.941249
77.0,-542.0,922.0,12:27:44.951718
133.0,-284.0,219.0,12:27:44.961118
-133.0,-388.0,955.0,12:27:44.971632
-120.0,-414.0,1477.0,12:27:44.980992
-58.0,-624.0,910.0,12:27:44.991491
43.0,-637.0,816.0,12:27:45.000761
81.0,-643.0,1217.0,12:27:45.010805
-6.0,-600.0,924.0,12:27:45.020091
33.0,-562.0,424.0,12:27:45.030700
23.0,-355.0,581.0,12:27:45.039982
-118.0,-464.0,636.0,12:27:45.050591
-29.0,-478.0,539.0,12:27:45.059845
-175.0,-262.0,839.0,12:27:45.070335
-10.0,-344.0,876.0,12:27:45.079619
-67.0,-258.0,835.0,12:27:45.089070
-18.0,-848.0,2047.0,12:27:45.099633
190.0,-1203.0,906.0,12:27:45.118178
323.0,-788.0,361.0,12:27:45.128731
183.0,-652.0,1065.0,12:27:45.139215
224.0,-486.0,661.0,12:27:45.148676
-134.0,-146.0,31.0,12:27:45.157936
-242.0,-397.0,817.0,12:27:45.168595
-162.0,-631.0,1159.0,12:27:45.177848
-55.0,-446.0,1113.0,12:27:45.188314
-220.0,-572.0,1174.0,12:27:45.197578
140.0,-446.0,746.0,12:27:45.208159
-20.0,-180.0,574.0,12:27:45.217534
-38.0,-231.0,854.0,12:27:45.228015
-73.0,-390.0,990.0,12:27:45.237434
-98.0,-284.0,883.0,12:27:45.246870
-173.0,-269.0,699.0,12:27:45.257372
91.0,-596.0,1127.0,12:27:45.266777
162.0,-384.0,823.0,12:27:45.277313
-96.0,-545.0,1081.0,12:27:45.286646
221.0,-597.0,957.0,12:27:45.295995
356.0,-932.0,892.0,12:27:45.306466
330.0,-618.0,663.0,12:27:45.315780
143.0,-543.0,528.0,12:27:45.326265
48.0,-416.0,628.0,12:27:45.335554
-90.0,-367.0,871.0,12:27:45.345958
-192.0,-391.0,850.0,12:27:45.355301
-75.0,-484.0,647.0,12:27:45.365837
-21.0,-229.0,743.0,12:27:45.375303
-101.0,-563.0,1639.0,12:27:45.385777
95.0,-809.0,1078.0,12:27:45.395235
129.0,-168.0,-275.0,12:27:45.406951
89.0,-430.0,847.0,12:27:45.414848
-33.0,-720.0,1471.0,12:27:45.424177
172.0,-772.0,960.0,12:27:45.434553
-18.0,-65.0,837.0,12:27:45.444006
-128.0,-262.0,1820.0,12:27:45.454428
55.0,-363.0,1323.0,12:27:45.463785
139.0,-721.0,1063.0,12:27:45.474232
102.0,-592.0,599.0,12:27:45.483603
117.0,-300.0,843.0,12:27:45.494099
94.0,-511.0,1631.0,12:27:45.503549
-50.0,-351.0,816.0,12:27:45.512963
145.0,-675.0,658.0,12:27:45.523463
-30.0,-362.0,605.0,12:27:45.532804
11.0,-508.0,1712.0,12:27:45.543374
-48.0,-520.0,920.0,12:27:45.563041
353.0,-846.0,819.0,12:27:45.572464
163.0,-519.0,473.0,12:27:45.581816
-3.0,-294.0,593.0,12:27:45.592228
-29.0,-683.0,1196.0,12:27:45.601731
-5.0,-388.0,247.0,12:27:45.612105
-84.0,-1070.0,2047.0,12:27:45.621441
187.0,-890.0,931.0,12:27:45.641057
-54.0,-666.0,1005.0,12:27:45.651514
136.0,-609.0,1022.0,12:27:45.660915
307.0,-670.0,331.0,12:27:45.671444
70.0,-390.0,-89.0,12:27:45.680686
22.0,-481.0,614.0,12:27:45.691235
-195.0,-316.0,711.0,12:27:45.700572
-87.0,-398.0,843.0,12:27:45.709951
-74.0,-288.0,902.0,12:27:45.720357
-67.0,-391.0,848.0,12:27:45.729737
148.0,-245.0,757.0,12:27:45.740167
-23.0,-206.0,1058.0,12:27:45.749601
144.0,-380.0,652.0,12:27:45.759967
-92.0,-255.0,986.0,12:27:45.769356
75.0,-413.0,750.0,12:27:45.779849
-100.0,-406.0,1258.0,12:27:45.789195
-143.0,-648.0,1374.0,12:27:45.798635
-60.0,-874.0,1066.0,12:27:45.809172
109.0,-364.0,356.0,12:27:45.818750
71.0,-393.0,740.0,12:27:45.828257
53.0,-556.0,1248.0,12:27:45.838776
140.0,-518.0,825.0,12:27:45.848073
40.0,-644.0,713.0,12:27:45.858600
85.0,-539.0,1144.0,12:27:45.867921
217.0,-386.0,1156.0,12:27:45.878334
129.0,-238.0,599.0,12:27:45.887697
152.0,-270.0,713.0,12:27:45.898192
57.0,-398.0,1223.0,12:27:45.907519
95.0,-416.0,1107.0,12:27:45.916850
103.0,-355.0,733.0,12:27:45.927412
140.0,-343.0,544.0,12:27:45.936841
82.0,-364.0,1208.0,12:27:45.947335
-209.0,49.0,841.0,12:27:45.956709
-174.0,-86.0,1368.0,12:27:45.967090
-38.0,-417.0,1752.0,12:27:45.976505
-11.0,-408.0,909.0,12:27:45.985850
194.0,-733.0,1095.0,12:27:45.996396
124.0,-483.0,1012.0,12:27:46.005724
78.0,-643.0,1069.0,12:27:46.016346
131.0,-543.0,812.0,12:27:46.025606
242.0,-526.0,647.0,12:27:46.036098
276.0,-769.0,834.0,12:27:46.045395
187.0,-583.0,981.0,12:27:46.055866
48.0,-724.0,902.0,12:27:46.065188
115.0,-779.0,988.0,12:27:46.075645
245.0,-633.0,509.0,12:27:46.084894
308.0,-586.0,811.0,12:27:46.094300
243.0,-531.0,758.0,12:27:46.104721
-2.0,-610.0,900.0,12:27:46.114141
-16.0,-561.0,698.0,12:27:46.124580
100.0,-557.0,862.0,12:27:46.134032
-102.0,-349.0,906.0,12:27:46.144507
-77.0,-296.0,794.0,12:27:46.153982
32.0,-339.0,796.0,12:27:46.164396
42.0,-485.0,1041.0,12:27:46.173778
54.0,-458.0,943.0,12:27:46.183036
62.0,-475.0,1005.0,12:27:46.193468
14.0,-527.0,1391.0,12:27:46.208507
43.0,-594.0,1160.0,12:27:46.213478
131.0,-451.0,608.0,12:27:46.222967
-12.0,-496.0,930.0,12:27:46.233376
107.0,-393.0,818.0,12:27:46.242821
-81.0,-315.0,906.0,12:27:46.252077
-138.0,-308.0,800.0,12:27:46.262677
-27.0,-622.0,1200.0,12:27:46.272050
-36.0,-663.0,948.0,12:27:46.282595
59.0,-697.0,1271.0,12:27:46.291906
49.0,-621.0,792.0,12:27:46.301329
-62.0,-477.0,722.0,12:27:46.311821
37.0,-648.0,959.0,12:27:46.321155
149.0,-515.0,635.0,12:27:46.331725
33.0,-592.0,927.0,12:27:46.341072
-20.0,-742.0,1000.0,12:27:46.351492
-39.0,-489.0,809.0,12:27:46.360825
53.0,-725.0,985.0,12:27:46.371277
-69.0,-453.0,564.0,12:27:46.380668
-110.0,-600.0,1007.0,12:27:46.389952
-17.0,-557.0,903.0,12:27:46.400385
-135.0,-359.0,756.0,12:27:46.409707
-80.0,-676.0,1285.0,12:27:46.420150
-199.0,-491.0,791.0,12:27:46.429541
28.0,-677.0,1116.0,12:27:46.440073
-186.0,-518.0,944.0,12:27:46.449739
-91.0,-514.0,749.0,12:27:46.459112
-74.0,-566.0,900.0,12:27:46.469690
-16.0,-634.0,990.0,12:27:46.489342
-197.0,-539.0,843.0,12:27:46.498730
-43.0,-473.0,503.0,12:27:46.509181
-195.0,-541.0,1171.0,12:27:46.518590
86.0,-470.0,884.0,12:27:46.529108
-68.0,-340.0,400.0,12:27:46.538413
-27.0,-439.0,1089.0,12:27:46.547732
48.0,-496.0,1120.0,12:27:46.558088
37.0,-500.0,720.0,12:27:46.567550
94.0,-416.0,629.0,12:27:46.577934
178.0,-528.0,1215.0,12:27:46.587334
161.0,-524.0,967.0,12:27:46.597764
316.0,-451.0,808.0,12:27:46.612687
106.0,-656.0,1058.0,12:27:46.617459
-18.0,-355.0,706.0,12:27:46.626671
186.0,-462.0,986.0,12:27:46.637260
-23.0,-265.0,806.0,12:27:46.646545
-135.0,-424.0,1251.0,12:27:46.657057
141.0,-500.0,954.0,12:27:46.666406
75.0,-417.0,758.0,12:27:46.676871
18.0,-337.0,1045.0,12:27:46.686183
62.0,-571.0,1485.0,12:27:46.695609
60.0,-466.0,880.0,12:27:46.706011
263.0,-720.0,1010.0,12:27:46.715412
118.0,-606.0,883.0,12:27:46.725932
173.0,-537.0,868.0,12:27:46.735265
10.0,-614.0,978.0,12:27:46.745777
109.0,-631.0,752.0,12:27:46.755179
45.0,-428.0,519.0,12:27:46.764502
5.0,-607.0,1147.0,12:27:46.775087
74.0,-584.0,1041.0,12:27:46.784439
-124.0,-565.0,832.0,12:27:46.794873
-101.0,-513.0,716.0,12:27:46.804210
80.0,-519.0,921.0,12:27:46.814660
-151.0,-432.0,994.0,12:27:46.824097
-114.0,-545.0,926.0,12:27:46.834533
-3.0,-546.0,799.0,12:27:46.844031
-128.0,-559.0,953.0,12:27:46.853309
-97.0,-511.0,1064.0,12:27:46.863807
118.0,-657.0,1223.0,12:27:46.873105
66.0,-393.0,584.0,12:27:46.883638
-32.0,-473.0,970.0,12:27:46.892931
24.0,-379.0,824.0,12:27:46.903400
-69.0,-303.0,777.0,12:27:46.912668
20.0,-471.0,991.0,12:27:46.923204
-34.0,-414.0,710.0,12:27:46.932483
-92.0,-304.0,760.0,12:27:46.943007
-85.0,-359.0,1279.0,12:27:46.952344
102.0,-568.0,1135.0,12:27:46.961881
-3.0,-489.0,909.0,12:27:46.972304
151.0,-500.0,817.0,12:27:46.981788
126.0,-557.0,1058.0,12:27:46.992160
250.0,-440.0,871.0,12:27:47.001451
-24.0,-699.0,1267.0,12:27:47.011897
187.0,-512.0,523.0,12:27:47.021265
-20.0,-402.0,729.0,12:27:47.030641
124.0,-498.0,1083.0,12:27:47.041105
8.0,-291.0,794.0,12:27:47.050451
6.0,-163.0,716.0,12:27:47.060857
51.0,-340.0,783.0,12:27:47.070205
350.0,-578.0,1368.0,12:27:47.080700
13.0,-398.0,1051.0,12:27:47.089993
174.0,-509.0,974.0,12:27:47.100402
107.0,-496.0,797.0,12:27:47.109750
43.0,-497.0,870.0,12:27:47.120131
170.0,-437.0,756.0,12:27:47.129556
50.0,-432.0,775.0,12:27:47.139955
-15.0,-527.0,878.0,12:27:47.149370
-46.0,-468.0,704.0,12:27:47.159877
94.0,-523.0,789.0,12:27:47.169530
-167.0,-397.0,737.0,12:27:47.178899
-125.0,-183.0,796.0,12:27:47.189544
30.0,-1155.0,2047.0,12:27:47.198823
174.0,-1537.0,1819.0,12:27:47.208291
358.0,-690.0,-425.0,12:27:47.218758
189.0,-544.0,1081.0,12:27:47.228114
9.0,-587.0,1368.0,12:27:47.238647
150.0,-281.0,-48.0,12:27:47.247960
-144.0,-323.0,89.0,12:27:47.258448
-51.0,-502.0,803.0,12:27:47.267866
182.0,-360.0,1089.0,12:27:47.277202
-273.0,-260.0,1304.0,12:27:47.287660
71.0,-620.0,1190.0,12:27:47.297082
31.0,-439.0,659.0,12:27:47.307452
87.0,-304.0,782.0,12:27:47.316845
58.0,-279.0,918.0,12:27:47.327352
87.0,-284.0,903.0,12:27:47.336751
10.0,-502.0,856.0,12:27:47.346077
28.0,-494.0,928.0,12:27:47.356525
-93.0,-615.0,1188.0,12:27:47.365817
99.0,-505.0,1222.0,12:27:47.376479
-105.0,-971.0,1555.0,12:27:47.385770
340.0,-832.0,674.0,12:27:47.396323
166.0,-777.0,345.0,12:27:47.412868
291.0,-521.0,545.0,12:27:47.416072
-1.0,-490.0,1087.0,12:27:47.425395
203.0,-472.0,684.0,12:27:47.444918
122.0,-311.0,799.0,12:27:47.455311
78.0,-416.0,1020.0,12:27:47.464665
-55.0,-359.0,1100.0,12:27:47.475190
159.0,-356.0,821.0,12:27:47.484483
76.0,-375.0,352.0,12:27:47.493917
11.0,-209.0,695.0,12:27:47.504325
-81.0,-489.0,1193.0,12:27:47.513731
-22.0,-474.0,1167.0,12:27:47.524197
-96.0,-219.0,1289.0,12:27:47.533669
1.0,-131.0,1137.0,12:27:47.544036
177.0,-457.0,1356.0,12:27:47.553368
146.0,-476.0,898.0,12:27:47.563740
178.0,-520.0,646.0,12:27:47.573162
85.0,-563.0,1255.0,12:27:47.583568
-78.0,-597.0,1224.0,12:27:47.592996
103.0,-885.0,1078.0,12:27:47.602262
155.0,-702.0,537.0,12:27:47.612949
-165.0,-408.0,536.0,12:27:47.622321
-52.0,-459.0,990.0,12:27:47.632912
-20.0,-461.0,1152.0,12:27:47.642363
96.0,-671.0,842.0,12:27:47.651761
159.0,-764.0,851.0,12:27:47.662168
-61.0,-584.0,878.0,12:27:47.671483
16.0,-684.0,977.0,12:27:47.681974
31.0,-648.0,689.0,12:27:47.691287
104.0,-621.0,596.0,12:27:47.701775
12.0,-498.0,816.0,12:27:47.711079
18.0,-362.0,1093.0,12:27:47.720594
170.0,-409.0,977.0,12:27:47.731023
84.0,-806.0,1437.0,12:27:47.740401
244.0,-538.0,673.0,12:27:47.750780
170.0,-822.0,1202.0,12:27:47.760236
160.0,-632.0,1087.0,12:27:47.770696
174.0,-751.0,1098.0,12:27:47.780059
-155.0,-462.0,762.0,12:27:47.790613
6.0,-842.0,709.0,12:27:47.799967
-223.0,-424.0,741.0,12:27:47.813402
-252.0,-489.0,910.0,12:27:47.819721
-371.0,-409.0,1002.0,12:27:47.829074
-39.0,-515.0,650.0,12:27:47.839579
-31.0,-348.0,611.0,12:27:47.848939
-110.0,-364.0,944.0,12:27:47.859481
-16.0,-472.0,1101.0,12:27:47.868745
-70.0,-410.0,630.0,12:27:47.879332
-20.0,-317.0,556.0,12:27:47.888730
115.0,-337.0,853.0,12:27:47.898083
58.0,-575.0,1027.0,12:27:47.908589
81.0,-358.0,662.0,12:27:47.918047
-36.0,-507.0,826.0,12:27:47.928593
108.0,-399.0,809.0,12:27:47.938010
199.0,-680.0,1739.0,12:27:47.947416
171.0,-915.0,1017.0,12:27:47.957881
284.0,-841.0,761.0,12:27:47.967194
260.0,-466.0,834.0,12:27:47.977664
220.0,-393.0,767.0,12:27:47.986919
91.0,-434.0,991.0,12:27:47.997513
17.0,-575.0,1029.0,12:27:48.006733
-249.0,-522.0,736.0,12:27:48.017212
18.0,-528.0,904.0,12:27:48.026563
-206.0,-359.0,862.0,12:27:48.035961
-315.0,-290.0,982.0,12:27:48.046419
-13.0,-628.0,968.0,12:27:48.055807
15.0,-507.0,754.0,12:27:48.066365
-37.0,-306.0,1061.0,12:27:48.075757
79.0,-560.0,951.0,12:27:48.085243
139.0,-484.0,688.0,12:27:48.095753
2.0,-409.0,905.0,12:27:48.105213
-138.0,-330.0,1088.0,12:27:48.115606
170.0,-697.0,1095.0,12:27:48.124947
-16.0,-473.0,902.0,12:27:48.135417
-19.0,-511.0,1120.0,12:27:48.144826
-18.0,-543.0,783.0,12:27:48.154193
-79.0,-555.0,1001.0,12:27:48.164729
-76.0,-440.0,818.0,12:27:48.174176
180.0,-677.0,1287.0,12:27:48.184754
-76.0,-463.0,902.0,12:27:48.194058
-42.0,-320.0,753.0,12:27:48.204601
119.0,-401.0,666.0,12:27:48.214010
80.0,-454.0,1112.0,12:27:48.223404
269.0,-316.0,680.0,12:27:48.233787
-41.0,-451.0,992.0,12:27:48.243182
180.0,-569.0,1036.0,12:27:48.253588
181.0,-439.0,679.0,12:27:48.262983
117.0,-632.0,961.0,12:27:48.273387
297.0,-420.0,801.0,12:27:48.282763
-71.0,-398.0,1296.0,12:27:48.293173
137.0,-220.0,809.0,12:27:48.302492
265.0,-627.0,1059.0,12:27:48.312996
127.0,-486.0,707.0,12:27:48.322328
73.0,-540.0,1240.0,12:27:48.331810
153.0,-494.0,1160.0,12:27:48.342249
84.0,-521.0,984.0,12:27:48.351604
199.0,-616.0,913.0,12:27:48.361996
122.0,-540.0,467.0,12:27:48.371404
185.0,-321.0,678.0,12:27:48.381856
70.0,-614.0,1346.0,12:27:48.391215
133.0,-619.0,940.0,12:27:48.401753
257.0,-470.0,528.0,12:27:48.411148
7.0,-382.0,800.0,12:27:48.420378
87.0,-631.0,1246.0,12:27:48.430811
10.0,-400.0,921.0,12:27:48.440110
-8.0,-485.0,724.0,12:27:48.452914
194.0,-819.0,1442.0,12:27:48.460101
92.0,-577.0,1141.0,12:27:48.470751
55.0,-479.0,601.0,12:27:48.480273
-88.0,-631.0,747.0,12:27:48.489755
85.0,-536.0,897.0,12:27:48.499362
-29.0,-323.0,745.0,12:27:48.510206
-35.0,-632.0,986.0,12:27:48.519653
-146.0,-335.0,617.0,12:27:48.529135
-59.0,-782.0,1324.0,12:27:48.538730
-39.0,-601.0,1282.0,12:27:48.549378
-11.0,-671.0,953.0,12:27:48.558792
27.0,-948.0,1330.0,12:27:48.568185
29.0,-359.0,517.0,12:27:48.578617
147.0,-564.0,608.0,12:27:48.587930
-226.0,-401.0,819.0,12:27:48.598420
-135.0,-476.0,1008.0,12:27:48.614848
31.0,-530.0,654.0,12:27:48.618538
-143.0,-320.0,800.0,12:27:48.627894
-202.0,-717.0,1610.0,12:27:48.637171
-113.0,-307.0,387.0,12:27:48.647692
127.0,-575.0,767.0,12:27:48.657101
-14.0,-599.0,1037.0,12:27:48.667563
-32.0,-96.0,552.0,12:27:48.676911
-172.0,-523.0,1397.0,12:27:48.687594
128.0,-732.0,880.0,12:27:48.696897
-59.0,-512.0,722.0,12:27:48.706287
-20.0,-709.0,1245.0,12:27:48.716744
163.0,-278.0,843.0,12:27:48.726239
251.0,-501.0,954.0,12:27:48.736692
69.0,-582.0,1031.0,12:27:48.745979
254.0,-601.0,883.0,12:27:48.756568
32.0,-396.0,590.0,12:27:48.765810
113.0,-338.0,946.0,12:27:48.775188
-6.0,-401.0,1121.0,12:27:48.785640
73.0,-357.0,1114.0,12:27:48.795012
158.0,-358.0,673.0,12:27:48.805412
-49.0,-312.0,634.0,12:27:48.814753
162.0,-362.0,1223.0,12:27:48.825254
-20.0,-248.0,665.0,12:27:48.834561
162.0,-561.0,738.0,12:27:48.844988
31.0,-524.0,1259.0,12:27:48.854305
16.0,-722.0,1173.0,12:27:48.864784
7.0,-551.0,716.0,12:27:48.874059
71.0,-691.0,1146.0,12:27:48.884502
-56.0,-268.0,831.0,12:27:48.893767
23.0,-671.0,1128.0,12:27:48.904323
-83.0,-453.0,756.0,12:27:48.913578
-108.0,-511.0,1031.0,12:27:48.924117
152.0,-696.0,1272.0,12:27:48.933387
-42.0,-356.0,623.0,12:27:48.942891
90.0,-375.0,732.0,12:27:48.953422
105.0,-450.0,912.0,12:27:48.962779
118.0,-335.0,847.0,12:27:48.973253
21.0,-451.0,970.0,12:27:48.982593
99.0,-983.0,1250.0,12:27:48.993096
53.0,-302.0,595.0,12:27:49.002331
73.0,-632.0,860.0,12:27:49.016849
173.0,-628.0,931.0,12:27:49.021850
-54.0,-401.0,699.0,12:27:49.032299
98.0,-457.0,804.0,12:27:49.041715
66.0,-719.0,1263.0,12:27:49.052124
135.0,-750.0,923.0,12:27:49.061475
146.0,-549.0,492.0,12:27:49.071899
83.0,-497.0,883.0,12:27:49.081268
23.0,-469.0,992.0,12:27:49.090682
17.0,-224.0,638.0,12:27:49.101191
-21.0,-413.0,710.0,12:27:49.110666
2.0,-569.0,1042.0,12:27:49.121113
-66.0,-737.0,1489.0,12:27:49.130622
-228.0,-733.0,1130.0,12:27:49.139899
23.0,-787.0,947.0,12:27:49.150396
55.0,-696.0,814.0,12:27:49.159669
-77.0,-627.0,730.0,12:27:49.170151
-102.0,-634.0,691.0,12:27:49.179592
-108.0,-343.0,686.0,12:27:49.190106
-55.0,-468.0,945.0,12:27:49.199492
-47.0,-498.0,1080.0,12:27:49.208876
-14.0,-701.0,966.0,12:27:49.219367
28.0,-577.0,1068.0,12:27:49.228685
180.0,-563.0,894.0,12:27:49.239175
82.0,-432.0,929.0,12:27:49.248536
104.0,-473.0,805.0,12:27:49.258934
160.0,-322.0,642.0,12:27:49.268185
-25.0,-366.0,1092.0,12:27:49.278737
66.0,-536.0,1218.0,12:27:49.287997
53.0,-655.0,921.0,12:27:49.298702
173.0,-392.0,357.0,12:27:49.307911
-45.0,-384.0,953.0,12:27:49.317406
27.0,-475.0,1212.0,12:27:49.327833
35.0,-451.0,905.0,12:27:49.337198
-180.0,-499.0,849.0,12:27:49.347654
1.0,-533.0,1099.0,12:27:49.357033
-52.0,-696.0,1193.0,12:27:49.367465
93.0,-593.0,881.0,12:27:49.376745
-34.0,-647.0,1084.0,12:27:49.387216
314.0,-273.0,253.0,12:27:49.396559
-55.0,-353.0,1284.0,12:27:49.406982
154.0,-669.0,1314.0,12:27:49.416325
324.0,-516.0,519.0,12:27:49.425877
157.0,-543.0,541.0,12:27:49.436365
74.0,-449.0,1095.0,12:27:49.445677
116.0,-513.0,977.0,12:27:49.456292
94.0,-369.0,482.0,12:27:49.465720
-6.0,-441.0,814.0,12:27:49.475039
-41.0,-355.0,1309.0,12:27:49.485530
11.0,-331.0,1076.0,12:27:49.494762
30.0,-575.0,1168.0,12:27:49.505281
126.0,-551.0,1056.0,12:27:49.514521
217.0,-454.0,607.0,12:27:49.524988
294.0,-240.0,690.0,12:27:49.534287
-33.0,-441.0,1424.0,12:27:49.544759
22.0,-390.0,718.0,12:27:49.554125
-86.0,-435.0,812.0,12:27:49.564580
187.0,-550.0,1129.0,12:27:49.573982
135.0,-479.0,1196.0,12:27:49.583349
61.0,-428.0,598.0,12:27:49.604082
69.0,-567.0,1062.0,12:27:49.613381
-19.0,-357.0,656.0,12:27:49.622851
-11.0,-412.0,908.0,12:27:49.633295
-54.0,-527.0,999.0,12:27:49.642592
-66.0,-610.0,801.0,12:27:49.653060
93.0,-344.0,490.0,12:27:49.662401
55.0,-679.0,1546.0,12:27:49.672914
44.0,-653.0,1286.0,12:27:49.682259
145.0,-743.0,770.0,12:27:49.692891
128.0,-556.0,659.0,12:27:49.702129
126.0,-444.0,740.0,12:27:49.712679
-22.0,-543.0,1319.0,12:27:49.721908
227.0,-677.0,853.0,12:27:49.731318
110.0,-665.0,403.0,12:27:49.741793
-4.0,-309.0,741.0,12:27:49.751092
-83.0,-770.0,1636.0,12:27:49.761524
-39.0,-416.0,730.0,12:27:49.770899
125.0,-645.0,814.0,12:27:49.781354
-87.0,-732.0,834.0,12:27:49.790758
-11.0,-526.0,949.0,12:27:49.801253
-58.0,-353.0,745.0,12:27:49.817689
90.0,-479.0,968.0,12:27:49.821485
-89.0,-458.0,803.0,12:27:49.830748
55.0,-543.0,724.0,12:27:49.840129
-138.0,-401.0,1012.0,12:27:49.850719
-111.0,-575.0,1219.0,12:27:49.860103
78.0,-614.0,755.0,12:27:49.869518
5.0,-349.0,442.0,12:27:49.879951
39.0,-603.0,916.0,12:27:49.889459
-78.0,-329.0,836.0,12:27:49.898855
93.0,-607.0,1106.0,12:27:49.909584
22.0,-626.0,1165.0,12:27:49.918902
134.0,-654.0,1054.0,12:27:49.929580
195.0,-620.0,888.0,12:27:49.938822
113.0,-426.0,869.0,12:27:49.948189
134.0,-508.0,762.0,12:27:49.958612
86.0,-476.0,913.0,12:27:49.967968
88.0,-442.0,809.0,12:27:49.978439
38.0,-403.0,716.0,12:27:49.987785
-50.0,-431.0,747.0,12:27:49.998176
-1.0,-516.0,1011.0,12:27:50.007624
7.0,-547.0,1398.0,12:27:50.018168
-30.0,-668.0,1072.0,12:27:50.027600
-14.0,-569.0,963.0,12:27:50.036933
2.0,-837.0,1226.0,12:27:50.047675
39.0,-563.0,753.0,12:27:50.056961
-27.0,-606.0,1027.0,12:27:50.066398
-7.0,-389.0,580.0,12:27:50.076849
41.0,-547.0,941.0,12:27:50.086300
48.0,-424.0,797.0,12:27:50.096678
-101.0,-308.0,633.0,12:27:50.105953
69.0,-381.0,1008.0,12:27:50.116481
75.0,-293.0,991.0,12:27:50.125770
133.0,-692.0,1363.0,12:27:50.136268
165.0,-610.0,839.0,12:27:50.145524
71.0,-428.0,766.0,12:27:50.156048
32.0,-543.0,1006.0,12:27:50.165367
218.0,-578.0,1009.0,12:27:50.175759
9.0,-395.0,533.0,12:27:50.185148
-16.0,-452.0,728.0,12:27:50.194487
-6.0,-563.0,1256.0,12:27:50.204879
-73.0,-482.0,647.0,12:27:50.219510
-76.0,-637.0,863.0,12:27:50.224656
-39.0,-369.0,740.0,12:27:50.234002
3.0,-667.0,1246.0,12:27:50.244627
-112.0,-526.0,775.0,12:27:50.253958
86.0,-372.0,855.0,12:27:50.264505
-48.0,-442.0,1096.0,12:27:50.273813
41.0,-450.0,847.0,12:27:50.284276
21.0,-624.0,979.0,12:27:50.293567
49.0,-418.0,731.0,12:27:50.303020
78.0,-351.0,978.0,12:27:50.313459
-5.0,-599.0,1161.0,12:27:50.322948
173.0,-554.0,765.0,12:27:50.333464
28.0,-703.0,1107.0,12:27:50.342812
5.0,-523.0,889.0,12:27:50.352209
179.0,-563.0,906.0,12:27:50.362640
20.0,-380.0,942.0,12:27:50.372104
-79.0,-537.0,1098.0,12:27:50.382477
121.0,-565.0,965.0,12:27:50.391873
155.0,-465.0,696.0,12:27:50.402290
-20.0,-431.0,1038.0,12:27:50.411691
59.0,-664.0,1129.0,12:27:50.422157
-25.0,-605.0,793.0,12:27:50.431563
147.0,-572.0,892.0,12:27:50.440874
204.0,-551.0,638.0,12:27:50.451421
-37.0,-419.0,522.0,12:27:50.460829
2.0,-360.0,697.0,12:27:50.471333
-98.0,-513.0,1377.0,12:27:50.480687
-28.0,-545.0,1142.0,12:27:50.491206
48.0,-616.0,957.0,12:27:50.500652
144.0,-619.0,779.0,12:27:50.510023
181.0,-469.0,801.0,12:27:50.520522
161.0,-374.0,694.0,12:27:50.529858
48.0,-216.0,692.0,12:27:50.540349
212.0,-481.0,1135.0,12:27:50.549639
59.0,-547.0,827.0,12:27:50.560165
26.0,-216.0,74.0,12:27:50.569509
264.0,-63.0,746.0,12:27:50.579999
-26.0,-906.0,2047.0,12:27:50.589318
-5.0,-699.0,1041.0,12:27:50.598668
181.0,-731.0,401.0,12:27:50.609052
257.0,-525.0,794.0,12:27:50.618550
146.0,-766.0,1353.0,12:27:50.628907
71.0,-493.0,799.0,12:27:50.638310
-81.0,-541.0,399.0,12:27:50.648758
-136.0,-669.0,821.0,12:27:50.658174
14.0,-613.0,1244.0,12:27:50.668657
-66.0,-470.0,914.0,12:27:50.677963
109.0,-743.0,1279.0,12:27:50.687355
114.0,-324.0,565.0,12:27:50.697815
-35.0,-873.0,1519.0,12:27:50.707041
70.0,-568.0,1177.0,12:27:50.717570
-122.0,-433.0,790.0,12:27:50.726901
-24.0,-631.0,1014.0,12:27:50.737490
130.0,-303.0,566.0,12:27:50.746923
-257.0,-350.0,957.0,12:27:50.756320
22.0,-412.0,949.0,12:27:50.766777
9.0,-268.0,456.0,12:27:50.776253
-99.0,-453.0,994.0,12:27:50.786674
113.0,-374.0,1059.0,12:27:50.796064
112.0,-536.0,860.0,12:27:50.806617
209.0,-647.0,725.0,12:27:50.815891
199.0,-363.0,1040.0,12:27:50.825238
-119.0,-578.0,1483.0,12:27:50.835717
220.0,-623.0,955.0,12:27:50.845197
82.0,-762.0,907.0,12:27:50.855613
161.0,-618.0,839.0,12:27:50.865070
232.0,-566.0,741.0,12:27:50.875494
82.0,-612.0,958.0,12:27:50.884866
6.0,-403.0,701.0,12:27:50.895241
-30.0,-725.0,1097.0,12:27:50.904587
157.0,-751.0,550.0,12:27:50.915071
-40.0,-471.0,523.0,12:27:50.924427
-264.0,-379.0,1269.0,12:27:50.933735
-73.0,-546.0,1382.0,12:27:50.944330
153.0,-451.0,723.0,12:27:50.953666
-98.0,-445.0,829.0,12:27:50.964226
6.0,-548.0,916.0,12:27:50.973563
-10.0,-162.0,739.0,12:27:50.982979
-80.0,-548.0,1476.0,12:27:50.993381
99.0,-354.0,618.0,12:27:51.002895
-23.0,-650.0,941.0,12:27:51.020743
-42.0,-433.0,861.0,12:27:51.024573
66.0,-293.0,869.0,12:27:51.032946
-109.0,-676.0,1355.0,12:27:51.042202
-122.0,-378.0,507.0,12:27:51.052718
307.0,-358.0,731.0,12:27:51.061972
-82.0,-657.0,1497.0,12:27:51.072362
167.0,-451.0,588.0,12:27:51.081846
-5.0,-515.0,802.0,12:27:51.092277
-13.0,-354.0,425.0,12:27:51.101691
31.0,-138.0,651.0,12:27:51.112178
-30.0,-1002.0,2047.0,12:27:51.121436
-73.0,-951.0,1186.0,12:27:51.130858
317.0,-565.0,385.0,12:27:51.141409
177.0,-858.0,1427.0,12:27:51.150721
-13.0,-784.0,1180.0,12:27:51.161253
204.0,-468.0,153.0,12:27:51.170584
-44.0,-376.0,471.0,12:27:51.181056
117.0,-365.0,706.0,12:27:51.190360
-7.0,-53.0,574.0,12:27:51.200936
-54.0,-148.0,907.0,12:27:51.210189
47.0,-446.0,1169.0,12:27:51.219654
73.0,-530.0,1352.0,12:27:51.230022
179.0,-297.0,1111.0,12:27:51.239662
133.0,-620.0,1341.0,12:27:51.250051
-20.0,-877.0,1380.0,12:27:51.259543
237.0,-510.0,524.0,12:27:51.268822
116.0,-699.0,868.0,12:27:51.279400
81.0,-586.0,929.0,12:27:51.288735
-6.0,-595.0,660.0,12:27:51.299415
-39.0,-534.0,784.0,12:27:51.308669
104.0,-673.0,1053.0,12:27:51.318094
139.0,-592.0,901.0,12:27:51.328566
133.0,-419.0,551.0,12:27:51.337875
-99.0,-551.0,1042.0,12:27:51.348259
116.0,-500.0,838.0,12:27:51.357691
195.0,-296.0,665.0,12:27:51.368161
-63.0,-528.0,978.0,12:27:51.377641
-103.0,-531.0,989.0,12:27:51.388072
-2.0,-498.0,865.0,12:27:51.397548
15.0,-811.0,1131.0,12:27:51.406823
190.0,-634.0,897.0,12:27:51.422393
61.0,-333.0,618.0,12:27:51.426776
-22.0,-664.0,943.0,12:27:51.437195
172.0,-527.0,510.0,12:27:51.446688
-49.0,-471.0,726.0,12:27:51.457111
40.0,-432.0,1126.0,12:27:51.466534
-43.0,-491.0,1373.0,12:27:51.475817
-227.0,-410.0,993.0,12:27:51.486435
94.0,-284.0,960.0,12:27:51.495801
92.0,-547.0,1409.0,12:27:51.506404
-45.0,-437.0,1081.0,12:27:51.515652
161.0,-227.0,590.0,12:27:51.525096
58.0,-432.0,1082.0,12:27:51.535508
-86.0,-559.0,1085.0,12:27:51.544808
-12.0,-519.0,805.0,12:27:51.555391
-155.0,-535.0,674.0,12:27:51.564779
22.0,-597.0,751.0,12:27:51.575304
-43.0,-449.0,852.0,12:27:51.584673
-47.0,-384.0,879.0,12:27:51.594032
90.0,-415.0,779.0,12:27:51.604555
132.0,-337.0,734.0,12:27:51.613798
118.0,-654.0,1198.0,12:27:51.624327
151.0,-742.0,1429.0,12:27:51.633666
188.0,-657.0,717.0,12:27:51.644121
211.0,-498.0,548.0,12:27:51.653439
212.0,-647.0,1305.0,12:27:51.663921
31.0,-493.0,833.0,12:27:51.673247
17.0,-378.0,606.0,12:27:51.683688
-51.0,-829.0,1204.0,12:27:51.692955
-85.0,-463.0,575.0,12:27:51.703441
-116.0,-487.0,1268.0,12:27:51.713015
-32.0,-635.0,1218.0,12:27:51.722399
-43.0,-802.0,809.0,12:27:51.733005
-44.0,-382.0,643.0,12:27:51.742329
19.0,-378.0,680.0,12:27:51.751800
30.0,-602.0,1157.0,12:27:51.762294
-145.0,-150.0,561.0,12:27:51.771772
-101.0,-592.0,981.0,12:27:51.782266
-71.0,-779.0,1281.0,12:27:51.791748
46.0,-590.0,575.0,12:27:51.801057
34.0,-557.0,547.0,12:27:51.811667
-10.0,-520.0,1168.0,12:27:51.820925
176.0,-503.0,887.0,12:27:51.831463
45.0,-689.0,876.0,12:27:51.840761
62.0,-304.0,473.0,12:27:51.851235
141.0,-662.0,1189.0,12:27:51.860575
164.0,-625.0,964.0,12:27:51.871092
-18.0,-547.0,890.0,12:27:51.880506
136.0,-565.0,922.0,12:27:51.889920
141.0,-481.0,722.0,12:27:51.900367
12.0,-328.0,523.0,12:27:51.909729
-2.0,-131.0,418.0,12:27:51.920175
-179.0,-516.0,1696.0,12:27:51.929575
69.0,-744.0,1817.0,12:27:51.940086
211.0,-697.0,579.0,12:27:51.949505
-42.0,-636.0,647.0,12:27:51.958757
238.0,-658.0,1062.0,12:27:51.969208
-45.0,-537.0,984.0,12:27:51.978536
-173.0,-337.0,789.0,12:27:51.989053
8.0,-535.0,728.0,12:27:51.998339
16.0,-632.0,716.0,12:27:52.008789
126.0,-408.0,509.0,12:27:52.018057
-13.0,-541.0,1411.0,12:27:52.028731
-42.0,-614.0,1454.0,12:27:52.038135
208.0,-514.0,752.0,12:27:52.047542
-48.0,-733.0,769.0,12:27:52.057954
194.0,-568.0,793.0,12:27:52.067435
118.0,-528.0,1102.0,12:27:52.077829
-94.0,-439.0,641.0,12:27:52.087169
-9.0,-477.0,443.0,12:27:52.097666
70.0,-588.0,1159.0,12:27:52.107118
153.0,-654.0,824.0,12:27:52.117587
43.0,-455.0,929.0,12:27:52.126894
20.0,-511.0,904.0,12:27:52.136247
-220.0,-317.0,828.0,12:27:52.146813
-19.0,-423.0,1103.0,12:27:52.156267
-162.0,-426.0,995.0,12:27:52.165707
-51.0,-774.0,1153.0,12:27:52.176171
-276.0,-329.0,823.0,12:27:52.185669
59.0,-589.0,972.0,12:27:52.196226
51.0,-587.0,1158.0,12:27:52.205649
109.0,-485.0,317.0,12:27:52.222312
-33.0,-287.0,822.0,12:27:52.226153
146.0,-478.0,1094.0,12:27:52.235468
118.0,-404.0,807.0,12:27:52.244860
176.0,-546.0,915.0,12:27:52.255349
1.0,-461.0,728.0,12:27:52.264704
-23.0,-252.0,489.0,12:27:52.275190
-61.0,-566.0,1243.0,12:27:52.284496
38.0,-614.0,1242.0,12:27:52.293821
28.0,-365.0,892.0,12:27:52.304264
62.0,-550.0,1073.0,12:27:52.313612
-52.0,-464.0,739.0,12:27:52.324098
8.0,-629.0,1148.0,12:27:52.333468
-68.0,-297.0,917.0,12:27:52.343862
74.0,-510.0,1014.0,12:27:52.353189
252.0,-736.0,1379.0,12:27:52.363590
74.0,-557.0,762.0,12:27:52.372900
57.0,-259.0,556.0,12:27:52.383353
78.0,-481.0,1408.0,12:27:52.392739
55.0,-291.0,821.0,12:27:52.403162
101.0,-259.0,456.0,12:27:52.412413
132.0,-430.0,1188.0,12:27:52.423071
22.0,-524.0,944.0,12:27:52.432323
-23.0,-373.0,666.0,12:27:52.441749
29.0,-602.0,1131.0,12:27:52.452302
63.0,-708.0,961.0,12:27:52.461702
149.0,-590.0,732.0,12:27:52.472075
111.0,-707.0,1108.0,12:27:52.481409
55.0,-497.0,750.0,12:27:52.491841
99.0,-600.0,609.0,12:27:52.501287
86.0,-581.0,646.0,12:27:52.511702
-53.0,-534.0,794.0,12:27:52.521083
50.0,-588.0,852.0,12:27:52.531484
63.0,-833.0,1195.0,12:27:52.540836
-43.0,-525.0,1181.0,12:27:52.550129
66.0,-526.0,742.0,12:27:52.560756
126.0,-491.0,676.0,12:27:52.570011
111.0,-506.0,1061.0,12:27:52.580744
27.0,-635.0,1019.0,12:27:52.589994
167.0,-632.0,670.0,12:27:52.600545
60.0,-459.0,954.0,12:27:52.609799
88.0,-390.0,1080.0,12:27:52.620889
11.0,-551.0,931.0,12:27:52.630585
-40.0,-520.0,710.0,12:27:52.639879
138.0,-473.0,614.0,12:27:52.649183
-12.0,-663.0,1014.0,12:27:52.658554
-74.0,-450.0,1106.0,12:27:52.669174
144.0,-619.0,1241.0,12:27:52.678525
60.0,-659.0,626.0,12:27:52.689024
94.0,-547.0,655.0,12:27:52.698323
-22.0,-468.0,1013.0,12:27:52.708854
38.0,-570.0,1242.0,12:27:52.718155
-76.0,-491.0,916.0,12:27:52.727511
269.0,-563.0,730.0,12:27:52.737922
63.0,-421.0,838.0,12:27:52.747383
97.0,-633.0,1084.0,12:27:52.757833
53.0,-397.0,780.0,12:27:52.767176
20.0,-605.0,962.0,12:27:52.777558
-62.0,-636.0,992.0,12:27:52.786974
-8.0,-467.0,795.0,12:27:52.797459
-80.0,-564.0,1008.0,12:27:52.806863
-67.0,-602.0,880.0,12:27:52.816288
4.0,-465.0,705.0,12:27:52.826788
16.0,-733.0,879.0,12:27:52.836040
-19.0,-504.0,1019.0,12:27:52.846518
25.0,-480.0,757.0,12:27:52.855803
-112.0,-640.0,1245.0,12:27:52.866482
189.0,-719.0,784.0,12:27:52.875741
177.0,-560.0,679.0,12:27:52.885197
-37.0,-554.0,1151.0,12:27:52.895665
-56.0,-422.0,896.0,12:27:52.905142
43.0,-304.0,476.0,12:27:52.915570
-69.0,-444.0,1073.0,12:27:52.924871
-70.0,-382.0,983.0,12:27:52.935320
-153.0,-344.0,931.0,12:27:52.944738
62.0,-506.0,1239.0,12:27:52.955252
-48.0,-466.0,892.0,12:27:52.964627
250.0,-515.0,885.0,12:27:52.974067
-111.0,-399.0,871.0,12:27:52.984545
80.0,-499.0,870.0,12:27:52.994024
-66.0,-487.0,1000.0,12:27:53.004490
35.0,-694.0,883.0,12:27:53.013933
28.0,-494.0,825.0,12:27:53.023251
29.0,-516.0,829.0,12:27:53.033686
18.0,-700.0,1304.0,12:27:53.043008
101.0,-636.0,863.0,12:27:53.053542
38.0,-510.0,683.0,12:27:53.062987
58.0,-636.0,895.0,12:27:53.073536
158.0,-416.0,700.0,12:27:53.082878
-26.0,-200.0,836.0,12:27:53.092349
77.0,-609.0,1271.0,12:27:53.102844
-64.0,-487.0,747.0,12:27:53.112159
-104.0,-490.0,883.0,12:27:53.122583
15.0,-609.0,1278.0,12:27:53.132035
167.0,-658.0,1319.0,12:27:53.142457
31.0,-648.0,858.0,12:27:53.151830
153.0,-351.0,281.0,12:27:53.162180
174.0,-524.0,1069.0,12:27:53.171650
-30.0,-460.0,866.0,12:27:53.180946
-70.0,-445.0,754.0,12:27:53.191458
-13.0,-515.0,696.0,12:27:53.200834
14.0,-482.0,783.0,12:27:53.211447
213.0,-647.0,1145.0,12:27:53.220698
19.0,-574.0,811.0,12:27:53.231217
33.0,-374.0,645.0,12:27:53.240535
79.0,-606.0,1183.0,12:27:53.249919
6.0,-764.0,1159.0,12:27:53.260332
152.0,-275.0,488.0,12:27:53.269633
82.0,-668.0,934.0,12:27:53.279982
169.0,-612.0,912.0,12:27:53.289536
-37.0,-363.0,665.0,12:27:53.299901
178.0,-659.0,1109.0,12:27:53.309226
116.0,-509.0,945.0,12:27:53.319703
36.0,-677.0,1226.0,12:27:53.329038
94.0,-608.0,560.0,12:27:53.339541
132.0,-658.0,833.0,12:27:53.348914
33.0,-627.0,969.0,12:27:53.359493
69.0,-490.0,986.0,12:27:53.368821
41.0,-599.0,662.0,12:27:53.378114
-39.0,-309.0,707.0,12:27:53.388659
27.0,-547.0,1057.0,12:27:53.398039
-4.0,-298.0,787.0,12:27:53.408482
23.0,-533.0,1367.0,12:27:53.425011
141.0,-555.0,1127.0,12:27:53.428612
80.0,-700.0,945.0,12:27:53.437886
192.0,-528.0,671.0,12:27:53.447212
227.0,-623.0,651.0,12:27:53.457673
49.0,-168.0,669.0,12:27:53.466979
-50.0,-530.0,1277.0,12:27:53.477411
27.0,-395.0,670.0,12:27:53.486799
36.0,-447.0,927.0,12:27:53.496937
105.0,-531.0,1139.0,12:27:53.506946
41.0,-582.0,982.0,12:27:53.516389
32.0,-381.0,464.0,12:27:53.526935
312.0,-261.0,583.0,12:27:53.536251
-49.0,-506.0,1468.0,12:27:53.545728
-53.0,-426.0,1223.0,12:27:53.556256
57.0,-795.0,1130.0,12:27:53.565657
135.0,-706.0,707.0,12:27:53.576084
138.0,-631.0,961.0,12:27:53.585386
145.0,-711.0,1257.0,12:27:53.595825
144.0,-423.0,435.0,12:27:53.605258
1.0,-438.0,749.0,12:27:53.615641
-88.0,-740.0,1290.0,12:27:53.624955
183.0,-458.0,563.0,12:27:53.634334
-19.0,-253.0,342.0,12:27:53.644873
-30.0,-568.0,1405.0,12:27:53.654271
61.0,-363.0,509.0,12:27:53.664726
-42.0,-505.0,862.0,12:27:53.674163
-52.0,-461.0,1052.0,12:27:53.684588
64.0,-641.0,1135.0,12:27:53.693959
-68.0,-406.0,1066.0,12:27:53.703278
-22.0,-917.0,1623.0,12:27:53.713781
75.0,-798.0,803.0,12:27:53.723093
190.0,-471.0,339.0,12:27:53.733602
-94.0,-593.0,1244.0,12:27:53.742968
-99.0,-285.0,797.0,12:27:53.753499
-158.0,-499.0,768.0,12:27:53.762931
-51.0,-504.0,610.0,12:27:53.772256
-12.0,-485.0,977.0,12:27:53.782660
-235.0,-308.0,876.0,12:27:53.792061
-119.0,-412.0,1134.0,12:27:53.802526
3.0,-522.0,857.0,12:27:53.811892
223.0,-469.0,756.0,12:27:53.827711
33.0,-417.0,975.0,12:27:53.831458
100.0,-649.0,1263.0,12:27:53.841910
157.0,-603.0,801.0,12:27:53.851270
-35.0,-416.0,1269.0,12:27:53.870889
-16.0,-380.0,785.0,12:27:53.881427
79.0,-488.0,585.0,12:27:53.890767
154.0,-753.0,1091.0,12:27:53.901201
163.0,-566.0,713.0,12:27:53.910699
108.0,-733.0,1192.0,12:27:53.921041
31.0,-554.0,937.0,12:27:53.930411
196.0,-176.0,479.0,12:27:53.940810
-41.0,-429.0,1011.0,12:27:53.950200
2.0,-342.0,748.0,12:27:53.960700
24.0,-698.0,1143.0,12:27:53.970099
135.0,-583.0,925.0,12:27:53.979390
68.0,-441.0,1037.0,12:27:53.989986
120.0,-477.0,928.0,12:27:53.999419
182.0,-397.0,538.0,12:27:54.009913
76.0,-822.0,836.0,12:27:54.019389
88.0,-309.0,211.0,12:27:54.028754
-73.0,-338.0,773.0,12:27:54.039339
-85.0,-746.0,1300.0,12:27:54.048743
119.0,-867.0,957.0,12:27:54.058554
81.0,-302.0,42.0,12:27:54.067919
-184.0,-430.0,1696.0,12:27:54.078324
-212.0,-1400.0,2047.0,12:27:54.087689
552.0,-1417.0,1055.0,12:27:54.098168
193.0,-697.0,-708.0,12:27:54.107604
-190.0,-672.0,1202.0,12:27:54.118097
19.0,-761.0,1315.0,12:27:54.127456
44.0,-414.0,102.0,12:27:54.137986
1.0,-415.0,11.0,12:27:54.147326
-92.0,-755.0,1178.0,12:27:54.156652
-185.0,-297.0,1105.0,12:27:54.167100
-142.0,-260.0,589.0,12:27:54.176482
-192.0,-572.0,1068.0,12:27:54.187010
220.0,-659.0,689.0,12:27:54.196464
37.0,-373.0,892.0,12:27:54.206883
45.0,-575.0,1203.0,12:27:54.216314
-77.0,-666.0,1511.0,12:27:54.226699
-8.0,-583.0,575.0,12:27:54.236031
100.0,-426.0,474.0,12:27:54.245417
-4.0,-407.0,708.0,12:27:54.255938
-70.0,-468.0,1213.0,12:27:54.265228
-69.0,-267.0,595.0,12:27:54.275747
-6.0,-638.0,1243.0,12:27:54.285004
58.0,-447.0,1109.0,12:27:54.295579
113.0,-607.0,800.0,12:27:54.304916
12.0,-533.0,651.0,12:27:54.315316
134.0,-508.0,989.0,12:27:54.324717
-163.0,-308.0,739.0,12:27:54.334042
-79.0,-267.0,699.0,12:27:54.344590
75.0,-356.0,581.0,12:27:54.353921
-90.0,-377.0,960.0,12:27:54.364468
84.0,-578.0,1131.0,12:27:54.373726
10.0,-440.0,468.0,12:27:54.384189
23.0,-613.0,790.0,12:27:54.393405
110.0,-524.0,917.0,12:27:54.404049
47.0,-460.0,762.0,12:27:54.413366
32.0,-207.0,140.0,12:27:54.423838
101.0,-495.0,550.0,12:27:54.433199
108.0,-531.0,1509.0,12:27:54.442558
-165.0,-486.0,2047.0,12:27:54.452965
-4.0,-322.0,1475.0,12:27:54.462311
