85.0,-481.0,704.0,12:32:52.401490
109.0,-524.0,1034.0,12:32:52.411848
-29.0,-302.0,1081.0,12:32:52.421239
-41.0,-472.0,1199.0,12:32:52.430621
64.0,-544.0,878.0,12:32:52.441156
61.0,-519.0,826.0,12:32:52.450415
111.0,-592.0,910.0,12:32:52.460866
117.0,-611.0,1291.0,12:32:52.470131
90.0,-496.0,943.0,12:32:52.480710
-11.0,-550.0,718.0,12:32:52.490092
98.0,-502.0,819.0,12:32:52.500658
54.0,-607.0,961.0,12:32:52.509977
-121.0,-99.0,378.0,12:32:52.519470
-135.0,-747.0,1535.0,12:32:52.529890
66.0,-863.0,1357.0,12:32:52.539324
150.0,-631.0,250.0,12:32:52.549889
-167.0,-443.0,601.0,12:32:52.559184
65.0,-485.0,1380.0,12:32:52.568575
79.0,-760.0,1329.0,12:32:52.578988
-92.0,-473.0,34.0,12:32:52.588333
-141.0,-326.0,426.0,12:32:52.598709
-73.0,-491.0,1096.0,12:32:52.608064
-177.0,-684.0,1784.0,12:32:52.618574
13.0,-720.0,893.0,12:32:52.627899
-81.0,-660.0,636.0,12:32:52.638287
47.0,-492.0,569.0,12:32:52.647609
-11.0,-554.0,1315.0,12:32:52.658019
-9.0,-462.0,1106.0,12:32:52.667464
9.0,-330.0,247.0,12:32:52.677996
-80.0,-627.0,747.0,12:32:52.687444
-88.0,-429.0,1332.0,12:32:52.696688
-128.0,-377.0,865.0,12:32:52.707229
25.0,-540.0,1069.0,12:32:52.716479
-85.0,-831.0,1325.0,12:32:52.726953
141.0,-1025.0,1257.0,12:32:52.736359
35.0,-516.0,359.0,12:32:52.746976
-60.0,-239.0,535.0,12:32:52.756357
-20.0,-373.0,1266.0,12:32:52.766810
-36.0,-474.0,818.0,12:32:52.776242
106.0,-577.0,496.0,12:32:52.785663
-120.0,-636.0,741.0,12:32:52.796090
146.0,-418.0,854.0,12:32:52.805452
-12.0,-329.0,1477.0,12:32:52.816007
-36.0,-478.0,921.0,12:32:52.825264
93.0,-362.0,363.0,12:32:52.835810
29.0,-595.0,1003.0,12:32:52.845123
74.0,-392.0,951.0,12:32:52.854488
-137.0,-438.0,1562.0,12:32:52.865091
-15.0,-704.0,1152.0,12:32:52.874396
130.0,-599.0,465.0,12:32:52.884860
72.0,-480.0,989.0,12:32:52.894194
58.0,-447.0,991.0,12:32:52.904554
32.0,-570.0,893.0,12:32:52.913998
-65.0,-390.0,912.0,12:32:52.924421
-17.0,-572.0,742.0,12:32:52.933797
143.0,-305.0,727.0,12:32:52.943138
-152.0,-411.0,1294.0,12:32:52.953664
-26.0,-472.0,1175.0,12:32:52.963025
141.0,-759.0,1020.0,12:32:52.973586
146.0,-719.0,659.0,12:32:52.982931
26.0,-576.0,828.0,12:32:52.993364
71.0,-375.0,914.0,12:32:53.003335
-40.0,-362.0,850.0,12:32:53.012714
162.0,-467.0,526.0,12:32:53.022075
170.0,-682.0,801.0,12:32:53.032482
-224.0,-443.0,1278.0,12:32:53.041828
-13.0,-495.0,950.0,12:32:53.052239
-267.0,-434.0,1050.0,12:32:53.061728
-27.0,-403.0,880.0,12:32:53.072234
210.0,-728.0,899.0,12:32:53.081518
-138.0,-472.0,1125.0,12:32:53.092118
-66.0,-586.0,1124.0,12:32:53.101377
-36.0,-498.0,937.0,12:32:53.110731
127.0,-595.0,709.0,12:32:53.121203
-25.0,-318.0,664.0,12:32:53.130610
-78.0,-387.0,889.0,12:32:53.141047
-10.0,-338.0,1014.0,12:32:53.150416
117.0,-580.0,1034.0,12:32:53.160838
150.0,-625.0,661.0,12:32:53.170291
67.0,-429.0,982.0,12:32:53.180714
63.0,-538.0,1145.0,12:32:53.190028
-57.0,-469.0,886.0,12:32:53.200593
85.0,-385.0,533.0,12:32:53.209950
39.0,-393.0,770.0,12:32:53.219337
137.0,-594.0,1035.0,12:32:53.229922
54.0,-394.0,810.0,12:32:53.239134
-97.0,-575.0,1157.0,12:32:53.249810
97.0,-567.0,1139.0,12:32:53.259089
60.0,-706.0,867.0,12:32:53.268493
-8.0,-501.0,798.0,12:32:53.279026
43.0,-540.0,1004.0,12:32:53.288425
136.0,-475.0,942.0,12:32:53.298914
127.0,-432.0,1164.0,12:32:53.308254
-78.0,-488.0,949.0,12:32:53.318752
108.0,-538.0,687.0,12:32:53.328186
53.0,-413.0,770.0,12:32:53.337553
3.0,-528.0,1049.0,12:32:53.347948
-5.0,-450.0,832.0,12:32:53.357603
183.0,-456.0,790.0,12:32:53.368019
-102.0,-503.0,956.0,12:32:53.377542
13.0,-441.0,833.0,12:32:53.386806
61.0,-471.0,1060.0,12:32:53.404151
104.0,-487.0,813.0,12:32:53.407810
138.0,-442.0,918.0,12:32:53.417098
10.0,-480.0,917.0,12:32:53.426425
133.0,-565.0,1223.0,12:32:53.436879
132.0,-509.0,960.0,12:32:53.446406
148.0,-665.0,870.0,12:32:53.456781
171.0,-358.0,793.0,12:32:53.466181
79.0,-569.0,938.0,12:32:53.476586
61.0,-316.0,794.0,12:32:53.486002
-28.0,-621.0,1068.0,12:32:53.495224
129.0,-474.0,858.0,12:32:53.505722
119.0,-465.0,1149.0,12:32:53.515093
-8.0,-441.0,994.0,12:32:53.525612
84.0,-351.0,686.0,12:32:53.534844
76.0,-384.0,798.0,12:32:53.545298
-96.0,-312.0,915.0,12:32:53.554519
-109.0,-485.0,1123.0,12:32:53.565113
26.0,-609.0,1113.0,12:32:53.574391
59.0,-515.0,965.0,12:32:53.584747
33.0,-581.0,886.0,12:32:53.594119
111.0,-459.0,967.0,12:32:53.604674
234.0,-207.0,521.0,12:32:53.613930
173.0,-391.0,1253.0,12:32:53.623357
65.0,-529.0,1003.0,12:32:53.633832
169.0,-372.0,728.0,12:32:53.643196
174.0,-520.0,1270.0,12:32:53.653677
136.0,-738.0,1201.0,12:32:53.663010
89.0,-553.0,817.0,12:32:53.673486
13.0,-336.0,533.0,12:32:53.682991
149.0,-446.0,909.0,12:32:53.693368
66.0,-460.0,1127.0,12:32:53.702640
-12.0,-541.0,989.0,12:32:53.713084
30.0,-571.0,927.0,12:32:53.722439
197.0,-602.0,864.0,12:32:53.731878
62.0,-452.0,931.0,12:32:53.742396
73.0,-527.0,1054.0,12:32:53.751778
29.0,-551.0,927.0,12:32:53.762421
-94.0,-629.0,685.0,12:32:53.771787
78.0,-463.0,852.0,12:32:53.781073
-10.0,-572.0,1182.0,12:32:53.791515
-79.0,-511.0,893.0,12:32:53.800839
-30.0,-500.0,655.0,12:32:53.811278
57.0,-652.0,909.0,12:32:53.820641
19.0,-546.0,933.0,12:32:53.831212
20.0,-618.0,1241.0,12:32:53.840639
-16.0,-520.0,857.0,12:32:53.851049
-8.0,-557.0,703.0,12:32:53.860374
-4.0,-610.0,1025.0,12:32:53.870878
104.0,-497.0,726.0,12:32:53.880173
-61.0,-430.0,888.0,12:32:53.890683
13.0,-607.0,948.0,12:32:53.899973
15.0,-459.0,805.0,12:32:53.909419
25.0,-469.0,1014.0,12:32:53.919928
47.0,-565.0,1020.0,12:32:53.929407
-36.0,-518.0,840.0,12:32:53.939797
8.0,-646.0,910.0,12:32:53.949165
94.0,-536.0,851.0,12:32:53.958538
-12.0,-553.0,792.0,12:32:53.968961
33.0,-435.0,779.0,12:32:53.978253
-51.0,-517.0,985.0,12:32:53.997854
5.0,-516.0,837.0,12:32:54.008399
-51.0,-600.0,945.0,12:32:54.017641
159.0,-585.0,1049.0,12:32:54.028177
-100.0,-479.0,832.0,12:32:54.037467
26.0,-392.0,823.0,12:32:54.047958
-11.0,-538.0,1066.0,12:32:54.057484
114.0,-492.0,1067.0,12:32:54.068061
118.0,-377.0,707.0,12:32:54.077419
97.0,-406.0,891.0,12:32:54.086787
-2.0,-359.0,1037.0,12:32:54.097163
68.0,-486.0,1090.0,12:32:54.106537
20.0,-485.0,696.0,12:32:54.116968
163.0,-425.0,915.0,12:32:54.126341
72.0,-540.0,1342.0,12:32:54.136755
63.0,-559.0,739.0,12:32:54.146157
98.0,-387.0,723.0,12:32:54.156560
121.0,-443.0,1081.0,12:32:54.165844
-5.0,-420.0,1032.0,12:32:54.176375
77.0,-570.0,924.0,12:32:54.185745
34.0,-361.0,677.0,12:32:54.195154
57.0,-546.0,1159.0,12:32:54.205861
116.0,-548.0,1044.0,12:32:54.215431
51.0,-542.0,746.0,12:32:54.224724
233.0,-458.0,934.0,12:32:54.235363
-13.0,-467.0,869.0,12:32:54.244673
106.0,-539.0,1005.0,12:32:54.255232
171.0,-483.0,924.0,12:32:54.264581
150.0,-605.0,930.0,12:32:54.274075
-35.0,-429.0,888.0,12:32:54.284510
-52.0,-569.0,948.0,12:32:54.293839
70.0,-459.0,789.0,12:32:54.304255
1.0,-368.0,602.0,12:32:54.313670
13.0,-405.0,875.0,12:32:54.324107
-11.0,-551.0,990.0,12:32:54.333435
40.0,-422.0,760.0,12:32:54.343983
-86.0,-498.0,1295.0,12:32:54.353416
145.0,-679.0,1243.0,12:32:54.362679
182.0,-792.0,1080.0,12:32:54.373163
113.0,-660.0,989.0,12:32:54.382513
-65.0,-516.0,786.0,12:32:54.393009
20.0,-347.0,422.0,12:32:54.402281
-44.0,-557.0,1213.0,12:32:54.412795
64.0,-430.0,678.0,12:32:54.422070
-120.0,-515.0,591.0,12:32:54.432553
-85.0,-425.0,1037.0,12:32:54.441894
-12.0,-691.0,1248.0,12:32:54.452505
-93.0,-172.0,424.0,12:32:54.461857
13.0,-591.0,1214.0,12:32:54.471221
-38.0,-748.0,1520.0,12:32:54.481647
102.0,-852.0,944.0,12:32:54.490997
-154.0,-591.0,451.0,12:32:54.501349
-72.0,-738.0,1024.0,12:32:54.510729
-117.0,-353.0,731.0,12:32:54.521145
61.0,-414.0,631.0,12:32:54.530582
-123.0,-298.0,456.0,12:32:54.541042
-120.0,-543.0,1014.0,12:32:54.550430
27.0,-493.0,1120.0,12:32:54.560804
1.0,-494.0,1109.0,12:32:54.570146
-78.0,-611.0,1119.0,12:32:54.580632
226.0,-413.0,657.0,12:32:54.590073
-171.0,-409.0,767.0,12:32:54.607486
14.0,-417.0,813.0,12:32:54.610562
-108.0,-643.0,1244.0,12:32:54.619826
-177.0,-420.0,776.0,12:32:54.629230
-40.0,-547.0,735.0,12:32:54.638701
190.0,-681.0,1311.0,12:32:54.649148
242.0,-742.0,1307.0,12:32:54.658597
55.0,-431.0,194.0,12:32:54.669093
93.0,-483.0,632.0,12:32:54.678463
-49.0,-295.0,1045.0,12:32:54.688906
-55.0,-454.0,1577.0,12:32:54.698190
28.0,-654.0,962.0,12:32:54.708867
152.0,-256.0,180.0,12:32:54.718114
192.0,-199.0,884.0,12:32:54.727518
123.0,-503.0,1305.0,12:32:54.737923
40.0,-521.0,1286.0,12:32:54.747274
183.0,-467.0,822.0,12:32:54.757660
267.0,-631.0,863.0,12:32:54.767051
-26.0,-448.0,708.0,12:32:54.777436
160.0,-169.0,601.0,12:32:54.786842
105.0,-533.0,1338.0,12:32:54.797351
153.0,-586.0,1099.0,12:32:54.806722
90.0,-738.0,1163.0,12:32:54.817190
165.0,-283.0,493.0,12:32:54.826689
-24.0,-376.0,1319.0,12:32:54.835956
54.0,-547.0,961.0,12:32:54.846448
85.0,-417.0,426.0,12:32:54.855713
134.0,-318.0,735.0,12:32:54.866285
28.0,-620.0,1266.0,12:32:54.875549
46.0,-310.0,852.0,12:32:54.885931
33.0,-430.0,913.0,12:32:54.895248
82.0,-674.0,1376.0,12:32:54.905669
100.0,-530.0,932.0,12:32:54.914963
32.0,-581.0,861.0,12:32:54.925415
114.0,-311.0,562.0,12:32:54.934758
-49.0,-412.0,1098.0,12:32:54.945192
193.0,-572.0,950.0,12:32:54.954515
106.0,-832.0,1468.0,12:32:54.964869
-9.0,-629.0,938.0,12:32:54.974257
-5.0,-457.0,157.0,12:32:54.984737
135.0,-350.0,597.0,12:32:54.994103
-8.0,-276.0,1237.0,12:32:55.004480
-114.0,-609.0,1393.0,12:32:55.013885
124.0,-695.0,551.0,12:32:55.023237
42.0,-457.0,892.0,12:32:55.033708
-29.0,-543.0,1552.0,12:32:55.043059
27.0,-728.0,1063.0,12:32:55.053670
-20.0,-393.0,61.0,12:32:55.062912
71.0,-557.0,939.0,12:32:55.073435
1.0,-428.0,929.0,12:32:55.082714
14.0,-454.0,1166.0,12:32:55.093207
-109.0,-759.0,1451.0,12:32:55.102491
201.0,-803.0,565.0,12:32:55.111835
101.0,-374.0,184.0,12:32:55.122229
11.0,-451.0,1391.0,12:32:55.131753
-58.0,-399.0,1301.0,12:32:55.142182
170.0,-494.0,549.0,12:32:55.151620
-85.0,-363.0,665.0,12:32:55.162113
25.0,-689.0,1328.0,12:32:55.171596
-186.0,-568.0,1185.0,12:32:55.180864
34.0,-457.0,832.0,12:32:55.191326
264.0,-460.0,494.0,12:32:55.200675
-47.0,-406.0,621.0,12:32:55.211225
82.0,-418.0,1008.0,12:32:55.220585
30.0,-643.0,1554.0,12:32:55.231147
45.0,-433.0,423.0,12:32:55.240583
353.0,-466.0,438.0,12:32:55.249982
-113.0,-593.0,1731.0,12:32:55.260385
-82.0,-544.0,1140.0,12:32:55.269736
232.0,-824.0,407.0,12:32:55.280174
32.0,-324.0,157.0,12:32:55.289565
-271.0,-112.0,1311.0,12:32:55.299942
-215.0,-515.0,1257.0,12:32:55.309502
-90.0,-978.0,1175.0,12:32:55.319931
-20.0,-498.0,879.0,12:32:55.329574
253.0,-611.0,581.0,12:32:55.338890
-2.0,-242.0,552.0,12:32:55.349421
4.0,-366.0,1504.0,12:32:55.358733
-61.0,-390.0,1092.0,12:32:55.368133
29.0,-816.0,1128.0,12:32:55.378656
117.0,-456.0,146.0,12:32:55.388034
-113.0,-511.0,755.0,12:32:55.398521
168.0,-302.0,1327.0,12:32:55.411348
97.0,-577.0,1448.0,12:32:55.417631
-161.0,-382.0,137.0,12:32:55.428058
13.0,-486.0,818.0,12:32:55.437465
18.0,-234.0,1289.0,12:32:55.447843
166.0,-876.0,2047.0,12:32:55.457223
131.0,-525.0,399.0,12:32:55.467689
353.0,-573.0,-126.0,12:32:55.477011
3.0,-306.0,859.0,12:32:55.487459
-68.0,-286.0,1434.0,12:32:55.496834
30.0,-628.0,1610.0,12:32:55.506275
-22.0,-491.0,502.0,12:32:55.516794
219.0,-481.0,244.0,12:32:55.526054
-57.0,-652.0,1386.0,12:32:55.536621
1.0,-158.0,1232.0,12:32:55.545897
235.0,-834.0,1550.0,12:32:55.556380
95.0,-629.0,92.0,12:32:55.565671
-50.0,-116.0,200.0,12:32:55.576269
37.0,-707.0,1883.0,12:32:55.585487
-28.0,-470.0,963.0,12:32:55.595960
-89.0,-570.0,927.0,12:32:55.605190
122.0,-238.0,179.0,12:32:55.615703
55.0,-359.0,633.0,12:32:55.625169
78.0,-548.0,1970.0,12:32:55.634507
107.0,-527.0,1041.0,12:32:55.645048
120.0,-414.0,491.0,12:32:55.654515
242.0,-360.0,655.0,12:32:55.663854
-45.0,-900.0,1564.0,12:32:55.674314
134.0,-361.0,622.0,12:32:55.683568
76.0,-569.0,981.0,12:32:55.694183
-138.0,-313.0,887.0,12:32:55.703500
28.0,-529.0,635.0,12:32:55.714008
122.0,-266.0,285.0,12:32:55.723425
-183.0,-391.0,1156.0,12:32:55.732934
190.0,-751.0,1940.0,12:32:55.743398
-56.0,-560.0,767.0,12:32:55.752876
-81.0,-612.0,882.0,12:32:55.763322
122.0,-920.0,1598.0,12:32:55.772854
185.0,-345.0,369.0,12:32:55.783200
-98.0,-198.0,772.0,12:32:55.792628
-179.0,-859.0,1254.0,12:32:55.809647
280.0,-379.0,408.0,12:32:55.813508
-209.0,-452.0,800.0,12:32:55.821872
36.0,-831.0,1301.0,12:32:55.832370
224.0,-403.0,458.0,12:32:55.841764
-75.0,-529.0,1361.0,12:32:55.852130
95.0,-350.0,1359.0,12:32:55.861501
223.0,-697.0,501.0,12:32:55.871894
39.0,-147.0,284.0,12:32:55.881215
-51.0,-329.0,1081.0,12:32:55.890571
-140.0,-616.0,1369.0,12:32:55.901147
-35.0,-747.0,1337.0,12:32:55.910549
226.0,-418.0,453.0,12:32:55.920984
-39.0,-645.0,907.0,12:32:55.930394
109.0,-331.0,539.0,12:32:55.940867
19.0,-568.0,1315.0,12:32:55.950131
-65.0,-826.0,1362.0,12:32:55.960679
134.0,-567.0,367.0,12:32:55.969973
165.0,-474.0,595.0,12:32:55.979407
0.0,-477.0,1480.0,12:32:55.989938
66.0,-239.0,384.0,12:32:55.999315
113.0,-568.0,615.0,12:32:56.009780
94.0,-533.0,1182.0,12:32:56.019136
-331.0,-897.0,1655.0,12:32:56.029631
107.0,-947.0,655.0,12:32:56.038922
130.0,-469.0,334.0,12:32:56.048292
106.0,-545.0,932.0,12:32:56.058849
-75.0,-528.0,1282.0,12:32:56.068205
-43.0,-643.0,1101.0,12:32:56.078671
-51.0,-333.0,386.0,12:32:56.088070
-52.0,-202.0,416.0,12:32:56.097546
-257.0,-448.0,1380.0,12:32:56.108104
-44.0,-263.0,905.0,12:32:56.117497
-16.0,-455.0,862.0,12:32:56.127958
-177.0,-314.0,991.0,12:32:56.137499
85.0,-627.0,1586.0,12:32:56.146855
-57.0,-445.0,842.0,12:32:56.157351
280.0,-645.0,889.0,12:32:56.166730
-77.0,-510.0,1436.0,12:32:56.177178
-124.0,-480.0,705.0,12:32:56.186584
-17.0,-299.0,178.0,12:32:56.197006
-45.0,-42.0,513.0,12:32:56.206499
-43.0,-64.0,547.0,12:32:56.215871
-15.0,-680.0,1328.0,12:32:56.226387
-145.0,-991.0,2047.0,12:32:56.235778
2.0,-639.0,633.0,12:32:56.246404
120.0,-633.0,494.0,12:32:56.255700
-32.0,-714.0,1423.0,12:32:56.266107
175.0,-614.0,1102.0,12:32:56.275365
-120.0,-343.0,250.0,12:32:56.285877
3.0,-402.0,487.0,12:32:56.295247
-109.0,-344.0,1292.0,12:32:56.304633
112.0,-783.0,1521.0,12:32:56.315197
69.0,-623.0,364.0,12:32:56.324611
95.0,-508.0,548.0,12:32:56.335091
-254.0,-212.0,1050.0,12:32:56.344401
5.0,-396.0,1229.0,12:32:56.354802
-97.0,-217.0,803.0,12:32:56.364161
78.0,-665.0,967.0,12:32:56.373577
92.0,-596.0,883.0,12:32:56.384139
-10.0,-296.0,638.0,12:32:56.393454
25.0,-485.0,1443.0,12:32:56.404080
105.0,-582.0,1131.0,12:32:56.413308
169.0,-452.0,354.0,12:32:56.423753
31.0,-644.0,975.0,12:32:56.433065
-32.0,-489.0,946.0,12:32:56.443565
152.0,-561.0,570.0,12:32:56.452923
116.0,-182.0,897.0,12:32:56.463350
-26.0,-510.0,1097.0,12:32:56.472644
159.0,-526.0,836.0,12:32:56.482097
102.0,-552.0,821.0,12:32:56.492443
158.0,-518.0,1255.0,12:32:56.501961
293.0,-695.0,1235.0,12:32:56.512357
214.0,-452.0,485.0,12:32:56.521813
113.0,-474.0,346.0,12:32:56.532246
364.0,-523.0,743.0,12:32:56.541655
-106.0,-498.0,1541.0,12:32:56.551052
-13.0,-510.0,1030.0,12:32:56.561681
147.0,-512.0,490.0,12:32:56.570962
16.0,-427.0,932.0,12:32:56.581575
-116.0,-356.0,1701.0,12:32:56.590918
121.0,-686.0,1338.0,12:32:56.600306
60.0,-125.0,-278.0,12:32:56.612677
25.0,-199.0,667.0,12:32:56.620992
53.0,-467.0,1583.0,12:32:56.630308
-3.0,-374.0,1107.0,12:32:56.639697
-125.0,-676.0,1699.0,12:32:56.650177
105.0,-824.0,849.0,12:32:56.659603
143.0,-507.0,702.0,12:32:56.670052
153.0,-591.0,876.0,12:32:56.679463
189.0,-367.0,595.0,12:32:56.690007
70.0,-442.0,900.0,12:32:56.699440
-210.0,-424.0,805.0,12:32:56.708790
80.0,-537.0,672.0,12:32:56.719334
32.0,-769.0,1500.0,12:32:56.728667
38.0,-604.0,811.0,12:32:56.739180
42.0,-580.0,829.0,12:32:56.748524
167.0,-479.0,467.0,12:32:56.757909
-63.0,-385.0,768.0,12:32:56.768317
59.0,-517.0,1182.0,12:32:56.777685
20.0,-789.0,1432.0,12:32:56.788090
60.0,-736.0,832.0,12:32:56.797513
-3.0,-310.0,89.0,12:32:56.807881
10.0,-435.0,1662.0,12:32:56.817216
86.0,-341.0,1142.0,12:32:56.827683
93.0,-534.0,656.0,12:32:56.837056
-31.0,-31.0,133.0,12:32:56.847459
-70.0,-290.0,986.0,12:32:56.856923
-210.0,-309.0,1212.0,12:32:56.867404
-5.0,-388.0,764.0,12:32:56.876862
208.0,-192.0,606.0,12:32:56.886286
-78.0,-418.0,1358.0,12:32:56.896843
35.0,-925.0,1884.0,12:32:56.906261
211.0,-502.0,594.0,12:32:56.915634
69.0,-1120.0,2047.0,12:32:56.926044
302.0,-414.0,166.0,12:32:56.935319
121.0,-610.0,872.0,12:32:56.945792
-6.0,-450.0,478.0,12:32:56.955211
85.0,87.0,-327.0,12:32:56.965571
-260.0,-151.0,1064.0,12:32:56.974863
41.0,-444.0,1836.0,12:32:56.985374
122.0,-707.0,1683.0,12:32:56.994668
-46.0,-748.0,673.0,12:32:57.013075
158.0,-862.0,1065.0,12:32:57.015756
210.0,-673.0,1597.0,12:32:57.025113
175.0,-211.0,19.0,12:32:57.034548
72.0,-243.0,397.0,12:32:57.043980
-136.0,-640.0,1457.0,12:32:57.054598
-18.0,-588.0,819.0,12:32:57.064015
-99.0,55.0,-87.0,12:32:57.073422
-9.0,-368.0,1437.0,12:32:57.083996
154.0,-779.0,1490.0,12:32:57.093330
210.0,-731.0,677.0,12:32:57.103899
168.0,-321.0,857.0,12:32:57.113334
56.0,-496.0,1359.0,12:32:57.122628
51.0,-517.0,402.0,12:32:57.133118
29.0,-383.0,539.0,12:32:57.142417
272.0,-955.0,1915.0,12:32:57.152957
27.0,-804.0,1585.0,12:32:57.162221
15.0,-842.0,662.0,12:32:57.172633
176.0,-652.0,190.0,12:32:57.181943
147.0,-467.0,501.0,12:32:57.192368
58.0,-288.0,267.0,12:32:57.201774
6.0,-636.0,949.0,12:32:57.212190
-281.0,-665.0,1619.0,12:32:57.221542
146.0,-564.0,658.0,12:32:57.231963
-227.0,-123.0,611.0,12:32:57.241304
-178.0,-190.0,1219.0,12:32:57.251763
-74.0,-655.0,1322.0,12:32:57.261132
-33.0,-392.0,455.0,12:32:57.271556
69.0,-619.0,1033.0,12:32:57.280959
-105.0,-632.0,1023.0,12:32:57.290235
293.0,-535.0,592.0,12:32:57.300827
11.0,-511.0,683.0,12:32:57.310173
-133.0,-663.0,1822.0,12:32:57.320692
-306.0,-577.0,1237.0,12:32:57.329984
22.0,-792.0,756.0,12:32:57.340603
-15.0,-274.0,702.0,12:32:57.349855
258.0,-970.0,1302.0,12:32:57.359328
-239.0,-412.0,132.0,12:32:57.369859
-24.0,-107.0,752.0,12:32:57.379166
-230.0,-510.0,1563.0,12:32:57.389719
86.0,-726.0,1329.0,12:32:57.398990
-71.0,-354.0,248.0,12:32:57.409733
13.0,-570.0,524.0,12:32:57.419039
-33.0,-19.0,1236.0,12:32:57.428342
119.0,-464.0,1523.0,12:32:57.438790
-22.0,-363.0,597.0,12:32:57.448116
113.0,-641.0,636.0,12:32:57.458589
93.0,-325.0,802.0,12:32:57.467969
176.0,-666.0,1827.0,12:32:57.478495
52.0,-341.0,1255.0,12:32:57.487939
6.0,-359.0,121.0,12:32:57.497316
189.0,-155.0,217.0,12:32:57.507940
251.0,-639.0,1296.0,12:32:57.517314
77.0,-216.0,955.0,12:32:57.526744
-32.0,-848.0,1865.0,12:32:57.537283
72.0,-609.0,665.0,12:32:57.546645
21.0,-775.0,728.0,12:32:57.557078
34.0,-456.0,957.0,12:32:57.566470
277.0,-523.0,825.0,12:32:57.576870
-58.0,-343.0,623.0,12:32:57.586366
-191.0,-149.0,281.0,12:32:57.595666
-168.0,-395.0,1173.0,12:32:57.606376
-39.0,-832.0,1683.0,12:32:57.615651
181.0,-913.0,670.0,12:32:57.626187
26.0,-44.0,-19.0,12:32:57.635431
-21.0,-371.0,1468.0,12:32:57.645937
-100.0,-653.0,1626.0,12:32:57.655223
228.0,-439.0,597.0,12:32:57.665671
71.0,-374.0,319.0,12:32:57.674937
115.0,-711.0,1430.0,12:32:57.685518
204.0,-557.0,957.0,12:32:57.694840
198.0,-346.0,252.0,12:32:57.704162
-68.0,-494.0,1120.0,12:32:57.714658
90.0,-533.0,1430.0,12:32:57.724190
29.0,-542.0,828.0,12:32:57.734566
21.0,-571.0,873.0,12:32:57.743981
76.0,-426.0,898.0,12:32:57.754438
198.0,-251.0,980.0,12:32:57.763794
-132.0,-616.0,1041.0,12:32:57.774156
78.0,-665.0,1495.0,12:32:57.783470
265.0,-677.0,710.0,12:32:57.793947
37.0,-355.0,797.0,12:32:57.803261
146.0,-519.0,1107.0,12:32:57.818043
242.0,-656.0,539.0,12:32:57.822655
183.0,-633.0,521.0,12:32:57.833085
-122.0,-419.0,940.0,12:32:57.842343
131.0,-829.0,1297.0,12:32:57.852965
75.0,-403.0,554.0,12:32:57.862351
-150.0,-501.0,1192.0,12:32:57.871765
55.0,-345.0,466.0,12:32:57.882200
-11.0,-352.0,577.0,12:32:57.891576
-165.0,-549.0,1625.0,12:32:57.901930
149.0,-1012.0,1076.0,12:32:57.911263
-46.0,-411.0,357.0,12:32:57.921744
126.0,-884.0,1579.0,12:32:57.931170
148.0,-360.0,516.0,12:32:57.941583
-118.0,-148.0,413.0,12:32:57.950977
-152.0,-611.0,1308.0,12:32:57.961406
-166.0,-622.0,1103.0,12:32:57.970886
27.0,-475.0,602.0,12:32:57.980281
-4.0,-318.0,932.0,12:32:57.990733
-80.0,-435.0,1213.0,12:32:58.000148
-95.0,-372.0,502.0,12:32:58.010747
131.0,-489.0,789.0,12:32:58.020146
150.0,-473.0,1331.0,12:32:58.029540
-161.0,-483.0,857.0,12:32:58.039996
40.0,-1142.0,1865.0,12:32:58.050051
241.0,-411.0,682.0,12:32:58.059562
-38.0,-743.0,830.0,12:32:58.068885
90.0,-624.0,310.0,12:32:58.079468
63.0,279.0,-180.0,12:32:58.088879
-66.0,-544.0,2047.0,12:32:58.099366
29.0,-937.0,-480.0,12:32:58.117833
42.0,162.0,-141.0,12:32:58.128377
-202.0,-155.0,1513.0,12:32:58.138863
-36.0,-334.0,1184.0,12:32:58.148149
-15.0,-325.0,567.0,12:32:58.157532
-31.0,-504.0,859.0,12:32:58.167995
-4.0,-355.0,1055.0,12:32:58.177348
-30.0,-279.0,1214.0,12:32:58.187785
80.0,-827.0,1852.0,12:32:58.197108
395.0,-912.0,654.0,12:32:58.207589
253.0,-374.0,-56.0,12:32:58.217565
9.0,-153.0,735.0,12:32:58.227188
-219.0,-454.0,1745.0,12:32:58.236513
-218.0,-251.0,518.0,12:32:58.246968
-18.0,-315.0,28.0,12:32:58.256445
354.0,-342.0,903.0,12:32:58.266845
155.0,-492.0,1811.0,12:32:58.276310
-18.0,-575.0,1316.0,12:32:58.285681
320.0,-974.0,1373.0,12:32:58.296431
202.0,-698.0,751.0,12:32:58.305782
370.0,-375.0,836.0,12:32:58.316260
217.0,-555.0,746.0,12:32:58.325622
313.0,-786.0,1063.0,12:32:58.335079
123.0,-453.0,317.0,12:32:58.345465
-107.0,-700.0,1217.0,12:32:58.354736
252.0,-489.0,443.0,12:32:58.365231
-86.0,-385.0,1201.0,12:32:58.374762
-80.0,-299.0,1196.0,12:32:58.385229
112.0,-438.0,574.0,12:32:58.394533
92.0,-700.0,1026.0,12:32:58.405030
34.0,-391.0,839.0,12:32:58.414335
-163.0,-196.0,954.0,12:32:58.423602
-111.0,-471.0,1231.0,12:32:58.434242
-10.0,-493.0,1337.0,12:32:58.443578
77.0,-703.0,860.0,12:32:58.454219
-125.0,-619.0,376.0,12:32:58.463630
269.0,-645.0,855.0,12:32:58.472977
-36.0,-346.0,1353.0,12:32:58.483408
91.0,-478.0,739.0,12:32:58.492864
59.0,-589.0,406.0,12:32:58.503260
6.0,-536.0,654.0,12:32:58.512555
-60.0,-344.0,1160.0,12:32:58.522966
-104.0,-431.0,1232.0,12:32:58.532419
-44.0,-289.0,650.0,12:32:58.542941
2.0,-952.0,1100.0,12:32:58.552290
130.0,-371.0,514.0,12:32:58.561728
55.0,-767.0,1210.0,12:32:58.572220
3.0,-530.0,1161.0,12:32:58.581471
62.0,-801.0,636.0,12:32:58.591949
249.0,-280.0,84.0,12:32:58.601219
-216.0,-161.0,1017.0,12:32:58.611815
-265.0,-453.0,1927.0,12:32:58.621141
191.0,-642.0,1149.0,12:32:58.631717
-37.0,-306.0,93.0,12:32:58.641090
7.0,-662.0,1582.0,12:32:58.650576
76.0,-548.0,1599.0,12:32:58.660901
106.0,-490.0,884.0,12:32:58.670218
42.0,-345.0,307.0,12:32:58.680703
230.0,-447.0,929.0,12:32:58.690108
86.0,-372.0,1111.0,12:32:58.700564
69.0,-302.0,790.0,12:32:58.709868
49.0,-376.0,568.0,12:32:58.720230
40.0,-122.0,528.0,12:32:58.729572
46.0,-621.0,1653.0,12:32:58.739944
2.0,-493.0,1192.0,12:32:58.749400
82.0,-609.0,683.0,12:32:58.759769
6.0,-517.0,605.0,12:32:58.769116
-24.0,-587.0,805.0,12:32:58.778477
42.0,-770.0,1696.0,12:32:58.789064
67.0,-586.0,478.0,12:32:58.798323
76.0,-720.0,669.0,12:32:58.808893
91.0,-550.0,581.0,12:32:58.818151
-57.0,-513.0,1136.0,12:32:58.828710
-72.0,-606.0,1092.0,12:32:58.838000
140.0,-449.0,652.0,12:32:58.847535
-91.0,-466.0,874.0,12:32:58.858027
-41.0,-311.0,997.0,12:32:58.867411
-58.0,-410.0,990.0,12:32:58.877812
-163.0,-426.0,1147.0,12:32:58.887204
115.0,-828.0,1407.0,12:32:58.897691
67.0,-469.0,561.0,12:32:58.907105
83.0,-644.0,960.0,12:32:58.917560
44.0,-588.0,754.0,12:32:58.926915
104.0,-295.0,141.0,12:32:58.936219
36.0,-345.0,1149.0,12:32:58.946669
-7.0,-618.0,1390.0,12:32:58.955906
-213.0,-610.0,1033.0,12:32:58.966455
15.0,-577.0,851.0,12:32:58.975741
31.0,-326.0,685.0,12:32:58.986215
27.0,-666.0,1130.0,12:32:58.995490
40.0,-264.0,528.0,12:32:59.006023
-36.0,-438.0,1129.0,12:32:59.018416
58.0,-551.0,1328.0,12:32:59.025376
71.0,-686.0,999.0,12:32:59.034683
14.0,-555.0,406.0,12:32:59.045127
59.0,-341.0,372.0,12:32:59.054522
39.0,-516.0,1355.0,12:32:59.065055
-270.0,-574.0,1562.0,12:32:59.074493
91.0,-418.0,311.0,12:32:59.084890
284.0,-439.0,423.0,12:32:59.094334
88.0,-817.0,1318.0,12:32:59.104678
175.0,-473.0,1062.0,12:32:59.114076
-198.0,-622.0,1168.0,12:32:59.124464
-26.0,-618.0,997.0,12:32:59.133841
142.0,-573.0,435.0,12:32:59.143306
-71.0,-400.0,414.0,12:32:59.153787
-292.0,-482.0,1363.0,12:32:59.163057
22.0,-661.0,1227.0,12:32:59.173730
66.0,-306.0,377.0,12:32:59.182978
-227.0,-487.0,1122.0,12:32:59.193435
182.0,-629.0,1081.0,12:32:59.202889
199.0,-384.0,395.0,12:32:59.212276
-134.0,-9.0,483.0,12:32:59.222840
-72.0,-309.0,1249.0,12:32:59.232210
163.0,-159.0,1129.0,12:32:59.242642
-70.0,-677.0,1659.0,12:32:59.251991
81.0,-934.0,1142.0,12:32:59.262386
119.0,-746.0,602.0,12:32:59.271793
92.0,-583.0,905.0,12:32:59.282208
156.0,-164.0,706.0,12:32:59.291588
8.0,-403.0,816.0,12:32:59.300854
-64.0,-883.0,1639.0,12:32:59.311337
17.0,-836.0,669.0,12:32:59.320646
103.0,-321.0,333.0,12:32:59.331250
38.0,-657.0,1457.0,12:32:59.340626
39.0,-206.0,953.0,12:32:59.351121
3.0,-582.0,666.0,12:32:59.360583
64.0,-553.0,1132.0,12:32:59.369967
262.0,-679.0,1042.0,12:32:59.380472
-62.0,-402.0,545.0,12:32:59.389885
-77.0,-71.0,555.0,12:32:59.400308
0.0,-473.0,1222.0,12:32:59.409818
-96.0,-532.0,1237.0,12:32:59.419738
110.0,-610.0,442.0,12:32:59.428974
32.0,-329.0,1057.0,12:32:59.439497
-226.0,-369.0,1721.0,12:32:59.448840
155.0,-1053.0,1665.0,12:32:59.459458
289.0,-381.0,-482.0,12:32:59.468743
180.0,-284.0,713.0,12:32:59.479327
32.0,-293.0,1232.0,12:32:59.488634
-76.0,-381.0,768.0,12:32:59.498069
-15.0,-407.0,1419.0,12:32:59.508536
-89.0,-928.0,1552.0,12:32:59.517873
232.0,-600.0,67.0,12:32:59.528395
275.0,-212.0,705.0,12:32:59.537711
-90.0,-184.0,1105.0,12:32:59.548135
222.0,-936.0,1716.0,12:32:59.557529
181.0,-667.0,491.0,12:32:59.567915
323.0,-710.0,527.0,12:32:59.577448
135.0,-171.0,947.0,12:32:59.586784
-293.0,22.0,661.0,12:32:59.597322
154.0,-881.0,1758.0,12:32:59.606645
-74.0,-578.0,-106.0,12:32:59.617118
244.0,-447.0,574.0,12:32:59.626478
-84.0,-415.0,2047.0,12:32:59.636845
-149.0,-780.0,1349.0,12:32:59.646175
20.0,-924.0,640.0,12:32:59.656644
69.0,-212.0,-133.0,12:32:59.665934
149.0,-333.0,1024.0,12:32:59.676351
-160.0,-704.0,1922.0,12:32:59.685748
91.0,-262.0,61.0,12:32:59.695216
-25.0,-440.0,992.0,12:32:59.705620
-74.0,-872.0,1677.0,12:32:59.715076
45.0,-477.0,252.0,12:32:59.725559
93.0,-669.0,1232.0,12:32:59.734847
51.0,-592.0,653.0,12:32:59.745318
85.0,-287.0,601.0,12:32:59.754664
4.0,-972.0,2047.0,12:32:59.764167
102.0,-420.0,26.0,12:32:59.774653
-13.0,17.0,-287.0,12:32:59.784099
-197.0,-796.0,1678.0,12:32:59.794498
-259.0,-538.0,1554.0,12:32:59.803961
-25.0,-674.0,1157.0,12:32:59.813354
17.0,-857.0,907.0,12:32:59.823877
228.0,-936.0,1158.0,12:32:59.833116
-79.0,-327.0,196.0,12:32:59.843844
27.0,-216.0,481.0,12:32:59.853156
-163.0,-265.0,1212.0,12:32:59.863708
19.0,-942.0,977.0,12:32:59.872985
-78.0,-11.0,-298.0,12:32:59.882348
-246.0,-370.0,1271.0,12:32:59.892858
-218.0,-466.0,2014.0,12:32:59.902253
42.0,-782.0,1094.0,12:32:59.912750
248.0,-768.0,-522.0,12:32:59.922211
1.0,-117.0,516.0,12:32:59.932575
-65.0,-574.0,2047.0,12:32:59.941909
-1.0,-793.0,1559.0,12:32:59.952355
36.0,-618.0,214.0,12:32:59.961789
204.0,-601.0,1083.0,12:32:59.971100
1.0,-659.0,1054.0,12:32:59.981548
67.0,-86.0,439.0,12:32:59.990779
-147.0,111.0,173.0,12:33:00.001304
8.0,-405.0,1549.0,12:33:00.010662
54.0,-801.0,1669.0,12:33:00.021150
133.0,-814.0,678.0,12:33:00.030604
-118.0,-132.0,408.0,12:33:00.039982
-19.0,-245.0,975.0,12:33:00.050427
-124.0,79.0,481.0,12:33:00.059756
-3.0,-100.0,269.0,12:33:00.070161
-114.0,-798.0,2047.0,12:33:00.079722
-222.0,-931.0,1415.0,12:33:00.090171
122.0,-792.0,964.0,12:33:00.099578
260.0,-948.0,684.0,12:33:00.110018
169.0,-604.0,701.0,12:33:00.119440
217.0,23.0,357.0,12:33:00.128726
60.0,-186.0,1244.0,12:33:00.139133
-253.0,-183.0,1180.0,12:33:00.148436
28.0,-766.0,1128.0,12:33:00.158975
63.0,-449.0,885.0,12:33:00.168290
447.0,-795.0,1074.0,12:33:00.178729
230.0,-583.0,695.0,12:33:00.188032
209.0,-453.0,821.0,12:33:00.198672
83.0,-339.0,648.0,12:33:00.207946
-41.0,-400.0,1178.0,12:33:00.220793
294.0,-345.0,616.0,12:33:00.228157
80.0,-390.0,948.0,12:33:00.237509
49.0,-442.0,989.0,12:33:00.248013
-113.0,-390.0,675.0,12:33:00.257351
-141.0,-699.0,1614.0,12:33:00.266823
79.0,-901.0,1120.0,12:33:00.277317
322.0,-1111.0,747.0,12:33:00.286764
-109.0,-387.0,481.0,12:33:00.296193
89.0,-264.0,803.0,12:33:00.306760
-2.0,-571.0,1245.0,12:33:00.316040
-51.0,-772.0,1042.0,12:33:00.326566
74.0,-673.0,658.0,12:33:00.335952
172.0,-445.0,635.0,12:33:00.346498
178.0,-564.0,1077.0,12:33:00.355787
51.0,-433.0,1256.0,12:33:00.365298
-20.0,-571.0,1044.0,12:33:00.375705
11.0,-599.0,467.0,12:33:00.385155
8.0,-544.0,594.0,12:33:00.395636
65.0,-297.0,866.0,12:33:00.405187
12.0,-421.0,1268.0,12:33:00.415566
-34.0,-538.0,717.0,12:33:00.424951
-31.0,-447.0,320.0,12:33:00.434254
236.0,-372.0,938.0,12:33:00.444767
-46.0,-529.0,1471.0,12:33:00.454083
-79.0,-346.0,1067.0,12:33:00.464649
-4.0,-661.0,824.0,12:33:00.474086
24.0,-681.0,752.0,12:33:00.483471
112.0,-718.0,900.0,12:33:00.493985
173.0,-612.0,1109.0,12:33:00.503320
-4.0,-398.0,754.0,12:33:00.513731
-156.0,-468.0,866.0,12:33:00.523260
-90.0,-771.0,1262.0,12:33:00.533627
132.0,-522.0,561.0,12:33:00.543014
-8.0,-188.0,559.0,12:33:00.553465
-128.0,-452.0,1663.0,12:33:00.562946
-64.0,-769.0,1496.0,12:33:00.572191
33.0,-700.0,435.0,12:33:00.582756
195.0,-467.0,310.0,12:33:00.592018
12.0,-312.0,1116.0,12:33:00.602596
-139.0,-466.0,1568.0,12:33:00.611852
-9.0,-613.0,844.0,12:33:00.622627
-24.0,-440.0,-205.0,12:33:00.632161
-22.0,-370.0,1127.0,12:33:00.641499
-176.0,-700.0,1772.0,12:33:00.652026
10.0,-565.0,815.0,12:33:00.661358
-10.0,-514.0,287.0,12:33:00.670789
78.0,-624.0,941.0,12:33:00.681218
225.0,-241.0,713.0,12:33:00.690755
-50.0,-272.0,1028.0,12:33:00.701163
-149.0,-588.0,1534.0,12:33:00.710702
12.0,-721.0,613.0,12:33:00.720063
-17.0,-527.0,610.0,12:33:00.730660
40.0,-635.0,1270.0,12:33:00.739917
23.0,-232.0,968.0,12:33:00.750610
-99.0,-391.0,787.0,12:33:00.759959
10.0,-536.0,448.0,12:33:00.769493
7.0,-482.0,1112.0,12:33:00.779997
86.0,-423.0,1171.0,12:33:00.789428
-88.0,-438.0,1239.0,12:33:00.799820
113.0,-455.0,987.0,12:33:00.809394
-89.0,-715.0,873.0,12:33:00.818672
122.0,-568.0,923.0,12:33:00.829148
199.0,-594.0,896.0,12:33:00.838605
183.0,-603.0,681.0,12:33:00.849138
-64.0,-332.0,868.0,12:33:00.858535
32.0,-418.0,802.0,12:33:00.867918
26.0,-427.0,1050.0,12:33:00.878393
-96.0,-466.0,1206.0,12:33:00.887765
132.0,-563.0,923.0,12:33:00.898195
112.0,-471.0,796.0,12:33:00.907536
-29.0,-513.0,888.0,12:33:00.917948
58.0,-464.0,905.0,12:33:00.927412
20.0,-375.0,731.0,12:33:00.937911
55.0,-458.0,951.0,12:33:00.947271
138.0,-785.0,1355.0,12:33:00.956566
41.0,-478.0,757.0,12:33:00.967127
66.0,-549.0,825.0,12:33:00.976428
60.0,-766.0,1302.0,12:33:00.986894
23.0,-385.0,446.0,12:33:00.996263
32.0,-499.0,991.0,12:33:01.006722
-31.0,-653.0,1220.0,12:33:01.016107
64.0,-598.0,843.0,12:33:01.025549
68.0,-336.0,261.0,12:33:01.035985
0.0,-602.0,1382.0,12:33:01.045394
126.0,-503.0,916.0,12:33:01.055810
-60.0,-491.0,762.0,12:33:01.065150
3.0,-649.0,1219.0,12:33:01.075582
99.0,-685.0,892.0,12:33:01.084920
66.0,-395.0,678.0,12:33:01.095299
79.0,-621.0,1070.0,12:33:01.104668
56.0,-436.0,722.0,12:33:01.115203
-80.0,-415.0,790.0,12:33:01.124679
36.0,-635.0,939.0,12:33:01.134095
-14.0,-228.0,673.0,12:33:01.144533
-72.0,-339.0,1065.0,12:33:01.153924
71.0,-612.0,1193.0,12:33:01.164441
-5.0,-544.0,1223.0,12:33:01.173752
47.0,-592.0,759.0,12:33:01.184272
-75.0,-547.0,876.0,12:33:01.193582
13.0,-477.0,964.0,12:33:01.203065
-68.0,-554.0,1212.0,12:33:01.213548
2.0,-716.0,860.0,12:33:01.223041
124.0,-464.0,264.0,12:33:01.233578
-23.0,-192.0,568.0,12:33:01.246765
-79.0,-702.0,1727.0,12:33:01.254393
-11.0,-387.0,1184.0,12:33:01.264797
52.0,-564.0,886.0,12:33:01.275815
-197.0,-627.0,786.0,12:33:01.283138
79.0,-541.0,829.0,12:33:01.291843
27.0,-398.0,780.0,12:33:01.302319
-48.0,-239.0,630.0,12:33:01.311736
-64.0,-678.0,1274.0,12:33:01.322353
-57.0,-699.0,1146.0,12:33:01.331800
164.0,-402.0,654.0,12:33:01.341150
-91.0,-503.0,1041.0,12:33:01.351636
197.0,-496.0,951.0,12:33:01.361008
52.0,-663.0,974.0,12:33:01.371433
56.0,-377.0,441.0,12:33:01.380726
-52.0,-457.0,1114.0,12:33:01.391126
-17.0,-423.0,1311.0,12:33:01.400575
-80.0,-739.0,1158.0,12:33:01.409923
43.0,-461.0,392.0,12:33:01.425904
39.0,-610.0,1136.0,12:33:01.429559
-49.0,-417.0,498.0,12:33:01.449207
7.0,-392.0,614.0,12:33:01.459769
-55.0,-388.0,998.0,12:33:01.469067
6.0,-592.0,1458.0,12:33:01.479536
-92.0,-535.0,1161.0,12:33:01.488880
51.0,-671.0,954.0,12:33:01.499345
300.0,-569.0,818.0,12:33:01.508760
81.0,-465.0,737.0,12:33:01.519187
163.0,-268.0,797.0,12:33:01.528735
93.0,-308.0,507.0,12:33:01.538005
71.0,-248.0,866.0,12:33:01.548529
-10.0,-595.0,1137.0,12:33:01.557974
161.0,-691.0,870.0,12:33:01.568547
73.0,-702.0,977.0,12:33:01.577850
200.0,-705.0,925.0,12:33:01.588296
30.0,-539.0,1024.0,12:33:01.597566
63.0,-624.0,897.0,12:33:01.608123
57.0,-623.0,567.0,12:33:01.617573
-115.0,-550.0,522.0,12:33:01.626845
-110.0,-493.0,668.0,12:33:01.637418
-118.0,-475.0,1160.0,12:33:01.646794
-94.0,-478.0,1139.0,12:33:01.656314
-29.0,-409.0,791.0,12:33:01.666759
-112.0,-442.0,698.0,12:33:01.676152
164.0,-464.0,762.0,12:33:01.686726
57.0,-410.0,990.0,12:33:01.696035
-69.0,-385.0,1043.0,12:33:01.706551
171.0,-508.0,952.0,12:33:01.715994
-33.0,-745.0,1150.0,12:33:01.725334
-22.0,-453.0,977.0,12:33:01.735762
-27.0,-682.0,1315.0,12:33:01.745164
78.0,-519.0,827.0,12:33:01.755599
2.0,-674.0,1058.0,12:33:01.764944
26.0,-487.0,975.0,12:33:01.775406
-126.0,-445.0,794.0,12:33:01.784815
-9.0,-335.0,711.0,12:33:01.804394
72.0,-265.0,730.0,12:33:01.814885
-20.0,-521.0,1093.0,12:33:01.826112
157.0,-306.0,738.0,12:33:01.834393
-56.0,-265.0,856.0,12:33:01.843668
-85.0,-713.0,1579.0,12:33:01.854307
66.0,-777.0,999.0,12:33:01.863623
366.0,-627.0,571.0,12:33:01.874125
17.0,-525.0,661.0,12:33:01.883404
232.0,-536.0,1163.0,12:33:01.893863
157.0,-664.0,780.0,12:33:01.903130
29.0,-348.0,404.0,12:33:01.912491
-4.0,-635.0,1250.0,12:33:01.922936
-109.0,-580.0,1051.0,12:33:01.932241
30.0,-542.0,824.0,12:33:01.942852
-106.0,-391.0,640.0,12:33:01.952139
128.0,-355.0,848.0,12:33:01.962703
-75.0,-761.0,1427.0,12:33:01.972134
11.0,-397.0,562.0,12:33:01.981480
165.0,-483.0,990.0,12:33:01.991857
-75.0,-516.0,1129.0,12:33:02.002235
-39.0,-566.0,1243.0,12:33:02.011615
-60.0,-396.0,547.0,12:33:02.020949
44.0,-553.0,1020.0,12:33:02.031375
51.0,-290.0,578.0,12:33:02.040717
-90.0,-329.0,988.0,12:33:02.051157
-85.0,-382.0,1219.0,12:33:02.060556
-78.0,-627.0,1455.0,12:33:02.071090
80.0,-732.0,856.0,12:33:02.080573
83.0,-566.0,787.0,12:33:02.089897
85.0,-318.0,955.0,12:33:02.100372
-110.0,-477.0,725.0,12:33:02.119856
110.0,-469.0,634.0,12:33:02.130452
20.0,-404.0,1012.0,12:33:02.139755
-10.0,-703.0,1254.0,12:33:02.149057
35.0,-449.0,436.0,12:33:02.159612
-42.0,-453.0,981.0,12:33:02.169065
78.0,-540.0,1199.0,12:33:02.179678
230.0,-358.0,699.0,12:33:02.189053
213.0,-510.0,876.0,12:33:02.198384
181.0,-559.0,975.0,12:33:02.208972
83.0,-696.0,1103.0,12:33:02.218220
94.0,-691.0,686.0,12:33:02.228668
30.0,-458.0,538.0,12:33:02.248271
55.0,-569.0,1263.0,12:33:02.257592
51.0,-655.0,1148.0,12:33:02.268165
39.0,-664.0,878.0,12:33:02.277483
67.0,-701.0,692.0,12:33:02.287978
107.0,-478.0,1018.0,12:33:02.297364
-28.0,-545.0,1122.0,12:33:02.306722
71.0,-704.0,905.0,12:33:02.317123
85.0,-509.0,289.0,12:33:02.326529
-28.0,-528.0,1104.0,12:33:02.336902
-41.0,-291.0,959.0,12:33:02.346358
-7.0,-514.0,1130.0,12:33:02.356898
-151.0,-594.0,867.0,12:33:02.366361
-37.0,-542.0,804.0,12:33:02.376778
-206.0,-321.0,781.0,12:33:02.386133
67.0,-501.0,1137.0,12:33:02.395407
-64.0,-601.0,1079.0,12:33:02.405922
-177.0,-502.0,1019.0,12:33:02.415206
108.0,-528.0,578.0,12:33:02.425739
-97.0,-727.0,1215.0,12:33:02.435185
6.0,-665.0,1059.0,12:33:02.445674
33.0,-698.0,818.0,12:33:02.455028
-92.0,-566.0,542.0,12:33:02.464406
171.0,-550.0,655.0,12:33:02.474821
-64.0,-471.0,871.0,12:33:02.484186
4.0,-596.0,1035.0,12:33:02.494557
-100.0,-539.0,718.0,12:33:02.503959
50.0,-387.0,840.0,12:33:02.514440
-123.0,-670.0,1203.0,12:33:02.523808
-201.0,-575.0,1162.0,12:33:02.534228
29.0,-483.0,591.0,12:33:02.543599
-163.0,-224.0,569.0,12:33:02.554120
-124.0,-617.0,1530.0,12:33:02.563561
-36.0,-447.0,983.0,12:33:02.572877
-117.0,-526.0,650.0,12:33:02.583408
-169.0,-676.0,1101.0,12:33:02.592875
-3.0,-603.0,890.0,12:33:02.603425
-7.0,-179.0,971.0,12:33:02.613037
-47.0,-523.0,1003.0,12:33:02.627928
122.0,-483.0,856.0,12:33:02.632909
82.0,-193.0,622.0,12:33:02.642296
11.0,-551.0,1379.0,12:33:02.651781
65.0,-697.0,1309.0,12:33:02.662165
47.0,-607.0,206.0,12:33:02.671477
28.0,-132.0,126.0,12:33:02.681945
186.0,-325.0,1276.0,12:33:02.691284
-149.0,-275.0,985.0,12:33:02.701758
-135.0,-316.0,608.0,12:33:02.711094
-27.0,-377.0,822.0,12:33:02.721682
-50.0,-914.0,1497.0,12:33:02.731021
281.0,-673.0,793.0,12:33:02.740399
-131.0,-625.0,1389.0,12:33:02.750870
-18.0,-553.0,1033.0,12:33:02.760369
204.0,-597.0,764.0,12:33:02.770867
79.0,-353.0,513.0,12:33:02.780191
-89.0,-449.0,1485.0,12:33:02.790693
-98.0,-549.0,1415.0,12:33:02.800077
109.0,-697.0,721.0,12:33:02.809492
271.0,-475.0,113.0,12:33:02.819913
319.0,-52.0,273.0,12:33:02.829181
195.0,-176.0,1554.0,12:33:02.839792
208.0,-546.0,1259.0,12:33:02.849131
18.0,-543.0,845.0,12:33:02.859663
155.0,-635.0,703.0,12:33:02.868939
183.0,-464.0,1194.0,12:33:02.878344
39.0,-699.0,1952.0,12:33:02.888713
60.0,-548.0,322.0,12:33:02.898095
-12.0,-684.0,331.0,12:33:02.908596
58.0,-544.0,899.0,12:33:02.917982
11.0,-645.0,1263.0,12:33:02.928532
-115.0,-534.0,1085.0,12:33:02.937865
83.0,-737.0,1063.0,12:33:02.948392
249.0,-666.0,719.0,12:33:02.957778
76.0,-504.0,753.0,12:33:02.967019
68.0,-254.0,927.0,12:33:02.977548
-46.0,-781.0,1352.0,12:33:02.986793
35.0,-397.0,292.0,12:33:02.997520
140.0,-226.0,134.0,12:33:03.006816
-242.0,-326.0,1052.0,12:33:03.017387
-10.0,-439.0,1508.0,12:33:03.029720
-200.0,-520.0,1109.0,12:33:03.037104
82.0,-429.0,1107.0,12:33:03.046497
221.0,-833.0,1308.0,12:33:03.055801
181.0,-764.0,761.0,12:33:03.066327
374.0,-241.0,-42.0,12:33:03.075797
-189.0,-226.0,834.0,12:33:03.085233
-76.0,-457.0,1413.0,12:33:03.095660
132.0,-492.0,678.0,12:33:03.105191
-132.0,-413.0,1084.0,12:33:03.115677
-45.0,-683.0,1365.0,12:33:03.125072
297.0,-680.0,789.0,12:33:03.135577
-59.0,-636.0,1069.0,12:33:03.144834
-21.0,-460.0,922.0,12:33:03.154358
-105.0,-673.0,826.0,12:33:03.164824
46.0,-648.0,838.0,12:33:03.174176
-47.0,-455.0,905.0,12:33:03.184546
-127.0,-282.0,725.0,12:33:03.194035
-159.0,-581.0,1497.0,12:33:03.204559
-18.0,-446.0,750.0,12:33:03.214039
88.0,-756.0,493.0,12:33:03.223385
160.0,-523.0,938.0,12:33:03.233927
166.0,-288.0,1224.0,12:33:03.243220
-2.0,-557.0,979.0,12:33:03.253667
78.0,-713.0,987.0,12:33:03.263021
33.0,-565.0,571.0,12:33:03.273486
121.0,-626.0,1280.0,12:33:03.282815
-51.0,-285.0,879.0,12:33:03.293264
-16.0,-257.0,427.0,12:33:03.302672
-266.0,-672.0,1166.0,12:33:03.312051
39.0,-263.0,840.0,12:33:03.322580
-14.0,-557.0,963.0,12:33:03.332018
3.0,-656.0,1320.0,12:33:03.342533
-263.0,-313.0,1060.0,12:33:03.351826
26.0,-571.0,1232.0,12:33:03.361267
48.0,-356.0,620.0,12:33:03.371768
-56.0,-500.0,950.0,12:33:03.381152
-18.0,-424.0,1048.0,12:33:03.391606
-68.0,-238.0,980.0,12:33:03.400924
-12.0,-1144.0,2032.0,12:33:03.411371
282.0,-701.0,608.0,12:33:03.420721
92.0,-795.0,849.0,12:33:03.431131
57.0,-649.0,915.0,12:33:03.440382
230.0,-208.0,210.0,12:33:03.450897
179.0,-137.0,596.0,12:33:03.460175
-153.0,-491.0,962.0,12:33:03.470671
28.0,-531.0,783.0,12:33:03.480061
-75.0,-264.0,579.0,12:33:03.489503
-48.0,-524.0,1318.0,12:33:03.500006
-212.0,-585.0,1307.0,12:33:03.509419
26.0,-802.0,659.0,12:33:03.520009
104.0,-394.0,521.0,12:33:03.529454
56.0,-561.0,1241.0,12:33:03.538714
-38.0,-339.0,607.0,12:33:03.549458
40.0,-276.0,309.0,12:33:03.558902
-172.0,-307.0,306.0,12:33:03.568576
-103.0,-561.0,1750.0,12:33:03.578030
-113.0,-1146.0,2047.0,12:33:03.588553
84.0,-672.0,430.0,12:33:03.597949
156.0,-911.0,1123.0,12:33:03.608533
-164.0,-722.0,1228.0,12:33:03.617948
258.0,-268.0,142.0,12:33:03.628369
-85.0,-431.0,967.0,12:33:03.637728
-180.0,-458.0,764.0,12:33:03.647053
-104.0,-385.0,280.0,12:33:03.657741
-262.0,-697.0,1130.0,12:33:03.667201
-41.0,-446.0,891.0,12:33:03.677662
-108.0,-366.0,947.0,12:33:03.686992
-179.0,-926.0,1634.0,12:33:03.696340
49.0,-772.0,817.0,12:33:03.706925
174.0,-574.0,372.0,12:33:03.716281
-119.0,83.0,242.0,12:33:03.726763
-188.0,-603.0,1771.0,12:33:03.736093
-33.0,-1112.0,1614.0,12:33:03.746610
171.0,-810.0,36.0,12:33:03.755943
102.0,-361.0,317.0,12:33:03.766337
-420.0,-180.0,1155.0,12:33:03.775703
-152.0,-169.0,857.0,12:33:03.785206
-240.0,-250.0,679.0,12:33:03.795737
-63.0,-878.0,1146.0,12:33:03.805151
109.0,-488.0,1274.0,12:33:03.815684
-27.0,-319.0,1166.0,12:33:03.830739
-159.0,-461.0,716.0,12:33:03.834542
-206.0,-974.0,1600.0,12:33:03.845160
2.0,-500.0,490.0,12:33:03.854455
29.0,-705.0,1291.0,12:33:03.863932
-158.0,-653.0,1150.0,12:33:03.874319
31.0,-254.0,-92.0,12:33:03.883719
32.0,-29.0,78.0,12:33:03.894238
64.0,-205.0,962.0,12:33:03.903535
-60.0,-656.0,1787.0,12:33:03.914062
-134.0,-901.0,1645.0,12:33:03.923329
53.0,-687.0,653.0,12:33:03.933898
187.0,-431.0,407.0,12:33:03.943129
-24.0,-555.0,1333.0,12:33:03.953563
209.0,-482.0,1149.0,12:33:03.963068
38.0,-198.0,396.0,12:33:03.972450
48.0,-780.0,1342.0,12:33:03.982929
177.0,-567.0,445.0,12:33:03.992246
454.0,193.0,-294.0,12:33:04.002930
-202.0,-677.0,2047.0,12:33:04.012282
254.0,-958.0,1308.0,12:33:04.021779
-81.0,-705.0,124.0,12:33:04.032148
-135.0,-358.0,580.0,12:33:04.041701
-76.0,-664.0,1973.0,12:33:04.052114
-57.0,-623.0,1214.0,12:33:04.061522
77.0,-371.0,-175.0,12:33:04.070906
-181.0,-350.0,694.0,12:33:04.081413
-75.0,-209.0,1002.0,12:33:04.090844
-121.0,-128.0,725.0,12:33:04.101319
-107.0,-509.0,1429.0,12:33:04.110740
130.0,-498.0,832.0,12:33:04.121177
-31.0,-888.0,1232.0,12:33:04.130692
-1.0,-423.0,428.0,12:33:04.140024
39.0,-636.0,815.0,12:33:04.150644
28.0,-592.0,1179.0,12:33:04.159933
198.0,-613.0,712.0,12:33:04.170533
113.0,-505.0,569.0,12:33:04.179847
-121.0,-402.0,1068.0,12:33:04.189408
4.0,-235.0,912.0,12:33:04.199847
139.0,-201.0,828.0,12:33:04.209220
-21.0,-682.0,1346.0,12:33:04.218735
327.0,-705.0,878.0,12:33:04.233425
150.0,-803.0,770.0,12:33:04.238916
133.0,-591.0,901.0,12:33:04.248245
49.0,-845.0,1448.0,12:33:04.258631
-83.0,-435.0,721.0,12:33:04.267981
-58.0,-467.0,470.0,12:33:04.278468
-76.0,-125.0,541.0,12:33:04.287799
-163.0,-252.0,1048.0,12:33:04.298301
73.0,-313.0,1383.0,12:33:04.307701
27.0,-600.0,1227.0,12:33:04.318216
104.0,-357.0,146.0,12:33:04.327448
288.0,-805.0,1240.0,12:33:04.338044
51.0,-759.0,1345.0,12:33:04.347371
78.0,-803.0,690.0,12:33:04.356698
34.0,-757.0,1215.0,12:33:04.376390
26.0,-641.0,1202.0,12:33:04.386785
1.0,-486.0,693.0,12:33:04.396135
50.0,-588.0,324.0,12:33:04.406620
-18.0,-274.0,764.0,12:33:04.415867
-150.0,-487.0,1237.0,12:33:04.426436
-51.0,-652.0,597.0,12:33:04.435684
102.0,-542.0,559.0,12:33:04.446370
-202.0,-241.0,618.0,12:33:04.455766
224.0,-370.0,1273.0,12:33:04.465151
-4.0,-422.0,1285.0,12:33:04.475846
-123.0,-513.0,942.0,12:33:04.485160
78.0,-647.0,983.0,12:33:04.495726
80.0,-486.0,633.0,12:33:04.505119
-66.0,-463.0,1270.0,12:33:04.514575
157.0,-517.0,1033.0,12:33:04.524962
18.0,-584.0,861.0,12:33:04.534251
218.0,-789.0,757.0,12:33:04.544718
137.0,-466.0,622.0,12:33:04.554064
-118.0,-655.0,1339.0,12:33:04.564504
168.0,-631.0,1014.0,12:33:04.573783
25.0,-852.0,1034.0,12:33:04.584374
-188.0,-558.0,888.0,12:33:04.593626
-105.0,-525.0,1055.0,12:33:04.604134
53.0,-531.0,778.0,12:33:04.613431
-265.0,-251.0,890.0,12:33:04.622903
-62.0,-453.0,843.0,12:33:04.633422
-56.0,-473.0,529.0,12:33:04.642901
104.0,-401.0,1017.0,12:33:04.653423
-26.0,-530.0,1194.0,12:33:04.662856
-38.0,-464.0,917.0,12:33:04.672182
116.0,-580.0,960.0,12:33:04.682645
-42.0,-523.0,854.0,12:33:04.692006
-39.0,-376.0,795.0,12:33:04.702443
173.0,-558.0,1020.0,12:33:04.711852
-63.0,-217.0,783.0,12:33:04.722228
-270.0,-382.0,1063.0,12:33:04.731666
-33.0,-538.0,1171.0,12:33:04.742062
-45.0,-444.0,689.0,12:33:04.751327
5.0,-482.0,893.0,12:33:04.760724
121.0,-480.0,999.0,12:33:04.771142
-30.0,-526.0,802.0,12:33:04.780564
71.0,-429.0,673.0,12:33:04.791045
180.0,-569.0,958.0,12:33:04.800531
0.0,-534.0,918.0,12:33:04.810907
-5.0,-481.0,999.0,12:33:04.820224
56.0,-702.0,1075.0,12:33:04.830743
142.0,-502.0,564.0,12:33:04.840071
159.0,-287.0,606.0,12:33:04.850611
21.0,-364.0,1070.0,12:33:04.859845
134.0,-623.0,1228.0,12:33:04.869412
226.0,-519.0,655.0,12:33:04.879849
75.0,-626.0,884.0,12:33:04.889186
158.0,-737.0,1256.0,12:33:04.899750
-39.0,-398.0,581.0,12:33:04.909037
-61.0,-378.0,907.0,12:33:04.919542
84.0,-331.0,787.0,12:33:04.928901
-96.0,-675.0,1317.0,12:33:04.938303
125.0,-241.0,603.0,12:33:04.948818
-1.0,-467.0,1403.0,12:33:04.958282
-101.0,-772.0,1428.0,12:33:04.968770
124.0,-634.0,614.0,12:33:04.978182
152.0,-628.0,855.0,12:33:04.987456
12.0,-502.0,848.0,12:33:04.997950
119.0,-298.0,622.0,12:33:05.007289
56.0,-676.0,1135.0,12:33:05.017696
-25.0,-484.0,738.0,12:33:05.030782
233.0,-406.0,580.0,12:33:05.037781
-171.0,-398.0,1008.0,12:33:05.047007
26.0,-694.0,1339.0,12:33:05.056508
98.0,-662.0,854.0,12:33:05.066996
186.0,-608.0,987.0,12:33:05.086625
29.0,-565.0,995.0,12:33:05.095938
-34.0,-421.0,673.0,12:33:05.106415
121.0,-498.0,836.0,12:33:05.115722
-23.0,-562.0,913.0,12:33:05.126414
33.0,-548.0,1000.0,12:33:05.135715
88.0,-468.0,602.0,12:33:05.145119
-62.0,-628.0,1302.0,12:33:05.155473
166.0,-642.0,1227.0,12:33:05.164914
-81.0,-568.0,632.0,12:33:05.175286
63.0,-569.0,933.0,12:33:05.184583
119.0,-441.0,1013.0,12:33:05.195143
-84.0,-425.0,801.0,12:33:05.204385
-105.0,-423.0,887.0,12:33:05.214883
28.0,-495.0,930.0,12:33:05.224165
115.0,-483.0,956.0,12:33:05.234625
-28.0,-524.0,1291.0,12:33:05.243967
-61.0,-563.0,943.0,12:33:05.254431
90.0,-626.0,740.0,12:33:05.263701
149.0,-471.0,595.0,12:33:05.274202
38.0,-264.0,968.0,12:33:05.283526
2.0,-354.0,963.0,12:33:05.294018
-12.0,-384.0,882.0,12:33:05.303487
-35.0,-537.0,1021.0,12:33:05.312814
-77.0,-563.0,969.0,12:33:05.323335
123.0,-673.0,1187.0,12:33:05.332661
143.0,-562.0,828.0,12:33:05.343207
10.0,-399.0,857.0,12:33:05.352513
14.0,-390.0,859.0,12:33:05.362989
162.0,-626.0,1104.0,12:33:05.372320
-55.0,-538.0,618.0,12:33:05.381813
68.0,-328.0,725.0,12:33:05.392327
-53.0,-446.0,1078.0,12:33:05.401655
-27.0,-382.0,1012.0,12:33:05.411155
127.0,-513.0,875.0,12:33:05.421530
-59.0,-639.0,1180.0,12:33:05.436654
2.0,-555.0,1099.0,12:33:05.441673
88.0,-470.0,587.0,12:33:05.451022
48.0,-442.0,970.0,12:33:05.461480
245.0,-526.0,1365.0,12:33:05.470748
-135.0,-704.0,1104.0,12:33:05.481164
174.0,-660.0,414.0,12:33:05.490636
205.0,-426.0,571.0,12:33:05.499929
37.0,-504.0,1173.0,12:33:05.510381
80.0,-526.0,1144.0,12:33:05.519780
42.0,-499.0,697.0,12:33:05.530259
-58.0,-625.0,814.0,12:33:05.539626
149.0,-449.0,787.0,12:33:05.550092
92.0,-585.0,1039.0,12:33:05.559501
-98.0,-689.0,1311.0,12:33:05.569946
112.0,-597.0,749.0,12:33:05.579392
-30.0,-602.0,581.0,12:33:05.588782
-54.0,-440.0,726.0,12:33:05.599437
44.0,-390.0,1088.0,12:33:05.608706
-283.0,-541.0,1140.0,12:33:05.619154
47.0,-666.0,790.0,12:33:05.628525
72.0,-754.0,850.0,12:33:05.637844
-81.0,-475.0,934.0,12:33:05.648247
98.0,-634.0,901.0,12:33:05.657554
99.0,-676.0,962.0,12:33:05.667981
-50.0,-475.0,944.0,12:33:05.677480
-102.0,-720.0,937.0,12:33:05.687960
3.0,-587.0,661.0,12:33:05.697392
-70.0,-564.0,802.0,12:33:05.707900
-44.0,-476.0,679.0,12:33:05.717169
-158.0,-445.0,846.0,12:33:05.726535
-14.0,-685.0,1031.0,12:33:05.737008
-18.0,-531.0,820.0,12:33:05.746510
-22.0,-607.0,1105.0,12:33:05.757007
96.0,-522.0,938.0,12:33:05.766361
-34.0,-500.0,852.0,12:33:05.776863
-147.0,-613.0,880.0,12:33:05.786223
-4.0,-440.0,593.0,12:33:05.795544
-46.0,-366.0,739.0,12:33:05.805931
-245.0,-409.0,1173.0,12:33:05.815310
-33.0,-747.0,1379.0,12:33:05.825730
7.0,-667.0,629.0,12:33:05.835230
-99.0,-421.0,555.0,12:33:05.845675
168.0,-747.0,1253.0,12:33:05.855090
-48.0,-224.0,566.0,12:33:05.864499
56.0,-870.0,1702.0,12:33:05.875087
-142.0,-674.0,954.0,12:33:05.884533
-71.0,-762.0,622.0,12:33:05.895140
-190.0,-319.0,692.0,12:33:05.904492
91.0,-460.0,977.0,12:33:05.913794
-254.0,-541.0,1081.0,12:33:05.924275
112.0,-466.0,284.0,12:33:05.933551
-120.0,-313.0,477.0,12:33:05.943993
62.0,-388.0,1547.0,12:33:05.953389
-107.0,-626.0,1633.0,12:33:05.963909
132.0,-675.0,1032.0,12:33:05.973276
56.0,-669.0,342.0,12:33:05.983762
58.0,-315.0,701.0,12:33:05.993209
152.0,-388.0,1210.0,12:33:06.002547
39.0,-292.0,795.0,12:33:06.012944
-15.0,-558.0,770.0,12:33:06.022250
-4.0,-356.0,1010.0,12:33:06.041988
-14.0,-453.0,1290.0,12:33:06.052424
-70.0,-665.0,1285.0,12:33:06.061874
28.0,-353.0,628.0,12:33:06.072238
104.0,-548.0,1005.0,12:33:06.081546
65.0,-314.0,686.0,12:33:06.091949
57.0,-505.0,1020.0,12:33:06.101333
-88.0,-622.0,1199.0,12:33:06.111814
82.0,-506.0,891.0,12:33:06.121142
-107.0,-602.0,748.0,12:33:06.131728
15.0,-659.0,822.0,12:33:06.141004
-42.0,-509.0,1098.0,12:33:06.150373
145.0,-622.0,1048.0,12:33:06.160858
47.0,-427.0,681.0,12:33:06.170220
112.0,-431.0,749.0,12:33:06.180734
33.0,-559.0,961.0,12:33:06.190018
-42.0,-666.0,1034.0,12:33:06.200546
167.0,-814.0,1094.0,12:33:06.209840
117.0,-513.0,845.0,12:33:06.220311
48.0,-335.0,627.0,12:33:06.237206
-160.0,-430.0,1071.0,12:33:06.239853
69.0,-666.0,987.0,12:33:06.249323
195.0,-494.0,432.0,12:33:06.259766
8.0,-343.0,813.0,12:33:06.269099
-34.0,-577.0,1325.0,12:33:06.278432
-14.0,-713.0,789.0,12:33:06.289093
-45.0,-462.0,822.0,12:33:06.298487
71.0,-521.0,1337.0,12:33:06.308914
13.0,-443.0,912.0,12:33:06.318281
6.0,-666.0,1109.0,12:33:06.328749
31.0,-678.0,936.0,12:33:06.338050
-49.0,-466.0,407.0,12:33:06.347504
-51.0,-562.0,800.0,12:33:06.358094
55.0,-266.0,709.0,12:33:06.367481
-19.0,-946.0,1404.0,12:33:06.378001
162.0,-640.0,649.0,12:33:06.387422
-114.0,-378.0,326.0,12:33:06.396739
77.0,-454.0,1056.0,12:33:06.407143
-20.0,-585.0,1518.0,12:33:06.416461
153.0,-718.0,752.0,12:33:06.426966
42.0,-716.0,670.0,12:33:06.436334
130.0,-405.0,598.0,12:33:06.446916
-85.0,-389.0,1087.0,12:33:06.456331
139.0,-504.0,868.0,12:33:06.465738
30.0,-380.0,572.0,12:33:06.476119
-90.0,-499.0,1041.0,12:33:06.485386
24.0,-375.0,892.0,12:33:06.495865
-13.0,-915.0,1935.0,12:33:06.505269
190.0,-631.0,933.0,12:33:06.515784
69.0,-629.0,831.0,12:33:06.525226
153.0,-560.0,695.0,12:33:06.535770
48.0,-122.0,409.0,12:33:06.545143
-104.0,-265.0,1144.0,12:33:06.554427
-113.0,-370.0,1201.0,12:33:06.564886
42.0,-553.0,842.0,12:33:06.574274
38.0,-320.0,612.0,12:33:06.584639
20.0,-553.0,1476.0,12:33:06.593977
66.0,-588.0,833.0,12:33:06.604517
78.0,-122.0,140.0,12:33:06.613891
253.0,-402.0,926.0,12:33:06.624341
-55.0,-674.0,2047.0,12:33:06.641625
128.0,-876.0,1396.0,12:33:06.644186
108.0,-611.0,128.0,12:33:06.653547
165.0,-664.0,915.0,12:33:06.662886
187.0,-327.0,866.0,12:33:06.673390
71.0,-21.0,617.0,12:33:06.682702
60.0,-462.0,778.0,12:33:06.693163
158.0,-393.0,896.0,12:33:06.702437
187.0,-700.0,1124.0,12:33:06.712918
-43.0,-364.0,882.0,12:33:06.722367
56.0,-521.0,1270.0,12:33:06.732862
100.0,-668.0,695.0,12:33:06.742309
22.0,-476.0,578.0,12:33:06.751552
28.0,-401.0,1005.0,12:33:06.762049
17.0,-684.0,1600.0,12:33:06.771369
15.0,-486.0,601.0,12:33:06.781882
77.0,-439.0,553.0,12:33:06.791278
161.0,-702.0,895.0,12:33:06.801839
29.0,-463.0,956.0,12:33:06.811113
-24.0,-460.0,1033.0,12:33:06.821594
117.0,-664.0,854.0,12:33:06.831057
84.0,-611.0,868.0,12:33:06.840326
203.0,-477.0,766.0,12:33:06.850858
50.0,-462.0,1154.0,12:33:06.860127
-64.0,-538.0,1354.0,12:33:06.870692
124.0,-656.0,719.0,12:33:06.879992
-40.0,-459.0,419.0,12:33:06.890503
-36.0,-453.0,1235.0,12:33:06.899890
125.0,-686.0,1199.0,12:33:06.909386
14.0,-651.0,715.0,12:33:06.919810
109.0,-435.0,378.0,12:33:06.929151
-23.0,-374.0,906.0,12:33:06.939728
-27.0,-438.0,972.0,12:33:06.949015
-107.0,-577.0,1023.0,12:33:06.959628
62.0,-815.0,1407.0,12:33:06.978149
64.0,-762.0,1027.0,12:33:06.988590
76.0,-494.0,813.0,12:33:06.997962
39.0,-521.0,500.0,12:33:07.008391
13.0,-376.0,592.0,12:33:07.018633
44.0,-610.0,945.0,12:33:07.027975
149.0,-573.0,915.0,12:33:07.037370
-59.0,-637.0,1134.0,12:33:07.047828
75.0,-733.0,889.0,12:33:07.057143
277.0,-715.0,627.0,12:33:07.067543
10.0,-558.0,445.0,12:33:07.076798
36.0,-597.0,1081.0,12:33:07.087269
-147.0,-234.0,1013.0,12:33:07.096532
-121.0,-583.0,879.0,12:33:07.107090
-135.0,-412.0,812.0,12:33:07.116447
-279.0,-387.0,1053.0,12:33:07.127067
58.0,-619.0,917.0,12:33:07.136416
-52.0,-542.0,773.0,12:33:07.145753
-28.0,-688.0,1312.0,12:33:07.156311
-11.0,-677.0,1028.0,12:33:07.165669
-70.0,-635.0,797.0,12:33:07.176134
47.0,-694.0,513.0,12:33:07.185388
52.0,-124.0,363.0,12:33:07.195930
-130.0,-747.0,1832.0,12:33:07.205175
-41.0,-317.0,495.0,12:33:07.215759
-108.0,-642.0,663.0,12:33:07.225068
1.0,-534.0,1336.0,12:33:07.234519
206.0,-681.0,1241.0,12:33:07.245096
-189.0,-294.0,919.0,12:33:07.254520
-5.0,-698.0,763.0,12:33:07.265006
254.0,-604.0,633.0,12:33:07.274360
30.0,-469.0,1003.0,12:33:07.283802
90.0,-7.0,513.0,12:33:07.294285
-53.0,-528.0,1624.0,12:33:07.303613
-51.0,-649.0,1251.0,12:33:07.314088
184.0,-96.0,-177.0,12:33:07.323396
26.0,-369.0,1106.0,12:33:07.333923
107.0,-347.0,1508.0,12:33:07.343267
129.0,-487.0,809.0,12:33:07.353663
27.0,-454.0,274.0,12:33:07.362995
213.0,-662.0,1117.0,12:33:07.373408
270.0,-468.0,1199.0,12:33:07.382886
-112.0,-198.0,940.0,12:33:07.392231
-16.0,-650.0,1398.0,12:33:07.402884
156.0,-731.0,679.0,12:33:07.412197
19.0,-524.0,659.0,12:33:07.422665
278.0,-401.0,808.0,12:33:07.431930
76.0,-383.0,1197.0,12:33:07.444362
-42.0,-590.0,1007.0,12:33:07.452278
115.0,-587.0,746.0,12:33:07.461848
73.0,-533.0,645.0,12:33:07.471186
-67.0,-548.0,1158.0,12:33:07.481694
87.0,-494.0,1052.0,12:33:07.491025
112.0,-539.0,948.0,12:33:07.501538
144.0,-666.0,906.0,12:33:07.510885
146.0,-277.0,500.0,12:33:07.520215
-192.0,-678.0,1527.0,12:33:07.530693
127.0,-288.0,565.0,12:33:07.540126
18.0,-468.0,825.0,12:33:07.550588
86.0,-732.0,1200.0,12:33:07.559896
121.0,-558.0,433.0,12:33:07.570340
32.0,-574.0,1048.0,12:33:07.579737
-4.0,-805.0,1592.0,12:33:07.590109
226.0,-436.0,575.0,12:33:07.599613
9.0,-364.0,573.0,12:33:07.608967
-159.0,-389.0,1093.0,12:33:07.619534
-10.0,-844.0,998.0,12:33:07.628836
249.0,-495.0,128.0,12:33:07.639389
-5.0,-469.0,956.0,12:33:07.648750
-91.0,-845.0,1799.0,12:33:07.659155
52.0,-669.0,870.0,12:33:07.668661
114.0,-964.0,789.0,12:33:07.677904
195.0,-493.0,311.0,12:33:07.688405
-202.0,-679.0,1480.0,12:33:07.697680
-11.0,-623.0,885.0,12:33:07.708225
83.0,-686.0,449.0,12:33:07.717500
-235.0,-197.0,382.0,12:33:07.728170
-120.0,-323.0,929.0,12:33:07.737516
17.0,-544.0,1139.0,12:33:07.746966
-272.0,-689.0,1388.0,12:33:07.757467
-11.0,-396.0,714.0,12:33:07.766828
22.0,-676.0,921.0,12:33:07.777346
-24.0,-540.0,979.0,12:33:07.786629
57.0,-630.0,1090.0,12:33:07.797131
35.0,-541.0,831.0,12:33:07.806416
86.0,-590.0,730.0,12:33:07.816846
103.0,-594.0,643.0,12:33:07.826219
-130.0,-226.0,651.0,12:33:07.843810
-201.0,-544.0,1330.0,12:33:07.847635
-195.0,-549.0,1123.0,12:33:07.855791
-1.0,-784.0,877.0,12:33:07.865265
21.0,-459.0,401.0,12:33:07.875693
-171.0,-546.0,1212.0,12:33:07.885130
-41.0,-479.0,922.0,12:33:07.895684
20.0,-577.0,1051.0,12:33:07.905146
-13.0,-702.0,906.0,12:33:07.914446
44.0,-279.0,234.0,12:33:07.924893
-142.0,-480.0,1293.0,12:33:07.934200
-94.0,-471.0,921.0,12:33:07.944649
22.0,-259.0,609.0,12:33:07.954095
20.0,-508.0,1007.0,12:33:07.964504
-27.0,-650.0,1428.0,12:33:07.973812
-29.0,-493.0,1073.0,12:33:07.984249
84.0,-581.0,896.0,12:33:07.993612
360.0,-519.0,1082.0,12:33:08.004044
234.0,-362.0,825.0,12:33:08.013285
65.0,-200.0,682.0,12:33:08.023721
79.0,-396.0,1049.0,12:33:08.033038
-23.0,-258.0,849.0,12:33:08.043463
-4.0,-371.0,1059.0,12:33:08.052898
33.0,-620.0,1126.0,12:33:08.062398
151.0,-640.0,965.0,12:33:08.072848
109.0,-519.0,689.0,12:33:08.082200
112.0,-535.0,619.0,12:33:08.092664
5.0,-306.0,906.0,12:33:08.102021
40.0,-235.0,711.0,12:33:08.112462
45.0,-543.0,1120.0,12:33:08.121797
-153.0,-495.0,1218.0,12:33:08.132266
-32.0,-633.0,847.0,12:33:08.141764
196.0,-438.0,608.0,12:33:08.151137
67.0,-441.0,894.0,12:33:08.161533
85.0,-552.0,1024.0,12:33:08.170918
121.0,-666.0,945.0,12:33:08.181409
-32.0,-404.0,663.0,12:33:08.190734
299.0,-668.0,1140.0,12:33:08.201325
40.0,-499.0,1010.0,12:33:08.210679
55.0,-418.0,1022.0,12:33:08.219957
264.0,-658.0,1092.0,12:33:08.230618
275.0,-715.0,754.0,12:33:08.239922
121.0,-490.0,467.0,12:33:08.250558
85.0,-393.0,961.0,12:33:08.259863
110.0,-559.0,1257.0,12:33:08.270307
-51.0,-591.0,939.0,12:33:08.279714
98.0,-716.0,837.0,12:33:08.289016
93.0,-395.0,494.0,12:33:08.299562
88.0,-583.0,885.0,12:33:08.308856
32.0,-584.0,1074.0,12:33:08.319466
49.0,-561.0,747.0,12:33:08.328727
51.0,-401.0,689.0,12:33:08.339214
84.0,-491.0,1042.0,12:33:08.348594
-61.0,-344.0,954.0,12:33:08.357947
61.0,-647.0,1077.0,12:33:08.368350
118.0,-692.0,1025.0,12:33:08.377715
187.0,-961.0,1265.0,12:33:08.388176
176.0,-680.0,843.0,12:33:08.397481
97.0,-456.0,318.0,12:33:08.407931
85.0,-414.0,686.0,12:33:08.417331
53.0,-525.0,1153.0,12:33:08.427808
51.0,-469.0,892.0,12:33:08.437237
-49.0,-530.0,879.0,12:33:08.447711
-26.0,-679.0,903.0,12:33:08.457000
203.0,-557.0,654.0,12:33:08.466416
-25.0,-471.0,1155.0,12:33:08.476849
92.0,-502.0,1075.0,12:33:08.486327
93.0,-588.0,986.0,12:33:08.496863
27.0,-495.0,1003.0,12:33:08.506250
139.0,-507.0,686.0,12:33:08.525803
-133.0,-195.0,381.0,12:33:08.535325
48.0,-351.0,854.0,12:33:08.545772
47.0,-848.0,1723.0,12:33:08.555171
102.0,-657.0,1022.0,12:33:08.565559
44.0,-405.0,242.0,12:33:08.574903
-40.0,-726.0,1372.0,12:33:08.585272
200.0,-531.0,832.0,12:33:08.594579
-21.0,-464.0,698.0,12:33:08.605207
-20.0,-517.0,789.0,12:33:08.614495
-84.0,-459.0,622.0,12:33:08.625046
-111.0,-577.0,1248.0,12:33:08.634345
65.0,-540.0,929.0,12:33:08.645406
-78.0,-519.0,987.0,12:33:08.654224
35.0,-731.0,1039.0,12:33:08.663572
117.0,-607.0,828.0,12:33:08.674213
21.0,-549.0,973.0,12:33:08.683525
52.0,-587.0,990.0,12:33:08.692961
-52.0,-348.0,183.0,12:33:08.703516
91.0,-689.0,922.0,12:33:08.712906
-59.0,-104.0,385.0,12:33:08.723407
-48.0,-455.0,1485.0,12:33:08.732757
-217.0,-599.0,1635.0,12:33:08.743235
-4.0,-733.0,713.0,12:33:08.752616
-105.0,-705.0,881.0,12:33:08.762070
78.0,-606.0,1220.0,12:33:08.772489
87.0,-593.0,1052.0,12:33:08.781884
-47.0,-635.0,854.0,12:33:08.792326
-100.0,-89.0,32.0,12:33:08.801802
-170.0,-449.0,1009.0,12:33:08.812310
-287.0,-422.0,1298.0,12:33:08.821710
-9.0,-554.0,1250.0,12:33:08.831132
28.0,-647.0,769.0,12:33:08.841666
50.0,-385.0,288.0,12:33:08.850976
105.0,-309.0,788.0,12:33:08.861496
90.0,-515.0,1769.0,12:33:08.870931
141.0,-340.0,882.0,12:33:08.881354
148.0,-467.0,447.0,12:33:08.890724
86.0,-579.0,975.0,12:33:08.899968
-124.0,-638.0,1398.0,12:33:08.910612
53.0,-392.0,813.0,12:33:08.919835
188.0,-620.0,689.0,12:33:08.930260
147.0,-536.0,787.0,12:33:08.939581
-55.0,-711.0,1067.0,12:33:08.950061
72.0,-472.0,578.0,12:33:08.959466
10.0,-500.0,1276.0,12:33:08.969938
174.0,-623.0,814.0,12:33:08.979371
33.0,-715.0,893.0,12:33:08.988734
2.0,-388.0,652.0,12:33:08.999224
149.0,-529.0,1114.0,12:33:09.008554
-32.0,-277.0,507.0,12:33:09.019192
-26.0,-298.0,538.0,12:33:09.028526
-6.0,-701.0,1522.0,12:33:09.037908
12.0,-776.0,1122.0,12:33:09.049892
234.0,-603.0,648.0,12:33:09.058141
-13.0,-358.0,678.0,12:33:09.067465
65.0,-851.0,1449.0,12:33:09.077929
70.0,-902.0,1084.0,12:33:09.087357
113.0,-362.0,450.0,12:33:09.097887
116.0,-337.0,279.0,12:33:09.107218
-87.0,-746.0,1547.0,12:33:09.117772
-68.0,-391.0,1048.0,12:33:09.127034
38.0,-667.0,1075.0,12:33:09.136538
114.0,-611.0,788.0,12:33:09.146951
52.0,-263.0,271.0,12:33:09.156351
-57.0,-475.0,954.0,12:33:09.166785
10.0,-438.0,1229.0,12:33:09.176077
-153.0,-450.0,975.0,12:33:09.186581
120.0,-557.0,807.0,12:33:09.195882
96.0,-747.0,1104.0,12:33:09.206445
174.0,-578.0,558.0,12:33:09.215787
-154.0,-239.0,628.0,12:33:09.225260
-20.0,-790.0,1704.0,12:33:09.235679
327.0,-644.0,746.0,12:33:09.245172
62.0,-426.0,322.0,12:33:09.255613
17.0,-354.0,544.0,12:33:09.265086
61.0,-360.0,710.0,12:33:09.275534
-59.0,-456.0,987.0,12:33:09.284901
-126.0,-922.0,1865.0,12:33:09.294240
-8.0,-852.0,952.0,12:33:09.304667
146.0,-170.0,187.0,12:33:09.314208
-147.0,-924.0,2047.0,12:33:09.324663
44.0,-475.0,594.0,12:33:09.334109
105.0,-496.0,358.0,12:33:09.343446
-129.0,-251.0,1094.0,12:33:09.354024
112.0,-347.0,648.0,12:33:09.363296
-26.0,-354.0,943.0,12:33:09.373705
-161.0,-565.0,1234.0,12:33:09.383057
-39.0,-578.0,1358.0,12:33:09.393632
137.0,-533.0,465.0,12:33:09.403046
39.0,-663.0,753.0,12:33:09.412397
-88.0,-178.0,879.0,12:33:09.422999
-98.0,-480.0,1383.0,12:33:09.432239
56.0,-949.0,1564.0,12:33:09.442746
261.0,-392.0,-7.0,12:33:09.452017
191.0,15.0,-74.0,12:33:09.462554
54.0,-683.0,1647.0,12:33:09.471999
-90.0,-468.0,1782.0,12:33:09.482496
117.0,-767.0,982.0,12:33:09.491865
221.0,-457.0,-39.0,12:33:09.501228
126.0,-236.0,1210.0,12:33:09.511772
122.0,-523.0,1474.0,12:33:09.521150
60.0,-555.0,673.0,12:33:09.531637
-4.0,-243.0,558.0,12:33:09.541021
268.0,-369.0,836.0,12:33:09.551449
-55.0,-528.0,1265.0,12:33:09.560744
144.0,-268.0,440.0,12:33:09.570233
139.0,-467.0,654.0,12:33:09.580795
245.0,-776.0,1770.0,12:33:09.590100
155.0,-649.0,1123.0,12:33:09.600647
47.0,-895.0,1198.0,12:33:09.610046
272.0,-419.0,246.0,12:33:09.619475
222.0,-603.0,701.0,12:33:09.629941
103.0,-604.0,989.0,12:33:09.639317
7.0,-488.0,741.0,12:33:09.649797
-159.0,-278.0,244.0,12:33:09.659129
-112.0,-24.0,272.0,12:33:09.668631
-5.0,-699.0,2047.0,12:33:09.679061
-69.0,-627.0,532.0,12:33:09.698721
73.0,-917.0,846.0,12:33:09.708129
230.0,-1413.0,1524.0,12:33:09.718562
76.0,-434.0,139.0,12:33:09.727977
114.0,1.0,-401.0,12:33:09.738530
-59.0,-3.0,343.0,12:33:09.747846
-163.0,-457.0,1573.0,12:33:09.758352
171.0,-884.0,1451.0,12:33:09.767814
-331.0,-431.0,1051.0,12:33:09.777093
99.0,-97.0,437.0,12:33:09.787662
355.0,-608.0,1130.0,12:33:09.796928
-11.0,-1058.0,1912.0,12:33:09.807533
-102.0,-560.0,141.0,12:33:09.816886
-55.0,-337.0,680.0,12:33:09.827447
11.0,-911.0,1405.0,12:33:09.836758
108.0,-578.0,616.0,12:33:09.850690
102.0,-409.0,132.0,12:33:09.856413
-138.0,-177.0,1066.0,12:33:09.865728
-222.0,-414.0,1305.0,12:33:09.876277
79.0,-557.0,1079.0,12:33:09.885551
46.0,-309.0,583.0,12:33:09.896137
12.0,-647.0,1168.0,12:33:09.905422
111.0,-819.0,1105.0,12:33:09.915851
-78.0,-506.0,728.0,12:33:09.925204
62.0,-629.0,1302.0,12:33:09.935744
103.0,-425.0,494.0,12:33:09.945161
105.0,-229.0,521.0,12:33:09.954552
-8.0,-448.0,1158.0,12:33:09.965311
-195.0,-868.0,1859.0,12:33:09.974740
387.0,-732.0,35.0,12:33:09.984019
55.0,342.0,-440.0,12:33:09.994516
-146.0,-712.0,2047.0,12:33:10.003786
262.0,-800.0,1112.0,12:33:10.014321
175.0,-530.0,315.0,12:33:10.023566
69.0,-305.0,995.0,12:33:10.034093
200.0,-212.0,989.0,12:33:10.043375
-61.0,-512.0,1382.0,12:33:10.052975
49.0,-483.0,1120.0,12:33:10.063421
-41.0,-569.0,926.0,12:33:10.072921
89.0,-633.0,696.0,12:33:10.083349
193.0,-738.0,1215.0,12:33:10.092833
-51.0,-488.0,608.0,12:33:10.103311
139.0,-783.0,906.0,12:33:10.112706
152.0,-499.0,603.0,12:33:10.122064
-7.0,-494.0,841.0,12:33:10.132614
-77.0,-540.0,829.0,12:33:10.141930
-18.0,-68.0,167.0,12:33:10.152385
-171.0,-308.0,876.0,12:33:10.161753
13.0,-795.0,1242.0,12:33:10.172275
-98.0,-521.0,1133.0,12:33:10.181672
179.0,-587.0,900.0,12:33:10.191001
-21.0,-343.0,830.0,12:33:10.201475
125.0,-1151.0,1908.0,12:33:10.210946
-40.0,-864.0,1285.0,12:33:10.221349
160.0,-657.0,344.0,12:33:10.230695
-5.0,-469.0,436.0,12:33:10.248863
-74.0,-463.0,789.0,12:33:10.250262
-314.0,6.0,270.0,12:33:10.260845
-304.0,-458.0,1328.0,12:33:10.270110
6.0,-914.0,1412.0,12:33:10.280728
-59.0,-930.0,1216.0,12:33:10.290055
-105.0,-383.0,513.0,12:33:10.299512
-63.0,-353.0,756.0,12:33:10.310002
-269.0,-546.0,1583.0,12:33:10.319391
218.0,-746.0,195.0,12:33:10.329882
145.0,-194.0,-224.0,12:33:10.339181
7.0,-459.0,953.0,12:33:10.349661
-118.0,-631.0,1853.0,12:33:10.358929
41.0,-607.0,1435.0,12:33:10.369499
-63.0,-253.0,363.0,12:33:10.378832
73.0,-825.0,1048.0,12:33:10.388246
2.0,-335.0,743.0,12:33:10.398700
-33.0,-425.0,948.0,12:33:10.408060
237.0,-758.0,1271.0,12:33:10.418587
323.0,-746.0,782.0,12:33:10.427890
24.0,-614.0,475.0,12:33:10.438330
-80.0,-295.0,381.0,12:33:10.447666
-250.0,-428.0,1899.0,12:33:10.458130
132.0,-815.0,1432.0,12:33:10.467541
207.0,-824.0,417.0,12:33:10.476944
47.0,-127.0,-156.0,12:33:10.487522
46.0,-335.0,854.0,12:33:10.496799
-50.0,-726.0,1622.0,12:33:10.507392
151.0,-920.0,957.0,12:33:10.516671
99.0,-891.0,1238.0,12:33:10.526116
-76.0,-636.0,1023.0,12:33:10.536557
44.0,-369.0,419.0,12:33:10.545876
87.0,-595.0,595.0,12:33:10.556284
-2.0,-119.0,126.0,12:33:10.565639
-216.0,-40.0,759.0,12:33:10.576124
-33.0,-462.0,1624.0,12:33:10.585445
-6.0,-1010.0,1876.0,12:33:10.595827
137.0,-260.0,-186.0,12:33:10.605303
-125.0,-264.0,214.0,12:33:10.615746
51.0,-1194.0,2047.0,12:33:10.625174
200.0,-516.0,1266.0,12:33:10.634472
74.0,-699.0,596.0,12:33:10.645000
79.0,-454.0,258.0,12:33:10.654261
16.0,-314.0,541.0,12:33:10.664739
-65.0,-114.0,485.0,12:33:10.674081
-104.0,-261.0,1037.0,12:33:10.684597
-27.0,-1008.0,1940.0,12:33:10.694053
93.0,-1189.0,1463.0,12:33:10.703395
34.0,-356.0,-186.0,12:33:10.713951
-17.0,-633.0,1495.0,12:33:10.723310
-79.0,-668.0,1730.0,12:33:10.733769
102.0,-493.0,336.0,12:33:10.743082
149.0,-468.0,10.0,12:33:10.753453
-138.0,-21.0,-70.0,12:33:10.762953
-158.0,145.0,1467.0,12:33:10.773442
-207.0,-730.0,2047.0,12:33:10.782748
267.0,-908.0,600.0,12:33:10.793115
95.0,-362.0,190.0,12:33:10.802515
197.0,-594.0,1000.0,12:33:10.811854
28.0,-104.0,823.0,12:33:10.822379
104.0,-457.0,1134.0,12:33:10.831775
-155.0,-364.0,909.0,12:33:10.842282
65.0,-535.0,722.0,12:33:10.851613
-131.0,-926.0,1703.0,12:33:10.862043
-119.0,-652.0,1349.0,12:33:10.871355
243.0,-457.0,-85.0,12:33:10.880738
202.0,-496.0,463.0,12:33:10.891176
-106.0,-117.0,621.0,12:33:10.900717
-73.0,93.0,587.0,12:33:10.911143
-85.0,-583.0,1979.0,12:33:10.920693
38.0,-540.0,1221.0,12:33:10.931225
180.0,-556.0,351.0,12:33:10.940568
138.0,-908.0,1349.0,12:33:10.949930
92.0,-609.0,879.0,12:33:10.960562
-43.0,-250.0,882.0,12:33:10.969942
107.0,-366.0,1267.0,12:33:10.979469
-108.0,-8.0,80.0,12:33:10.990042
113.0,-195.0,992.0,12:33:10.999486
122.0,-412.0,1457.0,12:33:11.009899
126.0,-416.0,811.0,12:33:11.019432
357.0,-566.0,1025.0,12:33:11.028757
404.0,-423.0,666.0,12:33:11.039179
472.0,-590.0,1037.0,12:33:11.051406
303.0,-825.0,1316.0,12:33:11.058450
18.0,-597.0,1427.0,12:33:11.068917
388.0,-622.0,41.0,12:33:11.078260
432.0,-738.0,839.0,12:33:11.088713
244.0,-669.0,1403.0,12:33:11.098537
180.0,-446.0,891.0,12:33:11.107827
175.0,-813.0,1091.0,12:33:11.118326
208.0,-535.0,180.0,12:33:11.127781
-70.0,-143.0,-316.0,12:33:11.137144
-194.0,-374.0,1405.0,12:33:11.147623
-123.0,-663.0,1508.0,12:33:11.156987
-76.0,-871.0,1380.0,12:33:11.167514
-18.0,-127.0,246.0,12:33:11.176873
-172.0,-627.0,1484.0,12:33:11.186310
15.0,-988.0,1834.0,12:33:11.196817
407.0,-593.0,247.0,12:33:11.206232
-59.0,-436.0,220.0,12:33:11.216632
16.0,-575.0,1320.0,12:33:11.225905
-89.0,-299.0,1184.0,12:33:11.236440
61.0,-712.0,970.0,12:33:11.245769
309.0,-787.0,514.0,12:33:11.256226
235.0,-723.0,634.0,12:33:11.265436
173.0,-502.0,823.0,12:33:11.275929
82.0,-341.0,718.0,12:33:11.285190
-51.0,-662.0,1513.0,12:33:11.295704
30.0,-734.0,818.0,12:33:11.305086
-74.0,-420.0,547.0,12:33:11.314413
-358.0,-206.0,810.0,12:33:11.324914
158.0,-335.0,1047.0,12:33:11.334247
-86.0,-922.0,1841.0,12:33:11.344790
101.0,-586.0,626.0,12:33:11.354198
100.0,-394.0,140.0,12:33:11.364660
107.0,-529.0,970.0,12:33:11.374046
259.0,-118.0,464.0,12:33:11.384401
-84.0,-479.0,1044.0,12:33:11.393778
-130.0,-696.0,1417.0,12:33:11.403044
-59.0,-900.0,1078.0,12:33:11.413628
-203.0,-187.0,438.0,12:33:11.423014
22.0,-53.0,559.0,12:33:11.433584
-20.0,-872.0,1615.0,12:33:11.442893
119.0,-900.0,1414.0,12:33:11.452936
-137.0,-338.0,324.0,12:33:11.462592
-15.0,-320.0,629.0,12:33:11.472969
229.0,-589.0,1525.0,12:33:11.482352
136.0,-730.0,1168.0,12:33:11.492885
130.0,-503.0,539.0,12:33:11.502300
326.0,-573.0,1108.0,12:33:11.511699
30.0,-642.0,683.0,12:33:11.522200
135.0,-139.0,155.0,12:33:11.531489
-49.0,100.0,394.0,12:33:11.541939
-193.0,-476.0,1964.0,12:33:11.551250
139.0,-795.0,1659.0,12:33:11.560708
69.0,-669.0,715.0,12:33:11.571223
79.0,-613.0,693.0,12:33:11.580628
140.0,-346.0,788.0,12:33:11.591113
179.0,-268.0,513.0,12:33:11.600514
262.0,-424.0,1081.0,12:33:11.610908
65.0,-491.0,1211.0,12:33:11.620177
-88.0,-880.0,1502.0,12:33:11.630767
48.0,-623.0,748.0,12:33:11.640160
10.0,-467.0,297.0,12:33:11.649719
-41.0,-262.0,334.0,12:33:11.660178
-82.0,-614.0,1488.0,12:33:11.669571
116.0,-883.0,1589.0,12:33:11.680005
75.0,-965.0,895.0,12:33:11.689542
-48.0,-238.0,36.0,12:33:11.698778
-19.0,-760.0,1961.0,12:33:11.718521
-50.0,-655.0,797.0,12:33:11.729040
213.0,-1187.0,459.0,12:33:11.738298
-118.0,-175.0,552.0,12:33:11.748833
9.0,-485.0,881.0,12:33:11.758139
-114.0,-391.0,918.0,12:33:11.768674
10.0,-654.0,1119.0,12:33:11.777961
-168.0,-538.0,763.0,12:33:11.787462
36.0,-633.0,571.0,12:33:11.797968
-80.0,-422.0,964.0,12:33:11.807309
-105.0,-461.0,1068.0,12:33:11.817785
-52.0,-584.0,863.0,12:33:11.827156
61.0,-579.0,695.0,12:33:11.837566
-7.0,-818.0,1111.0,12:33:11.846866
55.0,-534.0,605.0,12:33:11.857388
-28.0,-521.0,645.0,12:33:11.866719
-38.0,-275.0,712.0,12:33:11.877167
6.0,-167.0,237.0,12:33:11.886599
-89.0,-527.0,1111.0,12:33:11.895927
131.0,-758.0,1628.0,12:33:11.906457
73.0,-923.0,1372.0,12:33:11.915838
53.0,-512.0,1018.0,12:33:11.926309
-149.0,-424.0,1041.0,12:33:11.935787
-108.0,-765.0,1107.0,12:33:11.945158
136.0,-720.0,833.0,12:33:11.955628
322.0,-662.0,638.0,12:33:11.965030
116.0,-605.0,699.0,12:33:11.975524
-103.0,-381.0,916.0,12:33:11.984986
160.0,-665.0,1167.0,12:33:11.995446
27.0,-563.0,711.0,12:33:12.004693
-41.0,-516.0,713.0,12:33:12.014158
90.0,-776.0,1135.0,12:33:12.024521
13.0,-497.0,941.0,12:33:12.033985
17.0,-556.0,814.0,12:33:12.044463
13.0,-435.0,1047.0,12:33:12.053855
-178.0,-436.0,1274.0,12:33:12.064326
149.0,-901.0,1510.0,12:33:12.073654
-70.0,-412.0,745.0,12:33:12.084123
-51.0,-502.0,710.0,12:33:12.093490
-42.0,-508.0,1237.0,12:33:12.102878
74.0,-574.0,1091.0,12:33:12.113473
-23.0,-381.0,586.0,12:33:12.122878
153.0,-569.0,1010.0,12:33:12.133405
-19.0,-622.0,733.0,12:33:12.142696
-77.0,-359.0,703.0,12:33:12.151995
16.0,-158.0,522.0,12:33:12.162424
-31.0,-836.0,1383.0,12:33:12.171871
97.0,-336.0,158.0,12:33:12.182259
64.0,-215.0,472.0,12:33:12.191574
-102.0,-778.0,2047.0,12:33:12.202037
250.0,-597.0,966.0,12:33:12.211375
126.0,-357.0,-137.0,12:33:12.221867
95.0,-317.0,549.0,12:33:12.231228
79.0,-263.0,671.0,12:33:12.241754
-144.0,-397.0,998.0,12:33:12.256032
138.0,-604.0,927.0,12:33:12.260584
-27.0,-610.0,1188.0,12:33:12.271108
-208.0,-585.0,1328.0,12:33:12.280516
-58.0,-366.0,706.0,12:33:12.291075
28.0,-549.0,1106.0,12:33:12.300396
67.0,-405.0,875.0,12:33:12.310817
25.0,-338.0,816.0,12:33:12.320070
174.0,-730.0,1130.0,12:33:12.329615
341.0,-502.0,656.0,12:33:12.340080
-157.0,-198.0,774.0,12:33:12.349565
31.0,-608.0,1454.0,12:33:12.358914
91.0,-397.0,574.0,12:33:12.369621
21.0,-210.0,384.0,12:33:12.378956
-38.0,-783.0,1996.0,12:33:12.389507
258.0,-714.0,1036.0,12:33:12.398915
27.0,-552.0,728.0,12:33:12.408303
65.0,-565.0,1312.0,12:33:12.418689
226.0,-566.0,898.0,12:33:12.428024
78.0,-473.0,635.0,12:33:12.438573
-74.0,-379.0,1507.0,12:33:12.447982
35.0,-215.0,505.0,12:33:12.458498
333.0,-384.0,-156.0,12:33:12.467843
108.0,-601.0,1338.0,12:33:12.477215
2.0,-210.0,1414.0,12:33:12.487700
207.0,-365.0,1117.0,12:33:12.497042
59.0,-927.0,1368.0,12:33:12.507506
153.0,-614.0,-190.0,12:33:12.516799
208.0,-217.0,16.0,12:33:12.527428
75.0,-584.0,1290.0,12:33:12.536761
-101.0,-373.0,1164.0,12:33:12.547213
-151.0,-498.0,434.0,12:33:12.556635
29.0,-1011.0,1397.0,12:33:12.566048
107.0,-680.0,995.0,12:33:12.576437
57.0,-191.0,362.0,12:33:12.585693
-26.0,-490.0,1233.0,12:33:12.596196
143.0,-844.0,863.0,12:33:12.605574
115.0,-695.0,886.0,12:33:12.615985
134.0,-789.0,1043.0,12:33:12.625220
63.0,-484.0,593.0,12:33:12.635734
-45.0,-732.0,1214.0,12:33:12.645074
88.0,-420.0,663.0,12:33:12.656733
137.0,-589.0,803.0,12:33:12.665239
82.0,-600.0,1063.0,12:33:12.674456
105.0,-487.0,779.0,12:33:12.684998
33.0,-404.0,660.0,12:33:12.694246
18.0,-720.0,1493.0,12:33:12.704681
-51.0,-387.0,750.0,12:33:12.714020
115.0,-399.0,621.0,12:33:12.724605
-76.0,-775.0,1536.0,12:33:12.733950
-53.0,-519.0,1002.0,12:33:12.743350
-27.0,-471.0,458.0,12:33:12.753858
-150.0,-149.0,432.0,12:33:12.763237
45.0,-43.0,745.0,12:33:12.773736
-127.0,-280.0,1144.0,12:33:12.783038
44.0,-448.0,1106.0,12:33:12.793459
168.0,-426.0,1001.0,12:33:12.802995
-139.0,-501.0,1487.0,12:33:12.812245
-41.0,-790.0,1574.0,12:33:12.822879
270.0,-974.0,489.0,12:33:12.832225
204.0,-609.0,4.0,12:33:12.842902
173.0,40.0,315.0,12:33:12.852289
-24.0,-387.0,1525.0,12:33:12.861684
123.0,-724.0,1361.0,12:33:12.872161
-49.0,-1199.0,1347.0,12:33:12.881682
-32.0,-284.0,-191.0,12:33:12.892111
238.0,-480.0,1018.0,12:33:12.901463
106.0,-541.0,1685.0,12:33:12.911844
67.0,-553.0,1030.0,12:33:12.921270
-16.0,-223.0,108.0,12:33:12.930699
22.0,-680.0,1118.0,12:33:12.941160
191.0,-892.0,1852.0,12:33:12.950587
-127.0,-216.0,1176.0,12:33:12.961068
-68.0,-854.0,1148.0,12:33:12.970365
136.0,-613.0,309.0,12:33:12.980841
479.0,197.0,-218.0,12:33:12.990123
67.0,213.0,1332.0,12:33:13.000683
-52.0,-365.0,1617.0,12:33:13.009921
-181.0,-681.0,816.0,12:33:13.019387
-46.0,-485.0,259.0,12:33:13.029861
129.0,-239.0,1078.0,12:33:13.039354
-67.0,-433.0,1550.0,12:33:13.049781
-68.0,-484.0,736.0,12:33:13.059068
348.0,-168.0,476.0,12:33:13.069583
27.0,-1166.0,1999.0,12:33:13.078936
129.0,-464.0,725.0,12:33:13.098453
-76.0,-658.0,1112.0,12:33:13.108931
31.0,-320.0,761.0,12:33:13.118318
221.0,-749.0,1004.0,12:33:13.128729
109.0,-702.0,539.0,12:33:13.138072
225.0,-956.0,966.0,12:33:13.147446
125.0,-371.0,211.0,12:33:13.157855
167.0,-197.0,817.0,12:33:13.167175
67.0,-626.0,1423.0,12:33:13.177614
56.0,-331.0,746.0,12:33:13.186932
-75.0,-699.0,1596.0,12:33:13.197458
-10.0,-554.0,939.0,12:33:13.206906
178.0,-611.0,928.0,12:33:13.217378
-3.0,-577.0,1185.0,12:33:13.226823
319.0,-453.0,696.0,12:33:13.236300
150.0,-676.0,882.0,12:33:13.246743
-133.0,-459.0,574.0,12:33:13.256084
5.0,-722.0,1016.0,12:33:13.266623
-179.0,-507.0,904.0,12:33:13.275979
81.0,-789.0,1122.0,12:33:13.285353
-251.0,-587.0,1311.0,12:33:13.295740
-97.0,-617.0,795.0,12:33:13.305319
-21.0,-389.0,898.0,12:33:13.315712
-116.0,95.0,507.0,12:33:13.325159
-159.0,-300.0,620.0,12:33:13.335635
-247.0,-583.0,949.0,12:33:13.345097
-10.0,-606.0,909.0,12:33:13.354460
-74.0,-775.0,1006.0,12:33:13.364958
218.0,-667.0,691.0,12:33:13.374253
-100.0,-534.0,1284.0,12:33:13.384784
-38.0,-830.0,1381.0,12:33:13.394138
47.0,-802.0,727.0,12:33:13.404661
78.0,-640.0,888.0,12:33:13.414063
201.0,-156.0,61.0,12:33:13.423475
-178.0,-435.0,1372.0,12:33:13.433941
-79.0,-709.0,1157.0,12:33:13.443284
-15.0,-635.0,44.0,12:33:13.458511
-67.0,-859.0,1165.0,12:33:13.463484
131.0,-556.0,1484.0,12:33:13.472935
25.0,-58.0,23.0,12:33:13.483420
-229.0,-380.0,1357.0,12:33:13.492832
-87.0,-428.0,1083.0,12:33:13.502173
41.0,-809.0,1185.0,12:33:13.512663
-74.0,-516.0,748.0,12:33:13.521922
61.0,-433.0,600.0,12:33:13.532482
-294.0,-478.0,1282.0,12:33:13.541797
-86.0,-313.0,903.0,12:33:13.552415
43.0,-637.0,1161.0,12:33:13.561835
-100.0,-442.0,653.0,12:33:13.571176
28.0,-470.0,929.0,12:33:13.581703
24.0,-679.0,1525.0,12:33:13.591109
90.0,-398.0,1077.0,12:33:13.601501
-8.0,-503.0,785.0,12:33:13.610874
55.0,-911.0,1050.0,12:33:13.621299
147.0,-212.0,167.0,12:33:13.630758
148.0,-95.0,485.0,12:33:13.641193
-17.0,-150.0,955.0,12:33:13.650546
-35.0,-448.0,1316.0,12:33:13.659907
-53.0,-539.0,839.0,12:33:13.670387
77.0,-417.0,757.0,12:33:13.679674
49.0,-469.0,1320.0,12:33:13.690151
-114.0,-878.0,1621.0,12:33:13.699480
-5.0,-639.0,416.0,12:33:13.710093
174.0,-207.0,20.0,12:33:13.719484
-75.0,-772.0,1738.0,12:33:13.728773
-54.0,-654.0,1366.0,12:33:13.739494
-41.0,-577.0,284.0,12:33:13.748849
2.0,-459.0,117.0,12:33:13.759424
42.0,-549.0,1180.0,12:33:13.768783
80.0,-85.0,1351.0,12:33:13.778112
-99.0,-491.0,1513.0,12:33:13.788751
108.0,-675.0,730.0,12:33:13.798052
31.0,-590.0,638.0,12:33:13.808648
169.0,-173.0,823.0,12:33:13.818122
85.0,-532.0,1234.0,12:33:13.827522
-96.0,-709.0,525.0,12:33:13.837920
14.0,-441.0,458.0,12:33:13.847222
-6.0,-251.0,240.0,12:33:13.861367
-216.0,-159.0,646.0,12:33:13.867366
59.0,-878.0,2047.0,12:33:13.876683
-143.0,-762.0,1468.0,12:33:13.887196
246.0,-701.0,629.0,12:33:13.896446
341.0,-338.0,506.0,12:33:13.906955
-19.0,-488.0,1055.0,12:33:13.916390
126.0,-869.0,1597.0,12:33:13.926799
199.0,-363.0,397.0,12:33:13.936219
-66.0,-396.0,414.0,12:33:13.945593
-156.0,-564.0,825.0,12:33:13.956096
-81.0,-1001.0,1552.0,12:33:13.965421
217.0,-666.0,842.0,12:33:13.975808
-11.0,-828.0,986.0,12:33:13.985317
-47.0,-815.0,827.0,12:33:13.995800
-78.0,-1072.0,1276.0,12:33:14.005214
79.0,-572.0,300.0,12:33:14.014547
-86.0,-814.0,699.0,12:33:14.025117
-316.0,-267.0,364.0,12:33:14.034442
-317.0,-320.0,693.0,12:33:14.044974
-211.0,-398.0,756.0,12:33:14.054283
-153.0,-473.0,1225.0,12:33:14.064903
-166.0,-621.0,1723.0,12:33:14.074240
108.0,-613.0,933.0,12:33:14.083590
46.0,-677.0,532.0,12:33:14.094038
-6.0,-1190.0,1395.0,12:33:14.103383
72.0,-752.0,609.0,12:33:14.114053
-335.0,-154.0,449.0,12:33:14.123452
-116.0,-560.0,767.0,12:33:14.133924
-51.0,-434.0,636.0,12:33:14.143392
-252.0,-382.0,906.0,12:33:14.152621
-210.0,-267.0,832.0,12:33:14.163095
-118.0,-397.0,1090.0,12:33:14.172383
-40.0,-544.0,1392.0,12:33:14.183009
112.0,-536.0,816.0,12:33:14.192352
61.0,-709.0,708.0,12:33:14.202963
-2.0,-430.0,712.0,12:33:14.212202
269.0,-377.0,703.0,12:33:14.221784
-37.0,-471.0,921.0,12:33:14.232143
-71.0,-372.0,950.0,12:33:14.241499
72.0,-506.0,685.0,12:33:14.251896
66.0,-382.0,1144.0,12:33:14.261282
82.0,-498.0,995.0,12:33:14.271828
293.0,-355.0,319.0,12:33:14.281153
57.0,-793.0,1527.0,12:33:14.291563
119.0,-286.0,646.0,12:33:14.300960
-222.0,-360.0,827.0,12:33:14.310287
113.0,-872.0,1379.0,12:33:14.320762
14.0,-481.0,980.0,12:33:14.330147
24.0,-639.0,907.0,12:33:14.340696
-28.0,-443.0,594.0,12:33:14.349977
112.0,-750.0,1118.0,12:33:14.360537
-245.0,-195.0,578.0,12:33:14.369905
-111.0,-442.0,1038.0,12:33:14.379455
-29.0,-626.0,1270.0,12:33:14.389888
-84.0,-746.0,1140.0,12:33:14.399216
66.0,-580.0,584.0,12:33:14.409770
-140.0,-276.0,426.0,12:33:14.419121
259.0,-712.0,993.0,12:33:14.428610
161.0,-368.0,903.0,12:33:14.439059
-40.0,-371.0,934.0,12:33:14.448362
17.0,-464.0,885.0,12:33:14.458864
10.0,-466.0,1246.0,12:33:14.468184
13.0,-343.0,919.0,12:33:14.478588
146.0,-306.0,470.0,12:33:14.487982
7.0,-550.0,1272.0,12:33:14.498479
39.0,-469.0,847.0,12:33:14.507810
117.0,-522.0,893.0,12:33:14.518226
114.0,-596.0,1301.0,12:33:14.527584
-100.0,-564.0,647.0,12:33:14.536981
-73.0,-428.0,819.0,12:33:14.547544
-6.0,-595.0,998.0,12:33:14.556828
22.0,-368.0,642.0,12:33:14.567417
-1.0,-640.0,1286.0,12:33:14.576772
131.0,-521.0,784.0,12:33:14.587202
4.0,-582.0,714.0,12:33:14.596445
294.0,-453.0,690.0,12:33:14.606946
-30.0,-416.0,1020.0,12:33:14.616281
181.0,-658.0,1305.0,12:33:14.625670
187.0,-454.0,732.0,12:33:14.636131
7.0,-490.0,936.0,12:33:14.645604
146.0,-641.0,1121.0,12:33:14.660997
67.0,-341.0,598.0,12:33:14.665991
18.0,-548.0,1051.0,12:33:14.675267
94.0,-735.0,1173.0,12:33:14.685778
32.0,-563.0,865.0,12:33:14.695243
-31.0,-446.0,809.0,12:33:14.704523
120.0,-646.0,893.0,12:33:14.715136
116.0,-489.0,542.0,12:33:14.724432
183.0,-504.0,857.0,12:33:14.734943
25.0,-599.0,1014.0,12:33:14.744210
-24.0,-610.0,731.0,12:33:14.754737
-78.0,-451.0,645.0,12:33:14.764050
62.0,-481.0,1098.0,12:33:14.773441
0.0,-667.0,1290.0,12:33:14.783871
104.0,-500.0,519.0,12:33:14.793185
77.0,-491.0,918.0,12:33:14.803593
100.0,-465.0,972.0,12:33:14.813010
22.0,-494.0,944.0,12:33:14.823549
157.0,-646.0,979.0,12:33:14.832970
220.0,-433.0,740.0,12:33:14.843359
-46.0,-470.0,982.0,12:33:14.852947
181.0,-662.0,800.0,12:33:14.862193
113.0,-549.0,805.0,12:33:14.872676
-148.0,-227.0,649.0,12:33:14.881966
-21.0,-560.0,1448.0,12:33:14.892473
114.0,-504.0,1061.0,12:33:14.901836
46.0,-687.0,1043.0,12:33:14.912413
132.0,-558.0,842.0,12:33:14.921752
257.0,-322.0,585.0,12:33:14.931108
-20.0,-599.0,1476.0,12:33:14.941465
51.0,-652.0,777.0,12:33:14.950808
148.0,-388.0,251.0,12:33:14.961269
-57.0,-647.0,1168.0,12:33:14.970722
80.0,-568.0,1214.0,12:33:14.981278
-80.0,-483.0,571.0,12:33:14.990725
-100.0,-484.0,796.0,12:33:15.001151
62.0,-430.0,799.0,12:33:15.010642
-94.0,-179.0,866.0,12:33:15.019866
-33.0,-750.0,1620.0,12:33:15.030326
86.0,-649.0,1120.0,12:33:15.039604
-28.0,-367.0,328.0,12:33:15.050068
51.0,-670.0,1060.0,12:33:15.062985
223.0,-497.0,1199.0,12:33:15.069038
-33.0,-308.0,625.0,12:33:15.079561
91.0,-572.0,854.0,12:33:15.088918
129.0,-589.0,914.0,12:33:15.099576
51.0,-405.0,782.0,12:33:15.108901
43.0,-569.0,1101.0,12:33:15.118367
188.0,-459.0,813.0,12:33:15.128868
40.0,-423.0,894.0,12:33:15.138241
-56.0,-380.0,920.0,12:33:15.148675
26.0,-622.0,1228.0,12:33:15.158013
-4.0,-695.0,1117.0,12:33:15.168575
61.0,-407.0,231.0,12:33:15.177930
-106.0,-492.0,996.0,12:33:15.187366
-107.0,-601.0,1444.0,12:33:15.197788
-63.0,-615.0,963.0,12:33:15.207199
84.0,-807.0,1020.0,12:33:15.217746
48.0,-563.0,770.0,12:33:15.227029
77.0,-459.0,732.0,12:33:15.237598
91.0,-460.0,781.0,12:33:15.246973
95.0,-471.0,708.0,12:33:15.256371
-80.0,-135.0,674.0,12:33:15.266787
-39.0,-437.0,1212.0,12:33:15.276222
59.0,-621.0,1225.0,12:33:15.286832
-6.0,-381.0,622.0,12:33:15.296192
163.0,-464.0,999.0,12:33:15.306636
105.0,-811.0,1619.0,12:33:15.315935
130.0,-505.0,483.0,12:33:15.325302
69.0,-472.0,749.0,12:33:15.335702
47.0,-504.0,1086.0,12:33:15.345063
236.0,-437.0,775.0,12:33:15.355428
22.0,-499.0,798.0,12:33:15.364814
113.0,-584.0,796.0,12:33:15.375216
62.0,-401.0,713.0,12:33:15.384562
103.0,-583.0,1327.0,12:33:15.394959
56.0,-570.0,1074.0,12:33:15.404383
152.0,-654.0,737.0,12:33:15.414815
184.0,-580.0,920.0,12:33:15.424110
37.0,-558.0,838.0,12:33:15.434558
61.0,-486.0,678.0,12:33:15.443889
125.0,-182.0,305.0,12:33:15.454295
98.0,-727.0,1336.0,12:33:15.463638
64.0,-588.0,1094.0,12:33:15.474100
2.0,-408.0,660.0,12:33:15.483440
38.0,-406.0,679.0,12:33:15.493931
-9.0,-813.0,1233.0,12:33:15.503248
302.0,-957.0,1336.0,12:33:15.512531
22.0,-457.0,669.0,12:33:15.523154
212.0,-691.0,991.0,12:33:15.532400
22.0,-659.0,927.0,12:33:15.543054
86.0,-624.0,572.0,12:33:15.552323
14.0,-548.0,710.0,12:33:15.561878
-9.0,-369.0,604.0,12:33:15.572338
-203.0,-600.0,1507.0,12:33:15.581736
-54.0,-539.0,1001.0,12:33:15.592293
37.0,-503.0,766.0,12:33:15.601834
5.0,-698.0,889.0,12:33:15.611104
58.0,-538.0,736.0,12:33:15.630776
-212.0,-382.0,1103.0,12:33:15.641278
-12.0,-503.0,665.0,12:33:15.650653
44.0,-470.0,894.0,12:33:15.661099
-59.0,-534.0,1028.0,12:33:15.670420
117.0,-601.0,1017.0,12:33:15.680920
-41.0,-442.0,716.0,12:33:15.690275
48.0,-559.0,993.0,12:33:15.699726
124.0,-737.0,1051.0,12:33:15.710237
205.0,-376.0,632.0,12:33:15.719595
-193.0,-204.0,593.0,12:33:15.730070
88.0,-824.0,1159.0,12:33:15.739464
43.0,-594.0,829.0,12:33:15.749959
-21.0,-376.0,759.0,12:33:15.759404
69.0,-368.0,846.0,12:33:15.768719
-86.0,-634.0,1333.0,12:33:15.779175
-32.0,-244.0,797.0,12:33:15.788573
126.0,-348.0,805.0,12:33:15.799072
173.0,-860.0,1682.0,12:33:15.808331
119.0,-313.0,644.0,12:33:15.818802
-23.0,-416.0,808.0,12:33:15.828115
71.0,-517.0,720.0,12:33:15.838691
12.0,-245.0,738.0,12:33:15.848058
-31.0,-193.0,1015.0,12:33:15.863716
-73.0,-780.0,1641.0,12:33:15.867680
-15.0,-535.0,901.0,12:33:15.878225
134.0,-264.0,411.0,12:33:15.887632
101.0,-570.0,1297.0,12:33:15.896985
189.0,-529.0,786.0,12:33:15.907447
61.0,25.0,150.0,12:33:15.916829
47.0,-539.0,1357.0,12:33:15.927326
230.0,-646.0,1177.0,12:33:15.936634
103.0,-651.0,1325.0,12:33:15.947011
177.0,-339.0,553.0,12:33:15.956399
-20.0,-803.0,1316.0,12:33:15.966811
91.0,-333.0,648.0,12:33:15.976327
133.0,-490.0,722.0,12:33:15.985560
290.0,-614.0,569.0,12:33:15.996150
120.0,-727.0,1111.0,12:33:16.005442
-25.0,-215.0,614.0,12:33:16.015923
29.0,-526.0,741.0,12:33:16.025262
62.0,-781.0,1480.0,12:33:16.035862
-21.0,-601.0,1020.0,12:33:16.045239
-26.0,-316.0,571.0,12:33:16.054566
93.0,-662.0,1254.0,12:33:16.065062
-25.0,-183.0,810.0,12:33:16.074497
-40.0,-416.0,1133.0,12:33:16.085045
190.0,-666.0,645.0,12:33:16.094389
219.0,-590.0,913.0,12:33:16.104806
-25.0,-454.0,1087.0,12:33:16.114228
149.0,-492.0,1052.0,12:33:16.123500
-20.0,-569.0,1037.0,12:33:16.134306
178.0,-451.0,558.0,12:33:16.143596
232.0,-624.0,653.0,12:33:16.154109
25.0,-365.0,1036.0,12:33:16.163379
30.0,-338.0,1033.0,12:33:16.172733
181.0,-786.0,1435.0,12:33:16.183108
212.0,-621.0,916.0,12:33:16.192489
127.0,-297.0,324.0,12:33:16.202996
256.0,-387.0,600.0,12:33:16.212291
9.0,-541.0,1411.0,12:33:16.222684
45.0,-619.0,1023.0,12:33:16.232065
318.0,-503.0,99.0,12:33:16.242445
4.0,-278.0,822.0,12:33:16.251819
-62.0,-750.0,1789.0,12:33:16.266561
151.0,-294.0,383.0,12:33:16.272267
-48.0,-588.0,1057.0,12:33:16.281706
193.0,-644.0,860.0,12:33:16.292082
217.0,-636.0,916.0,12:33:16.301374
18.0,-423.0,871.0,12:33:16.310687
35.0,-525.0,1075.0,12:33:16.321151
131.0,-651.0,963.0,12:33:16.330422
77.0,-597.0,882.0,12:33:16.340868
65.0,-665.0,912.0,12:33:16.350166
61.0,-485.0,856.0,12:33:16.360693
26.0,-760.0,1135.0,12:33:16.370008
52.0,-635.0,702.0,12:33:16.380407
99.0,-629.0,756.0,12:33:16.389724
61.0,-477.0,701.0,12:33:16.400170
-25.0,-463.0,899.0,12:33:16.409532
-16.0,-601.0,1344.0,12:33:16.419973
-86.0,-543.0,624.0,12:33:16.429516
74.0,-295.0,248.0,12:33:16.438868
-112.0,-477.0,1204.0,12:33:16.449406
-91.0,-601.0,1544.0,12:33:16.458711
-8.0,-716.0,929.0,12:33:16.469173
24.0,-624.0,749.0,12:33:16.478673
47.0,-478.0,881.0,12:33:16.489089
-117.0,-564.0,1077.0,12:33:16.498548
-48.0,-411.0,666.0,12:33:16.507997
-85.0,-463.0,500.0,12:33:16.518625
22.0,-595.0,1049.0,12:33:16.528075
-35.0,-407.0,1383.0,12:33:16.537441
48.0,-435.0,1049.0,12:33:16.547937
122.0,-325.0,613.0,12:33:16.557308
151.0,-276.0,690.0,12:33:16.567761
105.0,-379.0,1069.0,12:33:16.577016
-3.0,-310.0,1114.0,12:33:16.587622
73.0,-408.0,748.0,12:33:16.597002
64.0,-375.0,633.0,12:33:16.616651
67.0,-546.0,1168.0,12:33:16.626119
158.0,-615.0,1555.0,12:33:16.636573
12.0,-812.0,928.0,12:33:16.645873
136.0,-695.0,567.0,12:33:16.656435
272.0,-387.0,522.0,12:33:16.665791
50.0,-306.0,890.0,12:33:16.675250
-4.0,-280.0,791.0,12:33:16.685800
327.0,-743.0,1577.0,12:33:16.695185
-44.0,-764.0,1787.0,12:33:16.705705
219.0,-845.0,993.0,12:33:16.715077
216.0,-938.0,1121.0,12:33:16.725510
330.0,-587.0,691.0,12:33:16.734761
254.0,48.0,220.0,12:33:16.745365
15.0,-359.0,1242.0,12:33:16.754696
20.0,-327.0,453.0,12:33:16.764091
-53.0,-411.0,566.0,12:33:16.774516
71.0,-492.0,999.0,12:33:16.783928
31.0,-455.0,922.0,12:33:16.794315
-89.0,-711.0,890.0,12:33:16.803625
177.0,-222.0,193.0,12:33:16.814124
-51.0,-514.0,1413.0,12:33:16.823449
-64.0,-878.0,2047.0,12:33:16.833960
162.0,-884.0,1156.0,12:33:16.843283
56.0,-646.0,430.0,12:33:16.853643
-4.0,-445.0,671.0,12:33:16.863017
144.0,-682.0,969.0,12:33:16.873415
84.0,-615.0,449.0,12:33:16.882802
16.0,-393.0,700.0,12:33:16.893194
-15.0,-529.0,1083.0,12:33:16.902520
104.0,-628.0,664.0,12:33:16.911849
-33.0,-625.0,746.0,12:33:16.922319
-13.0,-698.0,1458.0,12:33:16.931758
-4.0,-446.0,811.0,12:33:16.942279
-51.0,-597.0,1059.0,12:33:16.951629
124.0,-588.0,841.0,12:33:16.961061
-58.0,-515.0,873.0,12:33:16.971547
133.0,-588.0,695.0,12:33:16.981032
-62.0,-432.0,701.0,12:33:16.991429
-111.0,-406.0,936.0,12:33:17.000821
101.0,-522.0,1100.0,12:33:17.011284
-219.0,-691.0,1242.0,12:33:17.020718
166.0,-531.0,721.0,12:33:17.030057
292.0,-688.0,915.0,12:33:17.040654
-18.0,-586.0,906.0,12:33:17.049954
54.0,-403.0,481.0,12:33:17.067352
-101.0,-222.0,1027.0,12:33:17.071311
-99.0,-183.0,1048.0,12:33:17.079580
-61.0,-369.0,1248.0,12:33:17.090063
-274.0,-201.0,785.0,12:33:17.099507
214.0,-837.0,1097.0,12:33:17.108881
97.0,-580.0,1098.0,12:33:17.119415
-3.0,-555.0,1015.0,12:33:17.128788
23.0,-608.0,1238.0,12:33:17.139352
35.0,-725.0,703.0,12:33:17.148718
169.0,-304.0,-203.0,12:33:17.159121
72.0,-686.0,1344.0,12:33:17.168553
30.0,-477.0,664.0,12:33:17.178974
162.0,-412.0,263.0,12:33:17.188306
