146.0,-690.0,1208.0,12:32:02.685851
-46.0,-577.0,971.0,12:32:02.690630
270.0,-519.0,701.0,12:32:02.700002
96.0,-420.0,915.0,12:32:02.710505
-64.0,-723.0,1064.0,12:32:02.719836
215.0,-510.0,412.0,12:32:02.730253
-94.0,-329.0,357.0,12:32:02.739602
81.0,-215.0,1373.0,12:32:02.750085
-263.0,-415.0,1315.0,12:32:02.759484
16.0,-421.0,924.0,12:32:02.769951
134.0,-426.0,1175.0,12:32:02.779424
99.0,-522.0,1117.0,12:32:02.788656
39.0,-581.0,986.0,12:32:02.799161
181.0,-329.0,936.0,12:32:02.808542
217.0,-594.0,1045.0,12:32:02.819078
156.0,-583.0,1117.0,12:32:02.828413
-10.0,-405.0,589.0,12:32:02.838936
47.0,-533.0,786.0,12:32:02.848300
-125.0,-393.0,728.0,12:32:02.857687
-25.0,-450.0,853.0,12:32:02.872527
-52.0,-545.0,1180.0,12:32:02.877589
44.0,-536.0,1521.0,12:32:02.888171
40.0,-559.0,872.0,12:32:02.897489
107.0,-424.0,318.0,12:32:02.907950
-127.0,-264.0,767.0,12:32:02.917312
15.0,-545.0,1241.0,12:32:02.926619
96.0,-551.0,1105.0,12:32:02.937023
72.0,-520.0,452.0,12:32:02.946400
-34.0,-487.0,825.0,12:32:02.956821
11.0,-538.0,1100.0,12:32:02.966096
69.0,-690.0,1055.0,12:32:02.976664
7.0,-326.0,506.0,12:32:02.985986
-90.0,-446.0,957.0,12:32:02.996370
15.0,-270.0,742.0,12:32:03.005718
35.0,-474.0,1157.0,12:32:03.016395
82.0,-720.0,1292.0,12:32:03.025759
113.0,-641.0,897.0,12:32:03.035102
180.0,-575.0,668.0,12:32:03.045565
-94.0,-378.0,776.0,12:32:03.054873
72.0,-603.0,843.0,12:32:03.065355
145.0,-504.0,598.0,12:32:03.074675
61.0,-423.0,665.0,12:32:03.085220
105.0,-382.0,1256.0,12:32:03.094538
137.0,-557.0,1152.0,12:32:03.105128
208.0,-350.0,694.0,12:32:03.114454
-43.0,-600.0,1056.0,12:32:03.124853
56.0,-659.0,1240.0,12:32:03.134232
-25.0,-543.0,1273.0,12:32:03.143655
190.0,-470.0,637.0,12:32:03.154212
32.0,-734.0,850.0,12:32:03.163473
57.0,-282.0,627.0,12:32:03.174067
60.0,-689.0,831.0,12:32:03.183408
-259.0,-686.0,1390.0,12:32:03.194002
106.0,-715.0,1261.0,12:32:03.203330
-141.0,-483.0,466.0,12:32:03.212712
151.0,-569.0,817.0,12:32:03.223078
109.0,-413.0,888.0,12:32:03.232488
114.0,-661.0,909.0,12:32:03.242950
11.0,-603.0,567.0,12:32:03.252323
-216.0,-396.0,718.0,12:32:03.262880
-49.0,-694.0,1087.0,12:32:03.272264
-36.0,-322.0,950.0,12:32:03.282747
-225.0,-633.0,1087.0,12:32:03.292046
-4.0,-559.0,908.0,12:32:03.301425
45.0,-644.0,1037.0,12:32:03.311814
116.0,-654.0,862.0,12:32:03.321157
178.0,-451.0,727.0,12:32:03.331572
-42.0,-469.0,984.0,12:32:03.340910
29.0,-145.0,348.0,12:32:03.351294
60.0,-514.0,1010.0,12:32:03.360738
40.0,-522.0,1559.0,12:32:03.371107
-29.0,-740.0,1054.0,12:32:03.380385
156.0,-537.0,710.0,12:32:03.390784
-95.0,-611.0,869.0,12:32:03.400171
245.0,-495.0,1081.0,12:32:03.410681
-33.0,-379.0,944.0,12:32:03.419981
77.0,-485.0,633.0,12:32:03.430404
-133.0,-280.0,844.0,12:32:03.439833
-275.0,-485.0,1326.0,12:32:03.450237
163.0,-306.0,897.0,12:32:03.459687
-134.0,-404.0,705.0,12:32:03.469044
124.0,-486.0,1148.0,12:32:03.479576
237.0,-607.0,949.0,12:32:03.488862
42.0,-412.0,839.0,12:32:03.499318
18.0,-275.0,1116.0,12:32:03.508659
132.0,-357.0,800.0,12:32:03.519048
-100.0,-553.0,1124.0,12:32:03.528358
180.0,-411.0,927.0,12:32:03.538779
72.0,-545.0,739.0,12:32:03.548140
125.0,-412.0,695.0,12:32:03.558547
24.0,-82.0,708.0,12:32:03.567859
51.0,-669.0,1267.0,12:32:03.578309
247.0,-804.0,1341.0,12:32:03.587625
79.0,-518.0,659.0,12:32:03.598009
112.0,-610.0,912.0,12:32:03.607470
375.0,-418.0,765.0,12:32:03.617962
-14.0,-319.0,915.0,12:32:03.627469
230.0,-437.0,795.0,12:32:03.636842
80.0,-474.0,677.0,12:32:03.647433
10.0,-612.0,1349.0,12:32:03.656771
-46.0,-912.0,1369.0,12:32:03.674502
43.0,-708.0,611.0,12:32:03.678284
67.0,-778.0,1315.0,12:32:03.686467
-190.0,-542.0,917.0,12:32:03.696910
92.0,-381.0,335.0,12:32:03.706381
246.0,-412.0,1048.0,12:32:03.715709
-75.0,-435.0,1304.0,12:32:03.726289
169.0,-671.0,811.0,12:32:03.735592
143.0,-79.0,-58.0,12:32:03.746243
63.0,-241.0,1100.0,12:32:03.755565
138.0,-519.0,1493.0,12:32:03.764898
14.0,-345.0,416.0,12:32:03.775265
230.0,-193.0,141.0,12:32:03.784625
-57.0,-464.0,1535.0,12:32:03.795124
26.0,-298.0,778.0,12:32:03.804493
113.0,-263.0,409.0,12:32:03.814982
-75.0,-215.0,1134.0,12:32:03.824362
-56.0,-1531.0,2047.0,12:32:03.834846
184.0,-1230.0,802.0,12:32:03.844182
58.0,-703.0,-376.0,12:32:03.854687
162.0,-685.0,1323.0,12:32:03.864030
234.0,-659.0,905.0,12:32:03.874460
279.0,-323.0,42.0,12:32:03.883686
-62.0,-547.0,681.0,12:32:03.894221
-399.0,-635.0,1561.0,12:32:03.903483
49.0,-454.0,1091.0,12:32:03.912977
86.0,-394.0,605.0,12:32:03.923323
219.0,-266.0,758.0,12:32:03.932851
27.0,-425.0,1104.0,12:32:03.943310
-42.0,-350.0,802.0,12:32:03.952595
-47.0,-340.0,1078.0,12:32:03.963099
74.0,-275.0,938.0,12:32:03.972538
-364.0,-384.0,1074.0,12:32:03.981987
9.0,-427.0,1061.0,12:32:03.992436
21.0,-163.0,511.0,12:32:04.001850
-141.0,-480.0,1091.0,12:32:04.012297
191.0,-472.0,826.0,12:32:04.021687
10.0,-328.0,792.0,12:32:04.032060
32.0,-595.0,1067.0,12:32:04.041432
196.0,-584.0,1212.0,12:32:04.051834
-63.0,-580.0,1037.0,12:32:04.061111
125.0,-627.0,549.0,12:32:04.071577
33.0,-625.0,1042.0,12:32:04.081651
146.0,-604.0,944.0,12:32:04.090974
53.0,-570.0,785.0,12:32:04.100208
-69.0,-649.0,867.0,12:32:04.110844
251.0,-561.0,728.0,12:32:04.120107
132.0,-440.0,713.0,12:32:04.130779
-103.0,-228.0,742.0,12:32:04.140183
42.0,-230.0,1558.0,12:32:04.149544
-143.0,-207.0,1300.0,12:32:04.159984
149.0,-313.0,838.0,12:32:04.169472
156.0,-705.0,1055.0,12:32:04.179867
188.0,-631.0,998.0,12:32:04.189147
13.0,-513.0,931.0,12:32:04.199803
-104.0,-531.0,1067.0,12:32:04.209161
196.0,-481.0,1018.0,12:32:04.218572
-81.0,-548.0,1002.0,12:32:04.228956
-1.0,-512.0,416.0,12:32:04.238407
17.0,-307.0,729.0,12:32:04.248769
-15.0,-501.0,1148.0,12:32:04.258084
34.0,-527.0,1024.0,12:32:04.268683
15.0,-437.0,664.0,12:32:04.278057
-56.0,-517.0,747.0,12:32:04.288573
170.0,-743.0,1221.0,12:32:04.297963
18.0,-595.0,960.0,12:32:04.307360
69.0,-768.0,893.0,12:32:04.317852
91.0,-416.0,460.0,12:32:04.327139
89.0,-491.0,793.0,12:32:04.337574
78.0,-500.0,590.0,12:32:04.346866
16.0,-651.0,1055.0,12:32:04.357464
-153.0,-433.0,855.0,12:32:04.366848
-134.0,-292.0,575.0,12:32:04.376413
-70.0,-919.0,1453.0,12:32:04.387008
89.0,-581.0,1036.0,12:32:04.396432
-27.0,-795.0,968.0,12:32:04.406864
155.0,-344.0,511.0,12:32:04.416263
-31.0,-687.0,1340.0,12:32:04.425639
-16.0,-504.0,723.0,12:32:04.436140
134.0,-385.0,615.0,12:32:04.445485
-162.0,-423.0,1448.0,12:32:04.455936
147.0,-417.0,888.0,12:32:04.465270
19.0,-340.0,752.0,12:32:04.475680
-39.0,-364.0,1251.0,12:32:04.485057
211.0,-710.0,1169.0,12:32:04.495553
-178.0,-444.0,884.0,12:32:04.504814
109.0,-359.0,683.0,12:32:04.515260
-104.0,-469.0,1027.0,12:32:04.524554
-35.0,-512.0,1153.0,12:32:04.535191
35.0,-391.0,692.0,12:32:04.544526
-137.0,-597.0,757.0,12:32:04.553922
174.0,-473.0,691.0,12:32:04.564375
-81.0,-675.0,982.0,12:32:04.573732
227.0,-431.0,844.0,12:32:04.584212
-45.0,-556.0,793.0,12:32:04.593480
-82.0,-412.0,864.0,12:32:04.604176
102.0,-706.0,1045.0,12:32:04.613532
-7.0,-541.0,882.0,12:32:04.622953
47.0,-227.0,570.0,12:32:04.633423
28.0,-403.0,1105.0,12:32:04.642868
135.0,-713.0,1486.0,12:32:04.653279
207.0,-406.0,339.0,12:32:04.662610
58.0,-366.0,744.0,12:32:04.672999
-111.0,-590.0,1355.0,12:32:04.682448
225.0,-567.0,1319.0,12:32:04.692895
-78.0,-437.0,721.0,12:32:04.702249
258.0,-625.0,800.0,12:32:04.711707
-29.0,-388.0,1204.0,12:32:04.722188
-112.0,-504.0,1036.0,12:32:04.731511
50.0,-622.0,1138.0,12:32:04.741942
-51.0,-238.0,248.0,12:32:04.751240
5.0,-527.0,850.0,12:32:04.761818
-98.0,-574.0,1569.0,12:32:04.771143
130.0,-277.0,712.0,12:32:04.781648
87.0,-246.0,611.0,12:32:04.791033
99.0,-751.0,1369.0,12:32:04.800364
82.0,-387.0,617.0,12:32:04.810861
133.0,-391.0,762.0,12:32:04.820142
-66.0,-645.0,1425.0,12:32:04.830701
101.0,-652.0,827.0,12:32:04.840066
18.0,-342.0,420.0,12:32:04.850550
47.0,-749.0,1070.0,12:32:04.859767
86.0,-516.0,836.0,12:32:04.876947
126.0,-635.0,629.0,12:32:04.881382
-40.0,-566.0,749.0,12:32:04.889583
87.0,-495.0,639.0,12:32:04.900040
-154.0,-486.0,1097.0,12:32:04.909408
-123.0,-658.0,1350.0,12:32:04.918814
-10.0,-719.0,1015.0,12:32:04.929427
11.0,-558.0,677.0,12:32:04.938778
139.0,-415.0,801.0,12:32:04.949221
38.0,-449.0,946.0,12:32:04.958716
56.0,-398.0,616.0,12:32:04.969125
20.0,-342.0,938.0,12:32:04.978580
38.0,-726.0,1167.0,12:32:04.987949
-10.0,-505.0,853.0,12:32:04.998453
179.0,-639.0,979.0,12:32:05.007757
111.0,-481.0,1223.0,12:32:05.018159
-65.0,-494.0,949.0,12:32:05.027562
149.0,-527.0,892.0,12:32:05.038104
-46.0,-479.0,1095.0,12:32:05.047466
21.0,-397.0,1064.0,12:32:05.057972
45.0,-368.0,420.0,12:32:05.067373
18.0,-419.0,889.0,12:32:05.076631
-19.0,-533.0,1416.0,12:32:05.087275
180.0,-523.0,746.0,12:32:05.096632
52.0,-336.0,666.0,12:32:05.106141
58.0,-450.0,1395.0,12:32:05.116839
210.0,-620.0,816.0,12:32:05.126511
126.0,-304.0,280.0,12:32:05.136038
6.0,-441.0,1011.0,12:32:05.145522
216.0,-445.0,1089.0,12:32:05.156232
165.0,-456.0,840.0,12:32:05.165703
96.0,-586.0,655.0,12:32:05.175301
24.0,-543.0,1016.0,12:32:05.186022
-19.0,-687.0,1178.0,12:32:05.195598
145.0,-630.0,684.0,12:32:05.205253
-6.0,-455.0,681.0,12:32:05.214853
39.0,-579.0,1046.0,12:32:05.225546
-102.0,-697.0,1253.0,12:32:05.235074
33.0,-520.0,652.0,12:32:05.244628
-94.0,-514.0,717.0,12:32:05.254252
-73.0,-425.0,1149.0,12:32:05.264061
10.0,-699.0,1125.0,12:32:05.278708
-117.0,-550.0,766.0,12:32:05.283709
-3.0,-453.0,768.0,12:32:05.294455
-35.0,-303.0,918.0,12:32:05.304141
39.0,-578.0,1239.0,12:32:05.313610
9.0,-445.0,1168.0,12:32:05.323193
21.0,-264.0,355.0,12:32:05.333589
-6.0,-89.0,528.0,12:32:05.342987
-254.0,-67.0,1391.0,12:32:05.353397
-139.0,-544.0,1193.0,12:32:05.362694
161.0,-584.0,1454.0,12:32:05.373117
-38.0,-929.0,1312.0,12:32:05.382453
281.0,-333.0,320.0,12:32:05.393085
-16.0,-318.0,892.0,12:32:05.402456
187.0,-348.0,989.0,12:32:05.412024
-14.0,-388.0,1178.0,12:32:05.422432
-43.0,-683.0,644.0,12:32:05.431853
157.0,-571.0,545.0,12:32:05.442221
145.0,-660.0,1310.0,12:32:05.451452
-10.0,-595.0,971.0,12:32:05.461943
178.0,-696.0,745.0,12:32:05.471197
230.0,-421.0,68.0,12:32:05.481579
34.0,-401.0,1008.0,12:32:05.490898
-43.0,-561.0,1477.0,12:32:05.501309
155.0,-591.0,1070.0,12:32:05.510657
296.0,-447.0,629.0,12:32:05.521152
-108.0,-522.0,1047.0,12:32:05.530370
143.0,-824.0,1396.0,12:32:05.540822
214.0,-262.0,340.0,12:32:05.550143
-20.0,-584.0,1138.0,12:32:05.560675
243.0,-577.0,839.0,12:32:05.570064
130.0,-422.0,364.0,12:32:05.580615
-28.0,-402.0,1065.0,12:32:05.589902
-33.0,-411.0,1394.0,12:32:05.599187
-18.0,-990.0,1408.0,12:32:05.609786
70.0,-473.0,394.0,12:32:05.619157
166.0,-385.0,787.0,12:32:05.629652
-186.0,-616.0,1565.0,12:32:05.638957
14.0,-540.0,784.0,12:32:05.649489
183.0,-678.0,393.0,12:32:05.658769
-19.0,-263.0,176.0,12:32:05.669170
58.0,-444.0,1344.0,12:32:05.678569
-30.0,-594.0,1637.0,12:32:05.688957
76.0,-368.0,782.0,12:32:05.698238
-104.0,-487.0,896.0,12:32:05.708656
185.0,-920.0,1220.0,12:32:05.718065
-10.0,-477.0,463.0,12:32:05.727429
118.0,-383.0,750.0,12:32:05.737875
-175.0,-549.0,1430.0,12:32:05.747143
1.0,-685.0,1032.0,12:32:05.757584
112.0,-553.0,312.0,12:32:05.766880
50.0,-211.0,570.0,12:32:05.777408
-79.0,-443.0,1601.0,12:32:05.786695
40.0,-306.0,438.0,12:32:05.797113
53.0,-704.0,996.0,12:32:05.806397
98.0,-412.0,1162.0,12:32:05.816836
-7.0,-703.0,1434.0,12:32:05.826211
222.0,-411.0,502.0,12:32:05.836635
104.0,-169.0,164.0,12:32:05.845979
86.0,-484.0,1512.0,12:32:05.856370
68.0,-477.0,1131.0,12:32:05.865652
-18.0,-250.0,313.0,12:32:05.876050
-51.0,-504.0,1265.0,12:32:05.885374
-74.0,-993.0,1834.0,12:32:05.895853
104.0,-644.0,492.0,12:32:05.905212
25.0,-592.0,814.0,12:32:05.915648
-78.0,-663.0,1362.0,12:32:05.924901
-251.0,-325.0,549.0,12:32:05.935329
127.0,-172.0,458.0,12:32:05.944614
-45.0,-245.0,1120.0,12:32:05.955119
-89.0,-724.0,1183.0,12:32:05.964377
60.0,-407.0,207.0,12:32:05.974813
-47.0,-376.0,912.0,12:32:05.984140
79.0,-527.0,1494.0,12:32:05.994595
43.0,-384.0,503.0,12:32:06.003986
-36.0,-431.0,679.0,12:32:06.014389
-131.0,-787.0,2047.0,12:32:06.023642
30.0,-1045.0,1243.0,12:32:06.034078
370.0,-464.0,-350.0,12:32:06.043382
64.0,-309.0,347.0,12:32:06.052844
-328.0,-524.0,2001.0,12:32:06.063364
-35.0,-893.0,1582.0,12:32:06.080684
4.0,-668.0,132.0,12:32:06.084504
60.0,-523.0,222.0,12:32:06.092650
-33.0,-673.0,1292.0,12:32:06.103101
-7.0,-278.0,857.0,12:32:06.112411
-138.0,-630.0,752.0,12:32:06.122922
-240.0,-463.0,719.0,12:32:06.132211
-261.0,-244.0,1180.0,12:32:06.142640
81.0,-700.0,1818.0,12:32:06.151990
-15.0,-541.0,1035.0,12:32:06.162437
361.0,-560.0,704.0,12:32:06.171799
215.0,-626.0,755.0,12:32:06.181077
95.0,-376.0,265.0,12:32:06.191492
-172.0,-335.0,1089.0,12:32:06.200799
124.0,-200.0,740.0,12:32:06.211245
-332.0,-590.0,1173.0,12:32:06.220614
-115.0,-497.0,1081.0,12:32:06.231119
170.0,-604.0,1301.0,12:32:06.240419
164.0,-438.0,633.0,12:32:06.250812
109.0,-597.0,1252.0,12:32:06.260108
-28.0,-623.0,846.0,12:32:06.270606
-47.0,-192.0,-246.0,12:32:06.279905
-54.0,-510.0,1380.0,12:32:06.290432
-106.0,-357.0,1034.0,12:32:06.299740
60.0,-704.0,1005.0,12:32:06.310171
108.0,-672.0,1056.0,12:32:06.319539
-85.0,-377.0,696.0,12:32:06.329999
274.0,-419.0,690.0,12:32:06.339573
145.0,-494.0,1284.0,12:32:06.349122
102.0,-368.0,425.0,12:32:06.358856
215.0,-505.0,742.0,12:32:06.369533
41.0,-466.0,1492.0,12:32:06.378844
155.0,-813.0,1366.0,12:32:06.388262
55.0,-659.0,825.0,12:32:06.398610
115.0,-434.0,508.0,12:32:06.408035
1.0,-167.0,815.0,12:32:06.418599
-30.0,-127.0,642.0,12:32:06.427931
225.0,-622.0,1444.0,12:32:06.438355
41.0,-832.0,1559.0,12:32:06.447667
169.0,-292.0,184.0,12:32:06.458292
-45.0,-663.0,1730.0,12:32:06.467622
-93.0,-292.0,811.0,12:32:06.481705
140.0,-748.0,1265.0,12:32:06.487829
220.0,-245.0,222.0,12:32:06.497206
75.0,-228.0,636.0,12:32:06.507610
-75.0,-728.0,1695.0,12:32:06.516858
-71.0,-555.0,925.0,12:32:06.526449
3.0,-394.0,557.0,12:32:06.536972
166.0,-817.0,1466.0,12:32:06.546349
60.0,-362.0,530.0,12:32:06.556930
-141.0,49.0,303.0,12:32:06.566366
46.0,-628.0,1562.0,12:32:06.575761
-49.0,-433.0,737.0,12:32:06.586396
27.0,-513.0,573.0,12:32:06.595673
140.0,-508.0,1055.0,12:32:06.605138
13.0,-552.0,873.0,12:32:06.615538
-26.0,-515.0,606.0,12:32:06.624860
325.0,-264.0,208.0,12:32:06.635339
8.0,-695.0,1812.0,12:32:06.644691
130.0,-1034.0,2047.0,12:32:06.655236
124.0,-520.0,476.0,12:32:06.664590
-221.0,-275.0,374.0,12:32:06.675090
273.0,-763.0,1481.0,12:32:06.684563
122.0,-555.0,769.0,12:32:06.693881
-28.0,-11.0,-40.0,12:32:06.704424
-93.0,-337.0,1111.0,12:32:06.713760
83.0,-459.0,1150.0,12:32:06.724287
72.0,-775.0,1070.0,12:32:06.733525
109.0,-319.0,993.0,12:32:06.744142
7.0,-253.0,396.0,12:32:06.753428
-18.0,-6.0,1490.0,12:32:06.763975
-55.0,-1142.0,2047.0,12:32:06.773269
292.0,-549.0,68.0,12:32:06.782711
227.0,-459.0,173.0,12:32:06.793158
-30.0,-378.0,910.0,12:32:06.802485
-51.0,-54.0,66.0,12:32:06.813008
-109.0,-407.0,1210.0,12:32:06.822303
-75.0,-1007.0,1736.0,12:32:06.832841
34.0,-1362.0,1632.0,12:32:06.842183
-23.0,299.0,-380.0,12:32:06.852558
-191.0,-536.0,1635.0,12:32:06.861861
107.0,-913.0,1291.0,12:32:06.872272
522.0,-330.0,-460.0,12:32:06.881673
7.0,-772.0,1197.0,12:32:06.892233
45.0,-53.0,184.0,12:32:06.911870
63.0,-696.0,1499.0,12:32:06.931502
185.0,-750.0,983.0,12:32:06.940779
58.0,-227.0,207.0,12:32:06.951266
-147.0,-396.0,1079.0,12:32:06.960637
82.0,-331.0,1157.0,12:32:06.971144
-33.0,-463.0,950.0,12:32:06.980394
-161.0,-495.0,977.0,12:32:06.989867
110.0,-470.0,837.0,12:32:07.000268
-153.0,-106.0,738.0,12:32:07.009662
31.0,-494.0,1164.0,12:32:07.020150
25.0,-709.0,1214.0,12:32:07.029699
146.0,-507.0,470.0,12:32:07.040180
-8.0,-626.0,1286.0,12:32:07.049574
-66.0,-639.0,1104.0,12:32:07.058982
-10.0,-148.0,-49.0,12:32:07.069591
16.0,-72.0,387.0,12:32:07.078862
-199.0,-1027.0,2047.0,12:32:07.089413
34.0,-600.0,1284.0,12:32:07.098643
-77.0,-340.0,400.0,12:32:07.109167
89.0,-458.0,1160.0,12:32:07.118593
265.0,-383.0,431.0,12:32:07.128006
272.0,-518.0,971.0,12:32:07.138458
-15.0,-603.0,1726.0,12:32:07.147847
-310.0,-618.0,690.0,12:32:07.158249
-39.0,-366.0,658.0,12:32:07.167583
291.0,-417.0,502.0,12:32:07.178010
174.0,-539.0,1169.0,12:32:07.187470
-58.0,-656.0,1744.0,12:32:07.196877
168.0,-390.0,545.0,12:32:07.207451
147.0,-178.0,378.0,12:32:07.216711
146.0,-460.0,1187.0,12:32:07.227260
71.0,-562.0,1132.0,12:32:07.236538
18.0,-366.0,664.0,12:32:07.247000
90.0,-267.0,633.0,12:32:07.256280
75.0,-685.0,1652.0,12:32:07.266794
80.0,-428.0,771.0,12:32:07.283018
28.0,-460.0,596.0,12:32:07.286683
-29.0,-265.0,752.0,12:32:07.296092
122.0,-570.0,1281.0,12:32:07.305385
294.0,-713.0,1002.0,12:32:07.315884
269.0,-411.0,234.0,12:32:07.325191
90.0,-704.0,1105.0,12:32:07.335652
-10.0,-720.0,1399.0,12:32:07.344941
58.0,-454.0,655.0,12:32:07.355484
-38.0,-475.0,756.0,12:32:07.364725
83.0,-511.0,1062.0,12:32:07.375254
-65.0,-691.0,1060.0,12:32:07.384505
-116.0,-585.0,387.0,12:32:07.395091
-71.0,-553.0,836.0,12:32:07.404470
19.0,-534.0,954.0,12:32:07.413821
92.0,-314.0,696.0,12:32:07.424313
90.0,-565.0,1455.0,12:32:07.433716
-9.0,-600.0,1000.0,12:32:07.444072
64.0,-490.0,536.0,12:32:07.453426
47.0,-500.0,1326.0,12:32:07.463947
208.0,-597.0,1380.0,12:32:07.473285
206.0,-445.0,591.0,12:32:07.483694
-83.0,-480.0,450.0,12:32:07.493161
52.0,-611.0,762.0,12:32:07.503551
87.0,-277.0,724.0,12:32:07.513084
-105.0,-382.0,1357.0,12:32:07.522466
99.0,-486.0,1156.0,12:32:07.533050
59.0,-658.0,1009.0,12:32:07.542299
72.0,-551.0,786.0,12:32:07.552902
-10.0,-480.0,1159.0,12:32:07.562261
51.0,-395.0,703.0,12:32:07.571746
160.0,-624.0,1077.0,12:32:07.582238
-35.0,-602.0,963.0,12:32:07.591582
35.0,-509.0,754.0,12:32:07.602031
60.0,-499.0,698.0,12:32:07.611340
70.0,-516.0,1104.0,12:32:07.621794
98.0,-317.0,474.0,12:32:07.631199
82.0,-523.0,828.0,12:32:07.640707
132.0,-355.0,681.0,12:32:07.651110
88.0,-671.0,1604.0,12:32:07.660376
-64.0,-545.0,1062.0,12:32:07.670992
54.0,-398.0,428.0,12:32:07.684938
52.0,-656.0,1258.0,12:32:07.690868
56.0,-273.0,1021.0,12:32:07.700253
4.0,-403.0,805.0,12:32:07.710657
96.0,-359.0,808.0,12:32:07.720046
138.0,-176.0,277.0,12:32:07.730567
42.0,-668.0,1484.0,12:32:07.739861
-96.0,-490.0,1238.0,12:32:07.749162
32.0,-459.0,981.0,12:32:07.759738
167.0,-682.0,1234.0,12:32:07.769165
157.0,-488.0,981.0,12:32:07.779672
105.0,-445.0,1193.0,12:32:07.788947
214.0,-429.0,805.0,12:32:07.799557
148.0,-358.0,762.0,12:32:07.808857
-33.0,-409.0,846.0,12:32:07.818175
110.0,-565.0,739.0,12:32:07.828732
52.0,-229.0,504.0,12:32:07.838004
-130.0,-474.0,1328.0,12:32:07.848630
192.0,-643.0,1208.0,12:32:07.857979
-73.0,-492.0,752.0,12:32:07.868476
186.0,-463.0,1062.0,12:32:07.877770
163.0,-555.0,979.0,12:32:07.888220
153.0,-715.0,1018.0,12:32:07.897510
70.0,-398.0,779.0,12:32:07.908001
107.0,-473.0,791.0,12:32:07.917392
181.0,-762.0,1109.0,12:32:07.926835
43.0,-420.0,684.0,12:32:07.937339
51.0,-651.0,910.0,12:32:07.946695
90.0,-745.0,907.0,12:32:07.957152
108.0,-661.0,879.0,12:32:07.966560
72.0,-418.0,747.0,12:32:07.976976
-75.0,-552.0,1088.0,12:32:07.986422
-172.0,-536.0,604.0,12:32:07.995726
-1.0,-257.0,466.0,12:32:08.006339
-141.0,-145.0,688.0,12:32:08.015699
29.0,-330.0,840.0,12:32:08.026362
-177.0,-209.0,740.0,12:32:08.035816
50.0,-164.0,262.0,12:32:08.045279
-20.0,-533.0,1209.0,12:32:08.055672
-37.0,-775.0,1878.0,12:32:08.065116
82.0,-327.0,482.0,12:32:08.075620
129.0,-274.0,781.0,12:32:08.085155
-35.0,-837.0,2019.0,12:32:08.094449
106.0,-834.0,1444.0,12:32:08.104905
205.0,-862.0,700.0,12:32:08.114178
181.0,-582.0,587.0,12:32:08.124751
-64.0,-781.0,980.0,12:32:08.134633
-188.0,-361.0,263.0,12:32:08.144325
122.0,-335.0,193.0,12:32:08.153590
-86.0,-199.0,1073.0,12:32:08.164183
-24.0,-547.0,1516.0,12:32:08.173468
-140.0,-223.0,798.0,12:32:08.184000
97.0,-428.0,1143.0,12:32:08.193333
54.0,-322.0,1144.0,12:32:08.203811
110.0,-541.0,954.0,12:32:08.213186
144.0,-177.0,587.0,12:32:08.223648
-118.0,-149.0,666.0,12:32:08.232948
-30.0,-359.0,966.0,12:32:08.242375
128.0,-363.0,624.0,12:32:08.252876
108.0,-514.0,1151.0,12:32:08.262176
-80.0,-615.0,1650.0,12:32:08.272572
126.0,-937.0,940.0,12:32:08.281962
137.0,-602.0,589.0,12:32:08.292416
161.0,-674.0,756.0,12:32:08.301764
179.0,-374.0,967.0,12:32:08.312143
19.0,-514.0,659.0,12:32:08.321498
79.0,-504.0,392.0,12:32:08.332035
-178.0,-762.0,1319.0,12:32:08.341349
171.0,-627.0,993.0,12:32:08.350794
-79.0,-868.0,1265.0,12:32:08.361284
86.0,-613.0,391.0,12:32:08.370691
48.0,-577.0,916.0,12:32:08.381115
-125.0,-482.0,913.0,12:32:08.390429
-129.0,-245.0,664.0,12:32:08.400843
-57.0,-60.0,-35.0,12:32:08.410275
-33.0,470.0,629.0,12:32:08.420735
-195.0,-799.0,2047.0,12:32:08.430100
233.0,-1173.0,1235.0,12:32:08.440749
69.0,-863.0,1140.0,12:32:08.450178
262.0,-958.0,2047.0,12:32:08.459579
222.0,-1475.0,1545.0,12:32:08.470038
313.0,-649.0,-767.0,12:32:08.486369
178.0,-285.0,155.0,12:32:08.490195
-507.0,-446.0,1643.0,12:32:08.499637
141.0,-351.0,818.0,12:32:08.508907
-135.0,-367.0,295.0,12:32:08.519566
43.0,-482.0,567.0,12:32:08.528860
369.0,-269.0,763.0,12:32:08.538226
-99.0,-247.0,1001.0,12:32:08.548739
56.0,-234.0,1017.0,12:32:08.558124
26.0,-166.0,580.0,12:32:08.568609
-9.0,-242.0,684.0,12:32:08.578028
27.0,-232.0,1395.0,12:32:08.588546
-166.0,-636.0,1690.0,12:32:08.597933
-40.0,-369.0,799.0,12:32:08.607326
215.0,-47.0,325.0,12:32:08.617844
-31.0,-709.0,1459.0,12:32:08.627195
231.0,-877.0,1343.0,12:32:08.637633
125.0,-359.0,62.0,12:32:08.646904
-148.0,-384.0,584.0,12:32:08.657479
182.0,-641.0,939.0,12:32:08.666781
82.0,-481.0,657.0,12:32:08.677248
-21.0,-460.0,817.0,12:32:08.686580
132.0,-562.0,1146.0,12:32:08.695909
263.0,-701.0,853.0,12:32:08.706534
268.0,-43.0,-292.0,12:32:08.715860
157.0,-548.0,1422.0,12:32:08.726343
-157.0,-1651.0,2047.0,12:32:08.735665
97.0,-1291.0,1176.0,12:32:08.746243
-158.0,-123.0,468.0,12:32:08.755488
90.0,-452.0,1630.0,12:32:08.765934
204.0,-432.0,1370.0,12:32:08.775258
-244.0,-160.0,475.0,12:32:08.784718
198.0,-280.0,187.0,12:32:08.795290
96.0,-409.0,1370.0,12:32:08.804696
175.0,-255.0,1289.0,12:32:08.815278
16.0,-344.0,712.0,12:32:08.824601
1.0,-592.0,1071.0,12:32:08.834064
134.0,-526.0,498.0,12:32:08.844520
99.0,-550.0,1198.0,12:32:08.853737
16.0,-960.0,1623.0,12:32:08.864344
254.0,-759.0,637.0,12:32:08.873604
105.0,-553.0,-132.0,12:32:08.883283
67.0,-300.0,198.0,12:32:08.893579
188.0,-217.0,50.0,12:32:08.904015
13.0,31.0,-9.0,12:32:08.913434
-110.0,-1474.0,2047.0,12:32:08.922777
306.0,-1008.0,1732.0,12:32:08.933355
210.0,342.0,-601.0,12:32:08.942682
-52.0,-62.0,1716.0,12:32:08.953194
164.0,-1247.0,2047.0,12:32:08.962543
614.0,-767.0,72.0,12:32:08.973060
-203.0,-30.0,-266.0,12:32:08.982318
-131.0,-257.0,1198.0,12:32:08.991858
201.0,-253.0,954.0,12:32:09.002355
-388.0,-30.0,274.0,12:32:09.011750
44.0,-913.0,903.0,12:32:09.022205
-34.0,-657.0,792.0,12:32:09.031557
-357.0,-170.0,1085.0,12:32:09.042104
-268.0,-243.0,1342.0,12:32:09.051446
-142.0,-280.0,822.0,12:32:09.060760
-92.0,-180.0,794.0,12:32:09.071278
-50.0,-165.0,983.0,12:32:09.080674
-128.0,-178.0,1427.0,12:32:09.091131
-39.0,-424.0,1390.0,12:32:09.100569
28.0,-682.0,817.0,12:32:09.111071
-13.0,-643.0,853.0,12:32:09.120509
120.0,-580.0,997.0,12:32:09.130951
-49.0,-620.0,1281.0,12:32:09.140246
148.0,-709.0,710.0,12:32:09.149590
15.0,-649.0,648.0,12:32:09.160107
52.0,-605.0,793.0,12:32:09.169449
151.0,-567.0,1025.0,12:32:09.179926
-37.0,-619.0,1074.0,12:32:09.189331
-88.0,-790.0,1167.0,12:32:09.199822
234.0,-821.0,844.0,12:32:09.209143
-42.0,-706.0,541.0,12:32:09.219641
75.0,-547.0,941.0,12:32:09.228981
47.0,-550.0,1139.0,12:32:09.238314
44.0,-416.0,614.0,12:32:09.248722
-44.0,-657.0,527.0,12:32:09.258024
-92.0,-667.0,1104.0,12:32:09.268581
-36.0,-407.0,1135.0,12:32:09.277999
-13.0,-224.0,1377.0,12:32:09.288528
-179.0,-518.0,1086.0,12:32:09.297880
80.0,-593.0,705.0,12:32:09.308309
209.0,-565.0,606.0,12:32:09.317623
54.0,-736.0,1189.0,12:32:09.328025
139.0,-569.0,1101.0,12:32:09.337381
-6.0,-316.0,574.0,12:32:09.347799
-42.0,-578.0,665.0,12:32:09.357206
88.0,-428.0,774.0,12:32:09.367597
-38.0,-284.0,534.0,12:32:09.376862
21.0,-594.0,1276.0,12:32:09.386395
75.0,-834.0,1332.0,12:32:09.396941
221.0,-786.0,855.0,12:32:09.406288
245.0,-409.0,488.0,12:32:09.416793
101.0,-506.0,674.0,12:32:09.426053
204.0,-496.0,927.0,12:32:09.436543
3.0,-591.0,1001.0,12:32:09.445812
-45.0,-648.0,940.0,12:32:09.456367
159.0,-570.0,1165.0,12:32:09.465753
-91.0,-545.0,1112.0,12:32:09.475275
85.0,-652.0,1199.0,12:32:09.485692
304.0,-291.0,710.0,12:32:09.495213
-4.0,-468.0,1064.0,12:32:09.505601
7.0,-326.0,1081.0,12:32:09.515025
8.0,-321.0,1058.0,12:32:09.525401
-24.0,-272.0,938.0,12:32:09.534714
87.0,-315.0,1023.0,12:32:09.544072
-49.0,-512.0,823.0,12:32:09.554559
-97.0,-234.0,900.0,12:32:09.563905
138.0,-308.0,1065.0,12:32:09.574505
-67.0,-501.0,1153.0,12:32:09.583783
-211.0,-747.0,1423.0,12:32:09.594333
263.0,-397.0,370.0,12:32:09.603582
-128.0,-568.0,980.0,12:32:09.614101
90.0,-401.0,1004.0,12:32:09.623377
166.0,-476.0,602.0,12:32:09.633963
-67.0,-420.0,582.0,12:32:09.643232
211.0,-699.0,1201.0,12:32:09.652568
-240.0,-738.0,1092.0,12:32:09.663015
224.0,-866.0,732.0,12:32:09.672390
216.0,-536.0,737.0,12:32:09.688479
58.0,-659.0,910.0,12:32:09.692163
165.0,-403.0,862.0,12:32:09.702670
19.0,-438.0,833.0,12:32:09.711999
-83.0,-459.0,1082.0,12:32:09.722542
168.0,-414.0,727.0,12:32:09.731855
-176.0,-583.0,994.0,12:32:09.742307
166.0,-735.0,1274.0,12:32:09.751640
-36.0,-531.0,895.0,12:32:09.762085
-94.0,-436.0,685.0,12:32:09.771413
175.0,-486.0,984.0,12:32:09.781865
-85.0,-631.0,1201.0,12:32:09.791110
-82.0,-416.0,438.0,12:32:09.800535
-80.0,-468.0,807.0,12:32:09.810947
-175.0,-309.0,939.0,12:32:09.820273
58.0,-499.0,993.0,12:32:09.830778
-168.0,-372.0,853.0,12:32:09.840172
133.0,-501.0,849.0,12:32:09.850694
-94.0,-552.0,1207.0,12:32:09.860018
-25.0,-328.0,705.0,12:32:09.870450
28.0,-516.0,1100.0,12:32:09.879823
208.0,-446.0,667.0,12:32:09.890236
13.0,-255.0,602.0,12:32:09.899694
156.0,-271.0,1024.0,12:32:09.908993
83.0,-732.0,1661.0,12:32:09.919575
143.0,-839.0,1157.0,12:32:09.928903
180.0,-820.0,809.0,12:32:09.939545
227.0,-444.0,439.0,12:32:09.948910
-22.0,-459.0,1223.0,12:32:09.958368
-46.0,-426.0,892.0,12:32:09.968769
-24.0,-470.0,421.0,12:32:09.978172
109.0,-386.0,455.0,12:32:09.988698
-41.0,-385.0,1242.0,12:32:09.998074
26.0,-449.0,1373.0,12:32:10.008583
130.0,-504.0,1069.0,12:32:10.017865
155.0,-485.0,473.0,12:32:10.028312
-109.0,-380.0,887.0,12:32:10.037670
229.0,-268.0,1227.0,12:32:10.048086
-186.0,-385.0,607.0,12:32:10.057581
219.0,-493.0,763.0,12:32:10.067011
38.0,-460.0,930.0,12:32:10.077487
77.0,-714.0,1318.0,12:32:10.091418
27.0,-600.0,1033.0,12:32:10.097338
52.0,-670.0,1049.0,12:32:10.106598
87.0,-611.0,740.0,12:32:10.117098
163.0,-447.0,544.0,12:32:10.126423
-54.0,-518.0,832.0,12:32:10.136907
79.0,-252.0,573.0,12:32:10.146321
-90.0,-453.0,988.0,12:32:10.155687
55.0,-656.0,1093.0,12:32:10.166184
-100.0,-490.0,1023.0,12:32:10.175510
-111.0,-347.0,945.0,12:32:10.185913
65.0,-506.0,1429.0,12:32:10.195364
52.0,-556.0,774.0,12:32:10.205723
218.0,-553.0,836.0,12:32:10.215108
89.0,-507.0,663.0,12:32:10.225525
-150.0,-407.0,974.0,12:32:10.234898
111.0,-330.0,986.0,12:32:10.245321
-199.0,-140.0,1005.0,12:32:10.254780
-77.0,-628.0,1174.0,12:32:10.264118
-19.0,-189.0,549.0,12:32:10.274651
-33.0,-358.0,1369.0,12:32:10.284060
167.0,-764.0,1470.0,12:32:10.294494
95.0,-515.0,601.0,12:32:10.303779
261.0,-517.0,418.0,12:32:10.314223
-18.0,-571.0,1044.0,12:32:10.323514
31.0,-489.0,891.0,12:32:10.334011
-14.0,-619.0,953.0,12:32:10.343324
-135.0,-146.0,374.0,12:32:10.352847
-174.0,-611.0,1185.0,12:32:10.363345
24.0,-886.0,1461.0,12:32:10.372957
14.0,-539.0,409.0,12:32:10.382303
205.0,-347.0,690.0,12:32:10.392805
96.0,-777.0,1441.0,12:32:10.402105
69.0,-249.0,345.0,12:32:10.412562
-92.0,-295.0,766.0,12:32:10.422052
-41.0,-718.0,1563.0,12:32:10.432524
93.0,-634.0,795.0,12:32:10.441898
-217.0,-676.0,917.0,12:32:10.452435
91.0,-807.0,1148.0,12:32:10.461901
-54.0,-498.0,629.0,12:32:10.471154
138.0,-477.0,594.0,12:32:10.481757
152.0,-427.0,846.0,12:32:10.491029
-33.0,-630.0,1237.0,12:32:10.501545
-76.0,-390.0,606.0,12:32:10.510917
-295.0,-730.0,1143.0,12:32:10.521408
-95.0,-471.0,1282.0,12:32:10.530774
-179.0,-619.0,785.0,12:32:10.540222
-131.0,-377.0,148.0,12:32:10.550722
56.0,-545.0,1254.0,12:32:10.560049
-82.0,-808.0,1520.0,12:32:10.570563
-73.0,-452.0,304.0,12:32:10.580048
-59.0,-302.0,106.0,12:32:10.590551
-185.0,-797.0,1930.0,12:32:10.599867
40.0,-546.0,1117.0,12:32:10.609224
44.0,-665.0,534.0,12:32:10.620754
-218.0,-295.0,698.0,12:32:10.629426
57.0,-670.0,1288.0,12:32:10.638728
30.0,-409.0,672.0,12:32:10.649316
301.0,-496.0,858.0,12:32:10.658704
-149.0,-576.0,1339.0,12:32:10.669093
100.0,-522.0,834.0,12:32:10.678475
129.0,-80.0,319.0,12:32:10.688866
176.0,-305.0,1176.0,12:32:10.698200
-1.0,-451.0,1452.0,12:32:10.708647
176.0,-354.0,635.0,12:32:10.717939
-83.0,-524.0,588.0,12:32:10.728582
164.0,-320.0,653.0,12:32:10.738026
73.0,-399.0,1398.0,12:32:10.747409
-111.0,-283.0,1134.0,12:32:10.757858
-104.0,-432.0,681.0,12:32:10.767124
73.0,-401.0,781.0,12:32:10.777601
88.0,-302.0,1002.0,12:32:10.786910
2.0,-811.0,2047.0,12:32:10.797360
103.0,-553.0,485.0,12:32:10.806661
125.0,-744.0,496.0,12:32:10.817124
28.0,-433.0,1177.0,12:32:10.826424
161.0,-607.0,1764.0,12:32:10.836859
162.0,-498.0,354.0,12:32:10.846271
124.0,-407.0,279.0,12:32:10.856746
194.0,-438.0,1127.0,12:32:10.866208
20.0,-403.0,1110.0,12:32:10.875553
42.0,-436.0,859.0,12:32:10.892077
49.0,-753.0,1283.0,12:32:10.895864
140.0,-582.0,634.0,12:32:10.905273
-24.0,-387.0,786.0,12:32:10.915842
8.0,-519.0,1270.0,12:32:10.925358
37.0,-623.0,946.0,12:32:10.945043
14.0,-532.0,131.0,12:32:10.954423
142.0,-394.0,958.0,12:32:10.964807
-30.0,-442.0,1659.0,12:32:10.974120
121.0,-929.0,1386.0,12:32:10.984616
32.0,-411.0,141.0,12:32:10.994077
-21.0,-688.0,1023.0,12:32:11.004520
239.0,-646.0,956.0,12:32:11.014055
-85.0,-396.0,741.0,12:32:11.023338
-243.0,-555.0,1133.0,12:32:11.033865
-53.0,-464.0,694.0,12:32:11.043165
172.0,-751.0,552.0,12:32:11.053703
-137.0,-147.0,650.0,12:32:11.063040
-112.0,-540.0,1598.0,12:32:11.073661
-65.0,-676.0,1032.0,12:32:11.083006
280.0,-84.0,-91.0,12:32:11.093493
-12.0,-631.0,1103.0,12:32:11.102875
93.0,-529.0,1338.0,12:32:11.112249
-215.0,-254.0,591.0,12:32:11.122826
39.0,-377.0,1043.0,12:32:11.132169
180.0,-510.0,1130.0,12:32:11.142664
136.0,-575.0,805.0,12:32:11.152004
70.0,-339.0,669.0,12:32:11.162388
172.0,-519.0,1516.0,12:32:11.171797
281.0,-807.0,1412.0,12:32:11.182191
172.0,-661.0,648.0,12:32:11.191563
0.0,-805.0,739.0,12:32:11.201870
41.0,-382.0,885.0,12:32:11.211232
-51.0,-401.0,1436.0,12:32:11.220549
33.0,-533.0,635.0,12:32:11.231067
92.0,-240.0,171.0,12:32:11.240339
3.0,-263.0,943.0,12:32:11.250760
-91.0,-396.0,1218.0,12:32:11.260059
-36.0,-567.0,1280.0,12:32:11.270654
34.0,-448.0,554.0,12:32:11.280056
158.0,-690.0,1195.0,12:32:11.292855
21.0,-507.0,1002.0,12:32:11.300174
53.0,-523.0,1022.0,12:32:11.309541
47.0,-325.0,545.0,12:32:11.320028
113.0,-543.0,517.0,12:32:11.329568
35.0,-395.0,647.0,12:32:11.340037
78.0,-557.0,1100.0,12:32:11.349528
-127.0,-595.0,1343.0,12:32:11.358757
49.0,-581.0,872.0,12:32:11.369376
171.0,-936.0,1461.0,12:32:11.378782
24.0,-419.0,283.0,12:32:11.389226
67.0,-401.0,1098.0,12:32:11.398641
-153.0,-611.0,1195.0,12:32:11.408110
109.0,-323.0,662.0,12:32:11.418700
17.0,-309.0,391.0,12:32:11.428066
-87.0,-262.0,713.0,12:32:11.438597
-69.0,-423.0,1488.0,12:32:11.448103
68.0,-465.0,1389.0,12:32:11.457451
-140.0,-842.0,1342.0,12:32:11.467959
14.0,-537.0,573.0,12:32:11.477402
160.0,-56.0,133.0,12:32:11.487921
35.0,-382.0,1584.0,12:32:11.497152
61.0,-304.0,1590.0,12:32:11.506553
213.0,-675.0,719.0,12:32:11.516987
25.0,-350.0,223.0,12:32:11.526469
-85.0,-615.0,1297.0,12:32:11.536898
106.0,-728.0,1425.0,12:32:11.546427
-2.0,45.0,198.0,12:32:11.556803
101.0,-779.0,1145.0,12:32:11.566197
270.0,-769.0,659.0,12:32:11.576568
94.0,-309.0,574.0,12:32:11.585948
12.0,-458.0,1276.0,12:32:11.596400
170.0,-657.0,1471.0,12:32:11.605752
179.0,-391.0,37.0,12:32:11.615102
50.0,-392.0,1035.0,12:32:11.625583
311.0,-581.0,1502.0,12:32:11.634933
-3.0,-625.0,1010.0,12:32:11.645397
236.0,-318.0,0.0,12:32:11.654799
41.0,-659.0,978.0,12:32:11.665307
-192.0,-606.0,1304.0,12:32:11.674558
130.0,-470.0,941.0,12:32:11.685132
-179.0,-831.0,1874.0,12:32:11.694379
40.0,-776.0,702.0,12:32:11.704878
185.0,-454.0,96.0,12:32:11.714140
58.0,-394.0,1118.0,12:32:11.724586
-29.0,-335.0,1102.0,12:32:11.734129
-20.0,-513.0,670.0,12:32:11.743489
152.0,-623.0,499.0,12:32:11.754072
-143.0,-800.0,1305.0,12:32:11.763378
-208.0,-164.0,789.0,12:32:11.772841
0.0,-552.0,1426.0,12:32:11.783376
103.0,-434.0,646.0,12:32:11.792749
69.0,-774.0,868.0,12:32:11.803130
77.0,-502.0,633.0,12:32:11.812566
47.0,-640.0,1363.0,12:32:11.823002
-57.0,-575.0,1053.0,12:32:11.832282
-116.0,-740.0,1191.0,12:32:11.842795
190.0,-593.0,628.0,12:32:11.852236
-64.0,-378.0,664.0,12:32:11.862621
25.0,-258.0,393.0,12:32:11.872000
195.0,60.0,323.0,12:32:11.882339
77.0,-191.0,882.0,12:32:11.891839
-19.0,-397.0,1330.0,12:32:11.901173
-147.0,-643.0,1568.0,12:32:11.911750
-22.0,-818.0,1389.0,12:32:11.921177
91.0,-399.0,42.0,12:32:11.930663
32.0,-455.0,1104.0,12:32:11.941144
177.0,-365.0,1239.0,12:32:11.950638
-108.0,-467.0,776.0,12:32:11.961060
84.0,-422.0,529.0,12:32:11.970445
168.0,-1033.0,1405.0,12:32:11.980887
137.0,-551.0,726.0,12:32:11.990243
-225.0,-496.0,1174.0,12:32:12.000693
78.0,-371.0,826.0,12:32:12.010098
-53.0,-360.0,1054.0,12:32:12.019529
13.0,-485.0,1009.0,12:32:12.030006
354.0,-539.0,897.0,12:32:12.039234
43.0,-338.0,377.0,12:32:12.049819
192.0,-371.0,1087.0,12:32:12.059108
-79.0,-481.0,1622.0,12:32:12.069693
148.0,-511.0,954.0,12:32:12.079026
28.0,-437.0,87.0,12:32:12.094500
-33.0,-403.0,578.0,12:32:12.098553
-131.0,-631.0,1817.0,12:32:12.108979
6.0,-584.0,1031.0,12:32:12.118335
40.0,-641.0,308.0,12:32:12.128719
17.0,-528.0,893.0,12:32:12.138149
169.0,-359.0,1393.0,12:32:12.148632
-34.0,-604.0,1275.0,12:32:12.157956
1.0,-331.0,57.0,12:32:12.167324
-4.0,-474.0,1180.0,12:32:12.177865
57.0,-684.0,1272.0,12:32:12.187200
17.0,-755.0,803.0,12:32:12.197684
112.0,-635.0,617.0,12:32:12.206917
30.0,-732.0,687.0,12:32:12.217550
65.0,-589.0,1007.0,12:32:12.226747
-2.0,-125.0,1062.0,12:32:12.237215
-124.0,-416.0,1066.0,12:32:12.246601
192.0,-706.0,870.0,12:32:12.257105
133.0,-405.0,581.0,12:32:12.266443
175.0,-330.0,946.0,12:32:12.275880
-73.0,-444.0,1178.0,12:32:12.286326
-19.0,-484.0,1014.0,12:32:12.295792
207.0,-463.0,776.0,12:32:12.306290
219.0,-441.0,375.0,12:32:12.315885
6.0,-349.0,944.0,12:32:12.325348
-96.0,-426.0,1102.0,12:32:12.336031
-37.0,-412.0,1039.0,12:32:12.345288
106.0,-772.0,1204.0,12:32:12.355764
229.0,-686.0,1110.0,12:32:12.365203
129.0,-635.0,939.0,12:32:12.374558
7.0,-355.0,471.0,12:32:12.385104
99.0,-588.0,841.0,12:32:12.394496
120.0,-400.0,910.0,12:32:12.404926
-82.0,-705.0,1081.0,12:32:12.414422
90.0,-745.0,807.0,12:32:12.424822
144.0,-559.0,788.0,12:32:12.434169
58.0,-263.0,694.0,12:32:12.453699
0.0,-522.0,1005.0,12:32:12.464056
99.0,-619.0,1049.0,12:32:12.473401
36.0,-437.0,845.0,12:32:12.483866
-1.0,-790.0,1593.0,12:32:12.497439
-60.0,-458.0,829.0,12:32:12.503463
204.0,-268.0,321.0,12:32:12.512847
-167.0,-501.0,1226.0,12:32:12.523294
64.0,-425.0,784.0,12:32:12.532600
-72.0,-440.0,1033.0,12:32:12.543082
-105.0,-439.0,868.0,12:32:12.552374
63.0,-652.0,1248.0,12:32:12.561822
139.0,-518.0,922.0,12:32:12.572329
90.0,-349.0,746.0,12:32:12.581771
103.0,-541.0,903.0,12:32:12.592207
7.0,-583.0,809.0,12:32:12.601505
-122.0,-332.0,703.0,12:32:12.611919
-75.0,-611.0,1404.0,12:32:12.621333
15.0,-795.0,1156.0,12:32:12.631797
70.0,-503.0,295.0,12:32:12.641098
151.0,-638.0,904.0,12:32:12.651489
-71.0,-479.0,1064.0,12:32:12.660855
27.0,-410.0,847.0,12:32:12.671215
60.0,-125.0,478.0,12:32:12.680645
13.0,-221.0,903.0,12:32:12.691021
-46.0,-485.0,1328.0,12:32:12.700404
93.0,-395.0,856.0,12:32:12.710806
4.0,-500.0,1348.0,12:32:12.720077
232.0,-459.0,1037.0,12:32:12.730554
53.0,-642.0,1069.0,12:32:12.739895
156.0,-297.0,797.0,12:32:12.749183
121.0,-503.0,833.0,12:32:12.759910
173.0,-397.0,627.0,12:32:12.769181
4.0,-545.0,871.0,12:32:12.779804
38.0,-481.0,1044.0,12:32:12.789040
-61.0,-546.0,1315.0,12:32:12.799568
-4.0,-369.0,735.0,12:32:12.808816
164.0,-451.0,676.0,12:32:12.818329
229.0,-393.0,1084.0,12:32:12.828701
-29.0,-630.0,1190.0,12:32:12.838114
123.0,-738.0,848.0,12:32:12.848670
124.0,-437.0,719.0,12:32:12.858114
19.0,-311.0,664.0,12:32:12.868656
74.0,-386.0,932.0,12:32:12.878026
11.0,-638.0,1291.0,12:32:12.887443
192.0,-474.0,679.0,12:32:12.897981
-15.0,-673.0,1017.0,12:32:12.907328
53.0,-593.0,1000.0,12:32:12.917845
220.0,-570.0,969.0,12:32:12.927088
-48.0,-543.0,873.0,12:32:12.937581
76.0,-616.0,902.0,12:32:12.946889
153.0,-533.0,782.0,12:32:12.956310
28.0,-563.0,954.0,12:32:12.966815
-31.0,-619.0,919.0,12:32:12.976393
-66.0,-605.0,987.0,12:32:12.986915
110.0,-684.0,909.0,12:32:12.996413
-148.0,-510.0,742.0,12:32:13.005704
55.0,-486.0,763.0,12:32:13.016317
-59.0,-411.0,988.0,12:32:13.025619
57.0,-423.0,1111.0,12:32:13.036266
-77.0,-439.0,810.0,12:32:13.045591
-40.0,-382.0,717.0,12:32:13.054980
140.0,-502.0,1257.0,12:32:13.065403
-155.0,-586.0,1077.0,12:32:13.074748
177.0,-620.0,758.0,12:32:13.085281
-21.0,-462.0,503.0,12:32:13.094677
-86.0,-361.0,645.0,12:32:13.105206
-13.0,-509.0,1451.0,12:32:13.114581
-49.0,-686.0,1320.0,12:32:13.124980
104.0,-520.0,327.0,12:32:13.134343
-151.0,-685.0,1010.0,12:32:13.143658
-123.0,-590.0,1383.0,12:32:13.154162
81.0,-601.0,953.0,12:32:13.163429
-103.0,-501.0,534.0,12:32:13.174112
99.0,-312.0,484.0,12:32:13.183399
-109.0,-291.0,908.0,12:32:13.193926
-155.0,-435.0,1228.0,12:32:13.203241
54.0,-291.0,845.0,12:32:13.213762
-109.0,-598.0,1223.0,12:32:13.223027
124.0,-540.0,917.0,12:32:13.233502
82.0,-279.0,767.0,12:32:13.242840
42.0,-394.0,1026.0,12:32:13.252287
140.0,-400.0,1059.0,12:32:13.262667
71.0,-533.0,906.0,12:32:13.272111
50.0,-531.0,571.0,12:32:13.282569
166.0,-572.0,1092.0,12:32:13.297791
-55.0,-497.0,1213.0,12:32:13.301704
-70.0,-721.0,1101.0,12:32:13.312094
20.0,-616.0,518.0,12:32:13.321431
4.0,-560.0,777.0,12:32:13.331904
-241.0,-516.0,1224.0,12:32:13.341362
-90.0,-485.0,839.0,12:32:13.351897
-161.0,-402.0,785.0,12:32:13.361253
5.0,-640.0,701.0,12:32:13.370710
-173.0,-262.0,902.0,12:32:13.381248
71.0,-317.0,1006.0,12:32:13.390612
-168.0,-487.0,1048.0,12:32:13.401044
1.0,-481.0,665.0,12:32:13.410353
103.0,-404.0,825.0,12:32:13.420845
0.0,-600.0,1399.0,12:32:13.430224
73.0,-376.0,879.0,12:32:13.439574
100.0,-486.0,649.0,12:32:13.450048
35.0,-500.0,925.0,12:32:13.459553
135.0,-375.0,850.0,12:32:13.470092
31.0,-335.0,764.0,12:32:13.479583
311.0,-439.0,1059.0,12:32:13.488860
137.0,-712.0,1389.0,12:32:13.499544
198.0,-704.0,955.0,12:32:13.508808
84.0,-535.0,628.0,12:32:13.519386
60.0,-477.0,896.0,12:32:13.528776
86.0,-436.0,993.0,12:32:13.538147
-82.0,-275.0,634.0,12:32:13.548582
-53.0,-468.0,785.0,12:32:13.557935
81.0,-509.0,1119.0,12:32:13.568332
64.0,-717.0,1411.0,12:32:13.577710
59.0,-561.0,811.0,12:32:13.588128
-41.0,-408.0,656.0,12:32:13.597506
205.0,-560.0,852.0,12:32:13.607911
8.0,-375.0,703.0,12:32:13.617219
-8.0,-434.0,810.0,12:32:13.627675
-125.0,-518.0,1022.0,12:32:13.637001
66.0,-515.0,1095.0,12:32:13.647478
108.0,-659.0,1174.0,12:32:13.656930
4.0,-501.0,731.0,12:32:13.667443
102.0,-552.0,979.0,12:32:13.676736
237.0,-599.0,969.0,12:32:13.686107
41.0,-543.0,1060.0,12:32:13.702094
-13.0,-547.0,809.0,12:32:13.705761
51.0,-549.0,903.0,12:32:13.716280
34.0,-588.0,972.0,12:32:13.725586
77.0,-332.0,759.0,12:32:13.735994
62.0,-347.0,888.0,12:32:13.745369
155.0,-474.0,926.0,12:32:13.755749
94.0,-412.0,885.0,12:32:13.765151
-56.0,-626.0,1257.0,12:32:13.775535
147.0,-561.0,946.0,12:32:13.784923
51.0,-645.0,885.0,12:32:13.795335
124.0,-386.0,740.0,12:32:13.804738
25.0,-582.0,1302.0,12:32:13.815144
-12.0,-576.0,877.0,12:32:13.824657
10.0,-375.0,508.0,12:32:13.834028
0.0,-502.0,911.0,12:32:13.844489
-14.0,-452.0,966.0,12:32:13.854054
5.0,-533.0,1099.0,12:32:13.864590
45.0,-445.0,1101.0,12:32:13.874043
43.0,-644.0,1118.0,12:32:13.883381
181.0,-493.0,918.0,12:32:13.893813
-59.0,-426.0,990.0,12:32:13.903218
120.0,-430.0,916.0,12:32:13.913691
32.0,-586.0,1158.0,12:32:13.923032
97.0,-397.0,576.0,12:32:13.933492
162.0,-569.0,923.0,12:32:13.942940
54.0,-348.0,968.0,12:32:13.952324
196.0,-555.0,1231.0,12:32:13.962880
19.0,-445.0,847.0,12:32:13.972134
142.0,-425.0,658.0,12:32:13.982707
200.0,-545.0,1202.0,12:32:13.991937
87.0,-294.0,855.0,12:32:14.002406
118.0,-281.0,791.0,12:32:14.011762
-28.0,-434.0,1121.0,12:32:14.022248
8.0,-623.0,1101.0,12:32:14.031689
46.0,-479.0,701.0,12:32:14.041048
110.0,-442.0,809.0,12:32:14.051416
-27.0,-568.0,994.0,12:32:14.060853
135.0,-588.0,927.0,12:32:14.071241
-35.0,-452.0,736.0,12:32:14.080705
46.0,-415.0,690.0,12:32:14.091124
6.0,-628.0,1369.0,12:32:14.100544
73.0,-614.0,1173.0,12:32:14.111041
86.0,-729.0,797.0,12:32:14.120549
88.0,-530.0,521.0,12:32:14.130901
13.0,-500.0,1122.0,12:32:14.140269
-106.0,-681.0,1175.0,12:32:14.150766
103.0,-539.0,529.0,12:32:14.160076
73.0,-494.0,693.0,12:32:14.169412
-185.0,-518.0,1085.0,12:32:14.179934
32.0,-615.0,1067.0,12:32:14.189373
1.0,-459.0,832.0,12:32:14.199834
-76.0,-537.0,964.0,12:32:14.209094
-71.0,-629.0,1050.0,12:32:14.219692
-15.0,-398.0,823.0,12:32:14.228904
-115.0,-465.0,734.0,12:32:14.239524
-40.0,-378.0,923.0,12:32:14.248735
-170.0,-404.0,769.0,12:32:14.258113
-2.0,-555.0,1006.0,12:32:14.268683
-122.0,-508.0,1147.0,12:32:14.278075
1.0,-491.0,880.0,12:32:14.288580
-108.0,-559.0,976.0,12:32:14.298101
37.0,-578.0,1070.0,12:32:14.307461
112.0,-636.0,790.0,12:32:14.318008
94.0,-522.0,916.0,12:32:14.327432
-41.0,-532.0,767.0,12:32:14.338050
95.0,-398.0,603.0,12:32:14.347484
-160.0,-495.0,863.0,12:32:14.356843
-5.0,-690.0,1132.0,12:32:14.367438
22.0,-696.0,1260.0,12:32:14.376795
104.0,-561.0,652.0,12:32:14.386249
17.0,-475.0,603.0,12:32:14.396821
-143.0,-388.0,1000.0,12:32:14.406224
192.0,-459.0,770.0,12:32:14.416771
-4.0,-132.0,643.0,12:32:14.426046
-151.0,-538.0,1064.0,12:32:14.436604
-53.0,-317.0,995.0,12:32:14.445935
10.0,-630.0,1255.0,12:32:14.455384
-107.0,-370.0,858.0,12:32:14.465749
197.0,-741.0,1569.0,12:32:14.475166
-54.0,-600.0,1041.0,12:32:14.485533
224.0,-461.0,847.0,12:32:14.500537
72.0,-423.0,713.0,12:32:14.505543
-47.0,-349.0,817.0,12:32:14.514847
48.0,-305.0,683.0,12:32:14.525406
-137.0,-143.0,587.0,12:32:14.534707
-103.0,-371.0,857.0,12:32:14.544136
-56.0,-211.0,737.0,12:32:14.554551
-87.0,-760.0,2047.0,12:32:14.563877
128.0,-1069.0,1439.0,12:32:14.574271
212.0,-773.0,380.0,12:32:14.583611
303.0,-600.0,1022.0,12:32:14.594198
-26.0,-833.0,1565.0,12:32:14.603562
178.0,-342.0,223.0,12:32:14.614069
85.0,-447.0,276.0,12:32:14.623422
-52.0,-550.0,1178.0,12:32:14.633802
-29.0,-522.0,934.0,12:32:14.643101
-3.0,-146.0,106.0,12:32:14.653605
15.0,-546.0,1233.0,12:32:14.662997
11.0,-615.0,1351.0,12:32:14.672284
142.0,-577.0,956.0,12:32:14.682909
-55.0,-415.0,935.0,12:32:14.692224
157.0,-286.0,856.0,12:32:14.702817
123.0,-403.0,850.0,12:32:14.712105
187.0,-526.0,842.0,12:32:14.722558
-99.0,-303.0,688.0,12:32:14.731864
34.0,-596.0,1075.0,12:32:14.741329
196.0,-671.0,967.0,12:32:14.751924
7.0,-450.0,617.0,12:32:14.761267
30.0,-454.0,661.0,12:32:14.772042
-34.0,-445.0,1112.0,12:32:14.781413
16.0,-695.0,1254.0,12:32:14.790693
-41.0,-290.0,390.0,12:32:14.801322
0.0,-461.0,849.0,12:32:14.810714
81.0,-358.0,1190.0,12:32:14.821267
-119.0,-434.0,1049.0,12:32:14.830690
-39.0,-339.0,341.0,12:32:14.840025
155.0,-665.0,1225.0,12:32:14.850660
72.0,-776.0,1466.0,12:32:14.859958
153.0,-727.0,608.0,12:32:14.870403
-56.0,-258.0,615.0,12:32:14.879741
67.0,-429.0,1237.0,12:32:14.890213
-101.0,-68.0,668.0,12:32:14.903042
-22.0,-101.0,754.0,12:32:14.909232
1.0,-492.0,1252.0,12:32:14.919837
-12.0,-505.0,1161.0,12:32:14.929060
95.0,-437.0,960.0,12:32:14.939584
88.0,-652.0,1072.0,12:32:14.948931
334.0,-547.0,782.0,12:32:14.958259
152.0,-434.0,598.0,12:32:14.968635
4.0,-230.0,441.0,12:32:14.978030
-47.0,-373.0,911.0,12:32:14.988492
24.0,-663.0,1688.0,12:32:14.997849
-59.0,-630.0,1027.0,12:32:15.008255
141.0,-502.0,492.0,12:32:15.017637
72.0,-724.0,1394.0,12:32:15.028000
181.0,-816.0,1352.0,12:32:15.037453
192.0,-591.0,176.0,12:32:15.047910
203.0,-483.0,294.0,12:32:15.057376
13.0,-662.0,1428.0,12:32:15.067781
-165.0,-703.0,1074.0,12:32:15.077098
94.0,-545.0,474.0,12:32:15.087549
-3.0,-480.0,829.0,12:32:15.096905
-52.0,-407.0,1227.0,12:32:15.106289
40.0,-499.0,923.0,12:32:15.116743
-178.0,-414.0,985.0,12:32:15.126011
238.0,-744.0,908.0,12:32:15.136500
-61.0,-495.0,898.0,12:32:15.145768
-8.0,-610.0,1245.0,12:32:15.156291
-83.0,-598.0,1147.0,12:32:15.165614
29.0,-312.0,428.0,12:32:15.176223
75.0,-387.0,1098.0,12:32:15.185485
48.0,-510.0,1119.0,12:32:15.196030
-25.0,-569.0,925.0,12:32:15.205385
104.0,-523.0,662.0,12:32:15.214708
-82.0,-679.0,1247.0,12:32:15.225311
-31.0,-487.0,840.0,12:32:15.234570
-77.0,-396.0,706.0,12:32:15.245220
19.0,-732.0,1483.0,12:32:15.254525
185.0,-799.0,1341.0,12:32:15.264085
86.0,-590.0,560.0,12:32:15.274533
108.0,-477.0,636.0,12:32:15.284012
76.0,-807.0,1135.0,12:32:15.294474
299.0,-512.0,576.0,12:32:15.303982
-40.0,-258.0,526.0,12:32:15.313269
-63.0,-327.0,332.0,12:32:15.323764
-145.0,95.0,600.0,12:32:15.333085
-38.0,-423.0,1854.0,12:32:15.343498
97.0,-979.0,2047.0,12:32:15.352912
261.0,-935.0,1285.0,12:32:15.363499
305.0,-743.0,770.0,12:32:15.372896
-18.0,-684.0,1077.0,12:32:15.383269
178.0,-526.0,715.0,12:32:15.392634
235.0,-381.0,536.0,12:32:15.403012
53.0,-646.0,713.0,12:32:15.412364
-68.0,-582.0,673.0,12:32:15.421719
-308.0,-327.0,551.0,12:32:15.432279
-214.0,-205.0,1094.0,12:32:15.441633
-96.0,-243.0,1027.0,12:32:15.452193
221.0,-319.0,866.0,12:32:15.471853
-1.0,-393.0,1019.0,12:32:15.481218
134.0,-330.0,1033.0,12:32:15.490885
162.0,-413.0,892.0,12:32:15.501342
-112.0,-640.0,920.0,12:32:15.510720
102.0,-558.0,697.0,12:32:15.521129
142.0,-291.0,512.0,12:32:15.530580
-173.0,-383.0,840.0,12:32:15.541031
267.0,-550.0,894.0,12:32:15.550344
108.0,-546.0,979.0,12:32:15.560755
64.0,-569.0,919.0,12:32:15.570010
46.0,-363.0,1111.0,12:32:15.580593
-44.0,-549.0,1113.0,12:32:15.590005
95.0,-361.0,727.0,12:32:15.599375
101.0,-590.0,1467.0,12:32:15.609867
-44.0,-915.0,1776.0,12:32:15.619332
237.0,-912.0,1270.0,12:32:15.629729
9.0,-761.0,346.0,12:32:15.639076
49.0,-587.0,494.0,12:32:15.649674
62.0,-306.0,997.0,12:32:15.659132
-322.0,-86.0,1245.0,12:32:15.668453
-287.0,-62.0,724.0,12:32:15.678900
-18.0,-295.0,651.0,12:32:15.688196
122.0,-185.0,632.0,12:32:15.705071
113.0,-283.0,1361.0,12:32:15.709028
59.0,-439.0,1104.0,12:32:15.718395
240.0,-541.0,902.0,12:32:15.727643
114.0,-407.0,474.0,12:32:15.738101
99.0,-462.0,819.0,12:32:15.747450
42.0,-431.0,963.0,12:32:15.757952
137.0,-480.0,659.0,12:32:15.767398
-15.0,-556.0,761.0,12:32:15.776782
11.0,-651.0,1237.0,12:32:15.787249
-17.0,-619.0,823.0,12:32:15.796652
60.0,-342.0,410.0,12:32:15.807126
133.0,-178.0,702.0,12:32:15.817159
-194.0,-995.0,2047.0,12:32:15.826403
267.0,-1064.0,1188.0,12:32:15.836927
249.0,-766.0,100.0,12:32:15.846289
39.0,-610.0,998.0,12:32:15.855726
249.0,-561.0,988.0,12:32:15.866167
85.0,-193.0,49.0,12:32:15.875550
-26.0,-100.0,382.0,12:32:15.885923
81.0,-150.0,322.0,12:32:15.895319
95.0,-64.0,823.0,12:32:15.905704
-7.0,-996.0,2047.0,12:32:15.915148
-108.0,-900.0,1778.0,12:32:15.925650
160.0,-776.0,935.0,12:32:15.934979
-10.0,-553.0,1905.0,12:32:15.944385
141.0,-730.0,1321.0,12:32:15.954825
253.0,-737.0,405.0,12:32:15.964184
18.0,-333.0,133.0,12:32:15.974610
-85.0,-499.0,794.0,12:32:15.983960
-61.0,-360.0,816.0,12:32:15.994418
-165.0,-350.0,809.0,12:32:16.003771
45.0,-535.0,712.0,12:32:16.014147
257.0,-349.0,694.0,12:32:16.023457
221.0,-565.0,1201.0,12:32:16.033884
200.0,-386.0,1010.0,12:32:16.043253
-34.0,-438.0,789.0,12:32:16.053624
295.0,-405.0,495.0,12:32:16.063062
53.0,-372.0,609.0,12:32:16.073466
-101.0,-233.0,443.0,12:32:16.083018
-3.0,-436.0,997.0,12:32:16.093459
36.0,-590.0,1255.0,12:32:16.106929
175.0,-577.0,1041.0,12:32:16.112065
148.0,-674.0,762.0,12:32:16.122491
258.0,-858.0,1159.0,12:32:16.131838
293.0,-504.0,810.0,12:32:16.142343
-42.0,-485.0,919.0,12:32:16.151687
132.0,-437.0,795.0,12:32:16.162208
-15.0,-389.0,516.0,12:32:16.171681
-156.0,-568.0,740.0,12:32:16.182135
-66.0,-366.0,969.0,12:32:16.191537
-7.0,-403.0,997.0,12:32:16.200957
125.0,-861.0,1641.0,12:32:16.211369
144.0,-638.0,1311.0,12:32:16.220761
-14.0,-594.0,982.0,12:32:16.231149
92.0,-209.0,642.0,12:32:16.240705
179.0,-19.0,682.0,12:32:16.251164
40.0,-137.0,1047.0,12:32:16.260698
-23.0,-238.0,700.0,12:32:16.270009
-143.0,-475.0,1111.0,12:32:16.280618
-179.0,-428.0,1139.0,12:32:16.289980
191.0,-485.0,680.0,12:32:16.300567
-86.0,-632.0,1143.0,12:32:16.309866
-7.0,-499.0,619.0,12:32:16.319232
181.0,-725.0,1054.0,12:32:16.329803
-8.0,-669.0,962.0,12:32:16.339182
-108.0,-675.0,782.0,12:32:16.349716
43.0,-504.0,996.0,12:32:16.359048
-100.0,-713.0,1033.0,12:32:16.369556
72.0,-722.0,921.0,12:32:16.378850
-23.0,-604.0,774.0,12:32:16.388231
-69.0,-513.0,851.0,12:32:16.398626
139.0,-536.0,1007.0,12:32:16.407943
72.0,-814.0,1132.0,12:32:16.418508
158.0,-478.0,705.0,12:32:16.428010
192.0,-376.0,1257.0,12:32:16.438472
-91.0,-474.0,1460.0,12:32:16.447813
-75.0,-445.0,820.0,12:32:16.458231
32.0,-417.0,864.0,12:32:16.467632
93.0,-722.0,948.0,12:32:16.477991
18.0,-618.0,1091.0,12:32:16.487475
58.0,-754.0,1018.0,12:32:16.496766
-70.0,-750.0,520.0,12:32:16.507245
96.0,-719.0,776.0,12:32:16.516509
-138.0,-520.0,1033.0,12:32:16.527019
-59.0,-246.0,1067.0,12:32:16.536428
-84.0,-242.0,854.0,12:32:16.546916
24.0,-492.0,1108.0,12:32:16.556267
119.0,-464.0,800.0,12:32:16.566697
113.0,-517.0,906.0,12:32:16.576005
74.0,-475.0,936.0,12:32:16.586454
227.0,-512.0,1009.0,12:32:16.595777
-52.0,-404.0,420.0,12:32:16.605100
-10.0,-653.0,933.0,12:32:16.615827
311.0,-677.0,1095.0,12:32:16.625162
-128.0,-657.0,932.0,12:32:16.635651
-16.0,-509.0,836.0,12:32:16.644939
82.0,-593.0,866.0,12:32:16.655486
-118.0,-541.0,984.0,12:32:16.664728
75.0,-570.0,648.0,12:32:16.675295
18.0,-421.0,571.0,12:32:16.684532
-49.0,-551.0,1132.0,12:32:16.694036
-109.0,-572.0,1118.0,12:32:16.704444
-173.0,-497.0,1006.0,12:32:16.713907
129.0,-526.0,924.0,12:32:16.724434
72.0,-468.0,1043.0,12:32:16.733876
-191.0,-505.0,1324.0,12:32:16.743233
191.0,-533.0,1077.0,12:32:16.753661
15.0,-337.0,668.0,12:32:16.762998
-2.0,-435.0,847.0,12:32:16.773471
143.0,-294.0,1097.0,12:32:16.782892
-199.0,-348.0,946.0,12:32:16.793355
-43.0,-558.0,973.0,12:32:16.802869
23.0,-433.0,733.0,12:32:16.813257
7.0,-334.0,758.0,12:32:16.822561
110.0,-227.0,862.0,12:32:16.832938
-22.0,-505.0,947.0,12:32:16.842359
15.0,-346.0,618.0,12:32:16.851912
142.0,-587.0,960.0,12:32:16.862430
-24.0,-575.0,1199.0,12:32:16.871811
73.0,-611.0,967.0,12:32:16.882319
-19.0,-369.0,426.0,12:32:16.891761
22.0,-431.0,868.0,12:32:16.907991
94.0,-540.0,1199.0,12:32:16.911866
43.0,-402.0,609.0,12:32:16.921274
126.0,-446.0,930.0,12:32:16.930696
104.0,-632.0,1418.0,12:32:16.941092
-103.0,-739.0,1671.0,12:32:16.950353
356.0,-810.0,1219.0,12:32:16.960816
79.0,-788.0,1064.0,12:32:16.970107
194.0,-571.0,650.0,12:32:16.980689
5.0,-490.0,862.0,12:32:16.989936
-26.0,-265.0,599.0,12:32:17.000414
2.0,-223.0,538.0,12:32:17.009641
-181.0,-334.0,974.0,12:32:17.020144
-2.0,-534.0,949.0,12:32:17.029475
-95.0,-388.0,699.0,12:32:17.040025
-116.0,-315.0,1033.0,12:32:17.049478
87.0,-402.0,976.0,12:32:17.058828
34.0,-204.0,793.0,12:32:17.069218
104.0,-484.0,933.0,12:32:17.078678
-39.0,-394.0,687.0,12:32:17.089083
152.0,-385.0,877.0,12:32:17.098657
-6.0,-690.0,1265.0,12:32:17.109150
177.0,-502.0,638.0,12:32:17.118575
119.0,-466.0,762.0,12:32:17.127844
76.0,-623.0,826.0,12:32:17.138275
137.0,-481.0,502.0,12:32:17.147621
110.0,-538.0,1042.0,12:32:17.158023
-19.0,-826.0,1413.0,12:32:17.167453
298.0,-770.0,766.0,12:32:17.177942
-9.0,-475.0,396.0,12:32:17.187390
143.0,-459.0,1161.0,12:32:17.197836
61.0,-545.0,1006.0,12:32:17.207167
-51.0,-349.0,376.0,12:32:17.217664
-119.0,-374.0,785.0,12:32:17.227150
148.0,-730.0,1346.0,12:32:17.236541
-59.0,-566.0,949.0,12:32:17.247006
212.0,-427.0,707.0,12:32:17.256387
-20.0,-408.0,1230.0,12:32:17.265883
6.0,-456.0,1285.0,12:32:17.276346
-34.0,-296.0,773.0,12:32:17.285631
64.0,-604.0,1400.0,12:32:17.296084
71.0,-617.0,942.0,12:32:17.309029
166.0,-366.0,399.0,12:32:17.315755
-20.0,-573.0,959.0,12:32:17.325141
-32.0,-430.0,1133.0,12:32:17.335605
105.0,-519.0,1184.0,12:32:17.344892
97.0,-559.0,657.0,12:32:17.355314
109.0,-544.0,602.0,12:32:17.364692
-14.0,-360.0,655.0,12:32:17.375154
79.0,-444.0,969.0,12:32:17.384512
30.0,-612.0,1094.0,12:32:17.395116
188.0,-511.0,536.0,12:32:17.404442
125.0,-573.0,767.0,12:32:17.414826
-17.0,-713.0,1188.0,12:32:17.424252
173.0,-628.0,1023.0,12:32:17.433542
55.0,-518.0,806.0,12:32:17.444075
68.0,-699.0,925.0,12:32:17.453309
104.0,-671.0,691.0,12:32:17.463851
108.0,-553.0,516.0,12:32:17.473102
-142.0,-172.0,873.0,12:32:17.483585
-139.0,-415.0,1171.0,12:32:17.492935
160.0,-556.0,999.0,12:32:17.503539
12.0,-540.0,1257.0,12:32:17.512922
-96.0,-427.0,929.0,12:32:17.522316
280.0,-588.0,1162.0,12:32:17.532711
19.0,-388.0,1035.0,12:32:17.542054
-16.0,-574.0,1049.0,12:32:17.552433
142.0,-278.0,487.0,12:32:17.561863
-75.0,-269.0,804.0,12:32:17.572262
130.0,-530.0,1361.0,12:32:17.581825
-119.0,-403.0,1053.0,12:32:17.592308
135.0,-792.0,1128.0,12:32:17.601699
221.0,-415.0,599.0,12:32:17.612192
110.0,-282.0,916.0,12:32:17.621461
34.0,-308.0,1085.0,12:32:17.630772
59.0,-624.0,1033.0,12:32:17.641232
164.0,-579.0,737.0,12:32:17.650627
256.0,-450.0,691.0,12:32:17.661154
-16.0,-270.0,803.0,12:32:17.670503
64.0,-473.0,1031.0,12:32:17.680970
-63.0,-656.0,1096.0,12:32:17.690384
216.0,-691.0,684.0,12:32:17.700857
63.0,-390.0,605.0,12:32:17.710286
-11.0,-460.0,1048.0,12:32:17.719585
80.0,-473.0,1047.0,12:32:17.730079
1.0,-467.0,866.0,12:32:17.739390
108.0,-452.0,580.0,12:32:17.749848
-32.0,-471.0,1003.0,12:32:17.759099
-83.0,-383.0,1094.0,12:32:17.769746
96.0,-420.0,961.0,12:32:17.779116
-29.0,-749.0,1210.0,12:32:17.788556
72.0,-503.0,539.0,12:32:17.798967
25.0,-497.0,779.0,12:32:17.808330
174.0,-493.0,753.0,12:32:17.818736
46.0,-458.0,1196.0,12:32:17.828034
-9.0,-797.0,1713.0,12:32:17.838586
161.0,-859.0,910.0,12:32:17.847954
47.0,-478.0,306.0,12:32:17.858522
-127.0,-745.0,1456.0,12:32:17.867857
54.0,-552.0,1055.0,12:32:17.878400
-5.0,-660.0,605.0,12:32:17.887736
141.0,-370.0,263.0,12:32:17.897067
-64.0,-590.0,1213.0,12:32:17.907613
-27.0,-323.0,780.0,12:32:17.916971
-171.0,-222.0,852.0,12:32:17.927552
45.0,-622.0,1352.0,12:32:17.936918
87.0,-535.0,748.0,12:32:17.947391
22.0,-395.0,715.0,12:32:17.956767
-27.0,-437.0,1415.0,12:32:17.967158
125.0,-566.0,1041.0,12:32:17.976490
151.0,-428.0,474.0,12:32:17.986898
35.0,-675.0,954.0,12:32:17.996374
137.0,-583.0,1032.0,12:32:18.005656
6.0,-570.0,847.0,12:32:18.016269
-187.0,-398.0,780.0,12:32:18.025533
81.0,-515.0,639.0,12:32:18.036073
27.0,-448.0,515.0,12:32:18.045290
169.0,-334.0,764.0,12:32:18.055782
102.0,-619.0,1338.0,12:32:18.065172
10.0,-523.0,1116.0,12:32:18.074569
79.0,-637.0,854.0,12:32:18.085209
32.0,-611.0,803.0,12:32:18.094572
72.0,-527.0,846.0,12:32:18.110847
85.0,-357.0,994.0,12:32:18.115399
74.0,-415.0,735.0,12:32:18.124761
33.0,-597.0,1090.0,12:32:18.134071
109.0,-601.0,600.0,12:32:18.144480
-81.0,-312.0,958.0,12:32:18.153787
-125.0,-239.0,1086.0,12:32:18.164261
-21.0,-301.0,1468.0,12:32:18.173581
-59.0,-569.0,1291.0,12:32:18.184080
144.0,-541.0,815.0,12:32:18.193607
173.0,-542.0,771.0,12:32:18.202959
-38.0,-283.0,1167.0,12:32:18.213393
37.0,-498.0,1253.0,12:32:18.222837
90.0,-479.0,646.0,12:32:18.233416
46.0,-555.0,500.0,12:32:18.242671
-58.0,-460.0,822.0,12:32:18.253116
42.0,-465.0,1141.0,12:32:18.262437
-130.0,-287.0,901.0,12:32:18.271834
32.0,-608.0,1247.0,12:32:18.282239
91.0,-676.0,665.0,12:32:18.291565
101.0,-373.0,460.0,12:32:18.301967
99.0,-111.0,553.0,12:32:18.311313
118.0,-379.0,1359.0,12:32:18.321830
77.0,-592.0,990.0,12:32:18.331141
69.0,-352.0,84.0,12:32:18.341692
151.0,-467.0,948.0,12:32:18.351067
-6.0,-489.0,1248.0,12:32:18.361655
262.0,-639.0,1022.0,12:32:18.370885
39.0,-676.0,1017.0,12:32:18.381376
29.0,-1058.0,1560.0,12:32:18.390694
294.0,-732.0,750.0,12:32:18.400009
155.0,-649.0,817.0,12:32:18.410415
28.0,-426.0,754.0,12:32:18.419813
-15.0,-367.0,518.0,12:32:18.430159
35.0,-438.0,769.0,12:32:18.439558
-105.0,-523.0,869.0,12:32:18.449932
31.0,-427.0,1062.0,12:32:18.459404
28.0,-404.0,837.0,12:32:18.469798
-21.0,-573.0,1090.0,12:32:18.479400
-13.0,-676.0,1373.0,12:32:18.489788
-112.0,-545.0,914.0,12:32:18.499166
64.0,-432.0,971.0,12:32:18.513041
-30.0,-502.0,1177.0,12:32:18.519233
65.0,-586.0,678.0,12:32:18.528597
88.0,-443.0,518.0,12:32:18.539046
68.0,-469.0,725.0,12:32:18.548365
144.0,-730.0,1099.0,12:32:18.558769
-35.0,-493.0,814.0,12:32:18.568088
184.0,-679.0,778.0,12:32:18.578639
104.0,-616.0,847.0,12:32:18.587982
-23.0,-557.0,991.0,12:32:18.597426
-38.0,-304.0,618.0,12:32:18.607883
-191.0,-564.0,1265.0,12:32:18.617304
148.0,-568.0,958.0,12:32:18.627695
-3.0,-565.0,888.0,12:32:18.636999
21.0,-572.0,884.0,12:32:18.647496
74.0,-668.0,1096.0,12:32:18.656891
13.0,-583.0,1032.0,12:32:18.666262
36.0,-638.0,845.0,12:32:18.676847
127.0,-790.0,580.0,12:32:18.686265
160.0,-376.0,996.0,12:32:18.696874
-272.0,-287.0,979.0,12:32:18.706267
-81.0,-238.0,1123.0,12:32:18.715627
-8.0,-342.0,781.0,12:32:18.726280
11.0,-509.0,865.0,12:32:18.735584
174.0,-441.0,1014.0,12:32:18.746042
33.0,-490.0,1100.0,12:32:18.755262
-15.0,-563.0,1204.0,12:32:18.765813
92.0,-348.0,525.0,12:32:18.775187
152.0,-571.0,986.0,12:32:18.785641
25.0,-487.0,1048.0,12:32:18.794932
128.0,-594.0,1087.0,12:32:18.805469
-31.0,-491.0,816.0,12:32:18.814831
-60.0,-504.0,893.0,12:32:18.824196
70.0,-389.0,805.0,12:32:18.834688
115.0,-641.0,860.0,12:32:18.844131
-59.0,-401.0,617.0,12:32:18.854521
22.0,-437.0,1106.0,12:32:18.863823
36.0,-619.0,895.0,12:32:18.874304
213.0,-486.0,568.0,12:32:18.883602
-153.0,-341.0,654.0,12:32:18.894077
-94.0,-139.0,953.0,12:32:18.903357
28.0,-501.0,1481.0,12:32:18.913874
14.0,-688.0,1365.0,12:32:18.923112
145.0,-601.0,408.0,12:32:18.933566
20.0,-337.0,814.0,12:32:18.942901
50.0,-502.0,1034.0,12:32:18.952278
180.0,-245.0,778.0,12:32:18.962646
-41.0,-608.0,1457.0,12:32:18.973064
326.0,-597.0,795.0,12:32:18.982348
94.0,-723.0,1193.0,12:32:18.991743
101.0,-625.0,1203.0,12:32:19.002166
31.0,-487.0,786.0,12:32:19.011448
-42.0,-536.0,483.0,12:32:19.021930
-64.0,-499.0,873.0,12:32:19.031416
55.0,-352.0,801.0,12:32:19.041926
-1.0,-358.0,676.0,12:32:19.051192
166.0,-459.0,924.0,12:32:19.061841
48.0,-435.0,1090.0,12:32:19.071137
34.0,-542.0,943.0,12:32:19.081576
181.0,-457.0,904.0,12:32:19.090962
15.0,-488.0,885.0,12:32:19.100391
96.0,-480.0,739.0,12:32:19.110872
-88.0,-595.0,1133.0,12:32:19.120175
111.0,-503.0,968.0,12:32:19.130714
-59.0,-478.0,784.0,12:32:19.140164
-11.0,-842.0,1267.0,12:32:19.150664
6.0,-734.0,1077.0,12:32:19.160045
81.0,-706.0,647.0,12:32:19.169535
10.0,-629.0,831.0,12:32:19.180076
28.0,-590.0,851.0,12:32:19.189519
77.0,-690.0,882.0,12:32:19.198797
2.0,-611.0,876.0,12:32:19.209456
-85.0,-731.0,964.0,12:32:19.218723
-51.0,-428.0,477.0,12:32:19.229184
-14.0,-553.0,1163.0,12:32:19.238535
-180.0,-423.0,1115.0,12:32:19.249068
-1.0,-653.0,1029.0,12:32:19.258318
-50.0,-361.0,650.0,12:32:19.268788
72.0,-704.0,718.0,12:32:19.278096
-94.0,-396.0,989.0,12:32:19.287627
4.0,-431.0,1068.0,12:32:19.298114
-136.0,-443.0,1194.0,12:32:19.310786
112.0,-492.0,1043.0,12:32:19.318175
-28.0,-547.0,941.0,12:32:19.327489
97.0,-628.0,1101.0,12:32:19.336917
174.0,-479.0,1088.0,12:32:19.347402
46.0,-490.0,626.0,12:32:19.356725
247.0,-433.0,524.0,12:32:19.367125
30.0,-315.0,707.0,12:32:19.376450
-68.0,-378.0,909.0,12:32:19.386834
84.0,-463.0,1065.0,12:32:19.396178
-98.0,-571.0,1033.0,12:32:19.406631
97.0,-554.0,986.0,12:32:19.416000
23.0,-566.0,944.0,12:32:19.426408
-72.0,-536.0,1188.0,12:32:19.435619
55.0,-594.0,1148.0,12:32:19.446165
122.0,-589.0,923.0,12:32:19.455392
72.0,-541.0,647.0,12:32:19.465893
-68.0,-391.0,916.0,12:32:19.475172
42.0,-492.0,1060.0,12:32:19.485787
-20.0,-444.0,656.0,12:32:19.495129
-8.0,-502.0,879.0,12:32:19.504579
9.0,-357.0,812.0,12:32:19.515134
1.0,-425.0,1090.0,12:32:19.524478
-33.0,-415.0,975.0,12:32:19.534875
177.0,-443.0,1074.0,12:32:19.544203
161.0,-401.0,745.0,12:32:19.554605
-1.0,-251.0,765.0,12:32:19.564092
-8.0,-682.0,1513.0,12:32:19.574655
209.0,-487.0,930.0,12:32:19.584045
-47.0,-525.0,570.0,12:32:19.593342
70.0,-441.0,707.0,12:32:19.603776
151.0,-351.0,827.0,12:32:19.613107
-17.0,-570.0,1190.0,12:32:19.623561
131.0,-551.0,1008.0,12:32:19.633102
42.0,-562.0,746.0,12:32:19.643580
36.0,-530.0,729.0,12:32:19.653203
123.0,-575.0,1001.0,12:32:19.662457
24.0,-429.0,877.0,12:32:19.672987
66.0,-446.0,769.0,12:32:19.682265
133.0,-576.0,913.0,12:32:19.692696
119.0,-658.0,1023.0,12:32:19.701939
26.0,-619.0,766.0,12:32:19.716683
30.0,-480.0,825.0,12:32:19.721785
20.0,-454.0,948.0,12:32:19.732154
-23.0,-390.0,585.0,12:32:19.741494
-65.0,-590.0,1450.0,12:32:19.751895
90.0,-390.0,962.0,12:32:19.761277
73.0,-638.0,1129.0,12:32:19.771811
167.0,-520.0,864.0,12:32:19.781212
107.0,-607.0,1128.0,12:32:19.790540
236.0,-521.0,750.0,12:32:19.801139
200.0,-422.0,694.0,12:32:19.810533
85.0,-247.0,702.0,12:32:19.820989
20.0,-480.0,911.0,12:32:19.830232
101.0,-466.0,951.0,12:32:19.840722
33.0,-494.0,981.0,12:32:19.849974
-17.0,-612.0,1023.0,12:32:19.860400
202.0,-500.0,800.0,12:32:19.869722
48.0,-449.0,930.0,12:32:19.880213
5.0,-443.0,723.0,12:32:19.889545
81.0,-539.0,923.0,12:32:19.899928
-108.0,-441.0,833.0,12:32:19.909227
-95.0,-480.0,817.0,12:32:19.918848
175.0,-512.0,884.0,12:32:19.929205
-10.0,-584.0,924.0,12:32:19.938664
169.0,-591.0,750.0,12:32:19.949098
97.0,-648.0,1394.0,12:32:19.958489
106.0,-484.0,589.0,12:32:19.969013
-11.0,-501.0,1171.0,12:32:19.978293
15.0,-544.0,676.0,12:32:19.988737
-18.0,-304.0,537.0,12:32:19.998105
58.0,-730.0,1735.0,12:32:20.008598
-102.0,-750.0,1340.0,12:32:20.017972
186.0,-527.0,690.0,12:32:20.027350
288.0,-426.0,598.0,12:32:20.037802
115.0,-344.0,811.0,12:32:20.047160
11.0,-170.0,798.0,12:32:20.057532
118.0,-338.0,802.0,12:32:20.066893
-5.0,-605.0,1289.0,12:32:20.077447
21.0,-545.0,1006.0,12:32:20.086742
-43.0,-307.0,745.0,12:32:20.097375
-5.0,-495.0,1247.0,12:32:20.106741
-98.0,-490.0,909.0,12:32:20.116006
129.0,-622.0,707.0,12:32:20.126717
21.0,-388.0,544.0,12:32:20.135978
-27.0,-522.0,1218.0,12:32:20.146563
-92.0,-600.0,1229.0,12:32:20.155901
109.0,-935.0,1048.0,12:32:20.166380
114.0,-457.0,557.0,12:32:20.175761
119.0,-572.0,1171.0,12:32:20.185316
-54.0,-458.0,995.0,12:32:20.195786
104.0,-577.0,817.0,12:32:20.205350
230.0,-447.0,628.0,12:32:20.214646
-50.0,-550.0,1056.0,12:32:20.225250
-29.0,-593.0,1012.0,12:32:20.234547
70.0,-366.0,844.0,12:32:20.245178
-112.0,-434.0,764.0,12:32:20.254491
104.0,-599.0,854.0,12:32:20.263943
-101.0,-451.0,957.0,12:32:20.274323
63.0,-548.0,1092.0,12:32:20.283739
-194.0,-619.0,949.0,12:32:20.294141
4.0,-473.0,612.0,12:32:20.303515
27.0,-576.0,1130.0,12:32:20.314006
-86.0,-620.0,1047.0,12:32:20.323403
-41.0,-223.0,531.0,12:32:20.343117
14.0,-668.0,1360.0,12:32:20.353670
3.0,-468.0,1013.0,12:32:20.362969
123.0,-492.0,522.0,12:32:20.373410
24.0,-442.0,624.0,12:32:20.382835
104.0,-465.0,986.0,12:32:20.392079
22.0,-554.0,1193.0,12:32:20.402512
49.0,-508.0,963.0,12:32:20.411868
71.0,-505.0,746.0,12:32:20.422317
-93.0,-581.0,918.0,12:32:20.431562
88.0,-548.0,1020.0,12:32:20.441982
221.0,-710.0,1046.0,12:32:20.451325
130.0,-534.0,713.0,12:32:20.461823
89.0,-510.0,657.0,12:32:20.471125
146.0,-590.0,1034.0,12:32:20.481557
92.0,-490.0,751.0,12:32:20.490893
-21.0,-232.0,571.0,12:32:20.501291
-111.0,-555.0,1188.0,12:32:20.517502
97.0,-717.0,1093.0,12:32:20.521567
128.0,-461.0,728.0,12:32:20.530758
-28.0,-620.0,1129.0,12:32:20.540126
79.0,-452.0,981.0,12:32:20.550609
-72.0,-453.0,902.0,12:32:20.559911
153.0,-535.0,962.0,12:32:20.570319
88.0,-508.0,853.0,12:32:20.579818
-86.0,-395.0,789.0,12:32:20.590188
-94.0,-504.0,999.0,12:32:20.599668
119.0,-590.0,1282.0,12:32:20.619376
35.0,-556.0,1000.0,12:32:20.629880
174.0,-624.0,1003.0,12:32:20.639430
-8.0,-523.0,946.0,12:32:20.648677
90.0,-541.0,1023.0,12:32:20.659181
258.0,-583.0,742.0,12:32:20.668553
125.0,-336.0,554.0,12:32:20.679132
25.0,-445.0,957.0,12:32:20.688482
-27.0,-516.0,1160.0,12:32:20.698403
46.0,-575.0,703.0,12:32:20.707730
114.0,-532.0,805.0,12:32:20.718284
62.0,-534.0,990.0,12:32:20.727571
24.0,-587.0,1188.0,12:32:20.738132
58.0,-536.0,957.0,12:32:20.747455
-18.0,-602.0,815.0,12:32:20.757886
-66.0,-525.0,989.0,12:32:20.767173
122.0,-596.0,965.0,12:32:20.777689
5.0,-594.0,931.0,12:32:20.786958
-94.0,-634.0,912.0,12:32:20.796443
-45.0,-461.0,555.0,12:32:20.806970
-110.0,-565.0,876.0,12:32:20.816396
-3.0,-355.0,807.0,12:32:20.826831
15.0,-603.0,1092.0,12:32:20.836247
-147.0,-493.0,1241.0,12:32:20.846660
-125.0,-719.0,1045.0,12:32:20.856051
108.0,-526.0,716.0,12:32:20.866450
28.0,-387.0,928.0,12:32:20.875699
43.0,-567.0,980.0,12:32:20.886312
-122.0,-354.0,559.0,12:32:20.895629
46.0,-521.0,909.0,12:32:20.904976
12.0,-530.0,980.0,12:32:20.918891
103.0,-660.0,1064.0,12:32:20.925002
-11.0,-566.0,757.0,12:32:20.935446
131.0,-647.0,1010.0,12:32:20.944747
53.0,-655.0,945.0,12:32:20.954216
-59.0,-484.0,748.0,12:32:20.964666
-8.0,-414.0,838.0,12:32:20.974118
7.0,-562.0,1166.0,12:32:20.984688
21.0,-556.0,935.0,12:32:20.994093
-63.0,-499.0,819.0,12:32:21.004590
-86.0,-488.0,915.0,12:32:21.014221
112.0,-480.0,743.0,12:32:21.023608
-13.0,-388.0,801.0,12:32:21.034097
-24.0,-399.0,838.0,12:32:21.043385
-160.0,-546.0,1102.0,12:32:21.052897
240.0,-502.0,715.0,12:32:21.063321
-112.0,-470.0,1081.0,12:32:21.072716
215.0,-567.0,1078.0,12:32:21.083221
133.0,-424.0,752.0,12:32:21.092765
2.0,-466.0,635.0,12:32:21.103251
44.0,-371.0,831.0,12:32:21.112559
120.0,-480.0,1030.0,12:32:21.121821
69.0,-497.0,898.0,12:32:21.132392
109.0,-461.0,839.0,12:32:21.141713
123.0,-549.0,910.0,12:32:21.152261
90.0,-653.0,1090.0,12:32:21.161723
15.0,-326.0,942.0,12:32:21.172217
148.0,-469.0,947.0,12:32:21.181482
143.0,-462.0,968.0,12:32:21.191899
160.0,-588.0,877.0,12:32:21.201174
3.0,-400.0,872.0,12:32:21.210609
-24.0,-740.0,1161.0,12:32:21.221092
205.0,-544.0,863.0,12:32:21.230417
94.0,-375.0,546.0,12:32:21.240858
56.0,-459.0,1016.0,12:32:21.250283
-55.0,-569.0,1026.0,12:32:21.260745
-43.0,-457.0,810.0,12:32:21.270142
-31.0,-466.0,994.0,12:32:21.280655
-9.0,-495.0,1077.0,12:32:21.290048
71.0,-669.0,1021.0,12:32:21.299413
179.0,-418.0,661.0,12:32:21.309960
121.0,-664.0,1011.0,12:32:21.319345
74.0,-468.0,944.0,12:32:21.329848
119.0,-548.0,947.0,12:32:21.339088
9.0,-564.0,770.0,12:32:21.349575
99.0,-568.0,874.0,12:32:21.358856
-78.0,-470.0,767.0,12:32:21.369443
17.0,-421.0,978.0,12:32:21.378744
-203.0,-505.0,1000.0,12:32:21.388164
-54.0,-454.0,848.0,12:32:21.398670
66.0,-315.0,540.0,12:32:21.408007
-159.0,-252.0,822.0,12:32:21.418550
-39.0,-427.0,1303.0,12:32:21.427898
4.0,-664.0,1152.0,12:32:21.438332
144.0,-524.0,410.0,12:32:21.447654
-50.0,-107.0,429.0,12:32:21.458031
129.0,-443.0,1560.0,12:32:21.467449
-54.0,-815.0,1790.0,12:32:21.476865
144.0,-357.0,-54.0,12:32:21.487445
-28.0,-94.0,19.0,12:32:21.496718
60.0,-548.0,1950.0,12:32:21.507208
-30.0,-724.0,1813.0,12:32:21.516438
264.0,-621.0,29.0,12:32:21.527002
133.0,-284.0,-13.0,12:32:21.536308
58.0,-391.0,1870.0,12:32:21.546799
-1.0,-853.0,2047.0,12:32:21.556198
134.0,-804.0,218.0,12:32:21.566707
41.0,-178.0,-609.0,12:32:21.576048
111.0,-756.0,1726.0,12:32:21.585472
-174.0,-541.0,1635.0,12:32:21.595895
138.0,-330.0,352.0,12:32:21.605432
141.0,-432.0,300.0,12:32:21.615850
55.0,-500.0,1233.0,12:32:21.625209
-111.0,-359.0,1268.0,12:32:21.635648
-122.0,-512.0,749.0,12:32:21.654158
142.0,-393.0,589.0,12:32:21.664663
-19.0,-332.0,817.0,12:32:21.675150
18.0,-228.0,769.0,12:32:21.684597
120.0,-523.0,962.0,12:32:21.693983
-117.0,-607.0,935.0,12:32:21.704535
72.0,-288.0,512.0,12:32:21.720753
74.0,-843.0,1453.0,12:32:21.724635
138.0,-448.0,1058.0,12:32:21.734360
34.0,-796.0,1139.0,12:32:21.743632
157.0,-713.0,225.0,12:32:21.752970
182.0,-575.0,753.0,12:32:21.763343
179.0,-550.0,1321.0,12:32:21.772684
-53.0,-527.0,842.0,12:32:21.783159
104.0,-876.0,783.0,12:32:21.792469
67.0,-550.0,813.0,12:32:21.802923
-123.0,-534.0,938.0,12:32:21.812316
159.0,-424.0,1155.0,12:32:21.822692
41.0,-661.0,694.0,12:32:21.831988
120.0,-298.0,524.0,12:32:21.842446
-195.0,-288.0,1477.0,12:32:21.851880
8.0,-911.0,1643.0,12:32:21.862251
128.0,-625.0,634.0,12:32:21.871560
27.0,-189.0,315.0,12:32:21.881934
-106.0,-454.0,1246.0,12:32:21.891285
-48.0,-527.0,1427.0,12:32:21.901843
81.0,-409.0,478.0,12:32:21.911195
80.0,-275.0,387.0,12:32:21.921563
-172.0,-646.0,1715.0,12:32:21.930967
116.0,-640.0,1387.0,12:32:21.941372
85.0,-561.0,778.0,12:32:21.950751
164.0,-559.0,559.0,12:32:21.960097
165.0,-585.0,1002.0,12:32:21.970717
-100.0,-467.0,961.0,12:32:21.979969
97.0,-218.0,463.0,12:32:21.990452
-10.0,-568.0,913.0,12:32:21.999721
73.0,-591.0,907.0,12:32:22.010213
116.0,-669.0,1030.0,12:32:22.019600
-12.0,-757.0,1506.0,12:32:22.030067
148.0,-746.0,1033.0,12:32:22.039502
55.0,-618.0,331.0,12:32:22.048873
2.0,-411.0,830.0,12:32:22.059583
47.0,-226.0,1035.0,12:32:22.068884
-41.0,-446.0,816.0,12:32:22.079466
12.0,-567.0,1128.0,12:32:22.088930
-31.0,-741.0,1331.0,12:32:22.098209
214.0,-427.0,744.0,12:32:22.108679
-104.0,-743.0,1522.0,12:32:22.122928
122.0,-767.0,1244.0,12:32:22.127837
36.0,-602.0,823.0,12:32:22.138333
98.0,-444.0,521.0,12:32:22.147695
-151.0,-400.0,944.0,12:32:22.158233
-31.0,-643.0,1132.0,12:32:22.167587
-35.0,-325.0,1013.0,12:32:22.178073
-12.0,-424.0,721.0,12:32:22.187455
-76.0,-464.0,725.0,12:32:22.196782
-140.0,-392.0,855.0,12:32:22.207232
-57.0,-127.0,732.0,12:32:22.216598
27.0,-619.0,1314.0,12:32:22.227183
178.0,-698.0,932.0,12:32:22.236522
-29.0,-488.0,501.0,12:32:22.246988
-20.0,-693.0,1175.0,12:32:22.256359
217.0,-576.0,972.0,12:32:22.266775
-38.0,-389.0,762.0,12:32:22.276047
80.0,-421.0,810.0,12:32:22.286607
-51.0,-550.0,887.0,12:32:22.295839
141.0,-754.0,1062.0,12:32:22.305237
95.0,-429.0,870.0,12:32:22.315642
195.0,-718.0,951.0,12:32:22.324931
51.0,-453.0,679.0,12:32:22.335334
-40.0,-254.0,685.0,12:32:22.344647
-25.0,-373.0,1248.0,12:32:22.355156
-63.0,-515.0,1104.0,12:32:22.364529
150.0,-421.0,793.0,12:32:22.374917
94.0,-554.0,925.0,12:32:22.384331
128.0,-509.0,929.0,12:32:22.394722
189.0,-541.0,933.0,12:32:22.404238
19.0,-340.0,746.0,12:32:22.414618
38.0,-470.0,1003.0,12:32:22.424056
47.0,-539.0,767.0,12:32:22.434469
-75.0,-382.0,918.0,12:32:22.443815
-17.0,-405.0,1138.0,12:32:22.454244
45.0,-461.0,926.0,12:32:22.463571
67.0,-555.0,1006.0,12:32:22.472882
-29.0,-439.0,753.0,12:32:22.483394
-59.0,-422.0,773.0,12:32:22.492631
131.0,-538.0,963.0,12:32:22.503137
-84.0,-530.0,1176.0,12:32:22.512404
-94.0,-469.0,795.0,12:32:22.522997
115.0,-628.0,736.0,12:32:22.532398
41.0,-562.0,712.0,12:32:22.542959
120.0,-512.0,988.0,12:32:22.552213
3.0,-649.0,1152.0,12:32:22.561766
-66.0,-641.0,848.0,12:32:22.572148
129.0,-559.0,684.0,12:32:22.581488
-18.0,-542.0,1059.0,12:32:22.591880
71.0,-512.0,850.0,12:32:22.601283
28.0,-393.0,688.0,12:32:22.611774
-19.0,-534.0,873.0,12:32:22.621080
-47.0,-473.0,773.0,12:32:22.631581
116.0,-371.0,1003.0,12:32:22.641044
-90.0,-317.0,936.0,12:32:22.650372
69.0,-579.0,1244.0,12:32:22.660843
-70.0,-506.0,1030.0,12:32:22.670259
29.0,-594.0,1025.0,12:32:22.680741
175.0,-539.0,911.0,12:32:22.690056
-62.0,-356.0,1076.0,12:32:22.700644
39.0,-456.0,924.0,12:32:22.709960
-54.0,-445.0,750.0,12:32:22.720558
132.0,-436.0,839.0,12:32:22.729897
-34.0,-529.0,960.0,12:32:22.739229
98.0,-533.0,870.0,12:32:22.749726
27.0,-419.0,889.0,12:32:22.759064
113.0,-562.0,892.0,12:32:22.769524
156.0,-379.0,945.0,12:32:22.778872
-19.0,-346.0,965.0,12:32:22.789403
208.0,-523.0,1030.0,12:32:22.798780
98.0,-424.0,865.0,12:32:22.809234
88.0,-498.0,851.0,12:32:22.818599
-24.0,-512.0,980.0,12:32:22.828001
162.0,-575.0,830.0,12:32:22.838546
146.0,-562.0,885.0,12:32:22.847937
92.0,-540.0,816.0,12:32:22.858428
119.0,-502.0,888.0,12:32:22.867801
62.0,-488.0,806.0,12:32:22.878194
-15.0,-657.0,1053.0,12:32:22.887586
109.0,-621.0,1082.0,12:32:22.897989
19.0,-563.0,932.0,12:32:22.907488
58.0,-642.0,1033.0,12:32:22.923792
79.0,-554.0,895.0,12:32:22.927612
-47.0,-491.0,852.0,12:32:22.936923
85.0,-410.0,613.0,12:32:22.946333
7.0,-501.0,888.0,12:32:22.956878
-36.0,-490.0,899.0,12:32:22.966224
-3.0,-470.0,867.0,12:32:22.976714
35.0,-539.0,1010.0,12:32:22.985960
-74.0,-429.0,660.0,12:32:22.996457
54.0,-554.0,1258.0,12:32:23.005778
49.0,-572.0,966.0,12:32:23.016328
63.0,-476.0,704.0,12:32:23.025699
-18.0,-579.0,1014.0,12:32:23.035205
96.0,-612.0,1180.0,12:32:23.045711
-9.0,-778.0,852.0,12:32:23.055179
28.0,-722.0,720.0,12:32:23.065621
13.0,-364.0,556.0,12:32:23.075161
-74.0,-660.0,1058.0,12:32:23.084448
111.0,-446.0,639.0,12:32:23.094943
-4.0,-479.0,677.0,12:32:23.104218
12.0,-640.0,1079.0,12:32:23.114721
-135.0,-495.0,958.0,12:32:23.124085
104.0,-512.0,975.0,12:32:23.134594
-97.0,-614.0,1238.0,12:32:23.143989
33.0,-505.0,758.0,12:32:23.153472
94.0,-575.0,801.0,12:32:23.163860
-74.0,-354.0,954.0,12:32:23.173180
31.0,-543.0,987.0,12:32:23.183712
9.0,-461.0,745.0,12:32:23.193058
-14.0,-406.0,819.0,12:32:23.203487
-78.0,-676.0,1088.0,12:32:23.212998
-57.0,-554.0,945.0,12:32:23.223435
37.0,-476.0,1083.0,12:32:23.232874
-75.0,-589.0,1105.0,12:32:23.242179
87.0,-439.0,616.0,12:32:23.252608
51.0,-276.0,781.0,12:32:23.261946
-62.0,-370.0,1019.0,12:32:23.272383
47.0,-483.0,1028.0,12:32:23.281805
-9.0,-518.0,981.0,12:32:23.292311
128.0,-558.0,848.0,12:32:23.301734
57.0,-453.0,737.0,12:32:23.312181
119.0,-539.0,1002.0,12:32:23.330686
14.0,-466.0,727.0,12:32:23.341161
84.0,-430.0,871.0,12:32:23.350678
49.0,-554.0,1141.0,12:32:23.361104
-45.0,-472.0,945.0,12:32:23.370413
98.0,-549.0,852.0,12:32:23.380825
30.0,-418.0,770.0,12:32:23.390181
71.0,-323.0,755.0,12:32:23.400667
50.0,-479.0,1152.0,12:32:23.410008
-42.0,-440.0,950.0,12:32:23.420388
211.0,-733.0,1030.0,12:32:23.429817
65.0,-486.0,660.0,12:32:23.440243
-86.0,-495.0,942.0,12:32:23.449669
90.0,-521.0,1227.0,12:32:23.460097
69.0,-558.0,1017.0,12:32:23.469553
-34.0,-568.0,910.0,12:32:23.478837
12.0,-670.0,734.0,12:32:23.489517
-69.0,-477.0,886.0,12:32:23.498872
-32.0,-452.0,946.0,12:32:23.508417
195.0,-482.0,793.0,12:32:23.518904
-93.0,-441.0,798.0,12:32:23.528231
100.0,-543.0,921.0,12:32:23.538637
93.0,-476.0,1115.0,12:32:23.548008
85.0,-632.0,1043.0,12:32:23.558555
-48.0,-476.0,708.0,12:32:23.567892
45.0,-513.0,900.0,12:32:23.577364
121.0,-475.0,994.0,12:32:23.587863
134.0,-560.0,879.0,12:32:23.597148
-26.0,-620.0,1081.0,12:32:23.607620
-15.0,-666.0,945.0,12:32:23.616905
207.0,-591.0,717.0,12:32:23.627580
-8.0,-553.0,951.0,12:32:23.636914
54.0,-626.0,1130.0,12:32:23.646352
75.0,-470.0,701.0,12:32:23.656773
-7.0,-343.0,508.0,12:32:23.666192
-15.0,-496.0,1059.0,12:32:23.676618
-32.0,-396.0,965.0,12:32:23.685909
145.0,-455.0,990.0,12:32:23.696463
-50.0,-531.0,1015.0,12:32:23.705852
47.0,-508.0,866.0,12:32:23.716397
240.0,-481.0,857.0,12:32:23.725697
102.0,-532.0,871.0,12:32:23.735354
172.0,-461.0,882.0,12:32:23.745781
64.0,-543.0,974.0,12:32:23.755195
158.0,-436.0,656.0,12:32:23.765650
1.0,-325.0,722.0,12:32:23.775011
64.0,-605.0,1288.0,12:32:23.785354
75.0,-575.0,979.0,12:32:23.794716
147.0,-426.0,658.0,12:32:23.805214
-42.0,-582.0,1252.0,12:32:23.814634
75.0,-571.0,1027.0,12:32:23.824002
-11.0,-537.0,892.0,12:32:23.834512
20.0,-703.0,1027.0,12:32:23.843831
151.0,-574.0,699.0,12:32:23.854304
-59.0,-456.0,533.0,12:32:23.863634
131.0,-483.0,1147.0,12:32:23.874052
-2.0,-630.0,1192.0,12:32:23.883386
68.0,-570.0,820.0,12:32:23.892901
25.0,-415.0,719.0,12:32:23.903376
-72.0,-676.0,1088.0,12:32:23.912693
-124.0,-408.0,1147.0,12:32:23.923228
5.0,-529.0,843.0,12:32:23.932499
-5.0,-423.0,613.0,12:32:23.943023
28.0,-456.0,991.0,12:32:23.952292
-90.0,-402.0,1026.0,12:32:23.962884
-64.0,-454.0,1007.0,12:32:23.972197
119.0,-552.0,881.0,12:32:23.982859
-81.0,-548.0,903.0,12:32:23.992200
-89.0,-567.0,915.0,12:32:24.001734
33.0,-407.0,851.0,12:32:24.012253
78.0,-515.0,981.0,12:32:24.021732
54.0,-546.0,1010.0,12:32:24.031074
-113.0,-435.0,744.0,12:32:24.041644
105.0,-503.0,991.0,12:32:24.051009
-36.0,-438.0,936.0,12:32:24.061475
167.0,-552.0,889.0,12:32:24.070946
-10.0,-502.0,983.0,12:32:24.081368
35.0,-535.0,895.0,12:32:24.090761
41.0,-493.0,1027.0,12:32:24.101157
-124.0,-509.0,1014.0,12:32:24.110746
48.0,-427.0,696.0,12:32:24.127386
44.0,-487.0,1075.0,12:32:24.131466
127.0,-505.0,695.0,12:32:24.139711
74.0,-381.0,1002.0,12:32:24.150082
-38.0,-530.0,1153.0,12:32:24.159559
230.0,-294.0,597.0,12:32:24.170035
-67.0,-423.0,968.0,12:32:24.179490
76.0,-462.0,904.0,12:32:24.189934
17.0,-492.0,915.0,12:32:24.199390
-13.0,-628.0,1062.0,12:32:24.208655
-20.0,-556.0,994.0,12:32:24.219227
143.0,-457.0,717.0,12:32:24.228647
19.0,-563.0,891.0,12:32:24.239160
13.0,-533.0,1022.0,12:32:24.248651
26.0,-561.0,1000.0,12:32:24.257918
31.0,-569.0,793.0,12:32:24.268550
92.0,-599.0,926.0,12:32:24.277854
55.0,-592.0,934.0,12:32:24.288315
-147.0,-610.0,821.0,12:32:24.297568
232.0,-578.0,659.0,12:32:24.308087
147.0,-511.0,687.0,12:32:24.317456
-92.0,-504.0,1044.0,12:32:24.327898
-34.0,-638.0,891.0,12:32:24.337151
22.0,-555.0,966.0,12:32:24.347649
83.0,-681.0,963.0,12:32:24.356881
-6.0,-508.0,892.0,12:32:24.367435
-68.0,-463.0,930.0,12:32:24.376738
8.0,-585.0,975.0,12:32:24.386162
89.0,-558.0,850.0,12:32:24.396579
19.0,-554.0,699.0,12:32:24.405975
-93.0,-567.0,882.0,12:32:24.416474
-174.0,-387.0,960.0,12:32:24.425845
-30.0,-540.0,985.0,12:32:24.436393
97.0,-419.0,813.0,12:32:24.445702
98.0,-498.0,1024.0,12:32:24.455204
-38.0,-510.0,842.0,12:32:24.465716
-11.0,-465.0,877.0,12:32:24.475203
38.0,-531.0,1026.0,12:32:24.485665
77.0,-464.0,1083.0,12:32:24.495143
12.0,-573.0,1036.0,12:32:24.504572
99.0,-593.0,595.0,12:32:24.515097
40.0,-559.0,940.0,12:32:24.528875
-95.0,-499.0,1002.0,12:32:24.534914
86.0,-649.0,848.0,12:32:24.544384
60.0,-318.0,397.0,12:32:24.553752
-162.0,-561.0,1400.0,12:32:24.564250
72.0,-572.0,1144.0,12:32:24.573612
-19.0,-502.0,772.0,12:32:24.584107
320.0,-539.0,745.0,12:32:24.593411
-33.0,-411.0,1040.0,12:32:24.603958
42.0,-481.0,1197.0,12:32:24.613349
137.0,-375.0,689.0,12:32:24.622705
75.0,-457.0,716.0,12:32:24.633176
-28.0,-553.0,1200.0,12:32:24.642521
-42.0,-490.0,932.0,12:32:24.653000
85.0,-484.0,891.0,12:32:24.662307
70.0,-569.0,871.0,12:32:24.672832
85.0,-349.0,852.0,12:32:24.682095
-73.0,-376.0,1074.0,12:32:24.692590
35.0,-526.0,974.0,12:32:24.701946
-21.0,-519.0,848.0,12:32:24.712399
79.0,-515.0,863.0,12:32:24.721754
-11.0,-514.0,885.0,12:32:24.732286
12.0,-459.0,813.0,12:32:24.741718
64.0,-502.0,971.0,12:32:24.751042
-117.0,-525.0,1180.0,12:32:24.761398
123.0,-643.0,1048.0,12:32:24.770809
92.0,-552.0,702.0,12:32:24.781251
18.0,-377.0,737.0,12:32:24.790600
64.0,-526.0,1175.0,12:32:24.801057
128.0,-507.0,883.0,12:32:24.810347
37.0,-551.0,1048.0,12:32:24.820738
60.0,-472.0,670.0,12:32:24.830053
-5.0,-563.0,929.0,12:32:24.840590
98.0,-449.0,1049.0,12:32:24.849918
144.0,-365.0,607.0,12:32:24.860446
-74.0,-418.0,796.0,12:32:24.869713
-3.0,-590.0,1071.0,12:32:24.879178
155.0,-692.0,1043.0,12:32:24.889675
38.0,-372.0,706.0,12:32:24.899019
247.0,-467.0,971.0,12:32:24.909503
92.0,-391.0,1053.0,12:32:24.918870
42.0,-518.0,864.0,12:32:24.929318
151.0,-377.0,674.0,12:32:24.938717
77.0,-626.0,1203.0,12:32:24.949100
30.0,-530.0,1211.0,12:32:24.958636
204.0,-592.0,717.0,12:32:24.967960
178.0,-486.0,820.0,12:32:24.978593
129.0,-574.0,937.0,12:32:24.987889
109.0,-432.0,744.0,12:32:24.998365
60.0,-492.0,1010.0,12:32:25.007660
227.0,-634.0,908.0,12:32:25.018132
12.0,-452.0,801.0,12:32:25.027483
132.0,-608.0,1276.0,12:32:25.036943
88.0,-689.0,1053.0,12:32:25.047489
198.0,-467.0,465.0,12:32:25.056817
16.0,-556.0,787.0,12:32:25.067286
-39.0,-483.0,732.0,12:32:25.076596
15.0,-444.0,906.0,12:32:25.087045
41.0,-544.0,954.0,12:32:25.096357
-62.0,-508.0,977.0,12:32:25.106807
47.0,-414.0,767.0,12:32:25.116301
83.0,-697.0,1173.0,12:32:25.125665
21.0,-464.0,941.0,12:32:25.136161
60.0,-612.0,1066.0,12:32:25.145550
-62.0,-491.0,800.0,12:32:25.155922
47.0,-696.0,1208.0,12:32:25.165275
97.0,-385.0,584.0,12:32:25.175742
-47.0,-511.0,989.0,12:32:25.185218
42.0,-406.0,582.0,12:32:25.195675
-14.0,-592.0,1000.0,12:32:25.205084
10.0,-536.0,1124.0,12:32:25.215518
51.0,-605.0,903.0,12:32:25.224930
121.0,-577.0,990.0,12:32:25.234158
-18.0,-642.0,900.0,12:32:25.244689
-16.0,-498.0,792.0,12:32:25.254064
24.0,-371.0,810.0,12:32:25.264517
-110.0,-350.0,672.0,12:32:25.273812
90.0,-401.0,885.0,12:32:25.284245
40.0,-503.0,1117.0,12:32:25.293500
-25.0,-520.0,1034.0,12:32:25.304161
-111.0,-713.0,1038.0,12:32:25.313508
97.0,-371.0,602.0,12:32:25.330542
67.0,-589.0,1190.0,12:32:25.333592
-171.0,-430.0,989.0,12:32:25.343050
83.0,-365.0,563.0,12:32:25.353567
43.0,-446.0,958.0,12:32:25.362983
-23.0,-405.0,1016.0,12:32:25.372237
-145.0,-267.0,804.0,12:32:25.382892
33.0,-599.0,1229.0,12:32:25.392216
119.0,-639.0,1184.0,12:32:25.402699
146.0,-675.0,861.0,12:32:25.411982
78.0,-511.0,806.0,12:32:25.422514
81.0,-471.0,1092.0,12:32:25.431766
59.0,-314.0,682.0,12:32:25.442325
0.0,-311.0,541.0,12:32:25.451556
61.0,-529.0,919.0,12:32:25.461033
66.0,-483.0,971.0,12:32:25.471469
52.0,-624.0,1160.0,12:32:25.480836
30.0,-517.0,1156.0,12:32:25.491237
156.0,-485.0,582.0,12:32:25.500719
50.0,-590.0,1084.0,12:32:25.511217
153.0,-529.0,787.0,12:32:25.520640
-16.0,-358.0,790.0,12:32:25.531092
49.0,-501.0,862.0,12:32:25.540502
81.0,-538.0,787.0,12:32:25.549828
-123.0,-354.0,731.0,12:32:25.560349
-7.0,-569.0,1190.0,12:32:25.569859
4.0,-533.0,1106.0,12:32:25.580309
28.0,-657.0,1118.0,12:32:25.589599
-22.0,-576.0,950.0,12:32:25.599975
114.0,-749.0,876.0,12:32:25.609482
107.0,-494.0,515.0,12:32:25.618831
47.0,-518.0,955.0,12:32:25.629433
-26.0,-411.0,686.0,12:32:25.638746
63.0,-508.0,844.0,12:32:25.649361
-63.0,-616.0,1057.0,12:32:25.658617
-2.0,-647.0,962.0,12:32:25.669041
-161.0,-541.0,904.0,12:32:25.678326
188.0,-733.0,1196.0,12:32:25.688848
4.0,-517.0,694.0,12:32:25.698081
80.0,-690.0,898.0,12:32:25.707481
-17.0,-508.0,928.0,12:32:25.717885
39.0,-562.0,589.0,12:32:25.732629
167.0,-375.0,752.0,12:32:25.737393
-234.0,-362.0,938.0,12:32:25.747797
44.0,-485.0,1072.0,12:32:25.757215
53.0,-612.0,1025.0,12:32:25.767723
-31.0,-405.0,813.0,12:32:25.777016
7.0,-677.0,1150.0,12:32:25.786390
165.0,-638.0,842.0,12:32:25.796812
-15.0,-527.0,907.0,12:32:25.806269
31.0,-544.0,859.0,12:32:25.816264
-18.0,-416.0,866.0,12:32:25.825905
5.0,-424.0,872.0,12:32:25.836323
39.0,-592.0,1102.0,12:32:25.845682
15.0,-383.0,746.0,12:32:25.856256
22.0,-617.0,969.0,12:32:25.865646
146.0,-499.0,792.0,12:32:25.876120
63.0,-574.0,1218.0,12:32:25.885459
7.0,-498.0,936.0,12:32:25.895959
67.0,-584.0,860.0,12:32:25.905252
154.0,-445.0,720.0,12:32:25.914564
-25.0,-390.0,935.0,12:32:25.925316
-22.0,-288.0,774.0,12:32:25.934606
7.0,-571.0,1005.0,12:32:25.945158
-37.0,-516.0,1033.0,12:32:25.954628
37.0,-726.0,1042.0,12:32:25.964046
-20.0,-438.0,847.0,12:32:25.974583
125.0,-639.0,1003.0,12:32:25.983964
59.0,-475.0,854.0,12:32:25.994585
98.0,-349.0,802.0,12:32:26.003954
81.0,-298.0,816.0,12:32:26.013251
48.0,-474.0,911.0,12:32:26.023753
-15.0,-388.0,992.0,12:32:26.033142
-79.0,-448.0,1119.0,12:32:26.043613
-7.0,-698.0,1102.0,12:32:26.053068
84.0,-644.0,838.0,12:32:26.063481
111.0,-624.0,956.0,12:32:26.072958
-73.0,-468.0,1026.0,12:32:26.082304
158.0,-527.0,920.0,12:32:26.092932
59.0,-522.0,729.0,12:32:26.102220
-169.0,-458.0,826.0,12:32:26.112888
66.0,-535.0,1070.0,12:32:26.122230
18.0,-597.0,949.0,12:32:26.131670
42.0,-432.0,650.0,12:32:26.142150
165.0,-571.0,1051.0,12:32:26.151511
23.0,-479.0,849.0,12:32:26.161901
146.0,-456.0,702.0,12:32:26.171181
1.0,-506.0,1016.0,12:32:26.181767
-52.0,-512.0,1021.0,12:32:26.191016
-1.0,-462.0,704.0,12:32:26.201480
48.0,-521.0,980.0,12:32:26.210872
39.0,-533.0,1001.0,12:32:26.220311
133.0,-487.0,950.0,12:32:26.230760
-11.0,-442.0,844.0,12:32:26.240046
123.0,-646.0,972.0,12:32:26.250643
21.0,-692.0,1076.0,12:32:26.260006
13.0,-582.0,800.0,12:32:26.270378
113.0,-718.0,962.0,12:32:26.279705
109.0,-457.0,765.0,12:32:26.290091
83.0,-470.0,608.0,12:32:26.299560
59.0,-398.0,777.0,12:32:26.309964
-37.0,-602.0,1060.0,12:32:26.319361
129.0,-363.0,593.0,12:32:26.329882
32.0,-571.0,834.0,12:32:26.339393
107.0,-526.0,1300.0,12:32:26.348637
-11.0,-793.0,1207.0,12:32:26.359129
91.0,-514.0,653.0,12:32:26.368485
124.0,-697.0,982.0,12:32:26.379075
-57.0,-588.0,1081.0,12:32:26.388421
28.0,-401.0,720.0,12:32:26.397814
34.0,-359.0,547.0,12:32:26.408488
-20.0,-505.0,1011.0,12:32:26.417823
-102.0,-406.0,980.0,12:32:26.428398
76.0,-590.0,927.0,12:32:26.437773
84.0,-492.0,904.0,12:32:26.447132
32.0,-596.0,1110.0,12:32:26.457577
-62.0,-580.0,1064.0,12:32:26.466892
136.0,-498.0,1046.0,12:32:26.477403
82.0,-434.0,648.0,12:32:26.486761
41.0,-381.0,639.0,12:32:26.497216
-6.0,-438.0,958.0,12:32:26.506526
60.0,-397.0,993.0,12:32:26.516969
4.0,-571.0,879.0,12:32:26.534318
40.0,-523.0,996.0,12:32:26.538131
177.0,-628.0,1034.0,12:32:26.546285
66.0,-560.0,999.0,12:32:26.555629
0.0,-610.0,1167.0,12:32:26.566060
157.0,-683.0,898.0,12:32:26.575426
55.0,-498.0,415.0,12:32:26.585828
9.0,-286.0,640.0,12:32:26.595288
-198.0,-384.0,1215.0,12:32:26.605700
81.0,-441.0,1000.0,12:32:26.615252
-3.0,-517.0,787.0,12:32:26.625655
103.0,-578.0,909.0,12:32:26.635135
184.0,-617.0,1186.0,12:32:26.644398
58.0,-432.0,931.0,12:32:26.654835
66.0,-488.0,726.0,12:32:26.664157
34.0,-413.0,885.0,12:32:26.674543
140.0,-525.0,785.0,12:32:26.683847
8.0,-359.0,1028.0,12:32:26.694319
-60.0,-503.0,1140.0,12:32:26.703609
24.0,-543.0,920.0,12:32:26.714079
-28.0,-468.0,714.0,12:32:26.723496
-19.0,-335.0,774.0,12:32:26.734091
45.0,-555.0,1210.0,12:32:26.743356
67.0,-531.0,1176.0,12:32:26.753861
20.0,-652.0,969.0,12:32:26.763271
136.0,-607.0,795.0,12:32:26.772568
8.0,-482.0,961.0,12:32:26.782998
84.0,-434.0,798.0,12:32:26.792353
3.0,-384.0,723.0,12:32:26.802905
-78.0,-390.0,921.0,12:32:26.812235
94.0,-411.0,786.0,12:32:26.822657
34.0,-540.0,923.0,12:32:26.831945
-24.0,-641.0,1104.0,12:32:26.842547
86.0,-643.0,841.0,12:32:26.851843
71.0,-422.0,703.0,12:32:26.862392
105.0,-529.0,944.0,12:32:26.871700
14.0,-473.0,1227.0,12:32:26.881245
17.0,-602.0,1095.0,12:32:26.891779
175.0,-445.0,698.0,12:32:26.901100
-36.0,-413.0,798.0,12:32:26.911757
115.0,-498.0,908.0,12:32:26.921145
-27.0,-533.0,734.0,12:32:26.936078
65.0,-465.0,687.0,12:32:26.941037
12.0,-635.0,1230.0,12:32:26.950339
-71.0,-552.0,920.0,12:32:26.960829
117.0,-691.0,1034.0,12:32:26.970301
-12.0,-499.0,896.0,12:32:26.980691
29.0,-548.0,824.0,12:32:26.990013
105.0,-414.0,738.0,12:32:27.000532
158.0,-465.0,952.0,12:32:27.009909
64.0,-599.0,1105.0,12:32:27.019417
35.0,-595.0,834.0,12:32:27.029858
48.0,-600.0,910.0,12:32:27.039330
143.0,-594.0,963.0,12:32:27.048641
44.0,-585.0,871.0,12:32:27.059088
-20.0,-549.0,782.0,12:32:27.068482
187.0,-406.0,733.0,12:32:27.079015
61.0,-349.0,694.0,12:32:27.088350
-9.0,-389.0,1082.0,12:32:27.098853
15.0,-482.0,1048.0,12:32:27.108122
-2.0,-479.0,952.0,12:32:27.118723
87.0,-636.0,1026.0,12:32:27.127968
113.0,-569.0,997.0,12:32:27.138519
-50.0,-445.0,925.0,12:32:27.147915
25.0,-650.0,751.0,12:32:27.157260
88.0,-478.0,909.0,12:32:27.167717
-79.0,-463.0,916.0,12:32:27.177165
-90.0,-483.0,881.0,12:32:27.196795
-71.0,-639.0,1227.0,12:32:27.207282
-51.0,-478.0,799.0,12:32:27.216604
217.0,-432.0,821.0,12:32:27.227172
-41.0,-466.0,1037.0,12:32:27.236482
32.0,-521.0,978.0,12:32:27.245983
123.0,-446.0,552.0,12:32:27.256489
61.0,-512.0,909.0,12:32:27.265828
-72.0,-392.0,1143.0,12:32:27.276353
33.0,-385.0,814.0,12:32:27.285663
256.0,-437.0,916.0,12:32:27.296121
-115.0,-341.0,993.0,12:32:27.305592
202.0,-489.0,864.0,12:32:27.316011
71.0,-514.0,1109.0,12:32:27.325384
160.0,-430.0,712.0,12:32:27.334712
-45.0,-547.0,957.0,12:32:27.345245
-27.0,-523.0,1192.0,12:32:27.354542
-68.0,-617.0,1068.0,12:32:27.365167
127.0,-543.0,735.0,12:32:27.374551
-84.0,-377.0,922.0,12:32:27.384039
145.0,-563.0,1190.0,12:32:27.394565
33.0,-425.0,799.0,12:32:27.403995
95.0,-446.0,749.0,12:32:27.414452
46.0,-417.0,813.0,12:32:27.423963
