17.0,-524.0,930.0,12:27:04.844080
-2.0,-434.0,905.0,12:27:04.845556
98.0,-670.0,1296.0,12:27:04.854917
37.0,-743.0,1050.0,12:27:04.864229
97.0,-387.0,208.0,12:27:04.874708
48.0,-793.0,1358.0,12:27:04.884246
-10.0,-345.0,552.0,12:27:04.893573
34.0,-510.0,757.0,12:27:04.904225
45.0,-591.0,1195.0,12:27:04.913917
27.0,-474.0,618.0,12:27:04.923253
39.0,-484.0,1054.0,12:27:04.933742
55.0,-516.0,991.0,12:27:04.943148
-17.0,-259.0,595.0,12:27:04.953584
162.0,-564.0,1255.0,12:27:04.963034
96.0,-558.0,1038.0,12:27:04.972316
142.0,-523.0,757.0,12:27:04.982817
50.0,-394.0,377.0,12:27:04.992077
-38.0,-526.0,947.0,12:27:05.002561
79.0,-678.0,1305.0,12:27:05.011872
-28.0,-449.0,805.0,12:27:05.022317
-101.0,-621.0,782.0,12:27:05.031583
-73.0,-582.0,974.0,12:27:05.042110
-29.0,-507.0,1050.0,12:27:05.051398
28.0,-453.0,918.0,12:27:05.061863
21.0,-651.0,845.0,12:27:05.071180
-54.0,-683.0,1094.0,12:27:05.081803
-80.0,-370.0,714.0,12:27:05.091118
63.0,-512.0,1173.0,12:27:05.100481
-80.0,-468.0,971.0,12:27:05.110956
139.0,-407.0,916.0,12:27:05.120285
32.0,-630.0,1202.0,12:27:05.130872
130.0,-412.0,435.0,12:27:05.140225
163.0,-293.0,745.0,12:27:05.150661
36.0,-434.0,1175.0,12:27:05.160114
25.0,-263.0,689.0,12:27:05.169552
151.0,-550.0,812.0,12:27:05.179978
21.0,-605.0,1231.0,12:27:05.189356
-20.0,-400.0,949.0,12:27:05.199767
214.0,-500.0,792.0,12:27:05.209078
123.0,-441.0,859.0,12:27:05.219693
13.0,-540.0,1016.0,12:27:05.229020
87.0,-68.0,245.0,12:27:05.238436
-60.0,-586.0,1736.0,12:27:05.248877
147.0,-605.0,1009.0,12:27:05.258181
144.0,-311.0,456.0,12:27:05.268715
43.0,-634.0,1299.0,12:27:05.278023
143.0,-402.0,658.0,12:27:05.288555
238.0,-315.0,804.0,12:27:05.303063
4.0,-695.0,1437.0,12:27:05.307940
99.0,-483.0,1022.0,12:27:05.317375
146.0,-814.0,1364.0,12:27:05.327868
121.0,-453.0,353.0,12:27:05.337169
119.0,-641.0,881.0,12:27:05.347573
76.0,-547.0,1147.0,12:27:05.356873
-4.0,-172.0,677.0,12:27:05.367511
195.0,-562.0,990.0,12:27:05.376807
204.0,-687.0,728.0,12:27:05.387254
37.0,-409.0,853.0,12:27:05.396540
35.0,-296.0,830.0,12:27:05.407002
-23.0,-595.0,1211.0,12:27:05.416473
125.0,-651.0,811.0,12:27:05.425818
95.0,-478.0,590.0,12:27:05.436257
144.0,-571.0,1087.0,12:27:05.445640
45.0,-352.0,944.0,12:27:05.456244
40.0,-557.0,1093.0,12:27:05.465549
42.0,-497.0,606.0,12:27:05.475983
78.0,-481.0,745.0,12:27:05.485383
-109.0,-653.0,1328.0,12:27:05.494721
128.0,-427.0,724.0,12:27:05.505319
-16.0,-321.0,521.0,12:27:05.514561
-103.0,-583.0,1236.0,12:27:05.525161
-70.0,-483.0,961.0,12:27:05.534498
32.0,-498.0,764.0,12:27:05.544989
90.0,-562.0,912.0,12:27:05.554385
-73.0,-614.0,1047.0,12:27:05.563790
84.0,-567.0,1174.0,12:27:05.574227
-34.0,-614.0,1270.0,12:27:05.583611
59.0,-798.0,1048.0,12:27:05.594136
-26.0,-957.0,1151.0,12:27:05.603509
105.0,-531.0,775.0,12:27:05.614127
21.0,-403.0,508.0,12:27:05.623481
101.0,-727.0,1094.0,12:27:05.632885
104.0,-653.0,849.0,12:27:05.643360
-112.0,-421.0,468.0,12:27:05.652619
16.0,-816.0,1370.0,12:27:05.663153
92.0,-473.0,817.0,12:27:05.672455
61.0,-430.0,705.0,12:27:05.683034
126.0,-746.0,1185.0,12:27:05.692263
20.0,-292.0,359.0,12:27:05.705996
-117.0,-204.0,657.0,12:27:05.711965
69.0,-230.0,1167.0,12:27:05.722445
-152.0,-137.0,856.0,12:27:05.731811
56.0,-752.0,1655.0,12:27:05.742209
115.0,-847.0,1608.0,12:27:05.751754
166.0,-548.0,667.0,12:27:05.761029
-15.0,-771.0,1067.0,12:27:05.771631
180.0,-742.0,812.0,12:27:05.780939
75.0,-460.0,632.0,12:27:05.791337
-121.0,-622.0,850.0,12:27:05.800695
58.0,-375.0,301.0,12:27:05.811184
15.0,-398.0,830.0,12:27:05.820564
-225.0,-278.0,906.0,12:27:05.829852
134.0,-852.0,1430.0,12:27:05.840282
148.0,-394.0,659.0,12:27:05.849676
134.0,-322.0,638.0,12:27:05.860087
143.0,-549.0,1041.0,12:27:05.869430
129.0,-468.0,990.0,12:27:05.879859
43.0,-317.0,606.0,12:27:05.889181
131.0,-540.0,726.0,12:27:05.899915
37.0,-403.0,750.0,12:27:05.909215
-78.0,-556.0,1354.0,12:27:05.918665
127.0,-695.0,1078.0,12:27:05.929046
245.0,-638.0,615.0,12:27:05.938365
48.0,-487.0,582.0,12:27:05.948775
-12.0,-227.0,625.0,12:27:05.958186
-261.0,-535.0,2047.0,12:27:05.977728
234.0,-674.0,963.0,12:27:05.988129
42.0,-590.0,452.0,12:27:05.997577
-52.0,-634.0,1247.0,12:27:06.008066
-65.0,-338.0,1407.0,12:27:06.017529
50.0,-131.0,240.0,12:27:06.027942
103.0,-540.0,994.0,12:27:06.037402
132.0,-433.0,1212.0,12:27:06.047783
-88.0,-140.0,469.0,12:27:06.057108
-136.0,-795.0,1542.0,12:27:06.066525
153.0,-663.0,983.0,12:27:06.077036
92.0,-372.0,366.0,12:27:06.086267
6.0,-687.0,969.0,12:27:06.096706
62.0,-593.0,820.0,12:27:06.106022
-48.0,-539.0,716.0,12:27:06.116529
39.0,-496.0,844.0,12:27:06.125843
-99.0,-591.0,1530.0,12:27:06.136395
136.0,-423.0,207.0,12:27:06.145706
-152.0,-775.0,1253.0,12:27:06.155175
101.0,-614.0,1171.0,12:27:06.165674
14.0,-219.0,575.0,12:27:06.175092
62.0,-451.0,939.0,12:27:06.185650
12.0,-585.0,1107.0,12:27:06.195125
101.0,-372.0,668.0,12:27:06.204414
-5.0,-346.0,917.0,12:27:06.214781
39.0,-642.0,1303.0,12:27:06.224135
-45.0,-425.0,785.0,12:27:06.234606
-12.0,-323.0,421.0,12:27:06.244041
3.0,-510.0,868.0,12:27:06.254436
-39.0,-601.0,1376.0,12:27:06.263787
-24.0,-263.0,444.0,12:27:06.274165
86.0,-673.0,1043.0,12:27:06.283582
17.0,-681.0,1125.0,12:27:06.294075
157.0,-665.0,710.0,12:27:06.303479
89.0,-396.0,210.0,12:27:06.312909
75.0,-781.0,1565.0,12:27:06.323433
126.0,-311.0,1035.0,12:27:06.332704
-15.0,-844.0,946.0,12:27:06.343279
320.0,-959.0,327.0,12:27:06.352553
130.0,-452.0,825.0,12:27:06.362986
49.0,19.0,785.0,12:27:06.372388
13.0,-225.0,1050.0,12:27:06.382838
-24.0,-619.0,1457.0,12:27:06.392157
-37.0,-713.0,992.0,12:27:06.401494
328.0,-286.0,247.0,12:27:06.411939
248.0,-627.0,1487.0,12:27:06.421214
-124.0,-614.0,1564.0,12:27:06.431797
186.0,-114.0,208.0,12:27:06.441043
19.0,-337.0,390.0,12:27:06.451586
138.0,-533.0,1543.0,12:27:06.460784
-17.0,-215.0,977.0,12:27:06.471334
132.0,-457.0,774.0,12:27:06.480633
342.0,-733.0,1041.0,12:27:06.491161
231.0,-664.0,863.0,12:27:06.506838
181.0,-302.0,740.0,12:27:06.510363
101.0,-560.0,1276.0,12:27:06.520797
-229.0,-666.0,1161.0,12:27:06.530084
205.0,-451.0,210.0,12:27:06.539553
92.0,-501.0,1039.0,12:27:06.550013
38.0,-792.0,1591.0,12:27:06.559468
154.0,-312.0,77.0,12:27:06.569902
8.0,-470.0,890.0,12:27:06.579324
82.0,-828.0,1607.0,12:27:06.589726
20.0,-473.0,253.0,12:27:06.598972
-23.0,-350.0,779.0,12:27:06.609542
68.0,-681.0,1155.0,12:27:06.618966
96.0,-482.0,781.0,12:27:06.628261
54.0,-543.0,748.0,12:27:06.638763
-179.0,-656.0,1283.0,12:27:06.648149
267.0,-705.0,1059.0,12:27:06.658582
44.0,-366.0,657.0,12:27:06.667928
-14.0,-531.0,867.0,12:27:06.678366
61.0,-346.0,974.0,12:27:06.687737
-120.0,-512.0,1082.0,12:27:06.698163
23.0,-296.0,422.0,12:27:06.707566
70.0,-796.0,1537.0,12:27:06.717949
-75.0,-471.0,851.0,12:27:06.727457
-59.0,-284.0,874.0,12:27:06.736826
-26.0,-522.0,1021.0,12:27:06.747384
203.0,-804.0,1075.0,12:27:06.756686
196.0,-463.0,488.0,12:27:06.767152
-43.0,-160.0,788.0,12:27:06.776467
-21.0,-579.0,1538.0,12:27:06.786949
-42.0,-643.0,791.0,12:27:06.796333
41.0,-613.0,664.0,12:27:06.805722
-185.0,-302.0,995.0,12:27:06.816069
-39.0,-672.0,1406.0,12:27:06.825360
160.0,-633.0,731.0,12:27:06.835894
106.0,-457.0,530.0,12:27:06.845239
-73.0,-642.0,1004.0,12:27:06.855617
236.0,-715.0,760.0,12:27:06.864903
-10.0,-493.0,940.0,12:27:06.875427
21.0,-422.0,687.0,12:27:06.884698
-118.0,-519.0,1172.0,12:27:06.895227
168.0,-527.0,836.0,12:27:06.908420
-151.0,-283.0,470.0,12:27:06.914568
57.0,-805.0,1174.0,12:27:06.925104
-304.0,-44.0,628.0,12:27:06.934376
-85.0,-698.0,1405.0,12:27:06.943735
-21.0,-893.0,1589.0,12:27:06.954151
338.0,-706.0,436.0,12:27:06.963502
-50.0,-377.0,461.0,12:27:06.974003
-93.0,-745.0,1634.0,12:27:06.983322
63.0,-383.0,780.0,12:27:06.993721
30.0,-327.0,139.0,12:27:07.003099
43.0,-408.0,738.0,12:27:07.013545
25.0,-742.0,1737.0,12:27:07.022917
-78.0,-272.0,478.0,12:27:07.033350
-38.0,-464.0,695.0,12:27:07.042696
-107.0,-594.0,1524.0,12:27:07.053112
165.0,-607.0,934.0,12:27:07.062460
-28.0,-343.0,434.0,12:27:07.071851
90.0,-647.0,1195.0,12:27:07.082478
-78.0,-544.0,984.0,12:27:07.091807
-52.0,-492.0,721.0,12:27:07.102284
104.0,-606.0,937.0,12:27:07.111559
0.0,-443.0,579.0,12:27:07.131127
-28.0,-653.0,1093.0,12:27:07.141655
211.0,-327.0,800.0,12:27:07.151043
58.0,-499.0,520.0,12:27:07.161620
104.0,-393.0,630.0,12:27:07.170877
49.0,-559.0,1429.0,12:27:07.180224
-77.0,-271.0,875.0,12:27:07.190665
90.0,-496.0,871.0,12:27:07.200087
137.0,-788.0,1102.0,12:27:07.210541
-16.0,-271.0,528.0,12:27:07.219879
34.0,-438.0,1309.0,12:27:07.230348
25.0,-778.0,1367.0,12:27:07.239762
93.0,-412.0,414.0,12:27:07.250136
128.0,-703.0,904.0,12:27:07.259560
34.0,-581.0,1109.0,12:27:07.269927
54.0,-398.0,735.0,12:27:07.279354
2.0,-442.0,848.0,12:27:07.288740
54.0,-617.0,776.0,12:27:07.299213
124.0,-776.0,1200.0,12:27:07.308554
138.0,-657.0,926.0,12:27:07.319144
63.0,-462.0,871.0,12:27:07.328532
-52.0,-523.0,1045.0,12:27:07.338943
-51.0,-341.0,555.0,12:27:07.348244
194.0,-460.0,1209.0,12:27:07.357635
63.0,-146.0,654.0,12:27:07.367996
38.0,-529.0,924.0,12:27:07.377368
77.0,-659.0,1100.0,12:27:07.387851
-62.0,-403.0,972.0,12:27:07.397202
88.0,-500.0,1273.0,12:27:07.407635
32.0,-543.0,819.0,12:27:07.416912
145.0,-664.0,1094.0,12:27:07.427446
144.0,-421.0,672.0,12:27:07.436841
21.0,-158.0,450.0,12:27:07.447427
61.0,-424.0,1163.0,12:27:07.456784
73.0,-496.0,1092.0,12:27:07.466140
112.0,-487.0,957.0,12:27:07.476643
-69.0,-650.0,1029.0,12:27:07.485973
-5.0,-452.0,859.0,12:27:07.496491
121.0,-673.0,1015.0,12:27:07.505908
118.0,-451.0,694.0,12:27:07.516447
-50.0,-553.0,1053.0,12:27:07.525748
150.0,-551.0,737.0,12:27:07.535130
40.0,-485.0,574.0,12:27:07.545640
-19.0,-569.0,1052.0,12:27:07.555065
7.0,-291.0,885.0,12:27:07.565593
-67.0,-481.0,856.0,12:27:07.574964
58.0,-699.0,1177.0,12:27:07.584360
204.0,-710.0,996.0,12:27:07.594745
49.0,-334.0,461.0,12:27:07.604110
23.0,-673.0,1348.0,12:27:07.614496
49.0,-532.0,1066.0,12:27:07.623963
52.0,-522.0,724.0,12:27:07.634384
77.0,-530.0,813.0,12:27:07.643690
72.0,-730.0,1188.0,12:27:07.654191
-71.0,-421.0,598.0,12:27:07.663564
-19.0,-257.0,772.0,12:27:07.674142
66.0,-453.0,1108.0,12:27:07.683497
-51.0,-483.0,1128.0,12:27:07.692852
47.0,-377.0,880.0,12:27:07.708771
19.0,-490.0,951.0,12:27:07.712562
68.0,-441.0,941.0,12:27:07.722976
170.0,-555.0,874.0,12:27:07.742521
58.0,-558.0,813.0,12:27:07.751935
66.0,-766.0,1125.0,12:27:07.762331
-23.0,-626.0,888.0,12:27:07.771761
27.0,-405.0,450.0,12:27:07.791302
-95.0,-557.0,1149.0,12:27:07.801826
5.0,-332.0,688.0,12:27:07.811284
-106.0,-661.0,1326.0,12:27:07.821741
95.0,-758.0,1034.0,12:27:07.831096
174.0,-680.0,794.0,12:27:07.841487
12.0,-665.0,1185.0,12:27:07.850816
-22.0,-565.0,851.0,12:27:07.861301
201.0,-575.0,574.0,12:27:07.870711
-89.0,-464.0,843.0,12:27:07.881119
149.0,-555.0,606.0,12:27:07.890547
-200.0,-403.0,819.0,12:27:07.899815
-132.0,-797.0,1497.0,12:27:07.910345
46.0,-456.0,420.0,12:27:07.919705
-147.0,-539.0,855.0,12:27:07.930184
-100.0,-556.0,1194.0,12:27:07.939632
-4.0,-532.0,849.0,12:27:07.949067
-22.0,-324.0,585.0,12:27:07.959689
-3.0,-566.0,987.0,12:27:07.969103
-58.0,-386.0,931.0,12:27:07.978653
-9.0,-553.0,1185.0,12:27:07.989187
-30.0,-477.0,798.0,12:27:07.998531
235.0,-640.0,844.0,12:27:08.008977
-27.0,-474.0,811.0,12:27:08.018244
-64.0,-511.0,1042.0,12:27:08.028814
111.0,-462.0,802.0,12:27:08.038125
56.0,-584.0,1076.0,12:27:08.048710
47.0,-501.0,932.0,12:27:08.058003
26.0,-649.0,914.0,12:27:08.067561
64.0,-509.0,763.0,12:27:08.077936
-57.0,-352.0,944.0,12:27:08.087377
158.0,-609.0,1030.0,12:27:08.097774
31.0,-249.0,417.0,12:27:08.110245
-10.0,-454.0,1127.0,12:27:08.117100
121.0,-553.0,890.0,12:27:08.127467
154.0,-462.0,1248.0,12:27:08.136913
3.0,-483.0,1297.0,12:27:08.146239
-20.0,-237.0,291.0,12:27:08.156737
80.0,-630.0,1373.0,12:27:08.166046
176.0,-433.0,710.0,12:27:08.176536
80.0,-132.0,261.0,12:27:08.185799
-100.0,-647.0,1469.0,12:27:08.196409
-34.0,-431.0,929.0,12:27:08.205643
16.0,-447.0,812.0,12:27:08.216131
121.0,-548.0,1190.0,12:27:08.225418
61.0,-759.0,1366.0,12:27:08.235933
146.0,-323.0,270.0,12:27:08.245176
141.0,-727.0,1359.0,12:27:08.255779
86.0,-605.0,1136.0,12:27:08.265109
204.0,-460.0,335.0,12:27:08.274488
2.0,-522.0,761.0,12:27:08.284893
-217.0,-393.0,993.0,12:27:08.294225
63.0,-772.0,1123.0,12:27:08.304662
16.0,-545.0,762.0,12:27:08.314150
43.0,-409.0,589.0,12:27:08.324547
-10.0,-631.0,1069.0,12:27:08.334018
39.0,-553.0,853.0,12:27:08.344489
47.0,-470.0,1054.0,12:27:08.353959
38.0,-729.0,1073.0,12:27:08.363238
31.0,-449.0,762.0,12:27:08.373786
133.0,-572.0,1234.0,12:27:08.383192
150.0,-511.0,922.0,12:27:08.392599
-64.0,-413.0,785.0,12:27:08.402975
-83.0,-548.0,798.0,12:27:08.412328
24.0,-359.0,856.0,12:27:08.422936
-14.0,-270.0,727.0,12:27:08.432351
-122.0,-158.0,476.0,12:27:08.442902
-54.0,-545.0,1521.0,12:27:08.452236
149.0,-456.0,1118.0,12:27:08.462668
121.0,-551.0,771.0,12:27:08.472046
64.0,-471.0,974.0,12:27:08.481344
37.0,-398.0,961.0,12:27:08.491876
30.0,-717.0,1563.0,12:27:08.501133
120.0,-589.0,543.0,12:27:08.511762
236.0,-468.0,132.0,12:27:08.521132
27.0,-82.0,804.0,12:27:08.530609
-52.0,-699.0,2047.0,12:27:08.541011
32.0,-1150.0,1621.0,12:27:08.550537
317.0,-747.0,-216.0,12:27:08.560930
99.0,-53.0,-134.0,12:27:08.570283
-77.0,-389.0,1399.0,12:27:08.580716
107.0,-429.0,1084.0,12:27:08.590101
125.0,-485.0,834.0,12:27:08.600585
165.0,-1063.0,1567.0,12:27:08.609977
159.0,-787.0,821.0,12:27:08.620356
-249.0,-134.0,603.0,12:27:08.629759
37.0,-600.0,1103.0,12:27:08.639129
126.0,-305.0,476.0,12:27:08.649689
180.0,-595.0,813.0,12:27:08.658989
36.0,-526.0,1210.0,12:27:08.669623
7.0,-785.0,1556.0,12:27:08.678833
49.0,-726.0,973.0,12:27:08.689365
-181.0,-348.0,535.0,12:27:08.698583
-85.0,-1038.0,1536.0,12:27:08.709117
-40.0,-408.0,-70.0,12:27:08.718484
11.0,-222.0,293.0,12:27:08.727818
-41.0,-632.0,1483.0,12:27:08.738279
66.0,-953.0,1224.0,12:27:08.747682
106.0,-222.0,367.0,12:27:08.758109
-288.0,-357.0,905.0,12:27:08.767554
-138.0,-470.0,847.0,12:27:08.778125
8.0,-668.0,1193.0,12:27:08.787554
36.0,-605.0,1497.0,12:27:08.796867
-53.0,-498.0,788.0,12:27:08.807464
174.0,-844.0,680.0,12:27:08.816859
146.0,-743.0,687.0,12:27:08.826360
18.0,-499.0,832.0,12:27:08.836767
5.0,-246.0,758.0,12:27:08.846247
-145.0,-421.0,811.0,12:27:08.856706
-7.0,-278.0,511.0,12:27:08.866103
-177.0,-517.0,1161.0,12:27:08.876520
34.0,-668.0,1394.0,12:27:08.885781
166.0,-566.0,921.0,12:27:08.896393
17.0,-783.0,986.0,12:27:08.911854
-141.0,-503.0,893.0,12:27:08.915652
147.0,-147.0,473.0,12:27:08.925080
-113.0,-456.0,1302.0,12:27:08.935472
-34.0,-415.0,1267.0,12:27:08.944841
15.0,-408.0,386.0,12:27:08.955288
245.0,-497.0,273.0,12:27:08.964661
-190.0,-668.0,2047.0,12:27:08.975104
-79.0,-299.0,1011.0,12:27:08.984465
126.0,-405.0,618.0,12:27:08.994958
35.0,-361.0,620.0,12:27:09.004313
41.0,-717.0,1310.0,12:27:09.013565
202.0,-491.0,612.0,12:27:09.024117
181.0,-665.0,913.0,12:27:09.033496
172.0,-569.0,1068.0,12:27:09.044005
163.0,-282.0,544.0,12:27:09.053357
31.0,-372.0,997.0,12:27:09.062878
-36.0,-469.0,1278.0,12:27:09.073344
0.0,-591.0,929.0,12:27:09.082620
40.0,-278.0,676.0,12:27:09.092974
38.0,-868.0,1466.0,12:27:09.102328
113.0,-748.0,921.0,12:27:09.112917
-111.0,-372.0,622.0,12:27:09.122237
-28.0,-561.0,1294.0,12:27:09.132660
72.0,-506.0,580.0,12:27:09.142094
76.0,-542.0,548.0,12:27:09.152520
112.0,-262.0,529.0,12:27:09.161929
-29.0,-242.0,1370.0,12:27:09.172399
111.0,-830.0,1935.0,12:27:09.181846
-33.0,-578.0,566.0,12:27:09.191251
126.0,-610.0,537.0,12:27:09.201739
-27.0,-348.0,835.0,12:27:09.211033
-51.0,-439.0,1114.0,12:27:09.221630
52.0,-344.0,721.0,12:27:09.230922
-6.0,-378.0,522.0,12:27:09.241456
89.0,-746.0,1006.0,12:27:09.250830
41.0,-274.0,882.0,12:27:09.260200
-113.0,-660.0,1456.0,12:27:09.270711
92.0,-875.0,1421.0,12:27:09.280105
187.0,-569.0,644.0,12:27:09.290729
163.0,-549.0,815.0,12:27:09.300123
103.0,-627.0,951.0,12:27:09.313933
-24.0,-614.0,890.0,12:27:09.319952
45.0,-132.0,161.0,12:27:09.329414
-25.0,-769.0,1142.0,12:27:09.339843
172.0,-612.0,812.0,12:27:09.349358
-22.0,-188.0,515.0,12:27:09.358668
-162.0,-567.0,1624.0,12:27:09.369116
282.0,-726.0,1041.0,12:27:09.378517
162.0,-392.0,633.0,12:27:09.389102
84.0,-647.0,1108.0,12:27:09.398455
82.0,-519.0,629.0,12:27:09.408936
49.0,-466.0,614.0,12:27:09.418205
-104.0,-374.0,1042.0,12:27:09.427681
6.0,-485.0,981.0,12:27:09.438090
163.0,-835.0,940.0,12:27:09.447488
-71.0,-614.0,888.0,12:27:09.458003
-70.0,-396.0,971.0,12:27:09.467487
93.0,-690.0,1247.0,12:27:09.477958
120.0,-545.0,806.0,12:27:09.487410
64.0,-415.0,639.0,12:27:09.496653
29.0,-353.0,752.0,12:27:09.507208
72.0,-299.0,864.0,12:27:09.516404
62.0,-500.0,949.0,12:27:09.526900
165.0,-643.0,1197.0,12:27:09.536233
5.0,-336.0,256.0,12:27:09.546788
36.0,-496.0,1434.0,12:27:09.555999
29.0,-475.0,1255.0,12:27:09.566532
-63.0,-206.0,384.0,12:27:09.575807
93.0,-731.0,1286.0,12:27:09.586381
61.0,-225.0,402.0,12:27:09.595625
37.0,-509.0,1069.0,12:27:09.606093
144.0,-618.0,1206.0,12:27:09.615404
80.0,-818.0,1136.0,12:27:09.624773
49.0,-553.0,657.0,12:27:09.635170
135.0,-594.0,521.0,12:27:09.644522
-18.0,-549.0,1023.0,12:27:09.655029
38.0,-103.0,784.0,12:27:09.664381
8.0,-397.0,1141.0,12:27:09.674789
-68.0,-595.0,1269.0,12:27:09.684084
97.0,-697.0,923.0,12:27:09.694590
-17.0,-460.0,520.0,12:27:09.704187
28.0,-722.0,1256.0,12:27:09.713568
-34.0,-408.0,1155.0,12:27:09.724077
40.0,-485.0,497.0,12:27:09.733508
199.0,-412.0,571.0,12:27:09.744061
67.0,-292.0,1061.0,12:27:09.753328
63.0,-563.0,1739.0,12:27:09.763756
134.0,-599.0,639.0,12:27:09.773094
-80.0,-242.0,442.0,12:27:09.782523
42.0,-1011.0,1708.0,12:27:09.792948
68.0,-334.0,417.0,12:27:09.802250
-6.0,-600.0,1153.0,12:27:09.812657
63.0,-654.0,969.0,12:27:09.822053
145.0,-603.0,812.0,12:27:09.832537
4.0,-208.0,508.0,12:27:09.841842
9.0,-59.0,523.0,12:27:09.852249
-186.0,-332.0,1314.0,12:27:09.861722
19.0,-465.0,1205.0,12:27:09.872123
169.0,-643.0,849.0,12:27:09.881415
100.0,-511.0,1060.0,12:27:09.891832
170.0,-538.0,1169.0,12:27:09.901179
162.0,-592.0,855.0,12:27:09.910542
122.0,-678.0,967.0,12:27:09.920928
88.0,-275.0,621.0,12:27:09.930287
0.0,-493.0,1043.0,12:27:09.940756
216.0,-488.0,813.0,12:27:09.950011
-49.0,-394.0,574.0,12:27:09.960553
63.0,-567.0,1135.0,12:27:09.969885
176.0,-636.0,1129.0,12:27:09.980351
151.0,-605.0,811.0,12:27:09.989711
28.0,-448.0,678.0,12:27:10.009375
58.0,-483.0,1193.0,12:27:10.019801
21.0,-498.0,902.0,12:27:10.029168
-5.0,-563.0,737.0,12:27:10.039632
70.0,-761.0,872.0,12:27:10.049004
44.0,-497.0,1057.0,12:27:10.059538
-14.0,-482.0,1072.0,12:27:10.068838
-49.0,-653.0,1129.0,12:27:10.079321
58.0,-635.0,678.0,12:27:10.088830
127.0,-718.0,904.0,12:27:10.098097
48.0,-364.0,612.0,12:27:10.114951
159.0,-406.0,764.0,12:27:10.118838
25.0,-709.0,1279.0,12:27:10.128056
9.0,-486.0,828.0,12:27:10.137608
54.0,-554.0,772.0,12:27:10.148091
143.0,-333.0,780.0,12:27:10.157531
-51.0,-474.0,1175.0,12:27:10.166895
61.0,-315.0,661.0,12:27:10.177585
109.0,-163.0,578.0,12:27:10.186854
-68.0,-693.0,1824.0,12:27:10.197410
11.0,-477.0,1123.0,12:27:10.206692
-9.0,-583.0,714.0,12:27:10.217186
-6.0,-659.0,927.0,12:27:10.226453
97.0,-698.0,1038.0,12:27:10.236908
113.0,-654.0,874.0,12:27:10.246282
185.0,-474.0,508.0,12:27:10.255640
58.0,-551.0,796.0,12:27:10.265992
-120.0,-395.0,794.0,12:27:10.275322
73.0,-303.0,436.0,12:27:10.285742
-118.0,-531.0,895.0,12:27:10.295243
80.0,-743.0,1867.0,12:27:10.305674
180.0,-558.0,960.0,12:27:10.315048
5.0,-515.0,798.0,12:27:10.325439
156.0,-784.0,1220.0,12:27:10.334799
244.0,-325.0,271.0,12:27:10.345265
-55.0,-513.0,857.0,12:27:10.354567
99.0,-504.0,1055.0,12:27:10.364967
149.0,-287.0,439.0,12:27:10.374327
-180.0,-411.0,1125.0,12:27:10.384721
-102.0,-688.0,1504.0,12:27:10.394104
125.0,-605.0,636.0,12:27:10.403425
156.0,-713.0,810.0,12:27:10.413961
45.0,-170.0,561.0,12:27:10.423239
29.0,-304.0,1270.0,12:27:10.433629
19.0,-1079.0,1950.0,12:27:10.442989
379.0,-629.0,279.0,12:27:10.453454
-59.0,-215.0,289.0,12:27:10.462785
0.0,-489.0,1579.0,12:27:10.473248
58.0,-506.0,1098.0,12:27:10.482577
42.0,-346.0,470.0,12:27:10.493037
37.0,-489.0,575.0,12:27:10.502283
-44.0,-351.0,466.0,12:27:10.512142
-20.0,-265.0,1130.0,12:27:10.522130
-32.0,-332.0,1208.0,12:27:10.532650
8.0,-663.0,903.0,12:27:10.541984
122.0,-925.0,1441.0,12:27:10.551340
91.0,-573.0,602.0,12:27:10.561799
121.0,-261.0,530.0,12:27:10.571272
12.0,-889.0,2047.0,12:27:10.581806
-16.0,-421.0,237.0,12:27:10.591118
299.0,-767.0,480.0,12:27:10.600576
-69.0,-426.0,1308.0,12:27:10.611159
47.0,-431.0,1296.0,12:27:10.620519
186.0,-608.0,708.0,12:27:10.630995
-172.0,-645.0,884.0,12:27:10.640267
112.0,-673.0,802.0,12:27:10.650789
69.0,-340.0,645.0,12:27:10.660061
-118.0,-309.0,1163.0,12:27:10.670661
-108.0,-436.0,1087.0,12:27:10.680075
-74.0,-424.0,950.0,12:27:10.689566
-20.0,-591.0,897.0,12:27:10.700021
26.0,-484.0,800.0,12:27:10.709564
-90.0,-532.0,1219.0,12:27:10.718844
83.0,-707.0,942.0,12:27:10.729544
51.0,-486.0,110.0,12:27:10.738777
-17.0,-383.0,833.0,12:27:10.749332
-54.0,-622.0,1378.0,12:27:10.758615
14.0,-596.0,645.0,12:27:10.769190
-35.0,-524.0,828.0,12:27:10.778642
-65.0,-317.0,753.0,12:27:10.788032
15.0,-648.0,1104.0,12:27:10.798508
216.0,-742.0,913.0,12:27:10.807864
-99.0,-633.0,1060.0,12:27:10.818266
69.0,-376.0,722.0,12:27:10.827549
82.0,-816.0,1280.0,12:27:10.838099
78.0,-366.0,440.0,12:27:10.847491
-6.0,-464.0,875.0,12:27:10.857908
-65.0,-294.0,968.0,12:27:10.867402
103.0,-492.0,790.0,12:27:10.876775
24.0,-515.0,660.0,12:27:10.887355
-82.0,-439.0,947.0,12:27:10.896656
-50.0,-628.0,1529.0,12:27:10.907077
91.0,-713.0,932.0,12:27:10.916500
84.0,-547.0,396.0,12:27:10.925824
-26.0,-339.0,1008.0,12:27:10.936324
52.0,-393.0,1092.0,12:27:10.945554
99.0,-504.0,754.0,12:27:10.956086
17.0,-353.0,844.0,12:27:10.965370
26.0,-479.0,985.0,12:27:10.975824
-30.0,-565.0,934.0,12:27:10.985133
162.0,-555.0,719.0,12:27:10.995764
269.0,-375.0,624.0,12:27:11.005152
67.0,-276.0,788.0,12:27:11.015626
2.0,-278.0,886.0,12:27:11.024974
52.0,-554.0,1703.0,12:27:11.034347
49.0,-878.0,1365.0,12:27:11.044727
322.0,-668.0,369.0,12:27:11.054111
149.0,-632.0,1021.0,12:27:11.064594
158.0,-689.0,1307.0,12:27:11.074065
125.0,-313.0,338.0,12:27:11.084576
-4.0,-360.0,684.0,12:27:11.094198
39.0,-382.0,807.0,12:27:11.103553
-85.0,-602.0,1075.0,12:27:11.114111
-48.0,-693.0,1349.0,12:27:11.123439
90.0,-377.0,552.0,12:27:11.132852
65.0,-724.0,1261.0,12:27:11.143263
135.0,-477.0,1044.0,12:27:11.152702
-41.0,-483.0,524.0,12:27:11.163076
41.0,-547.0,800.0,12:27:11.172452
-63.0,-462.0,968.0,12:27:11.182288
-113.0,-629.0,1467.0,12:27:11.192887
28.0,-495.0,693.0,12:27:11.202191
175.0,-505.0,387.0,12:27:11.212764
8.0,-831.0,1535.0,12:27:11.222082
75.0,-313.0,233.0,12:27:11.231465
-6.0,-312.0,658.0,12:27:11.241957
61.0,-742.0,1528.0,12:27:11.251360
69.0,-380.0,580.0,12:27:11.261853
-112.0,-515.0,1059.0,12:27:11.271208
-38.0,-782.0,1261.0,12:27:11.280686
-55.0,-552.0,756.0,12:27:11.291101
89.0,-319.0,927.0,12:27:11.300543
24.0,-828.0,1517.0,12:27:11.317836
113.0,-450.0,512.0,12:27:11.321513
118.0,-411.0,479.0,12:27:11.330885
-177.0,-487.0,979.0,12:27:11.340173
54.0,-524.0,1205.0,12:27:11.350744
-77.0,-306.0,730.0,12:27:11.360103
137.0,-646.0,1123.0,12:27:11.369499
-37.0,-415.0,478.0,12:27:11.379966
166.0,-386.0,518.0,12:27:11.389405
-128.0,-446.0,1329.0,12:27:11.399826
74.0,-652.0,1442.0,12:27:11.409371
9.0,-448.0,478.0,12:27:11.419811
-130.0,-499.0,1036.0,12:27:11.429179
-79.0,-539.0,1274.0,12:27:11.438608
-141.0,-144.0,658.0,12:27:11.449098
100.0,-627.0,892.0,12:27:11.458566
17.0,-429.0,334.0,12:27:11.468019
82.0,-537.0,1066.0,12:27:11.478643
-26.0,-604.0,1416.0,12:27:11.487954
51.0,-329.0,689.0,12:27:11.498475
235.0,-770.0,1164.0,12:27:11.507872
29.0,-532.0,521.0,12:27:11.517288
-20.0,-140.0,651.0,12:27:11.527722
7.0,-673.0,1757.0,12:27:11.537162
200.0,-618.0,793.0,12:27:11.547638
164.0,-517.0,679.0,12:27:11.556921
82.0,-506.0,1021.0,12:27:11.567523
-78.0,-593.0,1122.0,12:27:11.576824
221.0,-347.0,785.0,12:27:11.586375
69.0,-695.0,1171.0,12:27:11.596814
213.0,-595.0,560.0,12:27:11.606135
84.0,-534.0,627.0,12:27:11.616652
-27.0,-646.0,967.0,12:27:11.626026
-76.0,-405.0,1026.0,12:27:11.636484
136.0,-466.0,776.0,12:27:11.645813
102.0,-678.0,1027.0,12:27:11.656316
13.0,-284.0,781.0,12:27:11.665671
15.0,-401.0,867.0,12:27:11.674943
-20.0,-554.0,1119.0,12:27:11.685341
142.0,-304.0,918.0,12:27:11.694720
-12.0,-654.0,668.0,12:27:11.705252
43.0,-347.0,537.0,12:27:11.719157
-71.0,-560.0,1622.0,12:27:11.724351
-36.0,-506.0,1247.0,12:27:11.734756
162.0,-603.0,720.0,12:27:11.744133
143.0,-934.0,993.0,12:27:11.754710
-22.0,-459.0,853.0,12:27:11.764031
-91.0,-497.0,926.0,12:27:11.774572
217.0,-547.0,541.0,12:27:11.784010
91.0,-375.0,345.0,12:27:11.793342
-34.0,-545.0,1194.0,12:27:11.803786
145.0,-383.0,842.0,12:27:11.813064
-32.0,-608.0,1342.0,12:27:11.823580
105.0,-743.0,1125.0,12:27:11.833012
106.0,-616.0,763.0,12:27:11.843486
85.0,-770.0,887.0,12:27:11.852900
223.0,-445.0,537.0,12:27:11.862300
-45.0,-233.0,568.0,12:27:11.872872
12.0,-444.0,1139.0,12:27:11.882153
42.0,-659.0,1174.0,12:27:11.892640
6.0,-340.0,310.0,12:27:11.902070
-65.0,-569.0,1054.0,12:27:11.912563
-84.0,-513.0,1531.0,12:27:11.921872
107.0,-559.0,972.0,12:27:11.931243
-57.0,-390.0,616.0,12:27:11.941831
15.0,-435.0,963.0,12:27:11.951077
61.0,-576.0,1240.0,12:27:11.961554
53.0,-100.0,336.0,12:27:11.970854
-4.0,-439.0,1228.0,12:27:11.981401
130.0,-737.0,1263.0,12:27:11.990821
92.0,-370.0,509.0,12:27:12.000234
151.0,-482.0,1171.0,12:27:12.010698
91.0,-388.0,889.0,12:27:12.020123
18.0,-545.0,1271.0,12:27:12.030596
208.0,-362.0,641.0,12:27:12.039952
170.0,-571.0,751.0,12:27:12.050391
95.0,-302.0,684.0,12:27:12.059778
-121.0,-185.0,799.0,12:27:12.070286
102.0,-494.0,1146.0,12:27:12.079683
47.0,-690.0,968.0,12:27:12.088976
113.0,-395.0,361.0,12:27:12.099570
-38.0,-436.0,985.0,12:27:12.108807
7.0,-747.0,1850.0,12:27:12.119351
131.0,-429.0,610.0,12:27:12.128660
-2.0,-566.0,802.0,12:27:12.139103
281.0,-559.0,857.0,12:27:12.148532
-14.0,-538.0,1029.0,12:27:12.158900
99.0,-526.0,794.0,12:27:12.168213
6.0,-651.0,918.0,12:27:12.178674
40.0,-587.0,1238.0,12:27:12.187984
25.0,-768.0,897.0,12:27:12.197345
105.0,-262.0,707.0,12:27:12.207805
-137.0,-445.0,1371.0,12:27:12.217125
-56.0,-392.0,480.0,12:27:12.227556
-1.0,-421.0,743.0,12:27:12.236848
17.0,-388.0,994.0,12:27:12.247458
28.0,-493.0,958.0,12:27:12.256712
40.0,-666.0,1073.0,12:27:12.267197
-20.0,-815.0,1315.0,12:27:12.276454
180.0,-753.0,614.0,12:27:12.286948
67.0,-384.0,470.0,12:27:12.296299
-78.0,-566.0,1087.0,12:27:12.306742
-29.0,-338.0,797.0,12:27:12.316025
177.0,-651.0,918.0,12:27:12.326544
65.0,-574.0,743.0,12:27:12.335812
62.0,-665.0,1017.0,12:27:12.345241
39.0,-531.0,890.0,12:27:12.355627
-5.0,-642.0,1044.0,12:27:12.365167
128.0,-601.0,982.0,12:27:12.375594
17.0,-505.0,857.0,12:27:12.384931
-58.0,-668.0,975.0,12:27:12.395300
17.0,-373.0,496.0,12:27:12.404754
58.0,-425.0,1003.0,12:27:12.415189
54.0,-303.0,904.0,12:27:12.424507
37.0,-299.0,523.0,12:27:12.434975
46.0,-510.0,985.0,12:27:12.444361
-84.0,-327.0,923.0,12:27:12.453601
59.0,-542.0,1222.0,12:27:12.464094
50.0,-533.0,1064.0,12:27:12.473402
85.0,-560.0,989.0,12:27:12.483954
38.0,-584.0,750.0,12:27:12.493259
193.0,-570.0,889.0,12:27:12.503920
-8.0,-497.0,936.0,12:27:12.521386
24.0,-428.0,840.0,12:27:12.524058
-57.0,-707.0,932.0,12:27:12.533430
162.0,-501.0,457.0,12:27:12.542935
-63.0,-667.0,1541.0,12:27:12.552281
-57.0,-461.0,1253.0,12:27:12.562834
69.0,-559.0,940.0,12:27:12.572249
106.0,-735.0,1225.0,12:27:12.582666
135.0,-633.0,688.0,12:27:12.591933
64.0,-375.0,381.0,12:27:12.602470
-137.0,-325.0,823.0,12:27:12.611805
14.0,-463.0,971.0,12:27:12.622250
9.0,-400.0,840.0,12:27:12.631619
-57.0,-414.0,883.0,12:27:12.640954
-15.0,-425.0,933.0,12:27:12.651410
49.0,-381.0,998.0,12:27:12.660737
-6.0,-478.0,1103.0,12:27:12.671198
22.0,-665.0,1180.0,12:27:12.680624
255.0,-624.0,757.0,12:27:12.691049
73.0,-365.0,612.0,12:27:12.700338
-26.0,-453.0,1050.0,12:27:12.710785
-1.0,-636.0,969.0,12:27:12.720126
124.0,-689.0,936.0,12:27:12.730689
-83.0,-421.0,604.0,12:27:12.740157
32.0,-678.0,946.0,12:27:12.749553
-3.0,-619.0,1208.0,12:27:12.760085
-67.0,-388.0,790.0,12:27:12.769527
-12.0,-622.0,1058.0,12:27:12.778870
103.0,-707.0,824.0,12:27:12.789468
126.0,-641.0,983.0,12:27:12.798923
-10.0,-364.0,579.0,12:27:12.809503
14.0,-444.0,691.0,12:27:12.818852
-77.0,-546.0,974.0,12:27:12.828200
55.0,-281.0,646.0,12:27:12.838686
-152.0,-577.0,1327.0,12:27:12.847944
27.0,-415.0,777.0,12:27:12.858449
-29.0,-628.0,1020.0,12:27:12.867808
-32.0,-593.0,1346.0,12:27:12.878346
6.0,-381.0,505.0,12:27:12.887707
118.0,-626.0,773.0,12:27:12.898167
-67.0,-389.0,944.0,12:27:12.907608
-145.0,-516.0,1393.0,12:27:12.924163
27.0,-344.0,709.0,12:27:12.927360
-69.0,-710.0,1324.0,12:27:12.936721
-152.0,-557.0,730.0,12:27:12.947126
29.0,-293.0,720.0,12:27:12.956546
-84.0,-574.0,1728.0,12:27:12.966937
26.0,-404.0,789.0,12:27:12.976363
193.0,-651.0,577.0,12:27:12.986754
-35.0,-543.0,1026.0,12:27:12.996262
247.0,-654.0,1062.0,12:27:13.005650
-70.0,-328.0,689.0,12:27:13.016159
53.0,-566.0,962.0,12:27:13.025500
-250.0,-456.0,513.0,12:27:13.036074
-69.0,-268.0,442.0,12:27:13.045305
69.0,-411.0,1113.0,12:27:13.055838
91.0,-392.0,1074.0,12:27:13.065136
295.0,-636.0,873.0,12:27:13.075646
50.0,-438.0,779.0,12:27:13.084941
188.0,-863.0,1473.0,12:27:13.094289
116.0,-305.0,324.0,12:27:13.104721
-108.0,-497.0,1347.0,12:27:13.114125
-28.0,-710.0,1179.0,12:27:13.124545
257.0,-660.0,276.0,12:27:13.133901
139.0,-397.0,750.0,12:27:13.144317
183.0,-342.0,1007.0,12:27:13.153794
-34.0,-372.0,1041.0,12:27:13.164276
50.0,-472.0,681.0,12:27:13.174233
85.0,-689.0,1238.0,12:27:13.184131
158.0,-269.0,778.0,12:27:13.193505
162.0,-796.0,1442.0,12:27:13.202912
-35.0,-926.0,1525.0,12:27:13.213455
66.0,-472.0,474.0,12:27:13.222942
245.0,-662.0,690.0,12:27:13.232314
100.0,-500.0,809.0,12:27:13.242812
151.0,-274.0,659.0,12:27:13.252222
-36.0,-657.0,983.0,12:27:13.262802
68.0,-579.0,876.0,12:27:13.272172
50.0,-613.0,953.0,12:27:13.282602
-22.0,-730.0,1202.0,12:27:13.291887
62.0,-500.0,711.0,12:27:13.302348
316.0,-672.0,988.0,12:27:13.311822
20.0,-566.0,862.0,12:27:13.321098
59.0,-393.0,383.0,12:27:13.331549
171.0,-613.0,1091.0,12:27:13.340866
-52.0,-396.0,898.0,12:27:13.351299
-32.0,-474.0,864.0,12:27:13.360749
-156.0,-577.0,738.0,12:27:13.371240
-43.0,-476.0,971.0,12:27:13.380683
145.0,-688.0,1716.0,12:27:13.390058
103.0,-525.0,955.0,12:27:13.400606
63.0,-526.0,515.0,12:27:13.409896
-31.0,-756.0,1154.0,12:27:13.420387
97.0,-133.0,376.0,12:27:13.429630
-271.0,-489.0,988.0,12:27:13.440108
-209.0,-492.0,1177.0,12:27:13.449510
96.0,-675.0,1265.0,12:27:13.459996
-71.0,-252.0,340.0,12:27:13.469355
-50.0,-828.0,1226.0,12:27:13.478755
104.0,-424.0,1164.0,12:27:13.489161
109.0,-394.0,811.0,12:27:13.498696
125.0,-380.0,663.0,12:27:13.509129
18.0,-436.0,890.0,12:27:13.518534
44.0,-250.0,690.0,12:27:13.529029
12.0,-438.0,999.0,12:27:13.538371
168.0,-584.0,1251.0,12:27:13.548742
134.0,-493.0,826.0,12:27:13.558078
217.0,-621.0,581.0,12:27:13.567452
86.0,-230.0,1089.0,12:27:13.577950
17.0,-251.0,1028.0,12:27:13.587429
80.0,-457.0,889.0,12:27:13.597799
145.0,-634.0,1097.0,12:27:13.607216
99.0,-540.0,708.0,12:27:13.617677
91.0,-605.0,860.0,12:27:13.627041
-17.0,-456.0,1128.0,12:27:13.636411
-26.0,-724.0,1388.0,12:27:13.646953
35.0,-637.0,706.0,12:27:13.656493
22.0,-581.0,915.0,12:27:13.667039
-161.0,-342.0,963.0,12:27:13.676308
-28.0,-484.0,947.0,12:27:13.685778
32.0,-456.0,1103.0,12:27:13.696524
-26.0,-411.0,590.0,12:27:13.706138
147.0,-367.0,653.0,12:27:13.715614
119.0,-639.0,1033.0,12:27:13.725168
154.0,-646.0,1168.0,12:27:13.735003
128.0,-543.0,849.0,12:27:13.745754
0.0,-404.0,559.0,12:27:13.755384
196.0,-442.0,934.0,12:27:13.764852
-12.0,-424.0,1165.0,12:27:13.774446
56.0,-429.0,871.0,12:27:13.785251
-49.0,-516.0,458.0,12:27:13.794852
131.0,-417.0,766.0,12:27:13.804384
173.0,-435.0,1242.0,12:27:13.813922
104.0,-524.0,1139.0,12:27:13.824624
130.0,-637.0,1041.0,12:27:13.834281
151.0,-774.0,871.0,12:27:13.843845
279.0,-589.0,753.0,12:27:13.853322
116.0,-492.0,1196.0,12:27:13.864130
86.0,-407.0,805.0,12:27:13.873621
44.0,-540.0,798.0,12:27:13.883139
68.0,-366.0,554.0,12:27:13.893771
130.0,-632.0,980.0,12:27:13.903288
72.0,-371.0,877.0,12:27:13.912645
-58.0,-580.0,1184.0,12:27:13.923037
156.0,-451.0,779.0,12:27:13.932310
149.0,-680.0,1048.0,12:27:13.942696
182.0,-624.0,949.0,12:27:13.951964
57.0,-566.0,940.0,12:27:13.962470
80.0,-457.0,849.0,12:27:13.971849
120.0,-614.0,1041.0,12:27:13.982277
151.0,-570.0,586.0,12:27:13.991590
69.0,-515.0,781.0,12:27:14.002017
58.0,-633.0,915.0,12:27:14.011259
117.0,-465.0,795.0,12:27:14.021892
126.0,-490.0,949.0,12:27:14.031129
-102.0,-538.0,1171.0,12:27:14.041526
28.0,-535.0,1150.0,12:27:14.050917
147.0,-438.0,411.0,12:27:14.061362
-13.0,-727.0,1307.0,12:27:14.070691
54.0,-575.0,976.0,12:27:14.080093
-44.0,-388.0,647.0,12:27:14.090656
-63.0,-512.0,963.0,12:27:14.100070
-3.0,-324.0,640.0,12:27:14.110608
83.0,-568.0,1117.0,12:27:14.121914
-113.0,-378.0,1002.0,12:27:14.129448
110.0,-355.0,721.0,12:27:14.139179
38.0,-588.0,1218.0,12:27:14.149667
172.0,-411.0,781.0,12:27:14.158939
123.0,-352.0,776.0,12:27:14.169445
-1.0,-874.0,1498.0,12:27:14.178726
82.0,-644.0,749.0,12:27:14.189215
71.0,-530.0,689.0,12:27:14.198588
5.0,-529.0,780.0,12:27:14.208953
-26.0,-460.0,968.0,12:27:14.218241
-42.0,-409.0,937.0,12:27:14.228687
93.0,-488.0,740.0,12:27:14.238086
-27.0,-540.0,848.0,12:27:14.247504
97.0,-544.0,1225.0,12:27:14.257909
-26.0,-517.0,1025.0,12:27:14.267201
-14.0,-663.0,862.0,12:27:14.277668
70.0,-630.0,886.0,12:27:14.287015
77.0,-384.0,701.0,12:27:14.297459
-24.0,-462.0,1007.0,12:27:14.306761
-74.0,-315.0,705.0,12:27:14.317191
5.0,-581.0,1056.0,12:27:14.326551
48.0,-379.0,769.0,12:27:14.337010
-20.0,-603.0,1394.0,12:27:14.346414
-9.0,-551.0,946.0,12:27:14.356839
25.0,-498.0,743.0,12:27:14.366206
50.0,-494.0,884.0,12:27:14.376623
-95.0,-327.0,632.0,12:27:14.385969
-104.0,-449.0,689.0,12:27:14.396394
-130.0,-414.0,1020.0,12:27:14.405823
-33.0,-524.0,965.0,12:27:14.415176
3.0,-492.0,745.0,12:27:14.425572
-105.0,-672.0,1427.0,12:27:14.434853
-33.0,-649.0,1279.0,12:27:14.445312
130.0,-567.0,788.0,12:27:14.454584
74.0,-617.0,1009.0,12:27:14.465065
130.0,-539.0,874.0,12:27:14.474405
137.0,-596.0,846.0,12:27:14.484823
164.0,-498.0,444.0,12:27:14.494062
-84.0,-120.0,186.0,12:27:14.504627
-118.0,-519.0,1487.0,12:27:14.513979
34.0,-796.0,1861.0,12:27:14.524399
79.0,-873.0,657.0,12:27:14.533725
261.0,-347.0,-325.0,12:27:14.544194
-48.0,-414.0,1459.0,12:27:14.553477
-119.0,-304.0,1180.0,12:27:14.562922
204.0,-352.0,159.0,12:27:14.573380
166.0,-414.0,511.0,12:27:14.582777
-65.0,-655.0,1507.0,12:27:14.593203
-76.0,-368.0,962.0,12:27:14.602520
42.0,-608.0,1116.0,12:27:14.612944
55.0,-775.0,1381.0,12:27:14.622290
28.0,-1065.0,1557.0,12:27:14.632875
242.0,-589.0,404.0,12:27:14.642164
128.0,-516.0,248.0,12:27:14.652565
-114.0,-804.0,1519.0,12:27:14.661877
67.0,-651.0,894.0,12:27:14.672315
78.0,-518.0,522.0,12:27:14.681767
28.0,-628.0,654.0,12:27:14.691038
-121.0,-305.0,613.0,12:27:14.701469
24.0,-355.0,1130.0,12:27:14.710821
71.0,-643.0,1350.0,12:27:14.721245
176.0,-512.0,814.0,12:27:14.730678
45.0,-218.0,540.0,12:27:14.741075
-20.0,-352.0,1080.0,12:27:14.750372
-15.0,-527.0,1433.0,12:27:14.760816
112.0,-436.0,354.0,12:27:14.770183
243.0,-380.0,296.0,12:27:14.780688
-77.0,-567.0,1454.0,12:27:14.789994
-52.0,-679.0,1115.0,12:27:14.800544
21.0,-423.0,616.0,12:27:14.809842
71.0,-537.0,819.0,12:27:14.820254
-8.0,-819.0,1328.0,12:27:14.829558
49.0,-629.0,1088.0,12:27:14.839990
-22.0,-465.0,806.0,12:27:14.849413
21.0,-722.0,864.0,12:27:14.858723
233.0,-541.0,545.0,12:27:14.869078
-128.0,-350.0,843.0,12:27:14.879557
48.0,-309.0,1165.0,12:27:14.888933
-9.0,-354.0,902.0,12:27:14.898187
23.0,-635.0,1117.0,12:27:14.910817
2.0,-562.0,1043.0,12:27:14.918059
98.0,-434.0,1212.0,12:27:14.928078
96.0,-621.0,791.0,12:27:14.937758
138.0,-435.0,323.0,12:27:14.948510
-31.0,-397.0,1219.0,12:27:14.957992
11.0,-346.0,709.0,12:27:14.967561
6.0,-658.0,1023.0,12:27:14.977973
-28.0,-629.0,926.0,12:27:14.987414
7.0,-266.0,448.0,12:27:14.996826
-57.0,-555.0,1163.0,12:27:15.007442
-24.0,-276.0,880.0,12:27:15.016782
115.0,-731.0,1334.0,12:27:15.026194
26.0,-388.0,868.0,12:27:15.036751
92.0,-571.0,1084.0,12:27:15.046161
-30.0,-617.0,1096.0,12:27:15.056625
51.0,-700.0,1147.0,12:27:15.065940
81.0,-404.0,692.0,12:27:15.076456
152.0,-471.0,778.0,12:27:15.085829
67.0,-427.0,867.0,12:27:15.095198
14.0,-354.0,672.0,12:27:15.105619
-21.0,-481.0,1199.0,12:27:15.115000
6.0,-417.0,860.0,12:27:15.125449
58.0,-542.0,928.0,12:27:15.134805
90.0,-581.0,1025.0,12:27:15.145284
18.0,-561.0,803.0,12:27:15.154716
24.0,-402.0,703.0,12:27:15.165196
9.0,-342.0,743.0,12:27:15.174633
75.0,-318.0,781.0,12:27:15.183983
9.0,-622.0,1087.0,12:27:15.194471
-19.0,-460.0,804.0,12:27:15.203683
37.0,-531.0,914.0,12:27:15.214193
154.0,-601.0,962.0,12:27:15.223461
5.0,-517.0,973.0,12:27:15.234064
118.0,-617.0,742.0,12:27:15.243356
91.0,-571.0,801.0,12:27:15.253728
114.0,-629.0,1217.0,12:27:15.263060
108.0,-636.0,1168.0,12:27:15.273583
91.0,-750.0,956.0,12:27:15.282870
39.0,-514.0,878.0,12:27:15.293292
102.0,-619.0,990.0,12:27:15.302619
28.0,-460.0,822.0,12:27:15.313150
98.0,-441.0,714.0,12:27:15.329673
-101.0,-455.0,1187.0,12:27:15.332746
71.0,-511.0,788.0,12:27:15.342029
8.0,-497.0,791.0,12:27:15.352629
34.0,-402.0,1068.0,12:27:15.361930
20.0,-567.0,1056.0,12:27:15.371223
62.0,-533.0,666.0,12:27:15.381747
139.0,-545.0,838.0,12:27:15.391089
53.0,-551.0,894.0,12:27:15.401507
71.0,-441.0,642.0,12:27:15.410882
-116.0,-455.0,1078.0,12:27:15.421364
69.0,-310.0,932.0,12:27:15.430838
101.0,-621.0,908.0,12:27:15.441359
67.0,-661.0,1044.0,12:27:15.450702
102.0,-475.0,787.0,12:27:15.459951
154.0,-737.0,1068.0,12:27:15.470688
157.0,-536.0,805.0,12:27:15.479963
75.0,-381.0,746.0,12:27:15.490618
112.0,-496.0,853.0,12:27:15.499887
19.0,-464.0,885.0,12:27:15.509384
-3.0,-403.0,841.0,12:27:15.519799
32.0,-637.0,1094.0,12:27:15.529162
110.0,-601.0,1112.0,12:27:15.539785
-31.0,-514.0,862.0,12:27:15.559449
167.0,-603.0,836.0,12:27:15.568864
173.0,-437.0,887.0,12:27:15.578172
9.0,-481.0,929.0,12:27:15.588740
85.0,-637.0,975.0,12:27:15.598090
-92.0,-584.0,982.0,12:27:15.608592
149.0,-686.0,931.0,12:27:15.617893
101.0,-417.0,658.0,12:27:15.628395
-70.0,-419.0,976.0,12:27:15.637631
34.0,-369.0,860.0,12:27:15.648036
12.0,-323.0,736.0,12:27:15.657456
-129.0,-369.0,1145.0,12:27:15.667903
-84.0,-602.0,1371.0,12:27:15.677197
31.0,-546.0,948.0,12:27:15.687613
61.0,-338.0,787.0,12:27:15.697005
-42.0,-566.0,1194.0,12:27:15.706356
136.0,-579.0,886.0,12:27:15.716783
98.0,-504.0,693.0,12:27:15.726078
61.0,-503.0,904.0,12:27:15.736541
64.0,-527.0,875.0,12:27:15.745870
-51.0,-408.0,587.0,12:27:15.756417
1.0,-597.0,1129.0,12:27:15.765705
26.0,-584.0,932.0,12:27:15.776231
-12.0,-578.0,889.0,12:27:15.785520
29.0,-547.0,903.0,12:27:15.795992
110.0,-608.0,1017.0,12:27:15.805230
98.0,-388.0,856.0,12:27:15.815737
125.0,-477.0,741.0,12:27:15.825126
42.0,-459.0,948.0,12:27:15.834525
-42.0,-527.0,1030.0,12:27:15.844978
-101.0,-416.0,835.0,12:27:15.854496
99.0,-386.0,566.0,12:27:15.865047
-115.0,-526.0,1082.0,12:27:15.874466
1.0,-502.0,1049.0,12:27:15.883755
115.0,-506.0,799.0,12:27:15.894258
-17.0,-526.0,1255.0,12:27:15.903552
80.0,-497.0,1023.0,12:27:15.914110
33.0,-573.0,930.0,12:27:15.923377
50.0,-601.0,984.0,12:27:15.934030
-172.0,-489.0,827.0,12:27:15.943318
72.0,-511.0,811.0,12:27:15.953803
-24.0,-597.0,846.0,12:27:15.963172
4.0,-529.0,824.0,12:27:15.972624
65.0,-337.0,697.0,12:27:15.983067
23.0,-438.0,991.0,12:27:15.992399
-22.0,-608.0,1185.0,12:27:16.002897
7.0,-548.0,787.0,12:27:16.012302
133.0,-556.0,717.0,12:27:16.022673
49.0,-497.0,923.0,12:27:16.031968
72.0,-541.0,1180.0,12:27:16.042417
52.0,-642.0,935.0,12:27:16.051844
99.0,-470.0,610.0,12:27:16.062216
-6.0,-562.0,1060.0,12:27:16.071490
-21.0,-536.0,1009.0,12:27:16.080895
24.0,-576.0,807.0,12:27:16.091387
143.0,-628.0,788.0,12:27:16.100695
36.0,-496.0,855.0,12:27:16.111135
-31.0,-419.0,841.0,12:27:16.120428
127.0,-606.0,961.0,12:27:16.132106
-107.0,-638.0,1008.0,12:27:16.140569
-42.0,-513.0,977.0,12:27:16.151022
-9.0,-527.0,906.0,12:27:16.160328
43.0,-526.0,958.0,12:27:16.180001
106.0,-477.0,664.0,12:27:16.189501
42.0,-644.0,1060.0,12:27:16.199856
36.0,-444.0,910.0,12:27:16.209216
137.0,-544.0,991.0,12:27:16.219720
-150.0,-583.0,964.0,12:27:16.229055
20.0,-792.0,937.0,12:27:16.239572
214.0,-707.0,758.0,12:27:16.248912
-57.0,-522.0,674.0,12:27:16.259391
-19.0,-579.0,814.0,12:27:16.268706
72.0,-580.0,818.0,12:27:16.279120
-50.0,-346.0,744.0,12:27:16.288653
-96.0,-504.0,1018.0,12:27:16.298025
-38.0,-513.0,910.0,12:27:16.308608
-23.0,-467.0,753.0,12:27:16.317895
-20.0,-511.0,1192.0,12:27:16.327496
127.0,-458.0,1021.0,12:27:16.337956
-11.0,-604.0,931.0,12:27:16.347457
27.0,-520.0,874.0,12:27:16.357934
-40.0,-474.0,803.0,12:27:16.367404
12.0,-448.0,874.0,12:27:16.376676
40.0,-451.0,976.0,12:27:16.387095
-97.0,-568.0,882.0,12:27:16.396410
-83.0,-497.0,814.0,12:27:16.406993
69.0,-452.0,809.0,12:27:16.416354
-2.0,-497.0,1179.0,12:27:16.426817
36.0,-420.0,945.0,12:27:16.436266
83.0,-462.0,818.0,12:27:16.445613
27.0,-350.0,732.0,12:27:16.456065
37.0,-593.0,1089.0,12:27:16.465352
0.0,-303.0,729.0,12:27:16.475845
-13.0,-251.0,625.0,12:27:16.485296
11.0,-650.0,1353.0,12:27:16.495794
-12.0,-506.0,1009.0,12:27:16.505159
103.0,-557.0,1015.0,12:27:16.515676
-104.0,-655.0,1241.0,12:27:16.532919
215.0,-521.0,627.0,12:27:16.534322
91.0,-274.0,352.0,12:27:16.545004
-42.0,-533.0,1375.0,12:27:16.554265
109.0,-368.0,879.0,12:27:16.564887
153.0,-700.0,1203.0,12:27:16.574085
39.0,-473.0,499.0,12:27:16.584586
242.0,-538.0,1043.0,12:27:16.593893
113.0,-417.0,1273.0,12:27:16.604348
33.0,-413.0,743.0,12:27:16.613597
29.0,-482.0,777.0,12:27:16.624153
34.0,-627.0,1086.0,12:27:16.633434
-48.0,-419.0,999.0,12:27:16.642965
-31.0,-464.0,852.0,12:27:16.653369
45.0,-564.0,866.0,12:27:16.662788
80.0,-428.0,808.0,12:27:16.673221
-34.0,-480.0,1068.0,12:27:16.682645
88.0,-567.0,925.0,12:27:16.693051
141.0,-491.0,805.0,12:27:16.702473
135.0,-554.0,985.0,12:27:16.711804
121.0,-524.0,968.0,12:27:16.722323
24.0,-611.0,1066.0,12:27:16.731809
219.0,-473.0,624.0,12:27:16.742228
186.0,-631.0,952.0,12:27:16.751641
54.0,-405.0,815.0,12:27:16.761013
145.0,-558.0,802.0,12:27:16.771395
53.0,-765.0,1241.0,12:27:16.781894
28.0,-540.0,597.0,12:27:16.791292
77.0,-465.0,684.0,12:27:16.800659
-68.0,-656.0,1346.0,12:27:16.811166
-66.0,-407.0,724.0,12:27:16.820684
87.0,-521.0,803.0,12:27:16.830064
28.0,-811.0,1470.0,12:27:16.840642
98.0,-629.0,692.0,12:27:16.849952
27.0,-374.0,329.0,12:27:16.860408
100.0,-530.0,869.0,12:27:16.869843
-119.0,-382.0,1117.0,12:27:16.880238
50.0,-440.0,857.0,12:27:16.889684
-62.0,-391.0,805.0,12:27:16.900108
6.0,-556.0,934.0,12:27:16.909565
170.0,-576.0,948.0,12:27:16.918791
116.0,-529.0,798.0,12:27:16.929405
-24.0,-599.0,1117.0,12:27:16.938770
43.0,-488.0,881.0,12:27:16.949496
-3.0,-389.0,814.0,12:27:16.958733
-19.0,-556.0,951.0,12:27:16.968070
61.0,-507.0,823.0,12:27:16.978550
47.0,-493.0,889.0,12:27:16.987911
-32.0,-641.0,1193.0,12:27:16.998399
145.0,-646.0,1086.0,12:27:17.007711
130.0,-475.0,601.0,12:27:17.018051
-74.0,-633.0,1118.0,12:27:17.027493
48.0,-586.0,1090.0,12:27:17.037912
53.0,-427.0,545.0,12:27:17.047232
-70.0,-498.0,827.0,12:27:17.057682
-74.0,-283.0,694.0,12:27:17.067048
-127.0,-581.0,1367.0,12:27:17.077468
45.0,-464.0,765.0,12:27:17.086791
18.0,-574.0,950.0,12:27:17.097221
79.0,-659.0,1269.0,12:27:17.106617
-75.0,-520.0,830.0,12:27:17.115916
158.0,-511.0,738.0,12:27:17.126306
-159.0,-618.0,1135.0,12:27:17.135597
131.0,-536.0,787.0,12:27:17.146169
-19.0,-401.0,984.0,12:27:17.155464
26.0,-403.0,834.0,12:27:17.165936
-70.0,-463.0,954.0,12:27:17.175304
167.0,-537.0,716.0,12:27:17.185856
21.0,-485.0,1043.0,12:27:17.195285
-14.0,-464.0,1113.0,12:27:17.204686
90.0,-394.0,931.0,12:27:17.215330
157.0,-509.0,788.0,12:27:17.224660
82.0,-609.0,1052.0,12:27:17.235153
171.0,-384.0,694.0,12:27:17.244472
43.0,-360.0,1002.0,12:27:17.254921
5.0,-486.0,1161.0,12:27:17.264234
74.0,-490.0,710.0,12:27:17.273576
-28.0,-440.0,789.0,12:27:17.284012
146.0,-511.0,918.0,12:27:17.293404
121.0,-417.0,934.0,12:27:17.303926
77.0,-492.0,976.0,12:27:17.313222
126.0,-450.0,888.0,12:27:17.323580
53.0,-466.0,783.0,12:27:17.339318
113.0,-403.0,815.0,12:27:17.342976
-78.0,-500.0,1129.0,12:27:17.353398
194.0,-532.0,931.0,12:27:17.362828
-27.0,-485.0,903.0,12:27:17.372175
91.0,-588.0,1121.0,12:27:17.382664
67.0,-439.0,611.0,12:27:17.391940
65.0,-347.0,1018.0,12:27:17.402368
-28.0,-674.0,1223.0,12:27:17.411800
119.0,-453.0,641.0,12:27:17.422349
123.0,-767.0,1166.0,12:27:17.431759
121.0,-569.0,826.0,12:27:17.442257
72.0,-434.0,521.0,12:27:17.451512
47.0,-318.0,949.0,12:27:17.460940
26.0,-538.0,1168.0,12:27:17.471409
69.0,-618.0,1163.0,12:27:17.480717
93.0,-373.0,562.0,12:27:17.491179
102.0,-551.0,990.0,12:27:17.500617
57.0,-552.0,1166.0,12:27:17.511020
35.0,-484.0,900.0,12:27:17.520347
103.0,-578.0,804.0,12:27:17.530824
80.0,-460.0,799.0,12:27:17.540220
-40.0,-597.0,1051.0,12:27:17.550681
25.0,-406.0,674.0,12:27:17.560007
0.0,-572.0,899.0,12:27:17.570385
-2.0,-526.0,1068.0,12:27:17.579759
-8.0,-506.0,789.0,12:27:17.589044
95.0,-601.0,1015.0,12:27:17.599589
34.0,-541.0,866.0,12:27:17.608916
113.0,-514.0,775.0,12:27:17.619477
73.0,-649.0,1120.0,12:27:17.628883
83.0,-560.0,735.0,12:27:17.638255
61.0,-489.0,845.0,12:27:17.648633
-63.0,-665.0,1200.0,12:27:17.658154
-14.0,-563.0,665.0,12:27:17.668613
-15.0,-599.0,886.0,12:27:17.677955
-45.0,-513.0,754.0,12:27:17.688480
-180.0,-463.0,822.0,12:27:17.697894
-18.0,-585.0,1061.0,12:27:17.707353
21.0,-564.0,931.0,12:27:17.717859
111.0,-569.0,624.0,12:27:17.727143
-160.0,-301.0,803.0,12:27:17.737078
115.0,-588.0,1198.0,12:27:17.746819
-167.0,-512.0,893.0,12:27:17.757386
158.0,-452.0,623.0,12:27:17.766793
86.0,-397.0,833.0,12:27:17.777250
-164.0,-677.0,1324.0,12:27:17.786618
74.0,-466.0,730.0,12:27:17.797056
-7.0,-512.0,724.0,12:27:17.806349
18.0,-476.0,1022.0,12:27:17.815667
-87.0,-410.0,899.0,12:27:17.826242
-13.0,-496.0,1007.0,12:27:17.835574
102.0,-259.0,875.0,12:27:17.846000
96.0,-515.0,987.0,12:27:17.855300
10.0,-377.0,1052.0,12:27:17.865711
156.0,-490.0,1050.0,12:27:17.875081
164.0,-480.0,909.0,12:27:17.885503
37.0,-576.0,1013.0,12:27:17.894764
159.0,-529.0,966.0,12:27:17.905262
-17.0,-251.0,526.0,12:27:17.914591
21.0,-448.0,866.0,12:27:17.925163
-83.0,-420.0,1189.0,12:27:17.934444
31.0,-434.0,751.0,12:27:17.944921
114.0,-566.0,969.0,12:27:17.954182
158.0,-667.0,1171.0,12:27:17.964639
141.0,-539.0,1043.0,12:27:17.974015
154.0,-572.0,991.0,12:27:17.983334
101.0,-500.0,534.0,12:27:18.002981
99.0,-412.0,615.0,12:27:18.013464
-37.0,-463.0,1074.0,12:27:18.022941
0.0,-421.0,943.0,12:27:18.033421
102.0,-786.0,938.0,12:27:18.042674
-15.0,-661.0,978.0,12:27:18.053076
-47.0,-675.0,1117.0,12:27:18.062444
53.0,-704.0,855.0,12:27:18.073032
109.0,-596.0,849.0,12:27:18.082435
-34.0,-570.0,1059.0,12:27:18.091772
-31.0,-406.0,453.0,12:27:18.102251
-194.0,-282.0,641.0,12:27:18.111652
-50.0,-454.0,1138.0,12:27:18.122154
-31.0,-300.0,935.0,12:27:18.131467
75.0,-558.0,994.0,12:27:18.140985
-119.0,-421.0,873.0,12:27:18.151362
104.0,-525.0,839.0,12:27:18.160744
21.0,-635.0,1273.0,12:27:18.171153
45.0,-537.0,824.0,12:27:18.180627
43.0,-716.0,1060.0,12:27:18.191009
35.0,-546.0,676.0,12:27:18.200333
87.0,-474.0,748.0,12:27:18.211268
-2.0,-374.0,932.0,12:27:18.219995
1.0,-407.0,661.0,12:27:18.230648
127.0,-387.0,555.0,12:27:18.239925
56.0,-344.0,976.0,12:27:18.250359
15.0,-624.0,1413.0,12:27:18.259688
120.0,-561.0,1069.0,12:27:18.270103
225.0,-689.0,882.0,12:27:18.279479
91.0,-530.0,888.0,12:27:18.289903
18.0,-635.0,934.0,12:27:18.299465
91.0,-426.0,732.0,12:27:18.308871
-62.0,-507.0,900.0,12:27:18.319402
34.0,-687.0,1061.0,12:27:18.328680
211.0,-558.0,673.0,12:27:18.339210
-44.0,-643.0,1082.0,12:27:18.348565
56.0,-518.0,1154.0,12:27:18.357938
0.0,-684.0,960.0,12:27:18.368324
-69.0,-580.0,987.0,12:27:18.377702
41.0,-708.0,1031.0,12:27:18.388149
43.0,-458.0,399.0,12:27:18.397513
-26.0,-261.0,762.0,12:27:18.407863
5.0,-587.0,1579.0,12:27:18.417274
80.0,-77.0,115.0,12:27:18.427675
-137.0,-535.0,1224.0,12:27:18.436978
74.0,-412.0,1226.0,12:27:18.447468
-72.0,-231.0,545.0,12:27:18.456936
-36.0,-433.0,1188.0,12:27:18.466298
174.0,-502.0,1160.0,12:27:18.476888
110.0,-510.0,830.0,12:27:18.486190
156.0,-524.0,682.0,12:27:18.496711
131.0,-569.0,958.0,12:27:18.506000
4.0,-517.0,899.0,12:27:18.516605
55.0,-434.0,655.0,12:27:18.525845
48.0,-728.0,1154.0,12:27:18.537436
104.0,-552.0,841.0,12:27:18.546005
-51.0,-611.0,968.0,12:27:18.555401
37.0,-595.0,872.0,12:27:18.565883
-36.0,-462.0,629.0,12:27:18.575148
129.0,-463.0,720.0,12:27:18.584623
-33.0,-409.0,848.0,12:27:18.595104
-92.0,-489.0,1018.0,12:27:18.604487
72.0,-657.0,1099.0,12:27:18.614955
80.0,-608.0,1011.0,12:27:18.624308
25.0,-502.0,943.0,12:27:18.634805
13.0,-484.0,1154.0,12:27:18.644185
143.0,-641.0,949.0,12:27:18.654613
129.0,-283.0,373.0,12:27:18.664136
39.0,-467.0,1075.0,12:27:18.673371
18.0,-650.0,1311.0,12:27:18.683846
-48.0,-445.0,702.0,12:27:18.693152
-27.0,-486.0,1032.0,12:27:18.703655
-148.0,-421.0,1050.0,12:27:18.713059
1.0,-342.0,719.0,12:27:18.723457
96.0,-295.0,949.0,12:27:18.732832
85.0,-335.0,960.0,12:27:18.743292
128.0,-437.0,1098.0,12:27:18.752552
-25.0,-497.0,1229.0,12:27:18.762941
-51.0,-562.0,801.0,12:27:18.772258
95.0,-575.0,1034.0,12:27:18.781802
15.0,-401.0,972.0,12:27:18.792170
-21.0,-527.0,610.0,12:27:18.801418
19.0,-431.0,892.0,12:27:18.811899
264.0,-638.0,870.0,12:27:18.821165
94.0,-254.0,549.0,12:27:18.831699
-83.0,-547.0,1214.0,12:27:18.840937
120.0,-339.0,851.0,12:27:18.851472
63.0,-482.0,890.0,12:27:18.861428
133.0,-488.0,887.0,12:27:18.870732
134.0,-511.0,946.0,12:27:18.881219
150.0,-588.0,936.0,12:27:18.890689
221.0,-382.0,526.0,12:27:18.899978
37.0,-499.0,1049.0,12:27:18.910474
30.0,-361.0,665.0,12:27:18.919680
71.0,-548.0,1083.0,12:27:18.937551
82.0,-756.0,1306.0,12:27:18.940994
97.0,-780.0,954.0,12:27:18.950211
94.0,-624.0,632.0,12:27:18.959658
-9.0,-800.0,1346.0,12:27:18.968986
212.0,-890.0,1103.0,12:27:18.979701
28.0,-565.0,544.0,12:27:18.988956
29.0,-549.0,815.0,12:27:18.999541
-175.0,-498.0,995.0,12:27:19.008930
14.0,-495.0,737.0,12:27:19.018388
-72.0,-426.0,724.0,12:27:19.028788
-54.0,-679.0,1390.0,12:27:19.038266
-78.0,-293.0,698.0,12:27:19.048725
144.0,-601.0,799.0,12:27:19.058054
-246.0,-300.0,887.0,12:27:19.068617
-54.0,-652.0,1375.0,12:27:19.077944
-27.0,-544.0,1119.0,12:27:19.087379
-1.0,-742.0,904.0,12:27:19.097849
-17.0,-570.0,807.0,12:27:19.107179
-30.0,-528.0,958.0,12:27:19.117653
10.0,-501.0,968.0,12:27:19.127064
48.0,-595.0,1055.0,12:27:19.137448
-12.0,-418.0,481.0,12:27:19.146814
156.0,-544.0,774.0,12:27:19.157335
-59.0,-461.0,1049.0,12:27:19.166721
-14.0,-303.0,626.0,12:27:19.176003
104.0,-436.0,914.0,12:27:19.186448
60.0,-559.0,1111.0,12:27:19.195715
145.0,-330.0,767.0,12:27:19.206295
66.0,-520.0,1000.0,12:27:19.215528
223.0,-661.0,1156.0,12:27:19.225948
-24.0,-450.0,880.0,12:27:19.235300
130.0,-384.0,716.0,12:27:19.245831
123.0,-593.0,930.0,12:27:19.255179
-37.0,-568.0,967.0,12:27:19.265722
81.0,-353.0,558.0,12:27:19.275147
11.0,-440.0,784.0,12:27:19.284561
248.0,-445.0,1014.0,12:27:19.295021
60.0,-540.0,1332.0,12:27:19.304347
42.0,-447.0,766.0,12:27:19.314820
184.0,-492.0,1393.0,12:27:19.324128
131.0,-413.0,994.0,12:27:19.334592
5.0,-206.0,728.0,12:27:19.343889
210.0,-409.0,961.0,12:27:19.354435
174.0,-386.0,769.0,12:27:19.363713
-39.0,-279.0,976.0,12:27:19.374177
135.0,-608.0,1167.0,12:27:19.383420
66.0,-530.0,797.0,12:27:19.393009
64.0,-564.0,921.0,12:27:19.403572
23.0,-416.0,992.0,12:27:19.413205
-6.0,-603.0,993.0,12:27:19.422535
56.0,-580.0,856.0,12:27:19.433037
15.0,-500.0,809.0,12:27:19.442367
-99.0,-438.0,882.0,12:27:19.453009
88.0,-352.0,853.0,12:27:19.462309
-37.0,-653.0,1223.0,12:27:19.471831
-11.0,-624.0,1096.0,12:27:19.491358
208.0,-629.0,876.0,12:27:19.501899
-18.0,-600.0,757.0,12:27:19.511279
65.0,-478.0,933.0,12:27:19.521836
123.0,-470.0,796.0,12:27:19.531118
-14.0,-495.0,869.0,12:27:19.541567
-17.0,-399.0,895.0,12:27:19.550941
-97.0,-338.0,862.0,12:27:19.561350
-14.0,-349.0,848.0,12:27:19.570663
-72.0,-333.0,939.0,12:27:19.581236
102.0,-429.0,934.0,12:27:19.590637
138.0,-371.0,885.0,12:27:19.599985
111.0,-556.0,1134.0,12:27:19.610682
189.0,-481.0,1026.0,12:27:19.620056
108.0,-539.0,930.0,12:27:19.629504
124.0,-662.0,914.0,12:27:19.640001
144.0,-480.0,792.0,12:27:19.649351
100.0,-570.0,809.0,12:27:19.659883
62.0,-470.0,594.0,12:27:19.669125
163.0,-429.0,757.0,12:27:19.679736
-30.0,-537.0,1041.0,12:27:19.689034
71.0,-512.0,1035.0,12:27:19.699580
101.0,-588.0,871.0,12:27:19.708857
-107.0,-638.0,1033.0,12:27:19.718176
68.0,-520.0,855.0,12:27:19.728597
78.0,-581.0,989.0,12:27:19.740232
97.0,-589.0,997.0,12:27:19.748630
-17.0,-628.0,833.0,12:27:19.757870
42.0,-580.0,744.0,12:27:19.768453
50.0,-538.0,984.0,12:27:19.777757
-22.0,-579.0,930.0,12:27:19.787114
46.0,-625.0,946.0,12:27:19.797591
85.0,-440.0,892.0,12:27:19.806905
186.0,-732.0,1064.0,12:27:19.817418
73.0,-540.0,851.0,12:27:19.826800
104.0,-606.0,1017.0,12:27:19.837294
71.0,-577.0,987.0,12:27:19.846667
-74.0,-385.0,807.0,12:27:19.857189
-64.0,-580.0,1067.0,12:27:19.866499
125.0,-581.0,920.0,12:27:19.875842
73.0,-438.0,894.0,12:27:19.886297
-122.0,-487.0,975.0,12:27:19.895651
-3.0,-493.0,904.0,12:27:19.906322
-48.0,-512.0,945.0,12:27:19.915668
-60.0,-519.0,881.0,12:27:19.926081
-91.0,-537.0,1031.0,12:27:19.935482
-62.0,-639.0,1057.0,12:27:19.944805
113.0,-496.0,606.0,12:27:19.955271
-9.0,-540.0,972.0,12:27:19.964535
-37.0,-616.0,943.0,12:27:19.975206
-106.0,-392.0,536.0,12:27:19.984575
56.0,-409.0,749.0,12:27:19.994090
-151.0,-359.0,964.0,12:27:20.004507
22.0,-568.0,995.0,12:27:20.013977
-19.0,-431.0,716.0,12:27:20.024326
-11.0,-574.0,1036.0,12:27:20.033811
211.0,-629.0,1188.0,12:27:20.044271
24.0,-596.0,1094.0,12:27:20.053656
109.0,-662.0,1025.0,12:27:20.064187
148.0,-643.0,754.0,12:27:20.073503
33.0,-377.0,699.0,12:27:20.082852
-13.0,-351.0,952.0,12:27:20.093370
87.0,-542.0,1265.0,12:27:20.102673
12.0,-302.0,606.0,12:27:20.113045
84.0,-466.0,908.0,12:27:20.122427
-12.0,-468.0,1115.0,12:27:20.140965
53.0,-379.0,1114.0,12:27:20.142320
146.0,-341.0,715.0,12:27:20.151889
90.0,-547.0,972.0,12:27:20.162310
106.0,-393.0,928.0,12:27:20.171799
128.0,-311.0,944.0,12:27:20.182291
50.0,-400.0,827.0,12:27:20.191533
34.0,-412.0,933.0,12:27:20.202012
-40.0,-419.0,986.0,12:27:20.211320
43.0,-492.0,927.0,12:27:20.221811
52.0,-498.0,947.0,12:27:20.231085
40.0,-448.0,906.0,12:27:20.241503
64.0,-661.0,1044.0,12:27:20.250838
63.0,-555.0,776.0,12:27:20.261314
91.0,-511.0,908.0,12:27:20.270663
51.0,-576.0,1177.0,12:27:20.281044
63.0,-643.0,1110.0,12:27:20.290532
236.0,-519.0,679.0,12:27:20.299799
43.0,-459.0,857.0,12:27:20.310408
82.0,-635.0,1037.0,12:27:20.319672
154.0,-417.0,750.0,12:27:20.330152
92.0,-562.0,961.0,12:27:20.339481
44.0,-555.0,956.0,12:27:20.349917
96.0,-641.0,893.0,12:27:20.359316
-43.0,-593.0,759.0,12:27:20.368708
63.0,-566.0,1069.0,12:27:20.379173
15.0,-589.0,929.0,12:27:20.388642
-40.0,-577.0,695.0,12:27:20.399100
144.0,-600.0,851.0,12:27:20.408599
-52.0,-619.0,1024.0,12:27:20.419050
1.0,-458.0,977.0,12:27:20.428363
-13.0,-592.0,1017.0,12:27:20.437650
-18.0,-507.0,848.0,12:27:20.448147
17.0,-570.0,860.0,12:27:20.457704
142.0,-568.0,932.0,12:27:20.468138
-61.0,-371.0,645.0,12:27:20.477557
-37.0,-526.0,894.0,12:27:20.487992
44.0,-637.0,941.0,12:27:20.497367
22.0,-653.0,783.0,12:27:20.506635
-86.0,-607.0,825.0,12:27:20.517145
-98.0,-526.0,1085.0,12:27:20.526472
24.0,-676.0,996.0,12:27:20.536910
71.0,-799.0,891.0,12:27:20.546244
-69.0,-510.0,738.0,12:27:20.565888
82.0,-479.0,720.0,12:27:20.576480
-172.0,-380.0,903.0,12:27:20.585756
-94.0,-522.0,870.0,12:27:20.596370
-223.0,-655.0,848.0,12:27:20.605649
-41.0,-494.0,844.0,12:27:20.616123
-132.0,-451.0,990.0,12:27:20.625382
-49.0,-557.0,955.0,12:27:20.634745
-64.0,-604.0,925.0,12:27:20.645192
-74.0,-531.0,1081.0,12:27:20.654543
18.0,-571.0,788.0,12:27:20.665049
-114.0,-400.0,839.0,12:27:20.674577
-94.0,-512.0,1009.0,12:27:20.685084
80.0,-588.0,901.0,12:27:20.703601
40.0,-554.0,904.0,12:27:20.714231
-32.0,-436.0,1067.0,12:27:20.723492
26.0,-582.0,948.0,12:27:20.734147
-65.0,-472.0,776.0,12:27:20.743531
-56.0,-441.0,929.0,12:27:20.754092
-64.0,-361.0,833.0,12:27:20.763509
133.0,-443.0,963.0,12:27:20.772940
-50.0,-411.0,959.0,12:27:20.783403
50.0,-515.0,1068.0,12:27:20.792748
21.0,-393.0,836.0,12:27:20.803221
35.0,-554.0,1050.0,12:27:20.812487
0.0,-499.0,1008.0,12:27:20.822999
127.0,-547.0,955.0,12:27:20.832316
171.0,-542.0,720.0,12:27:20.842847
147.0,-537.0,966.0,12:27:20.852127
-43.0,-435.0,919.0,12:27:20.861524
93.0,-352.0,785.0,12:27:20.871973
-5.0,-362.0,969.0,12:27:20.881284
95.0,-376.0,742.0,12:27:20.891794
59.0,-394.0,911.0,12:27:20.901217
-8.0,-494.0,1225.0,12:27:20.911741
208.0,-464.0,947.0,12:27:20.921076
79.0,-659.0,975.0,12:27:20.931573
101.0,-466.0,811.0,12:27:20.943329
118.0,-473.0,858.0,12:27:20.950693
54.0,-555.0,1053.0,12:27:20.961099
109.0,-467.0,694.0,12:27:20.980674
-16.0,-444.0,858.0,12:27:20.989895
10.0,-516.0,1011.0,12:27:21.000580
102.0,-563.0,1066.0,12:27:21.009840
61.0,-636.0,1024.0,12:27:21.019231
125.0,-611.0,857.0,12:27:21.029723
54.0,-646.0,819.0,12:27:21.039063
165.0,-559.0,868.0,12:27:21.049535
44.0,-296.0,624.0,12:27:21.058911
36.0,-487.0,942.0,12:27:21.069437
91.0,-408.0,885.0,12:27:21.078839
-68.0,-528.0,910.0,12:27:21.088199
113.0,-489.0,946.0,12:27:21.098708
89.0,-571.0,832.0,12:27:21.108070
133.0,-512.0,902.0,12:27:21.118515
-6.0,-541.0,960.0,12:27:21.127927
18.0,-564.0,899.0,12:27:21.138527
163.0,-635.0,959.0,12:27:21.147790
-5.0,-597.0,944.0,12:27:21.158224
-73.0,-452.0,709.0,12:27:21.167660
23.0,-523.0,1005.0,12:27:21.176916
-10.0,-550.0,1113.0,12:27:21.187528
74.0,-503.0,771.0,12:27:21.196924
54.0,-453.0,854.0,12:27:21.207606
31.0,-424.0,783.0,12:27:21.216868
-47.0,-432.0,962.0,12:27:21.226318
93.0,-383.0,902.0,12:27:21.236799
41.0,-539.0,1106.0,12:27:21.246327
90.0,-684.0,1042.0,12:27:21.256717
192.0,-583.0,887.0,12:27:21.266073
148.0,-466.0,599.0,12:27:21.276502
190.0,-566.0,1143.0,12:27:21.285904
6.0,-453.0,1004.0,12:27:21.295279
56.0,-560.0,693.0,12:27:21.305735
9.0,-529.0,569.0,12:27:21.315175
83.0,-466.0,800.0,12:27:21.325647
-110.0,-307.0,864.0,12:27:21.334939
-97.0,-593.0,1235.0,12:27:21.345509
-29.0,-502.0,812.0,12:27:21.355081
168.0,-553.0,960.0,12:27:21.364454
13.0,-379.0,787.0,12:27:21.374886
129.0,-577.0,1298.0,12:27:21.384210
57.0,-427.0,1062.0,12:27:21.394631
-123.0,-403.0,692.0,12:27:21.404160
70.0,-590.0,1018.0,12:27:21.414564
133.0,-561.0,819.0,12:27:21.424102
-78.0,-484.0,1123.0,12:27:21.433349
-111.0,-617.0,1107.0,12:27:21.443812
44.0,-502.0,692.0,12:27:21.453117
184.0,-603.0,836.0,12:27:21.463506
-169.0,-398.0,632.0,12:27:21.472945
3.0,-378.0,842.0,12:27:21.483429
-43.0,-489.0,1010.0,12:27:21.492712
-49.0,-543.0,909.0,12:27:21.503120
-13.0,-516.0,960.0,12:27:21.512509
65.0,-525.0,1048.0,12:27:21.522996
47.0,-593.0,1007.0,12:27:21.532315
48.0,-573.0,988.0,12:27:21.542706
218.0,-766.0,1164.0,12:27:21.552064
43.0,-477.0,672.0,12:27:21.562450
40.0,-514.0,1051.0,12:27:21.571863
104.0,-556.0,946.0,12:27:21.581131
-9.0,-475.0,834.0,12:27:21.591835
3.0,-492.0,819.0,12:27:21.601154
-30.0,-359.0,927.0,12:27:21.610622
-42.0,-623.0,1017.0,12:27:21.621235
-22.0,-374.0,742.0,12:27:21.630662
-16.0,-506.0,1279.0,12:27:21.641283
6.0,-654.0,1312.0,12:27:21.650674
40.0,-566.0,736.0,12:27:21.660032
-26.0,-631.0,920.0,12:27:21.670403
97.0,-667.0,978.0,12:27:21.679800
-12.0,-478.0,648.0,12:27:21.690197
16.0,-574.0,776.0,12:27:21.699620
108.0,-593.0,620.0,12:27:21.710038
-76.0,-378.0,570.0,12:27:21.719462
50.0,-320.0,956.0,12:27:21.729875
-68.0,-556.0,1292.0,12:27:21.739372
121.0,-693.0,934.0,12:27:21.748761
16.0,-551.0,730.0,12:27:21.759212
-67.0,-582.0,1065.0,12:27:21.768636
37.0,-505.0,892.0,12:27:21.779060
-26.0,-407.0,852.0,12:27:21.788371
45.0,-751.0,932.0,12:27:21.798777
-87.0,-486.0,792.0,12:27:21.808228
36.0,-661.0,832.0,12:27:21.818629
-151.0,-545.0,1085.0,12:27:21.828004
-124.0,-585.0,886.0,12:27:21.837340
74.0,-439.0,750.0,12:27:21.847822
8.0,-573.0,714.0,12:27:21.857065
-67.0,-439.0,1051.0,12:27:21.867531
21.0,-630.0,1001.0,12:27:21.876849
175.0,-367.0,662.0,12:27:21.887404
26.0,-480.0,990.0,12:27:21.896715
-50.0,-471.0,1116.0,12:27:21.907107
-121.0,-282.0,764.0,12:27:21.916481
72.0,-412.0,1203.0,12:27:21.927003
22.0,-586.0,966.0,12:27:21.936371
164.0,-568.0,725.0,12:27:21.946772
-162.0,-479.0,797.0,12:27:21.956197
-25.0,-630.0,1122.0,12:27:21.966579
12.0,-403.0,699.0,12:27:21.976010
59.0,-557.0,529.0,12:27:21.985350
30.0,-656.0,1181.0,12:27:21.995930
97.0,-612.0,1061.0,12:27:22.005231
38.0,-554.0,788.0,12:27:22.015662
105.0,-625.0,1095.0,12:27:22.025068
-73.0,-478.0,913.0,12:27:22.035516
145.0,-443.0,619.0,12:27:22.044823
45.0,-419.0,945.0,12:27:22.055242
-17.0,-307.0,808.0,12:27:22.064585
-31.0,-411.0,847.0,12:27:22.074051
120.0,-469.0,1003.0,12:27:22.084592
117.0,-561.0,1093.0,12:27:22.093922
69.0,-636.0,1252.0,12:27:22.104407
67.0,-551.0,809.0,12:27:22.113692
9.0,-542.0,844.0,12:27:22.124156
91.0,-503.0,880.0,12:27:22.133436
218.0,-480.0,1005.0,12:27:22.146440
-51.0,-499.0,1004.0,12:27:22.153645
183.0,-637.0,896.0,12:27:22.162977
122.0,-392.0,467.0,12:27:22.173374
105.0,-478.0,956.0,12:27:22.182721
-12.0,-690.0,1490.0,12:27:22.193232
106.0,-497.0,764.0,12:27:22.202576
103.0,-503.0,645.0,12:27:22.211988
-7.0,-553.0,1088.0,12:27:22.222605
34.0,-528.0,960.0,12:27:22.231875
8.0,-358.0,598.0,12:27:22.242335
-56.0,-490.0,777.0,12:27:22.251753
-42.0,-476.0,867.0,12:27:22.262244
-140.0,-509.0,1041.0,12:27:22.271533
-87.0,-506.0,1020.0,12:27:22.281963
137.0,-480.0,737.0,12:27:22.291296
14.0,-497.0,795.0,12:27:22.300719
-28.0,-685.0,1478.0,12:27:22.311086
90.0,-441.0,649.0,12:27:22.320398
85.0,-470.0,790.0,12:27:22.330784
84.0,-602.0,1202.0,12:27:22.340119
128.0,-554.0,906.0,12:27:22.350696
84.0,-409.0,545.0,12:27:22.359920
15.0,-567.0,1117.0,12:27:22.370539
53.0,-530.0,1087.0,12:27:22.379769
31.0,-466.0,885.0,12:27:22.390237
42.0,-433.0,889.0,12:27:22.399585
61.0,-526.0,982.0,12:27:22.410089
87.0,-454.0,832.0,12:27:22.419406
-25.0,-340.0,829.0,12:27:22.429857
-4.0,-450.0,1014.0,12:27:22.439135
83.0,-431.0,852.0,12:27:22.448729
84.0,-328.0,659.0,12:27:22.459125
-97.0,-485.0,1372.0,12:27:22.468520
26.0,-650.0,1178.0,12:27:22.479057
255.0,-600.0,579.0,12:27:22.488350
25.0,-753.0,1038.0,12:27:22.498766
192.0,-488.0,844.0,12:27:22.508077
98.0,-734.0,1223.0,12:27:22.517587
144.0,-373.0,600.0,12:27:22.527998
186.0,-738.0,903.0,12:27:22.537701
67.0,-544.0,849.0,12:27:22.548018
120.0,-504.0,500.0,12:27:22.557665
10.0,-522.0,990.0,12:27:22.567031
13.0,-482.0,978.0,12:27:22.577524
-125.0,-353.0,611.0,12:27:22.586923
21.0,-547.0,936.0,12:27:22.596319
14.0,-639.0,1227.0,12:27:22.606798
-117.0,-600.0,1067.0,12:27:22.616094
116.0,-676.0,636.0,12:27:22.626507
-58.0,-464.0,856.0,12:27:22.635914
-11.0,-586.0,1117.0,12:27:22.646473
-24.0,-523.0,899.0,12:27:22.655805
113.0,-657.0,821.0,12:27:22.666367
36.0,-564.0,797.0,12:27:22.675744
156.0,-523.0,720.0,12:27:22.685147
73.0,-396.0,836.0,12:27:22.695594
98.0,-539.0,996.0,12:27:22.704939
71.0,-545.0,1066.0,12:27:22.715440
54.0,-494.0,723.0,12:27:22.724740
-31.0,-452.0,969.0,12:27:22.735206
0.0,-757.0,1408.0,12:27:22.744566
58.0,-439.0,764.0,12:27:22.755066
-22.0,-512.0,906.0,12:27:22.764366
-47.0,-490.0,946.0,12:27:22.774866
171.0,-471.0,553.0,12:27:22.784230
-37.0,-403.0,945.0,12:27:22.794576
30.0,-333.0,869.0,12:27:22.804141
39.0,-499.0,1124.0,12:27:22.813417
-20.0,-598.0,1116.0,12:27:22.824017
156.0,-559.0,683.0,12:27:22.833397
35.0,-422.0,759.0,12:27:22.843819
74.0,-463.0,1114.0,12:27:22.853171
47.0,-514.0,966.0,12:27:22.862476
8.0,-536.0,904.0,12:27:22.872973
50.0,-531.0,833.0,12:27:22.882233
-4.0,-638.0,975.0,12:27:22.892839
34.0,-452.0,844.0,12:27:22.902053
46.0,-405.0,921.0,12:27:22.912529
97.0,-627.0,971.0,12:27:22.921839
111.0,-432.0,775.0,12:27:22.932521
54.0,-551.0,919.0,12:27:22.941873
-40.0,-465.0,999.0,12:27:22.951157
82.0,-590.0,1021.0,12:27:22.961768
-2.0,-488.0,849.0,12:27:22.971116
-42.0,-513.0,979.0,12:27:22.981556
47.0,-432.0,867.0,12:27:23.001198
-4.0,-561.0,900.0,12:27:23.010434
-19.0,-293.0,674.0,12:27:23.020953
64.0,-390.0,778.0,12:27:23.030242
25.0,-448.0,1053.0,12:27:23.040739
71.0,-398.0,880.0,12:27:23.050009
10.0,-509.0,873.0,12:27:23.060405
89.0,-605.0,1328.0,12:27:23.069766
154.0,-564.0,1021.0,12:27:23.080199
127.0,-498.0,750.0,12:27:23.089582
-30.0,-458.0,1019.0,12:27:23.099988
123.0,-508.0,821.0,12:27:23.109450
-86.0,-393.0,814.0,12:27:23.118752
40.0,-451.0,1031.0,12:27:23.129363
-44.0,-616.0,1096.0,12:27:23.138738
77.0,-445.0,819.0,12:27:23.149390
98.0,-636.0,1149.0,12:27:23.158684
43.0,-548.0,876.0,12:27:23.167973
123.0,-537.0,955.0,12:27:23.178574
2.0,-498.0,941.0,12:27:23.187974
83.0,-458.0,756.0,12:27:23.198443
-31.0,-557.0,883.0,12:27:23.207719
-15.0,-551.0,881.0,12:27:23.218307
78.0,-390.0,528.0,12:27:23.227571
39.0,-518.0,1243.0,12:27:23.238023
5.0,-542.0,1099.0,12:27:23.247445
83.0,-569.0,946.0,12:27:23.256806
127.0,-466.0,570.0,12:27:23.267285
166.0,-502.0,949.0,12:27:23.276562
76.0,-500.0,943.0,12:27:23.287001
71.0,-541.0,879.0,12:27:23.296334
19.0,-497.0,699.0,12:27:23.306771
2.0,-551.0,907.0,12:27:23.316202
-51.0,-476.0,952.0,12:27:23.326799
38.0,-687.0,1085.0,12:27:23.336189
6.0,-603.0,897.0,12:27:23.349872
94.0,-564.0,1018.0,12:27:23.356042
31.0,-559.0,759.0,12:27:23.365283
-11.0,-368.0,531.0,12:27:23.375779
-44.0,-554.0,1023.0,12:27:23.385282
133.0,-674.0,1144.0,12:27:23.395714
3.0,-578.0,640.0,12:27:23.405202
49.0,-671.0,762.0,12:27:23.414654
-3.0,-518.0,862.0,12:27:23.425273
27.0,-530.0,1123.0,12:27:23.434550
18.0,-451.0,795.0,12:27:23.445115
64.0,-552.0,868.0,12:27:23.454424
-40.0,-492.0,1078.0,12:27:23.463745
-1.0,-471.0,762.0,12:27:23.474106
75.0,-640.0,701.0,12:27:23.483567
-81.0,-568.0,985.0,12:27:23.494043
48.0,-583.0,1087.0,12:27:23.503415
-92.0,-438.0,741.0,12:27:23.513974
-33.0,-689.0,1021.0,12:27:23.523366
37.0,-448.0,868.0,12:27:23.533810
-16.0,-478.0,813.0,12:27:23.543188
50.0,-522.0,919.0,12:27:23.552509
44.0,-554.0,1045.0,12:27:23.562975
-104.0,-412.0,873.0,12:27:23.572377
11.0,-486.0,942.0,12:27:23.582863
44.0,-623.0,1257.0,12:27:23.592182
61.0,-520.0,814.0,12:27:23.602643
-108.0,-410.0,540.0,12:27:23.611971
99.0,-549.0,1208.0,12:27:23.622482
-40.0,-413.0,1076.0,12:27:23.631925
105.0,-552.0,654.0,12:27:23.641229
93.0,-455.0,723.0,12:27:23.651831
-116.0,-503.0,1189.0,12:27:23.661063
-52.0,-400.0,912.0,12:27:23.671701
90.0,-619.0,981.0,12:27:23.680930
67.0,-531.0,905.0,12:27:23.691371
76.0,-509.0,678.0,12:27:23.700716
32.0,-424.0,804.0,12:27:23.710155
36.0,-399.0,1093.0,12:27:23.720650
56.0,-397.0,777.0,12:27:23.730048
31.0,-564.0,945.0,12:27:23.740586
44.0,-491.0,1038.0,12:27:23.751696
101.0,-605.0,1129.0,12:27:23.760079
32.0,-510.0,665.0,12:27:23.769435
31.0,-533.0,844.0,12:27:23.779859
17.0,-484.0,1007.0,12:27:23.789142
177.0,-343.0,605.0,12:27:23.799915
-42.0,-290.0,821.0,12:27:23.809130
-5.0,-661.0,1306.0,12:27:23.818563
-54.0,-564.0,1068.0,12:27:23.829061
80.0,-527.0,707.0,12:27:23.838454
76.0,-638.0,934.0,12:27:23.848992
146.0,-558.0,911.0,12:27:23.858263
76.0,-239.0,683.0,12:27:23.868884
-42.0,-500.0,1043.0,12:27:23.878239
62.0,-497.0,897.0,12:27:23.888665
5.0,-498.0,988.0,12:27:23.897990
-30.0,-451.0,1099.0,12:27:23.907491
14.0,-641.0,1016.0,12:27:23.917909
124.0,-394.0,599.0,12:27:23.927397
28.0,-582.0,1050.0,12:27:23.937841
68.0,-387.0,804.0,12:27:23.947242
173.0,-510.0,905.0,12:27:23.956560
73.0,-482.0,910.0,12:27:23.967009
79.0,-423.0,819.0,12:27:23.976447
-60.0,-740.0,1266.0,12:27:23.987029
19.0,-545.0,868.0,12:27:23.996330
120.0,-624.0,748.0,12:27:24.006851
124.0,-662.0,999.0,12:27:24.016156
-12.0,-615.0,1011.0,12:27:24.025611
100.0,-451.0,695.0,12:27:24.035995
-50.0,-581.0,792.0,12:27:24.045324
-12.0,-554.0,890.0,12:27:24.055732
10.0,-492.0,964.0,12:27:24.065270
-75.0,-600.0,1055.0,12:27:24.075665
36.0,-625.0,896.0,12:27:24.084998
182.0,-480.0,777.0,12:27:24.095447
36.0,-577.0,1068.0,12:27:24.104781
39.0,-561.0,877.0,12:27:24.115308
2.0,-444.0,807.0,12:27:24.124671
35.0,-564.0,711.0,12:27:24.134073
0.0,-363.0,871.0,12:27:24.144575
-77.0,-457.0,901.0,12:27:24.153855
-6.0,-509.0,1116.0,12:27:24.164294
97.0,-646.0,815.0,12:27:24.173682
102.0,-479.0,618.0,12:27:24.184133
57.0,-558.0,1095.0,12:27:24.193475
-14.0,-398.0,1108.0,12:27:24.203983
43.0,-610.0,974.0,12:27:24.213295
132.0,-483.0,595.0,12:27:24.223710
25.0,-364.0,871.0,12:27:24.243298
-26.0,-411.0,969.0,12:27:24.252704
51.0,-495.0,1193.0,12:27:24.263178
59.0,-494.0,823.0,12:27:24.272510
16.0,-564.0,961.0,12:27:24.282931
145.0,-480.0,931.0,12:27:24.292363
5.0,-580.0,1024.0,12:27:24.301759
3.0,-527.0,972.0,12:27:24.312372
82.0,-512.0,768.0,12:27:24.321729
-80.0,-484.0,759.0,12:27:24.332228
22.0,-528.0,1003.0,12:27:24.341765
17.0,-431.0,862.0,12:27:24.351077
105.0,-506.0,840.0,12:27:24.361524
-39.0,-598.0,1150.0,12:27:24.370901
119.0,-561.0,986.0,12:27:24.381316
67.0,-630.0,914.0,12:27:24.390687
189.0,-391.0,668.0,12:27:24.401104
64.0,-449.0,831.0,12:27:24.410575
-39.0,-563.0,1169.0,12:27:24.419899
99.0,-581.0,945.0,12:27:24.430550
95.0,-512.0,742.0,12:27:24.439876
-7.0,-517.0,917.0,12:27:24.450353
-71.0,-399.0,897.0,12:27:24.459673
-3.0,-381.0,951.0,12:27:24.470179
-18.0,-581.0,991.0,12:27:24.479575
-32.0,-412.0,632.0,12:27:24.488861
-34.0,-459.0,960.0,12:27:24.499470
17.0,-334.0,928.0,12:27:24.508791
-20.0,-529.0,935.0,12:27:24.519369
150.0,-341.0,573.0,12:27:24.528724
11.0,-495.0,1047.0,12:27:24.539166
22.0,-394.0,1184.0,12:27:24.552676
117.0,-1000.0,2029.0,12:27:24.558891
122.0,-792.0,808.0,12:27:24.568274
153.0,-685.0,482.0,12:27:24.577587
-51.0,-836.0,1371.0,12:27:24.588111
-34.0,-157.0,503.0,12:27:24.597413
-115.0,-212.0,502.0,12:27:24.607933
4.0,-395.0,675.0,12:27:24.617209
-3.0,-332.0,518.0,12:27:24.627633
-52.0,-432.0,1155.0,12:27:24.636959
-41.0,-458.0,1122.0,12:27:24.647680
53.0,-547.0,1066.0,12:27:24.656943
64.0,-179.0,526.0,12:27:24.666443
38.0,-201.0,561.0,12:27:24.676889
72.0,7.0,130.0,12:27:24.686305
-89.0,-646.0,1782.0,12:27:24.696734
35.0,-1025.0,2047.0,12:27:24.706113
216.0,-751.0,872.0,12:27:24.716510
66.0,-743.0,717.0,12:27:24.725958
90.0,-923.0,1356.0,12:27:24.735289
150.0,-560.0,660.0,12:27:24.745821
137.0,-331.0,329.0,12:27:24.755185
178.0,-492.0,639.0,12:27:24.765649
56.0,-540.0,958.0,12:27:24.775101
170.0,-483.0,634.0,12:27:24.785582
-40.0,-420.0,648.0,12:27:24.794957
-49.0,-542.0,1483.0,12:27:24.804362
-34.0,-586.0,987.0,12:27:24.814779
152.0,-547.0,893.0,12:27:24.824132
204.0,-470.0,871.0,12:27:24.834560
-62.0,-478.0,1092.0,12:27:24.843978
168.0,-527.0,802.0,12:27:24.854397
226.0,-550.0,678.0,12:27:24.863704
-169.0,-436.0,926.0,12:27:24.874165
-59.0,-535.0,892.0,12:27:24.883493
-22.0,-532.0,782.0,12:27:24.894018
-23.0,-584.0,695.0,12:27:24.903333
-7.0,-754.0,907.0,12:27:24.913827
81.0,-523.0,906.0,12:27:24.923197
29.0,-441.0,1043.0,12:27:24.932484
-12.0,-582.0,1181.0,12:27:24.942973
148.0,-571.0,1081.0,12:27:24.954330
-58.0,-567.0,916.0,12:27:24.962704
-20.0,-656.0,920.0,12:27:24.972105
116.0,-599.0,867.0,12:27:24.982597
86.0,-560.0,674.0,12:27:24.991869
-32.0,-508.0,790.0,12:27:25.002444
-70.0,-504.0,889.0,12:27:25.011817
-42.0,-408.0,573.0,12:27:25.021161
-4.0,-696.0,890.0,12:27:25.031764
-24.0,-697.0,887.0,12:27:25.041070
14.0,-755.0,960.0,12:27:25.051502
23.0,-699.0,725.0,12:27:25.060932
21.0,-593.0,804.0,12:27:25.071321
-268.0,-347.0,1390.0,12:27:25.080764
-83.0,-180.0,990.0,12:27:25.090125
-295.0,-296.0,845.0,12:27:25.100709
-29.0,-380.0,645.0,12:27:25.109977
-199.0,-433.0,1133.0,12:27:25.120555
-77.0,-620.0,1059.0,12:27:25.129837
-99.0,-481.0,853.0,12:27:25.140304
19.0,-746.0,1097.0,12:27:25.149585
37.0,-631.0,630.0,12:27:25.160118
55.0,-415.0,714.0,12:27:25.169520
-108.0,-535.0,1380.0,12:27:25.178858
-21.0,-504.0,1041.0,12:27:25.189487
49.0,-561.0,731.0,12:27:25.198959
-48.0,-486.0,890.0,12:27:25.209505
-7.0,-497.0,1024.0,12:27:25.218852
95.0,-456.0,810.0,12:27:25.228153
48.0,-432.0,725.0,12:27:25.238813
-14.0,-457.0,821.0,12:27:25.248172
-53.0,-296.0,699.0,12:27:25.258699
42.0,-471.0,1263.0,12:27:25.267993
63.0,-381.0,789.0,12:27:25.277424
-32.0,-520.0,831.0,12:27:25.287808
-44.0,-607.0,949.0,12:27:25.297142
115.0,-438.0,761.0,12:27:25.307549
-13.0,-567.0,1287.0,12:27:25.316957
126.0,-631.0,1128.0,12:27:25.327432
15.0,-536.0,612.0,12:27:25.336776
147.0,-624.0,913.0,12:27:25.347220
231.0,-412.0,864.0,12:27:25.356559
12.0,-408.0,1038.0,12:27:25.366957
41.0,-438.0,880.0,12:27:25.376370
23.0,-493.0,573.0,12:27:25.386745
21.0,-384.0,970.0,12:27:25.396074
58.0,-455.0,1030.0,12:27:25.406539
22.0,-575.0,1247.0,12:27:25.415852
24.0,-620.0,845.0,12:27:25.426341
52.0,-531.0,829.0,12:27:25.435671
182.0,-625.0,1038.0,12:27:25.446048
16.0,-590.0,1341.0,12:27:25.455297
-18.0,-272.0,454.0,12:27:25.465768
101.0,-577.0,1096.0,12:27:25.475250
143.0,-434.0,659.0,12:27:25.484537
119.0,-228.0,493.0,12:27:25.495146
69.0,-634.0,1328.0,12:27:25.504579
179.0,-590.0,1198.0,12:27:25.513954
172.0,-688.0,787.0,12:27:25.524410
277.0,-621.0,777.0,12:27:25.533710
153.0,-557.0,959.0,12:27:25.544186
103.0,-462.0,947.0,12:27:25.553478
-75.0,-351.0,639.0,12:27:25.564052
66.0,-394.0,809.0,12:27:25.573338
100.0,-536.0,1051.0,12:27:25.583828
-39.0,-380.0,691.0,12:27:25.593090
111.0,-586.0,1192.0,12:27:25.603544
32.0,-600.0,981.0,12:27:25.612869
204.0,-507.0,580.0,12:27:25.623446
22.0,-558.0,991.0,12:27:25.632944
100.0,-547.0,923.0,12:27:25.642356
15.0,-474.0,851.0,12:27:25.653096
-94.0,-519.0,801.0,12:27:25.662600
67.0,-374.0,596.0,12:27:25.671871
117.0,-468.0,919.0,12:27:25.682377
-61.0,-241.0,524.0,12:27:25.691749
269.0,-440.0,1400.0,12:27:25.702267
-223.0,-919.0,2047.0,12:27:25.711520
28.0,-982.0,781.0,12:27:25.721958
119.0,-650.0,583.0,12:27:25.731225
155.0,-760.0,1509.0,12:27:25.740711
-58.0,-353.0,457.0,12:27:25.750768
4.0,-676.0,919.0,12:27:25.760780
-35.0,-650.0,494.0,12:27:25.771261
28.0,-283.0,-68.0,12:27:25.780624
-289.0,-586.0,1667.0,12:27:25.789993
-88.0,-645.0,1770.0,12:27:25.800402
110.0,-531.0,342.0,12:27:25.809714
51.0,-293.0,732.0,12:27:25.820108
-38.0,-659.0,1773.0,12:27:25.829554
126.0,-313.0,803.0,12:27:25.839961
39.0,-407.0,535.0,12:27:25.849351
52.0,-661.0,1033.0,12:27:25.859790
49.0,-389.0,740.0,12:27:25.869190
-87.0,-194.0,743.0,12:27:25.879746
-89.0,-543.0,1342.0,12:27:25.889097
42.0,-619.0,726.0,12:27:25.898488
69.0,-292.0,345.0,12:27:25.909032
-113.0,-393.0,950.0,12:27:25.918242
85.0,-389.0,938.0,12:27:25.928744
69.0,-288.0,553.0,12:27:25.937996
-6.0,-583.0,972.0,12:27:25.948578
-23.0,-518.0,804.0,12:27:25.957962
-49.0,-307.0,753.0,12:27:25.968475
109.0,-228.0,521.0,12:27:25.977892
49.0,-39.0,153.0,12:27:25.987285
32.0,11.0,724.0,12:27:25.997673
60.0,-1303.0,2047.0,12:27:26.007064
294.0,-817.0,-374.0,12:27:26.026711
130.0,-634.0,905.0,12:27:26.037240
-121.0,-881.0,1869.0,12:27:26.046610
99.0,-547.0,-122.0,12:27:26.057078
143.0,-434.0,-342.0,12:27:26.066406
-28.0,-173.0,1097.0,12:27:26.076923
-166.0,-430.0,1601.0,12:27:26.086419
-330.0,-24.0,1003.0,12:27:26.095776
-465.0,-313.0,1124.0,12:27:26.106301
-22.0,-685.0,1226.0,12:27:26.115769
-12.0,-301.0,951.0,12:27:26.125224
208.0,-412.0,1652.0,12:27:26.135782
204.0,-510.0,780.0,12:27:26.145193
146.0,-805.0,348.0,12:27:26.156411
123.0,-507.0,747.0,12:27:26.165308
-120.0,-377.0,839.0,12:27:26.174623
85.0,-456.0,778.0,12:27:26.185337
-151.0,-671.0,1027.0,12:27:26.194616
37.0,-703.0,991.0,12:27:26.204020
106.0,-297.0,433.0,12:27:26.214425
-57.0,-349.0,839.0,12:27:26.223764
111.0,-688.0,1263.0,12:27:26.234176
109.0,-678.0,871.0,12:27:26.243499
83.0,-676.0,524.0,12:27:26.253999
19.0,-600.0,763.0,12:27:26.263392
-149.0,-599.0,1188.0,12:27:26.273752
10.0,-635.0,978.0,12:27:26.283072
48.0,-617.0,646.0,12:27:26.293431
131.0,-706.0,554.0,12:27:26.302960
-7.0,-380.0,762.0,12:27:26.313449
59.0,-560.0,1144.0,12:27:26.322929
-20.0,-734.0,1124.0,12:27:26.332244
93.0,-586.0,811.0,12:27:26.342917
99.0,-429.0,586.0,12:27:26.352141
115.0,-661.0,886.0,12:27:26.362606
-41.0,-585.0,761.0,12:27:26.372007
-21.0,-279.0,1057.0,12:27:26.381458
-145.0,-56.0,1155.0,12:27:26.391867
-156.0,-142.0,1347.0,12:27:26.401281
-19.0,-469.0,1199.0,12:27:26.411853
176.0,-610.0,890.0,12:27:26.421247
183.0,-571.0,1080.0,12:27:26.431718
104.0,-455.0,1103.0,12:27:26.441029
-80.0,-356.0,881.0,12:27:26.451444
49.0,-582.0,800.0,12:27:26.460854
181.0,-565.0,580.0,12:27:26.470200
151.0,-441.0,862.0,12:27:26.480827
54.0,-316.0,850.0,12:27:26.490110
-75.0,-592.0,1175.0,12:27:26.500683
100.0,-571.0,1073.0,12:27:26.509959
125.0,-559.0,650.0,12:27:26.519469
90.0,-563.0,665.0,12:27:26.529986
-54.0,-547.0,1003.0,12:27:26.539501
16.0,-566.0,850.0,12:27:26.549915
148.0,-588.0,802.0,12:27:26.559402
78.0,-546.0,794.0,12:27:26.568748
-24.0,-545.0,993.0,12:27:26.579331
-43.0,-540.0,1207.0,12:27:26.588706
67.0,-621.0,798.0,12:27:26.599152
45.0,-524.0,886.0,12:27:26.608625
64.0,-558.0,1171.0,12:27:26.617928
-48.0,-529.0,1026.0,12:27:26.628395
144.0,-563.0,807.0,12:27:26.637721
93.0,-530.0,656.0,12:27:26.648202
-66.0,-361.0,845.0,12:27:26.657531
-127.0,-463.0,1096.0,12:27:26.668014
92.0,-467.0,831.0,12:27:26.677408
7.0,-548.0,984.0,12:27:26.687881
-84.0,-615.0,1324.0,12:27:26.697280
36.0,-489.0,841.0,12:27:26.707725
-60.0,-558.0,1015.0,12:27:26.717098
8.0,-492.0,909.0,12:27:26.726542
-75.0,-455.0,705.0,12:27:26.736947
57.0,-492.0,677.0,12:27:26.746331
38.0,-681.0,853.0,12:27:26.756713
-119.0,-412.0,714.0,12:27:26.766069
-220.0,-513.0,983.0,12:27:26.776543
21.0,-704.0,1006.0,12:27:26.785850
29.0,-632.0,993.0,12:27:26.796315
-74.0,-554.0,969.0,12:27:26.805722
-15.0,-468.0,855.0,12:27:26.815120
186.0,-618.0,838.0,12:27:26.825574
-41.0,-333.0,771.0,12:27:26.834904
30.0,-397.0,813.0,12:27:26.845358
-79.0,-392.0,884.0,12:27:26.854635
-10.0,-347.0,694.0,12:27:26.865262
72.0,-613.0,1300.0,12:27:26.874570
159.0,-562.0,828.0,12:27:26.885255
-15.0,-533.0,917.0,12:27:26.894507
149.0,-707.0,1242.0,12:27:26.903942
81.0,-542.0,697.0,12:27:26.914313
62.0,-428.0,641.0,12:27:26.923667
8.0,-483.0,1225.0,12:27:26.934139
33.0,-619.0,1123.0,12:27:26.943537
-59.0,-257.0,505.0,12:27:26.957769
26.0,-663.0,1290.0,12:27:26.963866
116.0,-477.0,770.0,12:27:26.973239
115.0,-407.0,729.0,12:27:26.983727
-30.0,-539.0,1194.0,12:27:26.993147
91.0,-534.0,987.0,12:27:27.002440
5.0,-509.0,741.0,12:27:27.013011
131.0,-531.0,673.0,12:27:27.022322
-81.0,-338.0,998.0,12:27:27.032878
-50.0,-549.0,1133.0,12:27:27.042250
133.0,-559.0,775.0,12:27:27.051722
148.0,-543.0,835.0,12:27:27.062137
2.0,-464.0,953.0,12:27:27.071489
15.0,-436.0,975.0,12:27:27.081948
-11.0,-476.0,953.0,12:27:27.091340
142.0,-641.0,884.0,12:27:27.101824
35.0,-474.0,760.0,12:27:27.111124
41.0,-664.0,1352.0,12:27:27.121645
170.0,-531.0,743.0,12:27:27.130978
128.0,-613.0,854.0,12:27:27.141383
137.0,-567.0,837.0,12:27:27.150708
38.0,-552.0,864.0,12:27:27.161083
0.0,-404.0,747.0,12:27:27.170427
-231.0,-355.0,823.0,12:27:27.180886
81.0,-680.0,1141.0,12:27:27.190179
-43.0,-478.0,840.0,12:27:27.200666
-66.0,-553.0,971.0,12:27:27.210041
7.0,-665.0,1152.0,12:27:27.219458
96.0,-559.0,816.0,12:27:27.229849
106.0,-539.0,721.0,12:27:27.239193
-55.0,-559.0,801.0,12:27:27.249719
-8.0,-318.0,620.0,12:27:27.259144
-79.0,-450.0,1067.0,12:27:27.268563
2.0,-661.0,1003.0,12:27:27.279054
66.0,-571.0,795.0,12:27:27.288396
-108.0,-525.0,976.0,12:27:27.298882
-2.0,-605.0,1142.0,12:27:27.308188
16.0,-432.0,861.0,12:27:27.318668
-111.0,-533.0,903.0,12:27:27.327920
59.0,-486.0,996.0,12:27:27.338658
-118.0,-439.0,878.0,12:27:27.347973
-46.0,-507.0,752.0,12:27:27.359582
52.0,-435.0,981.0,12:27:27.367952
-184.0,-460.0,1022.0,12:27:27.377198
-21.0,-470.0,937.0,12:27:27.387705
15.0,-548.0,950.0,12:27:27.396965
62.0,-458.0,903.0,12:27:27.407597
-27.0,-431.0,999.0,12:27:27.416980
54.0,-458.0,809.0,12:27:27.426489
17.0,-509.0,1013.0,12:27:27.436925
26.0,-413.0,990.0,12:27:27.446385
83.0,-570.0,859.0,12:27:27.456761
-71.0,-563.0,1041.0,12:27:27.466219
187.0,-561.0,1013.0,12:27:27.476592
-7.0,-540.0,859.0,12:27:27.485917
25.0,-545.0,860.0,12:27:27.495229
23.0,-613.0,865.0,12:27:27.505838
24.0,-528.0,811.0,12:27:27.515162
-55.0,-466.0,835.0,12:27:27.525610
-64.0,-433.0,802.0,12:27:27.534920
-13.0,-462.0,864.0,12:27:27.545442
-47.0,-486.0,1083.0,12:27:27.554886
68.0,-502.0,1122.0,12:27:27.564277
26.0,-423.0,976.0,12:27:27.574731
88.0,-548.0,971.0,12:27:27.584153
116.0,-564.0,861.0,12:27:27.594526
56.0,-488.0,857.0,12:27:27.603861
-13.0,-365.0,758.0,12:27:27.614249
43.0,-568.0,921.0,12:27:27.623616
142.0,-491.0,787.0,12:27:27.634105
15.0,-473.0,802.0,12:27:27.643392
54.0,-541.0,1110.0,12:27:27.653836
19.0,-491.0,887.0,12:27:27.673366
124.0,-551.0,929.0,12:27:27.682619
6.0,-477.0,860.0,12:27:27.693049
-13.0,-429.0,900.0,12:27:27.702378
113.0,-518.0,1012.0,12:27:27.712928
82.0,-435.0,824.0,12:27:27.722168
76.0,-561.0,935.0,12:27:27.732700
-31.0,-560.0,1006.0,12:27:27.742041
-35.0,-354.0,709.0,12:27:27.761545
12.0,-439.0,1077.0,12:27:27.772093
106.0,-424.0,985.0,12:27:27.781400
86.0,-415.0,726.0,12:27:27.791933
127.0,-453.0,1106.0,12:27:27.801270
-49.0,-386.0,886.0,12:27:27.810667
-4.0,-454.0,1045.0,12:27:27.821091
159.0,-523.0,957.0,12:27:27.830580
-37.0,-379.0,902.0,12:27:27.840997
142.0,-626.0,1086.0,12:27:27.850516
94.0,-554.0,1018.0,12:27:27.860965
84.0,-578.0,857.0,12:27:27.870289
36.0,-601.0,864.0,12:27:27.879649
215.0,-561.0,884.0,12:27:27.890253
160.0,-505.0,746.0,12:27:27.899542
7.0,-464.0,826.0,12:27:27.910018
182.0,-528.0,728.0,12:27:27.919375
9.0,-410.0,743.0,12:27:27.929885
-23.0,-310.0,879.0,12:27:27.939157
-19.0,-782.0,1536.0,12:27:27.948630
27.0,-537.0,936.0,12:27:27.959160
121.0,-666.0,805.0,12:27:27.968631
-65.0,-665.0,817.0,12:27:27.979047
72.0,-508.0,776.0,12:27:27.988426
-37.0,-461.0,852.0,12:27:27.998811
-72.0,-604.0,876.0,12:27:28.008220
134.0,-588.0,699.0,12:27:28.018629
-99.0,-620.0,1065.0,12:27:28.027945
8.0,-582.0,1138.0,12:27:28.038472
-91.0,-560.0,964.0,12:27:28.047820
78.0,-605.0,972.0,12:27:28.057090
39.0,-649.0,893.0,12:27:28.067567
76.0,-533.0,837.0,12:27:28.076822
-70.0,-420.0,990.0,12:27:28.087397
-67.0,-528.0,841.0,12:27:28.096644
-108.0,-363.0,662.0,12:27:28.107149
-85.0,-347.0,851.0,12:27:28.116460
-96.0,-513.0,1034.0,12:27:28.126956
-25.0,-466.0,1008.0,12:27:28.136405
-33.0,-493.0,866.0,12:27:28.145732
124.0,-483.0,838.0,12:27:28.160808
104.0,-484.0,1097.0,12:27:28.166200
42.0,-481.0,1060.0,12:27:28.175616
133.0,-335.0,570.0,12:27:28.186002
5.0,-485.0,978.0,12:27:28.195490
81.0,-557.0,896.0,12:27:28.206022
-72.0,-463.0,802.0,12:27:28.215399
3.0,-493.0,968.0,12:27:28.224707
-44.0,-383.0,739.0,12:27:28.235189
37.0,-599.0,987.0,12:27:28.244506
-17.0,-368.0,942.0,12:27:28.255060
-95.0,-694.0,1221.0,12:27:28.264399
56.0,-526.0,872.0,12:27:28.274893
-14.0,-667.0,1092.0,12:27:28.284314
24.0,-564.0,973.0,12:27:28.293625
108.0,-449.0,678.0,12:27:28.304246
33.0,-504.0,894.0,12:27:28.313511
104.0,-520.0,992.0,12:27:28.324202
77.0,-431.0,733.0,12:27:28.333522
92.0,-496.0,1073.0,12:27:28.353060
90.0,-570.0,780.0,12:27:28.363630
45.0,-389.0,779.0,12:27:28.372958
120.0,-516.0,1019.0,12:27:28.382309
138.0,-499.0,922.0,12:27:28.392783
22.0,-527.0,913.0,12:27:28.402165
-6.0,-575.0,927.0,12:27:28.412537
59.0,-515.0,908.0,12:27:28.421857
24.0,-478.0,800.0,12:27:28.432316
3.0,-433.0,857.0,12:27:28.441797
125.0,-537.0,1019.0,12:27:28.452244
-54.0,-538.0,1035.0,12:27:28.461684
59.0,-528.0,883.0,12:27:28.471030
195.0,-504.0,737.0,12:27:28.482588
137.0,-453.0,1034.0,12:27:28.492852
85.0,-522.0,1035.0,12:27:28.504085
50.0,-556.0,896.0,12:27:28.514976
16.0,-475.0,846.0,12:27:28.522382
145.0,-445.0,892.0,12:27:28.534523
84.0,-425.0,1016.0,12:27:28.540632
-68.0,-433.0,1015.0,12:27:28.549877
39.0,-506.0,790.0,12:27:28.563376
26.0,-475.0,796.0,12:27:28.570691
-31.0,-580.0,1107.0,12:27:28.580012
149.0,-458.0,850.0,12:27:28.589398
72.0,-575.0,815.0,12:27:28.599839
77.0,-598.0,963.0,12:27:28.609145
11.0,-666.0,929.0,12:27:28.619680
52.0,-551.0,810.0,12:27:28.629082
-51.0,-579.0,1019.0,12:27:28.639622
124.0,-550.0,1028.0,12:27:28.649045
29.0,-512.0,682.0,12:27:28.658370
18.0,-474.0,698.0,12:27:28.668789
-6.0,-526.0,922.0,12:27:28.678200
50.0,-462.0,1015.0,12:27:28.688678
-183.0,-427.0,860.0,12:27:28.698003
23.0,-501.0,977.0,12:27:28.708484
38.0,-542.0,926.0,12:27:28.717849
-75.0,-482.0,1018.0,12:27:28.728258
1.0,-542.0,1044.0,12:27:28.737660
44.0,-708.0,1216.0,12:27:28.748096
30.0,-616.0,643.0,12:27:28.757621
126.0,-405.0,660.0,12:27:28.767006
-47.0,-492.0,1091.0,12:27:28.777753
31.0,-557.0,1018.0,12:27:28.787158
-126.0,-416.0,777.0,12:27:28.796522
44.0,-669.0,978.0,12:27:28.806988
-49.0,-458.0,805.0,12:27:28.816372
-67.0,-442.0,804.0,12:27:28.826880
67.0,-424.0,896.0,12:27:28.836341
-110.0,-379.0,905.0,12:27:28.845621
38.0,-619.0,1040.0,12:27:28.856334
143.0,-585.0,963.0,12:27:28.865615
41.0,-631.0,1207.0,12:27:28.876105
182.0,-526.0,755.0,12:27:28.885449
-43.0,-303.0,671.0,12:27:28.895847
29.0,-514.0,1125.0,12:27:28.905266
25.0,-412.0,975.0,12:27:28.914553
217.0,-485.0,841.0,12:27:28.924980
-122.0,-515.0,1054.0,12:27:28.935354
-8.0,-598.0,1138.0,12:27:28.944864
-27.0,-534.0,776.0,12:27:28.954160
25.0,-650.0,919.0,12:27:28.964593
-2.0,-487.0,796.0,12:27:28.973920
-29.0,-458.0,1016.0,12:27:28.984426
-55.0,-537.0,657.0,12:27:29.003016
-87.0,-358.0,828.0,12:27:29.013507
62.0,-575.0,1170.0,12:27:29.023116
-30.0,-526.0,1027.0,12:27:29.033527
112.0,-575.0,982.0,12:27:29.042964
25.0,-490.0,797.0,12:27:29.053395
69.0,-621.0,877.0,12:27:29.062863
91.0,-500.0,910.0,12:27:29.073237
71.0,-505.0,951.0,12:27:29.082568
-7.0,-561.0,868.0,12:27:29.092977
21.0,-629.0,1042.0,12:27:29.102387
90.0,-557.0,767.0,12:27:29.111907
-23.0,-363.0,762.0,12:27:29.122347
72.0,-597.0,1027.0,12:27:29.131785
-7.0,-527.0,944.0,12:27:29.142229
90.0,-499.0,778.0,12:27:29.151542
9.0,-608.0,882.0,12:27:29.161953
75.0,-427.0,1019.0,12:27:29.171308
-1.0,-530.0,1062.0,12:27:29.181829
72.0,-515.0,856.0,12:27:29.191212
64.0,-621.0,902.0,12:27:29.200585
35.0,-668.0,936.0,12:27:29.211163
88.0,-396.0,864.0,12:27:29.220605
41.0,-367.0,827.0,12:27:29.231174
-27.0,-420.0,817.0,12:27:29.240557
78.0,-529.0,1146.0,12:27:29.249906
-3.0,-563.0,936.0,12:27:29.260320
41.0,-567.0,973.0,12:27:29.269669
123.0,-536.0,876.0,12:27:29.280061
-24.0,-537.0,916.0,12:27:29.289532
75.0,-503.0,836.0,12:27:29.300023
18.0,-488.0,910.0,12:27:29.309407
74.0,-506.0,799.0,12:27:29.318752
26.0,-486.0,878.0,12:27:29.329466
38.0,-537.0,925.0,12:27:29.338844
12.0,-554.0,1000.0,12:27:29.348267
-35.0,-567.0,905.0,12:27:29.363661
152.0,-609.0,751.0,12:27:29.368544
-30.0,-616.0,1065.0,12:27:29.377927
-59.0,-540.0,841.0,12:27:29.388315
-31.0,-432.0,793.0,12:27:29.407876
-75.0,-453.0,832.0,12:27:29.417368
59.0,-517.0,1082.0,12:27:29.427858
-82.0,-543.0,967.0,12:27:29.437170
-64.0,-555.0,984.0,12:27:29.447637
45.0,-563.0,1021.0,12:27:29.456987
-39.0,-539.0,835.0,12:27:29.467446
-9.0,-346.0,591.0,12:27:29.476772
58.0,-481.0,933.0,12:27:29.487155
-91.0,-498.0,1051.0,12:27:29.496506
-27.0,-390.0,706.0,12:27:29.506967
-50.0,-633.0,1320.0,12:27:29.516371
-19.0,-601.0,1066.0,12:27:29.525696
-36.0,-448.0,842.0,12:27:29.536362
193.0,-596.0,916.0,12:27:29.545693
16.0,-411.0,795.0,12:27:29.556215
100.0,-234.0,777.0,12:27:29.565546
42.0,-485.0,1065.0,12:27:29.576059
55.0,-550.0,1074.0,12:27:29.585337
113.0,-395.0,666.0,12:27:29.595789
-46.0,-512.0,1027.0,12:27:29.605163
60.0,-560.0,1128.0,12:27:29.614597
-10.0,-448.0,865.0,12:27:29.625235
182.0,-417.0,726.0,12:27:29.634561
18.0,-415.0,1055.0,12:27:29.644043
59.0,-434.0,874.0,12:27:29.654662
50.0,-366.0,797.0,12:27:29.664090
