-39.0,-569.0,1272.0,12:30:28.029320
245.0,-540.0,688.0,12:30:28.035281
9.0,-256.0,665.0,12:30:28.044702
-22.0,-587.0,1190.0,12:30:28.055150
109.0,-362.0,649.0,12:30:28.074804
116.0,-379.0,909.0,12:30:28.084136
110.0,-295.0,886.0,12:30:28.094592
-17.0,-491.0,1019.0,12:30:28.103980
68.0,-561.0,974.0,12:30:28.114594
193.0,-497.0,994.0,12:30:28.123963
-153.0,-474.0,1043.0,12:30:28.133367
115.0,-596.0,996.0,12:30:28.143811
52.0,-578.0,928.0,12:30:28.153159
37.0,-708.0,675.0,12:30:28.163628
25.0,-480.0,1139.0,12:30:28.172947
58.0,-449.0,864.0,12:30:28.183520
-41.0,-443.0,663.0,12:30:28.192905
-130.0,-296.0,782.0,12:30:28.202423
-128.0,-437.0,1084.0,12:30:28.212851
-89.0,-497.0,951.0,12:30:28.222255
-104.0,-466.0,1138.0,12:30:28.242037
54.0,-651.0,1093.0,12:30:28.252435
93.0,-567.0,736.0,12:30:28.261824
-42.0,-443.0,757.0,12:30:28.271254
117.0,-336.0,943.0,12:30:28.281768
-70.0,-485.0,1181.0,12:30:28.291226
71.0,-476.0,674.0,12:30:28.301721
17.0,-356.0,654.0,12:30:28.311139
121.0,-470.0,837.0,12:30:28.321562
-5.0,-560.0,1151.0,12:30:28.330885
55.0,-385.0,1034.0,12:30:28.341302
15.0,-487.0,877.0,12:30:28.350676
77.0,-412.0,808.0,12:30:28.360107
107.0,-530.0,1003.0,12:30:28.370517
135.0,-695.0,1049.0,12:30:28.379910
-23.0,-209.0,680.0,12:30:28.390346
117.0,-365.0,971.0,12:30:28.399774
-140.0,-525.0,1334.0,12:30:28.410178
10.0,-593.0,872.0,12:30:28.419591
179.0,-509.0,582.0,12:30:28.430100
88.0,-549.0,1028.0,12:30:28.439445
27.0,-562.0,1102.0,12:30:28.448873
-31.0,-482.0,959.0,12:30:28.459316
32.0,-483.0,801.0,12:30:28.468765
96.0,-434.0,538.0,12:30:28.479312
-75.0,-512.0,1316.0,12:30:28.488856
-48.0,-402.0,1202.0,12:30:28.498236
-95.0,-447.0,636.0,12:30:28.508986
-70.0,-561.0,1047.0,12:30:28.518490
55.0,-652.0,1223.0,12:30:28.527806
-36.0,-584.0,772.0,12:30:28.538331
30.0,-390.0,751.0,12:30:28.547805
-87.0,-485.0,1209.0,12:30:28.557438
-138.0,-461.0,940.0,12:30:28.568053
-86.0,-553.0,730.0,12:30:28.577450
18.0,-481.0,926.0,12:30:28.586798
-20.0,-433.0,917.0,12:30:28.597242
28.0,-311.0,728.0,12:30:28.613727
-15.0,-438.0,1068.0,12:30:28.617622
81.0,-373.0,811.0,12:30:28.636189
65.0,-506.0,893.0,12:30:28.646766
-41.0,-463.0,1108.0,12:30:28.656116
166.0,-549.0,1077.0,12:30:28.666797
-47.0,-418.0,749.0,12:30:28.676223
268.0,-593.0,832.0,12:30:28.685671
67.0,-500.0,1024.0,12:30:28.696096
-89.0,-385.0,826.0,12:30:28.705342
-12.0,-458.0,743.0,12:30:28.715870
-53.0,-467.0,903.0,12:30:28.725156
-213.0,-552.0,1144.0,12:30:28.735685
-13.0,-390.0,964.0,12:30:28.744996
121.0,-499.0,593.0,12:30:28.754417
42.0,-547.0,990.0,12:30:28.764798
26.0,-455.0,1246.0,12:30:28.774242
-89.0,-410.0,856.0,12:30:28.784682
200.0,-363.0,634.0,12:30:28.794061
46.0,-523.0,1211.0,12:30:28.804558
20.0,-552.0,982.0,12:30:28.813875
167.0,-556.0,655.0,12:30:28.824289
173.0,-379.0,1222.0,12:30:28.833629
190.0,-524.0,1179.0,12:30:28.844081
103.0,-535.0,958.0,12:30:28.853616
-231.0,-299.0,877.0,12:30:28.862896
79.0,-575.0,909.0,12:30:28.873533
94.0,-509.0,796.0,12:30:28.882766
32.0,-288.0,814.0,12:30:28.893333
23.0,-468.0,1075.0,12:30:28.902577
63.0,-482.0,888.0,12:30:28.912086
-5.0,-490.0,1011.0,12:30:28.922507
145.0,-627.0,1012.0,12:30:28.931939
-16.0,-423.0,795.0,12:30:28.942510
171.0,-430.0,1138.0,12:30:28.951984
-139.0,-481.0,1038.0,12:30:28.962456
185.0,-638.0,710.0,12:30:28.971797
131.0,-344.0,687.0,12:30:28.981234
116.0,-480.0,1022.0,12:30:28.991750
104.0,-440.0,880.0,12:30:29.001151
-22.0,-406.0,1007.0,12:30:29.016659
12.0,-568.0,922.0,12:30:29.020457
118.0,-246.0,865.0,12:30:29.030959
113.0,-490.0,983.0,12:30:29.040289
249.0,-442.0,768.0,12:30:29.050722
-16.0,-502.0,1303.0,12:30:29.060040
-120.0,-350.0,844.0,12:30:29.070549
217.0,-656.0,753.0,12:30:29.079967
130.0,-471.0,1212.0,12:30:29.090447
38.0,-576.0,1169.0,12:30:29.099880
218.0,-318.0,493.0,12:30:29.109285
-136.0,-414.0,1344.0,12:30:29.119677
451.0,-561.0,917.0,12:30:29.129042
258.0,-495.0,541.0,12:30:29.139478
25.0,-365.0,1085.0,12:30:29.148943
140.0,-665.0,947.0,12:30:29.159397
254.0,-559.0,840.0,12:30:29.168887
-78.0,-399.0,975.0,12:30:29.178194
120.0,-366.0,898.0,12:30:29.197794
48.0,-425.0,1051.0,12:30:29.208386
-39.0,-312.0,986.0,12:30:29.217773
45.0,-403.0,973.0,12:30:29.228285
154.0,-487.0,1208.0,12:30:29.237652
31.0,-505.0,850.0,12:30:29.248128
46.0,-574.0,723.0,12:30:29.257394
45.0,-479.0,894.0,12:30:29.267885
-186.0,-466.0,1140.0,12:30:29.277230
9.0,-429.0,734.0,12:30:29.286681
-86.0,-426.0,855.0,12:30:29.297211
-161.0,-440.0,912.0,12:30:29.306612
116.0,-520.0,709.0,12:30:29.317197
-2.0,-424.0,1114.0,12:30:29.326618
93.0,-598.0,1118.0,12:30:29.336094
135.0,-567.0,1039.0,12:30:29.346618
183.0,-434.0,969.0,12:30:29.356000
106.0,-528.0,827.0,12:30:29.366457
58.0,-400.0,853.0,12:30:29.375856
138.0,-557.0,899.0,12:30:29.386221
3.0,-524.0,902.0,12:30:29.395708
98.0,-409.0,732.0,12:30:29.405062
-34.0,-579.0,1127.0,12:30:29.415670
37.0,-553.0,1089.0,12:30:29.424935
-8.0,-359.0,749.0,12:30:29.434465
228.0,-411.0,834.0,12:30:29.444876
-129.0,-539.0,1128.0,12:30:29.454284
75.0,-575.0,1021.0,12:30:29.464666
131.0,-498.0,849.0,12:30:29.474007
-38.0,-356.0,850.0,12:30:29.484485
-49.0,-399.0,821.0,12:30:29.493908
117.0,-484.0,903.0,12:30:29.504269
-106.0,-463.0,960.0,12:30:29.513745
39.0,-392.0,1141.0,12:30:29.524251
21.0,-504.0,727.0,12:30:29.533673
50.0,-496.0,939.0,12:30:29.542931
88.0,-532.0,1094.0,12:30:29.553528
-3.0,-617.0,795.0,12:30:29.562836
131.0,-354.0,957.0,12:30:29.573501
90.0,-434.0,1140.0,12:30:29.582826
-10.0,-652.0,743.0,12:30:29.592250
124.0,-561.0,807.0,12:30:29.602654
-64.0,-301.0,794.0,12:30:29.612044
-196.0,-510.0,966.0,12:30:29.622584
113.0,-622.0,1048.0,12:30:29.631943
-36.0,-646.0,830.0,12:30:29.642501
10.0,-571.0,835.0,12:30:29.651867
-64.0,-612.0,1133.0,12:30:29.662340
199.0,-652.0,903.0,12:30:29.677736
124.0,-497.0,735.0,12:30:29.684873
-25.0,-541.0,884.0,12:30:29.695422
92.0,-343.0,1147.0,12:30:29.701998
13.0,-510.0,673.0,12:30:29.714238
84.0,-651.0,816.0,12:30:29.720601
-73.0,-423.0,908.0,12:30:29.730789
-169.0,-401.0,774.0,12:30:29.740190
-67.0,-494.0,1057.0,12:30:29.750658
-111.0,-526.0,1118.0,12:30:29.760110
216.0,-642.0,767.0,12:30:29.770598
79.0,-450.0,788.0,12:30:29.780057
-84.0,-388.0,1226.0,12:30:29.789376
116.0,-359.0,894.0,12:30:29.799838
50.0,-504.0,893.0,12:30:29.816622
-83.0,-347.0,726.0,12:30:29.821118
64.0,-639.0,1079.0,12:30:29.829403
-57.0,-546.0,935.0,12:30:29.838645
-35.0,-448.0,832.0,12:30:29.849294
64.0,-488.0,880.0,12:30:29.858603
-17.0,-584.0,962.0,12:30:29.869043
217.0,-536.0,854.0,12:30:29.878415
48.0,-343.0,873.0,12:30:29.889002
-84.0,-280.0,963.0,12:30:29.898383
153.0,-579.0,1104.0,12:30:29.907808
161.0,-686.0,878.0,12:30:29.918191
42.0,-536.0,791.0,12:30:29.927669
61.0,-587.0,843.0,12:30:29.938121
-10.0,-554.0,1145.0,12:30:29.947490
-29.0,-579.0,1229.0,12:30:29.957970
55.0,-512.0,654.0,12:30:29.967400
-18.0,-350.0,725.0,12:30:29.976663
-192.0,-687.0,1225.0,12:30:29.987126
93.0,-671.0,960.0,12:30:29.996508
-54.0,-332.0,670.0,12:30:30.007093
88.0,-426.0,1127.0,12:30:30.016515
-23.0,-270.0,988.0,12:30:30.027041
-77.0,-513.0,933.0,12:30:30.036343
98.0,-557.0,976.0,12:30:30.045808
-15.0,-578.0,986.0,12:30:30.056290
-120.0,-370.0,719.0,12:30:30.065818
28.0,-596.0,937.0,12:30:30.076227
107.0,-805.0,1134.0,12:30:30.085748
-62.0,-487.0,653.0,12:30:30.095032
-70.0,-286.0,613.0,12:30:30.105592
-91.0,-465.0,1025.0,12:30:30.114955
118.0,-449.0,1020.0,12:30:30.125464
-10.0,-433.0,859.0,12:30:30.134752
-51.0,-358.0,837.0,12:30:30.145199
-47.0,-364.0,994.0,12:30:30.154602
9.0,-510.0,1163.0,12:30:30.164021
224.0,-584.0,783.0,12:30:30.174523
246.0,-533.0,811.0,12:30:30.183885
62.0,-488.0,968.0,12:30:30.194361
137.0,-672.0,1155.0,12:30:30.203695
128.0,-576.0,618.0,12:30:30.219995
7.0,-445.0,879.0,12:30:30.223280
71.0,-712.0,1238.0,12:30:30.233721
41.0,-491.0,805.0,12:30:30.243148
-24.0,-552.0,827.0,12:30:30.253589
-77.0,-482.0,789.0,12:30:30.262934
-7.0,-390.0,808.0,12:30:30.273435
-212.0,-493.0,1221.0,12:30:30.282810
118.0,-486.0,843.0,12:30:30.292291
-154.0,-463.0,605.0,12:30:30.302815
-155.0,-322.0,1243.0,12:30:30.312183
155.0,-417.0,1297.0,12:30:30.322809
97.0,-550.0,916.0,12:30:30.332210
189.0,-498.0,850.0,12:30:30.341581
-48.0,-583.0,1168.0,12:30:30.352204
237.0,-595.0,872.0,12:30:30.361694
114.0,-487.0,684.0,12:30:30.371090
-85.0,-466.0,1018.0,12:30:30.381694
-16.0,-685.0,1020.0,12:30:30.391099
57.0,-445.0,449.0,12:30:30.401654
71.0,-236.0,919.0,12:30:30.411106
-21.0,-496.0,1040.0,12:30:30.420427
192.0,-722.0,917.0,12:30:30.430868
-35.0,-504.0,674.0,12:30:30.440223
45.0,-597.0,1147.0,12:30:30.450642
37.0,-497.0,845.0,12:30:30.460124
95.0,-496.0,769.0,12:30:30.470629
32.0,-467.0,1068.0,12:30:30.480107
27.0,-482.0,1049.0,12:30:30.489347
-89.0,-554.0,562.0,12:30:30.499779
16.0,-392.0,861.0,12:30:30.509049
-26.0,-552.0,1495.0,12:30:30.519665
-66.0,-529.0,1064.0,12:30:30.529010
10.0,-565.0,508.0,12:30:30.539511
-43.0,-480.0,945.0,12:30:30.548939
90.0,-570.0,1036.0,12:30:30.558364
40.0,-336.0,821.0,12:30:30.568862
-16.0,-385.0,1002.0,12:30:30.578163
41.0,-523.0,1058.0,12:30:30.588600
137.0,-310.0,942.0,12:30:30.597938
55.0,-282.0,817.0,12:30:30.608318
148.0,-507.0,980.0,12:30:30.617689
105.0,-539.0,1140.0,12:30:30.628122
214.0,-411.0,828.0,12:30:30.637489
105.0,-351.0,715.0,12:30:30.647938
102.0,-378.0,873.0,12:30:30.657291
48.0,-514.0,950.0,12:30:30.667849
-18.0,-329.0,842.0,12:30:30.677261
38.0,-437.0,1111.0,12:30:30.686651
32.0,-389.0,900.0,12:30:30.697084
115.0,-573.0,988.0,12:30:30.706535
166.0,-446.0,1089.0,12:30:30.717022
-32.0,-361.0,882.0,12:30:30.726524
-34.0,-425.0,963.0,12:30:30.735780
112.0,-544.0,878.0,12:30:30.746601
131.0,-554.0,825.0,12:30:30.755871
73.0,-571.0,670.0,12:30:30.766446
116.0,-616.0,1322.0,12:30:30.775749
-149.0,-401.0,1267.0,12:30:30.785135
88.0,-461.0,763.0,12:30:30.795676
140.0,-590.0,891.0,12:30:30.805117
15.0,-644.0,1205.0,12:30:30.815626
107.0,-372.0,983.0,12:30:30.825063
34.0,-607.0,630.0,12:30:30.834425
159.0,-460.0,880.0,12:30:30.844945
-157.0,-464.0,1244.0,12:30:30.854409
-12.0,-515.0,657.0,12:30:30.865020
182.0,-407.0,797.0,12:30:30.874388
-75.0,-481.0,1240.0,12:30:30.883708
59.0,-560.0,741.0,12:30:30.894260
20.0,-329.0,630.0,12:30:30.903649
-26.0,-607.0,1454.0,12:30:30.914113
38.0,-522.0,1106.0,12:30:30.923479
232.0,-698.0,843.0,12:30:30.934065
59.0,-466.0,702.0,12:30:30.943481
-127.0,-490.0,1048.0,12:30:30.952867
99.0,-582.0,1245.0,12:30:30.963370
-122.0,-530.0,481.0,12:30:30.972746
160.0,-621.0,740.0,12:30:30.983166
-150.0,-458.0,1373.0,12:30:30.992521
199.0,-617.0,507.0,12:30:31.002917
259.0,-446.0,804.0,12:30:31.020085
25.0,-676.0,1091.0,12:30:31.023882
200.0,-525.0,554.0,12:30:31.032183
12.0,-369.0,864.0,12:30:31.041539
36.0,-231.0,1306.0,12:30:31.051975
213.0,-146.0,984.0,12:30:31.061362
-121.0,-322.0,656.0,12:30:31.071769
126.0,-651.0,631.0,12:30:31.081250
53.0,-483.0,1434.0,12:30:31.091630
112.0,-462.0,1252.0,12:30:31.101153
109.0,-475.0,453.0,12:30:31.110517
53.0,-594.0,1107.0,12:30:31.120895
105.0,-506.0,970.0,12:30:31.130307
86.0,-504.0,831.0,12:30:31.140748
167.0,-552.0,1016.0,12:30:31.150120
-119.0,-335.0,848.0,12:30:31.160534
-76.0,-508.0,902.0,12:30:31.170044
-138.0,-628.0,1184.0,12:30:31.179489
4.0,-558.0,1137.0,12:30:31.190014
211.0,-779.0,833.0,12:30:31.199285
174.0,-606.0,872.0,12:30:31.209819
55.0,-583.0,1157.0,12:30:31.219112
28.0,-341.0,667.0,12:30:31.229568
-15.0,-449.0,737.0,12:30:31.238909
-33.0,-519.0,956.0,12:30:31.249404
165.0,-340.0,828.0,12:30:31.258852
-46.0,-575.0,993.0,12:30:31.268232
3.0,-398.0,808.0,12:30:31.278652
-126.0,-6.0,773.0,12:30:31.288036
5.0,-388.0,1038.0,12:30:31.298514
-51.0,-457.0,987.0,12:30:31.307934
99.0,-444.0,901.0,12:30:31.318413
120.0,-585.0,1099.0,12:30:31.327850
58.0,-476.0,991.0,12:30:31.337220
-9.0,-471.0,982.0,12:30:31.347780
179.0,-561.0,934.0,12:30:31.357133
-192.0,-598.0,878.0,12:30:31.367721
144.0,-595.0,1155.0,12:30:31.377008
150.0,-515.0,924.0,12:30:31.387521
9.0,-658.0,780.0,12:30:31.396914
95.0,-525.0,957.0,12:30:31.406257
-38.0,-514.0,1045.0,12:30:31.423162
-115.0,-572.0,1032.0,12:30:31.427129
-4.0,-577.0,586.0,12:30:31.436581
22.0,-520.0,639.0,12:30:31.445942
62.0,-327.0,884.0,12:30:31.456474
-71.0,-301.0,1145.0,12:30:31.465876
139.0,-213.0,755.0,12:30:31.475255
61.0,-497.0,920.0,12:30:31.485829
81.0,-484.0,1055.0,12:30:31.495138
134.0,-417.0,843.0,12:30:31.505632
149.0,-309.0,602.0,12:30:31.514983
-126.0,-415.0,1562.0,12:30:31.525537
260.0,-623.0,1286.0,12:30:31.534877
52.0,-544.0,307.0,12:30:31.544261
-26.0,-214.0,685.0,12:30:31.554705
-9.0,-701.0,1614.0,12:30:31.564094
144.0,-468.0,863.0,12:30:31.574647
133.0,-216.0,379.0,12:30:31.583984
196.0,-427.0,1039.0,12:30:31.594546
53.0,-707.0,1405.0,12:30:31.603957
39.0,-544.0,793.0,12:30:31.613320
19.0,-374.0,752.0,12:30:31.623811
99.0,-522.0,934.0,12:30:31.633067
83.0,-566.0,1025.0,12:30:31.643602
91.0,-681.0,839.0,12:30:31.652980
-81.0,-423.0,898.0,12:30:31.663502
-177.0,-443.0,895.0,12:30:31.672860
218.0,-393.0,812.0,12:30:31.682316
-134.0,-383.0,1110.0,12:30:31.692751
94.0,-642.0,719.0,12:30:31.702274
205.0,-724.0,736.0,12:30:31.712713
-142.0,-371.0,1025.0,12:30:31.722156
134.0,-372.0,910.0,12:30:31.732529
11.0,-318.0,1071.0,12:30:31.741931
136.0,-480.0,1009.0,12:30:31.751193
51.0,-667.0,840.0,12:30:31.761772
126.0,-426.0,925.0,12:30:31.771183
-45.0,-455.0,948.0,12:30:31.781735
-162.0,-676.0,1161.0,12:30:31.791353
239.0,-690.0,906.0,12:30:31.800828
274.0,-496.0,581.0,12:30:31.811373
-97.0,-352.0,1107.0,12:30:31.820751
2.0,-670.0,1175.0,12:30:31.830118
99.0,-639.0,743.0,12:30:31.840733
-257.0,-409.0,933.0,12:30:31.850005
233.0,-540.0,772.0,12:30:31.860503
182.0,-504.0,773.0,12:30:31.870127
31.0,-335.0,1056.0,12:30:31.879613
-81.0,-243.0,789.0,12:30:31.890075
-26.0,-399.0,866.0,12:30:31.899441
-1.0,-570.0,933.0,12:30:31.909976
126.0,-535.0,856.0,12:30:31.919440
132.0,-114.0,707.0,12:30:31.928812
-75.0,-565.0,1173.0,12:30:31.939342
9.0,-588.0,1054.0,12:30:31.948653
48.0,-497.0,884.0,12:30:31.959159
133.0,-508.0,905.0,12:30:31.978824
-156.0,-476.0,1086.0,12:30:31.988109
77.0,-564.0,1039.0,12:30:31.998623
-23.0,-627.0,922.0,12:30:32.007893
29.0,-381.0,776.0,12:30:32.018375
20.0,-419.0,960.0,12:30:32.027735
-182.0,-441.0,1063.0,12:30:32.037158
67.0,-596.0,1192.0,12:30:32.047745
252.0,-441.0,679.0,12:30:32.057079
-3.0,-368.0,639.0,12:30:32.067489
80.0,-470.0,952.0,12:30:32.076871
178.0,-531.0,1146.0,12:30:32.087288
59.0,-433.0,785.0,12:30:32.096646
-1.0,-238.0,959.0,12:30:32.107072
16.0,-337.0,1188.0,12:30:32.116529
70.0,-487.0,1140.0,12:30:32.125886
217.0,-596.0,829.0,12:30:32.136444
212.0,-665.0,697.0,12:30:32.145765
168.0,-380.0,1032.0,12:30:32.156249
46.0,-532.0,946.0,12:30:32.165645
79.0,-661.0,875.0,12:30:32.176168
103.0,-371.0,594.0,12:30:32.185557
-137.0,-50.0,736.0,12:30:32.194982
-67.0,-423.0,1246.0,12:30:32.205403
124.0,-571.0,1131.0,12:30:32.222457
63.0,-533.0,878.0,12:30:32.225751
185.0,-559.0,930.0,12:30:32.235131
133.0,-549.0,1035.0,12:30:32.244541
103.0,-648.0,1011.0,12:30:32.255042
90.0,-599.0,768.0,12:30:32.264562
36.0,-653.0,904.0,12:30:32.273955
150.0,-391.0,820.0,12:30:32.284575
152.0,-471.0,958.0,12:30:32.293906
-166.0,-505.0,1091.0,12:30:32.303285
48.0,-579.0,685.0,12:30:32.313783
-81.0,-386.0,674.0,12:30:32.323169
33.0,-542.0,1451.0,12:30:32.333687
-57.0,-514.0,1154.0,12:30:32.343029
-37.0,-375.0,659.0,12:30:32.353588
-83.0,-520.0,847.0,12:30:32.362948
26.0,-861.0,1121.0,12:30:32.372343
-18.0,-636.0,909.0,12:30:32.382733
142.0,-430.0,546.0,12:30:32.392288
-159.0,-626.0,737.0,12:30:32.402717
-30.0,-450.0,740.0,12:30:32.412078
115.0,-593.0,899.0,12:30:32.422563
-156.0,-442.0,1123.0,12:30:32.431940
96.0,-402.0,1059.0,12:30:32.441296
-166.0,-693.0,1198.0,12:30:32.451727
38.0,-616.0,986.0,12:30:32.461108
-23.0,-770.0,1099.0,12:30:32.471705
80.0,-679.0,896.0,12:30:32.481085
13.0,-431.0,854.0,12:30:32.491621
-124.0,-466.0,794.0,12:30:32.501047
-5.0,-578.0,793.0,12:30:32.510411
-67.0,-547.0,921.0,12:30:32.520920
18.0,-511.0,1135.0,12:30:32.530231
20.0,-359.0,907.0,12:30:32.540653
-125.0,-584.0,1058.0,12:30:32.550249
189.0,-514.0,784.0,12:30:32.560624
-54.0,-248.0,846.0,12:30:32.570148
-55.0,-309.0,851.0,12:30:32.579480
12.0,-457.0,934.0,12:30:32.590193
95.0,-538.0,914.0,12:30:32.609727
-57.0,-338.0,732.0,12:30:32.625722
-30.0,-388.0,858.0,12:30:32.629640
28.0,-562.0,868.0,12:30:32.638965
-3.0,-697.0,1100.0,12:30:32.648301
120.0,-606.0,642.0,12:30:32.658888
113.0,-314.0,601.0,12:30:32.668206
-170.0,-462.0,1415.0,12:30:32.678861
5.0,-463.0,1010.0,12:30:32.688122
47.0,-310.0,398.0,12:30:32.698668
0.0,-590.0,1332.0,12:30:32.708015
-19.0,-675.0,1297.0,12:30:32.717570
-21.0,-477.0,768.0,12:30:32.728077
-23.0,-391.0,837.0,12:30:32.737420
60.0,-778.0,1106.0,12:30:32.747951
40.0,-729.0,812.0,12:30:32.757442
27.0,-289.0,627.0,12:30:32.766707
-37.0,-539.0,696.0,12:30:32.777162
-324.0,-400.0,991.0,12:30:32.786567
-133.0,-481.0,1316.0,12:30:32.797093
-156.0,-465.0,1099.0,12:30:32.806528
37.0,-280.0,668.0,12:30:32.815947
-20.0,-501.0,913.0,12:30:32.826686
87.0,-434.0,1194.0,12:30:32.836113
36.0,-506.0,959.0,12:30:32.846594
134.0,-340.0,550.0,12:30:32.855894
126.0,-507.0,863.0,12:30:32.865205
-111.0,-464.0,1046.0,12:30:32.875899
71.0,-398.0,841.0,12:30:32.885213
24.0,-391.0,854.0,12:30:32.895729
10.0,-589.0,1051.0,12:30:32.905062
-8.0,-582.0,1117.0,12:30:32.914516
112.0,-403.0,811.0,12:30:32.925010
73.0,-697.0,947.0,12:30:32.934356
33.0,-588.0,910.0,12:30:32.944844
45.0,-374.0,875.0,12:30:32.954253
-32.0,-436.0,772.0,12:30:32.964681
42.0,-462.0,877.0,12:30:32.974058
169.0,-553.0,935.0,12:30:32.984555
16.0,-520.0,733.0,12:30:32.993904
-53.0,-440.0,691.0,12:30:33.004298
118.0,-642.0,1101.0,12:30:33.013578
-142.0,-618.0,1121.0,12:30:33.022962
-22.0,-581.0,697.0,12:30:33.033629
122.0,-412.0,628.0,12:30:33.042909
58.0,-485.0,917.0,12:30:33.053392
-11.0,-495.0,922.0,12:30:33.062746
-58.0,-436.0,994.0,12:30:33.072293
-215.0,-212.0,886.0,12:30:33.082805
72.0,-474.0,920.0,12:30:33.092220
32.0,-626.0,781.0,12:30:33.102734
104.0,-544.0,743.0,12:30:33.112171
24.0,-683.0,1202.0,12:30:33.121535
30.0,-405.0,1180.0,12:30:33.132042
-21.0,-323.0,741.0,12:30:33.141364
38.0,-348.0,736.0,12:30:33.151885
-9.0,-487.0,1261.0,12:30:33.161208
-55.0,-458.0,870.0,12:30:33.171670
-57.0,-432.0,719.0,12:30:33.181190
12.0,-538.0,1077.0,12:30:33.190509
110.0,-583.0,1109.0,12:30:33.201260
168.0,-562.0,1011.0,12:30:33.210507
-110.0,-421.0,891.0,12:30:33.221168
-31.0,-511.0,967.0,12:30:33.230534
102.0,-500.0,810.0,12:30:33.239989
20.0,-577.0,998.0,12:30:33.250373
162.0,-668.0,855.0,12:30:33.259800
21.0,-453.0,977.0,12:30:33.270197
1.0,-667.0,1003.0,12:30:33.279544
81.0,-744.0,921.0,12:30:33.290071
26.0,-571.0,1027.0,12:30:33.299573
-54.0,-366.0,986.0,12:30:33.308939
181.0,-687.0,985.0,12:30:33.319403
109.0,-684.0,586.0,12:30:33.328728
48.0,-537.0,843.0,12:30:33.339237
-125.0,-367.0,1038.0,12:30:33.348553
-123.0,-573.0,914.0,12:30:33.359010
32.0,-467.0,788.0,12:30:33.368329
-97.0,-471.0,849.0,12:30:33.377844
46.0,-482.0,967.0,12:30:33.388265
-161.0,-294.0,1157.0,12:30:33.397689
132.0,-279.0,677.0,12:30:33.408110
-4.0,-512.0,864.0,12:30:33.417551
159.0,-623.0,1021.0,12:30:33.427520
3.0,-472.0,841.0,12:30:33.436968
-150.0,-291.0,934.0,12:30:33.447501
-9.0,-619.0,933.0,12:30:33.456789
-10.0,-683.0,922.0,12:30:33.467413
54.0,-371.0,1048.0,12:30:33.476659
-230.0,-541.0,1017.0,12:30:33.487205
125.0,-592.0,669.0,12:30:33.496584
27.0,-396.0,843.0,12:30:33.505994
-18.0,-432.0,949.0,12:30:33.516608
9.0,-557.0,839.0,12:30:33.526003
66.0,-417.0,648.0,12:30:33.536499
-150.0,-219.0,918.0,12:30:33.545942
-202.0,-472.0,988.0,12:30:33.556547
-3.0,-365.0,861.0,12:30:33.566036
-57.0,-363.0,1040.0,12:30:33.575288
-10.0,-344.0,922.0,12:30:33.585937
-45.0,-637.0,1333.0,12:30:33.595234
120.0,-770.0,1085.0,12:30:33.604767
156.0,-510.0,942.0,12:30:33.615252
-121.0,-348.0,1022.0,12:30:33.624688
10.0,-708.0,1249.0,12:30:33.635116
26.0,-493.0,849.0,12:30:33.644589
-67.0,-589.0,766.0,12:30:33.655082
47.0,-428.0,798.0,12:30:33.664551
-118.0,-370.0,996.0,12:30:33.673836
54.0,-306.0,698.0,12:30:33.683480
1.0,-298.0,684.0,12:30:33.693896
-25.0,-466.0,1212.0,12:30:33.703437
145.0,-240.0,993.0,12:30:33.713834
-36.0,-354.0,705.0,12:30:33.723192
93.0,-435.0,1008.0,12:30:33.733632
70.0,-407.0,1024.0,12:30:33.743097
-2.0,-370.0,613.0,12:30:33.753523
147.0,-674.0,885.0,12:30:33.762897
46.0,-648.0,971.0,12:30:33.772236
73.0,-619.0,911.0,12:30:33.782846
81.0,-446.0,774.0,12:30:33.792164
-60.0,-638.0,1342.0,12:30:33.802654
22.0,-787.0,1004.0,12:30:33.811956
-17.0,-761.0,798.0,12:30:33.829351
133.0,-714.0,1102.0,12:30:33.833173
160.0,-708.0,1319.0,12:30:33.841352
63.0,-592.0,829.0,12:30:33.851879
190.0,-616.0,897.0,12:30:33.861209
-8.0,-508.0,842.0,12:30:33.872133
124.0,-489.0,873.0,12:30:33.881583
-105.0,-403.0,854.0,12:30:33.890909
-68.0,-402.0,1070.0,12:30:33.901393
-28.0,-305.0,711.0,12:30:33.910824
-81.0,-296.0,825.0,12:30:33.920139
88.0,-360.0,919.0,12:30:33.930538
-182.0,-374.0,1037.0,12:30:33.939823
-3.0,-257.0,1086.0,12:30:33.950329
-64.0,-349.0,920.0,12:30:33.959628
58.0,-442.0,924.0,12:30:33.970155
-38.0,-436.0,965.0,12:30:33.979516
-53.0,-651.0,791.0,12:30:33.990168
-48.0,-576.0,828.0,12:30:33.999468
-67.0,-606.0,1024.0,12:30:34.008900
-58.0,-624.0,715.0,12:30:34.019329
-33.0,-480.0,725.0,12:30:34.028895
-16.0,-590.0,909.0,12:30:34.039400
92.0,-516.0,975.0,12:30:34.048969
-36.0,-486.0,1179.0,12:30:34.058311
106.0,-540.0,793.0,12:30:34.068914
40.0,-612.0,1070.0,12:30:34.078183
235.0,-725.0,1073.0,12:30:34.088666
16.0,-561.0,556.0,12:30:34.097981
-42.0,-440.0,956.0,12:30:34.108538
28.0,-384.0,804.0,12:30:34.128088
-40.0,-203.0,707.0,12:30:34.137414
-91.0,-195.0,1163.0,12:30:34.146886
99.0,-238.0,1033.0,12:30:34.157451
165.0,-287.0,918.0,12:30:34.166877
189.0,-216.0,866.0,12:30:34.177275
62.0,-334.0,1090.0,12:30:34.186724
34.0,-413.0,1104.0,12:30:34.196077
-34.0,-410.0,1004.0,12:30:34.206625
17.0,-432.0,857.0,12:30:34.215978
79.0,-537.0,834.0,12:30:34.226562
66.0,-547.0,1211.0,12:30:34.235949
81.0,-628.0,996.0,12:30:34.246479
87.0,-491.0,775.0,12:30:34.255836
111.0,-625.0,1094.0,12:30:34.265274
126.0,-650.0,1036.0,12:30:34.275755
171.0,-549.0,631.0,12:30:34.285161
113.0,-741.0,1219.0,12:30:34.295728
176.0,-574.0,1141.0,12:30:34.305078
117.0,-436.0,638.0,12:30:34.314519
-45.0,-539.0,791.0,12:30:34.324958
124.0,-632.0,944.0,12:30:34.334347
31.0,-567.0,658.0,12:30:34.344822
43.0,-465.0,901.0,12:30:34.354220
-85.0,-512.0,1130.0,12:30:34.364674
68.0,-531.0,825.0,12:30:34.373978
110.0,-496.0,584.0,12:30:34.383454
12.0,-475.0,957.0,12:30:34.394002
151.0,-402.0,1131.0,12:30:34.403339
-111.0,-225.0,980.0,12:30:34.413780
-57.0,-292.0,886.0,12:30:34.423145
-25.0,-393.0,1029.0,12:30:34.433610
1.0,-591.0,881.0,12:30:34.442935
168.0,-558.0,911.0,12:30:34.452420
-7.0,-486.0,1256.0,12:30:34.462969
13.0,-557.0,1119.0,12:30:34.472341
45.0,-520.0,771.0,12:30:34.482789
16.0,-527.0,831.0,12:30:34.492226
95.0,-625.0,1025.0,12:30:34.502676
-31.0,-507.0,1124.0,12:30:34.512076
-43.0,-501.0,753.0,12:30:34.521437
-24.0,-616.0,705.0,12:30:34.531849
65.0,-636.0,857.0,12:30:34.541254
-34.0,-381.0,696.0,12:30:34.551762
178.0,-325.0,674.0,12:30:34.561135
-164.0,-362.0,969.0,12:30:34.571566
12.0,-482.0,939.0,12:30:34.581155
112.0,-373.0,766.0,12:30:34.590465
93.0,-413.0,853.0,12:30:34.601085
219.0,-582.0,1198.0,12:30:34.610487
63.0,-420.0,1301.0,12:30:34.620005
-16.0,-304.0,913.0,12:30:34.631111
113.0,-455.0,969.0,12:30:34.640321
136.0,-449.0,915.0,12:30:34.649722
156.0,-458.0,998.0,12:30:34.660166
-176.0,-477.0,1089.0,12:30:34.669548
214.0,-545.0,1065.0,12:30:34.680087
-21.0,-632.0,740.0,12:30:34.689430
46.0,-620.0,1128.0,12:30:34.699914
138.0,-572.0,1025.0,12:30:34.709321
145.0,-508.0,877.0,12:30:34.718613
59.0,-414.0,856.0,12:30:34.729083
33.0,-522.0,804.0,12:30:34.738413
80.0,-495.0,657.0,12:30:34.749015
70.0,-287.0,627.0,12:30:34.758321
-90.0,-275.0,1016.0,12:30:34.768905
-12.0,-462.0,1110.0,12:30:34.778298
-90.0,-478.0,692.0,12:30:34.787848
-7.0,-557.0,760.0,12:30:34.798263
-35.0,-706.0,1348.0,12:30:34.807757
22.0,-677.0,1254.0,12:30:34.818154
-1.0,-516.0,862.0,12:30:34.827546
34.0,-431.0,639.0,12:30:34.836907
4.0,-536.0,1088.0,12:30:34.847403
-13.0,-575.0,900.0,12:30:34.856695
-82.0,-412.0,538.0,12:30:34.867272
-161.0,-522.0,1141.0,12:30:34.876629
-12.0,-757.0,1090.0,12:30:34.887076
203.0,-656.0,791.0,12:30:34.896311
22.0,-421.0,805.0,12:30:34.905909
-76.0,-669.0,1175.0,12:30:34.916495
65.0,-495.0,943.0,12:30:34.925859
124.0,-312.0,751.0,12:30:34.936264
26.0,-503.0,1049.0,12:30:34.945727
-26.0,-405.0,861.0,12:30:34.956268
-65.0,-265.0,750.0,12:30:34.965767
-145.0,-276.0,1061.0,12:30:34.975024
39.0,-596.0,1144.0,12:30:34.985709
16.0,-403.0,819.0,12:30:34.994961
-70.0,-405.0,831.0,12:30:35.005533
-9.0,-544.0,1063.0,12:30:35.014818
43.0,-586.0,999.0,12:30:35.027810
-22.0,-507.0,661.0,12:30:35.034963
98.0,-355.0,607.0,12:30:35.045046
-21.0,-398.0,911.0,12:30:35.054490
-13.0,-577.0,1156.0,12:30:35.063754
-40.0,-353.0,625.0,12:30:35.074348
-92.0,-478.0,884.0,12:30:35.083700
170.0,-754.0,1326.0,12:30:35.094285
247.0,-599.0,633.0,12:30:35.103548
-93.0,-412.0,264.0,12:30:35.113062
201.0,-315.0,707.0,12:30:35.123426
1.0,-528.0,1819.0,12:30:35.132835
44.0,-498.0,1429.0,12:30:35.143289
-78.0,-579.0,1166.0,12:30:35.152683
280.0,-824.0,1466.0,12:30:35.162172
55.0,-681.0,1301.0,12:30:35.172681
164.0,-830.0,1300.0,12:30:35.181948
-66.0,-683.0,1154.0,12:30:35.192473
157.0,-424.0,714.0,12:30:35.201739
59.0,-630.0,456.0,12:30:35.212317
-69.0,-515.0,758.0,12:30:35.221618
-269.0,-322.0,1163.0,12:30:35.232249
28.0,-431.0,767.0,12:30:35.241601
-118.0,-429.0,655.0,12:30:35.250968
6.0,-454.0,878.0,12:30:35.261368
-64.0,-368.0,836.0,12:30:35.270792
-189.0,-268.0,861.0,12:30:35.281214
9.0,-445.0,784.0,12:30:35.290590
29.0,-487.0,869.0,12:30:35.301136
24.0,-393.0,658.0,12:30:35.310526
51.0,-544.0,917.0,12:30:35.319948
-178.0,-362.0,922.0,12:30:35.330422
57.0,-262.0,659.0,12:30:35.339690
-49.0,-402.0,973.0,12:30:35.350224
-48.0,-375.0,707.0,12:30:35.359550
15.0,-216.0,510.0,12:30:35.370099
86.0,-416.0,1082.0,12:30:35.379427
136.0,-411.0,1074.0,12:30:35.390005
22.0,-356.0,836.0,12:30:35.399315
47.0,-743.0,1153.0,12:30:35.409776
353.0,-789.0,1337.0,12:30:35.419046
122.0,-435.0,829.0,12:30:35.428458
14.0,-615.0,1268.0,12:30:35.438954
301.0,-987.0,1264.0,12:30:35.448321
233.0,-754.0,653.0,12:30:35.458902
-29.0,-815.0,369.0,12:30:35.468311
161.0,-556.0,798.0,12:30:35.477670
-299.0,-68.0,1264.0,12:30:35.488130
-543.0,373.0,1132.0,12:30:35.497447
-68.0,-39.0,1225.0,12:30:35.508017
-76.0,-243.0,1092.0,12:30:35.517369
71.0,-341.0,1044.0,12:30:35.527935
156.0,-485.0,1193.0,12:30:35.537210
-43.0,-601.0,1573.0,12:30:35.547814
252.0,-642.0,997.0,12:30:35.557203
66.0,-628.0,579.0,12:30:35.566611
124.0,-486.0,742.0,12:30:35.577151
-154.0,-483.0,1130.0,12:30:35.586696
78.0,-510.0,774.0,12:30:35.595977
-253.0,-364.0,355.0,12:30:35.606502
175.0,-765.0,677.0,12:30:35.615842
-54.0,-645.0,1062.0,12:30:35.626544
100.0,-443.0,595.0,12:30:35.635834
93.0,-437.0,736.0,12:30:35.646282
136.0,-497.0,966.0,12:30:35.655671
209.0,-420.0,770.0,12:30:35.665026
107.0,-326.0,683.0,12:30:35.675576
99.0,-428.0,1155.0,12:30:35.684989
0.0,-518.0,920.0,12:30:35.695381
132.0,-365.0,651.0,12:30:35.704848
-115.0,-460.0,979.0,12:30:35.715256
-5.0,-591.0,1120.0,12:30:35.724717
111.0,-589.0,817.0,12:30:35.734082
224.0,-504.0,596.0,12:30:35.744721
-247.0,-426.0,1115.0,12:30:35.754050
61.0,-577.0,1507.0,12:30:35.764595
108.0,-317.0,1052.0,12:30:35.773999
265.0,-388.0,505.0,12:30:35.783472
35.0,-380.0,1481.0,12:30:35.793867
-173.0,-564.0,1498.0,12:30:35.803238
300.0,-648.0,420.0,12:30:35.813688
25.0,-393.0,1106.0,12:30:35.823027
53.0,-600.0,1180.0,12:30:35.833807
121.0,-543.0,711.0,12:30:35.843470
112.0,-713.0,736.0,12:30:35.852794
105.0,-609.0,1210.0,12:30:35.862175
-66.0,-347.0,905.0,12:30:35.872669
-14.0,-447.0,719.0,12:30:35.882004
43.0,-444.0,1045.0,12:30:35.892455
-14.0,-532.0,823.0,12:30:35.901877
-68.0,-498.0,804.0,12:30:35.912431
-12.0,-538.0,983.0,12:30:35.921749
-34.0,-574.0,959.0,12:30:35.932306
20.0,-459.0,747.0,12:30:35.941594
43.0,-448.0,867.0,12:30:35.951056
-31.0,-469.0,757.0,12:30:35.961452
36.0,-281.0,891.0,12:30:35.970966
-19.0,-358.0,734.0,12:30:35.981392
132.0,-542.0,702.0,12:30:35.990744
-38.0,-445.0,920.0,12:30:36.001258
1.0,-269.0,1022.0,12:30:36.010602
-73.0,-366.0,836.0,12:30:36.020056
256.0,-359.0,908.0,12:30:36.039552
-88.0,-406.0,965.0,12:30:36.050157
-29.0,-360.0,863.0,12:30:36.059522
-60.0,-567.0,994.0,12:30:36.070104
147.0,-671.0,1187.0,12:30:36.079538
39.0,-446.0,1114.0,12:30:36.088940
173.0,-451.0,710.0,12:30:36.099367
46.0,-650.0,972.0,12:30:36.108828
22.0,-578.0,1459.0,12:30:36.119235
45.0,-612.0,919.0,12:30:36.128646
105.0,-450.0,648.0,12:30:36.139127
-53.0,-439.0,1047.0,12:30:36.148505
0.0,-537.0,1091.0,12:30:36.159021
100.0,-611.0,799.0,12:30:36.168324
113.0,-630.0,772.0,12:30:36.177698
-108.0,-514.0,1168.0,12:30:36.188190
-17.0,-429.0,1129.0,12:30:36.197545
114.0,-392.0,773.0,12:30:36.208009
-145.0,-450.0,915.0,12:30:36.217368
-42.0,-550.0,908.0,12:30:36.235643
-145.0,-500.0,922.0,12:30:36.238293
14.0,-494.0,1003.0,12:30:36.247758
-53.0,-646.0,952.0,12:30:36.257089
108.0,-490.0,675.0,12:30:36.267483
-64.0,-190.0,865.0,12:30:36.276847
75.0,-576.0,1158.0,12:30:36.286139
64.0,-451.0,977.0,12:30:36.296688
-14.0,-444.0,632.0,12:30:36.305943
72.0,-609.0,891.0,12:30:36.316544
-36.0,-493.0,1106.0,12:30:36.325939
32.0,-635.0,894.0,12:30:36.336546
102.0,-425.0,566.0,12:30:36.345773
-109.0,-455.0,983.0,12:30:36.355198
62.0,-440.0,771.0,12:30:36.365784
15.0,-632.0,924.0,12:30:36.375176
248.0,-571.0,705.0,12:30:36.385623
-33.0,-477.0,833.0,12:30:36.395018
174.0,-564.0,956.0,12:30:36.405437
102.0,-433.0,1128.0,12:30:36.414730
61.0,-388.0,828.0,12:30:36.425217
89.0,-451.0,1095.0,12:30:36.434731
-116.0,-479.0,1019.0,12:30:36.444058
425.0,-400.0,959.0,12:30:36.454687
-77.0,-566.0,936.0,12:30:36.464018
79.0,-464.0,987.0,12:30:36.473533
-5.0,-285.0,804.0,12:30:36.483961
-73.0,-447.0,1049.0,12:30:36.493405
201.0,-387.0,1096.0,12:30:36.503921
-80.0,-520.0,1152.0,12:30:36.513456
100.0,-621.0,1241.0,12:30:36.522896
-35.0,-464.0,1011.0,12:30:36.533505
120.0,-424.0,809.0,12:30:36.542848
2.0,-506.0,1265.0,12:30:36.553370
61.0,-667.0,1118.0,12:30:36.562765
178.0,-524.0,660.0,12:30:36.572204
1.0,-425.0,951.0,12:30:36.582708
110.0,-644.0,856.0,12:30:36.591966
178.0,-465.0,701.0,12:30:36.602437
-81.0,-498.0,663.0,12:30:36.611768
53.0,-524.0,986.0,12:30:36.622362
55.0,-506.0,739.0,12:30:36.631616
-37.0,-427.0,656.0,12:30:36.641172
-38.0,-476.0,873.0,12:30:36.651597
-16.0,-512.0,1032.0,12:30:36.661031
-18.0,-481.0,893.0,12:30:36.671372
-43.0,-380.0,684.0,12:30:36.680798
-36.0,-417.0,816.0,12:30:36.691268
-16.0,-484.0,1164.0,12:30:36.700708
-89.0,-392.0,903.0,12:30:36.710077
132.0,-436.0,566.0,12:30:36.720616
7.0,-414.0,1075.0,12:30:36.730032
121.0,-589.0,1193.0,12:30:36.740608
12.0,-620.0,947.0,12:30:36.750068
53.0,-281.0,906.0,12:30:36.759325
1.0,-417.0,1199.0,12:30:36.769900
-16.0,-611.0,1260.0,12:30:36.779243
227.0,-527.0,872.0,12:30:36.789680
21.0,-390.0,816.0,12:30:36.798996
34.0,-450.0,1147.0,12:30:36.809442
-88.0,-532.0,1129.0,12:30:36.818810
66.0,-524.0,687.0,12:30:36.829376
141.0,-573.0,807.0,12:30:36.838662
60.0,-551.0,1404.0,12:30:36.848114
209.0,-676.0,1039.0,12:30:36.858525
-23.0,-389.0,341.0,12:30:36.867874
139.0,-456.0,1212.0,12:30:36.878299
-88.0,-448.0,1060.0,12:30:36.887775
64.0,-545.0,1004.0,12:30:36.898543
-106.0,-315.0,807.0,12:30:36.908103
110.0,-495.0,728.0,12:30:36.917798
37.0,-419.0,881.0,12:30:36.927371
-86.0,-449.0,947.0,12:30:36.936961
11.0,-557.0,1048.0,12:30:36.947841
143.0,-587.0,881.0,12:30:36.957351
147.0,-462.0,742.0,12:30:36.966920
7.0,-501.0,967.0,12:30:36.976619
64.0,-454.0,744.0,12:30:36.986213
-21.0,-385.0,804.0,12:30:36.996119
-65.0,-516.0,933.0,12:30:37.006868
123.0,-466.0,834.0,12:30:37.016588
-34.0,-385.0,748.0,12:30:37.026218
132.0,-515.0,822.0,12:30:37.035555
7.0,-397.0,820.0,12:30:37.045337
241.0,-453.0,968.0,12:30:37.056017
43.0,-388.0,670.0,12:30:37.065617
-172.0,-413.0,915.0,12:30:37.075154
-56.0,-529.0,1010.0,12:30:37.084752
44.0,-324.0,645.0,12:30:37.095546
-74.0,-187.0,496.0,12:30:37.105065
23.0,-139.0,618.0,12:30:37.114454
29.0,-380.0,1152.0,12:30:37.124849
-177.0,-638.0,2047.0,12:30:37.134217
29.0,-824.0,1157.0,12:30:37.144621
143.0,-743.0,1338.0,12:30:37.153909
15.0,-1039.0,1911.0,12:30:37.164351
249.0,-999.0,1285.0,12:30:37.173655
336.0,-767.0,732.0,12:30:37.184083
-196.0,-383.0,451.0,12:30:37.193453
-90.0,-411.0,852.0,12:30:37.203941
3.0,-503.0,590.0,12:30:37.213317
-31.0,-90.0,514.0,12:30:37.223696
-58.0,-233.0,886.0,12:30:37.233068
-230.0,-287.0,1430.0,12:30:37.243499
189.0,-509.0,1115.0,12:30:37.252829
89.0,-253.0,234.0,12:30:37.262234
198.0,-251.0,788.0,12:30:37.272658
69.0,-404.0,1518.0,12:30:37.282048
-11.0,-472.0,968.0,12:30:37.292570
-1.0,-261.0,411.0,12:30:37.301881
-28.0,-673.0,1046.0,12:30:37.312395
-59.0,-520.0,784.0,12:30:37.321680
96.0,-433.0,595.0,12:30:37.332127
22.0,-476.0,1313.0,12:30:37.341437
-123.0,-661.0,1053.0,12:30:37.351859
261.0,-518.0,462.0,12:30:37.361220
28.0,-618.0,1038.0,12:30:37.371657
226.0,-758.0,1164.0,12:30:37.380915
88.0,-560.0,678.0,12:30:37.391312
-35.0,-510.0,886.0,12:30:37.400684
27.0,-571.0,800.0,12:30:37.410072
24.0,-710.0,845.0,12:30:37.420484
62.0,-572.0,979.0,12:30:37.437421
-47.0,-494.0,1111.0,12:30:37.441430
74.0,-369.0,627.0,12:30:37.449616
43.0,-712.0,1055.0,12:30:37.460217
162.0,-941.0,1061.0,12:30:37.469522
449.0,-241.0,393.0,12:30:37.480074
-202.0,108.0,1243.0,12:30:37.489459
-86.0,-43.0,1781.0,12:30:37.498848
-95.0,-59.0,1098.0,12:30:37.509304
-39.0,-6.0,470.0,12:30:37.518605
83.0,-332.0,1110.0,12:30:37.529039
-27.0,-617.0,1544.0,12:30:37.538395
122.0,-530.0,1139.0,12:30:37.548919
-114.0,-660.0,914.0,12:30:37.558232
-28.0,-744.0,956.0,12:30:37.568671
313.0,-681.0,864.0,12:30:37.577973
-75.0,-327.0,549.0,12:30:37.588448
-71.0,-429.0,863.0,12:30:37.597797
-288.0,-653.0,903.0,12:30:37.608206
34.0,-634.0,513.0,12:30:37.617511
69.0,-589.0,770.0,12:30:37.627902
-55.0,-501.0,829.0,12:30:37.637193
142.0,-620.0,840.0,12:30:37.647733
162.0,-432.0,844.0,12:30:37.657012
271.0,-330.0,823.0,12:30:37.667435
98.0,-226.0,910.0,12:30:37.676766
108.0,-251.0,669.0,12:30:37.686101
24.0,-165.0,845.0,12:30:37.696597
-192.0,-458.0,1430.0,12:30:37.705873
-66.0,-580.0,1143.0,12:30:37.716291
-55.0,-568.0,754.0,12:30:37.725711
60.0,-685.0,1304.0,12:30:37.736225
84.0,-642.0,1180.0,12:30:37.745670
187.0,-678.0,879.0,12:30:37.756091
79.0,-165.0,930.0,12:30:37.765437
-99.0,-587.0,1283.0,12:30:37.775860
204.0,-466.0,775.0,12:30:37.785176
-52.0,-388.0,885.0,12:30:37.795644
-140.0,-685.0,1106.0,12:30:37.804951
157.0,-632.0,1041.0,12:30:37.814283
133.0,-494.0,834.0,12:30:37.824707
121.0,-515.0,572.0,12:30:37.835134
-69.0,-485.0,844.0,12:30:37.844507
68.0,-487.0,1095.0,12:30:37.853817
-36.0,-350.0,972.0,12:30:37.864227
-45.0,-296.0,683.0,12:30:37.883875
-92.0,-419.0,845.0,12:30:37.893195
113.0,-505.0,1024.0,12:30:37.903685
-70.0,-521.0,1093.0,12:30:37.913024
-18.0,-554.0,1052.0,12:30:37.923506
-36.0,-451.0,743.0,12:30:37.932817
170.0,-599.0,821.0,12:30:37.943479
222.0,-531.0,1107.0,12:30:37.952761
-67.0,-422.0,1083.0,12:30:37.962116
11.0,-360.0,802.0,12:30:37.972587
-58.0,-425.0,628.0,12:30:37.981855
204.0,-585.0,1092.0,12:30:37.992310
99.0,-694.0,1164.0,12:30:38.001580
-11.0,-497.0,849.0,12:30:38.012007
-5.0,-363.0,820.0,12:30:38.021319
-58.0,-543.0,1142.0,12:30:38.031770
148.0,-584.0,787.0,12:30:38.041139
-2.0,-546.0,761.0,12:30:38.051547
-57.0,-457.0,921.0,12:30:38.060917
-46.0,-406.0,1158.0,12:30:38.071354
61.0,-474.0,831.0,12:30:38.080651
16.0,-605.0,854.0,12:30:38.091113
3.0,-427.0,832.0,12:30:38.100385
7.0,-454.0,992.0,12:30:38.115624
-124.0,-457.0,895.0,12:30:38.120334
108.0,-374.0,644.0,12:30:38.129854
-223.0,-346.0,989.0,12:30:38.140547
140.0,-458.0,812.0,12:30:38.150136
-92.0,-318.0,368.0,12:30:38.159465
9.0,-126.0,510.0,12:30:38.170117
-254.0,-562.0,1635.0,12:30:38.179360
-170.0,-849.0,1388.0,12:30:38.189978
120.0,-622.0,875.0,12:30:38.199248
-60.0,-729.0,1406.0,12:30:38.208576
148.0,-911.0,1479.0,12:30:38.218994
143.0,-748.0,875.0,12:30:38.228536
42.0,-419.0,867.0,12:30:38.239442
-49.0,-486.0,814.0,12:30:38.249003
-47.0,-612.0,717.0,12:30:38.258367
-129.0,-425.0,698.0,12:30:38.267794
19.0,-486.0,962.0,12:30:38.278293
-90.0,-499.0,1301.0,12:30:38.287657
-126.0,-599.0,1146.0,12:30:38.298170
187.0,-697.0,677.0,12:30:38.307506
63.0,-368.0,924.0,12:30:38.318016
-34.0,-499.0,1067.0,12:30:38.327360
7.0,-333.0,915.0,12:30:38.337817
-27.0,-273.0,682.0,12:30:38.347182
-24.0,-431.0,760.0,12:30:38.356553
-62.0,-425.0,638.0,12:30:38.367157
100.0,-596.0,1013.0,12:30:38.376546
-116.0,-460.0,810.0,12:30:38.387097
-135.0,-272.0,955.0,12:30:38.396591
-60.0,-427.0,935.0,12:30:38.405963
217.0,-424.0,650.0,12:30:38.416649
70.0,-348.0,887.0,12:30:38.426023
-108.0,-301.0,988.0,12:30:38.436603
82.0,-496.0,953.0,12:30:38.446014
-74.0,-346.0,806.0,12:30:38.455381
173.0,-348.0,637.0,12:30:38.465888
-92.0,-786.0,1344.0,12:30:38.475230
133.0,-666.0,1671.0,12:30:38.484693
77.0,-521.0,656.0,12:30:38.495226
68.0,-1092.0,1135.0,12:30:38.504617
90.0,-1091.0,1214.0,12:30:38.515083
-11.0,-783.0,512.0,12:30:38.524397
78.0,-273.0,561.0,12:30:38.534895
-202.0,12.0,1136.0,12:30:38.544248
-67.0,-41.0,1074.0,12:30:38.554778
40.0,-232.0,451.0,12:30:38.564154
-140.0,-289.0,693.0,12:30:38.573545
-39.0,-357.0,1661.0,12:30:38.584025
3.0,-452.0,1314.0,12:30:38.593492
203.0,-556.0,976.0,12:30:38.603933
124.0,-753.0,1059.0,12:30:38.613390
91.0,-435.0,844.0,12:30:38.622742
231.0,-123.0,777.0,12:30:38.641200
-271.0,-164.0,1021.0,12:30:38.643840
-16.0,-466.0,718.0,12:30:38.653336
-42.0,-387.0,885.0,12:30:38.672942
-107.0,-363.0,926.0,12:30:38.682297
248.0,-607.0,913.0,12:30:38.691751
-23.0,-723.0,1007.0,12:30:38.702244
242.0,-670.0,665.0,12:30:38.711592
186.0,-354.0,718.0,12:30:38.721986
173.0,-296.0,1121.0,12:30:38.731335
-47.0,-462.0,691.0,12:30:38.741748
103.0,-474.0,546.0,12:30:38.751248
-40.0,-568.0,910.0,12:30:38.761646
128.0,-569.0,1322.0,12:30:38.771150
-93.0,-535.0,1178.0,12:30:38.781556
8.0,-658.0,901.0,12:30:38.790887
280.0,-649.0,837.0,12:30:38.800191
94.0,-679.0,859.0,12:30:38.810721
-47.0,-342.0,874.0,12:30:38.820220
-166.0,-38.0,1231.0,12:30:38.830694
-134.0,-225.0,1148.0,12:30:38.840108
-46.0,-209.0,963.0,12:30:38.849501
-10.0,-298.0,755.0,12:30:38.860069
102.0,-560.0,1217.0,12:30:38.869452
44.0,-774.0,1345.0,12:30:38.879019
104.0,-560.0,993.0,12:30:38.889537
42.0,-455.0,744.0,12:30:38.898938
-46.0,-707.0,696.0,12:30:38.909389
194.0,-289.0,484.0,12:30:38.918958
147.0,-201.0,950.0,12:30:38.929338
-88.0,-293.0,905.0,12:30:38.938766
141.0,-445.0,767.0,12:30:38.948165
-22.0,-988.0,1079.0,12:30:38.958772
137.0,-817.0,1078.0,12:30:38.968087
128.0,-494.0,1224.0,12:30:38.978635
99.0,-613.0,1516.0,12:30:38.987903
-28.0,-651.0,682.0,12:30:38.998395
236.0,-619.0,396.0,12:30:39.007775
89.0,-608.0,942.0,12:30:39.017230
137.0,-473.0,1192.0,12:30:39.027820
-116.0,-315.0,688.0,12:30:39.037241
-109.0,-506.0,950.0,12:30:39.046688
72.0,-625.0,739.0,12:30:39.057124
5.0,-482.0,927.0,12:30:39.066807
-177.0,-395.0,1276.0,12:30:39.076202
54.0,-436.0,1137.0,12:30:39.086720
107.0,-591.0,811.0,12:30:39.096021
208.0,-640.0,879.0,12:30:39.106639
85.0,-398.0,902.0,12:30:39.115980
-35.0,-193.0,1153.0,12:30:39.126526
-206.0,-275.0,1035.0,12:30:39.135806
64.0,-384.0,639.0,12:30:39.146298
11.0,-411.0,897.0,12:30:39.155627
176.0,-633.0,938.0,12:30:39.164954
61.0,-292.0,775.0,12:30:39.175374
52.0,-445.0,1018.0,12:30:39.184689
151.0,-653.0,1159.0,12:30:39.195165
-149.0,-423.0,627.0,12:30:39.204600
258.0,-449.0,530.0,12:30:39.215074
-70.0,-540.0,1241.0,12:30:39.224548
80.0,-554.0,770.0,12:30:39.235044
-9.0,-445.0,731.0,12:30:39.244416
11.0,-427.0,794.0,12:30:39.253713
28.0,-476.0,870.0,12:30:39.264299
-33.0,-560.0,458.0,12:30:39.273684
-32.0,-443.0,747.0,12:30:39.284123
54.0,-457.0,1134.0,12:30:39.293557
-83.0,-167.0,1247.0,12:30:39.303986
-86.0,-146.0,726.0,12:30:39.313419
50.0,-268.0,847.0,12:30:39.322841
-88.0,-343.0,1422.0,12:30:39.333401
51.0,-335.0,1056.0,12:30:39.342753
-58.0,-374.0,964.0,12:30:39.352258
25.0,-364.0,1164.0,12:30:39.362829
4.0,-528.0,1098.0,12:30:39.372423
77.0,-588.0,1035.0,12:30:39.382879
29.0,-562.0,1006.0,12:30:39.392355
-26.0,-783.0,1331.0,12:30:39.401589
216.0,-838.0,900.0,12:30:39.412287
-157.0,-739.0,878.0,12:30:39.421593
132.0,-632.0,981.0,12:30:39.432087
31.0,-563.0,909.0,12:30:39.442934
85.0,-454.0,660.0,12:30:39.451574
-13.0,-428.0,542.0,12:30:39.460976
55.0,-437.0,845.0,12:30:39.471471
163.0,-561.0,895.0,12:30:39.480856
33.0,-357.0,708.0,12:30:39.491270
109.0,-399.0,782.0,12:30:39.500637
-37.0,-418.0,970.0,12:30:39.509987
-75.0,-475.0,1115.0,12:30:39.520579
212.0,-504.0,824.0,12:30:39.529992
148.0,-559.0,963.0,12:30:39.540518
7.0,-344.0,902.0,12:30:39.549782
33.0,-601.0,1085.0,12:30:39.560193
-139.0,-466.0,913.0,12:30:39.569491
173.0,-548.0,964.0,12:30:39.580112
6.0,-463.0,860.0,12:30:39.589369
1.0,-496.0,1025.0,12:30:39.598778
63.0,-592.0,959.0,12:30:39.609230
20.0,-470.0,1017.0,12:30:39.618585
49.0,-642.0,699.0,12:30:39.629067
44.0,-691.0,1003.0,12:30:39.638408
45.0,-568.0,975.0,12:30:39.648960
38.0,-466.0,837.0,12:30:39.658289
-26.0,-472.0,881.0,12:30:39.668728
73.0,-382.0,894.0,12:30:39.678070
137.0,-317.0,807.0,12:30:39.688605
-98.0,-487.0,1082.0,12:30:39.697913
116.0,-488.0,791.0,12:30:39.707363
40.0,-568.0,806.0,12:30:39.717849
142.0,-706.0,1009.0,12:30:39.727200
-36.0,-489.0,1171.0,12:30:39.737753
-5.0,-324.0,922.0,12:30:39.747151
100.0,-330.0,1105.0,12:30:39.756576
36.0,-493.0,976.0,12:30:39.767113
170.0,-422.0,674.0,12:30:39.776567
-59.0,-477.0,996.0,12:30:39.787118
35.0,-615.0,1197.0,12:30:39.796461
-172.0,-514.0,864.0,12:30:39.805891
-67.0,-655.0,892.0,12:30:39.816477
159.0,-513.0,1047.0,12:30:39.825920
-120.0,-435.0,893.0,12:30:39.843579
52.0,-479.0,1005.0,12:30:39.847601
-27.0,-448.0,878.0,12:30:39.855837
-128.0,-513.0,905.0,12:30:39.865223
27.0,-478.0,932.0,12:30:39.875846
-122.0,-374.0,856.0,12:30:39.885140
67.0,-390.0,958.0,12:30:39.894704
-87.0,-515.0,909.0,12:30:39.905102
62.0,-508.0,890.0,12:30:39.914700
154.0,-535.0,758.0,12:30:39.925118
-25.0,-442.0,728.0,12:30:39.934708
35.0,-448.0,935.0,12:30:39.943979
-48.0,-460.0,1098.0,12:30:39.954512
101.0,-518.0,816.0,12:30:39.963817
55.0,-389.0,572.0,12:30:39.974392
12.0,-417.0,975.0,12:30:39.983755
-43.0,-410.0,1238.0,12:30:39.993125
-17.0,-581.0,917.0,12:30:40.003604
81.0,-342.0,782.0,12:30:40.012979
-44.0,-493.0,1117.0,12:30:40.023490
19.0,-651.0,1042.0,12:30:40.032815
148.0,-426.0,843.0,12:30:40.043344
-57.0,-433.0,945.0,12:30:40.052690
12.0,-399.0,980.0,12:30:40.062064
-143.0,-296.0,1098.0,12:30:40.072566
71.0,-561.0,922.0,12:30:40.081927
214.0,-464.0,822.0,12:30:40.092359
-58.0,-439.0,1016.0,12:30:40.101659
212.0,-532.0,1286.0,12:30:40.112419
-22.0,-417.0,958.0,12:30:40.121827
69.0,-582.0,792.0,12:30:40.131204
123.0,-633.0,1004.0,12:30:40.141777
5.0,-595.0,907.0,12:30:40.151112
103.0,-537.0,873.0,12:30:40.161700
-123.0,-385.0,792.0,12:30:40.171037
30.0,-542.0,957.0,12:30:40.180416
145.0,-506.0,831.0,12:30:40.190808
57.0,-437.0,966.0,12:30:40.200184
193.0,-481.0,1040.0,12:30:40.210612
78.0,-419.0,734.0,12:30:40.220083
89.0,-478.0,913.0,12:30:40.230570
-37.0,-543.0,1280.0,12:30:40.239994
89.0,-507.0,968.0,12:30:40.250438
-59.0,-487.0,900.0,12:30:40.259791
93.0,-569.0,1187.0,12:30:40.270205
-119.0,-515.0,1002.0,12:30:40.279570
190.0,-635.0,795.0,12:30:40.289045
-158.0,-539.0,782.0,12:30:40.299663
-88.0,-470.0,1018.0,12:30:40.308954
79.0,-537.0,906.0,12:30:40.318497
160.0,-481.0,824.0,12:30:40.328922
55.0,-414.0,671.0,12:30:40.338288
30.0,-458.0,880.0,12:30:40.348842
87.0,-428.0,1000.0,12:30:40.358299
114.0,-453.0,1140.0,12:30:40.368770
71.0,-266.0,798.0,12:30:40.378064
187.0,-448.0,717.0,12:30:40.388569
28.0,-476.0,923.0,12:30:40.397915
64.0,-529.0,996.0,12:30:40.407175
102.0,-482.0,857.0,12:30:40.417706
148.0,-363.0,801.0,12:30:40.427103
-24.0,-459.0,1094.0,12:30:40.437705
4.0,-561.0,971.0,12:30:40.447008
95.0,-347.0,838.0,12:30:40.457480
-166.0,-428.0,1053.0,12:30:40.466806
220.0,-568.0,1044.0,12:30:40.476196
-16.0,-421.0,723.0,12:30:40.486703
98.0,-510.0,1005.0,12:30:40.496134
104.0,-468.0,1138.0,12:30:40.506682
31.0,-496.0,892.0,12:30:40.516087
102.0,-240.0,983.0,12:30:40.526588
78.0,-533.0,1034.0,12:30:40.535885
-84.0,-446.0,918.0,12:30:40.545296
2.0,-453.0,1116.0,12:30:40.555812
10.0,-484.0,1085.0,12:30:40.565106
162.0,-466.0,878.0,12:30:40.575617
107.0,-391.0,814.0,12:30:40.584966
81.0,-459.0,970.0,12:30:40.604658
27.0,-392.0,912.0,12:30:40.615110
-8.0,-329.0,827.0,12:30:40.624561
89.0,-396.0,856.0,12:30:40.633858
-30.0,-508.0,959.0,12:30:40.645780
103.0,-613.0,913.0,12:30:40.654278
-53.0,-479.0,983.0,12:30:40.663511
59.0,-523.0,973.0,12:30:40.674080
165.0,-489.0,896.0,12:30:40.683368
13.0,-487.0,850.0,12:30:40.693884
156.0,-461.0,790.0,12:30:40.703133
-94.0,-535.0,973.0,12:30:40.713715
73.0,-438.0,916.0,12:30:40.722967
87.0,-417.0,923.0,12:30:40.733531
-29.0,-500.0,907.0,12:30:40.742829
-35.0,-475.0,1072.0,12:30:40.752313
175.0,-588.0,948.0,12:30:40.762801
98.0,-437.0,982.0,12:30:40.772335
118.0,-518.0,905.0,12:30:40.782853
65.0,-542.0,932.0,12:30:40.792404
-86.0,-425.0,942.0,12:30:40.801663
187.0,-417.0,789.0,12:30:40.812247
14.0,-335.0,920.0,12:30:40.821637
129.0,-460.0,1007.0,12:30:40.831157
90.0,-467.0,843.0,12:30:40.841569
-19.0,-427.0,857.0,12:30:40.850861
37.0,-506.0,1151.0,12:30:40.861307
42.0,-453.0,921.0,12:30:40.870677
-26.0,-482.0,874.0,12:30:40.881188
-62.0,-531.0,1071.0,12:30:40.890516
-14.0,-459.0,791.0,12:30:40.910149
56.0,-432.0,896.0,12:30:40.920573
78.0,-440.0,883.0,12:30:40.930045
-112.0,-575.0,862.0,12:30:40.940556
106.0,-496.0,902.0,12:30:40.949979
-68.0,-423.0,919.0,12:30:40.959365
35.0,-466.0,831.0,12:30:40.969837
3.0,-505.0,936.0,12:30:40.979189
130.0,-576.0,1053.0,12:30:40.989575
0.0,-421.0,879.0,12:30:40.998969
144.0,-433.0,878.0,12:30:41.009365
56.0,-345.0,919.0,12:30:41.018819
130.0,-448.0,938.0,12:30:41.029204
161.0,-477.0,982.0,12:30:41.046299
-127.0,-516.0,898.0,12:30:41.050231
238.0,-530.0,903.0,12:30:41.058363
-32.0,-352.0,982.0,12:30:41.068414
3.0,-629.0,1145.0,12:30:41.077847
27.0,-564.0,803.0,12:30:41.088321
133.0,-484.0,864.0,12:30:41.097735
-39.0,-446.0,1012.0,12:30:41.108234
192.0,-489.0,929.0,12:30:41.117531
-54.0,-343.0,805.0,12:30:41.126864
-5.0,-477.0,1132.0,12:30:41.137343
35.0,-537.0,967.0,12:30:41.146854
96.0,-515.0,990.0,12:30:41.157263
47.0,-566.0,983.0,12:30:41.166696
169.0,-511.0,905.0,12:30:41.177099
32.0,-492.0,884.0,12:30:41.186509
0.0,-504.0,911.0,12:30:41.195800
68.0,-476.0,790.0,12:30:41.206460
-2.0,-382.0,920.0,12:30:41.215785
31.0,-428.0,931.0,12:30:41.226322
-54.0,-471.0,923.0,12:30:41.235738
175.0,-464.0,937.0,12:30:41.245100
23.0,-452.0,1076.0,12:30:41.255659
173.0,-543.0,820.0,12:30:41.265190
104.0,-573.0,889.0,12:30:41.275794
50.0,-465.0,927.0,12:30:41.285195
84.0,-416.0,934.0,12:30:41.294631
1.0,-498.0,893.0,12:30:41.305093
31.0,-494.0,808.0,12:30:41.314437
46.0,-412.0,925.0,12:30:41.324945
-8.0,-357.0,926.0,12:30:41.334339
-36.0,-502.0,941.0,12:30:41.343705
-39.0,-525.0,1021.0,12:30:41.354225
144.0,-464.0,971.0,12:30:41.363546
41.0,-463.0,973.0,12:30:41.374033
150.0,-601.0,922.0,12:30:41.383427
-2.0,-450.0,866.0,12:30:41.393925
89.0,-536.0,916.0,12:30:41.403374
63.0,-446.0,783.0,12:30:41.412777
89.0,-338.0,872.0,12:30:41.423197
-147.0,-379.0,1050.0,12:30:41.432559
44.0,-542.0,937.0,12:30:41.442997
-2.0,-560.0,810.0,12:30:41.452470
210.0,-632.0,906.0,12:30:41.462953
-64.0,-530.0,1096.0,12:30:41.472386
6.0,-493.0,879.0,12:30:41.481771
68.0,-436.0,616.0,12:30:41.492326
63.0,-328.0,930.0,12:30:41.501563
-63.0,-476.0,1094.0,12:30:41.512058
116.0,-361.0,695.0,12:30:41.521329
-34.0,-366.0,709.0,12:30:41.531805
-95.0,-330.0,811.0,12:30:41.541236
46.0,-660.0,1547.0,12:30:41.551778
21.0,-661.0,1153.0,12:30:41.561177
-59.0,-506.0,839.0,12:30:41.570567
124.0,-644.0,1271.0,12:30:41.581224
110.0,-703.0,980.0,12:30:41.590563
-10.0,-698.0,1040.0,12:30:41.601085
80.0,-553.0,977.0,12:30:41.610574
-110.0,-461.0,690.0,12:30:41.619851
5.0,-488.0,806.0,12:30:41.630390
22.0,-658.0,839.0,12:30:41.639845
12.0,-523.0,803.0,12:30:41.650309
95.0,-327.0,840.0,12:30:41.659645
-197.0,-360.0,1197.0,12:30:41.670082
93.0,-490.0,782.0,12:30:41.679416
102.0,-488.0,698.0,12:30:41.688894
151.0,-477.0,848.0,12:30:41.699333
53.0,-378.0,1074.0,12:30:41.708770
22.0,-401.0,1026.0,12:30:41.719341
62.0,-515.0,853.0,12:30:41.728699
-32.0,-498.0,825.0,12:30:41.739239
110.0,-560.0,983.0,12:30:41.748531
-106.0,-551.0,938.0,12:30:41.757908
63.0,-671.0,881.0,12:30:41.768388
-21.0,-593.0,857.0,12:30:41.777824
99.0,-608.0,1010.0,12:30:41.788305
-148.0,-571.0,986.0,12:30:41.797787
156.0,-517.0,850.0,12:30:41.807149
-41.0,-503.0,975.0,12:30:41.817768
-33.0,-427.0,813.0,12:30:41.827084
-20.0,-462.0,927.0,12:30:41.837726
-85.0,-514.0,1107.0,12:30:41.849247
44.0,-452.0,953.0,12:30:41.856651
-69.0,-376.0,893.0,12:30:41.867133
-17.0,-554.0,873.0,12:30:41.876625
38.0,-377.0,829.0,12:30:41.886063
85.0,-590.0,823.0,12:30:41.896562
113.0,-601.0,911.0,12:30:41.905958
-156.0,-208.0,1003.0,12:30:41.916460
-82.0,-205.0,994.0,12:30:41.925950
-2.0,-369.0,1201.0,12:30:41.936487
164.0,-539.0,809.0,12:30:41.945899
184.0,-458.0,910.0,12:30:41.955233
96.0,-535.0,1353.0,12:30:41.965800
-82.0,-553.0,1242.0,12:30:41.975130
47.0,-718.0,944.0,12:30:41.984523
228.0,-755.0,766.0,12:30:41.994922
67.0,-531.0,727.0,12:30:42.004351
-133.0,-514.0,904.0,12:30:42.014682
-86.0,-591.0,1097.0,12:30:42.024048
-103.0,-460.0,750.0,12:30:42.034692
8.0,-498.0,736.0,12:30:42.044017
111.0,-550.0,936.0,12:30:42.054530
179.0,-395.0,848.0,12:30:42.063798
158.0,-421.0,823.0,12:30:42.074297
16.0,-392.0,786.0,12:30:42.083616
69.0,-409.0,842.0,12:30:42.094098
79.0,-424.0,914.0,12:30:42.103411
93.0,-454.0,1097.0,12:30:42.112821
-69.0,-459.0,949.0,12:30:42.123349
34.0,-497.0,1012.0,12:30:42.132734
-2.0,-630.0,1100.0,12:30:42.143245
129.0,-688.0,929.0,12:30:42.152618
53.0,-513.0,778.0,12:30:42.162976
-32.0,-350.0,830.0,12:30:42.172367
-17.0,-579.0,1287.0,12:30:42.182819
-161.0,-368.0,290.0,12:30:42.191976
57.0,-413.0,629.0,12:30:42.201389
-83.0,-601.0,1582.0,12:30:42.211839
67.0,-584.0,1269.0,12:30:42.221210
-1.0,-315.0,668.0,12:30:42.231756
71.0,-609.0,848.0,12:30:42.241134
181.0,-604.0,1057.0,12:30:42.251074
66.0,-475.0,910.0,12:30:42.260694
-101.0,-322.0,851.0,12:30:42.271312
-38.0,-409.0,855.0,12:30:42.280718
-29.0,-348.0,519.0,12:30:42.291211
-64.0,-359.0,816.0,12:30:42.300630
17.0,-340.0,1086.0,12:30:42.310030
14.0,-420.0,1008.0,12:30:42.320520
34.0,-282.0,777.0,12:30:42.329791
-23.0,-500.0,1125.0,12:30:42.340243
40.0,-548.0,985.0,12:30:42.349564
82.0,-415.0,939.0,12:30:42.360076
-13.0,-585.0,1145.0,12:30:42.369374
186.0,-725.0,953.0,12:30:42.379910
174.0,-509.0,805.0,12:30:42.389365
-64.0,-376.0,966.0,12:30:42.398787
104.0,-533.0,896.0,12:30:42.409242
127.0,-470.0,1037.0,12:30:42.418563
2.0,-560.0,863.0,12:30:42.429093
111.0,-675.0,870.0,12:30:42.438409
160.0,-655.0,1062.0,12:30:42.448948
130.0,-462.0,776.0,12:30:42.458269
22.0,-421.0,925.0,12:30:42.467736
52.0,-319.0,966.0,12:30:42.478152
44.0,-430.0,924.0,12:30:42.487516
50.0,-223.0,756.0,12:30:42.497893
-58.0,-208.0,854.0,12:30:42.507307
-102.0,-505.0,1094.0,12:30:42.517811
-108.0,-717.0,1103.0,12:30:42.527165
166.0,-581.0,851.0,12:30:42.537770
99.0,-404.0,1109.0,12:30:42.547208
1.0,-871.0,1176.0,12:30:42.556560
157.0,-664.0,602.0,12:30:42.567075
-45.0,-543.0,914.0,12:30:42.576570
43.0,-570.0,856.0,12:30:42.585922
-305.0,-523.0,957.0,12:30:42.596330
24.0,-344.0,718.0,12:30:42.605861
60.0,-533.0,706.0,12:30:42.616333
12.0,-621.0,901.0,12:30:42.625713
31.0,-465.0,1115.0,12:30:42.636168
-146.0,-403.0,1071.0,12:30:42.645492
121.0,-565.0,719.0,12:30:42.656015
-148.0,-457.0,1082.0,12:30:42.665334
299.0,-441.0,997.0,12:30:42.674724
-246.0,-458.0,601.0,12:30:42.685235
36.0,-444.0,982.0,12:30:42.694718
-188.0,-430.0,1112.0,12:30:42.705319
-50.0,-503.0,707.0,12:30:42.714637
113.0,-399.0,881.0,12:30:42.723953
-153.0,-514.0,1026.0,12:30:42.734531
207.0,-532.0,994.0,12:30:42.743909
-11.0,-520.0,885.0,12:30:42.754316
38.0,-483.0,1016.0,12:30:42.763755
40.0,-620.0,1103.0,12:30:42.774182
82.0,-465.0,949.0,12:30:42.783545
4.0,-487.0,732.0,12:30:42.793942
-2.0,-489.0,755.0,12:30:42.803460
28.0,-505.0,1131.0,12:30:42.812864
-11.0,-535.0,814.0,12:30:42.823484
-63.0,-345.0,596.0,12:30:42.832772
72.0,-322.0,940.0,12:30:42.843291
153.0,-539.0,948.0,12:30:42.852566
174.0,-568.0,820.0,12:30:42.863047
-167.0,-475.0,835.0,12:30:42.872382
-70.0,-332.0,1117.0,12:30:42.881796
44.0,-665.0,1125.0,12:30:42.892409
205.0,-529.0,699.0,12:30:42.901685
140.0,-335.0,748.0,12:30:42.912143
-236.0,-377.0,1327.0,12:30:42.921475
83.0,-552.0,1160.0,12:30:42.931990
24.0,-557.0,545.0,12:30:42.941234
34.0,-489.0,1125.0,12:30:42.951746
8.0,-661.0,1173.0,12:30:42.961152
23.0,-623.0,818.0,12:30:42.970532
-63.0,-519.0,984.0,12:30:42.981005
7.0,-504.0,1102.0,12:30:42.990400
-69.0,-497.0,899.0,12:30:43.000839
71.0,-477.0,778.0,12:30:43.010174
-119.0,-299.0,761.0,12:30:43.020580
-69.0,-406.0,999.0,12:30:43.030155
22.0,-437.0,857.0,12:30:43.039413
-18.0,-356.0,909.0,12:30:43.055534
298.0,-403.0,773.0,12:30:43.059272
70.0,-509.0,997.0,12:30:43.069655
19.0,-461.0,1055.0,12:30:43.079061
212.0,-497.0,983.0,12:30:43.089516
-15.0,-462.0,750.0,12:30:43.098948
153.0,-425.0,779.0,12:30:43.109489
29.0,-400.0,960.0,12:30:43.118855
-43.0,-569.0,953.0,12:30:43.128263
101.0,-473.0,902.0,12:30:43.138813
-19.0,-502.0,876.0,12:30:43.148301
66.0,-498.0,861.0,12:30:43.158850
33.0,-698.0,1048.0,12:30:43.168186
191.0,-494.0,959.0,12:30:43.177643
90.0,-416.0,1090.0,12:30:43.188179
-81.0,-459.0,858.0,12:30:43.197623
45.0,-447.0,818.0,12:30:43.207047
43.0,-497.0,876.0,12:30:43.217493
147.0,-369.0,950.0,12:30:43.226933
-126.0,-416.0,1018.0,12:30:43.237388
209.0,-356.0,850.0,12:30:43.246737
21.0,-553.0,1122.0,12:30:43.257296
117.0,-545.0,788.0,12:30:43.266677
200.0,-418.0,950.0,12:30:43.276076
37.0,-403.0,1312.0,12:30:43.286527
125.0,-708.0,1228.0,12:30:43.295950
-187.0,-386.0,780.0,12:30:43.306322
162.0,-552.0,846.0,12:30:43.315810
5.0,-507.0,987.0,12:30:43.326273
20.0,-677.0,997.0,12:30:43.335748
43.0,-570.0,812.0,12:30:43.346151
-100.0,-470.0,858.0,12:30:43.355555
-10.0,-532.0,799.0,12:30:43.364835
-83.0,-554.0,820.0,12:30:43.375343
142.0,-552.0,794.0,12:30:43.384647
-112.0,-450.0,967.0,12:30:43.395058
15.0,-383.0,897.0,12:30:43.404411
-38.0,-549.0,924.0,12:30:43.414858
13.0,-371.0,765.0,12:30:43.424162
124.0,-365.0,937.0,12:30:43.434549
-34.0,-450.0,1194.0,12:30:43.443937
15.0,-373.0,794.0,12:30:43.454719
177.0,-451.0,784.0,12:30:43.464246
85.0,-632.0,1014.0,12:30:43.473583
170.0,-685.0,989.0,12:30:43.484120
70.0,-574.0,1012.0,12:30:43.493546
-21.0,-408.0,893.0,12:30:43.502790
-16.0,-466.0,917.0,12:30:43.513499
67.0,-609.0,1044.0,12:30:43.522743
13.0,-376.0,541.0,12:30:43.533357
-52.0,-402.0,891.0,12:30:43.542622
8.0,-553.0,1230.0,12:30:43.553080
192.0,-468.0,1116.0,12:30:43.562380
-36.0,-322.0,418.0,12:30:43.572852
45.0,-527.0,1141.0,12:30:43.582431
197.0,-563.0,1267.0,12:30:43.591750
-132.0,-453.0,756.0,12:30:43.602340
-29.0,-265.0,889.0,12:30:43.611761
43.0,-586.0,965.0,12:30:43.621168
242.0,-369.0,896.0,12:30:43.631694
-99.0,-289.0,1035.0,12:30:43.641264
100.0,-543.0,839.0,12:30:43.651796
11.0,-530.0,895.0,12:30:43.661216
-3.0,-638.0,1011.0,12:30:43.670513
24.0,-385.0,899.0,12:30:43.681204
-95.0,-567.0,993.0,12:30:43.690494
76.0,-610.0,792.0,12:30:43.701008
270.0,-413.0,795.0,12:30:43.710391
24.0,-366.0,798.0,12:30:43.719760
38.0,-469.0,759.0,12:30:43.730233
71.0,-252.0,650.0,12:30:43.739602
42.0,-448.0,1085.0,12:30:43.750174
16.0,-513.0,1152.0,12:30:43.759523
-24.0,-528.0,1018.0,12:30:43.770040
183.0,-575.0,922.0,12:30:43.779398
67.0,-786.0,1056.0,12:30:43.788930
88.0,-625.0,1173.0,12:30:43.799440
141.0,-594.0,940.0,12:30:43.808964
8.0,-431.0,863.0,12:30:43.819385
-30.0,-466.0,907.0,12:30:43.828840
13.0,-629.0,838.0,12:30:43.838126
25.0,-602.0,1010.0,12:30:43.848565
32.0,-442.0,1060.0,12:30:43.857838
152.0,-423.0,961.0,12:30:43.868331
97.0,-545.0,1161.0,12:30:43.877652
98.0,-498.0,817.0,12:30:43.888179
148.0,-527.0,709.0,12:30:43.897527
30.0,-400.0,974.0,12:30:43.908076
112.0,-391.0,871.0,12:30:43.917429
5.0,-450.0,738.0,12:30:43.926698
-89.0,-293.0,764.0,12:30:43.937222
-31.0,-388.0,751.0,12:30:43.946583
75.0,-410.0,981.0,12:30:43.957131
156.0,-420.0,976.0,12:30:43.966610
-56.0,-427.0,863.0,12:30:43.976013
96.0,-524.0,950.0,12:30:43.986544
65.0,-551.0,967.0,12:30:43.995860
94.0,-504.0,887.0,12:30:44.006496
-41.0,-554.0,941.0,12:30:44.015828
45.0,-635.0,1011.0,12:30:44.026337
17.0,-472.0,818.0,12:30:44.035785
-67.0,-503.0,999.0,12:30:44.045111
14.0,-615.0,1045.0,12:30:44.055654
83.0,-521.0,706.0,12:30:44.065020
16.0,-470.0,808.0,12:30:44.075429
-60.0,-619.0,972.0,12:30:44.084800
21.0,-538.0,1001.0,12:30:44.095317
96.0,-224.0,785.0,12:30:44.104749
-87.0,-383.0,1058.0,12:30:44.114002
56.0,-381.0,980.0,12:30:44.124757
27.0,-321.0,1029.0,12:30:44.134085
-82.0,-429.0,945.0,12:30:44.144616
38.0,-459.0,912.0,12:30:44.153928
-18.0,-444.0,1162.0,12:30:44.163366
209.0,-592.0,1064.0,12:30:44.173803
20.0,-523.0,942.0,12:30:44.183229
93.0,-525.0,911.0,12:30:44.193855
-25.0,-563.0,955.0,12:30:44.203176
-9.0,-567.0,863.0,12:30:44.213621
66.0,-572.0,748.0,12:30:44.222908
115.0,-580.0,995.0,12:30:44.232397
64.0,-548.0,705.0,12:30:44.242829
-45.0,-380.0,828.0,12:30:44.255344
-56.0,-486.0,983.0,12:30:44.261953
203.0,-468.0,896.0,12:30:44.272542
32.0,-426.0,833.0,12:30:44.281980
157.0,-574.0,811.0,12:30:44.292400
-79.0,-399.0,948.0,12:30:44.301810
28.0,-527.0,1012.0,12:30:44.311266
99.0,-474.0,759.0,12:30:44.321781
-91.0,-349.0,702.0,12:30:44.331222
42.0,-469.0,1114.0,12:30:44.341665
77.0,-531.0,927.0,12:30:44.351406
-1.0,-470.0,622.0,12:30:44.360696
19.0,-310.0,925.0,12:30:44.371316
-124.0,-497.0,1127.0,12:30:44.380550
248.0,-427.0,647.0,12:30:44.390145
-113.0,-343.0,1014.0,12:30:44.400607
45.0,-613.0,1584.0,12:30:44.410056
64.0,-596.0,1086.0,12:30:44.420466
-110.0,-590.0,943.0,12:30:44.429940
71.0,-947.0,1442.0,12:30:44.440441
140.0,-873.0,1246.0,12:30:44.449842
99.0,-447.0,699.0,12:30:44.459161
0.0,-480.0,674.0,12:30:44.469663
131.0,-624.0,733.0,12:30:44.478984
-199.0,-491.0,684.0,12:30:44.489483
-109.0,-480.0,820.0,12:30:44.498965
91.0,-321.0,852.0,12:30:44.509372
174.0,-374.0,1064.0,12:30:44.518809
-78.0,-314.0,832.0,12:30:44.528085
105.0,-532.0,896.0,12:30:44.538649
55.0,-328.0,876.0,12:30:44.548070
-29.0,-305.0,1026.0,12:30:44.558553
-36.0,-478.0,1151.0,12:30:44.567925
95.0,-656.0,785.0,12:30:44.577415
70.0,-535.0,738.0,12:30:44.587819
-22.0,-462.0,1111.0,12:30:44.597258
16.0,-455.0,998.0,12:30:44.607792
117.0,-544.0,860.0,12:30:44.617134
132.0,-639.0,948.0,12:30:44.627723
173.0,-539.0,996.0,12:30:44.637045
-152.0,-466.0,980.0,12:30:44.646551
40.0,-572.0,1014.0,12:30:44.657110
73.0,-590.0,994.0,12:30:44.666662
144.0,-554.0,832.0,12:30:44.676001
0.0,-590.0,893.0,12:30:44.686580
-72.0,-494.0,941.0,12:30:44.696034
123.0,-601.0,1024.0,12:30:44.706600
60.0,-537.0,898.0,12:30:44.716056
11.0,-612.0,764.0,12:30:44.725355
117.0,-503.0,702.0,12:30:44.735915
-209.0,-409.0,753.0,12:30:44.745208
-108.0,-189.0,1187.0,12:30:44.755763
-164.0,-269.0,1265.0,12:30:44.765077
120.0,-105.0,737.0,12:30:44.774587
136.0,-288.0,943.0,12:30:44.785088
92.0,-341.0,850.0,12:30:44.794467
32.0,-520.0,1257.0,12:30:44.804973
-12.0,-574.0,1123.0,12:30:44.814249
133.0,-493.0,970.0,12:30:44.824695
124.0,-583.0,715.0,12:30:44.833939
60.0,-425.0,555.0,12:30:44.844670
48.0,-383.0,803.0,12:30:44.853930
-140.0,-395.0,716.0,12:30:44.863409
47.0,-329.0,655.0,12:30:44.873818
-27.0,-263.0,593.0,12:30:44.883145
-63.0,-452.0,976.0,12:30:44.893598
207.0,-623.0,1151.0,12:30:44.902981
-5.0,-515.0,1207.0,12:30:44.913488
104.0,-568.0,1028.0,12:30:44.922912
56.0,-615.0,1227.0,12:30:44.933455
4.0,-584.0,1140.0,12:30:44.942783
192.0,-484.0,792.0,12:30:44.952066
132.0,-523.0,752.0,12:30:44.962560
-52.0,-464.0,971.0,12:30:44.971884
203.0,-505.0,828.0,12:30:44.982237
-55.0,-575.0,1157.0,12:30:44.991643
-145.0,-561.0,1345.0,12:30:45.002160
-3.0,-539.0,894.0,12:30:45.011536
191.0,-696.0,1003.0,12:30:45.022054
-23.0,-584.0,1116.0,12:30:45.031508
97.0,-649.0,989.0,12:30:45.040791
-81.0,-378.0,867.0,12:30:45.051444
164.0,-366.0,910.0,12:30:45.060719
-47.0,-499.0,809.0,12:30:45.071332
115.0,-380.0,548.0,12:30:45.080694
-63.0,-439.0,854.0,12:30:45.090080
-11.0,-516.0,1290.0,12:30:45.100633
20.0,-492.0,749.0,12:30:45.110049
-55.0,-405.0,605.0,12:30:45.120540
-9.0,-448.0,962.0,12:30:45.130035
16.0,-708.0,1267.0,12:30:45.139395
-15.0,-590.0,718.0,12:30:45.149913
90.0,-381.0,569.0,12:30:45.159252
30.0,-631.0,794.0,12:30:45.169902
-2.0,-606.0,928.0,12:30:45.189485
-21.0,-529.0,785.0,12:30:45.198968
52.0,-493.0,614.0,12:30:45.209394
-6.0,-571.0,839.0,12:30:45.218893
179.0,-761.0,1044.0,12:30:45.228215
-53.0,-501.0,848.0,12:30:45.238674
66.0,-418.0,1045.0,12:30:45.247941
-38.0,-354.0,1027.0,12:30:45.258486
108.0,-458.0,963.0,12:30:45.267841
109.0,-374.0,792.0,12:30:45.278335
-1.0,-342.0,1127.0,12:30:45.287810
-215.0,-224.0,1118.0,12:30:45.297109
-99.0,-432.0,905.0,12:30:45.307820
-264.0,-577.0,1042.0,12:30:45.317180
157.0,-440.0,1099.0,12:30:45.327832
-87.0,-447.0,876.0,12:30:45.337044
-2.0,-403.0,1078.0,12:30:45.346580
-201.0,-568.0,1138.0,12:30:45.357031
-17.0,-563.0,972.0,12:30:45.366472
35.0,-491.0,864.0,12:30:45.376883
7.0,-506.0,871.0,12:30:45.386230
32.0,-487.0,846.0,12:30:45.396703
140.0,-540.0,720.0,12:30:45.406141
-10.0,-542.0,845.0,12:30:45.415489
158.0,-482.0,793.0,12:30:45.426000
-25.0,-339.0,669.0,12:30:45.435343
9.0,-461.0,887.0,12:30:45.445809
-11.0,-532.0,884.0,12:30:45.459156
20.0,-494.0,749.0,12:30:45.465226
11.0,-430.0,1103.0,12:30:45.484901
90.0,-493.0,1020.0,12:30:45.495353
44.0,-437.0,769.0,12:30:45.504693
208.0,-498.0,924.0,12:30:45.515086
-19.0,-543.0,893.0,12:30:45.524617
120.0,-494.0,1069.0,12:30:45.533897
-25.0,-485.0,1047.0,12:30:45.544463
63.0,-577.0,942.0,12:30:45.553899
25.0,-542.0,890.0,12:30:45.563347
56.0,-578.0,1133.0,12:30:45.573736
221.0,-456.0,995.0,12:30:45.583140
48.0,-366.0,896.0,12:30:45.593668
-90.0,-452.0,1141.0,12:30:45.603034
133.0,-580.0,957.0,12:30:45.613544
-48.0,-260.0,621.0,12:30:45.622857
73.0,-352.0,939.0,12:30:45.632463
34.0,-555.0,1091.0,12:30:45.642978
-110.0,-561.0,906.0,12:30:45.652424
148.0,-534.0,599.0,12:30:45.662857
-90.0,-596.0,931.0,12:30:45.672341
185.0,-593.0,1030.0,12:30:45.681601
-16.0,-496.0,694.0,12:30:45.692075
66.0,-387.0,550.0,12:30:45.701427
-106.0,-328.0,951.0,12:30:45.711923
17.0,-343.0,916.0,12:30:45.721317
-38.0,-481.0,909.0,12:30:45.731766
75.0,-517.0,1104.0,12:30:45.741284
-123.0,-522.0,832.0,12:30:45.750630
137.0,-410.0,800.0,12:30:45.761190
-44.0,-685.0,1278.0,12:30:45.770505
139.0,-766.0,1168.0,12:30:45.781176
-32.0,-458.0,830.0,12:30:45.790455
-56.0,-491.0,737.0,12:30:45.801010
114.0,-527.0,860.0,12:30:45.810246
67.0,-339.0,771.0,12:30:45.819689
-56.0,-444.0,1203.0,12:30:45.830165
168.0,-377.0,801.0,12:30:45.839519
-22.0,-331.0,923.0,12:30:45.850108
163.0,-559.0,1085.0,12:30:45.860861
-27.0,-527.0,1136.0,12:30:45.869271
178.0,-503.0,811.0,12:30:45.879764
-27.0,-429.0,944.0,12:30:45.889138
43.0,-435.0,996.0,12:30:45.898525
70.0,-514.0,956.0,12:30:45.908940
-48.0,-477.0,757.0,12:30:45.918328
110.0,-439.0,671.0,12:30:45.928806
-254.0,-479.0,1080.0,12:30:45.938257
37.0,-611.0,1097.0,12:30:45.948726
-18.0,-537.0,800.0,12:30:45.958055
171.0,-531.0,922.0,12:30:45.968587
112.0,-371.0,813.0,12:30:45.977915
-50.0,-399.0,816.0,12:30:45.988365
-123.0,-456.0,1050.0,12:30:45.997826
104.0,-487.0,837.0,12:30:46.007177
28.0,-385.0,1126.0,12:30:46.026814
117.0,-504.0,628.0,12:30:46.037298
-69.0,-579.0,1021.0,12:30:46.046707
-3.0,-548.0,1302.0,12:30:46.057162
44.0,-535.0,762.0,12:30:46.066596
221.0,-454.0,684.0,12:30:46.075953
-129.0,-574.0,1207.0,12:30:46.086588
75.0,-653.0,920.0,12:30:46.095958
-15.0,-422.0,760.0,12:30:46.106695
56.0,-276.0,935.0,12:30:46.116019
-132.0,-453.0,927.0,12:30:46.125470
156.0,-495.0,690.0,12:30:46.135968
80.0,-424.0,1174.0,12:30:46.145355
-16.0,-483.0,1111.0,12:30:46.155868
62.0,-505.0,746.0,12:30:46.165223
41.0,-372.0,944.0,12:30:46.174581
180.0,-674.0,1045.0,12:30:46.184994
97.0,-407.0,973.0,12:30:46.194442
-50.0,-303.0,734.0,12:30:46.204896
-74.0,-429.0,898.0,12:30:46.214262
35.0,-645.0,881.0,12:30:46.224750
182.0,-552.0,720.0,12:30:46.234169
99.0,-396.0,1014.0,12:30:46.244592
-74.0,-440.0,1279.0,12:30:46.253931
54.0,-463.0,956.0,12:30:46.263339
184.0,-526.0,728.0,12:30:46.273916
-2.0,-524.0,1083.0,12:30:46.283271
126.0,-665.0,941.0,12:30:46.293800
133.0,-430.0,919.0,12:30:46.303045
-28.0,-338.0,960.0,12:30:46.313572
24.0,-484.0,1056.0,12:30:46.322806
99.0,-521.0,881.0,12:30:46.333360
156.0,-684.0,938.0,12:30:46.342555
4.0,-481.0,835.0,12:30:46.353115
98.0,-413.0,956.0,12:30:46.362360
132.0,-351.0,741.0,12:30:46.372820
8.0,-531.0,931.0,12:30:46.382097
-34.0,-537.0,927.0,12:30:46.391469
128.0,-556.0,905.0,12:30:46.401899
-148.0,-399.0,886.0,12:30:46.411244
125.0,-331.0,1065.0,12:30:46.421712
-211.0,-635.0,982.0,12:30:46.431334
201.0,-680.0,938.0,12:30:46.441743
46.0,-503.0,904.0,12:30:46.451140
12.0,-592.0,1021.0,12:30:46.461563
121.0,-477.0,888.0,12:30:46.470976
124.0,-598.0,879.0,12:30:46.480276
-28.0,-544.0,942.0,12:30:46.490807
96.0,-451.0,802.0,12:30:46.500164
-78.0,-453.0,1070.0,12:30:46.510676
-60.0,-435.0,977.0,12:30:46.520112
51.0,-531.0,822.0,12:30:46.529484
89.0,-494.0,829.0,12:30:46.540026
67.0,-431.0,1092.0,12:30:46.549405
-115.0,-442.0,1025.0,12:30:46.559936
193.0,-556.0,709.0,12:30:46.569315
-34.0,-459.0,806.0,12:30:46.578897
17.0,-332.0,970.0,12:30:46.589454
76.0,-433.0,977.0,12:30:46.598877
-36.0,-430.0,759.0,12:30:46.609316
-70.0,-365.0,1071.0,12:30:46.618672
-51.0,-529.0,904.0,12:30:46.629143
197.0,-534.0,846.0,12:30:46.638529
-32.0,-531.0,1013.0,12:30:46.647910
-2.0,-460.0,1103.0,12:30:46.662454
30.0,-522.0,830.0,12:30:46.668455
-162.0,-513.0,810.0,12:30:46.677880
96.0,-543.0,892.0,12:30:46.688332
-180.0,-539.0,970.0,12:30:46.697770
141.0,-465.0,882.0,12:30:46.707138
-67.0,-585.0,917.0,12:30:46.717718
141.0,-512.0,673.0,12:30:46.727063
137.0,-437.0,1064.0,12:30:46.737477
-54.0,-405.0,1137.0,12:30:46.746744
1.0,-295.0,858.0,12:30:46.757283
13.0,-545.0,788.0,12:30:46.766598
100.0,-384.0,1019.0,12:30:46.776000
-72.0,-551.0,1055.0,12:30:46.786517
27.0,-471.0,950.0,12:30:46.795919
183.0,-570.0,977.0,12:30:46.806560
-33.0,-585.0,1031.0,12:30:46.815832
140.0,-649.0,946.0,12:30:46.826286
102.0,-362.0,812.0,12:30:46.835884
61.0,-386.0,931.0,12:30:46.845174
-85.0,-520.0,1125.0,12:30:46.855685
26.0,-492.0,855.0,12:30:46.864957
46.0,-482.0,792.0,12:30:46.875454
-23.0,-589.0,899.0,12:30:46.884728
40.0,-569.0,1030.0,12:30:46.895251
70.0,-472.0,928.0,12:30:46.904573
78.0,-503.0,738.0,12:30:46.914040
7.0,-521.0,860.0,12:30:46.924524
-113.0,-491.0,933.0,12:30:46.933918
-36.0,-335.0,754.0,12:30:46.944498
15.0,-392.0,868.0,12:30:46.953979
61.0,-460.0,935.0,12:30:46.963425
194.0,-391.0,786.0,12:30:46.974028
5.0,-510.0,1232.0,12:30:46.983367
-8.0,-609.0,916.0,12:30:46.993897
-1.0,-289.0,759.0,12:30:47.003391
6.0,-564.0,1322.0,12:30:47.012743
166.0,-713.0,857.0,12:30:47.023144
213.0,-358.0,533.0,12:30:47.032563
-107.0,-384.0,1249.0,12:30:47.042926
11.0,-546.0,1202.0,12:30:47.052380
10.0,-423.0,570.0,12:30:47.063944
-17.0,-294.0,789.0,12:30:47.071817
50.0,-416.0,1186.0,12:30:47.082458
192.0,-414.0,882.0,12:30:47.091737
-113.0,-491.0,957.0,12:30:47.102369
240.0,-517.0,872.0,12:30:47.111772
13.0,-464.0,1058.0,12:30:47.121295
60.0,-395.0,1131.0,12:30:47.131654
83.0,-348.0,892.0,12:30:47.141049
-83.0,-454.0,1040.0,12:30:47.151450
137.0,-539.0,868.0,12:30:47.160924
59.0,-513.0,812.0,12:30:47.171363
152.0,-628.0,1028.0,12:30:47.180733
115.0,-526.0,967.0,12:30:47.190092
9.0,-468.0,812.0,12:30:47.200659
103.0,-432.0,1044.0,12:30:47.209975
-71.0,-560.0,960.0,12:30:47.220454
83.0,-545.0,726.0,12:30:47.229778
-47.0,-479.0,894.0,12:30:47.240382
-111.0,-619.0,1007.0,12:30:47.249701
111.0,-598.0,883.0,12:30:47.259058
5.0,-503.0,915.0,12:30:47.269481
-106.0,-514.0,1028.0,12:30:47.278971
121.0,-542.0,814.0,12:30:47.289511
-103.0,-445.0,769.0,12:30:47.298990
129.0,-517.0,1135.0,12:30:47.309427
3.0,-473.0,903.0,12:30:47.318899
-75.0,-366.0,845.0,12:30:47.328262
-122.0,-461.0,959.0,12:30:47.338923
-28.0,-707.0,1074.0,12:30:47.348161
91.0,-469.0,712.0,12:30:47.357739
-126.0,-366.0,925.0,12:30:47.368171
162.0,-510.0,1290.0,12:30:47.377534
-99.0,-526.0,989.0,12:30:47.388026
223.0,-612.0,611.0,12:30:47.397387
93.0,-467.0,924.0,12:30:47.407840
-37.0,-551.0,1117.0,12:30:47.417144
166.0,-477.0,865.0,12:30:47.427753
-11.0,-399.0,581.0,12:30:47.437202
-17.0,-461.0,922.0,12:30:47.446683
84.0,-418.0,1044.0,12:30:47.457256
-31.0,-277.0,855.0,12:30:47.466625
113.0,-577.0,1000.0,12:30:47.475969
19.0,-408.0,854.0,12:30:47.486649
97.0,-540.0,793.0,12:30:47.495943
-158.0,-398.0,770.0,12:30:47.506460
56.0,-403.0,666.0,12:30:47.515821
-195.0,-431.0,622.0,12:30:47.526244
-122.0,-600.0,1859.0,12:30:47.535754
-30.0,-398.0,1188.0,12:30:47.545157
-31.0,-825.0,1133.0,12:30:47.555699
77.0,-1053.0,1445.0,12:30:47.565089
165.0,-899.0,1114.0,12:30:47.575623
268.0,-631.0,783.0,12:30:47.585004
-107.0,-594.0,919.0,12:30:47.594335
-50.0,-619.0,531.0,12:30:47.604845
-91.0,-481.0,634.0,12:30:47.614182
-143.0,-423.0,627.0,12:30:47.624625
-120.0,-254.0,1099.0,12:30:47.633955
-46.0,-359.0,979.0,12:30:47.644635
-220.0,-444.0,928.0,12:30:47.653968
-64.0,-423.0,859.0,12:30:47.663370
168.0,-514.0,1120.0,12:30:47.673772
39.0,-393.0,1031.0,12:30:47.683139
111.0,-290.0,956.0,12:30:47.693541
-60.0,-336.0,638.0,12:30:47.702896
-4.0,-330.0,707.0,12:30:47.713538
94.0,-336.0,880.0,12:30:47.722925
-238.0,-422.0,888.0,12:30:47.733390
99.0,-282.0,500.0,12:30:47.742746
76.0,-595.0,846.0,12:30:47.753140
113.0,-469.0,862.0,12:30:47.762535
104.0,-297.0,719.0,12:30:47.771798
69.0,-324.0,753.0,12:30:47.782325
8.0,-621.0,1250.0,12:30:47.791611
102.0,-664.0,1114.0,12:30:47.802340
-19.0,-442.0,741.0,12:30:47.811634
106.0,-512.0,1164.0,12:30:47.821128
-101.0,-741.0,1357.0,12:30:47.831572
140.0,-862.0,503.0,12:30:47.841123
90.0,-496.0,671.0,12:30:47.851499
-524.0,-290.0,1506.0,12:30:47.861320
-63.0,-56.0,1572.0,12:30:47.870375
-168.0,-270.0,895.0,12:30:47.880808
106.0,-299.0,471.0,12:30:47.890287
13.0,-580.0,1261.0,12:30:47.900748
45.0,-552.0,1571.0,12:30:47.910094
16.0,-556.0,1330.0,12:30:47.920657
182.0,-705.0,961.0,12:30:47.930042
11.0,-637.0,665.0,12:30:47.939370
260.0,-523.0,631.0,12:30:47.949912
-40.0,-394.0,915.0,12:30:47.959207
-64.0,-290.0,785.0,12:30:47.969931
-76.0,-457.0,590.0,12:30:47.979232
9.0,-274.0,327.0,12:30:47.989750
193.0,-331.0,659.0,12:30:47.999089
50.0,-346.0,941.0,12:30:48.008484
-23.0,-171.0,972.0,12:30:48.018964
5.0,-499.0,796.0,12:30:48.028410
290.0,-438.0,473.0,12:30:48.038945
39.0,-279.0,595.0,12:30:48.048410
-196.0,-475.0,1321.0,12:30:48.057782
76.0,-522.0,1710.0,12:30:48.068351
55.0,-912.0,1452.0,12:30:48.077708
72.0,-1064.0,1125.0,12:30:48.088318
119.0,-977.0,1363.0,12:30:48.097801
202.0,-765.0,1220.0,12:30:48.107173
31.0,-621.0,942.0,12:30:48.117688
-19.0,-509.0,600.0,12:30:48.127044
-151.0,-576.0,681.0,12:30:48.137650
77.0,-459.0,871.0,12:30:48.147013
52.0,-402.0,1166.0,12:30:48.157397
75.0,-371.0,1109.0,12:30:48.166760
251.0,-457.0,921.0,12:30:48.176012
282.0,-507.0,1134.0,12:30:48.186556
181.0,-423.0,1198.0,12:30:48.195984
115.0,-207.0,897.0,12:30:48.206566
-90.0,-157.0,915.0,12:30:48.215881
147.0,-538.0,825.0,12:30:48.226438
148.0,-436.0,834.0,12:30:48.235713
-170.0,-319.0,684.0,12:30:48.245090
-119.0,-368.0,931.0,12:30:48.255617
18.0,-582.0,806.0,12:30:48.266959
-62.0,-568.0,573.0,12:30:48.275443
122.0,-535.0,723.0,12:30:48.284657
-85.0,-433.0,769.0,12:30:48.295288
-76.0,-508.0,917.0,12:30:48.304583
21.0,-687.0,780.0,12:30:48.315112
95.0,-639.0,842.0,12:30:48.324421
-33.0,-622.0,1023.0,12:30:48.333772
-38.0,-440.0,916.0,12:30:48.344208
-32.0,-433.0,977.0,12:30:48.353623
101.0,-681.0,631.0,12:30:48.364043
-1.0,-782.0,634.0,12:30:48.373550
137.0,-247.0,1294.0,12:30:48.384045
-147.0,152.0,1519.0,12:30:48.393556
-125.0,22.0,969.0,12:30:48.402817
169.0,-170.0,841.0,12:30:48.413434
48.0,-402.0,1399.0,12:30:48.422870
35.0,-481.0,1382.0,12:30:48.432480
12.0,-582.0,1435.0,12:30:48.442973
-20.0,-650.0,1345.0,12:30:48.452434
81.0,-757.0,1082.0,12:30:48.462852
346.0,-734.0,786.0,12:30:48.472262
-96.0,-558.0,1109.0,12:30:48.482659
-109.0,-617.0,610.0,12:30:48.501404
39.0,-572.0,559.0,12:30:48.511918
63.0,-486.0,390.0,12:30:48.521322
-20.0,-383.0,526.0,12:30:48.531816
50.0,-340.0,615.0,12:30:48.541216
-147.0,-442.0,610.0,12:30:48.550661
77.0,-456.0,856.0,12:30:48.561210
99.0,-582.0,998.0,12:30:48.570570
45.0,-390.0,1027.0,12:30:48.581049
-12.0,-475.0,998.0,12:30:48.590379
-109.0,-480.0,896.0,12:30:48.600799
8.0,-594.0,953.0,12:30:48.610244
-127.0,-370.0,944.0,12:30:48.620722
-152.0,-407.0,1034.0,12:30:48.630124
35.0,-394.0,942.0,12:30:48.639391
19.0,-616.0,720.0,12:30:48.650027
-58.0,-493.0,1156.0,12:30:48.659260
56.0,-584.0,1150.0,12:30:48.669683
45.0,-563.0,1031.0,12:30:48.679050
328.0,-654.0,1141.0,12:30:48.689524
93.0,-701.0,1207.0,12:30:48.698888
126.0,-659.0,1113.0,12:30:48.709386
119.0,-576.0,994.0,12:30:48.718654
13.0,-451.0,1088.0,12:30:48.729227
119.0,-420.0,1002.0,12:30:48.738638
3.0,-437.0,770.0,12:30:48.747897
16.0,-471.0,868.0,12:30:48.758418
45.0,-316.0,816.0,12:30:48.767830
-181.0,-253.0,728.0,12:30:48.778293
170.0,-451.0,909.0,12:30:48.787737
-136.0,-332.0,975.0,12:30:48.798257
-84.0,-375.0,647.0,12:30:48.807704
47.0,-439.0,853.0,12:30:48.816999
85.0,-410.0,1019.0,12:30:48.827398
0.0,-361.0,921.0,12:30:48.836889
118.0,-543.0,705.0,12:30:48.847315
-32.0,-634.0,962.0,12:30:48.856763
68.0,-626.0,872.0,12:30:48.866147
31.0,-488.0,673.0,12:30:48.876795
56.0,-562.0,1091.0,12:30:48.886070
-85.0,-643.0,959.0,12:30:48.896647
16.0,-394.0,793.0,12:30:48.906019
129.0,-392.0,898.0,12:30:48.915451
54.0,-540.0,1043.0,12:30:48.925862
249.0,-464.0,1012.0,12:30:48.935257
-118.0,-412.0,1054.0,12:30:48.945688
163.0,-453.0,1111.0,12:30:48.955118
257.0,-556.0,1192.0,12:30:48.965649
-165.0,-375.0,1018.0,12:30:48.974964
181.0,-426.0,995.0,12:30:48.985472
2.0,-335.0,1022.0,12:30:48.994992
-1.0,-482.0,1046.0,12:30:49.004272
-59.0,-483.0,922.0,12:30:49.014771
56.0,-456.0,699.0,12:30:49.024073
37.0,-339.0,883.0,12:30:49.034764
123.0,-365.0,727.0,12:30:49.044054
-215.0,-373.0,674.0,12:30:49.053487
107.0,-253.0,573.0,12:30:49.067857
-38.0,-146.0,383.0,12:30:49.073973
-50.0,-374.0,1223.0,12:30:49.083485
154.0,-417.0,1142.0,12:30:49.094006
-54.0,-596.0,827.0,12:30:49.103428
215.0,-600.0,1123.0,12:30:49.112710
-79.0,-591.0,1177.0,12:30:49.123204
223.0,-600.0,920.0,12:30:49.132482
77.0,-546.0,836.0,12:30:49.142914
-119.0,-515.0,777.0,12:30:49.152240
-23.0,-508.0,765.0,12:30:49.162751
-181.0,-646.0,803.0,12:30:49.172126
60.0,-405.0,1062.0,12:30:49.182688
-90.0,-549.0,1266.0,12:30:49.191977
20.0,-592.0,948.0,12:30:49.201419
227.0,-615.0,1124.0,12:30:49.211792
-89.0,-491.0,1080.0,12:30:49.221229
402.0,-453.0,1063.0,12:30:49.231663
-54.0,-442.0,1027.0,12:30:49.241092
112.0,-461.0,976.0,12:30:49.251649
2.0,-534.0,950.0,12:30:49.271305
131.0,-528.0,1154.0,12:30:49.280761
-229.0,-662.0,955.0,12:30:49.291182
171.0,-706.0,1036.0,12:30:49.300536
164.0,-651.0,1140.0,12:30:49.309840
-21.0,-647.0,966.0,12:30:49.320483
305.0,-592.0,927.0,12:30:49.329851
13.0,-639.0,851.0,12:30:49.340393
118.0,-621.0,1003.0,12:30:49.349701
86.0,-566.0,973.0,12:30:49.359188
-112.0,-600.0,839.0,12:30:49.369593
56.0,-623.0,802.0,12:30:49.378955
81.0,-725.0,1079.0,12:30:49.389409
227.0,-711.0,497.0,12:30:49.398959
90.0,-477.0,330.0,12:30:49.409460
-95.0,-178.0,633.0,12:30:49.418959
-85.0,-120.0,889.0,12:30:49.428249
-152.0,40.0,583.0,12:30:49.438850
-26.0,-78.0,331.0,12:30:49.448145
-56.0,-220.0,779.0,12:30:49.457684
-130.0,-292.0,1138.0,12:30:49.472105
-4.0,-454.0,1362.0,12:30:49.478088
83.0,-697.0,1258.0,12:30:49.487536
149.0,-604.0,1090.0,12:30:49.497988
-77.0,-534.0,1387.0,12:30:49.507334
95.0,-457.0,1042.0,12:30:49.517863
79.0,-573.0,881.0,12:30:49.527319
-57.0,-578.0,828.0,12:30:49.537789
-39.0,-577.0,895.0,12:30:49.547144
-153.0,-462.0,819.0,12:30:49.556511
-133.0,-597.0,1099.0,12:30:49.567118
-74.0,-443.0,866.0,12:30:49.576543
137.0,-594.0,846.0,12:30:49.585953
-57.0,-437.0,1133.0,12:30:49.596309
117.0,-399.0,1062.0,12:30:49.605733
148.0,-351.0,980.0,12:30:49.616150
56.0,-319.0,1088.0,12:30:49.625532
131.0,-359.0,1054.0,12:30:49.635963
58.0,-273.0,813.0,12:30:49.645474
69.0,-211.0,1091.0,12:30:49.655931
-86.0,-443.0,1209.0,12:30:49.665229
61.0,-478.0,813.0,12:30:49.674608
84.0,-315.0,867.0,12:30:49.685118
11.0,-586.0,1036.0,12:30:49.694562
68.0,-380.0,960.0,12:30:49.705044
28.0,-435.0,852.0,12:30:49.714429
-8.0,-506.0,1042.0,12:30:49.724934
33.0,-618.0,920.0,12:30:49.734201
155.0,-616.0,623.0,12:30:49.744707
28.0,-520.0,909.0,12:30:49.753998
-61.0,-623.0,877.0,12:30:49.763454
35.0,-631.0,554.0,12:30:49.773957
1.0,-696.0,491.0,12:30:49.783379
246.0,-822.0,645.0,12:30:49.793792
82.0,-569.0,1045.0,12:30:49.803277
217.0,-217.0,1086.0,12:30:49.813693
35.0,-216.0,888.0,12:30:49.823119
2.0,-350.0,651.0,12:30:49.832400
154.0,-410.0,842.0,12:30:49.842868
-95.0,-338.0,1281.0,12:30:49.852253
282.0,-332.0,1190.0,12:30:49.862749
-89.0,-369.0,986.0,12:30:49.872204
72.0,-446.0,915.0,12:30:49.881632
130.0,-676.0,1021.0,12:30:49.892040
-34.0,-709.0,1137.0,12:30:49.901420
98.0,-695.0,1136.0,12:30:49.911899
-193.0,-606.0,978.0,12:30:49.921222
104.0,-636.0,815.0,12:30:49.931681
-42.0,-519.0,940.0,12:30:49.941166
6.0,-614.0,953.0,12:30:49.951667
-42.0,-435.0,883.0,12:30:49.961037
-140.0,-364.0,919.0,12:30:49.970420
-8.0,-314.0,784.0,12:30:49.981036
-6.0,-531.0,918.0,12:30:49.990425
-9.0,-424.0,923.0,12:30:50.000916
5.0,-310.0,905.0,12:30:50.010232
59.0,-531.0,879.0,12:30:50.020616
283.0,-510.0,841.0,12:30:50.030119
40.0,-477.0,855.0,12:30:50.039487
55.0,-396.0,810.0,12:30:50.049992
42.0,-450.0,826.0,12:30:50.059366
95.0,-467.0,885.0,12:30:50.069835
150.0,-491.0,829.0,12:30:50.079112
119.0,-512.0,885.0,12:30:50.089560
120.0,-667.0,1153.0,12:30:50.098936
136.0,-652.0,898.0,12:30:50.109447
101.0,-666.0,893.0,12:30:50.118787
60.0,-704.0,956.0,12:30:50.128202
39.0,-592.0,993.0,12:30:50.138693
-115.0,-529.0,968.0,12:30:50.148086
96.0,-486.0,944.0,12:30:50.158491
45.0,-528.0,833.0,12:30:50.167837
95.0,-500.0,848.0,12:30:50.178219
90.0,-358.0,964.0,12:30:50.187730
-66.0,-427.0,976.0,12:30:50.198140
78.0,-406.0,896.0,12:30:50.207471
-70.0,-426.0,1017.0,12:30:50.217896
36.0,-432.0,997.0,12:30:50.227336
71.0,-488.0,897.0,12:30:50.236670
-37.0,-447.0,1039.0,12:30:50.247219
122.0,-356.0,1096.0,12:30:50.256574
44.0,-493.0,893.0,12:30:50.273324
139.0,-437.0,836.0,12:30:50.277959
74.0,-432.0,837.0,12:30:50.286162
-8.0,-428.0,966.0,12:30:50.296763
75.0,-525.0,987.0,12:30:50.306037
78.0,-418.0,834.0,12:30:50.315541
8.0,-472.0,962.0,12:30:50.325976
-149.0,-491.0,961.0,12:30:50.335342
27.0,-515.0,1038.0,12:30:50.345785
96.0,-455.0,1023.0,12:30:50.355225
-4.0,-408.0,837.0,12:30:50.365793
174.0,-508.0,917.0,12:30:50.375218
35.0,-471.0,1000.0,12:30:50.384568
112.0,-497.0,867.0,12:30:50.395124
20.0,-465.0,964.0,12:30:50.404469
88.0,-457.0,976.0,12:30:50.415006
186.0,-606.0,944.0,12:30:50.424395
14.0,-407.0,892.0,12:30:50.433800
149.0,-386.0,997.0,12:30:50.444217
92.0,-407.0,968.0,12:30:50.453535
154.0,-478.0,904.0,12:30:50.463967
130.0,-499.0,856.0,12:30:50.473446
36.0,-446.0,880.0,12:30:50.483882
177.0,-426.0,1023.0,12:30:50.493278
-46.0,-526.0,944.0,12:30:50.503829
220.0,-478.0,862.0,12:30:50.513255
17.0,-527.0,930.0,12:30:50.522552
37.0,-556.0,1031.0,12:30:50.532948
99.0,-524.0,868.0,12:30:50.542341
-19.0,-551.0,971.0,12:30:50.552824
107.0,-490.0,925.0,12:30:50.562138
-109.0,-591.0,906.0,12:30:50.572630
172.0,-538.0,845.0,12:30:50.582124
139.0,-515.0,824.0,12:30:50.592511
92.0,-467.0,839.0,12:30:50.601872
118.0,-680.0,841.0,12:30:50.612265
-34.0,-392.0,782.0,12:30:50.621658
-40.0,-498.0,979.0,12:30:50.631134
30.0,-677.0,955.0,12:30:50.641621
-14.0,-547.0,947.0,12:30:50.650985
56.0,-559.0,967.0,12:30:50.661531
-53.0,-547.0,998.0,12:30:50.673951
166.0,-649.0,957.0,12:30:50.680973
52.0,-543.0,831.0,12:30:50.690271
62.0,-553.0,797.0,12:30:50.700623
-75.0,-598.0,911.0,12:30:50.710090
-48.0,-504.0,898.0,12:30:50.720550
-55.0,-394.0,819.0,12:30:50.730019
-74.0,-517.0,816.0,12:30:50.740583
-116.0,-529.0,917.0,12:30:50.750090
-39.0,-502.0,913.0,12:30:50.759454
-86.0,-546.0,898.0,12:30:50.768949
-101.0,-534.0,1012.0,12:30:50.779442
-37.0,-508.0,1076.0,12:30:50.788929
43.0,-635.0,833.0,12:30:50.799356
12.0,-486.0,886.0,12:30:50.809001
30.0,-548.0,999.0,12:30:50.818287
-136.0,-517.0,948.0,12:30:50.828904
169.0,-525.0,837.0,12:30:50.838250
-17.0,-450.0,820.0,12:30:50.848840
119.0,-586.0,821.0,12:30:50.858120
-86.0,-539.0,849.0,12:30:50.868630
83.0,-482.0,946.0,12:30:50.877911
6.0,-450.0,858.0,12:30:50.888345
86.0,-507.0,903.0,12:30:50.897726
34.0,-421.0,912.0,12:30:50.907174
41.0,-444.0,920.0,12:30:50.917727
35.0,-368.0,955.0,12:30:50.927079
-13.0,-476.0,818.0,12:30:50.937529
70.0,-445.0,866.0,12:30:50.946919
-12.0,-425.0,951.0,12:30:50.957334
-150.0,-497.0,840.0,12:30:50.975856
-198.0,-306.0,868.0,12:30:50.986345
126.0,-419.0,775.0,12:30:50.995746
-12.0,-342.0,675.0,12:30:51.006127
-43.0,-103.0,479.0,12:30:51.015485
-60.0,-456.0,1621.0,12:30:51.025907
-184.0,-607.0,1443.0,12:30:51.035208
84.0,-434.0,1050.0,12:30:51.045808
229.0,-1134.0,1360.0,12:30:51.055245
258.0,-1146.0,1223.0,12:30:51.065744
5.0,-674.0,1014.0,12:30:51.075072
102.0,-410.0,852.0,12:30:51.085511
140.0,-554.0,610.0,12:30:51.094858
62.0,-592.0,440.0,12:30:51.105253
-44.0,-360.0,522.0,12:30:51.114639
-146.0,-366.0,972.0,12:30:51.123959
-35.0,-381.0,1448.0,12:30:51.134657
-177.0,-445.0,1198.0,12:30:51.143923
210.0,-426.0,703.0,12:30:51.153504
116.0,-344.0,774.0,12:30:51.163935
210.0,-477.0,1238.0,12:30:51.173397
191.0,-282.0,1180.0,12:30:51.183874
-79.0,-361.0,755.0,12:30:51.193155
33.0,-426.0,690.0,12:30:51.203676
174.0,-390.0,714.0,12:30:51.212969
-63.0,-668.0,1267.0,12:30:51.223668
21.0,-344.0,638.0,12:30:51.233039
-83.0,-159.0,62.0,12:30:51.242391
120.0,-440.0,1019.0,12:30:51.252990
-155.0,-976.0,2046.0,12:30:51.262343
-167.0,-733.0,1075.0,12:30:51.272839
114.0,-777.0,1060.0,12:30:51.282328
199.0,-916.0,1367.0,12:30:51.291595
17.0,-857.0,1111.0,12:30:51.302230
146.0,-547.0,701.0,12:30:51.311500
66.0,-556.0,679.0,12:30:51.322067
120.0,-521.0,610.0,12:30:51.331392
158.0,-596.0,668.0,12:30:51.341860
42.0,-360.0,583.0,12:30:51.351255
-74.0,-563.0,623.0,12:30:51.360699
150.0,-377.0,908.0,12:30:51.371215
-81.0,-173.0,1286.0,12:30:51.380643
-173.0,120.0,1426.0,12:30:51.391121
-32.0,-204.0,853.0,12:30:51.400603
247.0,-339.0,381.0,12:30:51.409965
103.0,-389.0,1066.0,12:30:51.420442
40.0,-487.0,1338.0,12:30:51.429696
-128.0,-530.0,813.0,12:30:51.440166
51.0,-597.0,1014.0,12:30:51.449514
-30.0,-704.0,982.0,12:30:51.460035
125.0,-565.0,652.0,12:30:51.475375
-47.0,-541.0,972.0,12:30:51.479173
-211.0,-505.0,1346.0,12:30:51.489710
88.0,-563.0,915.0,12:30:51.499012
-133.0,-478.0,584.0,12:30:51.509498
68.0,-627.0,861.0,12:30:51.518913
-121.0,-397.0,978.0,12:30:51.528334
29.0,-436.0,1024.0,12:30:51.538793
112.0,-383.0,829.0,12:30:51.548186
34.0,-485.0,709.0,12:30:51.558678
35.0,-411.0,964.0,12:30:51.567985
44.0,-381.0,1070.0,12:30:51.578496
92.0,-506.0,932.0,12:30:51.587812
319.0,-634.0,564.0,12:30:51.598286
152.0,-324.0,1114.0,12:30:51.607689
55.0,-53.0,1445.0,12:30:51.616989
1.0,75.0,1350.0,12:30:51.627616
-32.0,28.0,805.0,12:30:51.636899
34.0,-354.0,807.0,12:30:51.647306
136.0,-517.0,1082.0,12:30:51.656710
221.0,-611.0,1185.0,12:30:51.667081
60.0,-588.0,929.0,12:30:51.676613
151.0,-684.0,845.0,12:30:51.686990
87.0,-754.0,897.0,12:30:51.696325
165.0,-445.0,835.0,12:30:51.705779
58.0,-392.0,854.0,12:30:51.716454
-5.0,-562.0,1064.0,12:30:51.725849
60.0,-573.0,876.0,12:30:51.735208
123.0,-423.0,657.0,12:30:51.745653
17.0,-436.0,812.0,12:30:51.755119
-8.0,-395.0,1060.0,12:30:51.765645
12.0,-583.0,960.0,12:30:51.775053
166.0,-508.0,605.0,12:30:51.785463
182.0,-549.0,618.0,12:30:51.794854
6.0,-463.0,1021.0,12:30:51.805278
-34.0,-406.0,1225.0,12:30:51.814684
-20.0,-468.0,869.0,12:30:51.824028
58.0,-537.0,830.0,12:30:51.834736
27.0,-476.0,1045.0,12:30:51.844005
23.0,-342.0,1028.0,12:30:51.853453
-187.0,-448.0,1037.0,12:30:51.863983
74.0,-564.0,901.0,12:30:51.878202
-2.0,-600.0,983.0,12:30:51.884099
92.0,-482.0,957.0,12:30:51.893520
31.0,-568.0,945.0,12:30:51.902897
21.0,-326.0,990.0,12:30:51.913501
-150.0,-394.0,1139.0,12:30:51.922875
-38.0,-538.0,930.0,12:30:51.933428
-57.0,-461.0,771.0,12:30:51.942702
-54.0,-409.0,1077.0,12:30:51.952123
62.0,-538.0,1042.0,12:30:51.962513
0.0,-500.0,889.0,12:30:51.971828
174.0,-605.0,875.0,12:30:51.982290
-36.0,-413.0,900.0,12:30:51.991665
221.0,-465.0,895.0,12:30:52.002069
64.0,-414.0,862.0,12:30:52.011373
124.0,-358.0,762.0,12:30:52.021786
71.0,-407.0,909.0,12:30:52.031373
219.0,-467.0,875.0,12:30:52.041824
62.0,-438.0,746.0,12:30:52.051263
140.0,-479.0,973.0,12:30:52.061714
-38.0,-459.0,1010.0,12:30:52.071204
75.0,-420.0,1044.0,12:30:52.080553
82.0,-478.0,885.0,12:30:52.091103
-2.0,-567.0,1073.0,12:30:52.100394
131.0,-635.0,1090.0,12:30:52.110910
54.0,-422.0,861.0,12:30:52.120156
-33.0,-510.0,930.0,12:30:52.129580
-55.0,-559.0,785.0,12:30:52.140153
-76.0,-604.0,997.0,12:30:52.149518
-87.0,-506.0,923.0,12:30:52.160072
-14.0,-408.0,695.0,12:30:52.169404
-59.0,-421.0,850.0,12:30:52.180046
11.0,-449.0,1126.0,12:30:52.189433
87.0,-491.0,1007.0,12:30:52.198807
62.0,-498.0,1044.0,12:30:52.209432
137.0,-371.0,1011.0,12:30:52.218952
25.0,-490.0,995.0,12:30:52.228422
163.0,-445.0,937.0,12:30:52.238956
-5.0,-552.0,889.0,12:30:52.248308
35.0,-504.0,942.0,12:30:52.257835
129.0,-502.0,899.0,12:30:52.268284
-66.0,-545.0,885.0,12:30:52.277687
130.0,-462.0,748.0,12:30:52.288177
-15.0,-412.0,717.0,12:30:52.297716
-55.0,-353.0,964.0,12:30:52.308102
14.0,-450.0,957.0,12:30:52.317533
-72.0,-414.0,828.0,12:30:52.326801
113.0,-382.0,963.0,12:30:52.337343
-141.0,-472.0,1112.0,12:30:52.346658
50.0,-452.0,992.0,12:30:52.357208
38.0,-224.0,960.0,12:30:52.366549
33.0,-485.0,936.0,12:30:52.376056
213.0,-682.0,834.0,12:30:52.386566
187.0,-460.0,925.0,12:30:52.396051
139.0,-378.0,1026.0,12:30:52.406587
-127.0,-391.0,1132.0,12:30:52.415997
24.0,-395.0,828.0,12:30:52.426481
62.0,-450.0,770.0,12:30:52.435838
-299.0,-385.0,1010.0,12:30:52.445204
28.0,-369.0,1178.0,12:30:52.455798
142.0,-564.0,1062.0,12:30:52.465066
18.0,-557.0,1081.0,12:30:52.475528
90.0,-586.0,987.0,12:30:52.484835
51.0,-492.0,1012.0,12:30:52.495346
305.0,-264.0,1058.0,12:30:52.504616
-26.0,-495.0,991.0,12:30:52.515103
58.0,-300.0,995.0,12:30:52.524483
131.0,-271.0,931.0,12:30:52.533895
-231.0,-369.0,1010.0,12:30:52.544361
161.0,-334.0,947.0,12:30:52.553793
61.0,-456.0,1025.0,12:30:52.564252
-61.0,-536.0,1019.0,12:30:52.573573
193.0,-468.0,981.0,12:30:52.584022
44.0,-511.0,1011.0,12:30:52.593553
161.0,-482.0,987.0,12:30:52.602998
-164.0,-615.0,889.0,12:30:52.613486
-38.0,-518.0,1042.0,12:30:52.622824
46.0,-431.0,1059.0,12:30:52.633424
114.0,-217.0,1002.0,12:30:52.642796
4.0,-591.0,1018.0,12:30:52.652178
-3.0,-575.0,1063.0,12:30:52.662703
-59.0,-527.0,1105.0,12:30:52.679422
-138.0,-473.0,976.0,12:30:52.682798
134.0,-474.0,913.0,12:30:52.692377
19.0,-468.0,929.0,12:30:52.701725
1.0,-820.0,902.0,12:30:52.712415
118.0,-473.0,975.0,12:30:52.721677
205.0,-413.0,782.0,12:30:52.731137
-86.0,-175.0,869.0,12:30:52.741628
-24.0,-302.0,860.0,12:30:52.751159
-139.0,-652.0,1104.0,12:30:52.761574
-153.0,-155.0,1018.0,12:30:52.771026
106.0,-221.0,924.0,12:30:52.780304
-158.0,-592.0,1018.0,12:30:52.790807
103.0,-339.0,858.0,12:30:52.800182
-113.0,-314.0,1058.0,12:30:52.810697
-90.0,-642.0,1020.0,12:30:52.820089
-160.0,-134.0,1239.0,12:30:52.830572
-165.0,-582.0,925.0,12:30:52.840007
