-27.0,-508.0,897.0,12:27:58.288447
-28.0,-499.0,888.0,12:27:58.296891
-44.0,-508.0,890.0,12:27:58.316484
-56.0,-520.0,897.0,12:27:58.325899
-77.0,-535.0,901.0,12:27:58.336504
-95.0,-549.0,899.0,12:27:58.345827
-99.0,-555.0,894.0,12:27:58.355273
-95.0,-554.0,890.0,12:27:58.365803
-96.0,-560.0,893.0,12:27:58.375160
-98.0,-558.0,898.0,12:27:58.385736
-102.0,-554.0,902.0,12:27:58.395028
-105.0,-550.0,909.0,12:27:58.404587
-117.0,-545.0,916.0,12:27:58.415065
-142.0,-536.0,910.0,12:27:58.425356
-169.0,-539.0,902.0,12:27:58.438645
-183.0,-540.0,903.0,12:27:58.444718
-174.0,-550.0,909.0,12:27:58.460553
-159.0,-557.0,917.0,12:27:58.467854
-143.0,-559.0,921.0,12:27:58.473927
-108.0,-547.0,909.0,12:27:58.494049
-102.0,-536.0,904.0,12:27:58.503464
-103.0,-528.0,902.0,12:27:58.513928
-94.0,-533.0,911.0,12:27:58.542757
-83.0,-541.0,921.0,12:27:58.553155
-34.0,-561.0,897.0,12:27:58.562532
-64.0,-518.0,908.0,12:27:58.573012
-89.0,-502.0,889.0,12:27:58.582471
-34.0,-509.0,854.0,12:27:58.591818
-16.0,-522.0,886.0,12:27:58.602436
-80.0,-529.0,939.0,12:27:58.611669
-281.0,-439.0,963.0,12:27:58.629674
-115.0,-465.0,948.0,12:27:58.633525
83.0,-619.0,938.0,12:27:58.641699
-45.0,-511.0,856.0,12:27:58.651277
47.0,-583.0,738.0,12:27:58.661671
23.0,-567.0,850.0,12:27:58.671097
74.0,-558.0,911.0,12:27:58.681525
-26.0,-540.0,924.0,12:27:58.690932
-62.0,-581.0,991.0,12:27:58.700206
-58.0,-595.0,983.0,12:27:58.710711
-163.0,-518.0,914.0,12:27:58.720083
-304.0,-415.0,838.0,12:27:58.730696
-225.0,-509.0,866.0,12:27:58.740097
-230.0,-539.0,928.0,12:27:58.749462
-257.0,-528.0,980.0,12:27:58.760009
-269.0,-525.0,990.0,12:27:58.769492
-178.0,-570.0,961.0,12:27:58.780029
-165.0,-508.0,906.0,12:27:58.789412
-190.0,-498.0,843.0,12:27:58.798860
-91.0,-523.0,875.0,12:27:58.809460
-49.0,-572.0,930.0,12:27:58.818844
38.0,-594.0,886.0,12:27:58.828283
-34.0,-595.0,887.0,12:27:58.838681
-10.0,-572.0,926.0,12:27:58.848142
-4.0,-595.0,923.0,12:27:58.858536
-20.0,-563.0,871.0,12:27:58.867904
-83.0,-547.0,850.0,12:27:58.878384
7.0,-571.0,846.0,12:27:58.887802
31.0,-573.0,882.0,12:27:58.898276
60.0,-550.0,888.0,12:27:58.907884
20.0,-551.0,894.0,12:27:58.917190
75.0,-541.0,911.0,12:27:58.927812
94.0,-535.0,908.0,12:27:58.937069
131.0,-515.0,862.0,12:27:58.947617
92.0,-505.0,867.0,12:27:58.956877
104.0,-489.0,871.0,12:27:58.966307
62.0,-486.0,894.0,12:27:58.976870
20.0,-463.0,916.0,12:27:58.986229
99.0,-505.0,911.0,12:27:59.005964
116.0,-498.0,898.0,12:27:59.016502
110.0,-480.0,868.0,12:27:59.025848
115.0,-486.0,898.0,12:27:59.045570
145.0,-515.0,912.0,12:27:59.055929
132.0,-521.0,904.0,12:27:59.065378
110.0,-506.0,898.0,12:27:59.074732
86.0,-509.0,895.0,12:27:59.085229
63.0,-502.0,883.0,12:27:59.094631
28.0,-505.0,886.0,12:27:59.105040
68.0,-516.0,892.0,12:27:59.114386
81.0,-527.0,917.0,12:27:59.124855
123.0,-524.0,913.0,12:27:59.134143
141.0,-511.0,889.0,12:27:59.153841
135.0,-507.0,910.0,12:27:59.164319
156.0,-494.0,900.0,12:27:59.173628
126.0,-482.0,908.0,12:27:59.184172
144.0,-478.0,928.0,12:27:59.202579
111.0,-456.0,944.0,12:27:59.213169
51.0,-436.0,941.0,12:27:59.222543
43.0,-426.0,924.0,12:27:59.233052
16.0,-418.0,921.0,12:27:59.242403
8.0,-395.0,923.0,12:27:59.252922
39.0,-430.0,945.0,12:27:59.262279
36.0,-432.0,946.0,12:27:59.271661
114.0,-475.0,917.0,12:27:59.282114
60.0,-415.0,923.0,12:27:59.291503
110.0,-473.0,916.0,12:27:59.301923
122.0,-467.0,924.0,12:27:59.311301
110.0,-477.0,926.0,12:27:59.321709
107.0,-502.0,912.0,12:27:59.331103
54.0,-440.0,858.0,12:27:59.341551
-101.0,-360.0,912.0,12:27:59.351129
-181.0,-349.0,984.0,12:27:59.360430
-104.0,-420.0,1039.0,12:27:59.370878
55.0,-467.0,978.0,12:27:59.380282
75.0,-538.0,891.0,12:27:59.390746
200.0,-559.0,875.0,12:27:59.400129
145.0,-548.0,891.0,12:27:59.410495
175.0,-554.0,868.0,12:27:59.419827
90.0,-565.0,891.0,12:27:59.431858
43.0,-572.0,921.0,12:27:59.449226
-42.0,-516.0,917.0,12:27:59.459692
-77.0,-502.0,921.0,12:27:59.469105
1.0,-524.0,895.0,12:27:59.479536
44.0,-543.0,869.0,12:27:59.488975
78.0,-561.0,853.0,12:27:59.499396
115.0,-591.0,848.0,12:27:59.508865
157.0,-608.0,878.0,12:27:59.518230
137.0,-625.0,902.0,12:27:59.528697
73.0,-619.0,867.0,12:27:59.538053
-29.0,-598.0,866.0,12:27:59.548632
-87.0,-557.0,857.0,12:27:59.557857
-106.0,-529.0,861.0,12:27:59.567281
-168.0,-453.0,897.0,12:27:59.577826
-83.0,-446.0,940.0,12:27:59.587324
9.0,-484.0,990.0,12:27:59.597884
34.0,-509.0,1021.0,12:27:59.607210
82.0,-553.0,907.0,12:27:59.617737
27.0,-532.0,849.0,12:27:59.627132
12.0,-505.0,830.0,12:27:59.636608
-32.0,-532.0,811.0,12:27:59.647152
-108.0,-559.0,851.0,12:27:59.656524
-153.0,-597.0,941.0,12:27:59.666030
-123.0,-634.0,979.0,12:27:59.676582
-98.0,-592.0,927.0,12:27:59.695109
-25.0,-552.0,857.0,12:27:59.705754
15.0,-523.0,827.0,12:27:59.715132
11.0,-483.0,831.0,12:27:59.725633
-52.0,-487.0,894.0,12:27:59.735029
-103.0,-495.0,941.0,12:27:59.745531
-145.0,-508.0,975.0,12:27:59.754817
-135.0,-530.0,976.0,12:27:59.765264
-180.0,-552.0,943.0,12:27:59.774672
-97.0,-619.0,857.0,12:27:59.784018
-140.0,-632.0,870.0,12:27:59.795047
-101.0,-532.0,864.0,12:27:59.804656
-84.0,-571.0,948.0,12:27:59.814077
-32.0,-506.0,918.0,12:27:59.823565
-15.0,-537.0,843.0,12:27:59.833532
13.0,-560.0,868.0,12:27:59.844137
-73.0,-568.0,933.0,12:27:59.853509
-101.0,-559.0,924.0,12:27:59.863943
-179.0,-553.0,918.0,12:27:59.873531
-141.0,-595.0,924.0,12:27:59.882779
-75.0,-624.0,883.0,12:27:59.893334
-40.0,-578.0,830.0,12:27:59.902657
-48.0,-557.0,861.0,12:27:59.913198
24.0,-642.0,808.0,12:27:59.922447
-124.0,-473.0,912.0,12:27:59.932840
34.0,-632.0,884.0,12:27:59.942300
0.0,-559.0,952.0,12:27:59.951654
-125.0,-555.0,995.0,12:27:59.962078
-32.0,-516.0,918.0,12:27:59.971404
-89.0,-534.0,846.0,12:27:59.981883
-48.0,-507.0,868.0,12:27:59.991266
-75.0,-528.0,886.0,12:28:00.001678
-26.0,-527.0,906.0,12:28:00.011173
35.0,-567.0,897.0,12:28:00.021612
8.0,-587.0,868.0,12:28:00.031298
61.0,-571.0,884.0,12:28:00.040629
21.0,-575.0,930.0,12:28:00.051170
58.0,-586.0,968.0,12:28:00.060531
71.0,-547.0,883.0,12:28:00.080266
30.0,-461.0,858.0,12:28:00.089611
-97.0,-356.0,791.0,12:28:00.100134
-222.0,-303.0,879.0,12:28:00.109550
-159.0,-359.0,994.0,12:28:00.120167
-121.0,-392.0,1071.0,12:28:00.129447
-70.0,-464.0,976.0,12:28:00.138940
-42.0,-453.0,879.0,12:28:00.149335
-33.0,-440.0,880.0,12:28:00.158908
78.0,-492.0,865.0,12:28:00.169311
76.0,-506.0,864.0,12:28:00.178803
-11.0,-478.0,914.0,12:28:00.188207
-39.0,-501.0,938.0,12:28:00.198800
-121.0,-504.0,925.0,12:28:00.208146
-217.0,-486.0,911.0,12:28:00.218669
-227.0,-537.0,914.0,12:28:00.227976
-162.0,-572.0,953.0,12:28:00.238423
-95.0,-579.0,988.0,12:28:00.247865
-60.0,-582.0,936.0,12:28:00.257341
-55.0,-572.0,896.0,12:28:00.267863
-31.0,-569.0,920.0,12:28:00.277153
-21.0,-604.0,897.0,12:28:00.296936
-93.0,-607.0,852.0,12:28:00.307414
-212.0,-604.0,956.0,12:28:00.336115
-187.0,-603.0,968.0,12:28:00.346699
-125.0,-585.0,948.0,12:28:00.365246
-26.0,-512.0,897.0,12:28:00.375752
-2.0,-482.0,854.0,12:28:00.386240
20.0,-480.0,853.0,12:28:00.395632
-105.0,-477.0,977.0,12:28:00.424526
-113.0,-482.0,986.0,12:28:00.435013
-77.0,-475.0,977.0,12:28:00.444478
-49.0,-455.0,944.0,12:28:00.454918
-42.0,-434.0,902.0,12:28:00.464202
-26.0,-405.0,851.0,12:28:00.474706
61.0,-414.0,875.0,12:28:00.494247
76.0,-433.0,925.0,12:28:00.503641
77.0,-452.0,967.0,12:28:00.514233
61.0,-472.0,991.0,12:28:00.523485
46.0,-483.0,975.0,12:28:00.534055
17.0,-481.0,935.0,12:28:00.543394
-3.0,-480.0,886.0,12:28:00.552775
-12.0,-473.0,858.0,12:28:00.563355
-5.0,-486.0,861.0,12:28:00.572710
13.0,-496.0,889.0,12:28:00.583155
41.0,-512.0,919.0,12:28:00.592501
64.0,-522.0,942.0,12:28:00.602922
77.0,-527.0,941.0,12:28:00.612342
72.0,-526.0,921.0,12:28:00.621643
57.0,-518.0,882.0,12:28:00.636587
51.0,-513.0,860.0,12:28:00.641392
44.0,-518.0,880.0,12:28:00.651789
42.0,-525.0,901.0,12:28:00.661177
21.0,-529.0,915.0,12:28:00.671588
-1.0,-531.0,926.0,12:28:00.680925
-5.0,-537.0,937.0,12:28:00.691357
0.0,-542.0,926.0,12:28:00.700680
14.0,-532.0,901.0,12:28:00.711265
16.0,-526.0,884.0,12:28:00.720568
11.0,-521.0,879.0,12:28:00.731159
9.0,-516.0,905.0,12:28:00.750751
10.0,-524.0,920.0,12:28:00.760050
5.0,-520.0,927.0,12:28:00.770522
0.0,-518.0,924.0,12:28:00.779786
-13.0,-509.0,914.0,12:28:00.790266
-11.0,-503.0,909.0,12:28:00.799581
4.0,-504.0,906.0,12:28:00.809009
27.0,-511.0,904.0,12:28:00.819439
36.0,-514.0,896.0,12:28:00.828962
24.0,-519.0,897.0,12:28:00.839355
15.0,-517.0,895.0,12:28:00.848846
19.0,-527.0,907.0,12:28:00.859298
17.0,-538.0,917.0,12:28:00.868674
16.0,-534.0,921.0,12:28:00.877987
14.0,-529.0,913.0,12:28:00.888467
22.0,-522.0,898.0,12:28:00.897834
38.0,-517.0,885.0,12:28:00.908358
42.0,-509.0,881.0,12:28:00.917678
43.0,-502.0,890.0,12:28:00.928128
32.0,-509.0,914.0,12:28:00.947771
25.0,-513.0,916.0,12:28:00.957094
21.0,-512.0,915.0,12:28:00.966608
23.0,-514.0,909.0,12:28:00.977022
28.0,-476.0,903.0,12:28:00.986676
25.0,-496.0,880.0,12:28:00.997136
27.0,-499.0,877.0,12:28:01.006552
28.0,-498.0,889.0,12:28:01.015896
32.0,-512.0,907.0,12:28:01.026321
27.0,-516.0,913.0,12:28:01.037318
24.0,-524.0,910.0,12:28:01.046490
25.0,-523.0,899.0,12:28:01.055767
29.0,-534.0,884.0,12:28:01.065182
27.0,-535.0,866.0,12:28:01.075691
22.0,-554.0,861.0,12:28:01.085001
27.0,-561.0,866.0,12:28:01.095415
15.0,-572.0,885.0,12:28:01.104774
-25.0,-593.0,881.0,12:28:01.124482
-13.0,-600.0,879.0,12:28:01.134911
-8.0,-612.0,874.0,12:28:01.144322
-14.0,-617.0,863.0,12:28:01.154746
-24.0,-609.0,854.0,12:28:01.164099
-18.0,-602.0,895.0,12:28:01.183926
-10.0,-591.0,898.0,12:28:01.193186
-20.0,-583.0,895.0,12:28:01.203688
-28.0,-572.0,887.0,12:28:01.213023
-41.0,-560.0,880.0,12:28:01.223487
-57.0,-558.0,870.0,12:28:01.233070
-76.0,-561.0,872.0,12:28:01.243579
-82.0,-563.0,883.0,12:28:01.252898
-86.0,-548.0,910.0,12:28:01.272597
-94.0,-539.0,919.0,12:28:01.281896
-81.0,-538.0,915.0,12:28:01.292550
-62.0,-533.0,899.0,12:28:01.301837
-57.0,-530.0,896.0,12:28:01.312439
-84.0,-542.0,879.0,12:28:01.332046
-99.0,-557.0,897.0,12:28:01.341397
-105.0,-572.0,914.0,12:28:01.351914
-115.0,-571.0,912.0,12:28:01.361171
-126.0,-573.0,906.0,12:28:01.370569
-115.0,-577.0,889.0,12:28:01.381206
-90.0,-583.0,885.0,12:28:01.390610
-73.0,-581.0,868.0,12:28:01.401287
-64.0,-574.0,867.0,12:28:01.410705
-60.0,-580.0,879.0,12:28:01.420040
-64.0,-588.0,900.0,12:28:01.430512
-81.0,-587.0,901.0,12:28:01.439985
-87.0,-583.0,903.0,12:28:01.449463
-80.0,-587.0,911.0,12:28:01.459976
-66.0,-588.0,909.0,12:28:01.469400
-49.0,-554.0,882.0,12:28:01.479989
-54.0,-537.0,865.0,12:28:01.489372
-51.0,-564.0,859.0,12:28:01.498804
-46.0,-571.0,877.0,12:28:01.509297
-40.0,-550.0,893.0,12:28:01.518628
-50.0,-557.0,891.0,12:28:01.529175
-42.0,-529.0,908.0,12:28:01.538481
-38.0,-537.0,920.0,12:28:01.549004
-29.0,-529.0,922.0,12:28:01.558437
-21.0,-528.0,917.0,12:28:01.567826
-23.0,-530.0,904.0,12:28:01.578278
-36.0,-526.0,890.0,12:28:01.587672
-40.0,-513.0,874.0,12:28:01.598271
-48.0,-518.0,880.0,12:28:01.607713
-30.0,-527.0,903.0,12:28:01.617037
-17.0,-529.0,913.0,12:28:01.627539
-16.0,-521.0,908.0,12:28:01.636892
-1.0,-535.0,891.0,12:28:01.647329
14.0,-533.0,878.0,12:28:01.656688
15.0,-542.0,861.0,12:28:01.667080
-10.0,-531.0,876.0,12:28:01.685680
-51.0,-557.0,901.0,12:28:01.696251
-45.0,-567.0,929.0,12:28:01.705640
-55.0,-568.0,933.0,12:28:01.716267
-74.0,-559.0,919.0,12:28:01.725641
-65.0,-557.0,906.0,12:28:01.736205
-44.0,-554.0,897.0,12:28:01.745553
-33.0,-557.0,886.0,12:28:01.755150
-28.0,-553.0,874.0,12:28:01.765642
-26.0,-547.0,869.0,12:28:01.774963
-33.0,-542.0,878.0,12:28:01.785425
-44.0,-550.0,890.0,12:28:01.794868
-49.0,-555.0,897.0,12:28:01.804286
-46.0,-553.0,906.0,12:28:01.814830
-33.0,-562.0,916.0,12:28:01.824136
-32.0,-578.0,901.0,12:28:01.843626
-1.0,-560.0,887.0,12:28:01.854110
-7.0,-562.0,874.0,12:28:01.863566
-3.0,-563.0,851.0,12:28:01.874093
-12.0,-562.0,846.0,12:28:01.883512
4.0,-570.0,860.0,12:28:01.892945
12.0,-578.0,887.0,12:28:01.903500
24.0,-575.0,904.0,12:28:01.912840
19.0,-590.0,902.0,12:28:01.923432
15.0,-586.0,877.0,12:28:01.932735
8.0,-585.0,853.0,12:28:01.943145
7.0,-584.0,849.0,12:28:01.952465
-18.0,-603.0,851.0,12:28:01.962897
-14.0,-589.0,867.0,12:28:01.972321
12.0,-556.0,886.0,12:28:01.981629
26.0,-565.0,900.0,12:28:01.992150
33.0,-557.0,883.0,12:28:02.011799
12.0,-544.0,880.0,12:28:02.021202
0.0,-541.0,882.0,12:28:02.031699
2.0,-542.0,886.0,12:28:02.041033
7.0,-541.0,917.0,12:28:02.060538
8.0,-534.0,926.0,12:28:02.071186
3.0,-523.0,921.0,12:28:02.080468
-14.0,-513.0,927.0,12:28:02.090977
-38.0,-510.0,933.0,12:28:02.100311
-36.0,-497.0,938.0,12:28:02.109697
-24.0,-496.0,924.0,12:28:02.120113
5.0,-489.0,921.0,12:28:02.129504
2.0,-480.0,938.0,12:28:02.140022
30.0,-475.0,949.0,12:28:02.149527
66.0,-484.0,944.0,12:28:02.160038
87.0,-483.0,918.0,12:28:02.169379
58.0,-479.0,877.0,12:28:02.178668
30.0,-478.0,873.0,12:28:02.189122
-4.0,-475.0,898.0,12:28:02.198441
-25.0,-474.0,914.0,12:28:02.208913
-42.0,-468.0,925.0,12:28:02.218286
-35.0,-461.0,930.0,12:28:02.229015
0.0,-446.0,938.0,12:28:02.239591
26.0,-427.0,944.0,12:28:02.248003
56.0,-422.0,930.0,12:28:02.258527
86.0,-440.0,922.0,12:28:02.267861
96.0,-445.0,921.0,12:28:02.277311
67.0,-453.0,930.0,12:28:02.287800
30.0,-460.0,934.0,12:28:02.297111
-2.0,-465.0,930.0,12:28:02.307710
-18.0,-473.0,937.0,12:28:02.317128
-41.0,-481.0,944.0,12:28:02.326633
-48.0,-495.0,945.0,12:28:02.337061
-22.0,-486.0,941.0,12:28:02.346551
25.0,-508.0,926.0,12:28:02.357069
60.0,-498.0,916.0,12:28:02.366494
83.0,-484.0,886.0,12:28:02.375940
90.0,-480.0,862.0,12:28:02.386496
98.0,-478.0,852.0,12:28:02.395958
104.0,-486.0,861.0,12:28:02.405348
85.0,-494.0,872.0,12:28:02.415772
57.0,-502.0,893.0,12:28:02.425186
33.0,-517.0,911.0,12:28:02.435720
21.0,-529.0,932.0,12:28:02.445037
13.0,-532.0,939.0,12:28:02.455433
15.0,-530.0,930.0,12:28:02.464775
32.0,-525.0,925.0,12:28:02.475234
54.0,-520.0,906.0,12:28:02.484621
74.0,-515.0,879.0,12:28:02.495038
92.0,-513.0,858.0,12:28:02.504397
103.0,-516.0,855.0,12:28:02.513712
99.0,-519.0,854.0,12:28:02.524191
83.0,-520.0,860.0,12:28:02.533515
63.0,-527.0,864.0,12:28:02.544027
45.0,-534.0,865.0,12:28:02.553446
24.0,-541.0,880.0,12:28:02.564006
16.0,-554.0,897.0,12:28:02.573346
8.0,-569.0,927.0,12:28:02.582709
13.0,-568.0,937.0,12:28:02.593148
22.0,-565.0,927.0,12:28:02.602485
33.0,-554.0,903.0,12:28:02.612919
50.0,-553.0,869.0,12:28:02.622377
-111.0,-348.0,865.0,12:28:02.632839
194.0,-531.0,867.0,12:28:02.642392
14.0,-446.0,896.0,12:28:02.651688
-115.0,-419.0,1011.0,12:28:02.662279
-30.0,-488.0,988.0,12:28:02.671573
-70.0,-433.0,987.0,12:28:02.682233
-86.0,-436.0,938.0,12:28:02.691627
-108.0,-441.0,885.0,12:28:02.701248
-63.0,-491.0,862.0,12:28:02.711780
-107.0,-540.0,899.0,12:28:02.721205
-90.0,-601.0,891.0,12:28:02.730497
-96.0,-622.0,892.0,12:28:02.741183
-152.0,-635.0,909.0,12:28:02.760797
-128.0,-636.0,914.0,12:28:02.770133
-139.0,-649.0,906.0,12:28:02.789916
-130.0,-647.0,884.0,12:28:02.809648
-115.0,-637.0,851.0,12:28:02.820192
-166.0,-561.0,805.0,12:28:02.829560
-150.0,-393.0,757.0,12:28:02.838984
-26.0,-358.0,841.0,12:28:02.849383
64.0,-561.0,1037.0,12:28:02.858919
3.0,-622.0,1028.0,12:28:02.869348
-60.0,-641.0,944.0,12:28:02.878881
-88.0,-659.0,958.0,12:28:02.888222
-78.0,-614.0,893.0,12:28:02.898834
-76.0,-631.0,770.0,12:28:02.908188
-64.0,-687.0,692.0,12:28:02.918843
-45.0,-728.0,768.0,12:28:02.928156
-9.0,-681.0,866.0,12:28:02.937540
-88.0,-617.0,935.0,12:28:02.948043
-108.0,-650.0,904.0,12:28:02.957398
-6.0,-719.0,850.0,12:28:02.967825
35.0,-710.0,841.0,12:28:02.977148
7.0,-658.0,809.0,12:28:02.987515
-60.0,-594.0,773.0,12:28:02.996861
-28.0,-590.0,750.0,12:28:03.007298
65.0,-585.0,759.0,12:28:03.016728
83.0,-596.0,787.0,12:28:03.027140
26.0,-605.0,841.0,12:28:03.041643
16.0,-655.0,843.0,12:28:03.046696
59.0,-675.0,853.0,12:28:03.055894
44.0,-680.0,818.0,12:28:03.066702
-34.0,-649.0,785.0,12:28:03.076036
-62.0,-618.0,772.0,12:28:03.085442
-23.0,-606.0,778.0,12:28:03.095860
17.0,-627.0,803.0,12:28:03.105349
-10.0,-639.0,836.0,12:28:03.115724
12.0,-677.0,855.0,12:28:03.135380
42.0,-701.0,815.0,12:28:03.144808
52.0,-710.0,764.0,12:28:03.155334
56.0,-688.0,780.0,12:28:03.164692
38.0,-691.0,828.0,12:28:03.174542
2.0,-686.0,823.0,12:28:03.184026
-23.0,-705.0,782.0,12:28:03.194502
-30.0,-725.0,755.0,12:28:03.203882
6.0,-724.0,768.0,12:28:03.214365
16.0,-720.0,814.0,12:28:03.223764
35.0,-717.0,835.0,12:28:03.233124
83.0,-713.0,814.0,12:28:03.243555
96.0,-747.0,809.0,12:28:03.252901
63.0,-740.0,776.0,12:28:03.263606
32.0,-699.0,792.0,12:28:03.272941
76.0,-704.0,782.0,12:28:03.282422
100.0,-663.0,737.0,12:28:03.292840
44.0,-638.0,731.0,12:28:03.302412
25.0,-660.0,783.0,12:28:03.312821
23.0,-685.0,790.0,12:28:03.322229
-19.0,-706.0,760.0,12:28:03.332624
2.0,-729.0,733.0,12:28:03.342007
50.0,-744.0,726.0,12:28:03.351308
77.0,-719.0,731.0,12:28:03.361780
67.0,-728.0,716.0,12:28:03.371186
60.0,-761.0,739.0,12:28:03.381800
49.0,-751.0,794.0,12:28:03.391161
23.0,-848.0,802.0,12:28:03.401647
27.0,-820.0,744.0,12:28:03.411156
-16.0,-737.0,723.0,12:28:03.420455
-66.0,-721.0,831.0,12:28:03.430933
-4.0,-738.0,870.0,12:28:03.445885
-41.0,-713.0,806.0,12:28:03.450699
-132.0,-691.0,687.0,12:28:03.460133
-115.0,-746.0,681.0,12:28:03.469546
-40.0,-851.0,812.0,12:28:03.480070
51.0,-848.0,917.0,12:28:03.489403
35.0,-849.0,906.0,12:28:03.499985
156.0,-776.0,837.0,12:28:03.509438
143.0,-741.0,732.0,12:28:03.518859
55.0,-666.0,749.0,12:28:03.529282
53.0,-613.0,594.0,12:28:03.538663
-70.0,-576.0,569.0,12:28:03.549199
-157.0,-683.0,664.0,12:28:03.558637
-184.0,-790.0,815.0,12:28:03.569168
-279.0,-870.0,1044.0,12:28:03.578508
-195.0,-874.0,1058.0,12:28:03.587828
-86.0,-890.0,1061.0,12:28:03.598316
-35.0,-784.0,859.0,12:28:03.607740
28.0,-665.0,619.0,12:28:03.618300
31.0,-466.0,465.0,12:28:03.627755
42.0,-456.0,653.0,12:28:03.637121
102.0,-441.0,813.0,12:28:03.647632
51.0,-421.0,1061.0,12:28:03.656998
-18.0,-397.0,1058.0,12:28:03.667683
-4.0,-504.0,1094.0,12:28:03.677067
43.0,-629.0,1143.0,12:28:03.686456
91.0,-542.0,1077.0,12:28:03.697014
56.0,-374.0,1121.0,12:28:03.706440
147.0,-291.0,1084.0,12:28:03.716943
229.0,-278.0,1009.0,12:28:03.726223
196.0,-284.0,912.0,12:28:03.735653
96.0,-289.0,943.0,12:28:03.746087
-42.0,-241.0,933.0,12:28:03.755433
-119.0,-336.0,889.0,12:28:03.765930
-168.0,-497.0,984.0,12:28:03.775268
-143.0,-644.0,1123.0,12:28:03.785761
-207.0,-666.0,1114.0,12:28:03.795242
-212.0,-617.0,864.0,12:28:03.804612
-230.0,-676.0,801.0,12:28:03.815143
-286.0,-704.0,774.0,12:28:03.824516
-434.0,-676.0,766.0,12:28:03.835021
-407.0,-625.0,875.0,12:28:03.844329
-227.0,-636.0,968.0,12:28:03.854888
22.0,-631.0,854.0,12:28:03.864208
209.0,-662.0,773.0,12:28:03.873665
159.0,-619.0,840.0,12:28:03.884142
312.0,-604.0,973.0,12:28:03.893505
453.0,-566.0,894.0,12:28:03.903947
431.0,-520.0,713.0,12:28:03.913432
293.0,-600.0,818.0,12:28:03.922863
140.0,-540.0,1048.0,12:28:03.933376
-93.0,-399.0,955.0,12:28:03.942662
-327.0,-311.0,918.0,12:28:03.953214
-203.0,-548.0,947.0,12:28:03.962534
-213.0,-538.0,787.0,12:28:03.973069
-195.0,-532.0,839.0,12:28:03.982470
-435.0,-391.0,851.0,12:28:03.991873
-407.0,-314.0,980.0,12:28:04.002434
-239.0,-267.0,983.0,12:28:04.011908
19.0,-259.0,826.0,12:28:04.022362
183.0,-331.0,843.0,12:28:04.031867
416.0,-315.0,1008.0,12:28:04.041190
578.0,-357.0,1225.0,12:28:04.051762
654.0,-386.0,1196.0,12:28:04.061178
621.0,-454.0,892.0,12:28:04.071715
579.0,-443.0,842.0,12:28:04.081161
443.0,-295.0,857.0,12:28:04.090524
-60.0,-183.0,886.0,12:28:04.110346
-274.0,-268.0,896.0,12:28:04.120786
-329.0,-390.0,887.0,12:28:04.130253
-284.0,-559.0,886.0,12:28:04.139613
-347.0,-567.0,1004.0,12:28:04.150217
-289.0,-652.0,1062.0,12:28:04.169849
-146.0,-728.0,942.0,12:28:04.179114
-108.0,-762.0,841.0,12:28:04.189756
29.0,-695.0,805.0,12:28:04.199039
-11.0,-766.0,678.0,12:28:04.209528
113.0,-803.0,643.0,12:28:04.218893
383.0,-651.0,807.0,12:28:04.229415
411.0,-455.0,820.0,12:28:04.244923
326.0,-352.0,952.0,12:28:04.248582
262.0,-426.0,982.0,12:28:04.258007
101.0,-488.0,951.0,12:28:04.268400
77.0,-493.0,1017.0,12:28:04.277851
37.0,-459.0,1009.0,12:28:04.288239
-117.0,-495.0,1022.0,12:28:04.297669
-260.0,-647.0,937.0,12:28:04.308097
-196.0,-727.0,916.0,12:28:04.317546
-117.0,-725.0,840.0,12:28:04.326873
-112.0,-677.0,872.0,12:28:04.337473
65.0,-608.0,926.0,12:28:04.346792
89.0,-422.0,800.0,12:28:04.357323
92.0,-229.0,765.0,12:28:04.366728
178.0,-397.0,907.0,12:28:04.377207
233.0,-479.0,873.0,12:28:04.386590
153.0,-453.0,840.0,12:28:04.395986
177.0,-567.0,939.0,12:28:04.406541
299.0,-613.0,858.0,12:28:04.415910
250.0,-574.0,938.0,12:28:04.426516
183.0,-467.0,957.0,12:28:04.436017
158.0,-477.0,866.0,12:28:04.445401
43.0,-582.0,904.0,12:28:04.455842
12.0,-646.0,919.0,12:28:04.465266
18.0,-688.0,1005.0,12:28:04.474809
-50.0,-643.0,1067.0,12:28:04.485308
-61.0,-626.0,880.0,12:28:04.494708
-68.0,-577.0,719.0,12:28:04.505145
-100.0,-469.0,689.0,12:28:04.514696
-98.0,-423.0,885.0,12:28:04.524033
-40.0,-545.0,993.0,12:28:04.534726
58.0,-540.0,988.0,12:28:04.544067
94.0,-457.0,923.0,12:28:04.553490
105.0,-395.0,774.0,12:28:04.563942
109.0,-352.0,757.0,12:28:04.573272
102.0,-389.0,898.0,12:28:04.583714
83.0,-449.0,968.0,12:28:04.593069
59.0,-518.0,939.0,12:28:04.603575
4.0,-553.0,884.0,12:28:04.612898
-61.0,-584.0,893.0,12:28:04.623476
-64.0,-605.0,930.0,12:28:04.632840
6.0,-633.0,916.0,12:28:04.646283
40.0,-542.0,801.0,12:28:04.652539
42.0,-504.0,795.0,12:28:04.663001
94.0,-582.0,903.0,12:28:04.672435
139.0,-623.0,897.0,12:28:04.681812
99.0,-620.0,931.0,12:28:04.692374
12.0,-586.0,891.0,12:28:04.711956
-22.0,-601.0,851.0,12:28:04.721310
7.0,-679.0,965.0,12:28:04.731915
-30.0,-643.0,977.0,12:28:04.741239
-55.0,-583.0,868.0,12:28:04.750582
-8.0,-640.0,833.0,12:28:04.761240
58.0,-701.0,806.0,12:28:04.770587
47.0,-599.0,800.0,12:28:04.781182
35.0,-506.0,824.0,12:28:04.790447
104.0,-427.0,757.0,12:28:04.800955
93.0,-400.0,778.0,12:28:04.810300
137.0,-505.0,851.0,12:28:04.819599
159.0,-598.0,944.0,12:28:04.829635
130.0,-589.0,1011.0,12:28:04.839376
116.0,-557.0,954.0,12:28:04.850061
113.0,-594.0,788.0,12:28:04.859403
135.0,-710.0,796.0,12:28:04.868847
82.0,-604.0,965.0,12:28:04.879291
30.0,-450.0,993.0,12:28:04.888900
-38.0,-423.0,786.0,12:28:04.899295
-21.0,-490.0,798.0,12:28:04.908684
93.0,-601.0,873.0,12:28:04.919118
-6.0,-565.0,927.0,12:28:04.928501
-62.0,-454.0,888.0,12:28:04.937784
-61.0,-490.0,951.0,12:28:04.948337
71.0,-629.0,1035.0,12:28:04.957706
52.0,-681.0,953.0,12:28:04.968333
43.0,-646.0,894.0,12:28:04.977739
167.0,-572.0,819.0,12:28:04.987102
164.0,-607.0,765.0,12:28:04.997501
167.0,-672.0,689.0,12:28:05.006879
96.0,-659.0,666.0,12:28:05.017319
60.0,-637.0,787.0,12:28:05.026686
75.0,-704.0,1054.0,12:28:05.037092
-1.0,-675.0,1059.0,12:28:05.046670
-22.0,-643.0,871.0,12:28:05.056012
-8.0,-579.0,734.0,12:28:05.066558
54.0,-614.0,818.0,12:28:05.075831
68.0,-702.0,925.0,12:28:05.086342
-32.0,-599.0,897.0,12:28:05.095751
-34.0,-465.0,950.0,12:28:05.106226
4.0,-468.0,876.0,12:28:05.115611
28.0,-613.0,855.0,12:28:05.125030
54.0,-560.0,867.0,12:28:05.135526
-79.0,-530.0,988.0,12:28:05.144889
-8.0,-487.0,900.0,12:28:05.155324
31.0,-556.0,762.0,12:28:05.164710
123.0,-545.0,710.0,12:28:05.175201
128.0,-513.0,834.0,12:28:05.184578
115.0,-495.0,928.0,12:28:05.194987
91.0,-537.0,953.0,12:28:05.204375
29.0,-498.0,901.0,12:28:05.213732
42.0,-557.0,863.0,12:28:05.224186
61.0,-569.0,789.0,12:28:05.233609
19.0,-593.0,912.0,12:28:05.244167
83.0,-659.0,989.0,12:28:05.253457
14.0,-589.0,879.0,12:28:05.263968
-13.0,-544.0,793.0,12:28:05.273338
-11.0,-499.0,735.0,12:28:05.282746
10.0,-483.0,789.0,12:28:05.293402
88.0,-617.0,954.0,12:28:05.302719
74.0,-597.0,1005.0,12:28:05.313305
8.0,-486.0,915.0,12:28:05.322786
-1.0,-458.0,841.0,12:28:05.332163
23.0,-442.0,871.0,12:28:05.342637
133.0,-580.0,906.0,12:28:05.351924
56.0,-520.0,989.0,12:28:05.362495
32.0,-432.0,765.0,12:28:05.381058
-18.0,-534.0,830.0,12:28:05.391487
45.0,-623.0,921.0,12:28:05.402056
30.0,-663.0,1005.0,12:28:05.411305
37.0,-577.0,975.0,12:28:05.420678
-35.0,-513.0,823.0,12:28:05.431189
40.0,-636.0,805.0,12:28:05.448503
55.0,-591.0,732.0,12:28:05.451748
26.0,-487.0,847.0,12:28:05.461137
141.0,-554.0,991.0,12:28:05.470547
77.0,-504.0,914.0,12:28:05.479921
-78.0,-404.0,922.0,12:28:05.490425
32.0,-524.0,978.0,12:28:05.499766
110.0,-501.0,887.0,12:28:05.510228
101.0,-497.0,888.0,12:28:05.519492
37.0,-458.0,916.0,12:28:05.530120
76.0,-567.0,893.0,12:28:05.539475
44.0,-581.0,776.0,12:28:05.548954
37.0,-510.0,917.0,12:28:05.559352
136.0,-662.0,1122.0,12:28:05.568917
165.0,-670.0,920.0,12:28:05.579288
22.0,-581.0,756.0,12:28:05.588703
106.0,-631.0,733.0,12:28:05.599072
112.0,-609.0,781.0,12:28:05.608412
121.0,-758.0,932.0,12:28:05.617794
119.0,-766.0,834.0,12:28:05.628359
71.0,-630.0,737.0,12:28:05.637666
20.0,-620.0,869.0,12:28:05.648276
-66.0,-557.0,956.0,12:28:05.657560
-59.0,-661.0,1016.0,12:28:05.668103
-90.0,-584.0,823.0,12:28:05.677398
-157.0,-556.0,841.0,12:28:05.686819
-112.0,-622.0,924.0,12:28:05.697257
-84.0,-639.0,1001.0,12:28:05.706741
-52.0,-569.0,974.0,12:28:05.717162
-92.0,-400.0,768.0,12:28:05.726785
-35.0,-450.0,837.0,12:28:05.736093
-31.0,-559.0,975.0,12:28:05.746763
6.0,-597.0,1035.0,12:28:05.756170
31.0,-491.0,887.0,12:28:05.765574
-11.0,-389.0,916.0,12:28:05.776018
-9.0,-346.0,906.0,12:28:05.785416
8.0,-378.0,880.0,12:28:05.795828
14.0,-449.0,871.0,12:28:05.805242
29.0,-448.0,905.0,12:28:05.815798
23.0,-475.0,1016.0,12:28:05.825249
43.0,-547.0,1059.0,12:28:05.834602
120.0,-638.0,878.0,12:28:05.850616
75.0,-608.0,791.0,12:28:05.854436
108.0,-525.0,864.0,12:28:05.864862
35.0,-544.0,946.0,12:28:05.874220
96.0,-549.0,863.0,12:28:05.884693
81.0,-553.0,844.0,12:28:05.894058
37.0,-511.0,907.0,12:28:05.904571
31.0,-538.0,887.0,12:28:05.913893
-20.0,-658.0,1024.0,12:28:05.923209
58.0,-677.0,907.0,12:28:05.933725
-70.0,-655.0,870.0,12:28:05.943005
-100.0,-637.0,875.0,12:28:05.953607
-83.0,-674.0,846.0,12:28:05.962922
-85.0,-607.0,830.0,12:28:05.973581
-80.0,-596.0,928.0,12:28:05.982829
-94.0,-595.0,869.0,12:28:05.992291
-68.0,-622.0,783.0,12:28:06.002657
-154.0,-531.0,953.0,12:28:06.012132
-97.0,-431.0,977.0,12:28:06.022606
-28.0,-535.0,900.0,12:28:06.031990
-158.0,-489.0,907.0,12:28:06.042404
-276.0,-392.0,985.0,12:28:06.051909
-204.0,-404.0,948.0,12:28:06.061206
-90.0,-482.0,926.0,12:28:06.071767
-114.0,-555.0,905.0,12:28:06.081203
-153.0,-500.0,968.0,12:28:06.091832
-45.0,-452.0,979.0,12:28:06.101185
-4.0,-468.0,921.0,12:28:06.110592
5.0,-396.0,858.0,12:28:06.121179
18.0,-406.0,914.0,12:28:06.130618
30.0,-424.0,970.0,12:28:06.140015
162.0,-512.0,822.0,12:28:06.150576
68.0,-521.0,886.0,12:28:06.160035
17.0,-483.0,1053.0,12:28:06.170620
56.0,-466.0,911.0,12:28:06.179993
44.0,-537.0,783.0,12:28:06.189459
43.0,-662.0,831.0,12:28:06.199964
97.0,-666.0,876.0,12:28:06.209398
150.0,-699.0,937.0,12:28:06.218843
37.0,-651.0,854.0,12:28:06.229301
-93.0,-652.0,872.0,12:28:06.238822
-125.0,-617.0,863.0,12:28:06.249353
-98.0,-642.0,902.0,12:28:06.258823
-125.0,-723.0,753.0,12:28:06.278419
-148.0,-756.0,899.0,12:28:06.287901
-119.0,-660.0,870.0,12:28:06.298432
-120.0,-659.0,784.0,12:28:06.307826
-100.0,-639.0,749.0,12:28:06.318252
-130.0,-620.0,839.0,12:28:06.327731
3.0,-484.0,824.0,12:28:06.337171
7.0,-532.0,863.0,12:28:06.347762
-8.0,-568.0,906.0,12:28:06.357049
35.0,-549.0,980.0,12:28:06.367635
-11.0,-398.0,967.0,12:28:06.376916
17.0,-447.0,928.0,12:28:06.387383
-50.0,-348.0,991.0,12:28:06.396702
-63.0,-381.0,913.0,12:28:06.406031
-26.0,-387.0,846.0,12:28:06.416617
-19.0,-442.0,933.0,12:28:06.425995
-15.0,-420.0,985.0,12:28:06.436623
-75.0,-523.0,895.0,12:28:06.445907
2.0,-563.0,804.0,12:28:06.456603
17.0,-514.0,813.0,12:28:06.465935
-2.0,-535.0,955.0,12:28:06.475359
-37.0,-552.0,987.0,12:28:06.485791
33.0,-626.0,917.0,12:28:06.495194
60.0,-608.0,824.0,12:28:06.505689
69.0,-635.0,829.0,12:28:06.515088
23.0,-727.0,908.0,12:28:06.524513
79.0,-707.0,829.0,12:28:06.535017
18.0,-682.0,868.0,12:28:06.544386
108.0,-536.0,795.0,12:28:06.554945
96.0,-500.0,722.0,12:28:06.564236
153.0,-635.0,686.0,12:28:06.573561
127.0,-539.0,822.0,12:28:06.584057
149.0,-587.0,1003.0,12:28:06.593614
156.0,-489.0,959.0,12:28:06.604139
46.0,-527.0,889.0,12:28:06.613486
-38.0,-511.0,918.0,12:28:06.622936
76.0,-634.0,894.0,12:28:06.633592
4.0,-587.0,933.0,12:28:06.650442
-20.0,-441.0,1007.0,12:28:06.654449
-48.0,-603.0,1056.0,12:28:06.662646
37.0,-566.0,801.0,12:28:06.673139
-2.0,-311.0,756.0,12:28:06.682510
38.0,-496.0,959.0,12:28:06.691816
65.0,-589.0,1004.0,12:28:06.702393
91.0,-621.0,940.0,12:28:06.711772
77.0,-645.0,856.0,12:28:06.722418
158.0,-677.0,746.0,12:28:06.731681
112.0,-647.0,753.0,12:28:06.741132
76.0,-612.0,840.0,12:28:06.751594
104.0,-658.0,781.0,12:28:06.761141
137.0,-673.0,747.0,12:28:06.771563
109.0,-592.0,819.0,12:28:06.780890
119.0,-532.0,792.0,12:28:06.791378
127.0,-512.0,747.0,12:28:06.800745
85.0,-561.0,859.0,12:28:06.810149
80.0,-517.0,1044.0,12:28:06.820560
116.0,-500.0,999.0,12:28:06.829962
103.0,-580.0,845.0,12:28:06.840482
146.0,-601.0,782.0,12:28:06.849844
97.0,-484.0,819.0,12:28:06.860364
21.0,-362.0,1008.0,12:28:06.869773
-24.0,-404.0,1027.0,12:28:06.879136
6.0,-485.0,939.0,12:28:06.889615
61.0,-526.0,943.0,12:28:06.898933
-34.0,-523.0,1094.0,12:28:06.909438
87.0,-551.0,1092.0,12:28:06.918899
17.0,-453.0,853.0,12:28:06.929362
44.0,-446.0,780.0,12:28:06.938779
114.0,-554.0,902.0,12:28:06.948235
79.0,-571.0,1020.0,12:28:06.958618
103.0,-568.0,920.0,12:28:06.967974
78.0,-593.0,880.0,12:28:06.978377
106.0,-554.0,794.0,12:28:06.987816
145.0,-561.0,846.0,12:28:06.998233
122.0,-559.0,875.0,12:28:07.017887
146.0,-589.0,861.0,12:28:07.027291
111.0,-522.0,790.0,12:28:07.037818
77.0,-538.0,811.0,12:28:07.048666
59.0,-530.0,854.0,12:28:07.057753
124.0,-481.0,798.0,12:28:07.067050
48.0,-567.0,913.0,12:28:07.076595
20.0,-587.0,951.0,12:28:07.087062
38.0,-450.0,814.0,12:28:07.096503
169.0,-456.0,788.0,12:28:07.105778
47.0,-421.0,889.0,12:28:07.116310
150.0,-350.0,930.0,12:28:07.125759
60.0,-372.0,1001.0,12:28:07.136291
159.0,-546.0,1069.0,12:28:07.145693
145.0,-486.0,941.0,12:28:07.155145
136.0,-407.0,866.0,12:28:07.165654
154.0,-412.0,870.0,12:28:07.175050
89.0,-508.0,887.0,12:28:07.185572
106.0,-746.0,1060.0,12:28:07.194937
198.0,-839.0,931.0,12:28:07.204327
61.0,-689.0,797.0,12:28:07.214792
9.0,-650.0,849.0,12:28:07.224122
11.0,-718.0,957.0,12:28:07.234855
10.0,-731.0,916.0,12:28:07.244206
-34.0,-652.0,943.0,12:28:07.253561
-29.0,-656.0,1037.0,12:28:07.264108
-98.0,-556.0,926.0,12:28:07.273683
-25.0,-526.0,779.0,12:28:07.284187
-92.0,-478.0,858.0,12:28:07.293468
-62.0,-497.0,987.0,12:28:07.302981
-115.0,-546.0,875.0,12:28:07.313444
-42.0,-600.0,872.0,12:28:07.322820
-79.0,-479.0,948.0,12:28:07.332320
-105.0,-500.0,973.0,12:28:07.342870
-16.0,-440.0,892.0,12:28:07.352272
11.0,-548.0,940.0,12:28:07.362734
62.0,-510.0,930.0,12:28:07.372001
19.0,-405.0,947.0,12:28:07.382559
32.0,-342.0,857.0,12:28:07.391812
79.0,-443.0,970.0,12:28:07.401297
106.0,-493.0,927.0,12:28:07.411837
70.0,-473.0,961.0,12:28:07.421271
72.0,-438.0,932.0,12:28:07.431760
94.0,-412.0,977.0,12:28:07.441158
99.0,-477.0,978.0,12:28:07.451578
36.0,-424.0,845.0,12:28:07.461099
82.0,-460.0,953.0,12:28:07.470348
6.0,-494.0,1054.0,12:28:07.480935
146.0,-544.0,943.0,12:28:07.490284
94.0,-481.0,801.0,12:28:07.500798
-10.0,-443.0,834.0,12:28:07.510187
51.0,-450.0,905.0,12:28:07.519582
67.0,-562.0,886.0,12:28:07.530089
65.0,-535.0,883.0,12:28:07.539476
60.0,-530.0,805.0,12:28:07.549968
3.0,-464.0,853.0,12:28:07.559469
48.0,-550.0,922.0,12:28:07.568846
33.0,-528.0,845.0,12:28:07.579355
111.0,-503.0,813.0,12:28:07.588633
7.0,-458.0,976.0,12:28:07.599082
16.0,-417.0,910.0,12:28:07.608376
73.0,-488.0,816.0,12:28:07.618974
0.0,-538.0,948.0,12:28:07.628264
-8.0,-545.0,1080.0,12:28:07.638826
34.0,-520.0,928.0,12:28:07.648205
32.0,-494.0,877.0,12:28:07.657734
71.0,-504.0,910.0,12:28:07.668164
42.0,-414.0,957.0,12:28:07.677494
13.0,-398.0,955.0,12:28:07.687949
8.0,-496.0,897.0,12:28:07.697249
43.0,-568.0,891.0,12:28:07.707778
90.0,-601.0,954.0,12:28:07.717118
110.0,-530.0,938.0,12:28:07.726604
95.0,-534.0,851.0,12:28:07.737033
200.0,-543.0,784.0,12:28:07.746525
209.0,-621.0,767.0,12:28:07.756939
245.0,-638.0,994.0,12:28:07.766254
143.0,-594.0,1006.0,12:28:07.776752
148.0,-563.0,763.0,12:28:07.786102
140.0,-432.0,688.0,12:28:07.796591
124.0,-574.0,846.0,12:28:07.806005
56.0,-533.0,766.0,12:28:07.815297
67.0,-599.0,719.0,12:28:07.825933
-2.0,-563.0,882.0,12:28:07.835239
20.0,-498.0,987.0,12:28:07.844740
-57.0,-579.0,848.0,12:28:07.855492
19.0,-573.0,806.0,12:28:07.865026
46.0,-694.0,975.0,12:28:07.874522
26.0,-529.0,1061.0,12:28:07.884993
-48.0,-416.0,1099.0,12:28:07.894486
-36.0,-281.0,814.0,12:28:07.904893
218.0,-520.0,801.0,12:28:07.914368
-1.0,-530.0,1053.0,12:28:07.923706
97.0,-583.0,1091.0,12:28:07.934272
88.0,-476.0,899.0,12:28:07.943686
82.0,-425.0,813.0,12:28:07.954182
94.0,-562.0,1026.0,12:28:07.963515
178.0,-767.0,924.0,12:28:07.972905
137.0,-681.0,797.0,12:28:07.983404
66.0,-593.0,1007.0,12:28:07.992783
71.0,-547.0,946.0,12:28:08.003310
34.0,-532.0,786.0,12:28:08.012710
53.0,-601.0,732.0,12:28:08.023179
29.0,-574.0,833.0,12:28:08.032532
48.0,-577.0,1039.0,12:28:08.041876
-16.0,-502.0,996.0,12:28:08.052392
14.0,-536.0,907.0,12:28:08.061679
65.0,-593.0,817.0,12:28:08.072232
-9.0,-610.0,912.0,12:28:08.091875
40.0,-674.0,1009.0,12:28:08.101267
-38.0,-626.0,865.0,12:28:08.111758
-62.0,-565.0,749.0,12:28:08.121175
-19.0,-551.0,841.0,12:28:08.130524
74.0,-692.0,1019.0,12:28:08.141155
-66.0,-631.0,962.0,12:28:08.150496
93.0,-627.0,843.0,12:28:08.161138
45.0,-531.0,797.0,12:28:08.180673
54.0,-647.0,922.0,12:28:08.190119
-28.0,-637.0,937.0,12:28:08.199487
7.0,-546.0,767.0,12:28:08.210070
59.0,-544.0,837.0,12:28:08.219484
-3.0,-505.0,943.0,12:28:08.229974
67.0,-482.0,820.0,12:28:08.239425
-71.0,-460.0,830.0,12:28:08.255857
-73.0,-575.0,957.0,12:28:08.259749
-16.0,-522.0,879.0,12:28:08.269119
-7.0,-467.0,881.0,12:28:08.278449
-13.0,-502.0,996.0,12:28:08.288987
51.0,-530.0,929.0,12:28:08.298294
63.0,-481.0,802.0,12:28:08.308996
61.0,-543.0,1014.0,12:28:08.318224
96.0,-440.0,936.0,12:28:08.327787
6.0,-527.0,867.0,12:28:08.338250
32.0,-506.0,974.0,12:28:08.347929
86.0,-523.0,914.0,12:28:08.357288
-28.0,-456.0,848.0,12:28:08.367986
39.0,-432.0,917.0,12:28:08.377274
33.0,-541.0,1035.0,12:28:08.387826
25.0,-588.0,878.0,12:28:08.397237
115.0,-565.0,761.0,12:28:08.406701
90.0,-581.0,790.0,12:28:08.417121
117.0,-565.0,876.0,12:28:08.426651
71.0,-560.0,756.0,12:28:08.435984
78.0,-670.0,836.0,12:28:08.446685
85.0,-711.0,915.0,12:28:08.455935
58.0,-556.0,787.0,12:28:08.466494
-11.0,-553.0,890.0,12:28:08.475786
-6.0,-550.0,804.0,12:28:08.495437
-45.0,-614.0,928.0,12:28:08.504874
-48.0,-722.0,1041.0,12:28:08.515375
-41.0,-663.0,869.0,12:28:08.524770
20.0,-591.0,907.0,12:28:08.535234
-110.0,-395.0,974.0,12:28:08.544635
-49.0,-421.0,995.0,12:28:08.555164
-108.0,-405.0,1105.0,12:28:08.564602
-185.0,-358.0,1029.0,12:28:08.573900
-77.0,-497.0,969.0,12:28:08.584570
-82.0,-543.0,938.0,12:28:08.593973
-12.0,-528.0,942.0,12:28:08.604566
67.0,-549.0,895.0,12:28:08.613876
-49.0,-553.0,867.0,12:28:08.623216
26.0,-526.0,920.0,12:28:08.633735
-44.0,-558.0,985.0,12:28:08.643034
63.0,-531.0,820.0,12:28:08.653515
62.0,-497.0,735.0,12:28:08.662811
128.0,-584.0,926.0,12:28:08.673393
83.0,-576.0,910.0,12:28:08.682786
104.0,-513.0,734.0,12:28:08.692218
147.0,-551.0,877.0,12:28:08.702648
43.0,-563.0,997.0,12:28:08.712074
146.0,-515.0,889.0,12:28:08.722513
45.0,-546.0,839.0,12:28:08.731876
110.0,-467.0,757.0,12:28:08.742317
-62.0,-457.0,893.0,12:28:08.751683
-71.0,-450.0,1029.0,12:28:08.762167
-25.0,-556.0,1047.0,12:28:08.771600
-85.0,-480.0,953.0,12:28:08.780982
-62.0,-510.0,937.0,12:28:08.791554
-150.0,-549.0,1112.0,12:28:08.801004
-109.0,-509.0,1002.0,12:28:08.810459
-48.0,-505.0,952.0,12:28:08.820877
-72.0,-569.0,961.0,12:28:08.830285
-73.0,-551.0,924.0,12:28:08.840782
-19.0,-477.0,890.0,12:28:08.850253
-16.0,-564.0,821.0,12:28:08.860688
86.0,-543.0,675.0,12:28:08.870144
92.0,-595.0,743.0,12:28:08.879497
51.0,-500.0,759.0,12:28:08.890112
91.0,-484.0,810.0,12:28:08.899461
153.0,-543.0,860.0,12:28:08.910029
120.0,-531.0,926.0,12:28:08.919343
74.0,-459.0,841.0,12:28:08.928795
73.0,-575.0,943.0,12:28:08.939235
55.0,-562.0,981.0,12:28:08.948618
25.0,-603.0,1046.0,12:28:08.958985
91.0,-511.0,849.0,12:28:08.968325
-5.0,-499.0,661.0,12:28:08.978873
55.0,-613.0,950.0,12:28:08.988285
37.0,-629.0,879.0,12:28:08.997709
19.0,-434.0,820.0,12:28:09.008175
105.0,-475.0,1019.0,12:28:09.017479
-33.0,-529.0,914.0,12:28:09.027996
41.0,-637.0,788.0,12:28:09.037326
66.0,-539.0,895.0,12:28:09.047807
-23.0,-571.0,1093.0,12:28:09.057882
68.0,-460.0,958.0,12:28:09.067363
-40.0,-562.0,739.0,12:28:09.076694
77.0,-522.0,884.0,12:28:09.087239
36.0,-490.0,993.0,12:28:09.096637
39.0,-433.0,986.0,12:28:09.106024
178.0,-568.0,949.0,12:28:09.116547
72.0,-532.0,809.0,12:28:09.125884
149.0,-520.0,820.0,12:28:09.136329
185.0,-493.0,889.0,12:28:09.145838
101.0,-478.0,886.0,12:28:09.156238
187.0,-607.0,915.0,12:28:09.165703
178.0,-601.0,789.0,12:28:09.176138
188.0,-522.0,733.0,12:28:09.185540
177.0,-474.0,1040.0,12:28:09.194811
41.0,-406.0,949.0,12:28:09.205424
49.0,-519.0,780.0,12:28:09.214816
70.0,-506.0,792.0,12:28:09.225362
97.0,-452.0,925.0,12:28:09.234619
31.0,-482.0,1051.0,12:28:09.243996
37.0,-542.0,891.0,12:28:09.254518
-8.0,-549.0,912.0,12:28:09.263960
79.0,-598.0,1015.0,12:28:09.274532
96.0,-498.0,863.0,12:28:09.283924
109.0,-502.0,907.0,12:28:09.293293
68.0,-493.0,950.0,12:28:09.303877
-16.0,-537.0,947.0,12:28:09.313161
140.0,-496.0,919.0,12:28:09.323728
133.0,-463.0,873.0,12:28:09.333053
114.0,-498.0,828.0,12:28:09.343554
125.0,-355.0,966.0,12:28:09.352828
112.0,-456.0,924.0,12:28:09.362297
166.0,-472.0,936.0,12:28:09.372733
170.0,-558.0,842.0,12:28:09.382104
47.0,-534.0,959.0,12:28:09.392540
180.0,-574.0,1061.0,12:28:09.401855
128.0,-563.0,893.0,12:28:09.412346
44.0,-440.0,817.0,12:28:09.421778
66.0,-556.0,950.0,12:28:09.431208
5.0,-551.0,885.0,12:28:09.441653
63.0,-641.0,882.0,12:28:09.457296
32.0,-475.0,689.0,12:28:09.462014
78.0,-550.0,866.0,12:28:09.471463
-65.0,-578.0,952.0,12:28:09.480805
36.0,-657.0,866.0,12:28:09.491297
64.0,-585.0,924.0,12:28:09.500724
103.0,-507.0,946.0,12:28:09.510087
19.0,-414.0,1077.0,12:28:09.520533
-84.0,-470.0,1039.0,12:28:09.530028
134.0,-487.0,824.0,12:28:09.540564
71.0,-470.0,896.0,12:28:09.549932
75.0,-462.0,1115.0,12:28:09.560385
67.0,-476.0,918.0,12:28:09.569633
8.0,-540.0,756.0,12:28:09.579041
82.0,-549.0,936.0,12:28:09.589436
91.0,-532.0,985.0,12:28:09.598887
37.0,-513.0,881.0,12:28:09.609291
64.0,-552.0,966.0,12:28:09.618832
92.0,-606.0,913.0,12:28:09.629320
-24.0,-541.0,834.0,12:28:09.638737
-40.0,-640.0,895.0,12:28:09.648022
-17.0,-546.0,922.0,12:28:09.658730
-41.0,-542.0,840.0,12:28:09.667996
-112.0,-566.0,785.0,12:28:09.678623
-69.0,-607.0,852.0,12:28:09.688046
-16.0,-534.0,867.0,12:28:09.697499
-88.0,-610.0,1044.0,12:28:09.707935
-50.0,-536.0,1015.0,12:28:09.717297
89.0,-602.0,868.0,12:28:09.727798
14.0,-525.0,939.0,12:28:09.737195
-2.0,-516.0,1034.0,12:28:09.747701
21.0,-575.0,949.0,12:28:09.757151
54.0,-454.0,766.0,12:28:09.766580
72.0,-486.0,930.0,12:28:09.777086
-53.0,-471.0,1086.0,12:28:09.786441
51.0,-384.0,793.0,12:28:09.795830
90.0,-345.0,754.0,12:28:09.806229
57.0,-417.0,900.0,12:28:09.815758
43.0,-483.0,898.0,12:28:09.826209
-21.0,-514.0,965.0,12:28:09.835643
78.0,-562.0,1015.0,12:28:09.846126
74.0,-449.0,937.0,12:28:09.855496
155.0,-539.0,935.0,12:28:09.865890
21.0,-601.0,934.0,12:28:09.875210
80.0,-626.0,876.0,12:28:09.884595
-36.0,-540.0,961.0,12:28:09.895142
-37.0,-445.0,796.0,12:28:09.904524
-20.0,-498.0,846.0,12:28:09.914989
-74.0,-561.0,946.0,12:28:09.933544
23.0,-630.0,972.0,12:28:09.944199
74.0,-611.0,789.0,12:28:09.953487
139.0,-686.0,963.0,12:28:09.964025
113.0,-702.0,907.0,12:28:09.973395
143.0,-680.0,804.0,12:28:09.983837
56.0,-624.0,838.0,12:28:09.993136
14.0,-568.0,847.0,12:28:10.003630
33.0,-590.0,896.0,12:28:10.012850
-39.0,-565.0,835.0,12:28:10.023462
118.0,-553.0,765.0,12:28:10.032709
33.0,-665.0,860.0,12:28:10.043290
3.0,-622.0,922.0,12:28:10.052545
64.0,-554.0,941.0,12:28:10.061967
-5.0,-520.0,798.0,12:28:10.072424
-68.0,-461.0,768.0,12:28:10.081929
10.0,-582.0,1010.0,12:28:10.092419
-73.0,-573.0,1018.0,12:28:10.101880
7.0,-596.0,877.0,12:28:10.111211
37.0,-542.0,866.0,12:28:10.121687
49.0,-560.0,851.0,12:28:10.130980
-17.0,-601.0,992.0,12:28:10.141419
39.0,-527.0,870.0,12:28:10.150756
57.0,-568.0,865.0,12:28:10.161258
99.0,-567.0,817.0,12:28:10.170565
68.0,-499.0,807.0,12:28:10.181033
13.0,-520.0,781.0,12:28:10.190428
-17.0,-425.0,761.0,12:28:10.199895
68.0,-506.0,904.0,12:28:10.210350
3.0,-356.0,909.0,12:28:10.219699
21.0,-493.0,894.0,12:28:10.239383
42.0,-387.0,876.0,12:28:10.250024
127.0,-553.0,1009.0,12:28:10.260914
99.0,-629.0,919.0,12:28:10.269424
137.0,-599.0,906.0,12:28:10.278888
82.0,-657.0,1020.0,12:28:10.289274
26.0,-614.0,904.0,12:28:10.298681
95.0,-632.0,733.0,12:28:10.309075
6.0,-508.0,866.0,12:28:10.318439
-20.0,-502.0,953.0,12:28:10.328966
39.0,-510.0,753.0,12:28:10.338407
75.0,-542.0,750.0,12:28:10.347953
-55.0,-496.0,841.0,12:28:10.358440
88.0,-475.0,947.0,12:28:10.367771
46.0,-458.0,885.0,12:28:10.378157
45.0,-545.0,1005.0,12:28:10.387519
149.0,-512.0,933.0,12:28:10.396973
224.0,-383.0,840.0,12:28:10.407432
23.0,-314.0,1071.0,12:28:10.416801
66.0,-463.0,1113.0,12:28:10.427336
46.0,-488.0,943.0,12:28:10.436657
10.0,-556.0,1044.0,12:28:10.447164
166.0,-473.0,984.0,12:28:10.456555
-77.0,-424.0,910.0,12:28:10.466108
138.0,-704.0,1010.0,12:28:10.476659
140.0,-568.0,878.0,12:28:10.485998
-5.0,-447.0,899.0,12:28:10.496495
-80.0,-507.0,965.0,12:28:10.505894
-1.0,-553.0,864.0,12:28:10.515263
17.0,-589.0,781.0,12:28:10.525811
-7.0,-504.0,795.0,12:28:10.535108
-1.0,-546.0,938.0,12:28:10.545854
18.0,-545.0,758.0,12:28:10.555209
132.0,-601.0,780.0,12:28:10.564580
22.0,-512.0,825.0,12:28:10.575078
95.0,-415.0,628.0,12:28:10.584448
-13.0,-437.0,1041.0,12:28:10.595019
77.0,-554.0,1419.0,12:28:10.604292
108.0,-451.0,1114.0,12:28:10.613761
124.0,-417.0,924.0,12:28:10.624137
52.0,-615.0,1310.0,12:28:10.633605
132.0,-698.0,1397.0,12:28:10.644038
121.0,-574.0,1079.0,12:28:10.661623
104.0,-491.0,888.0,12:28:10.663038
-10.0,-495.0,862.0,12:28:10.672974
-35.0,-433.0,726.0,12:28:10.683583
-153.0,-477.0,761.0,12:28:10.692986
-25.0,-426.0,731.0,12:28:10.702480
30.0,-422.0,713.0,12:28:10.712985
82.0,-506.0,758.0,12:28:10.722404
87.0,-440.0,820.0,12:28:10.732904
94.0,-479.0,852.0,12:28:10.742310
33.0,-476.0,989.0,12:28:10.752757
165.0,-532.0,919.0,12:28:10.762079
118.0,-505.0,851.0,12:28:10.771460
184.0,-451.0,904.0,12:28:10.782044
164.0,-331.0,786.0,12:28:10.791401
115.0,-436.0,784.0,12:28:10.801795
99.0,-441.0,821.0,12:28:10.811267
-69.0,-476.0,901.0,12:28:10.821632
77.0,-600.0,982.0,12:28:10.830997
4.0,-513.0,577.0,12:28:10.841437
-45.0,-449.0,917.0,12:28:10.850892
-15.0,-576.0,1279.0,12:28:10.860164
-124.0,-657.0,1235.0,12:28:10.870716
131.0,-643.0,997.0,12:28:10.880065
115.0,-586.0,898.0,12:28:10.890663
34.0,-630.0,1030.0,12:28:10.900030
94.0,-656.0,995.0,12:28:10.909321
95.0,-510.0,873.0,12:28:10.919844
21.0,-628.0,1006.0,12:28:10.929144
27.0,-532.0,1078.0,12:28:10.939598
-117.0,-357.0,816.0,12:28:10.948913
-104.0,-356.0,675.0,12:28:10.959548
52.0,-574.0,839.0,12:28:10.968989
33.0,-600.0,938.0,12:28:10.978410
119.0,-602.0,803.0,12:28:10.988886
0.0,-552.0,828.0,12:28:10.998387
53.0,-671.0,861.0,12:28:11.008927
78.0,-672.0,722.0,12:28:11.018352
72.0,-582.0,640.0,12:28:11.027756
82.0,-634.0,753.0,12:28:11.038298
51.0,-719.0,726.0,12:28:11.047690
-28.0,-696.0,537.0,12:28:11.058134
62.0,-654.0,638.0,12:28:11.067514
13.0,-202.0,995.0,12:28:11.087117
-34.0,-74.0,864.0,12:28:11.097539
-75.0,-104.0,1001.0,12:28:11.107034
-13.0,-176.0,906.0,12:28:11.116343
24.0,-213.0,764.0,12:28:11.126983
58.0,-195.0,950.0,12:28:11.136338
-9.0,-437.0,1516.0,12:28:11.145852
-42.0,-734.0,1678.0,12:28:11.156274
274.0,-546.0,1150.0,12:28:11.165775
16.0,-640.0,1148.0,12:28:11.176250
213.0,-930.0,1284.0,12:28:11.185717
238.0,-973.0,1030.0,12:28:11.196180
170.0,-794.0,838.0,12:28:11.205502
113.0,-715.0,800.0,12:28:11.214791
27.0,-858.0,709.0,12:28:11.225315
57.0,-842.0,569.0,12:28:11.234618
-23.0,-683.0,344.0,12:28:11.245017
-108.0,-672.0,590.0,12:28:11.254389
-14.0,-658.0,684.0,12:28:11.264839
-165.0,-689.0,848.0,12:28:11.274164
21.0,-659.0,764.0,12:28:11.284607
14.0,-660.0,820.0,12:28:11.293992
4.0,-644.0,997.0,12:28:11.304498
18.0,-519.0,1085.0,12:28:11.313812
99.0,-472.0,1069.0,12:28:11.324224
-29.0,-380.0,907.0,12:28:11.333581
50.0,-204.0,1023.0,12:28:11.342912
1.0,-149.0,1123.0,12:28:11.353573
-107.0,-283.0,1062.0,12:28:11.362865
-34.0,-324.0,932.0,12:28:11.373505
-90.0,-262.0,1155.0,12:28:11.382760
-111.0,-281.0,1150.0,12:28:11.392423
-100.0,-304.0,911.0,12:28:11.402955
-4.0,-492.0,921.0,12:28:11.412474
48.0,-498.0,952.0,12:28:11.421788
17.0,-513.0,890.0,12:28:11.432299
86.0,-602.0,808.0,12:28:11.441672
8.0,-564.0,865.0,12:28:11.452317
70.0,-641.0,808.0,12:28:11.463700
62.0,-716.0,782.0,12:28:11.472046
155.0,-677.0,779.0,12:28:11.481377
63.0,-553.0,748.0,12:28:11.490791
-31.0,-609.0,679.0,12:28:11.501178
42.0,-751.0,806.0,12:28:11.510559
-57.0,-654.0,962.0,12:28:11.521110
-122.0,-536.0,838.0,12:28:11.530485
-94.0,-580.0,742.0,12:28:11.540936
-74.0,-739.0,791.0,12:28:11.550413
-48.0,-730.0,1022.0,12:28:11.559762
3.0,-740.0,876.0,12:28:11.570320
-177.0,-617.0,927.0,12:28:11.579572
133.0,-692.0,972.0,12:28:11.590083
75.0,-591.0,570.0,12:28:11.599417
96.0,-638.0,701.0,12:28:11.609931
-84.0,-404.0,1155.0,12:28:11.619231
-156.0,-174.0,1011.0,12:28:11.629663
-98.0,-34.0,881.0,12:28:11.639056
-126.0,-91.0,989.0,12:28:11.648351
8.0,-194.0,967.0,12:28:11.658944
47.0,-360.0,1109.0,12:28:11.668290
118.0,-352.0,1187.0,12:28:11.678918
107.0,-584.0,1128.0,12:28:11.688177
70.0,-662.0,861.0,12:28:11.698650
139.0,-454.0,851.0,12:28:11.707893
-106.0,-292.0,754.0,12:28:11.718457
-90.0,-396.0,541.0,12:28:11.727838
-16.0,-804.0,959.0,12:28:11.737123
-53.0,-658.0,1260.0,12:28:11.747770
-87.0,-433.0,1097.0,12:28:11.757101
89.0,-594.0,902.0,12:28:11.767734
112.0,-848.0,939.0,12:28:11.777014
205.0,-774.0,1059.0,12:28:11.786538
63.0,-671.0,1058.0,12:28:11.796927
112.0,-600.0,860.0,12:28:11.806335
75.0,-491.0,759.0,12:28:11.816918
103.0,-434.0,639.0,12:28:11.826299
-24.0,-376.0,610.0,12:28:11.835654
88.0,-469.0,870.0,12:28:11.846318
62.0,-396.0,899.0,12:28:11.855748
100.0,-346.0,802.0,12:28:11.865257
73.0,-547.0,820.0,12:28:11.875651
277.0,-652.0,978.0,12:28:11.884942
121.0,-657.0,1091.0,12:28:11.895410
244.0,-586.0,902.0,12:28:11.904859
242.0,-613.0,937.0,12:28:11.915313
110.0,-505.0,898.0,12:28:11.924716
34.0,-521.0,747.0,12:28:11.935121
-44.0,-475.0,816.0,12:28:11.944668
-6.0,-578.0,1138.0,12:28:11.953997
67.0,-505.0,918.0,12:28:11.964543
52.0,-538.0,680.0,12:28:11.973963
93.0,-640.0,874.0,12:28:11.984486
117.0,-627.0,1001.0,12:28:11.993823
14.0,-643.0,892.0,12:28:12.003191
13.0,-568.0,733.0,12:28:12.013725
-41.0,-554.0,908.0,12:28:12.023067
-10.0,-411.0,799.0,12:28:12.033618
11.0,-555.0,921.0,12:28:12.042922
-50.0,-627.0,849.0,12:28:12.052352
89.0,-624.0,845.0,12:28:12.062784
-56.0,-503.0,689.0,12:28:12.072168
15.0,-291.0,342.0,12:28:12.082635
5.0,-401.0,548.0,12:28:12.092001
110.0,-620.0,1151.0,12:28:12.102415
-46.0,-696.0,1705.0,12:28:12.111784
-122.0,-377.0,1089.0,12:28:12.122422
44.0,-413.0,709.0,12:28:12.131732
237.0,-900.0,1203.0,12:28:12.141155
170.0,-922.0,1317.0,12:28:12.151558
124.0,-663.0,955.0,12:28:12.160939
44.0,-520.0,726.0,12:28:12.171330
201.0,-756.0,747.0,12:28:12.180671
141.0,-722.0,679.0,12:28:12.191189
-87.0,-239.0,727.0,12:28:12.200517
-248.0,-82.0,842.0,12:28:12.210972
-136.0,-87.0,1083.0,12:28:12.220241
125.0,-256.0,1048.0,12:28:12.230794
201.0,-425.0,898.0,12:28:12.240130
9.0,-427.0,1131.0,12:28:12.249527
243.0,-568.0,1289.0,12:28:12.260018
226.0,-514.0,1100.0,12:28:12.269460
152.0,-598.0,843.0,12:28:12.280046
153.0,-488.0,834.0,12:28:12.289509
-51.0,-405.0,1003.0,12:28:12.298953
0.0,-242.0,719.0,12:28:12.309593
-13.0,-368.0,844.0,12:28:12.318929
-93.0,-476.0,836.0,12:28:12.328273
93.0,-564.0,738.0,12:28:12.338822
9.0,-540.0,772.0,12:28:12.348248
25.0,-465.0,858.0,12:28:12.358817
16.0,-576.0,1146.0,12:28:12.368110
66.0,-627.0,909.0,12:28:12.378615
44.0,-550.0,723.0,12:28:12.387985
256.0,-563.0,804.0,12:28:12.397310
140.0,-528.0,1146.0,12:28:12.407795
172.0,-466.0,971.0,12:28:12.417184
61.0,-460.0,735.0,12:28:12.427897
-78.0,-409.0,913.0,12:28:12.437276
80.0,-466.0,1118.0,12:28:12.446645
44.0,-525.0,1056.0,12:28:12.457218
112.0,-537.0,920.0,12:28:12.466642
72.0,-532.0,1052.0,12:28:12.477106
130.0,-585.0,963.0,12:28:12.486523
76.0,-578.0,807.0,12:28:12.495863
66.0,-543.0,886.0,12:28:12.506251
-109.0,-604.0,1020.0,12:28:12.515963
179.0,-711.0,884.0,12:28:12.526562
87.0,-868.0,572.0,12:28:12.535882
67.0,-764.0,494.0,12:28:12.545310
89.0,-364.0,1029.0,12:28:12.555733
-26.0,-267.0,1151.0,12:28:12.565191
-218.0,-196.0,929.0,12:28:12.575679
-50.0,-150.0,794.0,12:28:12.584995
-46.0,-159.0,783.0,12:28:12.595469
124.0,-177.0,1016.0,12:28:12.604815
14.0,-335.0,1144.0,12:28:12.614158
17.0,-512.0,1248.0,12:28:12.624594
-34.0,-579.0,1116.0,12:28:12.633926
55.0,-654.0,993.0,12:28:12.644450
45.0,-678.0,1119.0,12:28:12.653907
-25.0,-695.0,1096.0,12:28:12.666717
8.0,-655.0,730.0,12:28:12.673905
108.0,-691.0,672.0,12:28:12.683408
-28.0,-617.0,723.0,12:28:12.693902
232.0,-707.0,842.0,12:28:12.703336
53.0,-664.0,762.0,12:28:12.712649
116.0,-674.0,637.0,12:28:12.723378
-61.0,-546.0,807.0,12:28:12.732685
30.0,-530.0,865.0,12:28:12.742173
93.0,-504.0,605.0,12:28:12.752742
38.0,-695.0,887.0,12:28:12.762035
102.0,-700.0,994.0,12:28:12.772490
91.0,-636.0,979.0,12:28:12.781793
4.0,-476.0,893.0,12:28:12.792422
73.0,-526.0,984.0,12:28:12.801705
-24.0,-640.0,929.0,12:28:12.811218
34.0,-556.0,972.0,12:28:12.821707
-5.0,-469.0,904.0,12:28:12.831158
168.0,-523.0,733.0,12:28:12.841658
-105.0,-596.0,952.0,12:28:12.851105
28.0,-517.0,1142.0,12:28:12.860459
-87.0,-443.0,636.0,12:28:12.871052
87.0,-526.0,721.0,12:28:12.880355
-93.0,-468.0,1164.0,12:28:12.890746
-124.0,-550.0,1121.0,12:28:12.900186
23.0,-640.0,672.0,12:28:12.910650
94.0,-678.0,782.0,12:28:12.920086
97.0,-675.0,1020.0,12:28:12.930543
-12.0,-587.0,917.0,12:28:12.940111
-74.0,-510.0,777.0,12:28:12.949401
98.0,-658.0,915.0,12:28:12.959904
-109.0,-530.0,1012.0,12:28:12.969214
-62.0,-485.0,775.0,12:28:12.979698
3.0,-750.0,986.0,12:28:12.999167
-82.0,-586.0,854.0,12:28:13.008699
-59.0,-544.0,784.0,12:28:13.019130
-149.0,-468.0,806.0,12:28:13.028524
-36.0,-609.0,971.0,12:28:13.037873
-101.0,-494.0,903.0,12:28:13.048431
15.0,-545.0,778.0,12:28:13.057776
50.0,-497.0,948.0,12:28:13.070378
-155.0,-397.0,1145.0,12:28:13.077433
-30.0,-309.0,933.0,12:28:13.087917
54.0,-413.0,925.0,12:28:13.097254
-90.0,-410.0,1074.0,12:28:13.107849
19.0,-288.0,933.0,12:28:13.117205
14.0,-500.0,965.0,12:28:13.126690
30.0,-413.0,996.0,12:28:13.137122
56.0,-414.0,967.0,12:28:13.146617
-91.0,-452.0,942.0,12:28:13.157025
54.0,-441.0,727.0,12:28:13.166734
-57.0,-436.0,930.0,12:28:13.175987
33.0,-535.0,966.0,12:28:13.186659
35.0,-557.0,886.0,12:28:13.196024
43.0,-426.0,944.0,12:28:13.205468
-22.0,-539.0,882.0,12:28:13.215948
132.0,-521.0,889.0,12:28:13.225289
107.0,-509.0,947.0,12:28:13.235833
77.0,-533.0,828.0,12:28:13.245132
226.0,-341.0,802.0,12:28:13.255697
59.0,-477.0,1043.0,12:28:13.265119
54.0,-566.0,818.0,12:28:13.274648
46.0,-592.0,805.0,12:28:13.285025
154.0,-480.0,986.0,12:28:13.294425
55.0,-481.0,850.0,12:28:13.304833
11.0,-587.0,834.0,12:28:13.314251
120.0,-577.0,1130.0,12:28:13.324631
57.0,-452.0,928.0,12:28:13.333950
56.0,-555.0,984.0,12:28:13.344397
176.0,-661.0,1164.0,12:28:13.353720
200.0,-574.0,867.0,12:28:13.363087
28.0,-488.0,952.0,12:28:13.373460
-51.0,-558.0,862.0,12:28:13.382883
-40.0,-540.0,968.0,12:28:13.393371
-3.0,-387.0,943.0,12:28:13.402729
-140.0,-392.0,789.0,12:28:13.413159
53.0,-345.0,867.0,12:28:13.422544
-59.0,-500.0,820.0,12:28:13.432944
-79.0,-470.0,877.0,12:28:13.442433
76.0,-593.0,1065.0,12:28:13.462023
18.0,-487.0,816.0,12:28:13.471457
96.0,-688.0,848.0,12:28:13.481876
166.0,-510.0,656.0,12:28:13.491399
55.0,-399.0,612.0,12:28:13.501822
25.0,-370.0,609.0,12:28:13.511241
86.0,-569.0,1238.0,12:28:13.521694
-178.0,-472.0,1111.0,12:28:13.531183
25.0,-387.0,945.0,12:28:13.540544
79.0,-714.0,1216.0,12:28:13.551078
67.0,-1093.0,1633.0,12:28:13.560384
143.0,-850.0,1421.0,12:28:13.570965
184.0,-506.0,1046.0,12:28:13.580289
249.0,-561.0,975.0,12:28:13.590709
149.0,-843.0,967.0,12:28:13.600152
-88.0,-612.0,730.0,12:28:13.609461
-136.0,-425.0,751.0,12:28:13.620114
32.0,-427.0,809.0,12:28:13.629483
-167.0,-406.0,930.0,12:28:13.638973
217.0,-614.0,660.0,12:28:13.649457
107.0,-539.0,509.0,12:28:13.658857
340.0,-470.0,742.0,12:28:13.669272
111.0,-415.0,1070.0,12:28:13.678658
115.0,-468.0,973.0,12:28:13.689037
158.0,-506.0,632.0,12:28:13.698346
148.0,-464.0,549.0,12:28:13.708935
64.0,-410.0,869.0,12:28:13.718226
-2.0,-433.0,963.0,12:28:13.727641
81.0,-462.0,743.0,12:28:13.738118
86.0,-546.0,847.0,12:28:13.747655
-71.0,-405.0,957.0,12:28:13.758052
59.0,-465.0,1005.0,12:28:13.767418
-7.0,-365.0,1048.0,12:28:13.777846
33.0,-463.0,1056.0,12:28:13.787265
77.0,-534.0,911.0,12:28:13.797751
-100.0,-459.0,840.0,12:28:13.807157
14.0,-513.0,1029.0,12:28:13.816604
9.0,-550.0,994.0,12:28:13.827101
68.0,-526.0,719.0,12:28:13.836512
-2.0,-533.0,645.0,12:28:13.846883
-76.0,-548.0,809.0,12:28:13.856307
-114.0,-554.0,939.0,12:28:13.870228
25.0,-559.0,708.0,12:28:13.876595
113.0,-533.0,706.0,12:28:13.885988
-120.0,-490.0,1101.0,12:28:13.895277
66.0,-555.0,931.0,12:28:13.905905
136.0,-575.0,893.0,12:28:13.915218
186.0,-620.0,1024.0,12:28:13.924737
166.0,-676.0,724.0,12:28:13.935183
290.0,-852.0,658.0,12:28:13.944648
116.0,-506.0,985.0,12:28:13.955137
22.0,-434.0,1096.0,12:28:13.964477
-17.0,-257.0,1118.0,12:28:13.975037
-71.0,-6.0,731.0,12:28:13.984498
-91.0,-124.0,809.0,12:28:13.993803
73.0,-129.0,1367.0,12:28:14.004404
49.0,-242.0,1377.0,12:28:14.013789
-88.0,-448.0,1327.0,12:28:14.024210
-52.0,-568.0,1153.0,12:28:14.033632
-42.0,-658.0,1101.0,12:28:14.042972
-6.0,-531.0,936.0,12:28:14.053608
-161.0,-425.0,903.0,12:28:14.062991
-252.0,-416.0,828.0,12:28:14.073645
-109.0,-745.0,908.0,12:28:14.082974
-70.0,-701.0,635.0,12:28:14.092415
-2.0,-644.0,661.0,12:28:14.102963
-18.0,-505.0,617.0,12:28:14.112362
109.0,-656.0,727.0,12:28:14.122826
137.0,-684.0,692.0,12:28:14.132257
229.0,-743.0,808.0,12:28:14.141563
270.0,-612.0,933.0,12:28:14.151977
209.0,-489.0,901.0,12:28:14.161352
133.0,-568.0,760.0,12:28:14.171763
114.0,-459.0,580.0,12:28:14.181164
197.0,-533.0,998.0,12:28:14.191621
112.0,-439.0,1101.0,12:28:14.201100
29.0,-163.0,736.0,12:28:14.211564
-150.0,-295.0,1060.0,12:28:14.220941
46.0,-519.0,1012.0,12:28:14.230200
-26.0,-283.0,804.0,12:28:14.240788
-2.0,-481.0,1337.0,12:28:14.250124
-64.0,-444.0,1352.0,12:28:14.260631
-56.0,-616.0,985.0,12:28:14.271617
-18.0,-525.0,767.0,12:28:14.280034
205.0,-636.0,986.0,12:28:14.289421
41.0,-691.0,1166.0,12:28:14.299826
86.0,-740.0,908.0,12:28:14.309209
39.0,-617.0,622.0,12:28:14.319666
83.0,-564.0,565.0,12:28:14.329087
41.0,-366.0,555.0,12:28:14.339576
34.0,-485.0,819.0,12:28:14.359180
3.0,-511.0,593.0,12:28:14.368630
-10.0,-529.0,1024.0,12:28:14.379095
84.0,-534.0,1140.0,12:28:14.388451
8.0,-361.0,558.0,12:28:14.397883
140.0,-698.0,1058.0,12:28:14.408332
-59.0,-496.0,1275.0,12:28:14.417741
22.0,-508.0,1108.0,12:28:14.428212
64.0,-542.0,745.0,12:28:14.437766
-22.0,-674.0,1066.0,12:28:14.447063
11.0,-630.0,1080.0,12:28:14.457780
87.0,-575.0,675.0,12:28:14.467135
42.0,-648.0,678.0,12:28:14.476635
78.0,-397.0,818.0,12:28:14.487221
-111.0,-556.0,1100.0,12:28:14.496630
119.0,-659.0,785.0,12:28:14.507129
197.0,-619.0,536.0,12:28:14.516658
103.0,-686.0,927.0,12:28:14.526022
49.0,-659.0,1109.0,12:28:14.536511
-3.0,-703.0,1108.0,12:28:14.545852
280.0,-716.0,651.0,12:28:14.556326
143.0,-540.0,974.0,12:28:14.565811
-71.0,-351.0,980.0,12:28:14.575116
-118.0,-447.0,970.0,12:28:14.585857
138.0,-412.0,719.0,12:28:14.595167
-59.0,-438.0,818.0,12:28:14.604687
49.0,-521.0,871.0,12:28:14.615098
-81.0,-379.0,966.0,12:28:14.624606
-16.0,-421.0,999.0,12:28:14.634974
38.0,-661.0,1008.0,12:28:14.644354
55.0,-708.0,1094.0,12:28:14.654754
128.0,-500.0,968.0,12:28:14.664151
-15.0,-502.0,952.0,12:28:14.674564
18.0,-545.0,955.0,12:28:14.683936
51.0,-456.0,974.0,12:28:14.694337
-77.0,-365.0,729.0,12:28:14.703719
-58.0,-441.0,842.0,12:28:14.714147
24.0,-506.0,985.0,12:28:14.723503
90.0,-431.0,967.0,12:28:14.733889
42.0,-540.0,819.0,12:28:14.743329
146.0,-549.0,854.0,12:28:14.752600
195.0,-483.0,1195.0,12:28:14.763063
90.0,-574.0,930.0,12:28:14.772390
152.0,-544.0,537.0,12:28:14.782894
20.0,-475.0,666.0,12:28:14.792250
21.0,-514.0,964.0,12:28:14.802728
146.0,-563.0,1035.0,12:28:14.812238
105.0,-441.0,915.0,12:28:14.821558
16.0,-358.0,695.0,12:28:14.832029
84.0,-475.0,1048.0,12:28:14.841340
219.0,-458.0,1070.0,12:28:14.851799
4.0,-391.0,925.0,12:28:14.861151
-64.0,-463.0,1115.0,12:28:14.871617
-17.0,-573.0,986.0,12:28:14.880905
98.0,-467.0,1071.0,12:28:14.891441
305.0,-441.0,911.0,12:28:14.900729
170.0,-660.0,1133.0,12:28:14.910270
35.0,-592.0,1106.0,12:28:14.920779
7.0,-412.0,1078.0,12:28:14.930163
17.0,-603.0,778.0,12:28:14.940689
-69.0,-534.0,1223.0,12:28:14.960293
6.0,-564.0,858.0,12:28:14.969756
33.0,-442.0,450.0,12:28:14.979089
-2.0,-509.0,748.0,12:28:14.989579
-94.0,-483.0,1042.0,12:28:14.999037
-80.0,-528.0,801.0,12:28:15.009518
-69.0,-501.0,611.0,12:28:15.018943
80.0,-467.0,855.0,12:28:15.029450
31.0,-545.0,958.0,12:28:15.038895
88.0,-307.0,738.0,12:28:15.048234
21.0,-489.0,912.0,12:28:15.058773
-7.0,-413.0,1066.0,12:28:15.067878
25.0,-378.0,1007.0,12:28:15.078002
90.0,-307.0,911.0,12:28:15.087516
134.0,-429.0,915.0,12:28:15.097859
43.0,-491.0,1231.0,12:28:15.107226
0.0,-518.0,934.0,12:28:15.117693
101.0,-445.0,603.0,12:28:15.127044
17.0,-657.0,1274.0,12:28:15.137481
221.0,-624.0,1002.0,12:28:15.146807
81.0,-487.0,684.0,12:28:15.157182
78.0,-610.0,1009.0,12:28:15.166616
-5.0,-557.0,1090.0,12:28:15.177023
33.0,-829.0,970.0,12:28:15.186484
90.0,-539.0,736.0,12:28:15.196927
8.0,-619.0,888.0,12:28:15.206474
132.0,-850.0,848.0,12:28:15.215763
-14.0,-601.0,808.0,12:28:15.226231
4.0,-502.0,874.0,12:28:15.235748
27.0,-432.0,806.0,12:28:15.246282
1.0,-323.0,822.0,12:28:15.255721
46.0,-330.0,808.0,12:28:15.265026
109.0,-475.0,853.0,12:28:15.275553
50.0,-431.0,883.0,12:28:15.284802
68.0,-528.0,950.0,12:28:15.295349
125.0,-568.0,773.0,12:28:15.304587
90.0,-548.0,979.0,12:28:15.315156
170.0,-616.0,1241.0,12:28:15.324479
147.0,-575.0,896.0,12:28:15.335026
103.0,-498.0,955.0,12:28:15.344389
0.0,-427.0,903.0,12:28:15.353859
-10.0,-565.0,1017.0,12:28:15.364497
-60.0,-516.0,950.0,12:28:15.373917
12.0,-542.0,840.0,12:28:15.383376
-9.0,-682.0,918.0,12:28:15.393859
68.0,-733.0,980.0,12:28:15.403342
45.0,-657.0,898.0,12:28:15.412670
-39.0,-537.0,772.0,12:28:15.423129
-75.0,-704.0,786.0,12:28:15.432455
-47.0,-655.0,1100.0,12:28:15.442906
152.0,-777.0,835.0,12:28:15.452356
53.0,-438.0,591.0,12:28:15.462908
-113.0,-391.0,678.0,12:28:15.474388
55.0,-651.0,1045.0,12:28:15.481745
60.0,-451.0,899.0,12:28:15.492303
55.0,-354.0,609.0,12:28:15.501669
127.0,-426.0,790.0,12:28:15.512343
213.0,-645.0,1112.0,12:28:15.521676
111.0,-497.0,940.0,12:28:15.530977
13.0,-229.0,849.0,12:28:15.541362
-9.0,-474.0,1034.0,12:28:15.550747
118.0,-549.0,1020.0,12:28:15.561215
28.0,-488.0,1014.0,12:28:15.570559
19.0,-494.0,995.0,12:28:15.580955
-8.0,-408.0,1089.0,12:28:15.590307
-2.0,-521.0,1167.0,12:28:15.600698
31.0,-528.0,858.0,12:28:15.610151
3.0,-587.0,1056.0,12:28:15.620499
-150.0,-291.0,651.0,12:28:15.629995
-87.0,-357.0,574.0,12:28:15.640452
73.0,-811.0,1398.0,12:28:15.649972
147.0,-580.0,1218.0,12:28:15.659234
-157.0,-354.0,586.0,12:28:15.669753
147.0,-465.0,323.0,12:28:15.679050
-157.0,-662.0,1295.0,12:28:15.689523
79.0,-591.0,1263.0,12:28:15.698988
107.0,-457.0,351.0,12:28:15.709421
189.0,-608.0,881.0,12:28:15.718899
-7.0,-500.0,1088.0,12:28:15.728235
10.0,-523.0,654.0,12:28:15.738887
-18.0,-652.0,773.0,12:28:15.748261
-132.0,-499.0,894.0,12:28:15.757727
-72.0,-556.0,1204.0,12:28:15.768218
-55.0,-529.0,908.0,12:28:15.777795
-37.0,-591.0,762.0,12:28:15.788286
90.0,-469.0,876.0,12:28:15.797726
-28.0,-341.0,933.0,12:28:15.807024
-145.0,-373.0,1058.0,12:28:15.817820
-125.0,-495.0,1031.0,12:28:15.827095
-96.0,-344.0,630.0,12:28:15.836554
-198.0,-74.0,856.0,12:28:15.847083
73.0,-378.0,1158.0,12:28:15.856558
98.0,-439.0,860.0,12:28:15.866946
104.0,-309.0,661.0,12:28:15.876274
10.0,-172.0,554.0,12:28:15.886806
169.0,-25.0,681.0,12:28:15.896167
221.0,-521.0,1254.0,12:28:15.905520
160.0,-601.0,1319.0,12:28:15.916053
71.0,-364.0,702.0,12:28:15.925422
115.0,-497.0,1073.0,12:28:15.935934
320.0,-892.0,1266.0,12:28:15.945283
268.0,-849.0,977.0,12:28:15.955738
209.0,-612.0,967.0,12:28:15.965085
214.0,-506.0,907.0,12:28:15.974493
-41.0,-555.0,921.0,12:28:15.984927
101.0,-639.0,703.0,12:28:15.994260
82.0,-648.0,748.0,12:28:16.004700
-15.0,-492.0,1033.0,12:28:16.014031
-189.0,-482.0,1021.0,12:28:16.024580
-35.0,-544.0,862.0,12:28:16.033936
-62.0,-684.0,663.0,12:28:16.044465
114.0,-579.0,992.0,12:28:16.053850
141.0,-765.0,1268.0,12:28:16.063280
53.0,-778.0,803.0,12:28:16.073683
107.0,-618.0,875.0,12:28:16.083025
19.0,-393.0,1026.0,12:28:16.093412
-19.0,-429.0,863.0,12:28:16.102786
-55.0,-662.0,841.0,12:28:16.113291
9.0,-503.0,619.0,12:28:16.122659
98.0,-598.0,822.0,12:28:16.133033
26.0,-504.0,824.0,12:28:16.142374
-26.0,-383.0,903.0,12:28:16.162005
132.0,-576.0,793.0,12:28:16.172498
-14.0,-388.0,843.0,12:28:16.181871
-24.0,-430.0,1027.0,12:28:16.192307
85.0,-718.0,935.0,12:28:16.201698
-2.0,-431.0,907.0,12:28:16.211030
89.0,-306.0,980.0,12:28:16.221592
10.0,-438.0,983.0,12:28:16.230912
59.0,-711.0,893.0,12:28:16.241426
53.0,-561.0,858.0,12:28:16.250798
20.0,-409.0,934.0,12:28:16.260171
-32.0,-610.0,865.0,12:28:16.275587
35.0,-924.0,755.0,12:28:16.280515
128.0,-594.0,602.0,12:28:16.290017
-21.0,-504.0,988.0,12:28:16.300506
-9.0,-863.0,897.0,12:28:16.309948
292.0,-752.0,410.0,12:28:16.319336
86.0,-499.0,713.0,12:28:16.329971
2.0,-401.0,1044.0,12:28:16.339336
-36.0,-433.0,1061.0,12:28:16.349915
-140.0,-263.0,869.0,12:28:16.359341
-31.0,-322.0,910.0,12:28:16.368783
6.0,-426.0,956.0,12:28:16.379221
39.0,-408.0,1309.0,12:28:16.388765
26.0,-460.0,1302.0,12:28:16.399202
59.0,-507.0,1038.0,12:28:16.408537
-134.0,-515.0,1102.0,12:28:16.417880
137.0,-504.0,1189.0,12:28:16.428409
80.0,-478.0,900.0,12:28:16.437780
55.0,-651.0,1088.0,12:28:16.448282
48.0,-544.0,671.0,12:28:16.457724
-80.0,-666.0,601.0,12:28:16.468216
-186.0,-462.0,860.0,12:28:16.477711
-142.0,-386.0,1130.0,12:28:16.487186
1.0,-696.0,975.0,12:28:16.497796
-64.0,-661.0,594.0,12:28:16.507012
197.0,-722.0,806.0,12:28:16.516616
13.0,-331.0,744.0,12:28:16.527053
109.0,-498.0,860.0,12:28:16.536539
56.0,-534.0,903.0,12:28:16.546983
-91.0,-519.0,987.0,12:28:16.556480
39.0,-464.0,598.0,12:28:16.565857
-29.0,-425.0,729.0,12:28:16.576345
-160.0,-583.0,1319.0,12:28:16.585792
-91.0,-533.0,1038.0,12:28:16.595191
261.0,-694.0,924.0,12:28:16.605709
50.0,-510.0,1108.0,12:28:16.615123
94.0,-485.0,1050.0,12:28:16.625583
-8.0,-419.0,982.0,12:28:16.635057
19.0,-365.0,1005.0,12:28:16.645592
87.0,-501.0,789.0,12:28:16.654889
-30.0,-448.0,820.0,12:28:16.664180
37.0,-298.0,619.0,12:28:16.677253
-32.0,-499.0,1164.0,12:28:16.684228
95.0,-513.0,898.0,12:28:16.694752
45.0,-299.0,357.0,12:28:16.704092
22.0,-478.0,879.0,12:28:16.713480
37.0,-565.0,1126.0,12:28:16.724068
-70.0,-573.0,755.0,12:28:16.733421
-55.0,-537.0,1113.0,12:28:16.743868
-62.0,-542.0,1035.0,12:28:16.753264
178.0,-601.0,737.0,12:28:16.762729
197.0,-604.0,968.0,12:28:16.773184
10.0,-747.0,1491.0,12:28:16.782532
94.0,-483.0,824.0,12:28:16.793048
45.0,-334.0,607.0,12:28:16.802344
-36.0,-581.0,1247.0,12:28:16.812858
223.0,-637.0,991.0,12:28:16.822239
52.0,-495.0,370.0,12:28:16.832698
74.0,-408.0,890.0,12:28:16.842023
47.0,-682.0,1344.0,12:28:16.852464
7.0,-437.0,743.0,12:28:16.861758
251.0,-549.0,464.0,12:28:16.871196
69.0,-557.0,972.0,12:28:16.881696
46.0,-817.0,1347.0,12:28:16.891088
133.0,-730.0,735.0,12:28:16.901545
96.0,-486.0,512.0,12:28:16.911014
-13.0,-520.0,905.0,12:28:16.921437
9.0,-699.0,1032.0,12:28:16.930784
-57.0,-500.0,839.0,12:28:16.940070
12.0,-503.0,632.0,12:28:16.950622
69.0,-499.0,775.0,12:28:16.960001
-35.0,-271.0,1136.0,12:28:16.970536
102.0,-443.0,740.0,12:28:16.979992
91.0,-565.0,745.0,12:28:16.990513
173.0,-542.0,1071.0,12:28:16.999719
16.0,-404.0,1047.0,12:28:17.009111
35.0,-553.0,875.0,12:28:17.019530
111.0,-523.0,1046.0,12:28:17.028962
-30.0,-493.0,1031.0,12:28:17.039434
157.0,-673.0,786.0,12:28:17.048891
-15.0,-567.0,830.0,12:28:17.059413
72.0,-410.0,1011.0,12:28:17.068962
41.0,-488.0,652.0,12:28:17.078199
113.0,-563.0,563.0,12:28:17.088675
-18.0,-435.0,1085.0,12:28:17.097949
-117.0,-478.0,1195.0,12:28:17.108475
89.0,-669.0,549.0,12:28:17.117879
84.0,-598.0,392.0,12:28:17.128364
72.0,-536.0,1176.0,12:28:17.137808
163.0,-933.0,1170.0,12:28:17.147285
-96.0,-430.0,704.0,12:28:17.157859
53.0,-293.0,642.0,12:28:17.167255
93.0,-596.0,842.0,12:28:17.177749
127.0,-675.0,1243.0,12:28:17.187260
-189.0,-265.0,991.0,12:28:17.196677
85.0,-385.0,685.0,12:28:17.207166
105.0,-534.0,1190.0,12:28:17.216589
21.0,-635.0,1618.0,12:28:17.226000
77.0,-797.0,1088.0,12:28:17.236526
75.0,-653.0,627.0,12:28:17.245887
36.0,-530.0,1316.0,12:28:17.256305
-48.0,-492.0,1197.0,12:28:17.265785
105.0,-616.0,896.0,12:28:17.276218
-210.0,-502.0,617.0,12:28:17.285749
-177.0,-508.0,756.0,12:28:17.295144
-170.0,-354.0,1008.0,12:28:17.305832
45.0,-464.0,626.0,12:28:17.315204
-62.0,-553.0,756.0,12:28:17.324664
-81.0,-493.0,1005.0,12:28:17.335093
120.0,-291.0,489.0,12:28:17.344595
-34.0,-216.0,406.0,12:28:17.355177
242.0,-440.0,1002.0,12:28:17.364626
63.0,-749.0,1523.0,12:28:17.373911
100.0,-442.0,854.0,12:28:17.384402
-28.0,-239.0,522.0,12:28:17.393673
69.0,-441.0,1110.0,12:28:17.404114
169.0,-714.0,1370.0,12:28:17.413447
269.0,-863.0,1199.0,12:28:17.423914
116.0,-218.0,500.0,12:28:17.433192
-70.0,-48.0,715.0,12:28:17.443640
-74.0,-188.0,867.0,12:28:17.452989
184.0,-660.0,651.0,12:28:17.462400
80.0,-448.0,754.0,12:28:17.479241
-93.0,-190.0,1077.0,12:28:17.483030
-9.0,-624.0,1263.0,12:28:17.492436
-31.0,-702.0,680.0,12:28:17.502974
154.0,-622.0,947.0,12:28:17.512382
124.0,-573.0,1166.0,12:28:17.521628
82.0,-585.0,1383.0,12:28:17.532251
68.0,-682.0,1601.0,12:28:17.541477
21.0,-441.0,813.0,12:28:17.552120
123.0,-400.0,385.0,12:28:17.561433
54.0,-618.0,911.0,12:28:17.570798
216.0,-772.0,1331.0,12:28:17.581313
236.0,-775.0,1057.0,12:28:17.590770
-66.0,-403.0,344.0,12:28:17.601252
-18.0,-290.0,490.0,12:28:17.610619
83.0,-445.0,898.0,12:28:17.620065
-25.0,-577.0,994.0,12:28:17.630691
99.0,-394.0,895.0,12:28:17.640077
43.0,-233.0,915.0,12:28:17.650608
-109.0,-315.0,1032.0,12:28:17.660092
78.0,-617.0,1098.0,12:28:17.669482
203.0,-524.0,737.0,12:28:17.680042
228.0,-627.0,1023.0,12:28:17.689368
-58.0,-707.0,1245.0,12:28:17.699785
120.0,-727.0,844.0,12:28:17.709121
200.0,-601.0,594.0,12:28:17.719603
50.0,-581.0,519.0,12:28:17.728924
-11.0,-658.0,678.0,12:28:17.739378
-89.0,-582.0,956.0,12:28:17.748873
-32.0,-630.0,938.0,12:28:17.758269
-20.0,-721.0,726.0,12:28:17.768865
238.0,-810.0,628.0,12:28:17.778236
84.0,-517.0,874.0,12:28:17.787718
90.0,-382.0,1021.0,12:28:17.798115
-7.0,-434.0,1107.0,12:28:17.807499
73.0,-367.0,917.0,12:28:17.818041
63.0,-544.0,569.0,12:28:17.827312
51.0,-276.0,530.0,12:28:17.837864
16.0,-204.0,943.0,12:28:17.847118
-21.0,-643.0,1480.0,12:28:17.857702
11.0,-669.0,1059.0,12:28:17.866996
0.0,-681.0,876.0,12:28:17.881007
125.0,-759.0,805.0,12:28:17.887179
213.0,-610.0,1076.0,12:28:17.896527
70.0,-455.0,964.0,12:28:17.905862
-198.0,-634.0,926.0,12:28:17.916510
-18.0,-413.0,889.0,12:28:17.925890
-107.0,-489.0,733.0,12:28:17.936322
186.0,-300.0,676.0,12:28:17.945858
-7.0,-189.0,1324.0,12:28:17.955230
-263.0,-195.0,1156.0,12:28:17.965799
-25.0,-584.0,917.0,12:28:17.975099
79.0,-569.0,804.0,12:28:17.985811
172.0,-666.0,1416.0,12:28:17.995088
43.0,-561.0,1146.0,12:28:18.004607
-69.0,-641.0,733.0,12:28:18.015128
103.0,-523.0,630.0,12:28:18.024706
9.0,-547.0,987.0,12:28:18.034052
-11.0,-746.0,1150.0,12:28:18.044787
17.0,-530.0,642.0,12:28:18.054063
43.0,-515.0,616.0,12:28:18.063552
-34.0,-509.0,780.0,12:28:18.074056
56.0,-657.0,1089.0,12:28:18.083523
136.0,-564.0,850.0,12:28:18.093914
192.0,-560.0,703.0,12:28:18.103500
103.0,-483.0,994.0,12:28:18.112814
113.0,-511.0,837.0,12:28:18.123475
-112.0,-624.0,903.0,12:28:18.132742
6.0,-361.0,1000.0,12:28:18.143277
97.0,-684.0,1098.0,12:28:18.152555
-61.0,-536.0,783.0,12:28:18.163025
21.0,-454.0,851.0,12:28:18.172417
-76.0,-643.0,1312.0,12:28:18.181773
58.0,-583.0,747.0,12:28:18.192350
-37.0,-586.0,820.0,12:28:18.201795
-103.0,-552.0,1022.0,12:28:18.212360
-157.0,-597.0,1042.0,12:28:18.221820
-164.0,-531.0,902.0,12:28:18.231258
-98.0,-560.0,707.0,12:28:18.241695
-12.0,-683.0,694.0,12:28:18.251189
-3.0,-760.0,817.0,12:28:18.261716
-97.0,-351.0,713.0,12:28:18.271202
-155.0,-447.0,961.0,12:28:18.280470
-132.0,-414.0,1248.0,12:28:18.291012
-99.0,-48.0,795.0,12:28:18.300334
86.0,-266.0,768.0,12:28:18.310760
-99.0,-561.0,1161.0,12:28:18.320070
121.0,-516.0,845.0,12:28:18.330635
128.0,-646.0,809.0,12:28:18.340007
179.0,-612.0,885.0,12:28:18.349332
197.0,-477.0,1231.0,12:28:18.359753
-28.0,-283.0,996.0,12:28:18.369105
-20.0,-494.0,750.0,12:28:18.379630
188.0,-733.0,947.0,12:28:18.389024
144.0,-753.0,949.0,12:28:18.399469
14.0,-575.0,1052.0,12:28:18.408964
61.0,-570.0,859.0,12:28:18.419314
-156.0,-562.0,767.0,12:28:18.428811
-37.0,-455.0,1032.0,12:28:18.438156
258.0,-606.0,819.0,12:28:18.448844
55.0,-456.0,504.0,12:28:18.458163
17.0,-276.0,859.0,12:28:18.467670
2.0,-444.0,1064.0,12:28:18.478164
258.0,-455.0,911.0,12:28:18.487547
189.0,-295.0,558.0,12:28:18.497932
86.0,-601.0,977.0,12:28:18.507308
127.0,-684.0,908.0,12:28:18.517861
60.0,-524.0,1085.0,12:28:18.527246
113.0,-393.0,1035.0,12:28:18.536665
132.0,-597.0,1026.0,12:28:18.547131
169.0,-326.0,817.0,12:28:18.556572
-2.0,-547.0,1002.0,12:28:18.567145
141.0,-482.0,840.0,12:28:18.576566
120.0,-534.0,942.0,12:28:18.585925
71.0,-443.0,1027.0,12:28:18.596447
24.0,-686.0,962.0,12:28:18.605796
63.0,-616.0,765.0,12:28:18.616252
39.0,-540.0,770.0,12:28:18.625666
78.0,-612.0,900.0,12:28:18.636092
185.0,-710.0,905.0,12:28:18.645507
-89.0,-566.0,762.0,12:28:18.654801
-36.0,-653.0,1073.0,12:28:18.665316
-57.0,-483.0,549.0,12:28:18.682978
212.0,-652.0,743.0,12:28:18.685613
-102.0,-512.0,1219.0,12:28:18.694902
-14.0,-445.0,1000.0,12:28:18.704221
63.0,-379.0,827.0,12:28:18.714674
105.0,-557.0,1036.0,12:28:18.724038
163.0,-626.0,1040.0,12:28:18.734671
139.0,-634.0,749.0,12:28:18.744042
14.0,-492.0,893.0,12:28:18.763980
74.0,-283.0,757.0,12:28:18.773326
-145.0,-357.0,922.0,12:28:18.783892
-68.0,-473.0,925.0,12:28:18.793347
-43.0,-373.0,749.0,12:28:18.802742
21.0,-411.0,896.0,12:28:18.813253
-22.0,-661.0,939.0,12:28:18.832765
68.0,-480.0,904.0,12:28:18.842329
-8.0,-478.0,1172.0,12:28:18.852739
-16.0,-615.0,899.0,12:28:18.862058
115.0,-571.0,492.0,12:28:18.872524
-90.0,-435.0,954.0,12:28:18.881885
-94.0,-520.0,1007.0,12:28:18.892299
-92.0,-536.0,784.0,12:28:18.901630
62.0,-402.0,796.0,12:28:18.911109
45.0,-441.0,949.0,12:28:18.921720
114.0,-557.0,832.0,12:28:18.931110
217.0,-531.0,922.0,12:28:18.941742
37.0,-467.0,1297.0,12:28:18.951073
21.0,-285.0,991.0,12:28:18.960432
162.0,-404.0,699.0,12:28:18.970817
-77.0,-379.0,892.0,12:28:18.980150
151.0,-595.0,858.0,12:28:18.990538
24.0,-515.0,1041.0,12:28:19.000023
93.0,-403.0,943.0,12:28:19.010510
-47.0,-559.0,922.0,12:28:19.019975
115.0,-579.0,935.0,12:28:19.029313
17.0,-597.0,894.0,12:28:19.039979
-26.0,-502.0,749.0,12:28:19.049332
122.0,-588.0,1023.0,12:28:19.058856
71.0,-721.0,970.0,12:28:19.069279
189.0,-609.0,647.0,12:28:19.084262
135.0,-614.0,688.0,12:28:19.088640
4.0,-490.0,990.0,12:28:19.099078
-90.0,-315.0,855.0,12:28:19.108493
38.0,-402.0,926.0,12:28:19.119010
-24.0,-175.0,967.0,12:28:19.128379
-113.0,-415.0,782.0,12:28:19.137692
13.0,-462.0,889.0,12:28:19.148167
16.0,-528.0,1152.0,12:28:19.157401
70.0,-565.0,1016.0,12:28:19.167939
-47.0,-579.0,798.0,12:28:19.177187
-57.0,-723.0,1123.0,12:28:19.187736
-83.0,-624.0,949.0,12:28:19.197026
128.0,-512.0,700.0,12:28:19.207762
-35.0,-649.0,823.0,12:28:19.217051
182.0,-763.0,953.0,12:28:19.226519
49.0,-460.0,779.0,12:28:19.236900
50.0,-446.0,707.0,12:28:19.246296
-29.0,-526.0,929.0,12:28:19.256826
6.0,-496.0,1013.0,12:28:19.266232
172.0,-497.0,591.0,12:28:19.275634
104.0,-467.0,658.0,12:28:19.286160
113.0,-656.0,1293.0,12:28:19.295416
-10.0,-612.0,1078.0,12:28:19.305898
151.0,-510.0,615.0,12:28:19.315189
-4.0,-352.0,1091.0,12:28:19.325824
-23.0,-589.0,1081.0,12:28:19.335235
31.0,-585.0,839.0,12:28:19.344662
-33.0,-532.0,748.0,12:28:19.355177
35.0,-651.0,1120.0,12:28:19.364767
-33.0,-445.0,952.0,12:28:19.374171
77.0,-608.0,708.0,12:28:19.384710
85.0,-563.0,786.0,12:28:19.394004
-25.0,-679.0,1023.0,12:28:19.404679
-7.0,-481.0,688.0,12:28:19.413979
43.0,-574.0,986.0,12:28:19.423464
145.0,-524.0,1002.0,12:28:19.433974
66.0,-358.0,758.0,12:28:19.443406
103.0,-537.0,880.0,12:28:19.453862
-1.0,-695.0,1067.0,12:28:19.463193
110.0,-347.0,662.0,12:28:19.473670
-94.0,-386.0,1190.0,12:28:19.483021
90.0,-686.0,1108.0,12:28:19.492429
-6.0,-591.0,716.0,12:28:19.502972
-21.0,-520.0,769.0,12:28:19.512449
192.0,-757.0,1431.0,12:28:19.523000
83.0,-653.0,918.0,12:28:19.532477
39.0,-299.0,272.0,12:28:19.541829
5.0,-339.0,679.0,12:28:19.552399
-269.0,-544.0,1566.0,12:28:19.561738
79.0,-676.0,918.0,12:28:19.572229
40.0,-519.0,385.0,12:28:19.581600
2.0,-402.0,1136.0,12:28:19.590946
-67.0,-474.0,1339.0,12:28:19.601494
102.0,-645.0,956.0,12:28:19.610869
38.0,-533.0,893.0,12:28:19.621310
186.0,-551.0,940.0,12:28:19.630706
55.0,-367.0,951.0,12:28:19.641173
54.0,-487.0,700.0,12:28:19.650503
-15.0,-501.0,926.0,12:28:19.660941
-12.0,-455.0,851.0,12:28:19.670229
-93.0,-413.0,684.0,12:28:19.680736
55.0,-513.0,980.0,12:28:19.690097
91.0,-592.0,1068.0,12:28:19.699364
77.0,-351.0,650.0,12:28:19.710180
116.0,-361.0,833.0,12:28:19.719535
-38.0,-443.0,1096.0,12:28:19.730024
46.0,-538.0,1159.0,12:28:19.739297
159.0,-640.0,790.0,12:28:19.748802
170.0,-626.0,588.0,12:28:19.759316
49.0,-473.0,1069.0,12:28:19.768691
11.0,-553.0,878.0,12:28:19.779146
-86.0,-512.0,869.0,12:28:19.788510
74.0,-470.0,840.0,12:28:19.797911
-36.0,-375.0,684.0,12:28:19.808501
-65.0,-390.0,869.0,12:28:19.817810
41.0,-535.0,1052.0,12:28:19.828347
25.0,-444.0,877.0,12:28:19.837825
148.0,-385.0,651.0,12:28:19.847218
93.0,-507.0,1166.0,12:28:19.857789
8.0,-490.0,1333.0,12:28:19.867175
75.0,-611.0,764.0,12:28:19.885645
12.0,-423.0,972.0,12:28:19.888277
-41.0,-454.0,1323.0,12:28:19.896527
309.0,-734.0,991.0,12:28:19.906976
79.0,-629.0,988.0,12:28:19.916525
95.0,-530.0,1108.0,12:28:19.926936
29.0,-517.0,768.0,12:28:19.936487
153.0,-778.0,677.0,12:28:19.945794
163.0,-989.0,785.0,12:28:19.956291
-24.0,-751.0,839.0,12:28:19.965690
2.0,-443.0,935.0,12:28:19.976178
-73.0,-524.0,878.0,12:28:19.985565
14.0,-554.0,605.0,12:28:19.995015
-54.0,-419.0,647.0,12:28:20.005500
157.0,-566.0,793.0,12:28:20.014845
-40.0,-498.0,1105.0,12:28:20.025235
-34.0,-325.0,822.0,12:28:20.034704
58.0,-497.0,773.0,12:28:20.045231
130.0,-633.0,1171.0,12:28:20.054638
46.0,-532.0,945.0,12:28:20.063974
-10.0,-460.0,671.0,12:28:20.074619
43.0,-508.0,895.0,12:28:20.083871
44.0,-630.0,1166.0,12:28:20.094379
158.0,-434.0,893.0,12:28:20.103621
-54.0,-221.0,667.0,12:28:20.114107
182.0,-326.0,822.0,12:28:20.123584
-16.0,-480.0,1009.0,12:28:20.134067
169.0,-630.0,716.0,12:28:20.143536
89.0,-430.0,714.0,12:28:20.152876
67.0,-534.0,1067.0,12:28:20.163381
218.0,-626.0,1072.0,12:28:20.172789
22.0,-643.0,744.0,12:28:20.182230
-11.0,-475.0,720.0,12:28:20.192712
131.0,-552.0,907.0,12:28:20.202047
-9.0,-694.0,1004.0,12:28:20.212474
121.0,-619.0,765.0,12:28:20.221852
-33.0,-485.0,652.0,12:28:20.232370
90.0,-707.0,986.0,12:28:20.251972
22.0,-381.0,737.0,12:28:20.261524
53.0,-380.0,969.0,12:28:20.271905
-81.0,-741.0,1623.0,12:28:20.287114
46.0,-552.0,1075.0,12:28:20.290909
136.0,-424.0,470.0,12:28:20.301360
133.0,-461.0,1278.0,12:28:20.310782
181.0,-652.0,1494.0,12:28:20.321197
-20.0,-445.0,641.0,12:28:20.330622
-123.0,-153.0,629.0,12:28:20.340044
-13.0,-359.0,1256.0,12:28:20.350640
-111.0,-656.0,893.0,12:28:20.360037
161.0,-534.0,666.0,12:28:20.370562
-84.0,-326.0,982.0,12:28:20.379920
-58.0,-512.0,1177.0,12:28:20.389330
72.0,-702.0,847.0,12:28:20.399975
169.0,-541.0,880.0,12:28:20.409365
25.0,-568.0,1167.0,12:28:20.419767
186.0,-555.0,679.0,12:28:20.429220
45.0,-596.0,1008.0,12:28:20.438468
-8.0,-532.0,1092.0,12:28:20.448971
66.0,-515.0,609.0,12:28:20.458273
116.0,-574.0,747.0,12:28:20.468879
15.0,-386.0,770.0,12:28:20.478284
137.0,-472.0,929.0,12:28:20.487690
53.0,-482.0,468.0,12:28:20.498171
-23.0,-346.0,700.0,12:28:20.507658
-103.0,-333.0,972.0,12:28:20.517357
-90.0,-532.0,1193.0,12:28:20.527916
177.0,-508.0,816.0,12:28:20.537185
-20.0,-586.0,954.0,12:28:20.547816
133.0,-612.0,1138.0,12:28:20.557091
-146.0,-526.0,1274.0,12:28:20.567714
49.0,-553.0,798.0,12:28:20.577122
80.0,-623.0,1170.0,12:28:20.586564
-55.0,-729.0,994.0,12:28:20.597027
268.0,-566.0,756.0,12:28:20.606349
-55.0,-447.0,776.0,12:28:20.616896
9.0,-583.0,821.0,12:28:20.626262
87.0,-680.0,945.0,12:28:20.635664
29.0,-471.0,871.0,12:28:20.646142
73.0,-421.0,745.0,12:28:20.655550
-12.0,-405.0,906.0,12:28:20.665979
-152.0,-185.0,1024.0,12:28:20.675346
-137.0,-542.0,1165.0,12:28:20.685843
-68.0,-628.0,722.0,12:28:20.695364
115.0,-596.0,866.0,12:28:20.704617
-63.0,-638.0,1155.0,12:28:20.715125
165.0,-660.0,818.0,12:28:20.724463
-86.0,-617.0,579.0,12:28:20.734985
95.0,-556.0,838.0,12:28:20.744253
63.0,-586.0,965.0,12:28:20.754799
-49.0,-515.0,907.0,12:28:20.764130
29.0,-410.0,832.0,12:28:20.773578
60.0,-554.0,703.0,12:28:20.784037
137.0,-336.0,867.0,12:28:20.793468
-15.0,-348.0,977.0,12:28:20.803896
4.0,-352.0,823.0,12:28:20.813314
79.0,-255.0,930.0,12:28:20.823716
-87.0,-472.0,974.0,12:28:20.833083
92.0,-615.0,875.0,12:28:20.843487
26.0,-833.0,1132.0,12:28:20.852849
-20.0,-671.0,1021.0,12:28:20.862282
-47.0,-685.0,1042.0,12:28:20.872867
-12.0,-652.0,825.0,12:28:20.882273
232.0,-818.0,674.0,12:28:20.892791
25.0,-676.0,713.0,12:28:20.902091
43.0,-480.0,815.0,12:28:20.912544
88.0,-627.0,693.0,12:28:20.921818
-16.0,-626.0,839.0,12:28:20.931276
168.0,-337.0,835.0,12:28:20.941792
-83.0,-445.0,1035.0,12:28:20.951184
136.0,-599.0,982.0,12:28:20.961659
233.0,-423.0,836.0,12:28:20.971097
35.0,-259.0,943.0,12:28:20.981465
80.0,-370.0,1360.0,12:28:20.990787
-268.0,-285.0,994.0,12:28:21.001279
147.0,-491.0,687.0,12:28:21.010621
-24.0,-469.0,964.0,12:28:21.020022
-138.0,-606.0,1182.0,12:28:21.030623
183.0,-575.0,856.0,12:28:21.040043
23.0,-576.0,878.0,12:28:21.050535
-20.0,-512.0,1186.0,12:28:21.059808
70.0,-674.0,1143.0,12:28:21.069150
63.0,-493.0,581.0,12:28:21.086500
156.0,-777.0,879.0,12:28:21.091748
-212.0,-656.0,1009.0,12:28:21.098929
161.0,-576.0,823.0,12:28:21.109407
46.0,-445.0,769.0,12:28:21.118764
-120.0,-483.0,1085.0,12:28:21.128243
25.0,-589.0,977.0,12:28:21.138890
15.0,-498.0,494.0,12:28:21.148314
102.0,-317.0,858.0,12:28:21.158902
-7.0,-542.0,1116.0,12:28:21.168307
-25.0,-709.0,1029.0,12:28:21.177690
17.0,-441.0,634.0,12:28:21.188283
4.0,-587.0,748.0,12:28:21.197556
-42.0,-558.0,898.0,12:28:21.208061
-64.0,-542.0,1120.0,12:28:21.217403
18.0,-501.0,889.0,12:28:21.226772
142.0,-385.0,796.0,12:28:21.237187
-234.0,-373.0,1291.0,12:28:21.246680
121.0,-466.0,1003.0,12:28:21.257107
-8.0,-563.0,634.0,12:28:21.266542
71.0,-515.0,1114.0,12:28:21.277052
147.0,-549.0,1002.0,12:28:21.286546
-10.0,-511.0,714.0,12:28:21.295890
-105.0,-574.0,1153.0,12:28:21.306466
48.0,-553.0,995.0,12:28:21.315869
86.0,-395.0,640.0,12:28:21.326502
-104.0,-391.0,648.0,12:28:21.335810
-41.0,-604.0,1222.0,12:28:21.345164
-141.0,-413.0,866.0,12:28:21.355682
44.0,-524.0,687.0,12:28:21.365136
-24.0,-600.0,979.0,12:28:21.375644
-4.0,-621.0,1279.0,12:28:21.384999
-133.0,-533.0,721.0,12:28:21.394333
47.0,-332.0,916.0,12:28:21.404811
1.0,-357.0,1006.0,12:28:21.414059
189.0,-578.0,1261.0,12:28:21.424742
-8.0,-561.0,913.0,12:28:21.434018
194.0,-537.0,679.0,12:28:21.443577
77.0,-420.0,936.0,12:28:21.454019
146.0,-613.0,1042.0,12:28:21.463405
144.0,-689.0,988.0,12:28:21.473786
273.0,-592.0,569.0,12:28:21.490527
81.0,-631.0,830.0,12:28:21.494133
116.0,-639.0,825.0,12:28:21.503460
6.0,-447.0,734.0,12:28:21.512900
-157.0,-648.0,1028.0,12:28:21.523424
7.0,-531.0,733.0,12:28:21.532849
-71.0,-730.0,697.0,12:28:21.542247
110.0,-694.0,1011.0,12:28:21.552770
-66.0,-437.0,932.0,12:28:21.562129
-50.0,-396.0,648.0,12:28:21.572741
-46.0,-256.0,741.0,12:28:21.582163
108.0,-465.0,967.0,12:28:21.591526
135.0,-324.0,753.0,12:28:21.601948
-27.0,-377.0,1001.0,12:28:21.611305
-82.0,-472.0,918.0,12:28:21.621798
97.0,-405.0,988.0,12:28:21.631230
87.0,-315.0,948.0,12:28:21.641732
304.0,-477.0,1164.0,12:28:21.651206
115.0,-541.0,1123.0,12:28:21.660503
127.0,-546.0,860.0,12:28:21.670934
251.0,-683.0,1004.0,12:28:21.680236
101.0,-563.0,1023.0,12:28:21.690756
160.0,-487.0,845.0,12:28:21.700116
31.0,-675.0,724.0,12:28:21.710601
83.0,-615.0,965.0,12:28:21.720027
174.0,-519.0,843.0,12:28:21.729443
-188.0,-594.0,791.0,12:28:21.739924
130.0,-452.0,729.0,12:28:21.749334
122.0,-561.0,924.0,12:28:21.759750
51.0,-431.0,834.0,12:28:21.769097
194.0,-339.0,978.0,12:28:21.779575
-39.0,-374.0,1027.0,12:28:21.789124
105.0,-305.0,870.0,12:28:21.798489
118.0,-432.0,1009.0,12:28:21.809004
-105.0,-347.0,1145.0,12:28:21.818260
167.0,-566.0,968.0,12:28:21.828851
100.0,-527.0,959.0,12:28:21.838146
27.0,-598.0,1283.0,12:28:21.847732
-90.0,-440.0,783.0,12:28:21.858181
118.0,-498.0,1008.0,12:28:21.867511
113.0,-600.0,1065.0,12:28:21.878064
76.0,-711.0,722.0,12:28:21.887422
135.0,-402.0,800.0,12:28:21.897816
-117.0,-467.0,1027.0,12:28:21.907185
-47.0,-690.0,1096.0,12:28:21.917735
147.0,-429.0,662.0,12:28:21.927187
14.0,-598.0,657.0,12:28:21.936597
18.0,-547.0,1084.0,12:28:21.947083
-2.0,-689.0,1039.0,12:28:21.956478
21.0,-469.0,793.0,12:28:21.966989
185.0,-441.0,758.0,12:28:21.976353
56.0,-689.0,1104.0,12:28:21.985839
115.0,-509.0,1118.0,12:28:21.996289
107.0,-349.0,666.0,12:28:22.005814
175.0,-378.0,811.0,12:28:22.016266
-23.0,-542.0,1274.0,12:28:22.025726
-49.0,-611.0,1034.0,12:28:22.035195
-89.0,-390.0,630.0,12:28:22.045816
-8.0,-402.0,905.0,12:28:22.055254
-103.0,-681.0,1301.0,12:28:22.064658
125.0,-620.0,789.0,12:28:22.075171
30.0,-427.0,454.0,12:28:22.084567
-99.0,-414.0,1140.0,12:28:22.095046
8.0,-629.0,1481.0,12:28:22.104537
-57.0,-579.0,573.0,12:28:22.113883
214.0,-508.0,692.0,12:28:22.124446
6.0,-433.0,936.0,12:28:22.133780
9.0,-628.0,1122.0,12:28:22.144199
8.0,-684.0,1138.0,12:28:22.153617
161.0,-613.0,656.0,12:28:22.164030
8.0,-382.0,654.0,12:28:22.173409
-46.0,-650.0,976.0,12:28:22.182736
-47.0,-707.0,772.0,12:28:22.193326
-135.0,-568.0,889.0,12:28:22.202713
69.0,-430.0,945.0,12:28:22.213227
13.0,-408.0,769.0,12:28:22.222531
18.0,-592.0,743.0,12:28:22.233078
-176.0,-450.0,1325.0,12:28:22.242331
117.0,-436.0,953.0,12:28:22.251670
-225.0,-431.0,774.0,12:28:22.262294
54.0,-542.0,1023.0,12:28:22.271668
-244.0,-673.0,1132.0,12:28:22.282176
-86.0,-770.0,656.0,12:28:22.293915
135.0,-556.0,850.0,12:28:22.301760
-159.0,-508.0,1013.0,12:28:22.311169
169.0,-895.0,662.0,12:28:22.321762
9.0,-656.0,626.0,12:28:22.331126
39.0,-469.0,960.0,12:28:22.340458
17.0,-463.0,1003.0,12:28:22.350884
-30.0,-515.0,664.0,12:28:22.360338
79.0,-615.0,945.0,12:28:22.370861
14.0,-648.0,979.0,12:28:22.380250
44.0,-531.0,712.0,12:28:22.390743
117.0,-380.0,878.0,12:28:22.400135
-168.0,-562.0,1193.0,12:28:22.409424
73.0,-643.0,992.0,12:28:22.419980
-50.0,-363.0,578.0,12:28:22.429285
8.0,-424.0,933.0,12:28:22.440051
-17.0,-443.0,1078.0,12:28:22.449314
-45.0,-645.0,944.0,12:28:22.458676
-48.0,-525.0,858.0,12:28:22.469188
-80.0,-433.0,845.0,12:28:22.478672
-114.0,-406.0,1088.0,12:28:22.489225
14.0,-606.0,986.0,12:28:22.498664
-26.0,-565.0,771.0,12:28:22.507945
117.0,-532.0,915.0,12:28:22.518556
-44.0,-591.0,1136.0,12:28:22.527846
-82.0,-643.0,820.0,12:28:22.538379
205.0,-397.0,714.0,12:28:22.547733
16.0,-739.0,978.0,12:28:22.558247
-18.0,-638.0,966.0,12:28:22.567718
-39.0,-435.0,844.0,12:28:22.577138
-84.0,-427.0,563.0,12:28:22.587730
-19.0,-424.0,915.0,12:28:22.597232
-201.0,-678.0,1134.0,12:28:22.606624
-16.0,-460.0,801.0,12:28:22.617129
-45.0,-445.0,763.0,12:28:22.626468
-27.0,-561.0,947.0,12:28:22.637008
-51.0,-620.0,1121.0,12:28:22.646338
133.0,-489.0,970.0,12:28:22.655834
45.0,-446.0,919.0,12:28:22.666299
47.0,-478.0,878.0,12:28:22.675747
77.0,-560.0,809.0,12:28:22.693578
31.0,-603.0,1079.0,12:28:22.697377
17.0,-398.0,789.0,12:28:22.705587
49.0,-296.0,953.0,12:28:22.715983
-48.0,-490.0,892.0,12:28:22.725369
101.0,-578.0,960.0,12:28:22.734605
-119.0,-493.0,929.0,12:28:22.745082
-70.0,-449.0,716.0,12:28:22.754410
-53.0,-627.0,1136.0,12:28:22.765000
211.0,-569.0,961.0,12:28:22.774283
-125.0,-473.0,746.0,12:28:22.784854
50.0,-416.0,633.0,12:28:22.794188
-73.0,-660.0,1202.0,12:28:22.803594
85.0,-495.0,879.0,12:28:22.814083
35.0,-237.0,532.0,12:28:22.823505
37.0,-416.0,942.0,12:28:22.833929
42.0,-615.0,1300.0,12:28:22.843424
-19.0,-395.0,1023.0,12:28:22.853855
-31.0,-434.0,648.0,12:28:22.863320
82.0,-660.0,1050.0,12:28:22.872610
242.0,-632.0,1047.0,12:28:22.883130
26.0,-581.0,672.0,12:28:22.892413
7.0,-340.0,834.0,12:28:22.902979
-89.0,-534.0,1239.0,12:28:22.912549
145.0,-584.0,785.0,12:28:22.922037
148.0,-541.0,571.0,12:28:22.932542
45.0,-399.0,977.0,12:28:22.941897
-21.0,-475.0,1101.0,12:28:22.952339
199.0,-552.0,651.0,12:28:22.961694
92.0,-583.0,687.0,12:28:22.971123
-68.0,-620.0,1157.0,12:28:22.981652
-49.0,-613.0,1057.0,12:28:22.991128
206.0,-546.0,638.0,12:28:23.001623
-41.0,-463.0,834.0,12:28:23.010906
97.0,-481.0,962.0,12:28:23.021371
53.0,-525.0,796.0,12:28:23.030672
33.0,-389.0,1041.0,12:28:23.040120
34.0,-338.0,904.0,12:28:23.050588
20.0,-640.0,796.0,12:28:23.060038
252.0,-672.0,828.0,12:28:23.070569
42.0,-620.0,1222.0,12:28:23.080050
-54.0,-545.0,997.0,12:28:23.089410
5.0,-402.0,700.0,12:28:23.100076
-119.0,-514.0,1022.0,12:28:23.109344
220.0,-759.0,1099.0,12:28:23.119926
28.0,-481.0,790.0,12:28:23.129190
0.0,-559.0,677.0,12:28:23.139748
218.0,-434.0,793.0,12:28:23.148995
-21.0,-564.0,1038.0,12:28:23.158366
60.0,-635.0,791.0,12:28:23.168810
-31.0,-555.0,880.0,12:28:23.178112
39.0,-240.0,804.0,12:28:23.188494
80.0,-535.0,1247.0,12:28:23.197877
106.0,-712.0,893.0,12:28:23.208256
166.0,-483.0,562.0,12:28:23.217688
-187.0,-215.0,819.0,12:28:23.228111
150.0,-579.0,1346.0,12:28:23.237598
86.0,-519.0,954.0,12:28:23.247997
91.0,-253.0,409.0,12:28:23.257417
65.0,-395.0,1124.0,12:28:23.266721
-11.0,-549.0,1392.0,12:28:23.277259
226.0,-455.0,1069.0,12:28:23.286632
38.0,-476.0,626.0,12:28:23.297236
-36.0,-672.0,1047.0,12:28:23.306670
-44.0,-637.0,1285.0,12:28:23.316036
12.0,-612.0,738.0,12:28:23.326550
-37.0,-518.0,672.0,12:28:23.335983
-44.0,-386.0,954.0,12:28:23.346488
-39.0,-470.0,980.0,12:28:23.355921
20.0,-472.0,769.0,12:28:23.365328
122.0,-524.0,791.0,12:28:23.375888
102.0,-580.0,862.0,12:28:23.385171
23.0,-447.0,1149.0,12:28:23.395874
59.0,-643.0,1019.0,12:28:23.405225
-10.0,-351.0,704.0,12:28:23.414715
-167.0,-316.0,995.0,12:28:23.425166
