99.0,-635.0,1269.0,12:29:38.155137
146.0,-720.0,1124.0,12:29:38.162609
46.0,-551.0,707.0,12:29:38.171979
56.0,-350.0,1092.0,12:29:38.182415
20.0,-425.0,768.0,12:29:38.191814
67.0,-397.0,775.0,12:29:38.202310
-199.0,-248.0,1162.0,12:29:38.211655
-69.0,-346.0,957.0,12:29:38.222203
-5.0,-353.0,866.0,12:29:38.231589
-13.0,-423.0,1001.0,12:29:38.241076
225.0,-684.0,739.0,12:29:38.251657
154.0,-597.0,1077.0,12:29:38.261034
169.0,-469.0,1203.0,12:29:38.271463
-96.0,-466.0,909.0,12:29:38.280751
55.0,-636.0,993.0,12:29:38.290173
190.0,-687.0,1177.0,12:29:38.300681
111.0,-345.0,462.0,12:29:38.310080
64.0,-669.0,897.0,12:29:38.320552
-81.0,-402.0,1048.0,12:29:38.330027
88.0,-849.0,747.0,12:29:38.340453
132.0,-565.0,655.0,12:29:38.349783
-281.0,-216.0,1055.0,12:29:38.360246
4.0,-427.0,1007.0,12:29:38.369672
-100.0,-651.0,623.0,12:29:38.378986
60.0,-776.0,1045.0,12:29:38.389474
92.0,-513.0,700.0,12:29:38.398864
46.0,-432.0,722.0,12:29:38.409403
157.0,-396.0,1324.0,12:29:38.418645
-174.0,-372.0,1135.0,12:29:38.429166
52.0,-271.0,594.0,12:29:38.438444
-236.0,-231.0,803.0,12:29:38.447866
56.0,-308.0,1328.0,12:29:38.458332
132.0,-636.0,1091.0,12:29:38.467753
123.0,-860.0,988.0,12:29:38.486050
133.0,-766.0,1166.0,12:29:38.487479
61.0,-704.0,834.0,12:29:38.497716
83.0,-519.0,713.0,12:29:38.508107
-54.0,-506.0,1159.0,12:29:38.517534
15.0,-559.0,796.0,12:29:38.526815
76.0,-441.0,321.0,12:29:38.537334
-49.0,-415.0,682.0,12:29:38.546702
3.0,-537.0,1422.0,12:29:38.557158
72.0,-502.0,929.0,12:29:38.566575
29.0,-177.0,368.0,12:29:38.577083
124.0,-624.0,1418.0,12:29:38.586519
108.0,-745.0,731.0,12:29:38.595821
285.0,-287.0,178.0,12:29:38.606347
-127.0,-126.0,1218.0,12:29:38.615826
36.0,-455.0,1359.0,12:29:38.626447
5.0,-405.0,744.0,12:29:38.635714
-136.0,-328.0,879.0,12:29:38.645183
58.0,-565.0,1096.0,12:29:38.655735
44.0,-681.0,1146.0,12:29:38.665073
80.0,-419.0,727.0,12:29:38.674470
100.0,-614.0,1219.0,12:29:38.684984
103.0,-591.0,1202.0,12:29:38.694403
91.0,-472.0,642.0,12:29:38.704873
93.0,-521.0,669.0,12:29:38.714202
89.0,-541.0,1226.0,12:29:38.724767
-31.0,-760.0,1029.0,12:29:38.733995
159.0,-577.0,651.0,12:29:38.744572
-61.0,-381.0,806.0,12:29:38.753827
89.0,-404.0,1067.0,12:29:38.763221
150.0,-635.0,1054.0,12:29:38.773594
-43.0,-483.0,644.0,12:29:38.782984
110.0,-279.0,493.0,12:29:38.793478
-42.0,-405.0,757.0,12:29:38.802933
-11.0,-541.0,1310.0,12:29:38.813462
-19.0,-443.0,907.0,12:29:38.822827
-92.0,-472.0,620.0,12:29:38.833277
175.0,-358.0,1006.0,12:29:38.842635
-7.0,-565.0,1291.0,12:29:38.851887
46.0,-255.0,624.0,12:29:38.862377
-67.0,-242.0,1145.0,12:29:38.871696
-231.0,-415.0,1363.0,12:29:38.882319
109.0,-779.0,1125.0,12:29:38.891687
-10.0,-670.0,791.0,12:29:38.902210
248.0,-505.0,1044.0,12:29:38.911614
-68.0,-704.0,1218.0,12:29:38.921996
166.0,-831.0,903.0,12:29:38.931344
91.0,-336.0,1030.0,12:29:38.940688
-49.0,-144.0,816.0,12:29:38.951260
277.0,-409.0,690.0,12:29:38.960660
93.0,-517.0,788.0,12:29:38.971243
60.0,-505.0,1146.0,12:29:38.980521
57.0,-461.0,656.0,12:29:38.989925
86.0,-424.0,460.0,12:29:39.000290
-126.0,-529.0,1451.0,12:29:39.009652
-39.0,-530.0,940.0,12:29:39.020099
151.0,-269.0,545.0,12:29:39.029550
55.0,-119.0,1016.0,12:29:39.040098
59.0,-503.0,883.0,12:29:39.049481
216.0,-680.0,902.0,12:29:39.059969
-17.0,-566.0,901.0,12:29:39.069337
96.0,-542.0,579.0,12:29:39.078783
14.0,-443.0,1167.0,12:29:39.089399
49.0,-401.0,1175.0,12:29:39.098859
113.0,-696.0,971.0,12:29:39.108279
122.0,-580.0,626.0,12:29:39.118681
36.0,-428.0,1112.0,12:29:39.128016
-29.0,-636.0,1000.0,12:29:39.138446
209.0,-821.0,1197.0,12:29:39.147855
-35.0,-773.0,944.0,12:29:39.158286
27.0,-440.0,695.0,12:29:39.167728
-62.0,-456.0,1300.0,12:29:39.178236
15.0,-533.0,1071.0,12:29:39.187683
-56.0,-447.0,426.0,12:29:39.197028
120.0,-362.0,536.0,12:29:39.207499
-179.0,-465.0,1193.0,12:29:39.216840
125.0,-683.0,1072.0,12:29:39.227360
-25.0,-476.0,644.0,12:29:39.236681
27.0,-404.0,846.0,12:29:39.247146
-51.0,-536.0,1154.0,12:29:39.256589
-98.0,-315.0,1013.0,12:29:39.265974
-16.0,-288.0,850.0,12:29:39.276550
-87.0,-387.0,955.0,12:29:39.287895
80.0,-675.0,1012.0,12:29:39.295880
170.0,-379.0,565.0,12:29:39.306316
93.0,-663.0,1035.0,12:29:39.315727
127.0,-495.0,1145.0,12:29:39.325023
71.0,-355.0,761.0,12:29:39.335433
52.0,-480.0,775.0,12:29:39.344766
193.0,-523.0,837.0,12:29:39.355284
-152.0,-482.0,1309.0,12:29:39.364604
49.0,-285.0,780.0,12:29:39.375121
31.0,-440.0,768.0,12:29:39.384553
-15.0,-495.0,1187.0,12:29:39.395027
182.0,-658.0,856.0,12:29:39.404463
25.0,-392.0,670.0,12:29:39.413733
116.0,-474.0,1305.0,12:29:39.424249
170.0,-615.0,1072.0,12:29:39.433469
163.0,-524.0,499.0,12:29:39.443952
6.0,-428.0,666.0,12:29:39.453338
-58.0,-612.0,1111.0,12:29:39.463874
212.0,-394.0,816.0,12:29:39.473095
-87.0,-420.0,740.0,12:29:39.483571
112.0,-506.0,644.0,12:29:39.492802
-22.0,-400.0,1048.0,12:29:39.503509
28.0,-328.0,991.0,12:29:39.512866
-56.0,-413.0,1222.0,12:29:39.522301
42.0,-637.0,1417.0,12:29:39.532890
32.0,-568.0,881.0,12:29:39.542324
163.0,-494.0,689.0,12:29:39.551669
160.0,-654.0,1213.0,12:29:39.562291
58.0,-565.0,1572.0,12:29:39.571579
16.0,-639.0,749.0,12:29:39.582215
111.0,-375.0,300.0,12:29:39.591474
115.0,-627.0,1185.0,12:29:39.601943
9.0,-690.0,1089.0,12:29:39.611296
36.0,-362.0,673.0,12:29:39.620653
79.0,-480.0,733.0,12:29:39.631211
-74.0,-407.0,1188.0,12:29:39.640575
7.0,-447.0,974.0,12:29:39.651106
-3.0,-547.0,650.0,12:29:39.660438
83.0,-289.0,892.0,12:29:39.670881
-131.0,-384.0,1119.0,12:29:39.683708
112.0,-443.0,671.0,12:29:39.692012
132.0,-496.0,585.0,12:29:39.700060
17.0,-652.0,1256.0,12:29:39.709499
139.0,-330.0,891.0,12:29:39.720070
-61.0,-390.0,790.0,12:29:39.729350
81.0,-623.0,935.0,12:29:39.739992
88.0,-559.0,1278.0,12:29:39.749273
-189.0,-380.0,1040.0,12:29:39.759700
282.0,-718.0,764.0,12:29:39.768981
88.0,-693.0,946.0,12:29:39.779446
-37.0,-551.0,1320.0,12:29:39.788958
98.0,-447.0,586.0,12:29:39.798335
-94.0,-325.0,753.0,12:29:39.808855
6.0,-445.0,1204.0,12:29:39.818299
31.0,-390.0,665.0,12:29:39.828664
-1.0,-649.0,1113.0,12:29:39.837987
-23.0,-568.0,918.0,12:29:39.847298
-108.0,-483.0,725.0,12:29:39.857836
127.0,-623.0,750.0,12:29:39.867134
-96.0,-526.0,1104.0,12:29:39.877708
95.0,-614.0,915.0,12:29:39.886958
161.0,-384.0,654.0,12:29:39.897574
137.0,-346.0,1121.0,12:29:39.906891
-80.0,-263.0,1210.0,12:29:39.917398
46.0,-504.0,865.0,12:29:39.926706
54.0,-640.0,819.0,12:29:39.936058
-41.0,-629.0,1191.0,12:29:39.946555
-25.0,-502.0,938.0,12:29:39.955932
-172.0,-345.0,508.0,12:29:39.966475
-202.0,-716.0,1090.0,12:29:39.975904
148.0,-590.0,1040.0,12:29:39.985286
-19.0,-445.0,739.0,12:29:39.995720
-39.0,-442.0,766.0,12:29:40.005266
-293.0,-570.0,1167.0,12:29:40.015727
78.0,-690.0,906.0,12:29:40.025096
38.0,-754.0,866.0,12:29:40.034528
56.0,-652.0,887.0,12:29:40.045074
214.0,-441.0,718.0,12:29:40.054445
-5.0,-331.0,731.0,12:29:40.064980
138.0,-543.0,860.0,12:29:40.074424
144.0,-357.0,654.0,12:29:40.083865
-89.0,-139.0,734.0,12:29:40.094295
-90.0,-415.0,1073.0,12:29:40.103668
32.0,-651.0,923.0,12:29:40.114074
117.0,-516.0,1137.0,12:29:40.123643
142.0,-475.0,971.0,12:29:40.134165
-88.0,-524.0,1136.0,12:29:40.143524
195.0,-519.0,1168.0,12:29:40.152906
0.0,-610.0,928.0,12:29:40.163474
69.0,-646.0,690.0,12:29:40.172770
-122.0,-417.0,864.0,12:29:40.183241
-44.0,-662.0,1160.0,12:29:40.192654
32.0,-480.0,829.0,12:29:40.202066
154.0,-722.0,304.0,12:29:40.212515
-20.0,-531.0,958.0,12:29:40.221884
-121.0,-291.0,1321.0,12:29:40.232413
-179.0,-338.0,775.0,12:29:40.241699
88.0,-528.0,680.0,12:29:40.252366
-11.0,-529.0,1120.0,12:29:40.261694
247.0,-640.0,897.0,12:29:40.271139
64.0,-404.0,659.0,12:29:40.281525
-90.0,-186.0,968.0,12:29:40.290882
-112.0,-519.0,1429.0,12:29:40.301328
6.0,-701.0,976.0,12:29:40.310700
172.0,-341.0,569.0,12:29:40.321211
-109.0,-298.0,1121.0,12:29:40.330659
-88.0,-462.0,905.0,12:29:40.341186
159.0,-690.0,1061.0,12:29:40.350579
-5.0,-718.0,877.0,12:29:40.359885
235.0,-571.0,921.0,12:29:40.370417
160.0,-445.0,911.0,12:29:40.379735
-6.0,-333.0,801.0,12:29:40.390305
-29.0,-644.0,1263.0,12:29:40.399594
196.0,-600.0,737.0,12:29:40.410152
123.0,-333.0,817.0,12:29:40.419496
-176.0,-270.0,1097.0,12:29:40.429051
39.0,-639.0,962.0,12:29:40.439568
9.0,-434.0,699.0,12:29:40.448939
-175.0,-419.0,892.0,12:29:40.458365
166.0,-554.0,844.0,12:29:40.468916
27.0,-605.0,987.0,12:29:40.478241
-4.0,-609.0,1102.0,12:29:40.490871
61.0,-501.0,714.0,12:29:40.497702
-163.0,-451.0,804.0,12:29:40.508125
43.0,-424.0,1331.0,12:29:40.517535
141.0,-596.0,854.0,12:29:40.528002
-77.0,-354.0,685.0,12:29:40.537355
73.0,-441.0,939.0,12:29:40.547937
5.0,-535.0,827.0,12:29:40.557316
87.0,-404.0,1046.0,12:29:40.567783
-105.0,-317.0,807.0,12:29:40.577127
68.0,-621.0,1147.0,12:29:40.586630
37.0,-449.0,1303.0,12:29:40.597195
-36.0,-663.0,558.0,12:29:40.606597
180.0,-520.0,716.0,12:29:40.617054
-27.0,-554.0,1288.0,12:29:40.626534
137.0,-568.0,853.0,12:29:40.635827
-29.0,-338.0,981.0,12:29:40.646458
85.0,-361.0,730.0,12:29:40.655744
23.0,-453.0,844.0,12:29:40.666258
97.0,-395.0,809.0,12:29:40.675594
75.0,-478.0,943.0,12:29:40.686058
32.0,-350.0,1003.0,12:29:40.695331
126.0,-565.0,1001.0,12:29:40.704780
94.0,-393.0,505.0,12:29:40.715144
-52.0,-610.0,960.0,12:29:40.724674
-36.0,-700.0,1373.0,12:29:40.735188
180.0,-510.0,830.0,12:29:40.744784
122.0,-272.0,605.0,12:29:40.754128
-61.0,-629.0,1343.0,12:29:40.764668
183.0,-890.0,1231.0,12:29:40.773987
239.0,-490.0,275.0,12:29:40.784595
74.0,-299.0,529.0,12:29:40.793835
-216.0,-642.0,1861.0,12:29:40.803302
113.0,-721.0,1171.0,12:29:40.813781
-12.0,-453.0,103.0,12:29:40.823257
165.0,-339.0,629.0,12:29:40.833703
-9.0,-662.0,1747.0,12:29:40.843016
155.0,-587.0,923.0,12:29:40.853482
47.0,-363.0,442.0,12:29:40.862842
-40.0,-472.0,885.0,12:29:40.872340
120.0,-641.0,1297.0,12:29:40.882864
52.0,-327.0,719.0,12:29:40.894078
-53.0,-389.0,466.0,12:29:40.902317
92.0,-549.0,751.0,12:29:40.911810
132.0,-525.0,1256.0,12:29:40.922289
-180.0,-245.0,786.0,12:29:40.941880
80.0,-546.0,821.0,12:29:40.951269
278.0,-818.0,1082.0,12:29:40.961716
61.0,-636.0,780.0,12:29:40.971158
-84.0,-438.0,1058.0,12:29:40.981708
-96.0,-582.0,1216.0,12:29:40.991215
164.0,-679.0,765.0,12:29:41.000617
-28.0,-560.0,761.0,12:29:41.011135
-20.0,-561.0,918.0,12:29:41.020592
-32.0,-413.0,702.0,12:29:41.030027
-143.0,-274.0,840.0,12:29:41.040484
-36.0,-650.0,1254.0,12:29:41.049785
0.0,-636.0,754.0,12:29:41.060302
-141.0,-502.0,680.0,12:29:41.069680
80.0,-411.0,1341.0,12:29:41.080193
61.0,-505.0,1010.0,12:29:41.089579
80.0,-482.0,822.0,12:29:41.109225
-83.0,-577.0,1068.0,12:29:41.118648
114.0,-487.0,1108.0,12:29:41.129171
110.0,-325.0,555.0,12:29:41.138545
-84.0,-267.0,920.0,12:29:41.148934
-1.0,-341.0,980.0,12:29:41.158355
69.0,-537.0,785.0,12:29:41.168884
220.0,-330.0,909.0,12:29:41.178279
-45.0,-374.0,1314.0,12:29:41.188669
106.0,-574.0,1074.0,12:29:41.198025
-9.0,-510.0,944.0,12:29:41.208472
-57.0,-381.0,795.0,12:29:41.217876
140.0,-584.0,1041.0,12:29:41.227295
40.0,-622.0,1167.0,12:29:41.237808
142.0,-582.0,707.0,12:29:41.247089
161.0,-363.0,722.0,12:29:41.257673
-114.0,-406.0,1073.0,12:29:41.266973
106.0,-613.0,1006.0,12:29:41.276349
79.0,-697.0,767.0,12:29:41.286951
145.0,-518.0,688.0,12:29:41.296289
153.0,-396.0,722.0,12:29:41.306777
-96.0,-524.0,1246.0,12:29:41.316094
88.0,-343.0,878.0,12:29:41.326649
43.0,-291.0,568.0,12:29:41.336056
39.0,-398.0,855.0,12:29:41.345358
42.0,-566.0,1224.0,12:29:41.355874
-8.0,-469.0,807.0,12:29:41.365305
188.0,-321.0,886.0,12:29:41.375764
-16.0,-513.0,1336.0,12:29:41.385262
152.0,-540.0,845.0,12:29:41.394594
-12.0,-576.0,913.0,12:29:41.405092
103.0,-526.0,864.0,12:29:41.414528
104.0,-768.0,1114.0,12:29:41.425034
68.0,-816.0,1007.0,12:29:41.434465
177.0,-514.0,871.0,12:29:41.443873
-21.0,-494.0,616.0,12:29:41.454479
34.0,-408.0,953.0,12:29:41.463915
-171.0,-275.0,1006.0,12:29:41.474412
38.0,-581.0,842.0,12:29:41.483830
-17.0,-486.0,901.0,12:29:41.493106
-119.0,-192.0,883.0,12:29:41.503597
16.0,-268.0,827.0,12:29:41.512901
-23.0,-488.0,1154.0,12:29:41.523506
216.0,-710.0,833.0,12:29:41.532861
61.0,-591.0,869.0,12:29:41.543431
68.0,-513.0,1053.0,12:29:41.552752
-65.0,-500.0,1070.0,12:29:41.562127
124.0,-572.0,819.0,12:29:41.572555
-23.0,-403.0,615.0,12:29:41.581838
73.0,-436.0,961.0,12:29:41.592392
2.0,-503.0,1020.0,12:29:41.601700
144.0,-667.0,936.0,12:29:41.612362
-18.0,-629.0,883.0,12:29:41.621664
99.0,-534.0,863.0,12:29:41.631127
174.0,-414.0,782.0,12:29:41.641623
-24.0,-558.0,1119.0,12:29:41.650956
51.0,-495.0,811.0,12:29:41.661483
32.0,-417.0,874.0,12:29:41.670892
28.0,-401.0,1113.0,12:29:41.681340
104.0,-582.0,1035.0,12:29:41.700994
58.0,-589.0,1029.0,12:29:41.710316
37.0,-535.0,864.0,12:29:41.720911
79.0,-585.0,852.0,12:29:41.730176
51.0,-403.0,877.0,12:29:41.739560
-59.0,-375.0,1036.0,12:29:41.750069
-133.0,-432.0,702.0,12:29:41.759429
-108.0,-518.0,1061.0,12:29:41.770112
103.0,-633.0,862.0,12:29:41.779441
61.0,-599.0,734.0,12:29:41.788791
-9.0,-335.0,1170.0,12:29:41.799509
-68.0,-606.0,1016.0,12:29:41.808854
-4.0,-567.0,689.0,12:29:41.819538
-35.0,-385.0,945.0,12:29:41.828916
110.0,-496.0,1164.0,12:29:41.838362
-29.0,-506.0,932.0,12:29:41.848919
145.0,-568.0,734.0,12:29:41.858270
42.0,-518.0,836.0,12:29:41.867870
-2.0,-384.0,1010.0,12:29:41.878412
-53.0,-514.0,1017.0,12:29:41.887806
52.0,-608.0,799.0,12:29:41.898283
37.0,-482.0,984.0,12:29:41.907683
7.0,-526.0,871.0,12:29:41.917124
68.0,-327.0,785.0,12:29:41.927644
124.0,-387.0,1023.0,12:29:41.937014
-98.0,-325.0,1181.0,12:29:41.947464
7.0,-494.0,845.0,12:29:41.956836
55.0,-457.0,849.0,12:29:41.967237
61.0,-585.0,945.0,12:29:41.976661
73.0,-515.0,922.0,12:29:41.985960
14.0,-379.0,844.0,12:29:41.996644
103.0,-404.0,1159.0,12:29:42.005930
-53.0,-579.0,1017.0,12:29:42.016491
191.0,-501.0,611.0,12:29:42.025863
-127.0,-448.0,832.0,12:29:42.036235
12.0,-551.0,1227.0,12:29:42.045627
201.0,-515.0,791.0,12:29:42.055974
70.0,-308.0,806.0,12:29:42.065353
62.0,-410.0,1073.0,12:29:42.074600
104.0,-463.0,743.0,12:29:42.085057
36.0,-441.0,776.0,12:29:42.096505
-198.0,-412.0,1276.0,12:29:42.104875
20.0,-606.0,967.0,12:29:42.114258
139.0,-481.0,768.0,12:29:42.124669
100.0,-730.0,1329.0,12:29:42.134033
220.0,-694.0,1066.0,12:29:42.144507
22.0,-562.0,755.0,12:29:42.153924
50.0,-530.0,1013.0,12:29:42.163296
38.0,-578.0,829.0,12:29:42.173779
74.0,-604.0,633.0,12:29:42.183164
66.0,-429.0,873.0,12:29:42.193615
-49.0,-406.0,859.0,12:29:42.202881
69.0,-411.0,879.0,12:29:42.213389
-98.0,-500.0,1084.0,12:29:42.222805
0.0,-547.0,854.0,12:29:42.233468
156.0,-499.0,789.0,12:29:42.242812
144.0,-429.0,1101.0,12:29:42.252183
91.0,-407.0,977.0,12:29:42.262883
3.0,-422.0,760.0,12:29:42.272248
115.0,-511.0,940.0,12:29:42.281710
193.0,-449.0,781.0,12:29:42.292224
34.0,-474.0,984.0,12:29:42.301623
20.0,-533.0,1007.0,12:29:42.312007
95.0,-613.0,1012.0,12:29:42.321385
113.0,-516.0,975.0,12:29:42.331802
4.0,-446.0,754.0,12:29:42.341225
-51.0,-434.0,1004.0,12:29:42.350535
110.0,-607.0,951.0,12:29:42.361102
226.0,-663.0,903.0,12:29:42.370429
77.0,-549.0,816.0,12:29:42.380926
-195.0,-387.0,904.0,12:29:42.390348
-17.0,-448.0,1082.0,12:29:42.400799
58.0,-488.0,825.0,12:29:42.410162
-48.0,-389.0,673.0,12:29:42.419500
-40.0,-464.0,961.0,12:29:42.430035
-106.0,-589.0,1180.0,12:29:42.439408
93.0,-483.0,952.0,12:29:42.450117
154.0,-476.0,624.0,12:29:42.459391
169.0,-526.0,705.0,12:29:42.468800
98.0,-446.0,942.0,12:29:42.479267
-30.0,-374.0,1320.0,12:29:42.488712
120.0,-216.0,679.0,12:29:42.499184
5.0,-449.0,1137.0,12:29:42.508519
47.0,-419.0,1189.0,12:29:42.518992
119.0,-480.0,793.0,12:29:42.528362
86.0,-657.0,1028.0,12:29:42.538825
69.0,-544.0,1177.0,12:29:42.548188
71.0,-530.0,848.0,12:29:42.558566
41.0,-592.0,966.0,12:29:42.567926
63.0,-629.0,982.0,12:29:42.578381
268.0,-543.0,892.0,12:29:42.587768
23.0,-363.0,922.0,12:29:42.597068
-79.0,-362.0,942.0,12:29:42.607554
59.0,-659.0,965.0,12:29:42.616873
126.0,-514.0,748.0,12:29:42.627320
22.0,-358.0,879.0,12:29:42.636739
-85.0,-606.0,1023.0,12:29:42.647191
29.0,-616.0,1088.0,12:29:42.656659
24.0,-474.0,812.0,12:29:42.665945
130.0,-305.0,655.0,12:29:42.676822
-35.0,-485.0,1119.0,12:29:42.686121
-32.0,-436.0,995.0,12:29:42.696690
9.0,-437.0,965.0,12:29:42.706117
7.0,-382.0,788.0,12:29:42.715522
-10.0,-561.0,1003.0,12:29:42.726060
50.0,-472.0,769.0,12:29:42.735502
97.0,-476.0,972.0,12:29:42.744758
-59.0,-511.0,1194.0,12:29:42.755318
50.0,-421.0,854.0,12:29:42.764671
171.0,-532.0,802.0,12:29:42.775184
-4.0,-599.0,1059.0,12:29:42.784604
58.0,-456.0,1044.0,12:29:42.794025
-99.0,-381.0,684.0,12:29:42.804559
-24.0,-479.0,924.0,12:29:42.813939
85.0,-583.0,1074.0,12:29:42.824381
26.0,-796.0,911.0,12:29:42.833874
30.0,-361.0,620.0,12:29:42.844271
-106.0,-499.0,1243.0,12:29:42.853695
11.0,-568.0,1113.0,12:29:42.863118
119.0,-562.0,620.0,12:29:42.873582
132.0,-490.0,659.0,12:29:42.882882
-5.0,-434.0,1268.0,12:29:42.899356
35.0,-465.0,1026.0,12:29:42.902987
31.0,-709.0,574.0,12:29:42.912548
92.0,-353.0,704.0,12:29:42.923070
-74.0,-359.0,951.0,12:29:42.932470
78.0,-707.0,1133.0,12:29:42.942886
15.0,-563.0,887.0,12:29:42.952322
-23.0,-385.0,667.0,12:29:42.961612
72.0,-504.0,917.0,12:29:42.972099
43.0,-651.0,1199.0,12:29:42.981362
168.0,-461.0,831.0,12:29:42.991854
7.0,-451.0,631.0,12:29:43.001161
33.0,-400.0,1061.0,12:29:43.011631
-61.0,-450.0,934.0,12:29:43.020916
47.0,-416.0,735.0,12:29:43.031595
66.0,-641.0,1010.0,12:29:43.040936
4.0,-596.0,1102.0,12:29:43.050290
47.0,-435.0,950.0,12:29:43.060759
15.0,-514.0,957.0,12:29:43.070086
100.0,-718.0,1040.0,12:29:43.080516
373.0,-598.0,744.0,12:29:43.089915
-55.0,-586.0,941.0,12:29:43.100348
60.0,-521.0,755.0,12:29:43.109814
-89.0,-675.0,1149.0,12:29:43.120365
5.0,-498.0,996.0,12:29:43.129709
-33.0,-580.0,723.0,12:29:43.139072
44.0,-560.0,829.0,12:29:43.149642
-100.0,-537.0,1233.0,12:29:43.159043
180.0,-483.0,714.0,12:29:43.169529
92.0,-596.0,663.0,12:29:43.178957
58.0,-538.0,896.0,12:29:43.188419
-74.0,-484.0,1101.0,12:29:43.198933
-4.0,-323.0,735.0,12:29:43.208254
-175.0,-363.0,906.0,12:29:43.218879
-206.0,-347.0,927.0,12:29:43.228194
11.0,-693.0,1100.0,12:29:43.237720
-149.0,-455.0,1017.0,12:29:43.248118
172.0,-660.0,863.0,12:29:43.257532
-13.0,-430.0,804.0,12:29:43.267921
-178.0,-512.0,1075.0,12:29:43.277257
24.0,-459.0,828.0,12:29:43.287832
-30.0,-448.0,648.0,12:29:43.299905
-162.0,-453.0,1044.0,12:29:43.307399
-66.0,-542.0,1050.0,12:29:43.316686
39.0,-447.0,686.0,12:29:43.327232
79.0,-499.0,800.0,12:29:43.336618
101.0,-618.0,1051.0,12:29:43.346006
145.0,-479.0,955.0,12:29:43.356591
-76.0,-379.0,897.0,12:29:43.365956
-178.0,-339.0,808.0,12:29:43.376500
174.0,-521.0,998.0,12:29:43.385915
137.0,-522.0,802.0,12:29:43.396308
173.0,-430.0,719.0,12:29:43.405821
-90.0,-470.0,1090.0,12:29:43.415134
-67.0,-495.0,1099.0,12:29:43.425792
-32.0,-328.0,986.0,12:29:43.435074
55.0,-526.0,863.0,12:29:43.444609
-4.0,-568.0,939.0,12:29:43.455054
-94.0,-522.0,891.0,12:29:43.464545
-193.0,-343.0,1081.0,12:29:43.474962
-26.0,-551.0,1019.0,12:29:43.484312
156.0,-517.0,780.0,12:29:43.494778
27.0,-300.0,1132.0,12:29:43.504183
-57.0,-440.0,910.0,12:29:43.513637
108.0,-591.0,865.0,12:29:43.524140
97.0,-485.0,1005.0,12:29:43.533496
-49.0,-528.0,1113.0,12:29:43.543968
83.0,-603.0,836.0,12:29:43.553498
81.0,-749.0,860.0,12:29:43.562777
67.0,-499.0,1072.0,12:29:43.573390
26.0,-384.0,706.0,12:29:43.582682
156.0,-455.0,734.0,12:29:43.593139
-162.0,-444.0,893.0,12:29:43.602439
-18.0,-574.0,757.0,12:29:43.613045
-74.0,-445.0,878.0,12:29:43.622403
28.0,-417.0,1010.0,12:29:43.631766
-27.0,-453.0,904.0,12:29:43.642226
130.0,-481.0,859.0,12:29:43.651654
54.0,-645.0,1015.0,12:29:43.662188
112.0,-544.0,917.0,12:29:43.671579
16.0,-422.0,894.0,12:29:43.682096
134.0,-502.0,955.0,12:29:43.691477
147.0,-437.0,895.0,12:29:43.700729
-25.0,-651.0,941.0,12:29:43.711245
192.0,-551.0,746.0,12:29:43.720543
4.0,-291.0,784.0,12:29:43.731179
138.0,-464.0,1080.0,12:29:43.740531
-26.0,-636.0,931.0,12:29:43.751122
125.0,-534.0,805.0,12:29:43.760391
86.0,-280.0,1046.0,12:29:43.769775
-38.0,-590.0,1025.0,12:29:43.780175
177.0,-500.0,685.0,12:29:43.789537
-63.0,-371.0,944.0,12:29:43.800121
-28.0,-518.0,1124.0,12:29:43.809612
149.0,-562.0,1025.0,12:29:43.820088
-28.0,-328.0,723.0,12:29:43.829487
-32.0,-560.0,1102.0,12:29:43.838877
125.0,-667.0,1076.0,12:29:43.849403
113.0,-598.0,833.0,12:29:43.858849
208.0,-565.0,775.0,12:29:43.869259
12.0,-554.0,1089.0,12:29:43.878584
3.0,-517.0,985.0,12:29:43.889044
-89.0,-536.0,827.0,12:29:43.898366
-73.0,-376.0,864.0,12:29:43.907784
17.0,-546.0,871.0,12:29:43.927391
38.0,-460.0,911.0,12:29:43.937843
-86.0,-527.0,994.0,12:29:43.947176
166.0,-499.0,974.0,12:29:43.957819
-54.0,-473.0,980.0,12:29:43.967207
31.0,-624.0,941.0,12:29:43.977816
52.0,-509.0,954.0,12:29:43.987174
75.0,-502.0,807.0,12:29:43.996581
121.0,-473.0,936.0,12:29:44.007016
9.0,-454.0,1018.0,12:29:44.016319
204.0,-399.0,762.0,12:29:44.026873
-69.0,-410.0,882.0,12:29:44.036305
-14.0,-556.0,1161.0,12:29:44.046809
87.0,-520.0,869.0,12:29:44.056213
126.0,-540.0,779.0,12:29:44.065647
44.0,-518.0,1004.0,12:29:44.076227
-57.0,-428.0,1068.0,12:29:44.085604
6.0,-430.0,836.0,12:29:44.097242
24.0,-419.0,951.0,12:29:44.105278
-158.0,-425.0,996.0,12:29:44.115693
99.0,-604.0,761.0,12:29:44.125185
57.0,-518.0,837.0,12:29:44.134594
-85.0,-425.0,1415.0,12:29:44.145103
65.0,-394.0,879.0,12:29:44.154515
-7.0,-516.0,496.0,12:29:44.165037
46.0,-494.0,928.0,12:29:44.174477
64.0,-522.0,1150.0,12:29:44.183840
-40.0,-439.0,893.0,12:29:44.194347
112.0,-397.0,659.0,12:29:44.203732
-54.0,-362.0,886.0,12:29:44.214150
26.0,-560.0,1147.0,12:29:44.223658
95.0,-485.0,884.0,12:29:44.233061
74.0,-436.0,876.0,12:29:44.243530
-12.0,-507.0,1179.0,12:29:44.252841
12.0,-644.0,993.0,12:29:44.263393
-76.0,-570.0,833.0,12:29:44.272735
71.0,-421.0,758.0,12:29:44.283319
60.0,-537.0,1225.0,12:29:44.292638
-17.0,-546.0,853.0,12:29:44.301993
197.0,-665.0,648.0,12:29:44.312545
-87.0,-483.0,1066.0,12:29:44.321806
139.0,-345.0,765.0,12:29:44.332318
-142.0,-386.0,923.0,12:29:44.341583
-44.0,-467.0,1050.0,12:29:44.352152
77.0,-428.0,742.0,12:29:44.361414
42.0,-360.0,792.0,12:29:44.371888
78.0,-570.0,1398.0,12:29:44.381228
88.0,-524.0,1073.0,12:29:44.391811
31.0,-510.0,563.0,12:29:44.401185
103.0,-481.0,816.0,12:29:44.410596
-77.0,-635.0,1304.0,12:29:44.421068
83.0,-533.0,691.0,12:29:44.430430
22.0,-472.0,380.0,12:29:44.440874
-34.0,-426.0,1094.0,12:29:44.450218
-4.0,-681.0,1217.0,12:29:44.460647
132.0,-381.0,338.0,12:29:44.470115
-28.0,-347.0,980.0,12:29:44.479430
26.0,-566.0,1419.0,12:29:44.489995
151.0,-562.0,844.0,12:29:44.503599
-21.0,-400.0,794.0,12:29:44.509753
86.0,-397.0,944.0,12:29:44.519115
-73.0,-520.0,1298.0,12:29:44.529643
69.0,-643.0,953.0,12:29:44.539077
100.0,-552.0,484.0,12:29:44.548437
74.0,-547.0,936.0,12:29:44.558888
-148.0,-524.0,1123.0,12:29:44.568231
5.0,-568.0,638.0,12:29:44.578785
-62.0,-274.0,868.0,12:29:44.588158
-67.0,-457.0,906.0,12:29:44.597613
156.0,-458.0,915.0,12:29:44.608128
31.0,-442.0,906.0,12:29:44.617391
93.0,-431.0,988.0,12:29:44.627900
85.0,-347.0,1001.0,12:29:44.637187
-83.0,-599.0,896.0,12:29:44.647789
160.0,-617.0,971.0,12:29:44.657104
8.0,-449.0,865.0,12:29:44.667714
10.0,-589.0,783.0,12:29:44.677077
235.0,-520.0,861.0,12:29:44.686483
-26.0,-579.0,1080.0,12:29:44.696929
-52.0,-600.0,718.0,12:29:44.706450
105.0,-675.0,866.0,12:29:44.716875
13.0,-349.0,1182.0,12:29:44.726225
87.0,-477.0,916.0,12:29:44.735690
-18.0,-509.0,754.0,12:29:44.746248
-110.0,-435.0,1110.0,12:29:44.755701
-3.0,-406.0,957.0,12:29:44.766124
-34.0,-237.0,656.0,12:29:44.775552
-16.0,-449.0,1030.0,12:29:44.785998
18.0,-602.0,1161.0,12:29:44.795345
119.0,-473.0,819.0,12:29:44.804591
-69.0,-499.0,782.0,12:29:44.815126
148.0,-565.0,1265.0,12:29:44.824580
-91.0,-529.0,1081.0,12:29:44.835190
114.0,-448.0,414.0,12:29:44.844499
111.0,-517.0,906.0,12:29:44.853892
-30.0,-458.0,988.0,12:29:44.864260
13.0,-480.0,771.0,12:29:44.873608
68.0,-354.0,999.0,12:29:44.884033
61.0,-540.0,1086.0,12:29:44.893569
79.0,-475.0,667.0,12:29:44.904054
58.0,-540.0,948.0,12:29:44.913485
89.0,-676.0,1088.0,12:29:44.923903
37.0,-466.0,810.0,12:29:44.933372
96.0,-350.0,788.0,12:29:44.942601
47.0,-383.0,772.0,12:29:44.953113
34.0,-685.0,1128.0,12:29:44.962364
-71.0,-514.0,829.0,12:29:44.972976
-69.0,-475.0,691.0,12:29:44.982411
-154.0,-564.0,1268.0,12:29:44.991897
20.0,-639.0,1278.0,12:29:45.002466
-153.0,-451.0,691.0,12:29:45.011848
21.0,-294.0,625.0,12:29:45.022336
20.0,-585.0,1172.0,12:29:45.031720
-140.0,-513.0,1050.0,12:29:45.041174
100.0,-530.0,819.0,12:29:45.051686
-82.0,-547.0,927.0,12:29:45.061070
98.0,-680.0,1287.0,12:29:45.071499
156.0,-556.0,679.0,12:29:45.080863
3.0,-308.0,776.0,12:29:45.091388
102.0,-411.0,1019.0,12:29:45.100712
5.0,-473.0,912.0,12:29:45.111188
55.0,-358.0,666.0,12:29:45.120695
-79.0,-419.0,910.0,12:29:45.130065
93.0,-533.0,1138.0,12:29:45.140539
202.0,-593.0,721.0,12:29:45.149951
11.0,-281.0,775.0,12:29:45.160540
-70.0,-375.0,1069.0,12:29:45.169882
163.0,-519.0,973.0,12:29:45.179224
77.0,-528.0,1034.0,12:29:45.189644
48.0,-339.0,741.0,12:29:45.199016
91.0,-486.0,930.0,12:29:45.209398
230.0,-558.0,1122.0,12:29:45.218864
-4.0,-632.0,1163.0,12:29:45.229293
42.0,-573.0,699.0,12:29:45.238769
-47.0,-558.0,872.0,12:29:45.249253
96.0,-553.0,1267.0,12:29:45.258632
-75.0,-491.0,863.0,12:29:45.267943
133.0,-518.0,630.0,12:29:45.278469
127.0,-442.0,845.0,12:29:45.287829
34.0,-473.0,1002.0,12:29:45.305850
18.0,-599.0,984.0,12:29:45.309059
117.0,-639.0,837.0,12:29:45.317237
140.0,-464.0,920.0,12:29:45.327839
-45.0,-365.0,1064.0,12:29:45.337117
12.0,-487.0,929.0,12:29:45.347787
200.0,-500.0,738.0,12:29:45.357069
-30.0,-426.0,1065.0,12:29:45.366552
29.0,-459.0,891.0,12:29:45.377005
105.0,-555.0,810.0,12:29:45.386501
-33.0,-498.0,971.0,12:29:45.396980
-16.0,-495.0,1235.0,12:29:45.406455
142.0,-610.0,827.0,12:29:45.415814
-23.0,-353.0,1040.0,12:29:45.426290
18.0,-493.0,1043.0,12:29:45.435749
81.0,-654.0,823.0,12:29:45.445265
73.0,-547.0,1020.0,12:29:45.464937
-26.0,-431.0,818.0,12:29:45.475401
-16.0,-449.0,766.0,12:29:45.484816
65.0,-606.0,922.0,12:29:45.495227
73.0,-476.0,775.0,12:29:45.504616
-59.0,-548.0,1005.0,12:29:45.515154
163.0,-488.0,911.0,12:29:45.524639
-23.0,-443.0,829.0,12:29:45.533975
73.0,-446.0,797.0,12:29:45.544600
7.0,-473.0,1015.0,12:29:45.553909
-72.0,-436.0,1022.0,12:29:45.564540
50.0,-536.0,868.0,12:29:45.573908
117.0,-432.0,714.0,12:29:45.593617
8.0,-403.0,921.0,12:29:45.603052
1.0,-527.0,1039.0,12:29:45.613539
113.0,-485.0,962.0,12:29:45.622845
136.0,-495.0,825.0,12:29:45.633554
130.0,-407.0,1075.0,12:29:45.643182
86.0,-533.0,1119.0,12:29:45.652467
64.0,-532.0,897.0,12:29:45.663010
30.0,-424.0,909.0,12:29:45.672417
9.0,-534.0,1160.0,12:29:45.681803
40.0,-654.0,872.0,12:29:45.692264
11.0,-490.0,666.0,12:29:45.707190
-16.0,-577.0,1063.0,12:29:45.711400
17.0,-469.0,971.0,12:29:45.721817
-81.0,-463.0,851.0,12:29:45.731323
51.0,-423.0,809.0,12:29:45.741769
76.0,-517.0,945.0,12:29:45.751171
104.0,-512.0,894.0,12:29:45.761587
124.0,-423.0,786.0,12:29:45.770961
-69.0,-470.0,995.0,12:29:45.781394
64.0,-558.0,1108.0,12:29:45.790803
47.0,-382.0,933.0,12:29:45.800107
89.0,-347.0,708.0,12:29:45.810707
194.0,-483.0,927.0,12:29:45.820081
-64.0,-493.0,1205.0,12:29:45.830557
-86.0,-523.0,1124.0,12:29:45.840059
214.0,-570.0,694.0,12:29:45.849428
88.0,-412.0,949.0,12:29:45.859970
116.0,-625.0,1025.0,12:29:45.869292
18.0,-596.0,825.0,12:29:45.879757
118.0,-430.0,688.0,12:29:45.889094
56.0,-451.0,976.0,12:29:45.899657
64.0,-389.0,996.0,12:29:45.909058
-83.0,-392.0,878.0,12:29:45.918412
-102.0,-393.0,806.0,12:29:45.928917
-10.0,-512.0,1294.0,12:29:45.938358
133.0,-596.0,960.0,12:29:45.948881
50.0,-585.0,562.0,12:29:45.958319
145.0,-500.0,1007.0,12:29:45.967726
153.0,-472.0,1115.0,12:29:45.978192
21.0,-547.0,894.0,12:29:45.987631
33.0,-502.0,693.0,12:29:45.998171
54.0,-504.0,994.0,12:29:46.007464
-102.0,-546.0,1145.0,12:29:46.017939
70.0,-491.0,663.0,12:29:46.027234
-4.0,-418.0,978.0,12:29:46.036688
18.0,-596.0,1289.0,12:29:46.047179
57.0,-456.0,663.0,12:29:46.056672
161.0,-404.0,776.0,12:29:46.067071
-123.0,-642.0,1186.0,12:29:46.076553
143.0,-496.0,964.0,12:29:46.086978
80.0,-516.0,694.0,12:29:46.096352
-45.0,-434.0,1209.0,12:29:46.105734
1.0,-425.0,873.0,12:29:46.116504
54.0,-369.0,693.0,12:29:46.125730
-32.0,-402.0,738.0,12:29:46.136229
41.0,-622.0,1108.0,12:29:46.145597
10.0,-414.0,921.0,12:29:46.155029
73.0,-311.0,719.0,12:29:46.165571
-27.0,-474.0,1103.0,12:29:46.174925
162.0,-604.0,1167.0,12:29:46.185348
27.0,-520.0,1061.0,12:29:46.194708
214.0,-431.0,659.0,12:29:46.205087
-104.0,-470.0,1102.0,12:29:46.214531
255.0,-589.0,958.0,12:29:46.224951
59.0,-636.0,712.0,12:29:46.234351
51.0,-373.0,692.0,12:29:46.243627
-47.0,-400.0,978.0,12:29:46.254157
-17.0,-516.0,1109.0,12:29:46.263510
-32.0,-495.0,915.0,12:29:46.274140
59.0,-715.0,1020.0,12:29:46.283480
163.0,-611.0,878.0,12:29:46.293919
186.0,-326.0,879.0,12:29:46.303214
-37.0,-400.0,1262.0,12:29:46.312639
129.0,-505.0,452.0,12:29:46.323087
80.0,-487.0,722.0,12:29:46.332489
-89.0,-486.0,1423.0,12:29:46.342951
193.0,-604.0,1040.0,12:29:46.352404
-165.0,-358.0,676.0,12:29:46.362894
157.0,-564.0,1099.0,12:29:46.372432
14.0,-540.0,943.0,12:29:46.381752
145.0,-399.0,636.0,12:29:46.392267
101.0,-703.0,1006.0,12:29:46.401682
-188.0,-525.0,914.0,12:29:46.411144
-39.0,-181.0,590.0,12:29:46.421669
23.0,-524.0,911.0,12:29:46.431126
88.0,-752.0,1432.0,12:29:46.441636
131.0,-420.0,908.0,12:29:46.451079
-100.0,-387.0,409.0,12:29:46.460450
21.0,-535.0,1265.0,12:29:46.470910
28.0,-430.0,1297.0,12:29:46.480203
94.0,-598.0,769.0,12:29:46.490566
172.0,-426.0,357.0,12:29:46.503488
103.0,-436.0,914.0,12:29:46.511415
-49.0,-454.0,1319.0,12:29:46.519576
90.0,-556.0,961.0,12:29:46.530103
-4.0,-444.0,535.0,12:29:46.539446
129.0,-413.0,1012.0,12:29:46.550064
-99.0,-542.0,1241.0,12:29:46.559416
241.0,-505.0,743.0,12:29:46.568915
46.0,-576.0,1138.0,12:29:46.579297
-5.0,-500.0,1007.0,12:29:46.588813
-85.0,-370.0,630.0,12:29:46.599179
-2.0,-419.0,1477.0,12:29:46.617853
202.0,-469.0,797.0,12:29:46.628390
-231.0,-429.0,745.0,12:29:46.638858
53.0,-327.0,970.0,12:29:46.648275
100.0,-524.0,1277.0,12:29:46.657638
164.0,-409.0,676.0,12:29:46.668165
-23.0,-641.0,807.0,12:29:46.677398
-6.0,-490.0,1225.0,12:29:46.687864
-44.0,-564.0,1222.0,12:29:46.697205
158.0,-567.0,729.0,12:29:46.707767
63.0,-506.0,481.0,12:29:46.717053
65.0,-616.0,1231.0,12:29:46.726559
132.0,-286.0,1077.0,12:29:46.736945
63.0,-490.0,713.0,12:29:46.746448
33.0,-304.0,489.0,12:29:46.756877
-31.0,-603.0,995.0,12:29:46.766294
-153.0,-476.0,1039.0,12:29:46.776950
-4.0,-412.0,1148.0,12:29:46.786294
96.0,-500.0,764.0,12:29:46.795695
102.0,-624.0,684.0,12:29:46.806179
122.0,-386.0,1049.0,12:29:46.815594
-117.0,-544.0,998.0,12:29:46.826152
43.0,-430.0,971.0,12:29:46.835493
33.0,-330.0,486.0,12:29:46.844903
83.0,-566.0,1379.0,12:29:46.855496
-21.0,-830.0,1389.0,12:29:46.864796
185.0,-379.0,7.0,12:29:46.875288
100.0,-286.0,911.0,12:29:46.884605
5.0,-668.0,1859.0,12:29:46.893982
64.0,-655.0,1069.0,12:29:46.910854
107.0,-310.0,303.0,12:29:46.914646
-142.0,-449.0,958.0,12:29:46.923949
139.0,-756.0,1561.0,12:29:46.934542
143.0,-578.0,415.0,12:29:46.943935
104.0,-295.0,582.0,12:29:46.953403
-209.0,-390.0,1355.0,12:29:46.963972
-113.0,-366.0,1037.0,12:29:46.973322
29.0,-373.0,667.0,12:29:46.982762
102.0,-641.0,432.0,12:29:46.993223
215.0,-532.0,868.0,12:29:47.002550
101.0,-471.0,1030.0,12:29:47.012949
-47.0,-336.0,887.0,12:29:47.022416
205.0,-460.0,979.0,12:29:47.032955
-95.0,-499.0,1098.0,12:29:47.042380
1.0,-257.0,670.0,12:29:47.052830
-39.0,-371.0,1037.0,12:29:47.062404
125.0,-627.0,1122.0,12:29:47.071683
138.0,-793.0,1592.0,12:29:47.082201
-4.0,-874.0,744.0,12:29:47.091584
308.0,-543.0,326.0,12:29:47.100985
-123.0,-502.0,1605.0,12:29:47.111381
-47.0,-708.0,1283.0,12:29:47.120714
84.0,-619.0,370.0,12:29:47.131247
-177.0,-326.0,721.0,12:29:47.140633
23.0,-604.0,937.0,12:29:47.151233
135.0,-622.0,913.0,12:29:47.160541
-2.0,-342.0,876.0,12:29:47.171095
-73.0,-349.0,680.0,12:29:47.180403
18.0,-231.0,795.0,12:29:47.189727
-157.0,-308.0,1174.0,12:29:47.200126
1.0,-501.0,973.0,12:29:47.209547
204.0,-558.0,769.0,12:29:47.220068
140.0,-481.0,1143.0,12:29:47.229413
115.0,-319.0,1146.0,12:29:47.240002
-85.0,-480.0,651.0,12:29:47.249383
184.0,-579.0,1045.0,12:29:47.258645
-100.0,-665.0,1565.0,12:29:47.269299
197.0,-376.0,321.0,12:29:47.278564
-76.0,-367.0,595.0,12:29:47.289185
-105.0,-484.0,1745.0,12:29:47.298570
190.0,-777.0,1061.0,12:29:47.307923
-10.0,-376.0,-4.0,12:29:47.318432
26.0,-45.0,375.0,12:29:47.327873
347.0,-575.0,1703.0,12:29:47.338293
277.0,-535.0,1176.0,12:29:47.347729
-217.0,-280.0,393.0,12:29:47.358164
190.0,-255.0,748.0,12:29:47.367731
31.0,-501.0,1325.0,12:29:47.377078
177.0,-791.0,863.0,12:29:47.387633
245.0,-657.0,925.0,12:29:47.396962
-82.0,-389.0,1023.0,12:29:47.407480
7.0,-345.0,639.0,12:29:47.416888
-47.0,-466.0,1204.0,12:29:47.426259
2.0,-618.0,788.0,12:29:47.436848
-61.0,-655.0,525.0,12:29:47.446145
-42.0,-350.0,1416.0,12:29:47.456679
311.0,-437.0,1349.0,12:29:47.466059
222.0,-648.0,673.0,12:29:47.475558
50.0,-460.0,890.0,12:29:47.485986
-6.0,-442.0,1390.0,12:29:47.495357
127.0,-515.0,690.0,12:29:47.505802
122.0,-285.0,1018.0,12:29:47.515175
-85.0,-446.0,1096.0,12:29:47.525676
-48.0,-533.0,661.0,12:29:47.535076
120.0,-352.0,1230.0,12:29:47.544533
74.0,-572.0,997.0,12:29:47.555015
241.0,-703.0,454.0,12:29:47.564326
164.0,-602.0,961.0,12:29:47.574757
44.0,-583.0,1311.0,12:29:47.584046
-51.0,-355.0,667.0,12:29:47.594618
-129.0,-167.0,486.0,12:29:47.603929
111.0,-512.0,1053.0,12:29:47.614492
247.0,-535.0,826.0,12:29:47.623904
-48.0,-362.0,310.0,12:29:47.633382
16.0,-119.0,904.0,12:29:47.643868
-158.0,-398.0,1635.0,12:29:47.653206
233.0,-753.0,922.0,12:29:47.663727
250.0,-508.0,257.0,12:29:47.673099
-57.0,-510.0,1643.0,12:29:47.683632
38.0,-507.0,1230.0,12:29:47.692899
155.0,-821.0,692.0,12:29:47.702450
343.0,-673.0,720.0,12:29:47.714290
89.0,-615.0,1109.0,12:29:47.722730
-113.0,-647.0,720.0,12:29:47.732303
-114.0,-290.0,1095.0,12:29:47.741588
23.0,-428.0,892.0,12:29:47.752111
65.0,-415.0,302.0,12:29:47.761353
33.0,-387.0,967.0,12:29:47.771894
4.0,-405.0,1478.0,12:29:47.781206
-81.0,-483.0,1447.0,12:29:47.791736
63.0,-273.0,637.0,12:29:47.801194
135.0,-389.0,686.0,12:29:47.810572
-69.0,-661.0,1394.0,12:29:47.821059
139.0,-805.0,900.0,12:29:47.830449
34.0,-470.0,1235.0,12:29:47.840861
-63.0,-264.0,809.0,12:29:47.850198
142.0,-544.0,697.0,12:29:47.860620
-49.0,-700.0,1203.0,12:29:47.870082
65.0,-535.0,694.0,12:29:47.880553
171.0,-285.0,582.0,12:29:47.890021
-4.0,-312.0,998.0,12:29:47.899426
81.0,-584.0,1089.0,12:29:47.910001
128.0,-736.0,706.0,12:29:47.919304
-30.0,-217.0,750.0,12:29:47.929896
-64.0,-511.0,1547.0,12:29:47.939267
56.0,-594.0,830.0,12:29:47.948626
-20.0,-399.0,355.0,12:29:47.959059
61.0,-398.0,828.0,12:29:47.968341
33.0,-662.0,1327.0,12:29:47.978957
157.0,-543.0,892.0,12:29:47.988299
-36.0,-493.0,840.0,12:29:47.998799
-4.0,-517.0,1090.0,12:29:48.008152
-1.0,-612.0,856.0,12:29:48.018640
184.0,-272.0,268.0,12:29:48.028008
-56.0,-577.0,1546.0,12:29:48.037379
-4.0,-551.0,1436.0,12:29:48.047828
62.0,-522.0,716.0,12:29:48.057263
11.0,-517.0,590.0,12:29:48.067769
127.0,-542.0,1349.0,12:29:48.077218
37.0,-451.0,1038.0,12:29:48.086614
60.0,-523.0,902.0,12:29:48.097290
-15.0,-459.0,895.0,12:29:48.114098
28.0,-437.0,798.0,12:29:48.117888
74.0,-224.0,1066.0,12:29:48.126051
-79.0,-579.0,913.0,12:29:48.136621
114.0,-652.0,647.0,12:29:48.146056
127.0,-431.0,1058.0,12:29:48.156565
-78.0,-564.0,978.0,12:29:48.165972
74.0,-439.0,891.0,12:29:48.175227
94.0,-665.0,981.0,12:29:48.185954
14.0,-547.0,860.0,12:29:48.195211
10.0,-334.0,1012.0,12:29:48.205867
1.0,-215.0,706.0,12:29:48.215204
-19.0,-302.0,875.0,12:29:48.224666
108.0,-429.0,781.0,12:29:48.235137
10.0,-517.0,906.0,12:29:48.244570
38.0,-523.0,1244.0,12:29:48.255004
37.0,-478.0,576.0,12:29:48.264384
-7.0,-520.0,919.0,12:29:48.274784
-26.0,-750.0,1397.0,12:29:48.284234
134.0,-348.0,709.0,12:29:48.293600
50.0,-438.0,732.0,12:29:48.304124
-116.0,-519.0,1357.0,12:29:48.313573
74.0,-670.0,920.0,12:29:48.324033
80.0,-367.0,536.0,12:29:48.333466
59.0,-468.0,856.0,12:29:48.342959
-43.0,-561.0,1219.0,12:29:48.353477
69.0,-488.0,698.0,12:29:48.362828
40.0,-531.0,961.0,12:29:48.373253
-51.0,-499.0,1066.0,12:29:48.382580
71.0,-464.0,882.0,12:29:48.393005
25.0,-458.0,678.0,12:29:48.402327
116.0,-566.0,1340.0,12:29:48.412814
-40.0,-377.0,1029.0,12:29:48.422275
99.0,-469.0,530.0,12:29:48.431587
14.0,-378.0,1115.0,12:29:48.442092
-16.0,-332.0,1287.0,12:29:48.451530
78.0,-593.0,935.0,12:29:48.461938
229.0,-565.0,441.0,12:29:48.471303
14.0,-390.0,1216.0,12:29:48.481708
13.0,-523.0,1369.0,12:29:48.491167
53.0,-720.0,645.0,12:29:48.500412
85.0,-501.0,552.0,12:29:48.510962
-134.0,-408.0,1155.0,12:29:48.520247
95.0,-484.0,871.0,12:29:48.530841
32.0,-362.0,471.0,12:29:48.540184
-82.0,-404.0,1291.0,12:29:48.550759
110.0,-357.0,1058.0,12:29:48.560042
-64.0,-408.0,695.0,12:29:48.569457
28.0,-526.0,1068.0,12:29:48.579924
-9.0,-549.0,1271.0,12:29:48.589278
132.0,-609.0,641.0,12:29:48.599701
33.0,-467.0,791.0,12:29:48.609123
-79.0,-632.0,661.0,12:29:48.619524
271.0,-581.0,1041.0,12:29:48.629073
-36.0,-440.0,914.0,12:29:48.638450
18.0,-468.0,649.0,12:29:48.649086
-147.0,-312.0,931.0,12:29:48.658437
149.0,-463.0,1264.0,12:29:48.668938
58.0,-530.0,768.0,12:29:48.678327
90.0,-462.0,937.0,12:29:48.687797
65.0,-502.0,1392.0,12:29:48.698282
-14.0,-632.0,941.0,12:29:48.707678
3.0,-526.0,598.0,12:29:48.718108
165.0,-615.0,882.0,12:29:48.727661
-64.0,-502.0,1119.0,12:29:48.736983
-67.0,-492.0,924.0,12:29:48.747445
-111.0,-258.0,739.0,12:29:48.756833
49.0,-570.0,1058.0,12:29:48.767309
-7.0,-679.0,1137.0,12:29:48.776672
161.0,-479.0,679.0,12:29:48.787175
30.0,-391.0,905.0,12:29:48.796689
6.0,-532.0,1061.0,12:29:48.806013
178.0,-479.0,674.0,12:29:48.816502
-52.0,-301.0,907.0,12:29:48.825805
95.0,-434.0,816.0,12:29:48.836307
-88.0,-408.0,844.0,12:29:48.845690
-13.0,-422.0,1143.0,12:29:48.856285
120.0,-598.0,954.0,12:29:48.865686
14.0,-567.0,1002.0,12:29:48.875030
180.0,-387.0,979.0,12:29:48.885455
36.0,-553.0,1117.0,12:29:48.894736
88.0,-515.0,769.0,12:29:48.905124
-171.0,-651.0,877.0,12:29:48.915495
191.0,-734.0,753.0,12:29:48.924983
221.0,-646.0,1070.0,12:29:48.934284
94.0,-318.0,1068.0,12:29:48.944758
-76.0,-280.0,727.0,12:29:48.954080
-213.0,-331.0,1003.0,12:29:48.963688
95.0,-574.0,931.0,12:29:48.974147
103.0,-485.0,829.0,12:29:48.983508
42.0,-460.0,987.0,12:29:48.993950
26.0,-536.0,1189.0,12:29:49.003374
22.0,-530.0,908.0,12:29:49.013794
103.0,-434.0,742.0,12:29:49.023175
49.0,-470.0,1009.0,12:29:49.033601
3.0,-433.0,1003.0,12:29:49.043034
29.0,-568.0,880.0,12:29:49.052408
-11.0,-491.0,823.0,12:29:49.062881
-4.0,-575.0,958.0,12:29:49.072349
124.0,-435.0,887.0,12:29:49.082950
9.0,-358.0,796.0,12:29:49.092415
-44.0,-466.0,1157.0,12:29:49.101798
56.0,-546.0,715.0,12:29:49.112440
6.0,-489.0,962.0,12:29:49.121837
-89.0,-484.0,1173.0,12:29:49.131213
-22.0,-571.0,1028.0,12:29:49.141726
186.0,-421.0,736.0,12:29:49.151415
-143.0,-543.0,946.0,12:29:49.160799
17.0,-614.0,1093.0,12:29:49.171255
51.0,-466.0,898.0,12:29:49.180521
100.0,-514.0,742.0,12:29:49.191184
61.0,-467.0,891.0,12:29:49.200481
76.0,-606.0,868.0,12:29:49.210988
-3.0,-571.0,712.0,12:29:49.220342
89.0,-359.0,802.0,12:29:49.229753
-42.0,-407.0,1173.0,12:29:49.240192
105.0,-600.0,1003.0,12:29:49.249590
-56.0,-346.0,794.0,12:29:49.260093
-180.0,-466.0,1058.0,12:29:49.269495
-87.0,-561.0,1002.0,12:29:49.280000
13.0,-534.0,899.0,12:29:49.289433
47.0,-509.0,841.0,12:29:49.298829
78.0,-620.0,906.0,12:29:49.317200
-54.0,-457.0,874.0,12:29:49.319847
39.0,-341.0,844.0,12:29:49.329195
-153.0,-485.0,1047.0,12:29:49.338609
28.0,-434.0,933.0,12:29:49.348015
-77.0,-433.0,769.0,12:29:49.358518
44.0,-505.0,959.0,12:29:49.367851
62.0,-619.0,1205.0,12:29:49.378256
66.0,-395.0,849.0,12:29:49.387683
-23.0,-443.0,914.0,12:29:49.398072
17.0,-497.0,946.0,12:29:49.407460
117.0,-618.0,945.0,12:29:49.417856
-34.0,-405.0,793.0,12:29:49.427238
-111.0,-468.0,710.0,12:29:49.437805
-29.0,-506.0,990.0,12:29:49.447265
54.0,-544.0,1016.0,12:29:49.456660
52.0,-599.0,913.0,12:29:49.467270
136.0,-430.0,786.0,12:29:49.476655
4.0,-332.0,712.0,12:29:49.485965
-37.0,-372.0,968.0,12:29:49.496593
-26.0,-568.0,1156.0,12:29:49.505981
127.0,-344.0,700.0,12:29:49.516644
-8.0,-255.0,755.0,12:29:49.525885
4.0,-558.0,1509.0,12:29:49.535310
61.0,-556.0,1024.0,12:29:49.545743
49.0,-530.0,827.0,12:29:49.555203
143.0,-571.0,915.0,12:29:49.565758
89.0,-615.0,1055.0,12:29:49.575250
12.0,-528.0,1016.0,12:29:49.584601
-17.0,-478.0,644.0,12:29:49.595095
-11.0,-616.0,822.0,12:29:49.604550
138.0,-576.0,1034.0,12:29:49.614034
-28.0,-429.0,871.0,12:29:49.624610
36.0,-416.0,948.0,12:29:49.633930
53.0,-413.0,951.0,12:29:49.644412
50.0,-442.0,865.0,12:29:49.653713
-28.0,-432.0,992.0,12:29:49.664246
3.0,-467.0,1056.0,12:29:49.673600
180.0,-490.0,747.0,12:29:49.684139
141.0,-375.0,869.0,12:29:49.693519
-36.0,-415.0,1129.0,12:29:49.702891
59.0,-550.0,944.0,12:29:49.713409
92.0,-514.0,713.0,12:29:49.722788
2.0,-452.0,1027.0,12:29:49.733196
1.0,-575.0,763.0,12:29:49.742537
93.0,-487.0,882.0,12:29:49.752956
-16.0,-519.0,1158.0,12:29:49.762446
-45.0,-497.0,648.0,12:29:49.771837
-16.0,-230.0,801.0,12:29:49.782310
-9.0,-518.0,1022.0,12:29:49.791651
49.0,-566.0,986.0,12:29:49.802323
89.0,-530.0,899.0,12:29:49.811637
-178.0,-547.0,1078.0,12:29:49.820992
33.0,-628.0,1170.0,12:29:49.831616
18.0,-588.0,856.0,12:29:49.840918
122.0,-533.0,792.0,12:29:49.851359
-76.0,-475.0,1060.0,12:29:49.860629
113.0,-589.0,987.0,12:29:49.871254
-30.0,-645.0,801.0,12:29:49.880501
48.0,-611.0,693.0,12:29:49.891116
5.0,-458.0,906.0,12:29:49.900462
165.0,-435.0,872.0,12:29:49.920097
-53.0,-271.0,1113.0,12:29:49.929570
99.0,-498.0,758.0,12:29:49.940094
133.0,-445.0,894.0,12:29:49.949456
-11.0,-287.0,872.0,12:29:49.959974
-50.0,-372.0,1211.0,12:29:49.969318
40.0,-539.0,1099.0,12:29:49.979781
105.0,-517.0,737.0,12:29:49.989246
166.0,-536.0,944.0,12:29:49.998498
41.0,-565.0,1156.0,12:29:50.009036
39.0,-530.0,994.0,12:29:50.018453
-26.0,-517.0,653.0,12:29:50.029044
58.0,-469.0,997.0,12:29:50.038360
37.0,-493.0,1016.0,12:29:50.047769
62.0,-506.0,774.0,12:29:50.058333
21.0,-471.0,941.0,12:29:50.067761
119.0,-529.0,856.0,12:29:50.078290
116.0,-516.0,985.0,12:29:50.087556
61.0,-554.0,876.0,12:29:50.098115
73.0,-316.0,682.0,12:29:50.107419
-129.0,-311.0,1142.0,12:29:50.119288
-47.0,-504.0,1071.0,12:29:50.126897
190.0,-536.0,637.0,12:29:50.137347
45.0,-474.0,1032.0,12:29:50.146811
27.0,-629.0,1389.0,12:29:50.156098
106.0,-574.0,745.0,12:29:50.166682
63.0,-459.0,603.0,12:29:50.175976
36.0,-438.0,1085.0,12:29:50.186742
48.0,-616.0,1030.0,12:29:50.196057
47.0,-399.0,746.0,12:29:50.205437
42.0,-226.0,841.0,12:29:50.215835
-53.0,-517.0,1260.0,12:29:50.225254
131.0,-447.0,997.0,12:29:50.235696
-26.0,-324.0,625.0,12:29:50.245035
12.0,-419.0,1182.0,12:29:50.255694
43.0,-626.0,762.0,12:29:50.274131
-86.0,-459.0,828.0,12:29:50.284679
86.0,-566.0,962.0,12:29:50.295200
209.0,-432.0,978.0,12:29:50.304687
66.0,-482.0,1039.0,12:29:50.313960
48.0,-475.0,664.0,12:29:50.324455
139.0,-463.0,843.0,12:29:50.333845
92.0,-508.0,1066.0,12:29:50.344348
-48.0,-574.0,952.0,12:29:50.353770
192.0,-565.0,629.0,12:29:50.363121
20.0,-522.0,915.0,12:29:50.373684
38.0,-453.0,991.0,12:29:50.382928
-11.0,-566.0,1025.0,12:29:50.393499
-14.0,-494.0,699.0,12:29:50.402811
30.0,-445.0,901.0,12:29:50.413494
-27.0,-350.0,1063.0,12:29:50.422714
168.0,-636.0,928.0,12:29:50.432171
3.0,-514.0,881.0,12:29:50.442649
-34.0,-434.0,918.0,12:29:50.452031
267.0,-588.0,1008.0,12:29:50.462636
40.0,-448.0,757.0,12:29:50.472027
104.0,-417.0,1024.0,12:29:50.482520
66.0,-451.0,974.0,12:29:50.491955
114.0,-496.0,761.0,12:29:50.501281
38.0,-437.0,854.0,12:29:50.519137
-142.0,-421.0,1063.0,12:29:50.523095
184.0,-549.0,870.0,12:29:50.531295
48.0,-425.0,955.0,12:29:50.540671
91.0,-392.0,1095.0,12:29:50.551187
69.0,-422.0,918.0,12:29:50.560543
13.0,-575.0,883.0,12:29:50.570095
266.0,-654.0,959.0,12:29:50.580591
1.0,-577.0,1083.0,12:29:50.590005
35.0,-544.0,990.0,12:29:50.600465
129.0,-411.0,635.0,12:29:50.609804
-82.0,-527.0,1027.0,12:29:50.620317
-1.0,-473.0,1222.0,12:29:50.629684
29.0,-558.0,784.0,12:29:50.639078
137.0,-843.0,884.0,12:29:50.649504
94.0,-386.0,861.0,12:29:50.658946
188.0,-376.0,729.0,12:29:50.669339
196.0,-618.0,1031.0,12:29:50.678650
48.0,-526.0,843.0,12:29:50.689035
-58.0,-328.0,552.0,12:29:50.698494
-51.0,-418.0,907.0,12:29:50.708975
37.0,-492.0,1106.0,12:29:50.718255
94.0,-562.0,865.0,12:29:50.727774
82.0,-558.0,799.0,12:29:50.738248
-29.0,-380.0,933.0,12:29:50.747559
-119.0,-544.0,1119.0,12:29:50.758013
-5.0,-492.0,902.0,12:29:50.777702
-49.0,-366.0,919.0,12:29:50.787084
48.0,-599.0,1135.0,12:29:50.797709
36.0,-497.0,1045.0,12:29:50.807095
42.0,-570.0,828.0,12:29:50.816612
107.0,-488.0,961.0,12:29:50.827024
-37.0,-327.0,989.0,12:29:50.836303
27.0,-502.0,983.0,12:29:50.846862
-20.0,-457.0,854.0,12:29:50.856334
-61.0,-541.0,860.0,12:29:50.866893
79.0,-535.0,836.0,12:29:50.876196
-23.0,-318.0,719.0,12:29:50.895930
38.0,-502.0,1152.0,12:29:50.905212
19.0,-431.0,1084.0,12:29:50.915747
129.0,-402.0,413.0,12:29:50.925126
102.0,-478.0,839.0,12:29:50.935809
-78.0,-376.0,1371.0,12:29:50.945169
60.0,-541.0,1065.0,12:29:50.954665
-56.0,-444.0,635.0,12:29:50.965107
15.0,-551.0,1089.0,12:29:50.974577
59.0,-715.0,963.0,12:29:50.985049
108.0,-697.0,873.0,12:29:50.994532
-31.0,-460.0,1058.0,12:29:51.003849
-111.0,-463.0,1050.0,12:29:51.014422
43.0,-537.0,901.0,12:29:51.023783
-52.0,-594.0,939.0,12:29:51.034240
206.0,-339.0,697.0,12:29:51.043563
-59.0,-501.0,1216.0,12:29:51.054055
8.0,-638.0,1074.0,12:29:51.063537
219.0,-476.0,637.0,12:29:51.072936
-19.0,-467.0,806.0,12:29:51.083461
48.0,-559.0,1013.0,12:29:51.092900
99.0,-482.0,950.0,12:29:51.102268
-109.0,-395.0,868.0,12:29:51.112882
116.0,-411.0,846.0,12:29:51.122229
26.0,-401.0,914.0,12:29:51.132743
78.0,-525.0,739.0,12:29:51.141979
85.0,-488.0,935.0,12:29:51.152448
24.0,-494.0,1244.0,12:29:51.161705
61.0,-578.0,838.0,12:29:51.171252
119.0,-490.0,746.0,12:29:51.181712
25.0,-582.0,936.0,12:29:51.191156
88.0,-485.0,970.0,12:29:51.201597
-8.0,-445.0,897.0,12:29:51.210949
4.0,-514.0,946.0,12:29:51.221373
74.0,-539.0,853.0,12:29:51.230712
63.0,-424.0,792.0,12:29:51.241214
-43.0,-561.0,1122.0,12:29:51.250675
2.0,-609.0,938.0,12:29:51.260008
150.0,-558.0,739.0,12:29:51.270614
-104.0,-510.0,985.0,12:29:51.279943
-115.0,-487.0,946.0,12:29:51.290626
-1.0,-575.0,941.0,12:29:51.300031
38.0,-577.0,828.0,12:29:51.309382
173.0,-629.0,1047.0,12:29:51.325198
3.0,-643.0,691.0,12:29:51.329003
233.0,-576.0,810.0,12:29:51.339531
-49.0,-372.0,866.0,12:29:51.348910
53.0,-340.0,917.0,12:29:51.359501
-105.0,-273.0,851.0,12:29:51.368975
22.0,-398.0,815.0,12:29:51.378470
69.0,-517.0,1108.0,12:29:51.389028
104.0,-504.0,894.0,12:29:51.398355
-79.0,-311.0,909.0,12:29:51.407792
81.0,-515.0,1234.0,12:29:51.418427
29.0,-494.0,1116.0,12:29:51.427772
39.0,-433.0,782.0,12:29:51.438333
175.0,-527.0,949.0,12:29:51.447772
-31.0,-458.0,984.0,12:29:51.457192
-33.0,-575.0,883.0,12:29:51.467709
124.0,-587.0,712.0,12:29:51.477101
29.0,-603.0,1058.0,12:29:51.487508
9.0,-592.0,957.0,12:29:51.496884
16.0,-489.0,745.0,12:29:51.507344
187.0,-524.0,829.0,12:29:51.516794
-31.0,-408.0,1025.0,12:29:51.536514
119.0,-390.0,717.0,12:29:51.545895
-18.0,-420.0,981.0,12:29:51.556567
15.0,-440.0,1048.0,12:29:51.566014
159.0,-526.0,979.0,12:29:51.575425
-31.0,-490.0,792.0,12:29:51.585846
191.0,-441.0,889.0,12:29:51.595234
-164.0,-378.0,1039.0,12:29:51.605762
40.0,-554.0,1027.0,12:29:51.615224
-2.0,-450.0,831.0,12:29:51.625742
106.0,-567.0,980.0,12:29:51.635612
0.0,-646.0,912.0,12:29:51.644918
113.0,-621.0,849.0,12:29:51.654395
20.0,-447.0,931.0,12:29:51.664886
-18.0,-502.0,997.0,12:29:51.674217
-19.0,-357.0,895.0,12:29:51.684689
17.0,-371.0,653.0,12:29:51.694054
-63.0,-368.0,897.0,12:29:51.704549
20.0,-436.0,1232.0,12:29:51.713913
34.0,-514.0,873.0,12:29:51.726208
100.0,-558.0,908.0,12:29:51.733343
-2.0,-483.0,984.0,12:29:51.743955
22.0,-525.0,1058.0,12:29:51.753292
90.0,-637.0,937.0,12:29:51.762699
-80.0,-499.0,800.0,12:29:51.773099
10.0,-453.0,892.0,12:29:51.782499
-80.0,-454.0,1086.0,12:29:51.792907
79.0,-446.0,768.0,12:29:51.802431
169.0,-449.0,777.0,12:29:51.812826
-49.0,-535.0,1064.0,12:29:51.822306
117.0,-500.0,987.0,12:29:51.831722
53.0,-511.0,878.0,12:29:51.842392
63.0,-452.0,995.0,12:29:51.851723
85.0,-509.0,967.0,12:29:51.861269
134.0,-505.0,803.0,12:29:51.871658
56.0,-433.0,816.0,12:29:51.881076
-40.0,-469.0,1049.0,12:29:51.891494
220.0,-607.0,850.0,12:29:51.900945
-6.0,-528.0,783.0,12:29:51.911353
-14.0,-557.0,1019.0,12:29:51.920863
-45.0,-526.0,1037.0,12:29:51.930146
-47.0,-450.0,804.0,12:29:51.940711
177.0,-440.0,980.0,12:29:51.950063
-14.0,-388.0,907.0,12:29:51.960549
53.0,-517.0,957.0,12:29:51.969964
-71.0,-610.0,986.0,12:29:51.979412
83.0,-540.0,886.0,12:29:51.989968
113.0,-477.0,835.0,12:29:51.999315
-39.0,-362.0,908.0,12:29:52.009720
6.0,-495.0,1093.0,12:29:52.019111
83.0,-482.0,796.0,12:29:52.029485
25.0,-408.0,697.0,12:29:52.038920
129.0,-526.0,1072.0,12:29:52.049308
161.0,-604.0,1088.0,12:29:52.058677
92.0,-449.0,877.0,12:29:52.069026
-121.0,-522.0,988.0,12:29:52.087651
78.0,-516.0,894.0,12:29:52.098159
48.0,-525.0,778.0,12:29:52.108602
-44.0,-482.0,1051.0,12:29:52.117943
46.0,-603.0,1045.0,12:29:52.128347
190.0,-391.0,832.0,12:29:52.137813
50.0,-532.0,1055.0,12:29:52.157454
69.0,-517.0,1012.0,12:29:52.166714
-161.0,-483.0,894.0,12:29:52.177351
176.0,-395.0,1011.0,12:29:52.186708
15.0,-489.0,886.0,12:29:52.197265
166.0,-529.0,578.0,12:29:52.206689
88.0,-393.0,987.0,12:29:52.216130
52.0,-439.0,1047.0,12:29:52.226703
96.0,-418.0,894.0,12:29:52.236039
-73.0,-485.0,966.0,12:29:52.246591
266.0,-548.0,934.0,12:29:52.255950
24.0,-477.0,889.0,12:29:52.265319
-33.0,-502.0,1009.0,12:29:52.275959
55.0,-600.0,1050.0,12:29:52.285245
40.0,-610.0,815.0,12:29:52.295911
93.0,-505.0,870.0,12:29:52.305218
52.0,-380.0,862.0,12:29:52.314687
27.0,-382.0,868.0,12:29:52.325211
-101.0,-477.0,971.0,12:29:52.344945
179.0,-469.0,914.0,12:29:52.354366
-71.0,-376.0,988.0,12:29:52.364778
24.0,-431.0,1118.0,12:29:52.374295
57.0,-561.0,860.0,12:29:52.383595
-33.0,-483.0,782.0,12:29:52.394080
53.0,-543.0,965.0,12:29:52.403562
16.0,-505.0,1017.0,12:29:52.414055
64.0,-547.0,849.0,12:29:52.423448
83.0,-538.0,829.0,12:29:52.432751
100.0,-587.0,1027.0,12:29:52.443196
89.0,-510.0,1012.0,12:29:52.452543
2.0,-448.0,878.0,12:29:52.462980
17.0,-510.0,1034.0,12:29:52.472394
2.0,-563.0,951.0,12:29:52.482806
73.0,-557.0,758.0,12:29:52.492246
111.0,-560.0,849.0,12:29:52.502768
-43.0,-514.0,988.0,12:29:52.512142
-79.0,-465.0,965.0,12:29:52.525658
19.0,-649.0,1163.0,12:29:52.531934
13.0,-484.0,822.0,12:29:52.541287
38.0,-381.0,768.0,12:29:52.551650
-16.0,-463.0,1051.0,12:29:52.561048
116.0,-579.0,955.0,12:29:52.571606
-16.0,-575.0,913.0,12:29:52.581008
61.0,-555.0,789.0,12:29:52.591546
67.0,-596.0,861.0,12:29:52.600792
17.0,-449.0,953.0,12:29:52.610194
-89.0,-477.0,913.0,12:29:52.620655
-207.0,-493.0,912.0,12:29:52.630040
-56.0,-422.0,758.0,12:29:52.640489
-58.0,-356.0,803.0,12:29:52.649846
-2.0,-505.0,1092.0,12:29:52.660353
-137.0,-525.0,1052.0,12:29:52.669763
75.0,-483.0,861.0,12:29:52.680182
180.0,-402.0,796.0,12:29:52.689679
-59.0,-623.0,1152.0,12:29:52.698953
34.0,-676.0,898.0,12:29:52.709443
146.0,-471.0,816.0,12:29:52.718796
-23.0,-510.0,976.0,12:29:52.729516
51.0,-616.0,896.0,12:29:52.738899
52.0,-567.0,852.0,12:29:52.748360
-35.0,-428.0,886.0,12:29:52.758949
-31.0,-541.0,952.0,12:29:52.768446
-37.0,-561.0,911.0,12:29:52.777829
94.0,-543.0,747.0,12:29:52.788313
-90.0,-625.0,796.0,12:29:52.797674
140.0,-470.0,956.0,12:29:52.808223
23.0,-438.0,967.0,12:29:52.817527
-113.0,-392.0,804.0,12:29:52.828002
-53.0,-516.0,850.0,12:29:52.837433
46.0,-508.0,948.0,12:29:52.846899
-120.0,-451.0,1105.0,12:29:52.857343
55.0,-574.0,976.0,12:29:52.866685
-61.0,-556.0,921.0,12:29:52.877130
-48.0,-524.0,940.0,12:29:52.886664
51.0,-551.0,948.0,12:29:52.896014
55.0,-386.0,936.0,12:29:52.906590
39.0,-421.0,903.0,12:29:52.915918
-51.0,-532.0,895.0,12:29:52.927217
112.0,-577.0,943.0,12:29:52.935584
36.0,-466.0,895.0,12:29:52.946028
35.0,-413.0,914.0,12:29:52.955388
-26.0,-645.0,1079.0,12:29:52.965852
-3.0,-544.0,923.0,12:29:52.975211
57.0,-470.0,833.0,12:29:52.985716
-16.0,-664.0,875.0,12:29:52.995125
102.0,-547.0,946.0,12:29:53.004601
-81.0,-500.0,878.0,12:29:53.015053
89.0,-444.0,661.0,12:29:53.024373
65.0,-477.0,790.0,12:29:53.034780
-41.0,-493.0,892.0,12:29:53.044133
-27.0,-407.0,891.0,12:29:53.063863
1.0,-482.0,1218.0,12:29:53.074318
45.0,-507.0,861.0,12:29:53.083753
46.0,-465.0,974.0,12:29:53.094163
98.0,-390.0,998.0,12:29:53.103495
-13.0,-609.0,1145.0,12:29:53.113957
85.0,-555.0,972.0,12:29:53.123443
-9.0,-506.0,888.0,12:29:53.132796
169.0,-480.0,853.0,12:29:53.143392
-60.0,-543.0,1054.0,12:29:53.163063
118.0,-463.0,830.0,12:29:53.172349
6.0,-424.0,680.0,12:29:53.182925
51.0,-413.0,940.0,12:29:53.192341
90.0,-458.0,898.0,12:29:53.201700
-160.0,-318.0,922.0,12:29:53.212257
-113.0,-477.0,1060.0,12:29:53.221721
58.0,-524.0,936.0,12:29:53.231116
101.0,-585.0,914.0,12:29:53.241683
-72.0,-442.0,893.0,12:29:53.251093
4.0,-561.0,896.0,12:29:53.261659
98.0,-513.0,1069.0,12:29:53.270979
31.0,-530.0,850.0,12:29:53.280354
-157.0,-427.0,699.0,12:29:53.290763
102.0,-554.0,987.0,12:29:53.300122
50.0,-581.0,991.0,12:29:53.310631
-23.0,-462.0,1033.0,12:29:53.320097
0.0,-548.0,991.0,12:29:53.330533
123.0,-529.0,843.0,12:29:53.340060
32.0,-539.0,883.0,12:29:53.349377
16.0,-513.0,1104.0,12:29:53.359944
176.0,-433.0,868.0,12:29:53.369292
-110.0,-514.0,929.0,12:29:53.379748
95.0,-426.0,749.0,12:29:53.389139
71.0,-549.0,1121.0,12:29:53.399617
1.0,-555.0,901.0,12:29:53.408987
114.0,-579.0,588.0,12:29:53.419389
56.0,-534.0,884.0,12:29:53.428865
118.0,-481.0,866.0,12:29:53.438160
-66.0,-501.0,868.0,12:29:53.448549
54.0,-424.0,662.0,12:29:53.468149
-48.0,-276.0,1001.0,12:29:53.477509
44.0,-537.0,1171.0,12:29:53.488058
66.0,-571.0,943.0,12:29:53.497290
-7.0,-302.0,834.0,12:29:53.507880
55.0,-697.0,1306.0,12:29:53.517092
66.0,-807.0,1137.0,12:29:53.527677
280.0,-717.0,845.0,12:29:53.536955
17.0,-455.0,926.0,12:29:53.547463
110.0,-508.0,825.0,12:29:53.556722
-29.0,-727.0,931.0,12:29:53.567260
-22.0,-556.0,877.0,12:29:53.576610
-111.0,-487.0,662.0,12:29:53.586117
-59.0,-479.0,1051.0,12:29:53.596599
6.0,-379.0,1205.0,12:29:53.605973
22.0,-439.0,596.0,12:29:53.616318
89.0,-396.0,619.0,12:29:53.625843
50.0,-411.0,1115.0,12:29:53.636441
205.0,-482.0,863.0,12:29:53.645765
-40.0,-253.0,699.0,12:29:53.655029
-59.0,-271.0,843.0,12:29:53.665823
48.0,-397.0,867.0,12:29:53.675157
-22.0,-501.0,850.0,12:29:53.684634
154.0,-447.0,1003.0,12:29:53.695156
-61.0,-449.0,912.0,12:29:53.704573
-49.0,-385.0,990.0,12:29:53.715009
47.0,-690.0,1224.0,12:29:53.729130
23.0,-703.0,979.0,12:29:53.733989
260.0,-564.0,871.0,12:29:53.744530
43.0,-648.0,1354.0,12:29:53.753974
20.0,-809.0,967.0,12:29:53.763427
195.0,-461.0,508.0,12:29:53.773858
93.0,-626.0,1169.0,12:29:53.783222
-33.0,-576.0,1139.0,12:29:53.793733
68.0,-436.0,765.0,12:29:53.803058
-44.0,-396.0,989.0,12:29:53.813458
43.0,-532.0,941.0,12:29:53.822831
-104.0,-455.0,1032.0,12:29:53.832294
118.0,-541.0,883.0,12:29:53.842808
188.0,-563.0,922.0,12:29:53.852178
94.0,-480.0,1010.0,12:29:53.862763
187.0,-353.0,836.0,12:29:53.872044
-100.0,-190.0,1015.0,12:29:53.882521
18.0,-402.0,801.0,12:29:53.891884
-13.0,-288.0,576.0,12:29:53.901285
-37.0,-471.0,1136.0,12:29:53.911814
48.0,-391.0,1033.0,12:29:53.921232
-7.0,-360.0,707.0,12:29:53.931675
-95.0,-530.0,943.0,12:29:53.941235
59.0,-493.0,1196.0,12:29:53.950583
91.0,-643.0,694.0,12:29:53.961144
55.0,-500.0,718.0,12:29:53.970404
-31.0,-471.0,1260.0,12:29:53.980945
-90.0,-496.0,922.0,12:29:53.990214
90.0,-555.0,523.0,12:29:54.000760
174.0,-512.0,680.0,12:29:54.010175
33.0,-536.0,1037.0,12:29:54.019609
-22.0,-530.0,894.0,12:29:54.030076
-40.0,-580.0,856.0,12:29:54.039391
102.0,-666.0,1076.0,12:29:54.049897
143.0,-801.0,1157.0,12:29:54.059401
84.0,-653.0,914.0,12:29:54.069894
120.0,-671.0,1198.0,12:29:54.079239
69.0,-607.0,816.0,12:29:54.088596
104.0,-426.0,616.0,12:29:54.099182
-131.0,-512.0,1133.0,12:29:54.108583
-52.0,-497.0,854.0,12:29:54.119136
-246.0,-369.0,814.0,12:29:54.130072
-39.0,-349.0,1147.0,12:29:54.138487
-146.0,-702.0,1015.0,12:29:54.148056
76.0,-580.0,902.0,12:29:54.158475
-201.0,-511.0,1279.0,12:29:54.167814
84.0,-555.0,857.0,12:29:54.178259
406.0,-434.0,878.0,12:29:54.187823
-223.0,-329.0,1226.0,12:29:54.197177
25.0,-580.0,825.0,12:29:54.207785
-132.0,-373.0,644.0,12:29:54.217132
127.0,-185.0,827.0,12:29:54.226587
20.0,-614.0,1301.0,12:29:54.237016
-70.0,-570.0,850.0,12:29:54.246499
96.0,-424.0,514.0,12:29:54.257005
-108.0,-335.0,934.0,12:29:54.266322
-126.0,-709.0,1380.0,12:29:54.276949
186.0,-651.0,767.0,12:29:54.286286
77.0,-443.0,484.0,12:29:54.295785
130.0,-546.0,886.0,12:29:54.306231
85.0,-538.0,883.0,12:29:54.315780
71.0,-391.0,622.0,12:29:54.325120
76.0,-372.0,689.0,12:29:54.335735
39.0,-418.0,845.0,12:29:54.344991
43.0,-471.0,1050.0,12:29:54.355411
80.0,-522.0,790.0,12:29:54.364658
-125.0,-386.0,1036.0,12:29:54.375240
173.0,-597.0,998.0,12:29:54.384647
44.0,-674.0,897.0,12:29:54.395109
152.0,-505.0,651.0,12:29:54.404518
36.0,-558.0,1354.0,12:29:54.413877
-86.0,-432.0,1133.0,12:29:54.424355
195.0,-269.0,522.0,12:29:54.433767
-147.0,-274.0,983.0,12:29:54.444210
-32.0,-634.0,1474.0,12:29:54.453618
104.0,-530.0,739.0,12:29:54.464026
-62.0,-329.0,534.0,12:29:54.473533
76.0,-706.0,1585.0,12:29:54.482879
-22.0,-732.0,1406.0,12:29:54.493521
162.0,-469.0,322.0,12:29:54.502748
135.0,-365.0,858.0,12:29:54.513278
-110.0,-552.0,1507.0,12:29:54.522600
-32.0,-563.0,760.0,12:29:54.532106
-277.0,-290.0,561.0,12:29:54.542522
13.0,-538.0,1020.0,12:29:54.551932
50.0,-557.0,1054.0,12:29:54.562438
52.0,-424.0,966.0,12:29:54.571734
41.0,-527.0,798.0,12:29:54.582430
348.0,-580.0,754.0,12:29:54.591723
-107.0,-404.0,1117.0,12:29:54.601249
95.0,-534.0,913.0,12:29:54.611695
-68.0,-494.0,733.0,12:29:54.621153
-84.0,-374.0,671.0,12:29:54.631545
58.0,-510.0,849.0,12:29:54.640958
-129.0,-497.0,1425.0,12:29:54.651362
44.0,-325.0,655.0,12:29:54.660716
100.0,-360.0,669.0,12:29:54.670087
33.0,-524.0,1192.0,12:29:54.680678
110.0,-627.0,925.0,12:29:54.690131
6.0,-688.0,913.0,12:29:54.700560
150.0,-664.0,867.0,12:29:54.709969
47.0,-466.0,661.0,12:29:54.719296
-19.0,-520.0,1200.0,12:29:54.729756
8.0,-650.0,1022.0,12:29:54.739114
19.0,-437.0,543.0,12:29:54.749576
51.0,-228.0,930.0,12:29:54.758986
113.0,-602.0,1351.0,12:29:54.769520
171.0,-656.0,807.0,12:29:54.778850
57.0,-457.0,559.0,12:29:54.789385
5.0,-418.0,990.0,12:29:54.798631
-19.0,-566.0,1206.0,12:29:54.809102
-36.0,-320.0,743.0,12:29:54.818464
51.0,-250.0,477.0,12:29:54.827834
-63.0,-428.0,927.0,12:29:54.838275
20.0,-593.0,1240.0,12:29:54.847829
68.0,-424.0,829.0,12:29:54.858230
-27.0,-354.0,1068.0,12:29:54.867699
112.0,-590.0,1087.0,12:29:54.878102
102.0,-453.0,935.0,12:29:54.887391
-122.0,-320.0,1021.0,12:29:54.896774
104.0,-502.0,664.0,12:29:54.907245
119.0,-506.0,1023.0,12:29:54.916680
84.0,-475.0,964.0,12:29:54.932216
-12.0,-611.0,1091.0,12:29:54.936188
110.0,-583.0,1001.0,12:29:54.946812
8.0,-512.0,785.0,12:29:54.956064
-63.0,-468.0,1062.0,12:29:54.966635
163.0,-651.0,883.0,12:29:54.975888
20.0,-432.0,820.0,12:29:54.986616
-76.0,-468.0,877.0,12:29:54.995849
58.0,-705.0,960.0,12:29:55.005218
66.0,-686.0,669.0,12:29:55.015752
-33.0,-496.0,768.0,12:29:55.025149
-161.0,-498.0,836.0,12:29:55.035735
75.0,-454.0,816.0,12:29:55.045029
-251.0,-174.0,1015.0,12:29:55.054576
144.0,-508.0,864.0,12:29:55.065028
65.0,-464.0,815.0,12:29:55.074370
54.0,-406.0,999.0,12:29:55.084820
99.0,-657.0,1018.0,12:29:55.094219
122.0,-352.0,696.0,12:29:55.104576
-77.0,-505.0,1197.0,12:29:55.113938
135.0,-593.0,1013.0,12:29:55.124429
92.0,-541.0,868.0,12:29:55.133843
21.0,-572.0,951.0,12:29:55.143233
-91.0,-564.0,1005.0,12:29:55.153695
86.0,-658.0,995.0,12:29:55.163094
-37.0,-533.0,1052.0,12:29:55.173575
60.0,-629.0,897.0,12:29:55.182938
-41.0,-523.0,815.0,12:29:55.193409
219.0,-598.0,711.0,12:29:55.202738
-35.0,-346.0,878.0,12:29:55.212275
-7.0,-327.0,1036.0,12:29:55.222847
13.0,-394.0,811.0,12:29:55.232165
42.0,-296.0,754.0,12:29:55.242630
2.0,-422.0,1121.0,12:29:55.251878
34.0,-475.0,1038.0,12:29:55.262405
87.0,-413.0,852.0,12:29:55.271676
-12.0,-335.0,1154.0,12:29:55.281126
240.0,-614.0,1168.0,12:29:55.291505
115.0,-518.0,719.0,12:29:55.300921
121.0,-379.0,714.0,12:29:55.311340
-72.0,-510.0,1243.0,12:29:55.320723
-7.0,-608.0,853.0,12:29:55.336216
54.0,-533.0,965.0,12:29:55.340694
-8.0,-526.0,987.0,12:29:55.350071
-65.0,-496.0,726.0,12:29:55.360571
12.0,-630.0,1126.0,12:29:55.370052
-25.0,-532.0,1104.0,12:29:55.380582
21.0,-584.0,910.0,12:29:55.390204
19.0,-595.0,861.0,12:29:55.399575
142.0,-530.0,862.0,12:29:55.410009
102.0,-508.0,914.0,12:29:55.419337
148.0,-429.0,950.0,12:29:55.429786
-26.0,-341.0,998.0,12:29:55.439176
149.0,-535.0,768.0,12:29:55.449612
29.0,-544.0,979.0,12:29:55.458899
152.0,-504.0,900.0,12:29:55.468427
71.0,-522.0,862.0,12:29:55.478933
138.0,-446.0,893.0,12:29:55.488259
-60.0,-441.0,911.0,12:29:55.498975
-70.0,-524.0,1149.0,12:29:55.508369
125.0,-507.0,958.0,12:29:55.517744
107.0,-448.0,771.0,12:29:55.528283
2.0,-379.0,1040.0,12:29:55.537704
63.0,-500.0,833.0,12:29:55.548204
36.0,-316.0,774.0,12:29:55.557520
83.0,-560.0,1261.0,12:29:55.567900
61.0,-597.0,849.0,12:29:55.577321
33.0,-528.0,898.0,12:29:55.586680
-20.0,-416.0,922.0,12:29:55.597220
167.0,-433.0,915.0,12:29:55.606650
-53.0,-362.0,1049.0,12:29:55.617194
33.0,-430.0,862.0,12:29:55.626648
-58.0,-388.0,791.0,12:29:55.635985
118.0,-458.0,909.0,12:29:55.646613
128.0,-512.0,1146.0,12:29:55.655930
176.0,-557.0,900.0,12:29:55.666434
94.0,-487.0,655.0,12:29:55.675689
-80.0,-572.0,1202.0,12:29:55.686231
98.0,-604.0,1029.0,12:29:55.695694
49.0,-406.0,657.0,12:29:55.705136
-45.0,-537.0,990.0,12:29:55.715751
115.0,-589.0,930.0,12:29:55.725219
95.0,-422.0,714.0,12:29:55.734564
-109.0,-368.0,967.0,12:29:55.745059
-5.0,-573.0,1081.0,12:29:55.754534
163.0,-416.0,966.0,12:29:55.765063
106.0,-381.0,787.0,12:29:55.774507
107.0,-542.0,891.0,12:29:55.783748
98.0,-581.0,1154.0,12:29:55.794305
-48.0,-430.0,939.0,12:29:55.803599
131.0,-438.0,621.0,12:29:55.814118
28.0,-545.0,1074.0,12:29:55.823430
59.0,-560.0,1035.0,12:29:55.833930
39.0,-399.0,878.0,12:29:55.843303
166.0,-307.0,880.0,12:29:55.852748
51.0,-555.0,1045.0,12:29:55.863200
220.0,-653.0,873.0,12:29:55.872593
54.0,-507.0,854.0,12:29:55.883082
9.0,-527.0,984.0,12:29:55.892323
148.0,-569.0,993.0,12:29:55.902824
67.0,-387.0,740.0,12:29:55.912146
50.0,-438.0,734.0,12:29:55.922827
-6.0,-598.0,970.0,12:29:55.932159
37.0,-506.0,921.0,12:29:55.941511
-179.0,-470.0,967.0,12:29:55.952040
118.0,-612.0,1053.0,12:29:55.961429
40.0,-499.0,788.0,12:29:55.972044
133.0,-421.0,689.0,12:29:55.981325
-101.0,-512.0,1230.0,12:29:55.990701
20.0,-463.0,1051.0,12:29:56.001204
39.0,-396.0,680.0,12:29:56.010727
-133.0,-433.0,807.0,12:29:56.021192
100.0,-650.0,1111.0,12:29:56.030569
-98.0,-642.0,1003.0,12:29:56.041002
16.0,-538.0,725.0,12:29:56.050375
3.0,-422.0,968.0,12:29:56.060781
-1.0,-336.0,1090.0,12:29:56.070077
-8.0,-593.0,807.0,12:29:56.079460
-85.0,-555.0,1128.0,12:29:56.099143
23.0,-489.0,820.0,12:29:56.109570
7.0,-436.0,866.0,12:29:56.118934
91.0,-647.0,1176.0,12:29:56.134572
-46.0,-441.0,1017.0,12:29:56.138943
-55.0,-346.0,709.0,12:29:56.148378
42.0,-543.0,1104.0,12:29:56.158904
-5.0,-447.0,789.0,12:29:56.178532
139.0,-486.0,631.0,12:29:56.187844
-16.0,-513.0,997.0,12:29:56.198400
80.0,-483.0,1233.0,12:29:56.207807
47.0,-594.0,815.0,12:29:56.218265
-27.0,-411.0,640.0,12:29:56.227498
-65.0,-610.0,967.0,12:29:56.237988
259.0,-621.0,1053.0,12:29:56.247282
-3.0,-403.0,646.0,12:29:56.257808
17.0,-356.0,800.0,12:29:56.267076
66.0,-340.0,950.0,12:29:56.276623
21.0,-438.0,1083.0,12:29:56.287066
24.0,-414.0,810.0,12:29:56.296333
146.0,-526.0,777.0,12:29:56.306941
1.0,-572.0,1024.0,12:29:56.316178
212.0,-627.0,1031.0,12:29:56.326870
100.0,-543.0,870.0,12:29:56.336196
-3.0,-432.0,901.0,12:29:56.345675
-15.0,-650.0,995.0,12:29:56.356074
127.0,-588.0,740.0,12:29:56.365418
89.0,-598.0,852.0,12:29:56.375925
151.0,-423.0,981.0,12:29:56.385263
29.0,-434.0,784.0,12:29:56.395783
16.0,-561.0,1092.0,12:29:56.405124
62.0,-374.0,785.0,12:29:56.414589
-49.0,-386.0,644.0,12:29:56.425004
11.0,-485.0,1119.0,12:29:56.434757
85.0,-578.0,1205.0,12:29:56.444053
101.0,-629.0,804.0,12:29:56.454637
85.0,-529.0,658.0,12:29:56.463908
189.0,-416.0,1125.0,12:29:56.474441
-55.0,-430.0,1159.0,12:29:56.483793
52.0,-563.0,633.0,12:29:56.494284
14.0,-437.0,755.0,12:29:56.503608
41.0,-433.0,1169.0,12:29:56.514023
-9.0,-372.0,967.0,12:29:56.523512
-85.0,-631.0,924.0,12:29:56.537929
126.0,-753.0,987.0,12:29:56.542716
50.0,-690.0,1030.0,12:29:56.553194
47.0,-434.0,802.0,12:29:56.562471
20.0,-508.0,979.0,12:29:56.573024
38.0,-503.0,1146.0,12:29:56.582417
-51.0,-521.0,761.0,12:29:56.592831
13.0,-492.0,648.0,12:29:56.602395
-53.0,-435.0,1056.0,12:29:56.611682
88.0,-540.0,1106.0,12:29:56.622141
-107.0,-474.0,663.0,12:29:56.631468
209.0,-518.0,806.0,12:29:56.641998
-30.0,-454.0,1089.0,12:29:56.651263
213.0,-558.0,881.0,12:29:56.661811
98.0,-463.0,857.0,12:29:56.671156
-32.0,-456.0,1113.0,12:29:56.680569
94.0,-623.0,901.0,12:29:56.691140
222.0,-475.0,680.0,12:29:56.700375
-64.0,-439.0,1024.0,12:29:56.710902
105.0,-466.0,1081.0,12:29:56.720189
-74.0,-540.0,856.0,12:29:56.730756
37.0,-425.0,758.0,12:29:56.740079
8.0,-483.0,1095.0,12:29:56.750604
-140.0,-720.0,1085.0,12:29:56.760060
-7.0,-632.0,800.0,12:29:56.769356
27.0,-565.0,794.0,12:29:56.779960
-32.0,-498.0,969.0,12:29:56.789312
47.0,-536.0,892.0,12:29:56.799746
-4.0,-305.0,805.0,12:29:56.809036
-182.0,-307.0,977.0,12:29:56.819658
-106.0,-378.0,938.0,12:29:56.828909
28.0,-515.0,837.0,12:29:56.838350
-26.0,-562.0,914.0,12:29:56.848925
-66.0,-443.0,868.0,12:29:56.868627
61.0,-464.0,840.0,12:29:56.878065
69.0,-462.0,1090.0,12:29:56.888626
17.0,-679.0,882.0,12:29:56.898049
-88.0,-469.0,698.0,12:29:56.907323
79.0,-479.0,862.0,12:29:56.917893
94.0,-485.0,935.0,12:29:56.927250
-31.0,-592.0,762.0,12:29:56.937781
2.0,-498.0,820.0,12:29:56.947188
77.0,-471.0,1075.0,12:29:56.957666
-48.0,-451.0,1020.0,12:29:56.967140
110.0,-502.0,793.0,12:29:56.976547
-42.0,-577.0,920.0,12:29:56.987129
115.0,-609.0,816.0,12:29:56.996542
104.0,-419.0,808.0,12:29:57.005962
-52.0,-322.0,1049.0,12:29:57.016542
85.0,-532.0,852.0,12:29:57.025922
-100.0,-529.0,589.0,12:29:57.036495
-42.0,-436.0,789.0,12:29:57.045991
-81.0,-512.0,1112.0,12:29:57.055271
-112.0,-494.0,1239.0,12:29:57.065793
6.0,-536.0,1153.0,12:29:57.075150
46.0,-725.0,1124.0,12:29:57.084659
38.0,-754.0,1262.0,12:29:57.095120
-22.0,-809.0,1494.0,12:29:57.104511
253.0,-742.0,797.0,12:29:57.115016
-78.0,-647.0,931.0,12:29:57.124318
-21.0,-674.0,896.0,12:29:57.134760
44.0,-715.0,593.0,12:29:57.144167
52.0,-649.0,543.0,12:29:57.154708
41.0,-509.0,869.0,12:29:57.164051
100.0,-560.0,918.0,12:29:57.173486
45.0,-293.0,663.0,12:29:57.183939
70.0,-312.0,974.0,12:29:57.193477
58.0,-529.0,1016.0,12:29:57.203900
95.0,-501.0,842.0,12:29:57.213358
207.0,-366.0,1047.0,12:29:57.223797
-64.0,-388.0,1081.0,12:29:57.233172
-31.0,-404.0,987.0,12:29:57.242459
-18.0,-454.0,732.0,12:29:57.252998
-102.0,-564.0,924.0,12:29:57.262428
-58.0,-585.0,960.0,12:29:57.272961
8.0,-589.0,834.0,12:29:57.282387
-149.0,-615.0,903.0,12:29:57.291645
169.0,-715.0,953.0,12:29:57.302411
-24.0,-531.0,865.0,12:29:57.311742
208.0,-551.0,812.0,12:29:57.321219
107.0,-518.0,958.0,12:29:57.339033
14.0,-394.0,704.0,12:29:57.342426
-6.0,-421.0,755.0,12:29:57.351935
255.0,-487.0,823.0,12:29:57.361211
53.0,-341.0,757.0,12:29:57.370590
-51.0,-344.0,817.0,12:29:57.381078
29.0,-532.0,1127.0,12:29:57.390552
113.0,-653.0,847.0,12:29:57.401053
225.0,-661.0,594.0,12:29:57.410391
-3.0,-548.0,1068.0,12:29:57.420863
-85.0,-356.0,1121.0,12:29:57.430184
-134.0,-252.0,1144.0,12:29:57.439531
-60.0,-140.0,1050.0,12:29:57.450032
34.0,-341.0,1221.0,12:29:57.459458
-21.0,-287.0,861.0,12:29:57.470131
-189.0,-610.0,1108.0,12:29:57.479512
37.0,-471.0,1015.0,12:29:57.488955
102.0,-645.0,938.0,12:29:57.499547
18.0,-609.0,579.0,12:29:57.508903
29.0,-507.0,552.0,12:29:57.519379
-147.0,-471.0,894.0,12:29:57.528689
-159.0,-399.0,822.0,12:29:57.538147
-130.0,-339.0,631.0,12:29:57.548575
-42.0,-521.0,1058.0,12:29:57.558008
68.0,-577.0,1169.0,12:29:57.568476
172.0,-620.0,984.0,12:29:57.577820
35.0,-550.0,1148.0,12:29:57.588305
3.0,-575.0,1281.0,12:29:57.597731
106.0,-454.0,882.0,12:29:57.608188
117.0,-485.0,765.0,12:29:57.617705
106.0,-474.0,759.0,12:29:57.627030
-31.0,-376.0,802.0,12:29:57.637491
-9.0,-576.0,979.0,12:29:57.646820
188.0,-604.0,886.0,12:29:57.657344
156.0,-502.0,911.0,12:29:57.666674
17.0,-561.0,1230.0,12:29:57.677103
224.0,-630.0,1034.0,12:29:57.686587
156.0,-640.0,822.0,12:29:57.695950
148.0,-643.0,1007.0,12:29:57.706445
146.0,-651.0,776.0,12:29:57.715818
-2.0,-531.0,696.0,12:29:57.726297
-37.0,-461.0,815.0,12:29:57.739718
-51.0,-509.0,834.0,12:29:57.745893
-94.0,-462.0,771.0,12:29:57.755262
-48.0,-463.0,835.0,12:29:57.765805
-157.0,-322.0,972.0,12:29:57.775264
15.0,-431.0,971.0,12:29:57.784585
113.0,-346.0,836.0,12:29:57.795127
169.0,-571.0,829.0,12:29:57.804552
-143.0,-512.0,983.0,12:29:57.824158
-62.0,-556.0,1027.0,12:29:57.834663
95.0,-605.0,869.0,12:29:57.843901
69.0,-611.0,824.0,12:29:57.854521
16.0,-638.0,939.0,12:29:57.863819
22.0,-676.0,921.0,12:29:57.873199
174.0,-695.0,577.0,12:29:57.883666
91.0,-596.0,817.0,12:29:57.893109
51.0,-585.0,924.0,12:29:57.903561
-139.0,-362.0,776.0,12:29:57.912911
-65.0,-340.0,838.0,12:29:57.923478
-52.0,-412.0,1014.0,12:29:57.932945
24.0,-408.0,919.0,12:29:57.942358
37.0,-262.0,985.0,12:29:57.952857
133.0,-350.0,1060.0,12:29:57.962108
91.0,-501.0,1188.0,12:29:57.972638
140.0,-388.0,850.0,12:29:57.981983
197.0,-494.0,787.0,12:29:57.992430
93.0,-334.0,902.0,12:29:58.001712
79.0,-404.0,1055.0,12:29:58.011219
34.0,-338.0,678.0,12:29:58.021688
-15.0,-309.0,961.0,12:29:58.031083
-83.0,-288.0,1074.0,12:29:58.041610
168.0,-566.0,1321.0,12:29:58.051088
162.0,-489.0,935.0,12:29:58.060425
142.0,-579.0,919.0,12:29:58.070885
107.0,-627.0,1152.0,12:29:58.080295
154.0,-804.0,1212.0,12:29:58.090772
86.0,-416.0,603.0,12:29:58.100106
157.0,-393.0,706.0,12:29:58.110570
-8.0,-435.0,898.0,12:29:58.120058
74.0,-391.0,493.0,12:29:58.130484
7.0,-512.0,1035.0,12:29:58.139953
86.0,-622.0,1340.0,12:29:58.149210
52.0,-474.0,428.0,12:29:58.159749
-100.0,-357.0,853.0,12:29:58.169006
79.0,-782.0,1562.0,12:29:58.179532
47.0,-590.0,801.0,12:29:58.188838
-39.0,-195.0,413.0,12:29:58.199430
-33.0,-619.0,1470.0,12:29:58.208824
127.0,-645.0,1105.0,12:29:58.218281
19.0,-511.0,441.0,12:29:58.228847
113.0,-456.0,776.0,12:29:58.238338
33.0,-640.0,1229.0,12:29:58.247788
22.0,-674.0,1215.0,12:29:58.258387
94.0,-565.0,812.0,12:29:58.267720
100.0,-446.0,776.0,12:29:58.278219
39.0,-461.0,1134.0,12:29:58.287668
104.0,-604.0,1104.0,12:29:58.297117
179.0,-557.0,525.0,12:29:58.307640
-106.0,-388.0,845.0,12:29:58.317037
-6.0,-294.0,839.0,12:29:58.327507
-83.0,-427.0,962.0,12:29:58.336943
-88.0,-520.0,990.0,12:29:58.346286
168.0,-440.0,653.0,12:29:58.356894
58.0,-451.0,1052.0,12:29:58.366259
62.0,-631.0,1067.0,12:29:58.376829
13.0,-499.0,861.0,12:29:58.386258
-68.0,-639.0,1089.0,12:29:58.395671
255.0,-659.0,1004.0,12:29:58.406130
5.0,-425.0,807.0,12:29:58.415493
22.0,-388.0,1066.0,12:29:58.425942
-137.0,-317.0,763.0,12:29:58.435351
-117.0,-455.0,837.0,12:29:58.445863
-171.0,-600.0,902.0,12:29:58.455190
2.0,-476.0,645.0,12:29:58.464653
40.0,-258.0,548.0,12:29:58.475056
17.0,-792.0,1513.0,12:29:58.484352
125.0,-804.0,1443.0,12:29:58.494746
72.0,40.0,-99.0,12:29:58.504133
53.0,-126.0,800.0,12:29:58.514809
97.0,-964.0,2047.0,12:29:58.524177
-19.0,-645.0,1147.0,12:29:58.541432
350.0,-209.0,-157.0,12:29:58.545254
5.0,-263.0,1490.0,12:29:58.553564
62.0,-814.0,1554.0,12:29:58.564054
136.0,-731.0,725.0,12:29:58.573477
169.0,-725.0,721.0,12:29:58.583893
66.0,-573.0,674.0,12:29:58.593565
32.0,-459.0,881.0,12:29:58.602845
-406.0,-490.0,1122.0,12:29:58.613504
-110.0,-686.0,1029.0,12:29:58.622740
-185.0,-429.0,957.0,12:29:58.632353
-127.0,-325.0,968.0,12:29:58.642807
135.0,-472.0,815.0,12:29:58.652234
92.0,-684.0,1077.0,12:29:58.662618
20.0,-499.0,441.0,12:29:58.672009
200.0,-361.0,861.0,12:29:58.682422
-181.0,-328.0,1709.0,12:29:58.691825
31.0,-367.0,683.0,12:29:58.701222
116.0,-456.0,307.0,12:29:58.711777
-110.0,-774.0,1115.0,12:29:58.721277
68.0,-428.0,998.0,12:29:58.730618
48.0,-171.0,575.0,12:29:58.741163
20.0,-367.0,1422.0,12:29:58.750488
88.0,-585.0,903.0,12:29:58.761123
80.0,-375.0,-135.0,12:29:58.770477
114.0,-117.0,841.0,12:29:58.781010
-157.0,-660.0,2047.0,12:29:58.790336
125.0,-725.0,972.0,12:29:58.799695
17.0,-333.0,-279.0,12:29:58.810192
241.0,-675.0,1521.0,12:29:58.819606
-60.0,-1005.0,2047.0,12:29:58.830046
87.0,-861.0,268.0,12:29:58.839470
352.0,-173.0,316.0,12:29:58.849935
-184.0,-424.0,1704.0,12:29:58.859338
38.0,-733.0,1283.0,12:29:58.868588
89.0,-579.0,-22.0,12:29:58.879133
-186.0,-195.0,537.0,12:29:58.888389
40.0,-256.0,1185.0,12:29:58.898989
-77.0,-269.0,1021.0,12:29:58.908247
-139.0,-235.0,788.0,12:29:58.918972
123.0,-504.0,833.0,12:29:58.928239
-41.0,-529.0,689.0,12:29:58.943041
10.0,-235.0,1328.0,12:29:58.948183
-231.0,-365.0,1307.0,12:29:58.957491
28.0,-494.0,756.0,12:29:58.968050
134.0,-427.0,832.0,12:29:58.977395
49.0,-420.0,769.0,12:29:58.987889
28.0,-481.0,1128.0,12:29:58.997259
-126.0,-555.0,982.0,12:29:59.007789
196.0,-543.0,717.0,12:29:59.017069
145.0,-591.0,783.0,12:29:59.026554
122.0,-700.0,899.0,12:29:59.036967
17.0,-422.0,1089.0,12:29:59.046469
-97.0,-312.0,955.0,12:29:59.056938
109.0,-466.0,787.0,12:29:59.066303
65.0,-529.0,859.0,12:29:59.075717
98.0,-482.0,1138.0,12:29:59.086196
101.0,-578.0,807.0,12:29:59.095670
56.0,-678.0,788.0,12:29:59.106089
-110.0,-477.0,1259.0,12:29:59.115495
27.0,-607.0,968.0,12:29:59.125969
36.0,-509.0,345.0,12:29:59.135276
134.0,-576.0,809.0,12:29:59.144724
-207.0,-301.0,1262.0,12:29:59.155254
67.0,-379.0,921.0,12:29:59.164618
-74.0,-601.0,534.0,12:29:59.175332
138.0,-359.0,1213.0,12:29:59.184621
-44.0,-170.0,1399.0,12:29:59.194004
-20.0,-408.0,690.0,12:29:59.204542
-30.0,-282.0,963.0,12:29:59.213947
80.0,-498.0,1366.0,12:29:59.224494
143.0,-754.0,843.0,12:29:59.233822
138.0,-563.0,680.0,12:29:59.244234
-77.0,-497.0,1076.0,12:29:59.253656
102.0,-761.0,1067.0,12:29:59.262912
-6.0,-638.0,697.0,12:29:59.273538
18.0,-501.0,762.0,12:29:59.282864
97.0,-427.0,689.0,12:29:59.293449
-40.0,-376.0,947.0,12:29:59.302752
40.0,-558.0,948.0,12:29:59.312149
98.0,-374.0,590.0,12:29:59.322531
10.0,-446.0,981.0,12:29:59.331923
57.0,-522.0,1041.0,12:29:59.342387
68.0,-565.0,958.0,12:29:59.351753
39.0,-409.0,837.0,12:29:59.362239
113.0,-462.0,805.0,12:29:59.371644
37.0,-465.0,837.0,12:29:59.382095
167.0,-579.0,1038.0,12:29:59.391467
86.0,-526.0,831.0,12:29:59.401892
-11.0,-284.0,798.0,12:29:59.411306
-56.0,-407.0,993.0,12:29:59.425502
59.0,-624.0,1126.0,12:29:59.432762
78.0,-461.0,1062.0,12:29:59.444888
46.0,-420.0,949.0,12:29:59.451186
5.0,-446.0,1130.0,12:29:59.461902
48.0,-575.0,990.0,12:29:59.473899
18.0,-523.0,906.0,12:29:59.480230
12.0,-479.0,889.0,12:29:59.489625
2.0,-539.0,948.0,12:29:59.500099
39.0,-522.0,887.0,12:29:59.509398
-64.0,-413.0,855.0,12:29:59.519965
30.0,-538.0,1044.0,12:29:59.529327
188.0,-522.0,939.0,12:29:59.539895
-35.0,-387.0,699.0,12:29:59.549273
158.0,-396.0,882.0,12:29:59.558598
-48.0,-571.0,1075.0,12:29:59.569020
146.0,-566.0,867.0,12:29:59.578352
138.0,-517.0,770.0,12:29:59.588887
9.0,-528.0,917.0,12:29:59.598331
129.0,-391.0,990.0,12:29:59.608829
-71.0,-467.0,960.0,12:29:59.618290
166.0,-484.0,866.0,12:29:59.627758
-34.0,-491.0,818.0,12:29:59.638367
126.0,-542.0,992.0,12:29:59.647785
52.0,-553.0,907.0,12:29:59.657148
-20.0,-557.0,898.0,12:29:59.667690
36.0,-489.0,908.0,12:29:59.677088
46.0,-450.0,1007.0,12:29:59.687719
-34.0,-338.0,863.0,12:29:59.697119
88.0,-475.0,1037.0,12:29:59.706513
-75.0,-459.0,1038.0,12:29:59.717023
95.0,-528.0,1088.0,12:29:59.726325
-35.0,-550.0,1089.0,12:29:59.744205
40.0,-658.0,1005.0,12:29:59.746708
56.0,-673.0,843.0,12:29:59.756048
-32.0,-574.0,893.0,12:29:59.766621
32.0,-543.0,922.0,12:29:59.775909
-81.0,-453.0,681.0,12:29:59.785334
129.0,-467.0,600.0,12:29:59.795703
-71.0,-427.0,810.0,12:29:59.805172
51.0,-500.0,968.0,12:29:59.815732
5.0,-352.0,803.0,12:29:59.825077
-124.0,-386.0,798.0,12:29:59.835562
68.0,-471.0,1045.0,12:29:59.844926
-23.0,-447.0,1042.0,12:29:59.854245
-3.0,-424.0,775.0,12:29:59.864792
7.0,-489.0,1004.0,12:29:59.874085
78.0,-703.0,1097.0,12:29:59.884665
94.0,-535.0,772.0,12:29:59.894010
-42.0,-501.0,821.0,12:29:59.904490
53.0,-708.0,1249.0,12:29:59.913833
16.0,-488.0,893.0,12:29:59.923177
-272.0,-392.0,767.0,12:29:59.933594
101.0,-578.0,1048.0,12:29:59.942898
31.0,-692.0,1120.0,12:29:59.953453
56.0,-438.0,967.0,12:29:59.962834
131.0,-340.0,823.0,12:29:59.973418
-27.0,-479.0,1004.0,12:29:59.982786
-53.0,-493.0,1047.0,12:29:59.992268
20.0,-469.0,813.0,12:30:00.002734
7.0,-501.0,803.0,12:30:00.012154
0.0,-332.0,945.0,12:30:00.022560
120.0,-631.0,1061.0,12:30:00.031952
81.0,-626.0,862.0,12:30:00.042375
254.0,-500.0,787.0,12:30:00.051734
-76.0,-384.0,984.0,12:30:00.062228
41.0,-468.0,710.0,12:30:00.071751
79.0,-469.0,786.0,12:30:00.081091
106.0,-436.0,997.0,12:30:00.091644
13.0,-354.0,986.0,12:30:00.101090
-114.0,-327.0,822.0,12:30:00.110481
-111.0,-583.0,1182.0,12:30:00.120892
195.0,-645.0,1128.0,12:30:00.130238
174.0,-601.0,618.0,12:30:00.146022
69.0,-513.0,790.0,12:30:00.150963
67.0,-573.0,1206.0,12:30:00.160427
57.0,-593.0,992.0,12:30:00.169735
45.0,-470.0,623.0,12:30:00.180242
91.0,-458.0,780.0,12:30:00.189523
-84.0,-380.0,1058.0,12:30:00.200105
107.0,-567.0,1048.0,12:30:00.209487
-44.0,-472.0,832.0,12:30:00.218952
-39.0,-545.0,872.0,12:30:00.229396
-17.0,-511.0,1110.0,12:30:00.238860
-57.0,-431.0,1013.0,12:30:00.249287
-38.0,-445.0,722.0,12:30:00.258802
-84.0,-473.0,652.0,12:30:00.269326
184.0,-509.0,1001.0,12:30:00.278674
47.0,-528.0,1175.0,12:30:00.287952
139.0,-328.0,699.0,12:30:00.298423
-89.0,-334.0,906.0,12:30:00.307829
-56.0,-555.0,1120.0,12:30:00.318333
-27.0,-549.0,977.0,12:30:00.327722
-13.0,-537.0,1056.0,12:30:00.338232
-22.0,-524.0,966.0,12:30:00.347544
-56.0,-594.0,918.0,12:30:00.356917
163.0,-646.0,1005.0,12:30:00.367371
-32.0,-572.0,893.0,12:30:00.376696
85.0,-373.0,860.0,12:30:00.387206
-82.0,-499.0,1031.0,12:30:00.396657
90.0,-622.0,972.0,12:30:00.407251
130.0,-480.0,634.0,12:30:00.416624
55.0,-297.0,748.0,12:30:00.425989
-22.0,-431.0,1222.0,12:30:00.436613
42.0,-576.0,949.0,12:30:00.445912
81.0,-544.0,535.0,12:30:00.456503
-13.0,-371.0,829.0,12:30:00.465892
79.0,-474.0,1178.0,12:30:00.475163
34.0,-385.0,919.0,12:30:00.485764
-27.0,-509.0,1055.0,12:30:00.495121
142.0,-480.0,811.0,12:30:00.505749
92.0,-509.0,855.0,12:30:00.515003
63.0,-627.0,1135.0,12:30:00.525511
1.0,-548.0,896.0,12:30:00.534797
74.0,-508.0,766.0,12:30:00.544263
-126.0,-582.0,1019.0,12:30:00.554771
9.0,-579.0,1034.0,12:30:00.564213
-139.0,-467.0,1024.0,12:30:00.574581
-50.0,-459.0,826.0,12:30:00.584020
186.0,-424.0,904.0,12:30:00.593648
-97.0,-442.0,1004.0,12:30:00.604235
-84.0,-262.0,828.0,12:30:00.613601
175.0,-502.0,807.0,12:30:00.623025
-11.0,-393.0,960.0,12:30:00.633488
133.0,-566.0,1053.0,12:30:00.642831
143.0,-673.0,850.0,12:30:00.653321
207.0,-496.0,786.0,12:30:00.662734
-43.0,-476.0,1186.0,12:30:00.673178
130.0,-696.0,923.0,12:30:00.682607
2.0,-524.0,686.0,12:30:00.691967
-22.0,-460.0,781.0,12:30:00.702455
-46.0,-573.0,1015.0,12:30:00.711765
38.0,-387.0,846.0,12:30:00.722417
92.0,-489.0,806.0,12:30:00.731826
-89.0,-482.0,1185.0,12:30:00.742334
80.0,-554.0,984.0,12:30:00.751674
-53.0,-386.0,761.0,12:30:00.761117
72.0,-475.0,1241.0,12:30:00.771607
119.0,-505.0,959.0,12:30:00.781072
36.0,-594.0,708.0,12:30:00.791504
-45.0,-462.0,1003.0,12:30:00.800785
-77.0,-534.0,1110.0,12:30:00.810282
72.0,-506.0,762.0,12:30:00.820766
-7.0,-469.0,928.0,12:30:00.830214
43.0,-545.0,930.0,12:30:00.840691
122.0,-514.0,812.0,12:30:00.850134
-39.0,-384.0,883.0,12:30:00.860541
92.0,-479.0,1153.0,12:30:00.870003
56.0,-557.0,1043.0,12:30:00.879395
63.0,-529.0,804.0,12:30:00.889989
8.0,-499.0,873.0,12:30:00.899239
-14.0,-573.0,1114.0,12:30:00.909745
88.0,-580.0,966.0,12:30:00.919038
42.0,-401.0,715.0,12:30:00.929524
110.0,-431.0,886.0,12:30:00.946608
-48.0,-493.0,1075.0,12:30:00.950234
13.0,-628.0,1006.0,12:30:00.958425
185.0,-396.0,668.0,12:30:00.969026
4.0,-408.0,1006.0,12:30:00.978397
66.0,-528.0,974.0,12:30:00.987861
210.0,-631.0,699.0,12:30:00.998366
52.0,-392.0,868.0,12:30:01.007871
-63.0,-406.0,1036.0,12:30:01.017214
-66.0,-389.0,978.0,12:30:01.027752
81.0,-450.0,884.0,12:30:01.037039
16.0,-484.0,804.0,12:30:01.047691
45.0,-351.0,900.0,12:30:01.056940
68.0,-452.0,950.0,12:30:01.067525
-44.0,-469.0,1053.0,12:30:01.076776
171.0,-565.0,995.0,12:30:01.086215
72.0,-577.0,846.0,12:30:01.096699
58.0,-520.0,900.0,12:30:01.106118
73.0,-493.0,1091.0,12:30:01.116597
77.0,-372.0,825.0,12:30:01.126046
-38.0,-537.0,862.0,12:30:01.136615
-18.0,-513.0,826.0,12:30:01.145950
6.0,-390.0,990.0,12:30:01.155247
18.0,-552.0,1073.0,12:30:01.165808
1.0,-514.0,925.0,12:30:01.175077
43.0,-497.0,775.0,12:30:01.185619
58.0,-613.0,849.0,12:30:01.194929
-10.0,-485.0,1062.0,12:30:01.205537
166.0,-400.0,909.0,12:30:01.214864
-61.0,-485.0,823.0,12:30:01.224191
-5.0,-495.0,930.0,12:30:01.234778
-101.0,-455.0,944.0,12:30:01.244198
43.0,-342.0,1035.0,12:30:01.254756
39.0,-396.0,1054.0,12:30:01.264049
86.0,-542.0,894.0,12:30:01.273506
119.0,-460.0,881.0,12:30:01.283858
73.0,-598.0,1146.0,12:30:01.293226
131.0,-524.0,835.0,12:30:01.303715
39.0,-418.0,966.0,12:30:01.313122
71.0,-498.0,879.0,12:30:01.323653
73.0,-422.0,791.0,12:30:01.333102
211.0,-469.0,984.0,12:30:01.352913
-108.0,-505.0,930.0,12:30:01.362365
118.0,-598.0,1008.0,12:30:01.372944
123.0,-476.0,821.0,12:30:01.382263
147.0,-473.0,719.0,12:30:01.392748
45.0,-443.0,822.0,12:30:01.402341
84.0,-547.0,1065.0,12:30:01.411630
42.0,-574.0,794.0,12:30:01.422161
-45.0,-445.0,764.0,12:30:01.431485
-69.0,-535.0,1145.0,12:30:01.441981
1.0,-463.0,1168.0,12:30:01.451285
52.0,-477.0,725.0,12:30:01.461804
33.0,-460.0,999.0,12:30:01.471385
-14.0,-612.0,1136.0,12:30:01.480729
-30.0,-595.0,927.0,12:30:01.491218
34.0,-552.0,1044.0,12:30:01.500596
64.0,-617.0,1111.0,12:30:01.510121
14.0,-523.0,633.0,12:30:01.520601
29.0,-436.0,791.0,12:30:01.530140
-86.0,-442.0,1187.0,12:30:01.540582
-6.0,-421.0,1017.0,12:30:01.550059
173.0,-552.0,819.0,12:30:01.559418
99.0,-474.0,943.0,12:30:01.570060
-22.0,-534.0,1092.0,12:30:01.579358
35.0,-556.0,647.0,12:30:01.588835
-6.0,-520.0,871.0,12:30:01.599304
115.0,-606.0,1111.0,12:30:01.608676
-48.0,-453.0,666.0,12:30:01.619206
-29.0,-442.0,755.0,12:30:01.628604
-3.0,-522.0,1036.0,12:30:01.639038
-87.0,-427.0,688.0,12:30:01.648370
-29.0,-499.0,806.0,12:30:01.658900
29.0,-396.0,1036.0,12:30:01.668365
54.0,-555.0,964.0,12:30:01.677767
-4.0,-545.0,993.0,12:30:01.688212
143.0,-499.0,949.0,12:30:01.697706
56.0,-491.0,795.0,12:30:01.708167
35.0,-442.0,926.0,12:30:01.717699
-94.0,-501.0,1086.0,12:30:01.726982
-33.0,-552.0,932.0,12:30:01.737470
-102.0,-438.0,820.0,12:30:01.746755
7.0,-432.0,787.0,12:30:01.757244
-60.0,-427.0,970.0,12:30:01.766585
-38.0,-454.0,1039.0,12:30:01.777222
14.0,-544.0,961.0,12:30:01.786615
132.0,-504.0,850.0,12:30:01.796018
-19.0,-446.0,860.0,12:30:01.806518
4.0,-427.0,963.0,12:30:01.816106
48.0,-544.0,918.0,12:30:01.825376
1.0,-536.0,893.0,12:30:01.835880
-118.0,-525.0,942.0,12:30:01.845246
113.0,-593.0,865.0,12:30:01.855852
50.0,-415.0,934.0,12:30:01.865095
33.0,-624.0,1106.0,12:30:01.875708
48.0,-516.0,825.0,12:30:01.885056
25.0,-469.0,853.0,12:30:01.894473
-71.0,-443.0,1135.0,12:30:01.904968
26.0,-583.0,938.0,12:30:01.914410
11.0,-508.0,766.0,12:30:01.924959
31.0,-605.0,1076.0,12:30:01.934225
-89.0,-543.0,974.0,12:30:01.944780
63.0,-443.0,787.0,12:30:01.954141
-64.0,-359.0,1011.0,12:30:01.963568
-50.0,-550.0,1116.0,12:30:01.973996
21.0,-523.0,760.0,12:30:01.983460
29.0,-538.0,807.0,12:30:01.993867
-101.0,-391.0,975.0,12:30:02.003234
-38.0,-552.0,1063.0,12:30:02.013696
-8.0,-499.0,841.0,12:30:02.023157
91.0,-519.0,583.0,12:30:02.032510
93.0,-436.0,952.0,12:30:02.042990
75.0,-466.0,943.0,12:30:02.052383
29.0,-435.0,633.0,12:30:02.062804
35.0,-445.0,1007.0,12:30:02.072264
39.0,-502.0,1050.0,12:30:02.081616
76.0,-419.0,791.0,12:30:02.092074
-7.0,-423.0,816.0,12:30:02.101505
104.0,-583.0,1047.0,12:30:02.112048
45.0,-539.0,976.0,12:30:02.121314
-62.0,-604.0,967.0,12:30:02.131831
152.0,-561.0,929.0,12:30:02.141176
-35.0,-522.0,900.0,12:30:02.152919
9.0,-458.0,875.0,12:30:02.161337
24.0,-399.0,845.0,12:30:02.170556
-127.0,-442.0,938.0,12:30:02.181237
-38.0,-433.0,982.0,12:30:02.190543
5.0,-429.0,820.0,12:30:02.200101
107.0,-526.0,937.0,12:30:02.210453
43.0,-357.0,958.0,12:30:02.219782
101.0,-450.0,1024.0,12:30:02.230270
66.0,-540.0,969.0,12:30:02.239623
11.0,-361.0,957.0,12:30:02.250183
95.0,-439.0,1014.0,12:30:02.259484
-67.0,-469.0,979.0,12:30:02.268967
29.0,-641.0,865.0,12:30:02.279393
179.0,-573.0,770.0,12:30:02.288789
-108.0,-514.0,1130.0,12:30:02.299252
103.0,-531.0,1037.0,12:30:02.308725
-17.0,-507.0,841.0,12:30:02.319145
182.0,-595.0,933.0,12:30:02.328568
59.0,-534.0,936.0,12:30:02.337925
72.0,-457.0,895.0,12:30:02.348476
105.0,-380.0,832.0,12:30:02.357881
-24.0,-482.0,974.0,12:30:02.368353
116.0,-451.0,946.0,12:30:02.377839
30.0,-416.0,882.0,12:30:02.387285
11.0,-438.0,1001.0,12:30:02.397908
86.0,-416.0,857.0,12:30:02.407242
1.0,-555.0,775.0,12:30:02.417920
129.0,-540.0,931.0,12:30:02.427266
-4.0,-472.0,1093.0,12:30:02.436684
-25.0,-532.0,793.0,12:30:02.447163
109.0,-433.0,778.0,12:30:02.456664
-60.0,-387.0,1006.0,12:30:02.467065
179.0,-491.0,823.0,12:30:02.476591
-29.0,-528.0,797.0,12:30:02.485872
181.0,-526.0,1010.0,12:30:02.496562
-86.0,-477.0,1019.0,12:30:02.505858
116.0,-556.0,888.0,12:30:02.516349
-48.0,-483.0,895.0,12:30:02.525722
15.0,-531.0,971.0,12:30:02.535106
142.0,-470.0,927.0,12:30:02.552062
-34.0,-330.0,862.0,12:30:02.555897
44.0,-618.0,1057.0,12:30:02.565304
54.0,-414.0,808.0,12:30:02.574618
109.0,-459.0,978.0,12:30:02.585176
9.0,-473.0,1021.0,12:30:02.594568
18.0,-529.0,823.0,12:30:02.605023
152.0,-528.0,1020.0,12:30:02.614446
-94.0,-349.0,897.0,12:30:02.623781
-7.0,-561.0,776.0,12:30:02.634405
-49.0,-377.0,997.0,12:30:02.643686
-4.0,-506.0,965.0,12:30:02.654286
-112.0,-445.0,906.0,12:30:02.663598
44.0,-411.0,818.0,12:30:02.672983
74.0,-481.0,1017.0,12:30:02.683419
224.0,-400.0,859.0,12:30:02.692817
-76.0,-351.0,1029.0,12:30:02.703384
90.0,-456.0,969.0,12:30:02.712810
74.0,-350.0,795.0,12:30:02.723357
169.0,-426.0,850.0,12:30:02.732818
12.0,-500.0,896.0,12:30:02.742152
-9.0,-485.0,986.0,12:30:02.752757
76.0,-470.0,998.0,12:30:02.762054
-12.0,-454.0,912.0,12:30:02.772568
159.0,-572.0,838.0,12:30:02.781884
112.0,-502.0,768.0,12:30:02.791259
-6.0,-542.0,1027.0,12:30:02.801698
65.0,-417.0,952.0,12:30:02.811218
31.0,-477.0,947.0,12:30:02.821649
115.0,-592.0,868.0,12:30:02.831059
-49.0,-507.0,809.0,12:30:02.841594
178.0,-447.0,819.0,12:30:02.851112
-94.0,-517.0,1187.0,12:30:02.860469
134.0,-626.0,1014.0,12:30:02.871012
32.0,-524.0,813.0,12:30:02.880512
15.0,-542.0,958.0,12:30:02.889940
114.0,-526.0,1043.0,12:30:02.900437
-43.0,-492.0,967.0,12:30:02.909868
-39.0,-545.0,1146.0,12:30:02.920408
43.0,-596.0,958.0,12:30:02.929770
109.0,-572.0,817.0,12:30:02.940213
130.0,-483.0,1003.0,12:30:02.949633
-15.0,-554.0,1067.0,12:30:02.959091
113.0,-588.0,838.0,12:30:02.969525
41.0,-531.0,905.0,12:30:02.979049
-80.0,-364.0,884.0,12:30:02.988372
81.0,-484.0,1084.0,12:30:02.999038
-3.0,-347.0,1079.0,12:30:03.008280
