137.0,-510.0,781.0,12:28:23.494526
-48.0,-446.0,1048.0,12:28:23.504313
-93.0,-454.0,846.0,12:28:23.513642
62.0,-515.0,935.0,12:28:23.522959
70.0,-609.0,1075.0,12:28:23.533512
168.0,-552.0,990.0,12:28:23.542922
38.0,-450.0,914.0,12:28:23.553429
183.0,-567.0,943.0,12:28:23.562719
135.0,-621.0,1245.0,12:28:23.573235
42.0,-491.0,948.0,12:28:23.582533
43.0,-447.0,649.0,12:28:23.592974
53.0,-395.0,956.0,12:28:23.602372
48.0,-634.0,1167.0,12:28:23.611793
81.0,-418.0,705.0,12:28:23.622218
138.0,-363.0,551.0,12:28:23.631604
-123.0,-558.0,1201.0,12:28:23.642117
100.0,-372.0,1166.0,12:28:23.651564
-107.0,-500.0,750.0,12:28:23.662036
108.0,-518.0,950.0,12:28:23.671365
-39.0,-496.0,1243.0,12:28:23.680709
133.0,-628.0,869.0,12:28:23.691196
66.0,-384.0,759.0,12:28:23.700549
-127.0,-623.0,1144.0,12:28:23.711134
107.0,-764.0,929.0,12:28:23.720420
13.0,-630.0,481.0,12:28:23.729854
69.0,-490.0,742.0,12:28:23.740358
-109.0,-543.0,953.0,12:28:23.749664
42.0,-674.0,734.0,12:28:23.760155
174.0,-478.0,566.0,12:28:23.769586
-167.0,-483.0,1057.0,12:28:23.780042
212.0,-628.0,998.0,12:28:23.789462
104.0,-458.0,669.0,12:28:23.798918
5.0,-382.0,777.0,12:28:23.809625
79.0,-628.0,1205.0,12:28:23.818954
80.0,-500.0,1038.0,12:28:23.829513
33.0,-469.0,785.0,12:28:23.838950
128.0,-505.0,871.0,12:28:23.848370
35.0,-651.0,995.0,12:28:23.858823
-15.0,-575.0,985.0,12:28:23.868214
24.0,-645.0,966.0,12:28:23.878655
-37.0,-608.0,1192.0,12:28:23.891243
-63.0,-558.0,1078.0,12:28:23.898312
43.0,-623.0,897.0,12:28:23.907725
87.0,-462.0,973.0,12:28:23.918211
-17.0,-736.0,922.0,12:28:23.927465
158.0,-478.0,711.0,12:28:23.936881
-127.0,-530.0,972.0,12:28:23.947357
-38.0,-529.0,807.0,12:28:23.956712
49.0,-564.0,931.0,12:28:23.967245
-8.0,-477.0,837.0,12:28:23.976697
-54.0,-386.0,976.0,12:28:23.987132
20.0,-429.0,820.0,12:28:23.996596
89.0,-478.0,923.0,12:28:24.005862
-6.0,-370.0,854.0,12:28:24.016471
-75.0,-361.0,984.0,12:28:24.025833
-92.0,-464.0,1076.0,12:28:24.036287
-60.0,-522.0,753.0,12:28:24.045703
98.0,-436.0,948.0,12:28:24.056189
13.0,-531.0,1008.0,12:28:24.065503
-221.0,-398.0,902.0,12:28:24.074822
19.0,-619.0,848.0,12:28:24.085295
142.0,-758.0,1050.0,12:28:24.094578
40.0,-740.0,896.0,12:28:24.105131
75.0,-509.0,682.0,12:28:24.114427
-12.0,-490.0,895.0,12:28:24.124880
-62.0,-654.0,1048.0,12:28:24.134178
122.0,-593.0,680.0,12:28:24.144693
-83.0,-398.0,783.0,12:28:24.153939
47.0,-417.0,973.0,12:28:24.164565
-28.0,-568.0,1107.0,12:28:24.173834
-125.0,-443.0,731.0,12:28:24.183325
8.0,-710.0,933.0,12:28:24.193829
48.0,-651.0,1161.0,12:28:24.203177
-35.0,-436.0,815.0,12:28:24.213652
-137.0,-330.0,745.0,12:28:24.223085
11.0,-471.0,1088.0,12:28:24.233505
-52.0,-481.0,1009.0,12:28:24.242915
-99.0,-360.0,772.0,12:28:24.252268
-138.0,-428.0,1067.0,12:28:24.262859
-24.0,-497.0,1079.0,12:28:24.272278
122.0,-550.0,964.0,12:28:24.282915
113.0,-498.0,753.0,12:28:24.292291
58.0,-623.0,1150.0,12:28:24.301680
184.0,-569.0,823.0,12:28:24.312211
-25.0,-616.0,900.0,12:28:24.321647
162.0,-574.0,945.0,12:28:24.331009
19.0,-565.0,660.0,12:28:24.341480
-105.0,-526.0,696.0,12:28:24.350816
86.0,-561.0,1004.0,12:28:24.361282
-103.0,-525.0,807.0,12:28:24.370600
33.0,-626.0,783.0,12:28:24.381296
79.0,-653.0,899.0,12:28:24.390584
14.0,-552.0,718.0,12:28:24.400033
54.0,-345.0,629.0,12:28:24.410441
-85.0,-617.0,1428.0,12:28:24.419782
-56.0,-425.0,926.0,12:28:24.430240
-50.0,-313.0,566.0,12:28:24.439540
78.0,-408.0,793.0,12:28:24.450084
153.0,-748.0,1226.0,12:28:24.459438
73.0,-535.0,949.0,12:28:24.470074
133.0,-296.0,651.0,12:28:24.479398
-80.0,-472.0,1162.0,12:28:24.488798
60.0,-794.0,1179.0,12:28:24.499273
54.0,-850.0,726.0,12:28:24.508632
108.0,-388.0,693.0,12:28:24.518997
2.0,-693.0,1295.0,12:28:24.528318
91.0,-786.0,972.0,12:28:24.538818
142.0,-574.0,779.0,12:28:24.548189
-24.0,-529.0,632.0,12:28:24.558554
89.0,-535.0,583.0,12:28:24.567851
-72.0,-430.0,1227.0,12:28:24.578261
-63.0,-498.0,943.0,12:28:24.587745
118.0,-460.0,566.0,12:28:24.598134
-76.0,-504.0,801.0,12:28:24.607479
88.0,-437.0,858.0,12:28:24.617908
172.0,-446.0,1122.0,12:28:24.627253
-33.0,-449.0,870.0,12:28:24.637750
92.0,-522.0,886.0,12:28:24.647109
47.0,-516.0,817.0,12:28:24.656338
-7.0,-461.0,1274.0,12:28:24.667078
-40.0,-483.0,990.0,12:28:24.676457
-2.0,-770.0,805.0,12:28:24.685900
180.0,-646.0,838.0,12:28:24.697239
-6.0,-431.0,1037.0,12:28:24.706159
142.0,-650.0,953.0,12:28:24.715696
14.0,-293.0,647.0,12:28:24.726079
-73.0,-601.0,1038.0,12:28:24.735570
117.0,-620.0,893.0,12:28:24.745978
-23.0,-390.0,645.0,12:28:24.755375
-112.0,-337.0,969.0,12:28:24.764650
62.0,-519.0,1088.0,12:28:24.775127
-21.0,-578.0,1036.0,12:28:24.784571
41.0,-465.0,892.0,12:28:24.795190
-81.0,-302.0,800.0,12:28:24.804623
101.0,-379.0,871.0,12:28:24.813967
-48.0,-472.0,909.0,12:28:24.824460
23.0,-457.0,1033.0,12:28:24.834030
14.0,-509.0,994.0,12:28:24.844498
263.0,-443.0,510.0,12:28:24.853872
9.0,-424.0,1026.0,12:28:24.864239
-96.0,-411.0,1310.0,12:28:24.873625
22.0,-688.0,677.0,12:28:24.882887
26.0,-445.0,771.0,12:28:24.893466
44.0,-589.0,1345.0,12:28:24.902734
38.0,-698.0,971.0,12:28:24.913259
100.0,-665.0,696.0,12:28:24.922508
-51.0,-458.0,852.0,12:28:24.932955
206.0,-523.0,1201.0,12:28:24.942310
-122.0,-479.0,789.0,12:28:24.952802
-1.0,-554.0,591.0,12:28:24.962143
136.0,-404.0,895.0,12:28:24.971589
-179.0,-518.0,1425.0,12:28:24.982076
149.0,-594.0,749.0,12:28:24.992206
44.0,-599.0,771.0,12:28:25.001631
22.0,-503.0,1096.0,12:28:25.012086
14.0,-721.0,1018.0,12:28:25.021314
-17.0,-502.0,685.0,12:28:25.031838
160.0,-417.0,935.0,12:28:25.041270
-28.0,-254.0,1164.0,12:28:25.050685
126.0,-341.0,756.0,12:28:25.061201
-29.0,-350.0,730.0,12:28:25.070538
162.0,-451.0,1064.0,12:28:25.079957
121.0,-567.0,854.0,12:28:25.096736
-54.0,-621.0,829.0,12:28:25.101739
106.0,-799.0,1276.0,12:28:25.109994
102.0,-671.0,976.0,12:28:25.120553
-15.0,-436.0,657.0,12:28:25.129934
23.0,-442.0,706.0,12:28:25.139233
-33.0,-672.0,1267.0,12:28:25.149938
93.0,-446.0,683.0,12:28:25.159330
99.0,-555.0,637.0,12:28:25.168844
232.0,-544.0,724.0,12:28:25.179260
177.0,-553.0,726.0,12:28:25.188581
-18.0,-578.0,864.0,12:28:25.199067
-20.0,-604.0,1100.0,12:28:25.208458
34.0,-327.0,815.0,12:28:25.218944
102.0,-461.0,947.0,12:28:25.228259
-58.0,-616.0,1224.0,12:28:25.237668
197.0,-605.0,1002.0,12:28:25.248246
176.0,-318.0,642.0,12:28:25.257683
38.0,-407.0,671.0,12:28:25.268132
64.0,-570.0,1187.0,12:28:25.277478
-1.0,-431.0,643.0,12:28:25.287943
70.0,-573.0,933.0,12:28:25.297263
97.0,-344.0,992.0,12:28:25.307757
28.0,-555.0,955.0,12:28:25.317120
55.0,-678.0,1118.0,12:28:25.326625
104.0,-785.0,861.0,12:28:25.337092
110.0,-826.0,728.0,12:28:25.346511
83.0,-375.0,1217.0,12:28:25.356969
-4.0,-393.0,698.0,12:28:25.366307
-36.0,-634.0,737.0,12:28:25.375674
-6.0,-668.0,1085.0,12:28:25.386123
-9.0,-412.0,885.0,12:28:25.395454
-44.0,-261.0,889.0,12:28:25.406025
-70.0,-613.0,921.0,12:28:25.415450
76.0,-558.0,715.0,12:28:25.425832
173.0,-601.0,774.0,12:28:25.435226
79.0,-558.0,1092.0,12:28:25.444621
-51.0,-353.0,991.0,12:28:25.455034
-163.0,-449.0,774.0,12:28:25.464396
-75.0,-727.0,996.0,12:28:25.474815
60.0,-359.0,860.0,12:28:25.484193
-228.0,-279.0,1012.0,12:28:25.494604
7.0,-548.0,924.0,12:28:25.503983
-8.0,-610.0,1075.0,12:28:25.514639
54.0,-472.0,458.0,12:28:25.523971
87.0,-504.0,1021.0,12:28:25.533360
-96.0,-562.0,1511.0,12:28:25.543866
32.0,-422.0,590.0,12:28:25.553123
-8.0,-414.0,507.0,12:28:25.563606
8.0,-351.0,1056.0,12:28:25.573023
10.0,-472.0,1251.0,12:28:25.583438
187.0,-384.0,884.0,12:28:25.592716
87.0,-466.0,851.0,12:28:25.602302
135.0,-463.0,1056.0,12:28:25.612701
95.0,-734.0,1080.0,12:28:25.622039
-23.0,-534.0,950.0,12:28:25.632578
51.0,-597.0,1033.0,12:28:25.641985
87.0,-690.0,770.0,12:28:25.652445
110.0,-691.0,529.0,12:28:25.661800
-125.0,-569.0,979.0,12:28:25.672286
-106.0,-524.0,916.0,12:28:25.681691
-15.0,-402.0,684.0,12:28:25.691060
-175.0,-380.0,1031.0,12:28:25.701612
92.0,-646.0,646.0,12:28:25.710945
-22.0,-331.0,696.0,12:28:25.721454
-123.0,-600.0,1334.0,12:28:25.730828
139.0,-674.0,1328.0,12:28:25.741332
297.0,-575.0,886.0,12:28:25.750610
22.0,-440.0,1007.0,12:28:25.760130
116.0,-535.0,681.0,12:28:25.770480
-4.0,-523.0,1196.0,12:28:25.779835
-17.0,-436.0,1100.0,12:28:25.790275
36.0,-738.0,616.0,12:28:25.799706
209.0,-746.0,453.0,12:28:25.810184
64.0,-441.0,1019.0,12:28:25.819607
-75.0,-484.0,740.0,12:28:25.830074
52.0,-497.0,650.0,12:28:25.839536
104.0,-424.0,1073.0,12:28:25.848855
-20.0,-421.0,586.0,12:28:25.859348
116.0,-658.0,643.0,12:28:25.868600
57.0,-588.0,1393.0,12:28:25.879239
-29.0,-450.0,1295.0,12:28:25.888607
24.0,-395.0,429.0,12:28:25.904307
88.0,-704.0,883.0,12:28:25.908006
-49.0,-290.0,956.0,12:28:25.918370
-26.0,-337.0,600.0,12:28:25.927854
-128.0,-597.0,1407.0,12:28:25.938303
-9.0,-611.0,1244.0,12:28:25.947890
221.0,-604.0,658.0,12:28:25.957257
17.0,-617.0,1114.0,12:28:25.967782
142.0,-1002.0,1532.0,12:28:25.977103
81.0,-632.0,1097.0,12:28:25.987678
135.0,-440.0,543.0,12:28:25.996964
308.0,-407.0,714.0,12:28:26.007453
115.0,-527.0,1006.0,12:28:26.016723
-101.0,-395.0,316.0,12:28:26.026189
70.0,-319.0,671.0,12:28:26.036785
52.0,-344.0,1064.0,12:28:26.046142
-24.0,-607.0,1095.0,12:28:26.055658
116.0,-538.0,762.0,12:28:26.066132
146.0,-505.0,782.0,12:28:26.075433
44.0,-344.0,714.0,12:28:26.086015
45.0,-292.0,864.0,12:28:26.095315
42.0,-516.0,934.0,12:28:26.105868
30.0,-368.0,852.0,12:28:26.115204
-81.0,-248.0,898.0,12:28:26.124666
64.0,-468.0,1184.0,12:28:26.135152
175.0,-573.0,978.0,12:28:26.144544
143.0,-760.0,1354.0,12:28:26.155072
-3.0,-632.0,1423.0,12:28:26.164573
320.0,-672.0,932.0,12:28:26.173920
-41.0,-557.0,726.0,12:28:26.184389
101.0,-741.0,787.0,12:28:26.193704
-103.0,-722.0,861.0,12:28:26.204178
-306.0,-401.0,499.0,12:28:26.213618
-88.0,-109.0,350.0,12:28:26.224086
-107.0,-897.0,1603.0,12:28:26.233559
24.0,-507.0,1083.0,12:28:26.242963
42.0,-234.0,276.0,12:28:26.253490
152.0,-378.0,750.0,12:28:26.262764
23.0,-624.0,1640.0,12:28:26.273202
204.0,-683.0,1092.0,12:28:26.282508
18.0,-461.0,115.0,12:28:26.296744
136.0,-476.0,494.0,12:28:26.304540
-99.0,-414.0,1456.0,12:28:26.312835
-175.0,-40.0,1149.0,12:28:26.322310
-92.0,23.0,101.0,12:28:26.331574
19.0,103.0,222.0,12:28:26.342143
118.0,-313.0,2047.0,12:28:26.351426
-87.0,-940.0,1818.0,12:28:26.361921
74.0,-128.0,285.0,12:28:26.371299
260.0,-950.0,1506.0,12:28:26.381863
-153.0,-1254.0,1908.0,12:28:26.391328
251.0,-1159.0,721.0,12:28:26.400723
144.0,-663.0,607.0,12:28:26.411294
-144.0,-211.0,915.0,12:28:26.420700
66.0,-672.0,736.0,12:28:26.430091
-34.0,-631.0,361.0,12:28:26.440706
110.0,-464.0,396.0,12:28:26.450037
60.0,-372.0,750.0,12:28:26.460647
33.0,-737.0,1126.0,12:28:26.470090
105.0,-859.0,606.0,12:28:26.479484
256.0,-722.0,959.0,12:28:26.490133
248.0,-270.0,1153.0,12:28:26.499517
-158.0,-271.0,1424.0,12:28:26.508930
-24.0,-222.0,807.0,12:28:26.519466
32.0,-313.0,430.0,12:28:26.528865
-1.0,-360.0,810.0,12:28:26.539463
11.0,-453.0,1288.0,12:28:26.548883
-161.0,-465.0,910.0,12:28:26.558329
-83.0,-455.0,1024.0,12:28:26.568877
-229.0,-452.0,1228.0,12:28:26.578291
75.0,-531.0,773.0,12:28:26.588885
235.0,-962.0,808.0,12:28:26.598241
-37.0,-773.0,1414.0,12:28:26.607693
-82.0,-367.0,769.0,12:28:26.618244
125.0,-572.0,277.0,12:28:26.627706
-206.0,-652.0,954.0,12:28:26.637148
-15.0,-556.0,1050.0,12:28:26.647634
165.0,-639.0,650.0,12:28:26.657051
189.0,-510.0,634.0,12:28:26.667465
10.0,-769.0,1044.0,12:28:26.676893
16.0,-515.0,652.0,12:28:26.687319
114.0,-564.0,833.0,12:28:26.696763
175.0,-635.0,1090.0,12:28:26.706052
104.0,-933.0,491.0,12:28:26.716642
175.0,-935.0,615.0,12:28:26.725897
-44.0,-557.0,1617.0,12:28:26.736502
-175.0,-130.0,1586.0,12:28:26.745770
-205.0,-139.0,511.0,12:28:26.756459
-62.0,-374.0,408.0,12:28:26.765763
-9.0,-353.0,854.0,12:28:26.775209
-124.0,-373.0,1100.0,12:28:26.785794
-27.0,-381.0,1249.0,12:28:26.795178
-140.0,-633.0,1358.0,12:28:26.804599
5.0,-646.0,494.0,12:28:26.815150
177.0,-639.0,858.0,12:28:26.824493
42.0,-534.0,1388.0,12:28:26.835029
273.0,-530.0,1184.0,12:28:26.844331
138.0,-414.0,625.0,12:28:26.855007
76.0,-586.0,751.0,12:28:26.864254
67.0,-603.0,869.0,12:28:26.873600
120.0,-518.0,992.0,12:28:26.884075
-39.0,-333.0,1142.0,12:28:26.893575
-18.0,-544.0,908.0,12:28:26.904097
59.0,-477.0,437.0,12:28:26.913530
-105.0,-514.0,692.0,12:28:26.922838
44.0,-618.0,1041.0,12:28:26.933582
-19.0,-248.0,963.0,12:28:26.942867
-58.0,-141.0,992.0,12:28:26.952382
131.0,-465.0,858.0,12:28:26.962846
-2.0,-643.0,763.0,12:28:26.972306
17.0,-398.0,1089.0,12:28:26.982740
-48.0,-469.0,1403.0,12:28:26.992065
208.0,-717.0,960.0,12:28:27.002474
358.0,-709.0,1046.0,12:28:27.011852
-7.0,-602.0,852.0,12:28:27.022346
10.0,-263.0,601.0,12:28:27.031687
-155.0,-328.0,954.0,12:28:27.041070
-69.0,-440.0,996.0,12:28:27.051562
299.0,-651.0,599.0,12:28:27.061081
-72.0,-325.0,473.0,12:28:27.071520
-52.0,-439.0,1458.0,12:28:27.080886
-111.0,-574.0,1271.0,12:28:27.091301
-23.0,-518.0,778.0,12:28:27.103883
24.0,-481.0,870.0,12:28:27.110570
51.0,-602.0,1215.0,12:28:27.120967
99.0,-488.0,1034.0,12:28:27.130388
-20.0,-533.0,714.0,12:28:27.139693
48.0,-442.0,711.0,12:28:27.150221
-3.0,-746.0,990.0,12:28:27.159545
134.0,-715.0,811.0,12:28:27.170070
7.0,-398.0,993.0,12:28:27.179430
-25.0,-226.0,885.0,12:28:27.189952
157.0,-469.0,903.0,12:28:27.199202
155.0,-318.0,768.0,12:28:27.209656
36.0,-295.0,1106.0,12:28:27.219000
9.0,-471.0,993.0,12:28:27.228389
201.0,-408.0,596.0,12:28:27.238881
116.0,-478.0,668.0,12:28:27.248272
112.0,-556.0,1186.0,12:28:27.258712
-70.0,-529.0,941.0,12:28:27.268120
175.0,-428.0,1001.0,12:28:27.278570
-45.0,-604.0,1072.0,12:28:27.287913
313.0,-863.0,930.0,12:28:27.298395
167.0,-785.0,796.0,12:28:27.307847
-43.0,-615.0,935.0,12:28:27.317270
157.0,-518.0,703.0,12:28:27.327865
-104.0,-384.0,1101.0,12:28:27.337165
-61.0,-418.0,891.0,12:28:27.346724
-135.0,-680.0,585.0,12:28:27.357189
83.0,-638.0,917.0,12:28:27.366656
155.0,-587.0,1220.0,12:28:27.377229
109.0,-500.0,640.0,12:28:27.386743
-12.0,-557.0,754.0,12:28:27.396134
246.0,-452.0,1026.0,12:28:27.406782
51.0,-693.0,861.0,12:28:27.416136
175.0,-503.0,790.0,12:28:27.425458
-49.0,-346.0,1142.0,12:28:27.435901
155.0,-567.0,811.0,12:28:27.445263
291.0,-537.0,674.0,12:28:27.455826
-163.0,-442.0,1061.0,12:28:27.465226
13.0,-458.0,934.0,12:28:27.475757
0.0,-351.0,496.0,12:28:27.485051
163.0,-562.0,808.0,12:28:27.494395
196.0,-598.0,1144.0,12:28:27.505934
-76.0,-397.0,688.0,12:28:27.514408
-97.0,-268.0,812.0,12:28:27.524949
140.0,-628.0,1208.0,12:28:27.534272
62.0,-653.0,1006.0,12:28:27.543666
14.0,-506.0,513.0,12:28:27.554134
-156.0,-468.0,1200.0,12:28:27.563688
-80.0,-524.0,1460.0,12:28:27.574135
237.0,-500.0,390.0,12:28:27.583590
26.0,-567.0,824.0,12:28:27.594044
76.0,-465.0,1191.0,12:28:27.603500
-126.0,-657.0,1067.0,12:28:27.612911
158.0,-517.0,770.0,12:28:27.623572
118.0,-648.0,1054.0,12:28:27.632826
225.0,-634.0,698.0,12:28:27.642304
-104.0,-282.0,668.0,12:28:27.652727
-211.0,-331.0,1383.0,12:28:27.662175
66.0,-297.0,1024.0,12:28:27.672602
133.0,-488.0,755.0,12:28:27.681965
120.0,-396.0,467.0,12:28:27.692450
80.0,-518.0,1013.0,12:28:27.701869
-104.0,-592.0,1351.0,12:28:27.712323
-34.0,-324.0,783.0,12:28:27.721661
-180.0,-439.0,851.0,12:28:27.731051
37.0,-605.0,1292.0,12:28:27.741688
137.0,-495.0,901.0,12:28:27.750997
-58.0,-677.0,787.0,12:28:27.761562
225.0,-467.0,806.0,12:28:27.770846
-110.0,-691.0,1377.0,12:28:27.780226
133.0,-640.0,911.0,12:28:27.790634
139.0,-540.0,575.0,12:28:27.800158
-139.0,-434.0,965.0,12:28:27.810568
176.0,-414.0,1147.0,12:28:27.820056
-32.0,-416.0,619.0,12:28:27.829476
112.0,-283.0,670.0,12:28:27.840150
101.0,-421.0,1001.0,12:28:27.849508
-144.0,-409.0,847.0,12:28:27.860229
199.0,-650.0,890.0,12:28:27.869518
78.0,-744.0,839.0,12:28:27.878955
131.0,-675.0,1004.0,12:28:27.889471
-60.0,-412.0,763.0,12:28:27.898947
-4.0,-501.0,911.0,12:28:27.909418
94.0,-464.0,1106.0,12:28:27.918836
-212.0,-402.0,663.0,12:28:27.928203
105.0,-337.0,361.0,12:28:27.938905
18.0,-421.0,1141.0,12:28:27.948202
-57.0,-527.0,1417.0,12:28:27.957646
2.0,-489.0,523.0,12:28:27.968175
-245.0,-418.0,632.0,12:28:27.977640
24.0,-373.0,1242.0,12:28:27.988179
-174.0,-650.0,1008.0,12:28:27.997479
61.0,-664.0,1187.0,12:28:28.007932
133.0,-297.0,1002.0,12:28:28.017371
-13.0,-331.0,604.0,12:28:28.026832
218.0,-765.0,903.0,12:28:28.037360
-4.0,-898.0,1575.0,12:28:28.046698
177.0,-510.0,1108.0,12:28:28.057204
70.0,-515.0,750.0,12:28:28.066546
-12.0,-622.0,762.0,12:28:28.076940
244.0,-587.0,821.0,12:28:28.086353
-11.0,-660.0,712.0,12:28:28.095829
214.0,-547.0,947.0,12:28:28.106241
-87.0,-338.0,830.0,12:28:28.115846
14.0,-528.0,633.0,12:28:28.125242
88.0,-485.0,784.0,12:28:28.135799
47.0,-718.0,919.0,12:28:28.145186
76.0,-740.0,971.0,12:28:28.155661
141.0,-546.0,827.0,12:28:28.165047
-44.0,-519.0,940.0,12:28:28.175512
72.0,-350.0,935.0,12:28:28.185045
-157.0,-348.0,633.0,12:28:28.194378
158.0,-499.0,911.0,12:28:28.204886
131.0,-612.0,876.0,12:28:28.214161
-132.0,-518.0,856.0,12:28:28.224681
11.0,-615.0,899.0,12:28:28.233934
68.0,-493.0,746.0,12:28:28.243514
6.0,-560.0,1111.0,12:28:28.253911
65.0,-461.0,1387.0,12:28:28.263416
-34.0,-610.0,1032.0,12:28:28.273899
261.0,-460.0,500.0,12:28:28.283460
111.0,-608.0,848.0,12:28:28.292804
36.0,-513.0,1129.0,12:28:28.307734
63.0,-670.0,1101.0,12:28:28.312675
-3.0,-540.0,669.0,12:28:28.323150
33.0,-478.0,748.0,12:28:28.332559
-69.0,-423.0,901.0,12:28:28.342989
6.0,-547.0,947.0,12:28:28.352388
-41.0,-565.0,871.0,12:28:28.361700
142.0,-660.0,926.0,12:28:28.372306
143.0,-534.0,921.0,12:28:28.381694
-55.0,-428.0,986.0,12:28:28.391228
-22.0,-496.0,1065.0,12:28:28.401636
-36.0,-447.0,1114.0,12:28:28.411207
-90.0,-385.0,1026.0,12:28:28.421660
9.0,-388.0,669.0,12:28:28.431099
-8.0,-367.0,997.0,12:28:28.441617
48.0,-405.0,1174.0,12:28:28.450993
92.0,-581.0,1118.0,12:28:28.460276
-67.0,-481.0,768.0,12:28:28.470749
16.0,-614.0,849.0,12:28:28.480100
196.0,-686.0,906.0,12:28:28.490645
-47.0,-437.0,804.0,12:28:28.500057
72.0,-540.0,949.0,12:28:28.510546
-11.0,-534.0,975.0,12:28:28.520009
-26.0,-589.0,816.0,12:28:28.529282
0.0,-622.0,584.0,12:28:28.539761
-3.0,-592.0,1080.0,12:28:28.549097
-24.0,-552.0,1119.0,12:28:28.559576
115.0,-601.0,767.0,12:28:28.568989
-51.0,-668.0,908.0,12:28:28.579532
-9.0,-793.0,1135.0,12:28:28.588868
116.0,-629.0,706.0,12:28:28.598278
0.0,-529.0,642.0,12:28:28.608779
-150.0,-452.0,1035.0,12:28:28.618080
89.0,-530.0,921.0,12:28:28.628562
-208.0,-297.0,768.0,12:28:28.637926
3.0,-225.0,782.0,12:28:28.648441
-163.0,-232.0,1109.0,12:28:28.657878
224.0,-461.0,1124.0,12:28:28.667204
152.0,-481.0,920.0,12:28:28.683726
192.0,-506.0,1120.0,12:28:28.691277
133.0,-580.0,973.0,12:28:28.697354
-27.0,-544.0,1018.0,12:28:28.712347
175.0,-542.0,770.0,12:28:28.718412
91.0,-728.0,657.0,12:28:28.730622
-8.0,-578.0,937.0,12:28:28.736726
-74.0,-400.0,878.0,12:28:28.746645
-17.0,-451.0,983.0,12:28:28.756036
-5.0,-535.0,778.0,12:28:28.766668
-192.0,-428.0,826.0,12:28:28.775942
92.0,-577.0,998.0,12:28:28.786533
30.0,-545.0,1113.0,12:28:28.795820
51.0,-664.0,1030.0,12:28:28.805216
119.0,-581.0,738.0,12:28:28.815744
-24.0,-657.0,904.0,12:28:28.825115
157.0,-624.0,1017.0,12:28:28.835655
-30.0,-472.0,893.0,12:28:28.845008
205.0,-485.0,879.0,12:28:28.855451
127.0,-455.0,875.0,12:28:28.864779
124.0,-660.0,660.0,12:28:28.875213
-45.0,-544.0,719.0,12:28:28.884712
92.0,-459.0,1029.0,12:28:28.894133
3.0,-694.0,990.0,12:28:28.904633
185.0,-637.0,710.0,12:28:28.914043
26.0,-566.0,705.0,12:28:28.923480
52.0,-440.0,1037.0,12:28:28.933884
-23.0,-445.0,1113.0,12:28:28.943204
-44.0,-314.0,737.0,12:28:28.953644
56.0,-319.0,942.0,12:28:28.963119
63.0,-541.0,1088.0,12:28:28.973588
-2.0,-599.0,951.0,12:28:28.982872
35.0,-473.0,896.0,12:28:28.993530
-22.0,-570.0,925.0,12:28:29.002834
68.0,-540.0,1186.0,12:28:29.012139
112.0,-467.0,827.0,12:28:29.022632
49.0,-436.0,617.0,12:28:29.031939
126.0,-562.0,1037.0,12:28:29.042402
-3.0,-518.0,832.0,12:28:29.062003
57.0,-483.0,789.0,12:28:29.071428
20.0,-528.0,1015.0,12:28:29.081850
-166.0,-715.0,1160.0,12:28:29.091193
192.0,-677.0,644.0,12:28:29.101648
84.0,-464.0,717.0,12:28:29.111190
117.0,-578.0,925.0,12:28:29.120554
-48.0,-467.0,899.0,12:28:29.131125
-146.0,-384.0,903.0,12:28:29.140411
1.0,-356.0,742.0,12:28:29.150972
140.0,-404.0,867.0,12:28:29.160210
-186.0,-427.0,999.0,12:28:29.170791
-25.0,-497.0,1184.0,12:28:29.180163
129.0,-570.0,994.0,12:28:29.189577
152.0,-524.0,929.0,12:28:29.200044
57.0,-619.0,1082.0,12:28:29.209588
-99.0,-349.0,906.0,12:28:29.229241
-30.0,-403.0,869.0,12:28:29.239746
-190.0,-472.0,1040.0,12:28:29.249196
-7.0,-559.0,658.0,12:28:29.258534
-60.0,-475.0,723.0,12:28:29.269032
8.0,-467.0,1114.0,12:28:29.278393
37.0,-607.0,871.0,12:28:29.288918
93.0,-470.0,825.0,12:28:29.298265
65.0,-621.0,993.0,12:28:29.307741
-32.0,-465.0,809.0,12:28:29.318181
53.0,-447.0,1107.0,12:28:29.327640
47.0,-534.0,959.0,12:28:29.338087
62.0,-430.0,663.0,12:28:29.347473
-23.0,-518.0,960.0,12:28:29.357906
89.0,-589.0,1001.0,12:28:29.367302
28.0,-539.0,920.0,12:28:29.376709
30.0,-453.0,864.0,12:28:29.387200
158.0,-514.0,897.0,12:28:29.396577
-136.0,-628.0,840.0,12:28:29.406988
87.0,-490.0,885.0,12:28:29.416319
-57.0,-311.0,975.0,12:28:29.426942
-24.0,-345.0,836.0,12:28:29.436286
45.0,-465.0,878.0,12:28:29.445683
188.0,-447.0,602.0,12:28:29.456251
19.0,-608.0,1114.0,12:28:29.465613
249.0,-527.0,1229.0,12:28:29.476062
-54.0,-702.0,1006.0,12:28:29.485316
170.0,-462.0,720.0,12:28:29.495956
-2.0,-627.0,1064.0,12:28:29.510948
-28.0,-555.0,948.0,12:28:29.514954
137.0,-473.0,678.0,12:28:29.525503
123.0,-577.0,792.0,12:28:29.534733
-14.0,-697.0,798.0,12:28:29.545332
-103.0,-517.0,660.0,12:28:29.554632
-1.0,-558.0,919.0,12:28:29.564016
-20.0,-339.0,732.0,12:28:29.574523
19.0,-438.0,465.0,12:28:29.583901
61.0,-436.0,1370.0,12:28:29.594482
-91.0,-618.0,1293.0,12:28:29.603891
192.0,-474.0,738.0,12:28:29.614329
130.0,-451.0,849.0,12:28:29.623726
145.0,-682.0,1468.0,12:28:29.633063
133.0,-762.0,908.0,12:28:29.643635
215.0,-630.0,743.0,12:28:29.652964
-69.0,-449.0,1110.0,12:28:29.663577
86.0,-604.0,955.0,12:28:29.672998
-76.0,-589.0,699.0,12:28:29.682369
114.0,-509.0,725.0,12:28:29.692852
90.0,-574.0,667.0,12:28:29.702276
25.0,-205.0,997.0,12:28:29.712709
-19.0,-332.0,1103.0,12:28:29.722054
27.0,-541.0,656.0,12:28:29.732516
-22.0,-526.0,740.0,12:28:29.741852
-57.0,-367.0,952.0,12:28:29.751245
-48.0,-446.0,1343.0,12:28:29.761810
71.0,-509.0,1003.0,12:28:29.771248
55.0,-529.0,748.0,12:28:29.781668
62.0,-560.0,638.0,12:28:29.790982
156.0,-484.0,795.0,12:28:29.801399
4.0,-668.0,1302.0,12:28:29.810819
19.0,-439.0,911.0,12:28:29.821168
-22.0,-419.0,477.0,12:28:29.830567
37.0,-634.0,984.0,12:28:29.839918
-78.0,-533.0,1152.0,12:28:29.850423
-75.0,-483.0,1035.0,12:28:29.859794
-145.0,-262.0,734.0,12:28:29.870322
37.0,-619.0,1018.0,12:28:29.879560
55.0,-571.0,1011.0,12:28:29.890165
193.0,-594.0,756.0,12:28:29.899463
30.0,-457.0,783.0,12:28:29.912437
54.0,-361.0,1062.0,12:28:29.919703
122.0,-521.0,972.0,12:28:29.928978
107.0,-560.0,777.0,12:28:29.939509
-56.0,-501.0,1022.0,12:28:29.948856
100.0,-718.0,1107.0,12:28:29.958208
104.0,-483.0,1233.0,12:28:29.968617
50.0,-480.0,996.0,12:28:29.977990
115.0,-435.0,783.0,12:28:29.988444
-90.0,-441.0,1065.0,12:28:29.997890
94.0,-515.0,938.0,12:28:30.008363
-36.0,-422.0,707.0,12:28:30.017911
37.0,-493.0,1028.0,12:28:30.027521
8.0,-329.0,878.0,12:28:30.038120
36.0,-270.0,833.0,12:28:30.047416
28.0,-368.0,858.0,12:28:30.056932
81.0,-660.0,1168.0,12:28:30.067394
141.0,-558.0,728.0,12:28:30.076719
77.0,-542.0,799.0,12:28:30.087343
121.0,-525.0,1271.0,12:28:30.096707
214.0,-719.0,979.0,12:28:30.105999
107.0,-456.0,825.0,12:28:30.116551
46.0,-472.0,714.0,12:28:30.125915
51.0,-567.0,807.0,12:28:30.136515
244.0,-386.0,901.0,12:28:30.145843
-88.0,-304.0,862.0,12:28:30.156323
-24.0,-326.0,795.0,12:28:30.165817
70.0,-561.0,695.0,12:28:30.175135
-1.0,-434.0,756.0,12:28:30.185784
-5.0,-394.0,1048.0,12:28:30.195061
106.0,-620.0,930.0,12:28:30.204565
191.0,-494.0,963.0,12:28:30.215004
93.0,-418.0,1203.0,12:28:30.224352
35.0,-617.0,1085.0,12:28:30.234782
138.0,-601.0,863.0,12:28:30.244186
229.0,-461.0,1032.0,12:28:30.254602
192.0,-691.0,917.0,12:28:30.264052
206.0,-332.0,526.0,12:28:30.274645
22.0,-623.0,979.0,12:28:30.284025
70.0,-632.0,926.0,12:28:30.293399
44.0,-463.0,773.0,12:28:30.303879
208.0,-444.0,870.0,12:28:30.313157
47.0,-611.0,1094.0,12:28:30.323642
205.0,-657.0,920.0,12:28:30.332866
18.0,-351.0,855.0,12:28:30.343519
54.0,-477.0,1189.0,12:28:30.352864
159.0,-635.0,1096.0,12:28:30.362345
134.0,-668.0,766.0,12:28:30.372745
18.0,-648.0,986.0,12:28:30.382081
120.0,-482.0,764.0,12:28:30.392489
56.0,-501.0,809.0,12:28:30.401886
-91.0,-520.0,938.0,12:28:30.412298
112.0,-569.0,775.0,12:28:30.421659
-130.0,-384.0,949.0,12:28:30.432283
90.0,-367.0,852.0,12:28:30.441692
59.0,-500.0,955.0,12:28:30.451136
95.0,-517.0,858.0,12:28:30.461581
-151.0,-619.0,993.0,12:28:30.470888
189.0,-474.0,1145.0,12:28:30.481333
194.0,-524.0,928.0,12:28:30.490658
-42.0,-416.0,647.0,12:28:30.501152
183.0,-483.0,887.0,12:28:30.510627
-47.0,-609.0,1214.0,12:28:30.519992
72.0,-503.0,746.0,12:28:30.530666
-8.0,-688.0,765.0,12:28:30.540016
147.0,-610.0,833.0,12:28:30.549459
55.0,-542.0,838.0,12:28:30.559980
-68.0,-597.0,901.0,12:28:30.569334
-36.0,-413.0,765.0,12:28:30.579927
-137.0,-470.0,908.0,12:28:30.589345
-6.0,-366.0,801.0,12:28:30.598875
-63.0,-401.0,931.0,12:28:30.609360
-234.0,-591.0,1045.0,12:28:30.618768
-122.0,-641.0,1035.0,12:28:30.629283
100.0,-599.0,1124.0,12:28:30.638605
137.0,-594.0,1215.0,12:28:30.649070
136.0,-753.0,1026.0,12:28:30.658426
15.0,-500.0,1186.0,12:28:30.667816
93.0,-533.0,1155.0,12:28:30.678306
106.0,-420.0,813.0,12:28:30.687699
-244.0,-455.0,917.0,12:28:30.698272
21.0,-474.0,994.0,12:28:30.713114
-80.0,-523.0,941.0,12:28:30.717033
-79.0,-560.0,931.0,12:28:30.727730
3.0,-507.0,906.0,12:28:30.737017
76.0,-654.0,977.0,12:28:30.747526
188.0,-634.0,698.0,12:28:30.756771
66.0,-556.0,827.0,12:28:30.767244
100.0,-344.0,696.0,12:28:30.776561
93.0,-406.0,666.0,12:28:30.787033
37.0,-386.0,975.0,12:28:30.796342
-94.0,-387.0,704.0,12:28:30.805844
19.0,-317.0,661.0,12:28:30.816438
80.0,-620.0,1091.0,12:28:30.825863
204.0,-491.0,914.0,12:28:30.836269
-94.0,-502.0,908.0,12:28:30.845693
130.0,-626.0,1055.0,12:28:30.855137
124.0,-546.0,714.0,12:28:30.865728
-43.0,-394.0,916.0,12:28:30.875021
90.0,-657.0,1164.0,12:28:30.885494
107.0,-687.0,613.0,12:28:30.894863
13.0,-627.0,739.0,12:28:30.904275
-102.0,-508.0,1085.0,12:28:30.914776
-32.0,-520.0,449.0,12:28:30.924088
-240.0,-470.0,862.0,12:28:30.934730
-201.0,-583.0,1070.0,12:28:30.944032
76.0,-803.0,817.0,12:28:30.954737
63.0,-586.0,917.0,12:28:30.964021
70.0,-580.0,1071.0,12:28:30.973518
-119.0,-607.0,1083.0,12:28:30.984095
-40.0,-337.0,836.0,12:28:30.993506
164.0,-427.0,734.0,12:28:31.004006
-78.0,-411.0,874.0,12:28:31.013547
159.0,-361.0,1072.0,12:28:31.022890
-26.0,-518.0,937.0,12:28:31.033449
-32.0,-621.0,833.0,12:28:31.042755
-162.0,-260.0,1037.0,12:28:31.052364
48.0,-635.0,1378.0,12:28:31.062770
105.0,-576.0,928.0,12:28:31.072210
153.0,-414.0,820.0,12:28:31.082615
26.0,-500.0,1023.0,12:28:31.092006
96.0,-527.0,640.0,12:28:31.102374
-28.0,-501.0,867.0,12:28:31.116066
114.0,-591.0,1011.0,12:28:31.122092
145.0,-592.0,638.0,12:28:31.131379
124.0,-505.0,603.0,12:28:31.140815
-75.0,-774.0,1114.0,12:28:31.151391
126.0,-963.0,1052.0,12:28:31.160806
-203.0,-530.0,961.0,12:28:31.171284
-85.0,-633.0,908.0,12:28:31.180671
32.0,-581.0,909.0,12:28:31.190094
153.0,-558.0,684.0,12:28:31.200487
99.0,-665.0,415.0,12:28:31.209797
3.0,-346.0,787.0,12:28:31.220239
-104.0,-204.0,994.0,12:28:31.229545
-78.0,-333.0,917.0,12:28:31.240033
-7.0,-444.0,867.0,12:28:31.249546
-82.0,-427.0,916.0,12:28:31.260094
-7.0,-647.0,1052.0,12:28:31.269437
134.0,-549.0,1472.0,12:28:31.278825
79.0,-606.0,965.0,12:28:31.289337
215.0,-549.0,599.0,12:28:31.298615
73.0,-483.0,1163.0,12:28:31.309068
29.0,-493.0,1082.0,12:28:31.318326
-30.0,-508.0,854.0,12:28:31.329035
-48.0,-321.0,804.0,12:28:31.338279
-60.0,-470.0,834.0,12:28:31.347887
24.0,-457.0,731.0,12:28:31.358259
219.0,-553.0,859.0,12:28:31.367852
70.0,-628.0,1380.0,12:28:31.378279
88.0,-384.0,374.0,12:28:31.387711
50.0,-417.0,611.0,12:28:31.398172
-104.0,-602.0,1607.0,12:28:31.407662
66.0,-700.0,983.0,12:28:31.417074
34.0,-189.0,460.0,12:28:31.427721
-4.0,-315.0,1118.0,12:28:31.437146
157.0,-796.0,1414.0,12:28:31.446649
148.0,-668.0,881.0,12:28:31.457084
157.0,-633.0,564.0,12:28:31.466596
66.0,-674.0,768.0,12:28:31.475910
165.0,-686.0,1204.0,12:28:31.486496
-54.0,-589.0,776.0,12:28:31.495861
-67.0,-289.0,675.0,12:28:31.506484
-111.0,-233.0,939.0,12:28:31.515848
68.0,-402.0,1084.0,12:28:31.525215
48.0,-263.0,857.0,12:28:31.535790
9.0,-361.0,777.0,12:28:31.545153
0.0,-517.0,1176.0,12:28:31.555675
-18.0,-497.0,1051.0,12:28:31.565102
92.0,-933.0,1225.0,12:28:31.574498
93.0,-483.0,647.0,12:28:31.584940
102.0,-467.0,542.0,12:28:31.594393
-114.0,-428.0,1080.0,12:28:31.604822
5.0,-604.0,935.0,12:28:31.614251
-102.0,-615.0,816.0,12:28:31.624668
-99.0,-636.0,663.0,12:28:31.634078
98.0,-427.0,748.0,12:28:31.643522
28.0,-472.0,1210.0,12:28:31.653993
-157.0,-563.0,1028.0,12:28:31.663409
182.0,-589.0,669.0,12:28:31.673995
40.0,-580.0,528.0,12:28:31.683351
220.0,-539.0,852.0,12:28:31.693817
39.0,-633.0,1187.0,12:28:31.703032
-29.0,-372.0,763.0,12:28:31.712442
99.0,-452.0,936.0,12:28:31.722946
252.0,-806.0,932.0,12:28:31.742533
164.0,-397.0,911.0,12:28:31.751975
168.0,-632.0,980.0,12:28:31.762404
142.0,-643.0,567.0,12:28:31.771755
-24.0,-314.0,985.0,12:28:31.782281
125.0,-653.0,1628.0,12:28:31.791658
44.0,-591.0,609.0,12:28:31.802070
84.0,-320.0,331.0,12:28:31.811492
-17.0,-323.0,1177.0,12:28:31.820822
206.0,-787.0,1506.0,12:28:31.831431
33.0,-727.0,747.0,12:28:31.840693
-9.0,-60.0,400.0,12:28:31.851187
-73.0,-377.0,1405.0,12:28:31.860618
145.0,-967.0,1501.0,12:28:31.870060
275.0,-729.0,368.0,12:28:31.880551
-39.0,-215.0,665.0,12:28:31.889992
-67.0,-626.0,1444.0,12:28:31.900610
122.0,-672.0,784.0,12:28:31.915566
-1.0,-569.0,524.0,12:28:31.919349
-117.0,-399.0,1011.0,12:28:31.930097
147.0,-613.0,949.0,12:28:31.939338
-15.0,-328.0,701.0,12:28:31.949962
216.0,-609.0,1093.0,12:28:31.959330
153.0,-695.0,820.0,12:28:31.968814
39.0,-521.0,814.0,12:28:31.979254
3.0,-396.0,705.0,12:28:31.988755
-83.0,-750.0,1331.0,12:28:32.008411
6.0,-543.0,723.0,12:28:32.018963
-72.0,-221.0,590.0,12:28:32.028440
-189.0,-323.0,1104.0,12:28:32.037840
84.0,-471.0,1385.0,12:28:32.048302
174.0,-786.0,921.0,12:28:32.057759
4.0,-475.0,582.0,12:28:32.068226
150.0,-536.0,928.0,12:28:32.077545
-105.0,-465.0,1191.0,12:28:32.088018
83.0,-298.0,1216.0,12:28:32.097415
-65.0,-556.0,734.0,12:28:32.106809
-27.0,-440.0,815.0,12:28:32.117301
55.0,-383.0,1095.0,12:28:32.126664
101.0,-780.0,984.0,12:28:32.137136
42.0,-714.0,657.0,12:28:32.146544
106.0,-223.0,731.0,12:28:32.157020
-121.0,-127.0,965.0,12:28:32.166245
-75.0,-504.0,1101.0,12:28:32.175733
79.0,-534.0,892.0,12:28:32.186293
63.0,-351.0,519.0,12:28:32.195880
37.0,-370.0,1054.0,12:28:32.205266
111.0,-674.0,1367.0,12:28:32.215846
132.0,-513.0,849.0,12:28:32.225115
87.0,-305.0,1029.0,12:28:32.235728
-7.0,-387.0,978.0,12:28:32.245097
109.0,-507.0,540.0,12:28:32.254539
-113.0,-407.0,860.0,12:28:32.265025
-36.0,-488.0,1287.0,12:28:32.274320
-95.0,-632.0,842.0,12:28:32.284834
51.0,-501.0,474.0,12:28:32.294124
-7.0,-399.0,1055.0,12:28:32.304723
9.0,-765.0,1081.0,12:28:32.317244
48.0,-634.0,966.0,12:28:32.324350
-121.0,-548.0,708.0,12:28:32.333859
46.0,-396.0,797.0,12:28:32.343175
55.0,-356.0,772.0,12:28:32.353601
15.0,-721.0,1125.0,12:28:32.362878
131.0,-774.0,906.0,12:28:32.373478
13.0,-237.0,846.0,12:28:32.382793
255.0,-495.0,950.0,12:28:32.393350
-46.0,-706.0,1321.0,12:28:32.402674
-4.0,-488.0,677.0,12:28:32.412147
54.0,-637.0,829.0,12:28:32.422545
125.0,-594.0,1089.0,12:28:32.431927
-4.0,-482.0,775.0,12:28:32.442361
234.0,-329.0,700.0,12:28:32.451736
-270.0,-507.0,1210.0,12:28:32.462238
124.0,-739.0,1000.0,12:28:32.471651
-41.0,-345.0,663.0,12:28:32.482238
-16.0,-657.0,1239.0,12:28:32.491634
243.0,-681.0,1219.0,12:28:32.500922
-120.0,-484.0,704.0,12:28:32.511365
356.0,-584.0,847.0,12:28:32.520643
141.0,-724.0,1112.0,12:28:32.531328
114.0,-713.0,890.0,12:28:32.540580
56.0,-515.0,589.0,12:28:32.551131
-95.0,-337.0,957.0,12:28:32.560443
56.0,-435.0,1021.0,12:28:32.570003
-61.0,-440.0,762.0,12:28:32.580429
101.0,-349.0,571.0,12:28:32.589727
-84.0,-398.0,897.0,12:28:32.600147
186.0,-491.0,1166.0,12:28:32.609494
-69.0,-390.0,1074.0,12:28:32.619986
18.0,-628.0,618.0,12:28:32.629341
180.0,-543.0,837.0,12:28:32.639823
-93.0,-338.0,1232.0,12:28:32.649196
125.0,-510.0,955.0,12:28:32.659600
18.0,-506.0,822.0,12:28:32.669007
-11.0,-483.0,815.0,12:28:32.678285
-33.0,-578.0,983.0,12:28:32.688980
-24.0,-479.0,1018.0,12:28:32.698334
-21.0,-390.0,1007.0,12:28:32.707815
53.0,-425.0,854.0,12:28:32.718341
-19.0,-606.0,988.0,12:28:32.727964
94.0,-422.0,1082.0,12:28:32.738449
171.0,-558.0,780.0,12:28:32.747805
-112.0,-503.0,1091.0,12:28:32.757198
124.0,-494.0,1247.0,12:28:32.767803
84.0,-570.0,735.0,12:28:32.777206
198.0,-398.0,497.0,12:28:32.787762
-20.0,-346.0,1154.0,12:28:32.797134
-12.0,-638.0,1116.0,12:28:32.806682
29.0,-469.0,613.0,12:28:32.817147
-7.0,-474.0,1177.0,12:28:32.836830
163.0,-361.0,985.0,12:28:32.846137
97.0,-354.0,786.0,12:28:32.856678
27.0,-618.0,843.0,12:28:32.865977
47.0,-698.0,1100.0,12:28:32.875310
62.0,-416.0,825.0,12:28:32.885730
16.0,-349.0,1041.0,12:28:32.895040
27.0,-572.0,848.0,12:28:32.905437
24.0,-578.0,816.0,12:28:32.914798
107.0,-523.0,900.0,12:28:32.925256
-59.0,-503.0,1042.0,12:28:32.934629
85.0,-420.0,1008.0,12:28:32.945059
2.0,-344.0,680.0,12:28:32.954399
-39.0,-746.0,1060.0,12:28:32.964808
131.0,-699.0,955.0,12:28:32.974205
85.0,-454.0,866.0,12:28:32.984631
202.0,-364.0,972.0,12:28:32.994022
86.0,-584.0,762.0,12:28:33.003483
24.0,-603.0,483.0,12:28:33.014053
-28.0,-450.0,954.0,12:28:33.023393
-13.0,-519.0,979.0,12:28:33.033899
-8.0,-485.0,835.0,12:28:33.043187
-178.0,-342.0,970.0,12:28:33.053656
14.0,-509.0,776.0,12:28:33.062906
-34.0,-461.0,860.0,12:28:33.073515
-8.0,-608.0,1002.0,12:28:33.082918
122.0,-276.0,905.0,12:28:33.092338
95.0,-421.0,933.0,12:28:33.102729
-29.0,-554.0,922.0,12:28:33.119127
180.0,-581.0,804.0,12:28:33.122429
56.0,-679.0,1064.0,12:28:33.131710
101.0,-589.0,923.0,12:28:33.142334
70.0,-626.0,1080.0,12:28:33.151624
-76.0,-571.0,936.0,12:28:33.162230
70.0,-712.0,963.0,12:28:33.171522
-99.0,-584.0,810.0,12:28:33.180827
22.0,-642.0,819.0,12:28:33.191249
161.0,-425.0,586.0,12:28:33.210908
177.0,-564.0,692.0,12:28:33.220234
-104.0,-531.0,1133.0,12:28:33.230764
136.0,-591.0,871.0,12:28:33.240239
35.0,-416.0,538.0,12:28:33.250719
-141.0,-326.0,830.0,12:28:33.260068
222.0,-598.0,1162.0,12:28:33.270524
-124.0,-624.0,1038.0,12:28:33.280040
69.0,-589.0,660.0,12:28:33.289319
-102.0,-339.0,1028.0,12:28:33.299926
-170.0,-619.0,1383.0,12:28:33.309188
70.0,-638.0,650.0,12:28:33.319722
-33.0,-386.0,703.0,12:28:33.329006
7.0,-565.0,1173.0,12:28:33.339508
11.0,-526.0,976.0,12:28:33.348843
12.0,-530.0,798.0,12:28:33.359353
185.0,-483.0,711.0,12:28:33.368806
-159.0,-736.0,1094.0,12:28:33.378182
-154.0,-549.0,1049.0,12:28:33.388627
-18.0,-721.0,1091.0,12:28:33.398033
-180.0,-560.0,901.0,12:28:33.408481
-104.0,-557.0,1093.0,12:28:33.417871
103.0,-696.0,863.0,12:28:33.428273
90.0,-584.0,595.0,12:28:33.437840
-66.0,-405.0,821.0,12:28:33.447149
-113.0,-520.0,1139.0,12:28:33.457745
-32.0,-575.0,766.0,12:28:33.467000
-38.0,-343.0,624.0,12:28:33.477492
-48.0,-258.0,899.0,12:28:33.486772
42.0,-438.0,1198.0,12:28:33.497339
141.0,-395.0,882.0,12:28:33.506674
-14.0,-576.0,945.0,12:28:33.520446
29.0,-543.0,983.0,12:28:33.526687
112.0,-498.0,953.0,12:28:33.535937
-61.0,-421.0,1130.0,12:28:33.546637
19.0,-566.0,891.0,12:28:33.555891
-46.0,-533.0,711.0,12:28:33.565354
94.0,-458.0,901.0,12:28:33.575871
75.0,-541.0,1098.0,12:28:33.585229
-169.0,-463.0,934.0,12:28:33.595758
14.0,-440.0,879.0,12:28:33.605191
91.0,-461.0,738.0,12:28:33.614665
71.0,-761.0,941.0,12:28:33.625150
-24.0,-567.0,955.0,12:28:33.634502
82.0,-459.0,891.0,12:28:33.645066
-111.0,-407.0,1005.0,12:28:33.654287
-89.0,-604.0,949.0,12:28:33.664822
28.0,-645.0,794.0,12:28:33.674186
-10.0,-445.0,833.0,12:28:33.683581
98.0,-465.0,946.0,12:28:33.694093
25.0,-533.0,870.0,12:28:33.703502
42.0,-493.0,934.0,12:28:33.713919
-97.0,-536.0,948.0,12:28:33.723448
-36.0,-489.0,839.0,12:28:33.732755
-61.0,-435.0,985.0,12:28:33.743232
-20.0,-614.0,1010.0,12:28:33.752583
25.0,-502.0,882.0,12:28:33.763145
-18.0,-538.0,869.0,12:28:33.772511
129.0,-551.0,834.0,12:28:33.783022
159.0,-424.0,1068.0,12:28:33.792418
36.0,-408.0,922.0,12:28:33.801798
83.0,-618.0,793.0,12:28:33.812301
158.0,-722.0,867.0,12:28:33.821608
-55.0,-615.0,793.0,12:28:33.832135
174.0,-520.0,722.0,12:28:33.841499
-50.0,-553.0,947.0,12:28:33.851980
27.0,-439.0,1001.0,12:28:33.861354
14.0,-491.0,801.0,12:28:33.871807
-18.0,-461.0,920.0,12:28:33.881235
84.0,-519.0,953.0,12:28:33.890624
-28.0,-594.0,889.0,12:28:33.901109
212.0,-602.0,948.0,12:28:33.910424
124.0,-575.0,960.0,12:28:33.920884
63.0,-603.0,856.0,12:28:33.930186
-2.0,-554.0,881.0,12:28:33.940610
132.0,-558.0,718.0,12:28:33.950038
-44.0,-426.0,895.0,12:28:33.959445
171.0,-568.0,954.0,12:28:33.970082
-189.0,-459.0,929.0,12:28:33.979386
42.0,-531.0,882.0,12:28:33.990067
159.0,-550.0,990.0,12:28:33.999355
134.0,-535.0,944.0,12:28:34.008816
140.0,-371.0,1042.0,12:28:34.019233
83.0,-556.0,1229.0,12:28:34.028594
101.0,-424.0,631.0,12:28:34.039057
117.0,-341.0,764.0,12:28:34.048450
153.0,-525.0,1142.0,12:28:34.059013
-104.0,-633.0,993.0,12:28:34.068441
-1.0,-403.0,774.0,12:28:34.077817
19.0,-534.0,993.0,12:28:34.088316
84.0,-516.0,938.0,12:28:34.097633
25.0,-420.0,729.0,12:28:34.108132
100.0,-467.0,955.0,12:28:34.117506
-65.0,-650.0,1089.0,12:28:34.127958
146.0,-500.0,861.0,12:28:34.137349
-82.0,-368.0,883.0,12:28:34.146765
-4.0,-587.0,913.0,12:28:34.157188
108.0,-496.0,867.0,12:28:34.166671
115.0,-488.0,727.0,12:28:34.177076
120.0,-470.0,799.0,12:28:34.186552
-17.0,-476.0,960.0,12:28:34.196946
139.0,-510.0,864.0,12:28:34.206343
56.0,-546.0,925.0,12:28:34.215795
113.0,-645.0,926.0,12:28:34.226452
0.0,-470.0,1024.0,12:28:34.235759
30.0,-748.0,1157.0,12:28:34.246251
217.0,-624.0,902.0,12:28:34.255597
58.0,-588.0,948.0,12:28:34.265018
139.0,-527.0,856.0,12:28:34.275562
-45.0,-512.0,943.0,12:28:34.284881
-81.0,-408.0,818.0,12:28:34.295349
56.0,-483.0,774.0,12:28:34.304853
-83.0,-370.0,697.0,12:28:34.321672
-98.0,-588.0,969.0,12:28:34.325461
71.0,-481.0,1149.0,12:28:34.334840
41.0,-452.0,831.0,12:28:34.344146
22.0,-395.0,740.0,12:28:34.354743
-65.0,-455.0,1185.0,12:28:34.364048
36.0,-566.0,884.0,12:28:34.373428
229.0,-342.0,693.0,12:28:34.383851
-73.0,-370.0,1319.0,12:28:34.393236
-8.0,-442.0,926.0,12:28:34.403702
73.0,-593.0,658.0,12:28:34.413161
39.0,-591.0,1001.0,12:28:34.423525
27.0,-521.0,817.0,12:28:34.432985
16.0,-481.0,1008.0,12:28:34.442329
19.0,-688.0,1165.0,12:28:34.452793
221.0,-647.0,647.0,12:28:34.462168
7.0,-500.0,580.0,12:28:34.472676
90.0,-610.0,1034.0,12:28:34.481928
55.0,-732.0,884.0,12:28:34.492435
-156.0,-537.0,907.0,12:28:34.501753
105.0,-448.0,775.0,12:28:34.512470
52.0,-494.0,903.0,12:28:34.521769
-24.0,-438.0,1012.0,12:28:34.531222
-32.0,-469.0,884.0,12:28:34.541633
110.0,-647.0,800.0,12:28:34.551171
253.0,-628.0,844.0,12:28:34.561747
138.0,-617.0,1048.0,12:28:34.580202
86.0,-469.0,1029.0,12:28:34.590823
-219.0,-325.0,845.0,12:28:34.600168
138.0,-460.0,924.0,12:28:34.610773
114.0,-573.0,1202.0,12:28:34.620076
108.0,-427.0,890.0,12:28:34.630640
104.0,-514.0,979.0,12:28:34.639989
4.0,-713.0,1010.0,12:28:34.649406
196.0,-522.0,593.0,12:28:34.659939
40.0,-551.0,815.0,12:28:34.669387
-116.0,-615.0,1148.0,12:28:34.679805
252.0,-676.0,807.0,12:28:34.689209
50.0,-422.0,438.0,12:28:34.699634
77.0,-448.0,832.0,12:28:34.709022
13.0,-484.0,969.0,12:28:34.725029
-77.0,-669.0,1075.0,12:28:34.728809
257.0,-522.0,572.0,12:28:34.738229
14.0,-543.0,948.0,12:28:34.748782
138.0,-501.0,932.0,12:28:34.758171
-57.0,-414.0,848.0,12:28:34.768570
24.0,-463.0,876.0,12:28:34.777902
41.0,-324.0,979.0,12:28:34.788303
-38.0,-447.0,955.0,12:28:34.797783
135.0,-699.0,755.0,12:28:34.807072
44.0,-538.0,847.0,12:28:34.817500
-123.0,-352.0,984.0,12:28:34.826734
-87.0,-479.0,949.0,12:28:34.837234
-130.0,-562.0,992.0,12:28:34.846584
-79.0,-440.0,896.0,12:28:34.857219
-49.0,-486.0,807.0,12:28:34.866684
37.0,-448.0,1047.0,12:28:34.876036
-113.0,-557.0,1250.0,12:28:34.886524
-121.0,-509.0,1145.0,12:28:34.895929
130.0,-481.0,893.0,12:28:34.906570
-55.0,-496.0,860.0,12:28:34.915893
110.0,-579.0,1119.0,12:28:34.926344
210.0,-622.0,1059.0,12:28:34.935728
77.0,-582.0,903.0,12:28:34.945063
85.0,-407.0,809.0,12:28:34.955742
-33.0,-586.0,1126.0,12:28:34.965079
120.0,-521.0,958.0,12:28:34.975573
33.0,-544.0,734.0,12:28:34.985091
73.0,-540.0,780.0,12:28:34.994439
-20.0,-443.0,791.0,12:28:35.005007
-117.0,-514.0,1125.0,12:28:35.014316
39.0,-352.0,797.0,12:28:35.024901
25.0,-431.0,579.0,12:28:35.034160
36.0,-558.0,976.0,12:28:35.043597
75.0,-402.0,961.0,12:28:35.054139
44.0,-474.0,859.0,12:28:35.063553
195.0,-504.0,866.0,12:28:35.073986
24.0,-534.0,998.0,12:28:35.083516
89.0,-358.0,820.0,12:28:35.093949
-30.0,-461.0,864.0,12:28:35.103387
-93.0,-453.0,1005.0,12:28:35.112765
134.0,-292.0,778.0,12:28:35.123209
8.0,-461.0,995.0,12:28:35.132618
188.0,-606.0,1006.0,12:28:35.152260
117.0,-564.0,919.0,12:28:35.162678
75.0,-718.0,1263.0,12:28:35.171985
135.0,-678.0,808.0,12:28:35.182408
-39.0,-691.0,753.0,12:28:35.191737
145.0,-699.0,989.0,12:28:35.202204
170.0,-691.0,893.0,12:28:35.211605
73.0,-658.0,785.0,12:28:35.221056
194.0,-438.0,768.0,12:28:35.231576
-2.0,-503.0,889.0,12:28:35.240873
102.0,-628.0,868.0,12:28:35.251445
213.0,-491.0,844.0,12:28:35.260670
73.0,-426.0,759.0,12:28:35.271311
-135.0,-490.0,988.0,12:28:35.280558
16.0,-311.0,862.0,12:28:35.290001
-6.0,-375.0,825.0,12:28:35.300498
92.0,-333.0,855.0,12:28:35.310209
-56.0,-502.0,960.0,12:28:35.319523
-42.0,-447.0,1060.0,12:28:35.330123
73.0,-341.0,929.0,12:28:35.339460
-8.0,-537.0,954.0,12:28:35.350055
132.0,-579.0,891.0,12:28:35.359408
154.0,-786.0,869.0,12:28:35.369021
151.0,-592.0,899.0,12:28:35.379460
-18.0,-616.0,985.0,12:28:35.389073
14.0,-655.0,762.0,12:28:35.398425
189.0,-701.0,656.0,12:28:35.409028
19.0,-619.0,827.0,12:28:35.418391
42.0,-513.0,804.0,12:28:35.429010
112.0,-689.0,725.0,12:28:35.438349
14.0,-602.0,681.0,12:28:35.447711
138.0,-657.0,815.0,12:28:35.458284
65.0,-466.0,896.0,12:28:35.467571
85.0,-378.0,881.0,12:28:35.478122
-131.0,-349.0,711.0,12:28:35.487447
88.0,-262.0,933.0,12:28:35.496965
-48.0,-417.0,1017.0,12:28:35.507458
168.0,-289.0,1018.0,12:28:35.528110
-52.0,-300.0,1201.0,12:28:35.537371
86.0,-697.0,1637.0,12:28:35.546832
124.0,-744.0,1481.0,12:28:35.556134
208.0,-712.0,1353.0,12:28:35.566727
44.0,-611.0,1362.0,12:28:35.575956
-18.0,-922.0,1407.0,12:28:35.586529
116.0,-779.0,1014.0,12:28:35.595854
63.0,-712.0,841.0,12:28:35.606438
-21.0,-609.0,877.0,12:28:35.615728
-37.0,-511.0,535.0,12:28:35.625197
-187.0,-677.0,452.0,12:28:35.635717
-39.0,-605.0,649.0,12:28:35.645121
-63.0,-338.0,715.0,12:28:35.655707
49.0,-516.0,816.0,12:28:35.665134
-96.0,-567.0,794.0,12:28:35.674533
116.0,-513.0,553.0,12:28:35.685055
97.0,-480.0,570.0,12:28:35.694355
25.0,-491.0,652.0,12:28:35.704808
77.0,-463.0,924.0,12:28:35.714080
-94.0,-480.0,892.0,12:28:35.723685
17.0,-432.0,824.0,12:28:35.734153
-42.0,-352.0,915.0,12:28:35.743539
21.0,-469.0,1038.0,12:28:35.753959
-55.0,-452.0,1305.0,12:28:35.763364
11.0,-556.0,1105.0,12:28:35.773769
114.0,-485.0,877.0,12:28:35.783131
62.0,-395.0,837.0,12:28:35.793487
24.0,-600.0,1030.0,12:28:35.802892
80.0,-436.0,707.0,12:28:35.813373
-132.0,-417.0,768.0,12:28:35.822794
3.0,-410.0,647.0,12:28:35.832164
-60.0,-573.0,908.0,12:28:35.842730
-1.0,-583.0,653.0,12:28:35.851999
45.0,-538.0,1017.0,12:28:35.862546
51.0,-372.0,808.0,12:28:35.871779
24.0,-583.0,937.0,12:28:35.882458
107.0,-608.0,831.0,12:28:35.891699
128.0,-796.0,1044.0,12:28:35.901125
49.0,-640.0,879.0,12:28:35.911676
-65.0,-198.0,1298.0,12:28:35.925732
-153.0,-63.0,1451.0,12:28:35.930745
-49.0,-105.0,1196.0,12:28:35.941232
-24.0,-193.0,867.0,12:28:35.950714
155.0,-390.0,1092.0,12:28:35.961270
125.0,-648.0,1233.0,12:28:35.970662
186.0,-649.0,996.0,12:28:35.980040
43.0,-668.0,924.0,12:28:35.990589
131.0,-714.0,870.0,12:28:35.999955
59.0,-707.0,958.0,12:28:36.019559
-16.0,-657.0,674.0,12:28:36.030119
166.0,-612.0,427.0,12:28:36.039409
3.0,-601.0,546.0,12:28:36.048905
75.0,-613.0,679.0,12:28:36.059442
-130.0,-643.0,755.0,12:28:36.068969
14.0,-528.0,560.0,12:28:36.079403
180.0,-523.0,857.0,12:28:36.088963
27.0,-508.0,838.0,12:28:36.098246
102.0,-407.0,687.0,12:28:36.108176
107.0,-556.0,1044.0,12:28:36.118923
58.0,-425.0,1232.0,12:28:36.128307
237.0,-506.0,915.0,12:28:36.137666
53.0,-365.0,928.0,12:28:36.148119
99.0,-512.0,1005.0,12:28:36.157408
75.0,-612.0,926.0,12:28:36.167896
42.0,-489.0,734.0,12:28:36.177304
31.0,-453.0,779.0,12:28:36.187831
-53.0,-572.0,904.0,12:28:36.197174
42.0,-645.0,745.0,12:28:36.206653
-44.0,-539.0,904.0,12:28:36.217234
-95.0,-413.0,1037.0,12:28:36.226680
-69.0,-486.0,1179.0,12:28:36.237125
-109.0,-608.0,1086.0,12:28:36.246604
140.0,-672.0,893.0,12:28:36.255916
-80.0,-454.0,927.0,12:28:36.266468
109.0,-497.0,1026.0,12:28:36.275863
-83.0,-370.0,875.0,12:28:36.286445
24.0,-253.0,843.0,12:28:36.295777
-25.0,-320.0,1209.0,12:28:36.305124
176.0,-455.0,969.0,12:28:36.315774
47.0,-363.0,862.0,12:28:36.325164
94.0,-609.0,1247.0,12:28:36.344888
64.0,-539.0,811.0,12:28:36.355319
79.0,-660.0,746.0,12:28:36.364676
135.0,-586.0,1128.0,12:28:36.374060
-61.0,-587.0,697.0,12:28:36.384589
57.0,-619.0,641.0,12:28:36.393992
71.0,-495.0,776.0,12:28:36.404574
173.0,-640.0,556.0,12:28:36.424210
-32.0,-505.0,918.0,12:28:36.433518
159.0,-531.0,817.0,12:28:36.444054
107.0,-451.0,830.0,12:28:36.453393
182.0,-309.0,890.0,12:28:36.462795
15.0,-317.0,1178.0,12:28:36.473237
70.0,-644.0,789.0,12:28:36.482730
86.0,-364.0,956.0,12:28:36.493227
91.0,-302.0,1238.0,12:28:36.502602
-137.0,-324.0,1088.0,12:28:36.513019
-26.0,-502.0,874.0,12:28:36.522426
-46.0,-424.0,878.0,12:28:36.531804
2.0,-471.0,877.0,12:28:36.542411
28.0,-565.0,950.0,12:28:36.551687
0.0,-622.0,778.0,12:28:36.562344
150.0,-862.0,661.0,12:28:36.571611
85.0,-632.0,667.0,12:28:36.582119
109.0,-810.0,1076.0,12:28:36.591495
72.0,-364.0,890.0,12:28:36.600889
-8.0,-280.0,917.0,12:28:36.611350
31.0,-693.0,955.0,12:28:36.620730
207.0,-655.0,674.0,12:28:36.631210
173.0,-544.0,743.0,12:28:36.640564
76.0,-504.0,1075.0,12:28:36.650972
9.0,-561.0,971.0,12:28:36.660304
26.0,-545.0,875.0,12:28:36.670751
103.0,-475.0,809.0,12:28:36.680137
-105.0,-451.0,826.0,12:28:36.690516
6.0,-521.0,1125.0,12:28:36.699825
-50.0,-408.0,910.0,12:28:36.710248
-86.0,-501.0,833.0,12:28:36.727602
73.0,-621.0,991.0,12:28:36.729684
187.0,-704.0,1146.0,12:28:36.739068
48.0,-352.0,809.0,12:28:36.749553
-99.0,-563.0,925.0,12:28:36.759082
93.0,-658.0,745.0,12:28:36.768486
18.0,-602.0,878.0,12:28:36.778972
140.0,-629.0,969.0,12:28:36.788342
8.0,-683.0,822.0,12:28:36.798852
9.0,-582.0,624.0,12:28:36.808318
151.0,-530.0,786.0,12:28:36.818733
-55.0,-599.0,963.0,12:28:36.828097
38.0,-495.0,932.0,12:28:36.837423
-7.0,-476.0,826.0,12:28:36.848004
89.0,-522.0,951.0,12:28:36.857469
60.0,-543.0,852.0,12:28:36.866870
135.0,-493.0,1035.0,12:28:36.877344
-44.0,-342.0,1078.0,12:28:36.886825
-86.0,-527.0,943.0,12:28:36.897263
55.0,-531.0,929.0,12:28:36.906672
-93.0,-592.0,905.0,12:28:36.917155
68.0,-550.0,995.0,12:28:36.926564
125.0,-535.0,1042.0,12:28:36.935963
-30.0,-604.0,712.0,12:28:36.946545
109.0,-535.0,812.0,12:28:36.955911
-44.0,-427.0,964.0,12:28:36.966509
-46.0,-540.0,981.0,12:28:36.975835
175.0,-500.0,976.0,12:28:36.985212
45.0,-447.0,946.0,12:28:36.995763
-21.0,-572.0,1233.0,12:28:37.005122
-5.0,-536.0,832.0,12:28:37.015753
95.0,-449.0,986.0,12:28:37.025029
20.0,-616.0,1244.0,12:28:37.034477
132.0,-556.0,850.0,12:28:37.044926
-7.0,-505.0,801.0,12:28:37.054264
65.0,-412.0,837.0,12:28:37.064744
49.0,-508.0,977.0,12:28:37.074077
-61.0,-509.0,1050.0,12:28:37.084736
90.0,-662.0,733.0,12:28:37.094123
196.0,-365.0,518.0,12:28:37.103466
-103.0,-321.0,835.0,12:28:37.114062
102.0,-659.0,1204.0,12:28:37.129093
43.0,-480.0,866.0,12:28:37.133024
166.0,-369.0,375.0,12:28:37.143537
20.0,-353.0,682.0,12:28:37.152804
98.0,-468.0,1101.0,12:28:37.163478
140.0,-513.0,1018.0,12:28:37.172764
149.0,-628.0,767.0,12:28:37.182271
-39.0,-398.0,648.0,12:28:37.192695
-125.0,-457.0,1078.0,12:28:37.202100
5.0,-516.0,858.0,12:28:37.212618
27.0,-212.0,165.0,12:28:37.221888
-51.0,-369.0,902.0,12:28:37.232310
-127.0,-319.0,1729.0,12:28:37.241816
-191.0,-373.0,1017.0,12:28:37.252306
42.0,-800.0,1124.0,12:28:37.261665
94.0,-937.0,1661.0,12:28:37.271030
318.0,-800.0,1089.0,12:28:37.281570
175.0,-398.0,823.0,12:28:37.290939
44.0,-579.0,1002.0,12:28:37.301404
107.0,-862.0,791.0,12:28:37.310792
36.0,-575.0,634.0,12:28:37.320239
-158.0,-388.0,708.0,12:28:37.330725
39.0,-588.0,940.0,12:28:37.340208
-58.0,-617.0,794.0,12:28:37.350636
44.0,-376.0,692.0,12:28:37.360124
134.0,-491.0,709.0,12:28:37.370608
20.0,-474.0,1157.0,12:28:37.380039
-1.0,-372.0,1110.0,12:28:37.389334
56.0,-550.0,874.0,12:28:37.399962
210.0,-618.0,1091.0,12:28:37.409386
64.0,-537.0,1101.0,12:28:37.418861
-26.0,-271.0,674.0,12:28:37.429271
14.0,-543.0,960.0,12:28:37.438703
82.0,-529.0,905.0,12:28:37.449104
142.0,-378.0,504.0,12:28:37.458514
-28.0,-418.0,1054.0,12:28:37.469152
-48.0,-392.0,1204.0,12:28:37.478572
156.0,-653.0,825.0,12:28:37.487846
68.0,-703.0,585.0,12:28:37.498344
151.0,-753.0,885.0,12:28:37.507704
368.0,-736.0,1211.0,12:28:37.518196
45.0,-622.0,998.0,12:28:37.527496
144.0,-460.0,496.0,12:28:37.547083
-118.0,-525.0,969.0,12:28:37.557740
18.0,-547.0,811.0,12:28:37.567067
191.0,-503.0,741.0,12:28:37.577479
50.0,-629.0,836.0,12:28:37.586707
195.0,-922.0,653.0,12:28:37.597245
25.0,-712.0,940.0,12:28:37.606638
-11.0,-393.0,1347.0,12:28:37.615966
-260.0,-198.0,1005.0,12:28:37.626640
17.0,-404.0,880.0,12:28:37.636004
-15.0,-329.0,740.0,12:28:37.646507
57.0,-387.0,836.0,12:28:37.655909
120.0,-98.0,880.0,12:28:37.665232
-253.0,-619.0,1617.0,12:28:37.675830
77.0,-615.0,848.0,12:28:37.685178
24.0,-492.0,758.0,12:28:37.695683
-77.0,-237.0,1186.0,12:28:37.704975
-104.0,-440.0,1172.0,12:28:37.715454
-109.0,-540.0,999.0,12:28:37.724835
-123.0,-533.0,877.0,12:28:37.735303
-43.0,-582.0,1045.0,12:28:37.744672
-152.0,-572.0,1210.0,12:28:37.754118
21.0,-609.0,892.0,12:28:37.764663
-114.0,-384.0,543.0,12:28:37.773930
25.0,-672.0,937.0,12:28:37.784639
118.0,-609.0,832.0,12:28:37.793931
20.0,-316.0,641.0,12:28:37.803256
-123.0,-458.0,773.0,12:28:37.813661
249.0,-607.0,682.0,12:28:37.823033
133.0,-536.0,912.0,12:28:37.833430
48.0,-450.0,1038.0,12:28:37.842727
-64.0,-383.0,1106.0,12:28:37.853151
-8.0,-238.0,1056.0,12:28:37.862547
123.0,-541.0,944.0,12:28:37.873014
177.0,-604.0,761.0,12:28:37.882484
93.0,-558.0,1032.0,12:28:37.892930
-44.0,-439.0,1411.0,12:28:37.902427
74.0,-554.0,956.0,12:28:37.911753
-5.0,-559.0,590.0,12:28:37.925553
-15.0,-670.0,800.0,12:28:37.933241
92.0,-511.0,859.0,12:28:37.941410
-138.0,-252.0,1086.0,12:28:37.952020
20.0,-322.0,1010.0,12:28:37.961342
34.0,-609.0,772.0,12:28:37.971777
156.0,-432.0,868.0,12:28:37.981134
59.0,-372.0,1271.0,12:28:37.990483
141.0,-645.0,879.0,12:28:38.000884
192.0,-637.0,855.0,12:28:38.010224
71.0,-683.0,1399.0,12:28:38.020668
220.0,-623.0,739.0,12:28:38.030098
161.0,-458.0,527.0,12:28:38.040646
116.0,-705.0,859.0,12:28:38.050088
95.0,-743.0,768.0,12:28:38.060541
-50.0,-720.0,613.0,12:28:38.070015
89.0,-749.0,715.0,12:28:38.079298
-68.0,-641.0,893.0,12:28:38.089758
-25.0,-449.0,888.0,12:28:38.099047
-93.0,-547.0,579.0,12:28:38.109616
-22.0,-465.0,934.0,12:28:38.119025
126.0,-433.0,1160.0,12:28:38.129538
-107.0,-313.0,808.0,12:28:38.138881
-101.0,-480.0,887.0,12:28:38.148262
169.0,-569.0,1196.0,12:28:38.158778
4.0,-438.0,1014.0,12:28:38.168243
0.0,-603.0,1036.0,12:28:38.178734
82.0,-642.0,1028.0,12:28:38.188116
53.0,-649.0,1108.0,12:28:38.198537
32.0,-542.0,888.0,12:28:38.207893
22.0,-582.0,754.0,12:28:38.217153
-16.0,-590.0,872.0,12:28:38.227910
185.0,-561.0,767.0,12:28:38.237183
113.0,-481.0,684.0,12:28:38.247788
-4.0,-527.0,986.0,12:28:38.257184
75.0,-567.0,982.0,12:28:38.266686
88.0,-469.0,584.0,12:28:38.277091
83.0,-451.0,798.0,12:28:38.286514
20.0,-540.0,1189.0,12:28:38.297030
-55.0,-465.0,896.0,12:28:38.306567
188.0,-609.0,572.0,12:28:38.315849
38.0,-431.0,870.0,12:28:38.327870
-65.0,-573.0,1064.0,12:28:38.337134
0.0,-463.0,869.0,12:28:38.346461
-85.0,-311.0,725.0,12:28:38.355859
9.0,-266.0,901.0,12:28:38.365208
-89.0,-459.0,1144.0,12:28:38.375848
97.0,-484.0,1019.0,12:28:38.385172
-107.0,-348.0,950.0,12:28:38.394647
70.0,-525.0,992.0,12:28:38.405149
87.0,-599.0,1149.0,12:28:38.414651
71.0,-494.0,936.0,12:28:38.425087
91.0,-510.0,1148.0,12:28:38.444021
-15.0,-475.0,1250.0,12:28:38.454610
127.0,-640.0,718.0,12:28:38.463903
205.0,-528.0,595.0,12:28:38.474424
101.0,-657.0,1080.0,12:28:38.483660
82.0,-507.0,1029.0,12:28:38.494153
-77.0,-589.0,659.0,12:28:38.503466
114.0,-640.0,668.0,12:28:38.513964
19.0,-447.0,838.0,12:28:38.523293
-157.0,-398.0,1046.0,12:28:38.532611
17.0,-385.0,866.0,12:28:38.543050
-67.0,-485.0,836.0,12:28:38.552493
46.0,-493.0,1026.0,12:28:38.562990
-53.0,-548.0,1086.0,12:28:38.572448
-57.0,-466.0,934.0,12:28:38.582872
132.0,-434.0,1010.0,12:28:38.592479
-31.0,-577.0,1095.0,12:28:38.601847
-20.0,-702.0,860.0,12:28:38.612356
99.0,-674.0,861.0,12:28:38.621656
59.0,-549.0,841.0,12:28:38.631153
53.0,-387.0,753.0,12:28:38.641530
-156.0,-481.0,971.0,12:28:38.650958
5.0,-562.0,840.0,12:28:38.661416
64.0,-430.0,829.0,12:28:38.670871
2.0,-269.0,849.0,12:28:38.681328
-46.0,-406.0,955.0,12:28:38.690816
87.0,-643.0,1011.0,12:28:38.700104
-23.0,-464.0,847.0,12:28:38.710642
104.0,-461.0,1003.0,12:28:38.720003
118.0,-429.0,838.0,12:28:38.730582
217.0,-649.0,927.0,12:28:38.739948
93.0,-642.0,898.0,12:28:38.749420
89.0,-492.0,771.0,12:28:38.759960
-73.0,-418.0,791.0,12:28:38.769374
-25.0,-480.0,985.0,12:28:38.779941
64.0,-716.0,1051.0,12:28:38.789369
-29.0,-691.0,834.0,12:28:38.798755
41.0,-604.0,895.0,12:28:38.809205
134.0,-613.0,841.0,12:28:38.818589
1.0,-417.0,920.0,12:28:38.829156
85.0,-454.0,1012.0,12:28:38.838466
-80.0,-543.0,756.0,12:28:38.849038
28.0,-274.0,701.0,12:28:38.858291
71.0,-481.0,1206.0,12:28:38.867751
171.0,-626.0,989.0,12:28:38.878260
105.0,-326.0,450.0,12:28:38.887574
-60.0,-401.0,1207.0,12:28:38.898061
70.0,-693.0,1327.0,12:28:38.907470
229.0,-543.0,760.0,12:28:38.917899
114.0,-376.0,602.0,12:28:38.927266
108.0,-666.0,1183.0,12:28:38.937762
125.0,-489.0,806.0,12:28:38.947097
80.0,-496.0,718.0,12:28:38.956536
1.0,-427.0,811.0,12:28:38.966943
-24.0,-475.0,1113.0,12:28:38.976222
238.0,-657.0,729.0,12:28:38.986866
128.0,-591.0,580.0,12:28:38.996183
44.0,-510.0,1080.0,12:28:39.006727
91.0,-591.0,1362.0,12:28:39.016055
-98.0,-544.0,949.0,12:28:39.025396
284.0,-355.0,482.0,12:28:39.035879
20.0,-420.0,914.0,12:28:39.045125
21.0,-645.0,1132.0,12:28:39.055682
9.0,-590.0,989.0,12:28:39.065001
256.0,-344.0,879.0,12:28:39.075553
-2.0,-389.0,965.0,12:28:39.084854
18.0,-462.0,1030.0,12:28:39.095387
165.0,-453.0,776.0,12:28:39.104703
40.0,-404.0,1066.0,12:28:39.114134
22.0,-395.0,956.0,12:28:39.132462
39.0,-515.0,739.0,12:28:39.133850
44.0,-611.0,1194.0,12:28:39.144730
17.0,-641.0,1276.0,12:28:39.154071
5.0,-549.0,716.0,12:28:39.163523
179.0,-294.0,762.0,12:28:39.173921
-153.0,-587.0,1171.0,12:28:39.183360
33.0,-663.0,1116.0,12:28:39.193816
124.0,-499.0,550.0,12:28:39.203191
-36.0,-443.0,643.0,12:28:39.213596
61.0,-584.0,1127.0,12:28:39.222911
5.0,-627.0,703.0,12:28:39.233421
-5.0,-312.0,785.0,12:28:39.242923
22.0,-339.0,1019.0,12:28:39.252319
93.0,-599.0,869.0,12:28:39.262786
-13.0,-387.0,862.0,12:28:39.272090
-127.0,-475.0,974.0,12:28:39.282582
194.0,-757.0,1196.0,12:28:39.291870
121.0,-538.0,856.0,12:28:39.301262
22.0,-599.0,937.0,12:28:39.311727
53.0,-444.0,886.0,12:28:39.321280
-25.0,-503.0,733.0,12:28:39.331748
74.0,-315.0,748.0,12:28:39.341185
5.0,-129.0,849.0,12:28:39.351568
-92.0,-290.0,1104.0,12:28:39.360962
-31.0,-629.0,1131.0,12:28:39.371351
219.0,-1053.0,1205.0,12:28:39.380708
133.0,-478.0,716.0,12:28:39.390032
29.0,-559.0,1134.0,12:28:39.400601
60.0,-757.0,1256.0,12:28:39.410004
37.0,-696.0,831.0,12:28:39.420431
220.0,-484.0,486.0,12:28:39.429792
154.0,-309.0,741.0,12:28:39.440279
-72.0,-390.0,1085.0,12:28:39.449522
-137.0,-363.0,685.0,12:28:39.459046
22.0,-656.0,640.0,12:28:39.469522
-87.0,-579.0,863.0,12:28:39.479067
64.0,-606.0,1094.0,12:28:39.489531
58.0,-402.0,743.0,12:28:39.498960
-154.0,-626.0,1045.0,12:28:39.509350
152.0,-763.0,885.0,12:28:39.518824
118.0,-668.0,1054.0,12:28:39.535689
215.0,-247.0,875.0,12:28:39.539644
-86.0,-331.0,1121.0,12:28:39.547990
-136.0,-535.0,906.0,12:28:39.558526
90.0,-630.0,821.0,12:28:39.567943
13.0,-399.0,757.0,12:28:39.578381
-18.0,-380.0,870.0,12:28:39.587872
29.0,-587.0,1071.0,12:28:39.597216
57.0,-732.0,905.0,12:28:39.607807
161.0,-388.0,612.0,12:28:39.617167
0.0,-405.0,708.0,12:28:39.627851
-14.0,-578.0,1251.0,12:28:39.637200
236.0,-554.0,909.0,12:28:39.646694
256.0,-501.0,417.0,12:28:39.657100
47.0,-317.0,1068.0,12:28:39.666579
96.0,-603.0,1578.0,12:28:39.675855
84.0,-472.0,458.0,12:28:39.686449
-11.0,-678.0,772.0,12:28:39.695797
161.0,-814.0,1425.0,12:28:39.706447
217.0,-573.0,825.0,12:28:39.715759
105.0,-394.0,389.0,12:28:39.725160
-6.0,-501.0,1005.0,12:28:39.735703
112.0,-372.0,1237.0,12:28:39.745061
-66.0,-551.0,478.0,12:28:39.755614
-4.0,-435.0,462.0,12:28:39.764995
-66.0,-436.0,1302.0,12:28:39.775429
-154.0,-539.0,797.0,12:28:39.793967
-80.0,-374.0,696.0,12:28:39.804609
169.0,-687.0,990.0,12:28:39.813932
-2.0,-549.0,1109.0,12:28:39.824435
137.0,-487.0,843.0,12:28:39.833843
-128.0,-666.0,1057.0,12:28:39.844385
78.0,-419.0,866.0,12:28:39.853738
-37.0,-502.0,854.0,12:28:39.864162
102.0,-580.0,890.0,12:28:39.873514
-80.0,-658.0,1113.0,12:28:39.882853
35.0,-611.0,786.0,12:28:39.893360
-129.0,-458.0,585.0,12:28:39.902650
-103.0,-409.0,937.0,12:28:39.913175
34.0,-347.0,955.0,12:28:39.922612
-107.0,-422.0,1091.0,12:28:39.933059
138.0,-513.0,896.0,12:28:39.942432
29.0,-626.0,1125.0,12:28:39.952940
171.0,-504.0,1019.0,12:28:39.962314
88.0,-652.0,1058.0,12:28:39.971658
-3.0,-372.0,671.0,12:28:39.982118
122.0,-362.0,1024.0,12:28:39.991595
52.0,-543.0,1273.0,12:28:40.002035
116.0,-607.0,370.0,12:28:40.011439
54.0,-403.0,688.0,12:28:40.021920
99.0,-445.0,1027.0,12:28:40.031271
-52.0,-459.0,1338.0,12:28:40.040576
205.0,-303.0,754.0,12:28:40.051279
-7.0,-399.0,583.0,12:28:40.060569
40.0,-425.0,992.0,12:28:40.071188
-9.0,-540.0,1336.0,12:28:40.080635
198.0,-511.0,641.0,12:28:40.090074
88.0,-430.0,616.0,12:28:40.100539
147.0,-707.0,1235.0,12:28:40.110128
120.0,-692.0,1015.0,12:28:40.119497
-18.0,-426.0,597.0,12:28:40.129996
-2.0,-372.0,649.0,12:28:40.139406
62.0,-828.0,1318.0,12:28:40.150036
-59.0,-660.0,1155.0,12:28:40.159383
105.0,-472.0,434.0,12:28:40.168776
47.0,-354.0,719.0,12:28:40.179269
-47.0,-562.0,1221.0,12:28:40.188684
242.0,-560.0,651.0,12:28:40.199256
-55.0,-341.0,653.0,12:28:40.208547
-13.0,-313.0,959.0,12:28:40.219026
53.0,-536.0,1286.0,12:28:40.228333
-19.0,-563.0,942.0,12:28:40.237844
111.0,-499.0,745.0,12:28:40.248254
-66.0,-259.0,1007.0,12:28:40.257653
244.0,-798.0,1286.0,12:28:40.268191
178.0,-666.0,832.0,12:28:40.277644
19.0,-546.0,1197.0,12:28:40.288038
88.0,-421.0,672.0,12:28:40.297337
-145.0,-518.0,543.0,12:28:40.306696
236.0,-666.0,1153.0,12:28:40.317255
111.0,-406.0,806.0,12:28:40.326612
72.0,-313.0,784.0,12:28:40.337735
-80.0,-318.0,990.0,12:28:40.346700
93.0,-771.0,1221.0,12:28:40.355974
263.0,-767.0,684.0,12:28:40.366686
268.0,-515.0,814.0,12:28:40.376031
88.0,-516.0,1284.0,12:28:40.386587
167.0,-623.0,763.0,12:28:40.395871
135.0,-441.0,268.0,12:28:40.405292
-182.0,-326.0,801.0,12:28:40.415790
43.0,-526.0,1129.0,12:28:40.425221
9.0,-388.0,517.0,12:28:40.435710
-59.0,-196.0,1014.0,12:28:40.445055
102.0,-722.0,1399.0,12:28:40.455565
112.0,-789.0,909.0,12:28:40.465053
388.0,-561.0,642.0,12:28:40.474445
65.0,-815.0,1230.0,12:28:40.484962
161.0,-565.0,1015.0,12:28:40.494252
85.0,-453.0,610.0,12:28:40.504812
-130.0,-391.0,881.0,12:28:40.514115
112.0,-331.0,902.0,12:28:40.523550
87.0,-167.0,648.0,12:28:40.533966
76.0,-384.0,1006.0,12:28:40.543417
30.0,-562.0,1161.0,12:28:40.553910
182.0,-518.0,958.0,12:28:40.563440
120.0,-416.0,882.0,12:28:40.573853
-74.0,-756.0,1048.0,12:28:40.583173
157.0,-651.0,1092.0,12:28:40.593586
-28.0,-355.0,834.0,12:28:40.603027
7.0,-524.0,896.0,12:28:40.612293
-157.0,-656.0,1191.0,12:28:40.622838
-74.0,-499.0,571.0,12:28:40.632249
-1.0,-706.0,931.0,12:28:40.642804
-91.0,-664.0,1334.0,12:28:40.652238
-59.0,-403.0,840.0,12:28:40.661608
-126.0,-350.0,715.0,12:28:40.672063
99.0,-536.0,1013.0,12:28:40.681471
45.0,-669.0,1156.0,12:28:40.691893
-131.0,-414.0,696.0,12:28:40.701357
90.0,-402.0,805.0,12:28:40.711856
-132.0,-445.0,1127.0,12:28:40.721376
-26.0,-636.0,939.0,12:28:40.738427
122.0,-542.0,573.0,12:28:40.742239
-28.0,-562.0,1167.0,12:28:40.750560
-3.0,-487.0,1171.0,12:28:40.761085
18.0,-628.0,586.0,12:28:40.770502
61.0,-678.0,1056.0,12:28:40.780861
210.0,-593.0,588.0,12:28:40.790265
14.0,-289.0,509.0,12:28:40.799490
-101.0,-257.0,1449.0,12:28:40.810100
-123.0,-543.0,1023.0,12:28:40.819305
-84.0,-400.0,560.0,12:28:40.829856
-92.0,-519.0,1233.0,12:28:40.839151
189.0,-626.0,1148.0,12:28:40.849657
39.0,-329.0,881.0,12:28:40.859090
50.0,-420.0,1011.0,12:28:40.868496
-19.0,-443.0,781.0,12:28:40.878977
108.0,-428.0,841.0,12:28:40.888362
19.0,-427.0,636.0,12:28:40.898827
-160.0,-462.0,1149.0,12:28:40.908233
2.0,-518.0,1311.0,12:28:40.918725
57.0,-606.0,616.0,12:28:40.928098
149.0,-663.0,859.0,12:28:40.938615
95.0,-525.0,1034.0,12:28:40.947954
124.0,-558.0,1018.0,12:28:40.957247
-68.0,-619.0,957.0,12:28:40.967961
134.0,-631.0,903.0,12:28:40.977245
109.0,-315.0,465.0,12:28:40.987839
110.0,-220.0,697.0,12:28:40.997200
25.0,-446.0,1080.0,12:28:41.006659
93.0,-558.0,1085.0,12:28:41.017114
13.0,-495.0,809.0,12:28:41.026592
127.0,-502.0,502.0,12:28:41.036005
-135.0,-698.0,1191.0,12:28:41.046659
-120.0,-542.0,962.0,12:28:41.055951
64.0,-551.0,1073.0,12:28:41.066512
104.0,-479.0,808.0,12:28:41.075825
75.0,-505.0,941.0,12:28:41.085297
157.0,-607.0,763.0,12:28:41.095699
160.0,-675.0,1032.0,12:28:41.105084
-134.0,-270.0,791.0,12:28:41.115593
-58.0,-241.0,779.0,12:28:41.124961
-128.0,-450.0,1271.0,12:28:41.135395
153.0,-687.0,782.0,12:28:41.144733
214.0,-589.0,659.0,12:28:41.155143
21.0,-541.0,847.0,12:28:41.164734
-151.0,-510.0,1666.0,12:28:41.174140
12.0,-550.0,867.0,12:28:41.184654
-5.0,-567.0,685.0,12:28:41.193905
-18.0,-332.0,721.0,12:28:41.204395
42.0,-559.0,1191.0,12:28:41.213669
181.0,-393.0,620.0,12:28:41.224106
320.0,-517.0,691.0,12:28:41.233448
-191.0,-431.0,1507.0,12:28:41.244099
96.0,-520.0,919.0,12:28:41.253513
-199.0,-677.0,829.0,12:28:41.262835
193.0,-716.0,820.0,12:28:41.273434
120.0,-622.0,903.0,12:28:41.282780
13.0,-444.0,1058.0,12:28:41.293190
16.0,-472.0,822.0,12:28:41.302563
-180.0,-417.0,700.0,12:28:41.313013
175.0,-482.0,953.0,12:28:41.332663
-43.0,-389.0,762.0,12:28:41.341911
-7.0,-517.0,1042.0,12:28:41.352423
-50.0,-382.0,594.0,12:28:41.361755
206.0,-725.0,1151.0,12:28:41.371204
127.0,-670.0,1121.0,12:28:41.381716
-150.0,-306.0,905.0,12:28:41.391177
-22.0,-88.0,512.0,12:28:41.401730
-43.0,-481.0,1518.0,12:28:41.411167
-75.0,-576.0,1021.0,12:28:41.420483
175.0,-561.0,381.0,12:28:41.431116
-105.0,-346.0,1399.0,12:28:41.440510
-77.0,-493.0,1154.0,12:28:41.451147
86.0,-809.0,728.0,12:28:41.460505
115.0,-411.0,676.0,12:28:41.469977
-96.0,-383.0,947.0,12:28:41.480464
135.0,-471.0,863.0,12:28:41.489908
-27.0,-564.0,712.0,12:28:41.499366
-24.0,-657.0,439.0,12:28:41.510034
33.0,-369.0,756.0,12:28:41.519332
42.0,-264.0,1252.0,12:28:41.529793
3.0,-339.0,1161.0,12:28:41.540496
0.0,-453.0,828.0,12:28:41.549091
166.0,-671.0,947.0,12:28:41.558441
32.0,-584.0,890.0,12:28:41.568919
247.0,-684.0,1217.0,12:28:41.578258
127.0,-529.0,1039.0,12:28:41.588751
-23.0,-641.0,953.0,12:28:41.598188
96.0,-386.0,669.0,12:28:41.608604
30.0,-378.0,732.0,12:28:41.618051
-57.0,-579.0,1088.0,12:28:41.627403
18.0,-575.0,831.0,12:28:41.637883
74.0,-527.0,702.0,12:28:41.647203
65.0,-418.0,1046.0,12:28:41.657738
-50.0,-512.0,1186.0,12:28:41.667007
-59.0,-390.0,1037.0,12:28:41.677713
43.0,-589.0,970.0,12:28:41.687009
-1.0,-467.0,780.0,12:28:41.697539
297.0,-489.0,1067.0,12:28:41.706829
-58.0,-578.0,1322.0,12:28:41.716141
73.0,-641.0,881.0,12:28:41.726746
-42.0,-645.0,344.0,12:28:41.736032
182.0,-822.0,1014.0,12:28:41.746519
78.0,-541.0,1248.0,12:28:41.755991
6.0,-272.0,904.0,12:28:41.766466
63.0,-285.0,554.0,12:28:41.775841
-61.0,-618.0,868.0,12:28:41.785153
152.0,-540.0,970.0,12:28:41.795767
209.0,-267.0,609.0,12:28:41.805039
-28.0,-494.0,942.0,12:28:41.815655
76.0,-340.0,702.0,12:28:41.835385
-42.0,-531.0,904.0,12:28:41.844666
80.0,-878.0,1414.0,12:28:41.855255
157.0,-585.0,651.0,12:28:41.864587
22.0,-418.0,566.0,12:28:41.873964
70.0,-535.0,942.0,12:28:41.884638
42.0,-746.0,1350.0,12:28:41.894013
107.0,-639.0,791.0,12:28:41.903405
5.0,-349.0,93.0,12:28:41.913976
-146.0,-400.0,1123.0,12:28:41.923292
16.0,-719.0,1641.0,12:28:41.941236
14.0,-448.0,656.0,12:28:41.945193
-61.0,-105.0,573.0,12:28:41.953467
11.0,-667.0,1581.0,12:28:41.962934
78.0,-722.0,1247.0,12:28:41.973395
206.0,-486.0,462.0,12:28:41.982783
30.0,-388.0,904.0,12:28:41.992088
-13.0,-525.0,1310.0,12:28:42.002597
-20.0,-630.0,942.0,12:28:42.012017
20.0,-528.0,591.0,12:28:42.022544
-33.0,-413.0,550.0,12:28:42.031848
-40.0,-540.0,1210.0,12:28:42.042425
-86.0,-519.0,1319.0,12:28:42.051705
36.0,-503.0,673.0,12:28:42.061168
63.0,-360.0,329.0,12:28:42.071656
-84.0,-348.0,1230.0,12:28:42.081172
-147.0,-573.0,1519.0,12:28:42.091559
92.0,-396.0,723.0,12:28:42.100870
43.0,-416.0,587.0,12:28:42.111320
-113.0,-541.0,1274.0,12:28:42.120679
-111.0,-651.0,986.0,12:28:42.131195
-8.0,-552.0,734.0,12:28:42.140530
48.0,-384.0,793.0,12:28:42.150934
-51.0,-313.0,790.0,12:28:42.160321
128.0,-478.0,989.0,12:28:42.169565
-169.0,-542.0,751.0,12:28:42.180157
54.0,-445.0,891.0,12:28:42.189419
91.0,-599.0,1106.0,12:28:42.200089
171.0,-631.0,962.0,12:28:42.209365
-24.0,-594.0,1174.0,12:28:42.219817
123.0,-608.0,917.0,12:28:42.229167
45.0,-343.0,826.0,12:28:42.238495
-60.0,-288.0,827.0,12:28:42.248974
-95.0,-340.0,550.0,12:28:42.258323
38.0,-400.0,803.0,12:28:42.268913
40.0,-607.0,993.0,12:28:42.278358
66.0,-482.0,913.0,12:28:42.288846
41.0,-386.0,835.0,12:28:42.298115
-7.0,-547.0,1238.0,12:28:42.308629
170.0,-488.0,950.0,12:28:42.317959
17.0,-429.0,909.0,12:28:42.327252
142.0,-389.0,1058.0,12:28:42.337890
85.0,-287.0,989.0,12:28:42.347230
184.0,-436.0,628.0,12:28:42.357799
-92.0,-587.0,993.0,12:28:42.367209
120.0,-624.0,1035.0,12:28:42.376590
234.0,-837.0,977.0,12:28:42.387137
-108.0,-521.0,934.0,12:28:42.396527
140.0,-635.0,765.0,12:28:42.407129
-40.0,-469.0,794.0,12:28:42.416450
-46.0,-535.0,1148.0,12:28:42.425891
-71.0,-585.0,874.0,12:28:42.436305
-113.0,-561.0,484.0,12:28:42.445839
140.0,-461.0,882.0,12:28:42.456323
-93.0,-593.0,942.0,12:28:42.465828
186.0,-646.0,846.0,12:28:42.475126
-129.0,-486.0,748.0,12:28:42.485773
-139.0,-524.0,1067.0,12:28:42.495110
-65.0,-368.0,564.0,12:28:42.505733
24.0,-520.0,893.0,12:28:42.515001
-85.0,-531.0,1091.0,12:28:42.524406
-170.0,-841.0,824.0,12:28:42.534811
73.0,-445.0,516.0,12:28:42.544172
69.0,-588.0,1374.0,12:28:42.554615
-139.0,-632.0,1254.0,12:28:42.564072
-69.0,-474.0,370.0,12:28:42.574596
38.0,-389.0,931.0,12:28:42.584026
-112.0,-529.0,1177.0,12:28:42.593619
-71.0,-472.0,469.0,12:28:42.604137
-175.0,-503.0,923.0,12:28:42.613487
-43.0,-402.0,1241.0,12:28:42.623994
117.0,-567.0,1010.0,12:28:42.633463
120.0,-503.0,393.0,12:28:42.642726
176.0,-617.0,686.0,12:28:42.653348
33.0,-547.0,1368.0,12:28:42.662673
-8.0,-451.0,1065.0,12:28:42.673152
-67.0,-358.0,452.0,12:28:42.682423
24.0,-466.0,658.0,12:28:42.692959
18.0,-510.0,1103.0,12:28:42.702274
-102.0,-364.0,684.0,12:28:42.711710
-43.0,-108.0,627.0,12:28:42.722296
-249.0,-405.0,1478.0,12:28:42.731744
100.0,-629.0,885.0,12:28:42.743365
48.0,-785.0,778.0,12:28:42.751721
257.0,-625.0,1391.0,12:28:42.761141
89.0,-590.0,1591.0,12:28:42.771553
-120.0,-635.0,1215.0,12:28:42.781013
156.0,-761.0,817.0,12:28:42.791469
-1.0,-833.0,899.0,12:28:42.800904
56.0,-536.0,781.0,12:28:42.810209
-151.0,-476.0,1001.0,12:28:42.820785
-171.0,-551.0,869.0,12:28:42.830188
45.0,-672.0,734.0,12:28:42.840702
-114.0,-533.0,847.0,12:28:42.850076
38.0,-513.0,966.0,12:28:42.859510
222.0,-357.0,1011.0,12:28:42.870009
14.0,-483.0,870.0,12:28:42.879464
274.0,-660.0,447.0,12:28:42.890038
-73.0,-346.0,735.0,12:28:42.899367
-140.0,-273.0,1020.0,12:28:42.909802
-152.0,-310.0,1098.0,12:28:42.919109
-249.0,-472.0,1179.0,12:28:42.928483
50.0,-645.0,1121.0,12:28:42.939004
45.0,-780.0,1731.0,12:28:42.948372
109.0,-962.0,2047.0,12:28:42.958931
170.0,-994.0,1288.0,12:28:42.968314
246.0,-964.0,546.0,12:28:42.978859
195.0,-735.0,1164.0,12:28:42.988302
-203.0,-854.0,1178.0,12:28:42.997679
34.0,-634.0,286.0,12:28:43.008237
-42.0,-676.0,128.0,12:28:43.017499
19.0,-534.0,340.0,12:28:43.027985
-135.0,-264.0,742.0,12:28:43.037252
44.0,-344.0,462.0,12:28:43.047839
73.0,-328.0,433.0,12:28:43.057087
-29.0,-186.0,802.0,12:28:43.067668
132.0,-267.0,662.0,12:28:43.076977
149.0,-254.0,713.0,12:28:43.086533
-97.0,-139.0,945.0,12:28:43.096920
-63.0,-143.0,1180.0,12:28:43.106312
56.0,-154.0,1015.0,12:28:43.115801
-172.0,-5.0,816.0,12:28:43.126310
114.0,1.0,1130.0,12:28:43.143692
-126.0,-216.0,1316.0,12:28:43.148016
120.0,-244.0,1107.0,12:28:43.156207
221.0,-554.0,883.0,12:28:43.165650
236.0,-702.0,978.0,12:28:43.174980
199.0,-778.0,1056.0,12:28:43.185407
127.0,-797.0,873.0,12:28:43.194621
41.0,-809.0,695.0,12:28:43.205160
-5.0,-745.0,917.0,12:28:43.214477
-77.0,-751.0,925.0,12:28:43.225068
-26.0,-709.0,740.0,12:28:43.234527
5.0,-693.0,647.0,12:28:43.244064
141.0,-812.0,744.0,12:28:43.254598
223.0,-786.0,937.0,12:28:43.263918
2.0,-646.0,711.0,12:28:43.274591
177.0,-429.0,605.0,12:28:43.283958
-278.0,-264.0,1346.0,12:28:43.293328
-18.0,30.0,1337.0,12:28:43.303760
-343.0,393.0,1232.0,12:28:43.313069
-86.0,675.0,1080.0,12:28:43.323557
214.0,-94.0,1453.0,12:28:43.332843
281.0,-444.0,1286.0,12:28:43.343343
231.0,-515.0,1254.0,12:28:43.352717
80.0,-699.0,1279.0,12:28:43.362211
186.0,-797.0,1046.0,12:28:43.372687
237.0,-1039.0,991.0,12:28:43.381965
88.0,-930.0,756.0,12:28:43.392515
-86.0,-866.0,589.0,12:28:43.401873
-80.0,-779.0,599.0,12:28:43.412389
-1.0,-714.0,358.0,12:28:43.421669
-81.0,-706.0,594.0,12:28:43.431289
98.0,-680.0,425.0,12:28:43.441720
-11.0,-549.0,376.0,12:28:43.451259
115.0,-674.0,613.0,12:28:43.461721
111.0,-781.0,1126.0,12:28:43.471230
180.0,-515.0,947.0,12:28:43.480470
93.0,-436.0,660.0,12:28:43.490942
192.0,-496.0,819.0,12:28:43.500224
130.0,-353.0,961.0,12:28:43.510736
82.0,-242.0,1236.0,12:28:43.520036
177.0,-212.0,949.0,12:28:43.530506
113.0,-179.0,837.0,12:28:43.539815
85.0,-126.0,1017.0,12:28:43.550350
-151.0,-296.0,1198.0,12:28:43.559636
-97.0,-288.0,1159.0,12:28:43.570096
-204.0,-325.0,1253.0,12:28:43.579411
-1.0,-560.0,1078.0,12:28:43.588958
-55.0,-527.0,921.0,12:28:43.599446
-177.0,-471.0,1266.0,12:28:43.608838
-50.0,-647.0,1214.0,12:28:43.619479
76.0,-707.0,972.0,12:28:43.629188
51.0,-582.0,812.0,12:28:43.638535
149.0,-658.0,821.0,12:28:43.648958
107.0,-619.0,762.0,12:28:43.658429
115.0,-536.0,856.0,12:28:43.667738
74.0,-527.0,779.0,12:28:43.678235
188.0,-411.0,597.0,12:28:43.687481
108.0,-388.0,767.0,12:28:43.698100
144.0,-430.0,537.0,12:28:43.707463
86.0,-465.0,862.0,12:28:43.718022
156.0,-377.0,882.0,12:28:43.727294
93.0,-379.0,912.0,12:28:43.736810
14.0,-554.0,1279.0,12:28:43.747192
-6.0,-536.0,962.0,12:28:43.756632
97.0,-392.0,568.0,12:28:43.767096
15.0,-533.0,1201.0,12:28:43.776529
38.0,-594.0,1193.0,12:28:43.787092
14.0,-497.0,670.0,12:28:43.796508
-94.0,-314.0,1014.0,12:28:43.805889
-135.0,-608.0,1133.0,12:28:43.816437
1.0,-677.0,880.0,12:28:43.825776
126.0,-282.0,974.0,12:28:43.836277
66.0,-579.0,1001.0,12:28:43.845821
12.0,-614.0,1142.0,12:28:43.855132
237.0,-513.0,1082.0,12:28:43.865621
154.0,-552.0,843.0,12:28:43.874915
228.0,-504.0,698.0,12:28:43.885619
60.0,-520.0,972.0,12:28:43.894902
113.0,-667.0,968.0,12:28:43.904278
283.0,-446.0,687.0,12:28:43.914712
147.0,-383.0,677.0,12:28:43.924095
126.0,-315.0,1068.0,12:28:43.934548
-38.0,-414.0,845.0,12:28:43.945818
122.0,-423.0,738.0,12:28:43.954267
133.0,-490.0,961.0,12:28:43.963528
137.0,-581.0,850.0,12:28:43.974126
6.0,-525.0,864.0,12:28:43.983484
-142.0,-507.0,1090.0,12:28:43.994054
102.0,-534.0,947.0,12:28:44.003493
-157.0,-401.0,777.0,12:28:44.012879
59.0,-590.0,1055.0,12:28:44.023392
-20.0,-616.0,984.0,12:28:44.032673
55.0,-551.0,642.0,12:28:44.043120
-50.0,-521.0,923.0,12:28:44.052569
60.0,-715.0,1029.0,12:28:44.063017
26.0,-703.0,946.0,12:28:44.072391
32.0,-509.0,749.0,12:28:44.081787
87.0,-504.0,1010.0,12:28:44.092299
-55.0,-529.0,1165.0,12:28:44.101628
117.0,-682.0,760.0,12:28:44.112087
136.0,-405.0,887.0,12:28:44.121471
-11.0,-449.0,1070.0,12:28:44.132020
33.0,-452.0,1022.0,12:28:44.141392
-41.0,-408.0,956.0,12:28:44.151876
69.0,-480.0,860.0,12:28:44.161240
145.0,-507.0,826.0,12:28:44.170496
-63.0,-376.0,1111.0,12:28:44.181240
-98.0,-463.0,1085.0,12:28:44.200844
47.0,-422.0,755.0,12:28:44.210310
103.0,-496.0,846.0,12:28:44.219674
64.0,-563.0,1112.0,12:28:44.230109
-1.0,-431.0,909.0,12:28:44.239490
8.0,-499.0,824.0,12:28:44.250000
148.0,-576.0,873.0,12:28:44.259411
119.0,-542.0,820.0,12:28:44.269993
25.0,-458.0,921.0,12:28:44.279366
112.0,-436.0,930.0,12:28:44.289794
19.0,-493.0,768.0,12:28:44.299130
29.0,-450.0,813.0,12:28:44.308487
49.0,-492.0,897.0,12:28:44.319030
-52.0,-503.0,863.0,12:28:44.328341
109.0,-427.0,881.0,12:28:44.346208
44.0,-446.0,834.0,12:28:44.350116
10.0,-435.0,758.0,12:28:44.358373
-53.0,-350.0,1001.0,12:28:44.367766
11.0,-402.0,890.0,12:28:44.378375
-59.0,-412.0,680.0,12:28:44.387717
-80.0,-468.0,940.0,12:28:44.397152
-84.0,-374.0,918.0,12:28:44.407564
6.0,-512.0,812.0,12:28:44.416911
88.0,-654.0,850.0,12:28:44.427304
69.0,-525.0,936.0,12:28:44.436682
14.0,-428.0,874.0,12:28:44.447123
27.0,-252.0,834.0,12:28:44.456509
9.0,-358.0,920.0,12:28:44.466944
-24.0,-256.0,842.0,12:28:44.476268
1.0,-443.0,800.0,12:28:44.486921
-108.0,-484.0,817.0,12:28:44.496215
-51.0,-535.0,1045.0,12:28:44.505684
24.0,-500.0,1176.0,12:28:44.516154
101.0,-565.0,953.0,12:28:44.525458
2.0,-553.0,1009.0,12:28:44.535916
102.0,-602.0,1119.0,12:28:44.545277
111.0,-523.0,1044.0,12:28:44.555868
-92.0,-484.0,939.0,12:28:44.565270
130.0,-595.0,1068.0,12:28:44.574583
-19.0,-639.0,909.0,12:28:44.585114
95.0,-560.0,822.0,12:28:44.594538
93.0,-630.0,1001.0,12:28:44.605103
-90.0,-556.0,974.0,12:28:44.614490
101.0,-558.0,904.0,12:28:44.634164
27.0,-654.0,961.0,12:28:44.643496
102.0,-625.0,901.0,12:28:44.653948
14.0,-528.0,876.0,12:28:44.663455
85.0,-443.0,819.0,12:28:44.673934
-2.0,-408.0,849.0,12:28:44.683298
59.0,-442.0,905.0,12:28:44.693889
32.0,-536.0,870.0,12:28:44.703158
9.0,-518.0,889.0,12:28:44.712515
71.0,-464.0,970.0,12:28:44.722960
58.0,-551.0,952.0,12:28:44.732453
98.0,-463.0,1036.0,12:28:44.742892
105.0,-550.0,967.0,12:28:44.752417
16.0,-546.0,1009.0,12:28:44.762793
108.0,-658.0,1045.0,12:28:44.772242
201.0,-597.0,988.0,12:28:44.781514
43.0,-628.0,931.0,12:28:44.792065
51.0,-546.0,845.0,12:28:44.801440
-39.0,-567.0,882.0,12:28:44.811916
224.0,-546.0,906.0,12:28:44.821282
-51.0,-467.0,707.0,12:28:44.831664
85.0,-547.0,641.0,12:28:44.841113
66.0,-479.0,800.0,12:28:44.851586
212.0,-630.0,820.0,12:28:44.860923
-26.0,-388.0,673.0,12:28:44.871294
117.0,-495.0,805.0,12:28:44.880665
78.0,-294.0,1036.0,12:28:44.889984
40.0,-270.0,784.0,12:28:44.900601
131.0,-370.0,760.0,12:28:44.910021
59.0,-282.0,1062.0,12:28:44.920593
31.0,-339.0,999.0,12:28:44.929808
198.0,-309.0,909.0,12:28:44.940197
-95.0,-373.0,1028.0,12:28:44.949530
-16.0,-380.0,912.0,12:28:44.958994
64.0,-424.0,857.0,12:28:44.969414
-58.0,-475.0,1141.0,12:28:44.978937
-27.0,-536.0,1486.0,12:28:44.989475
56.0,-519.0,1016.0,12:28:44.998901
3.0,-468.0,1008.0,12:28:45.009329
14.0,-710.0,1512.0,12:28:45.018589
-96.0,-685.0,1197.0,12:28:45.029057
140.0,-698.0,869.0,12:28:45.038385
-166.0,-555.0,1035.0,12:28:45.047771
195.0,-588.0,931.0,12:28:45.058190
85.0,-657.0,727.0,12:28:45.067599
235.0,-662.0,640.0,12:28:45.078044
43.0,-518.0,935.0,12:28:45.087516
21.0,-530.0,985.0,12:28:45.098016
19.0,-501.0,804.0,12:28:45.107489
38.0,-411.0,790.0,12:28:45.116757
50.0,-366.0,988.0,12:28:45.127190
8.0,-275.0,915.0,12:28:45.136637
-11.0,-342.0,933.0,12:28:45.149157
-125.0,-471.0,903.0,12:28:45.156656
-21.0,-535.0,984.0,12:28:45.165985
-43.0,-435.0,946.0,12:28:45.176560
101.0,-575.0,1040.0,12:28:45.185945
-85.0,-549.0,943.0,12:28:45.196494
22.0,-603.0,807.0,12:28:45.205838
9.0,-556.0,926.0,12:28:45.216283
183.0,-535.0,1010.0,12:28:45.225767
-21.0,-498.0,812.0,12:28:45.235037
56.0,-530.0,747.0,12:28:45.245491
71.0,-544.0,908.0,12:28:45.254756
-23.0,-590.0,906.0,12:28:45.265333
71.0,-441.0,779.0,12:28:45.274591
-39.0,-602.0,926.0,12:28:45.285048
94.0,-473.0,870.0,12:28:45.294364
78.0,-434.0,657.0,12:28:45.304859
-63.0,-416.0,811.0,12:28:45.314169
27.0,-478.0,1001.0,12:28:45.324733
130.0,-576.0,783.0,12:28:45.334182
122.0,-649.0,800.0,12:28:45.343495
8.0,-597.0,966.0,12:28:45.353962
-57.0,-455.0,980.0,12:28:45.363284
34.0,-457.0,974.0,12:28:45.373853
-68.0,-357.0,1011.0,12:28:45.383249
-111.0,-182.0,950.0,12:28:45.392640
-86.0,-392.0,988.0,12:28:45.403165
-30.0,-525.0,998.0,12:28:45.412552
84.0,-574.0,1163.0,12:28:45.422954
112.0,-732.0,1007.0,12:28:45.432491
-119.0,-491.0,943.0,12:28:45.442870
195.0,-540.0,1138.0,12:28:45.452460
16.0,-528.0,1003.0,12:28:45.461689
28.0,-485.0,837.0,12:28:45.472238
-4.0,-533.0,856.0,12:28:45.481493
-29.0,-617.0,975.0,12:28:45.492135
85.0,-706.0,852.0,12:28:45.501379
-34.0,-537.0,801.0,12:28:45.511886
60.0,-442.0,1009.0,12:28:45.521260
-17.0,-554.0,826.0,12:28:45.531780
13.0,-444.0,684.0,12:28:45.541195
41.0,-486.0,695.0,12:28:45.552095
22.0,-380.0,874.0,12:28:45.560219
34.0,-450.0,880.0,12:28:45.570871
-6.0,-616.0,1046.0,12:28:45.580124
60.0,-430.0,796.0,12:28:45.590640
-7.0,-518.0,876.0,12:28:45.599997
19.0,-501.0,1003.0,12:28:45.609460
22.0,-603.0,1044.0,12:28:45.619962
104.0,-573.0,946.0,12:28:45.629321
-16.0,-475.0,890.0,12:28:45.639789
-83.0,-575.0,1161.0,12:28:45.649113
-14.0,-622.0,1002.0,12:28:45.659609
150.0,-567.0,679.0,12:28:45.668909
-72.0,-409.0,844.0,12:28:45.679416
8.0,-521.0,1202.0,12:28:45.688788
-35.0,-508.0,927.0,12:28:45.699266
-95.0,-484.0,684.0,12:28:45.708642
206.0,-653.0,957.0,12:28:45.718125
-141.0,-433.0,1019.0,12:28:45.728571
32.0,-571.0,835.0,12:28:45.737872
-34.0,-510.0,958.0,12:28:45.748307
-186.0,-393.0,1006.0,12:28:45.757791
85.0,-566.0,809.0,12:28:45.768186
9.0,-315.0,907.0,12:28:45.777495
-67.0,-560.0,1084.0,12:28:45.788018
200.0,-561.0,698.0,12:28:45.797413
-70.0,-530.0,999.0,12:28:45.806706
4.0,-701.0,1002.0,12:28:45.817194
189.0,-491.0,614.0,12:28:45.826704
74.0,-278.0,756.0,12:28:45.837071
-102.0,-297.0,972.0,12:28:45.846492
-33.0,-399.0,907.0,12:28:45.856850
26.0,-381.0,1027.0,12:28:45.866245
-8.0,-474.0,932.0,12:28:45.875614
-2.0,-529.0,874.0,12:28:45.886147
122.0,-404.0,1003.0,12:28:45.895555
68.0,-574.0,1005.0,12:28:45.906050
138.0,-478.0,858.0,12:28:45.915371
-62.0,-417.0,993.0,12:28:45.925796
146.0,-451.0,866.0,12:28:45.935133
139.0,-487.0,832.0,12:28:45.945649
-3.0,-585.0,874.0,12:28:45.954981
184.0,-534.0,977.0,12:28:45.965420
-22.0,-616.0,908.0,12:28:45.974890
109.0,-570.0,789.0,12:28:45.984234
68.0,-584.0,1046.0,12:28:45.994721
34.0,-520.0,765.0,12:28:46.004053
55.0,-608.0,727.0,12:28:46.014679
38.0,-532.0,1016.0,12:28:46.024034
0.0,-450.0,1060.0,12:28:46.033440
-38.0,-368.0,705.0,12:28:46.043917
0.0,-522.0,759.0,12:28:46.053485
31.0,-450.0,947.0,12:28:46.063880
-47.0,-583.0,1043.0,12:28:46.073195
86.0,-526.0,903.0,12:28:46.083713
28.0,-444.0,1178.0,12:28:46.093002
-11.0,-510.0,1032.0,12:28:46.102402
173.0,-703.0,738.0,12:28:46.112914
64.0,-390.0,955.0,12:28:46.122466
-6.0,-463.0,998.0,12:28:46.132844
259.0,-472.0,845.0,12:28:46.142332
51.0,-515.0,867.0,12:28:46.152725
162.0,-447.0,726.0,12:28:46.162092
57.0,-494.0,907.0,12:28:46.171462
26.0,-567.0,1049.0,12:28:46.181310
80.0,-551.0,896.0,12:28:46.191743
197.0,-531.0,786.0,12:28:46.201342
-38.0,-593.0,963.0,12:28:46.211734
194.0,-588.0,756.0,12:28:46.221122
89.0,-470.0,826.0,12:28:46.230485
-131.0,-418.0,1018.0,12:28:46.240964
146.0,-592.0,845.0,12:28:46.250337
3.0,-599.0,899.0,12:28:46.260755
48.0,-544.0,1006.0,12:28:46.270169
176.0,-542.0,940.0,12:28:46.280583
110.0,-631.0,786.0,12:28:46.290009
28.0,-493.0,1017.0,12:28:46.300413
0.0,-581.0,926.0,12:28:46.309816
213.0,-604.0,612.0,12:28:46.320144
124.0,-340.0,1060.0,12:28:46.329596
-205.0,-331.0,1203.0,12:28:46.339021
90.0,-393.0,669.0,12:28:46.352562
-37.0,-438.0,942.0,12:28:46.358854
-14.0,-501.0,1385.0,12:28:46.369336
-6.0,-619.0,922.0,12:28:46.378666
38.0,-436.0,792.0,12:28:46.389186
75.0,-449.0,1011.0,12:28:46.398520
-136.0,-532.0,1044.0,12:28:46.407863
-107.0,-502.0,801.0,12:28:46.418246
-137.0,-393.0,938.0,12:28:46.427772
-29.0,-532.0,1028.0,12:28:46.438339
89.0,-477.0,833.0,12:28:46.447719
-52.0,-479.0,887.0,12:28:46.458118
72.0,-454.0,1026.0,12:28:46.467595
34.0,-570.0,1051.0,12:28:46.476869
28.0,-501.0,719.0,12:28:46.487470
19.0,-527.0,834.0,12:28:46.496855
-26.0,-560.0,829.0,12:28:46.507481
79.0,-437.0,931.0,12:28:46.516769
95.0,-454.0,728.0,12:28:46.536316
42.0,-415.0,900.0,12:28:46.545841
-64.0,-486.0,1011.0,12:28:46.556325
36.0,-682.0,1009.0,12:28:46.565746
-60.0,-671.0,925.0,12:28:46.576238
84.0,-566.0,988.0,12:28:46.585624
-59.0,-617.0,1038.0,12:28:46.596230
75.0,-566.0,783.0,12:28:46.605614
-46.0,-368.0,826.0,12:28:46.615009
-4.0,-436.0,1246.0,12:28:46.625512
90.0,-570.0,823.0,12:28:46.634848
-29.0,-467.0,884.0,12:28:46.645357
67.0,-336.0,937.0,12:28:46.654855
-93.0,-511.0,1057.0,12:28:46.664136
77.0,-632.0,1111.0,12:28:46.674803
-69.0,-528.0,901.0,12:28:46.684093
-42.0,-387.0,747.0,12:28:46.694767
28.0,-642.0,1002.0,12:28:46.704041
75.0,-658.0,1015.0,12:28:46.713431
95.0,-649.0,1000.0,12:28:46.723988
115.0,-588.0,660.0,12:28:46.733444
68.0,-523.0,695.0,12:28:46.743932
-22.0,-532.0,976.0,12:28:46.754461
84.0,-529.0,836.0,12:28:46.762947
-37.0,-425.0,736.0,12:28:46.773439
197.0,-405.0,734.0,12:28:46.782794
-32.0,-490.0,913.0,12:28:46.793232
51.0,-525.0,1033.0,12:28:46.802526
91.0,-543.0,850.0,12:28:46.812964
-176.0,-322.0,907.0,12:28:46.822435
-11.0,-383.0,1098.0,12:28:46.831713
-4.0,-685.0,920.0,12:28:46.842316
-22.0,-605.0,703.0,12:28:46.851705
-1.0,-302.0,726.0,12:28:46.862334
13.0,-567.0,1336.0,12:28:46.871731
51.0,-821.0,1109.0,12:28:46.881076
143.0,-612.0,617.0,12:28:46.891678
54.0,-419.0,948.0,12:28:46.901015
-65.0,-773.0,1410.0,12:28:46.911587
34.0,-772.0,911.0,12:28:46.920912
39.0,-400.0,863.0,12:28:46.930304
-21.0,-644.0,815.0,12:28:46.940900
75.0,-629.0,907.0,12:28:46.950281
10.0,-370.0,641.0,12:28:46.960774
38.0,-452.0,655.0,12:28:46.970157
-131.0,-468.0,967.0,12:28:46.980611
-98.0,-450.0,952.0,12:28:46.990095
-136.0,-375.0,918.0,12:28:46.999433
131.0,-558.0,807.0,12:28:47.010049
-191.0,-367.0,936.0,12:28:47.019357
-90.0,-412.0,997.0,12:28:47.028784
36.0,-516.0,919.0,12:28:47.039343
57.0,-424.0,638.0,12:28:47.048806
-164.0,-577.0,1079.0,12:28:47.059278
-61.0,-478.0,1036.0,12:28:47.068750
-136.0,-561.0,730.0,12:28:47.078160
0.0,-381.0,818.0,12:28:47.088599
62.0,-642.0,1307.0,12:28:47.097902
76.0,-778.0,1014.0,12:28:47.108382
39.0,-490.0,579.0,12:28:47.117827
-128.0,-382.0,972.0,12:28:47.128241
-51.0,-770.0,1314.0,12:28:47.137775
-19.0,-659.0,726.0,12:28:47.148232
55.0,-519.0,650.0,12:28:47.157723
119.0,-602.0,1239.0,12:28:47.166982
5.0,-386.0,723.0,12:28:47.177449
-8.0,-255.0,777.0,12:28:47.186693
-13.0,-479.0,865.0,12:28:47.197227
-88.0,-565.0,1114.0,12:28:47.206628
181.0,-320.0,711.0,12:28:47.216116
-248.0,-514.0,973.0,12:28:47.226660
126.0,-815.0,1053.0,12:28:47.236143
-69.0,-490.0,1107.0,12:28:47.246689
-189.0,-435.0,1043.0,12:28:47.255979
226.0,-562.0,827.0,12:28:47.265428
-156.0,-388.0,1083.0,12:28:47.275924
72.0,-285.0,996.0,12:28:47.285232
58.0,-402.0,656.0,12:28:47.295807
17.0,-455.0,927.0,12:28:47.305213
52.0,-545.0,1384.0,12:28:47.315741
-24.0,-553.0,696.0,12:28:47.325048
86.0,-496.0,490.0,12:28:47.334405
13.0,-552.0,1204.0,12:28:47.344930
-8.0,-541.0,851.0,12:28:47.354192
38.0,-246.0,668.0,12:28:47.364800
-56.0,-257.0,684.0,12:28:47.374151
-37.0,-509.0,1236.0,12:28:47.384703
96.0,-487.0,682.0,12:28:47.394019
63.0,-488.0,417.0,12:28:47.403498
203.0,-555.0,1338.0,12:28:47.414030
186.0,-582.0,1309.0,12:28:47.423498
-32.0,-107.0,459.0,12:28:47.434093
-67.0,-698.0,923.0,12:28:47.443550
163.0,-615.0,974.0,12:28:47.452836
81.0,-339.0,841.0,12:28:47.463543
59.0,-299.0,626.0,12:28:47.472805
14.0,-365.0,1199.0,12:28:47.482249
-219.0,-428.0,1172.0,12:28:47.492655
113.0,-694.0,942.0,12:28:47.502072
236.0,-334.0,734.0,12:28:47.512478
112.0,-528.0,1402.0,12:28:47.521874
18.0,-529.0,997.0,12:28:47.532353
210.0,-796.0,989.0,12:28:47.541800
219.0,-454.0,870.0,12:28:47.556625
-23.0,-581.0,898.0,12:28:47.561436
274.0,-732.0,909.0,12:28:47.571951
258.0,-493.0,849.0,12:28:47.581355
78.0,-444.0,717.0,12:28:47.590711
204.0,-461.0,690.0,12:28:47.601256
-12.0,-329.0,876.0,12:28:47.610543
118.0,-575.0,1018.0,12:28:47.621129
175.0,-300.0,762.0,12:28:47.630500
-59.0,-369.0,1171.0,12:28:47.640923
209.0,-397.0,693.0,12:28:47.650273
97.0,-553.0,1123.0,12:28:47.659673
195.0,-676.0,1147.0,12:28:47.670150
122.0,-471.0,826.0,12:28:47.679469
156.0,-435.0,748.0,12:28:47.690031
9.0,-495.0,740.0,12:28:47.699347
64.0,-508.0,764.0,12:28:47.709965
-6.0,-476.0,676.0,12:28:47.719231
95.0,-603.0,1188.0,12:28:47.739062
78.0,-466.0,550.0,12:28:47.748327
43.0,-680.0,956.0,12:28:47.758987
-37.0,-750.0,1560.0,12:28:47.768271
139.0,-638.0,1021.0,12:28:47.778981
23.0,-222.0,660.0,12:28:47.788290
8.0,-433.0,773.0,12:28:47.797769
69.0,-622.0,1039.0,12:28:47.808141
7.0,-467.0,584.0,12:28:47.817649
155.0,-259.0,771.0,12:28:47.828140
-119.0,-272.0,1201.0,12:28:47.837537
43.0,-601.0,1134.0,12:28:47.848024
158.0,-598.0,636.0,12:28:47.857507
-4.0,-502.0,1102.0,12:28:47.866812
191.0,-455.0,1378.0,12:28:47.877460
193.0,-385.0,810.0,12:28:47.886834
-50.0,-369.0,827.0,12:28:47.896277
-42.0,-407.0,1120.0,12:28:47.906881
-11.0,-367.0,704.0,12:28:47.916315
137.0,-470.0,793.0,12:28:47.926851
153.0,-685.0,1187.0,12:28:47.936241
-29.0,-526.0,1004.0,12:28:47.945703
84.0,-561.0,747.0,12:28:47.956517
12.0,-540.0,943.0,12:28:47.966168
9.0,-530.0,925.0,12:28:47.975438
55.0,-493.0,901.0,12:28:47.986005
37.0,-585.0,1170.0,12:28:47.995322
318.0,-766.0,1024.0,12:28:48.004734
-130.0,-667.0,903.0,12:28:48.015198
34.0,-791.0,1209.0,12:28:48.024669
184.0,-819.0,982.0,12:28:48.035080
-60.0,-691.0,753.0,12:28:48.044646
62.0,-584.0,957.0,12:28:48.053967
-140.0,-653.0,774.0,12:28:48.064590
-54.0,-570.0,544.0,12:28:48.073897
-7.0,-511.0,487.0,12:28:48.084515
-160.0,-435.0,548.0,12:28:48.093897
-45.0,-229.0,811.0,12:28:48.103303
-108.0,-88.0,900.0,12:28:48.113680
-177.0,35.0,728.0,12:28:48.123021
-56.0,-185.0,840.0,12:28:48.133405
-202.0,-328.0,1130.0,12:28:48.142836
91.0,-432.0,865.0,12:28:48.153366
42.0,-519.0,1165.0,12:28:48.162818
144.0,-798.0,1579.0,12:28:48.172217
20.0,-579.0,963.0,12:28:48.182742
130.0,-527.0,985.0,12:28:48.192019
158.0,-639.0,832.0,12:28:48.202495
390.0,-840.0,607.0,12:28:48.211807
95.0,-562.0,924.0,12:28:48.222473
-23.0,-577.0,805.0,12:28:48.231750
-298.0,-553.0,925.0,12:28:48.241255
-151.0,-548.0,972.0,12:28:48.251678
-85.0,-727.0,904.0,12:28:48.261232
71.0,-597.0,947.0,12:28:48.271734
63.0,-490.0,1232.0,12:28:48.281144
103.0,-796.0,1024.0,12:28:48.291598
110.0,-646.0,712.0,12:28:48.301089
39.0,-622.0,954.0,12:28:48.310454
-35.0,-389.0,858.0,12:28:48.321004
149.0,-609.0,788.0,12:28:48.330310
