-47.0,-704.0,1228.0,12:30:03.077862
199.0,-648.0,899.0,12:30:03.087229
-75.0,-399.0,609.0,12:30:03.097819
13.0,-536.0,1059.0,12:30:03.107016
75.0,-475.0,928.0,12:30:03.117697
-8.0,-466.0,532.0,12:30:03.126895
13.0,-515.0,632.0,12:30:03.136262
121.0,-410.0,855.0,12:30:03.146737
-31.0,-348.0,904.0,12:30:03.156126
-160.0,-192.0,1007.0,12:30:03.166656
-18.0,-496.0,1060.0,12:30:03.176047
67.0,-412.0,736.0,12:30:03.186594
288.0,-453.0,722.0,12:30:03.195960
-75.0,-458.0,1138.0,12:30:03.205246
16.0,-531.0,1129.0,12:30:03.215884
39.0,-443.0,879.0,12:30:03.225264
113.0,-458.0,805.0,12:30:03.235767
35.0,-648.0,1147.0,12:30:03.245100
89.0,-570.0,992.0,12:30:03.254466
-31.0,-460.0,816.0,12:30:03.264973
-11.0,-521.0,939.0,12:30:03.274322
70.0,-605.0,984.0,12:30:03.284803
97.0,-521.0,807.0,12:30:03.294149
-112.0,-342.0,849.0,12:30:03.304740
52.0,-377.0,995.0,12:30:03.314009
-59.0,-324.0,896.0,12:30:03.323578
163.0,-349.0,902.0,12:30:03.333985
-33.0,-542.0,939.0,12:30:03.343489
62.0,-381.0,905.0,12:30:03.355518
20.0,-391.0,984.0,12:30:03.363626
-35.0,-544.0,1132.0,12:30:03.373030
72.0,-591.0,804.0,12:30:03.383480
-79.0,-422.0,824.0,12:30:03.393032
52.0,-387.0,1043.0,12:30:03.402349
69.0,-435.0,1062.0,12:30:03.412818
-81.0,-629.0,991.0,12:30:03.422301
137.0,-447.0,795.0,12:30:03.432815
-5.0,-346.0,1096.0,12:30:03.442214
74.0,-395.0,1120.0,12:30:03.452650
11.0,-344.0,861.0,12:30:03.462039
-36.0,-433.0,1020.0,12:30:03.471433
210.0,-524.0,991.0,12:30:03.481843
21.0,-563.0,965.0,12:30:03.491255
124.0,-464.0,976.0,12:30:03.501833
59.0,-578.0,966.0,12:30:03.511186
123.0,-614.0,841.0,12:30:03.521645
57.0,-628.0,790.0,12:30:03.530895
40.0,-529.0,1013.0,12:30:03.541426
133.0,-484.0,763.0,12:30:03.550701
-5.0,-568.0,694.0,12:30:03.560100
46.0,-490.0,927.0,12:30:03.570523
-55.0,-411.0,914.0,12:30:03.580083
58.0,-317.0,745.0,12:30:03.590450
-75.0,-420.0,844.0,12:30:03.599951
57.0,-510.0,1169.0,12:30:03.610397
173.0,-548.0,832.0,12:30:03.620037
7.0,-486.0,852.0,12:30:03.629326
60.0,-476.0,1202.0,12:30:03.639762
-61.0,-542.0,1115.0,12:30:03.649129
75.0,-491.0,879.0,12:30:03.659614
-35.0,-453.0,844.0,12:30:03.668966
7.0,-555.0,1016.0,12:30:03.678447
-32.0,-643.0,1026.0,12:30:03.688929
-3.0,-659.0,830.0,12:30:03.698304
65.0,-657.0,944.0,12:30:03.707884
60.0,-532.0,986.0,12:30:03.718456
46.0,-427.0,849.0,12:30:03.727832
43.0,-264.0,701.0,12:30:03.738279
-24.0,-205.0,822.0,12:30:03.754550
-86.0,-502.0,963.0,12:30:03.758436
77.0,-362.0,941.0,12:30:03.767830
-6.0,-258.0,893.0,12:30:03.777255
93.0,-502.0,770.0,12:30:03.787807
134.0,-558.0,1107.0,12:30:03.797266
39.0,-603.0,995.0,12:30:03.806594
82.0,-586.0,867.0,12:30:03.817147
-35.0,-485.0,805.0,12:30:03.826498
2.0,-568.0,815.0,12:30:03.846215
-19.0,-480.0,853.0,12:30:03.855704
-41.0,-554.0,1065.0,12:30:03.866189
-95.0,-671.0,1022.0,12:30:03.875624
119.0,-567.0,797.0,12:30:03.886141
13.0,-597.0,968.0,12:30:03.895538
12.0,-536.0,956.0,12:30:03.905945
85.0,-533.0,846.0,12:30:03.915401
18.0,-538.0,1080.0,12:30:03.924795
93.0,-387.0,834.0,12:30:03.935256
108.0,-495.0,754.0,12:30:03.944682
-56.0,-424.0,771.0,12:30:03.955102
48.0,-373.0,969.0,12:30:03.964658
-158.0,-512.0,1077.0,12:30:03.974010
-70.0,-462.0,878.0,12:30:03.984555
-29.0,-440.0,890.0,12:30:03.993807
105.0,-648.0,883.0,12:30:04.004382
177.0,-630.0,911.0,12:30:04.013595
32.0,-583.0,939.0,12:30:04.024161
115.0,-514.0,967.0,12:30:04.033400
-87.0,-534.0,838.0,12:30:04.043912
-38.0,-588.0,887.0,12:30:04.053345
-123.0,-632.0,847.0,12:30:04.062727
7.0,-540.0,858.0,12:30:04.073206
71.0,-525.0,796.0,12:30:04.082582
-83.0,-600.0,1061.0,12:30:04.092952
58.0,-527.0,910.0,12:30:04.102384
-34.0,-386.0,535.0,12:30:04.112816
-55.0,-469.0,1089.0,12:30:04.122402
-73.0,-519.0,1207.0,12:30:04.131714
5.0,-473.0,690.0,12:30:04.142295
85.0,-412.0,738.0,12:30:04.151617
26.0,-616.0,1336.0,12:30:04.162194
151.0,-662.0,1076.0,12:30:04.171600
195.0,-367.0,600.0,12:30:04.181003
-110.0,-439.0,1041.0,12:30:04.191486
176.0,-479.0,968.0,12:30:04.200869
-22.0,-440.0,675.0,12:30:04.211316
131.0,-380.0,531.0,12:30:04.220730
16.0,-403.0,1061.0,12:30:04.231279
-55.0,-453.0,1207.0,12:30:04.240531
225.0,-460.0,634.0,12:30:04.250040
118.0,-388.0,871.0,12:30:04.260527
-11.0,-482.0,1372.0,12:30:04.270014
102.0,-496.0,747.0,12:30:04.280467
101.0,-466.0,876.0,12:30:04.289913
158.0,-255.0,1066.0,12:30:04.299296
25.0,-563.0,1141.0,12:30:04.309945
82.0,-717.0,913.0,12:30:04.319278
153.0,-420.0,661.0,12:30:04.328860
-43.0,-442.0,1089.0,12:30:04.339247
149.0,-652.0,882.0,12:30:04.348644
-38.0,-558.0,863.0,12:30:04.359017
70.0,-547.0,778.0,12:30:04.368402
-27.0,-446.0,868.0,12:30:04.378883
93.0,-528.0,1020.0,12:30:04.388282
29.0,-402.0,1039.0,12:30:04.398836
-11.0,-518.0,866.0,12:30:04.408204
5.0,-489.0,934.0,12:30:04.417497
38.0,-624.0,935.0,12:30:04.428031
-81.0,-470.0,903.0,12:30:04.437271
-4.0,-560.0,999.0,12:30:04.447810
61.0,-533.0,1000.0,12:30:04.457093
94.0,-519.0,904.0,12:30:04.467648
-48.0,-456.0,771.0,12:30:04.476898
45.0,-439.0,757.0,12:30:04.487345
102.0,-458.0,1008.0,12:30:04.496681
-115.0,-553.0,1043.0,12:30:04.507225
220.0,-614.0,852.0,12:30:04.516686
-51.0,-554.0,1172.0,12:30:04.525972
24.0,-476.0,838.0,12:30:04.536640
50.0,-368.0,756.0,12:30:04.545957
108.0,-504.0,1076.0,12:30:04.558405
-26.0,-509.0,950.0,12:30:04.565548
-9.0,-485.0,771.0,12:30:04.575961
99.0,-348.0,652.0,12:30:04.585358
19.0,-497.0,1173.0,12:30:04.595780
-81.0,-428.0,1068.0,12:30:04.605099
65.0,-506.0,724.0,12:30:04.615576
46.0,-445.0,768.0,12:30:04.624925
-46.0,-489.0,1048.0,12:30:04.635317
-36.0,-515.0,1173.0,12:30:04.644630
0.0,-453.0,739.0,12:30:04.655117
47.0,-582.0,653.0,12:30:04.664565
96.0,-563.0,1053.0,12:30:04.673909
-127.0,-473.0,1054.0,12:30:04.684508
34.0,-530.0,550.0,12:30:04.693773
-56.0,-555.0,892.0,12:30:04.703352
103.0,-482.0,1055.0,12:30:04.713850
76.0,-498.0,798.0,12:30:04.723211
135.0,-443.0,815.0,12:30:04.733644
1.0,-492.0,993.0,12:30:04.743018
82.0,-607.0,1003.0,12:30:04.753595
140.0,-437.0,964.0,12:30:04.762974
149.0,-494.0,841.0,12:30:04.772331
15.0,-578.0,1028.0,12:30:04.782898
97.0,-503.0,1091.0,12:30:04.792276
-15.0,-464.0,816.0,12:30:04.802831
86.0,-551.0,892.0,12:30:04.812289
32.0,-453.0,972.0,12:30:04.821655
120.0,-444.0,908.0,12:30:04.832049
-13.0,-600.0,821.0,12:30:04.841416
94.0,-533.0,874.0,12:30:04.851822
-93.0,-521.0,1095.0,12:30:04.861236
-34.0,-542.0,844.0,12:30:04.871730
197.0,-572.0,786.0,12:30:04.881202
-18.0,-493.0,984.0,12:30:04.891667
128.0,-542.0,847.0,12:30:04.901088
-8.0,-549.0,809.0,12:30:04.910334
-30.0,-384.0,872.0,12:30:04.920779
58.0,-521.0,1122.0,12:30:04.930154
-26.0,-505.0,641.0,12:30:04.940734
118.0,-527.0,800.0,12:30:04.957247
-91.0,-462.0,1023.0,12:30:04.961028
72.0,-544.0,958.0,12:30:04.970321
28.0,-524.0,778.0,12:30:04.979683
-72.0,-580.0,881.0,12:30:04.990152
185.0,-527.0,1164.0,12:30:04.999447
-81.0,-479.0,1109.0,12:30:05.008944
99.0,-700.0,840.0,12:30:05.019440
51.0,-630.0,844.0,12:30:05.028863
-18.0,-579.0,1123.0,12:30:05.039320
44.0,-629.0,978.0,12:30:05.048587
-2.0,-618.0,642.0,12:30:05.059141
57.0,-490.0,940.0,12:30:05.068377
-98.0,-372.0,983.0,12:30:05.077910
14.0,-494.0,763.0,12:30:05.088389
82.0,-344.0,771.0,12:30:05.097826
3.0,-372.0,1155.0,12:30:05.108269
42.0,-448.0,961.0,12:30:05.117695
20.0,-495.0,800.0,12:30:05.128101
45.0,-428.0,1013.0,12:30:05.137561
161.0,-476.0,1030.0,12:30:05.147945
41.0,-532.0,1080.0,12:30:05.157394
-27.0,-545.0,1338.0,12:30:05.166804
113.0,-684.0,1162.0,12:30:05.177425
51.0,-605.0,1315.0,12:30:05.186712
52.0,-685.0,1022.0,12:30:05.197157
65.0,-801.0,1175.0,12:30:05.206543
256.0,-750.0,1102.0,12:30:05.215894
2.0,-653.0,682.0,12:30:05.226432
67.0,-512.0,636.0,12:30:05.235899
1.0,-321.0,538.0,12:30:05.246436
54.0,-287.0,578.0,12:30:05.255761
-36.0,-137.0,565.0,12:30:05.265116
-102.0,-203.0,551.0,12:30:05.275656
-190.0,-95.0,706.0,12:30:05.285095
145.0,-274.0,730.0,12:30:05.295613
-159.0,-295.0,708.0,12:30:05.304939
101.0,-226.0,860.0,12:30:05.315363
-15.0,-262.0,817.0,12:30:05.324816
4.0,-166.0,500.0,12:30:05.334202
15.0,-122.0,605.0,12:30:05.344710
-155.0,-336.0,1101.0,12:30:05.353950
32.0,-508.0,1395.0,12:30:05.364660
-120.0,-678.0,1287.0,12:30:05.373924
149.0,-906.0,1267.0,12:30:05.383448
76.0,-851.0,1370.0,12:30:05.393937
13.0,-785.0,1281.0,12:30:05.403367
188.0,-728.0,1153.0,12:30:05.413793
44.0,-727.0,981.0,12:30:05.423143
119.0,-737.0,951.0,12:30:05.433556
111.0,-734.0,624.0,12:30:05.442892
161.0,-697.0,702.0,12:30:05.453358
30.0,-549.0,1060.0,12:30:05.462691
-51.0,-656.0,960.0,12:30:05.473096
145.0,-568.0,819.0,12:30:05.482559
9.0,-489.0,718.0,12:30:05.491819
-14.0,-498.0,888.0,12:30:05.502402
-111.0,-441.0,976.0,12:30:05.511680
17.0,-484.0,725.0,12:30:05.522294
260.0,-418.0,739.0,12:30:05.531566
-93.0,-349.0,1046.0,12:30:05.542043
102.0,-158.0,1078.0,12:30:05.551387
-133.0,53.0,1115.0,12:30:05.561870
-13.0,-37.0,1062.0,12:30:05.571217
4.0,-214.0,998.0,12:30:05.580655
11.0,-471.0,987.0,12:30:05.591204
192.0,-573.0,1161.0,12:30:05.600559
99.0,-613.0,1089.0,12:30:05.610026
187.0,-700.0,779.0,12:30:05.620544
158.0,-887.0,920.0,12:30:05.629996
13.0,-841.0,956.0,12:30:05.640449
131.0,-686.0,778.0,12:30:05.649990
-99.0,-582.0,584.0,12:30:05.659324
60.0,-759.0,876.0,12:30:05.669813
154.0,-648.0,747.0,12:30:05.679190
-46.0,-572.0,605.0,12:30:05.689659
297.0,-586.0,612.0,12:30:05.699064
34.0,-555.0,719.0,12:30:05.709701
345.0,-585.0,531.0,12:30:05.719097
301.0,-717.0,518.0,12:30:05.728488
102.0,-580.0,904.0,12:30:05.738999
201.0,-227.0,1259.0,12:30:05.748444
-5.0,-68.0,1228.0,12:30:05.759027
119.0,-96.0,816.0,12:30:05.768618
305.0,-243.0,861.0,12:30:05.777920
180.0,-108.0,1129.0,12:30:05.788445
-19.0,-376.0,1466.0,12:30:05.797878
-132.0,-458.0,1338.0,12:30:05.807330
106.0,-521.0,1001.0,12:30:05.817836
237.0,-596.0,1076.0,12:30:05.827129
-7.0,-659.0,1335.0,12:30:05.837712
-55.0,-710.0,1203.0,12:30:05.847104
-49.0,-687.0,944.0,12:30:05.857678
-183.0,-692.0,899.0,12:30:05.866955
-27.0,-805.0,874.0,12:30:05.876332
42.0,-696.0,714.0,12:30:05.886975
-50.0,-393.0,721.0,12:30:05.896327
-101.0,-367.0,630.0,12:30:05.916095
223.0,-406.0,561.0,12:30:05.926622
1.0,-403.0,885.0,12:30:05.936024
133.0,-322.0,874.0,12:30:05.945333
134.0,-379.0,933.0,12:30:05.955809
108.0,-444.0,930.0,12:30:05.965093
99.0,-565.0,981.0,12:30:05.975749
141.0,-323.0,1018.0,12:30:05.985022
-49.0,-418.0,901.0,12:30:05.994450
117.0,-431.0,1036.0,12:30:06.004856
1.0,-423.0,876.0,12:30:06.014206
-16.0,-444.0,821.0,12:30:06.024632
-37.0,-426.0,1196.0,12:30:06.034123
-56.0,-485.0,1013.0,12:30:06.044708
-155.0,-444.0,951.0,12:30:06.054084
38.0,-631.0,1031.0,12:30:06.063427
61.0,-534.0,929.0,12:30:06.074150
-65.0,-589.0,1116.0,12:30:06.083401
-58.0,-611.0,1160.0,12:30:06.093996
125.0,-720.0,760.0,12:30:06.103424
3.0,-447.0,905.0,12:30:06.112864
75.0,-620.0,1129.0,12:30:06.123306
132.0,-512.0,840.0,12:30:06.132631
159.0,-387.0,818.0,12:30:06.143014
42.0,-392.0,756.0,12:30:06.155956
222.0,-409.0,747.0,12:30:06.163122
15.0,-586.0,938.0,12:30:06.172425
2.0,-501.0,1142.0,12:30:06.181806
183.0,-581.0,893.0,12:30:06.192295
88.0,-482.0,866.0,12:30:06.201698
123.0,-491.0,992.0,12:30:06.212184
-63.0,-467.0,728.0,12:30:06.221644
149.0,-553.0,956.0,12:30:06.232097
8.0,-500.0,876.0,12:30:06.241484
82.0,-486.0,624.0,12:30:06.250780
33.0,-665.0,949.0,12:30:06.270378
5.0,-594.0,893.0,12:30:06.300467
-29.0,-638.0,1012.0,12:30:06.310868
75.0,-655.0,882.0,12:30:06.320242
-27.0,-415.0,988.0,12:30:06.329578
33.0,-519.0,762.0,12:30:06.340142
-79.0,-418.0,775.0,12:30:06.349471
158.0,-493.0,1012.0,12:30:06.360117
72.0,-426.0,914.0,12:30:06.369352
101.0,-431.0,905.0,12:30:06.379978
-16.0,-408.0,931.0,12:30:06.389187
134.0,-593.0,1075.0,12:30:06.398649
-21.0,-564.0,1069.0,12:30:06.409040
64.0,-525.0,731.0,12:30:06.418543
-101.0,-457.0,896.0,12:30:06.429051
-83.0,-470.0,975.0,12:30:06.438411
-179.0,-584.0,1048.0,12:30:06.447860
170.0,-527.0,673.0,12:30:06.458348
20.0,-435.0,821.0,12:30:06.467806
-71.0,-508.0,1043.0,12:30:06.478211
-31.0,-513.0,874.0,12:30:06.497973
109.0,-512.0,717.0,12:30:06.507364
72.0,-616.0,995.0,12:30:06.517785
32.0,-518.0,937.0,12:30:06.527202
-99.0,-436.0,832.0,12:30:06.537703
130.0,-437.0,1014.0,12:30:06.547178
-96.0,-561.0,1004.0,12:30:06.556620
28.0,-435.0,705.0,12:30:06.567227
-48.0,-439.0,1053.0,12:30:06.576674
-86.0,-573.0,1123.0,12:30:06.586153
60.0,-453.0,908.0,12:30:06.596637
50.0,-533.0,874.0,12:30:06.605995
112.0,-680.0,1014.0,12:30:06.616527
132.0,-455.0,808.0,12:30:06.625938
27.0,-369.0,838.0,12:30:06.635259
-94.0,-394.0,1025.0,12:30:06.645822
-88.0,-441.0,819.0,12:30:06.655225
85.0,-413.0,809.0,12:30:06.664720
-78.0,-544.0,1019.0,12:30:06.675232
-67.0,-481.0,1025.0,12:30:06.684655
-13.0,-403.0,909.0,12:30:06.695174
222.0,-627.0,1091.0,12:30:06.704550
16.0,-687.0,910.0,12:30:06.713975
223.0,-565.0,771.0,12:30:06.724443
-81.0,-435.0,860.0,12:30:06.733857
-26.0,-584.0,1134.0,12:30:06.744271
65.0,-489.0,686.0,12:30:06.753629
18.0,-362.0,331.0,12:30:06.764038
-52.0,-221.0,1103.0,12:30:06.773548
-65.0,-474.0,1241.0,12:30:06.783993
-50.0,-414.0,672.0,12:30:06.793515
57.0,-522.0,1024.0,12:30:06.802850
86.0,-631.0,1110.0,12:30:06.813563
75.0,-610.0,914.0,12:30:06.822877
-28.0,-547.0,995.0,12:30:06.832555
45.0,-499.0,1059.0,12:30:06.843017
143.0,-625.0,842.0,12:30:06.852350
114.0,-421.0,596.0,12:30:06.862807
-114.0,-428.0,997.0,12:30:06.882500
96.0,-454.0,801.0,12:30:06.891860
-23.0,-475.0,782.0,12:30:06.901268
107.0,-555.0,1113.0,12:30:06.920953
56.0,-469.0,833.0,12:30:06.931418
29.0,-457.0,1092.0,12:30:06.940754
109.0,-580.0,975.0,12:30:06.951158
173.0,-592.0,760.0,12:30:06.961128
169.0,-557.0,793.0,12:30:06.971294
-39.0,-428.0,913.0,12:30:06.980558
-46.0,-530.0,951.0,12:30:06.990126
-40.0,-631.0,756.0,12:30:07.000691
-77.0,-421.0,694.0,12:30:07.010109
-15.0,-572.0,911.0,12:30:07.019545
-69.0,-508.0,976.0,12:30:07.030064
38.0,-484.0,941.0,12:30:07.039378
-38.0,-435.0,899.0,12:30:07.049950
-15.0,-569.0,866.0,12:30:07.059265
-11.0,-305.0,742.0,12:30:07.068881
-100.0,-408.0,1284.0,12:30:07.079389
138.0,-574.0,947.0,12:30:07.088913
-43.0,-423.0,455.0,12:30:07.099341
56.0,-482.0,961.0,12:30:07.108748
63.0,-680.0,1149.0,12:30:07.118094
41.0,-657.0,712.0,12:30:07.128561
-24.0,-497.0,938.0,12:30:07.137991
91.0,-630.0,1111.0,12:30:07.148447
36.0,-474.0,758.0,12:30:07.157834
94.0,-347.0,693.0,12:30:07.168275
-29.0,-418.0,913.0,12:30:07.177717
163.0,-511.0,1071.0,12:30:07.188156
32.0,-303.0,939.0,12:30:07.197546
101.0,-418.0,972.0,12:30:07.206793
-88.0,-443.0,1171.0,12:30:07.217310
66.0,-617.0,809.0,12:30:07.226632
168.0,-540.0,776.0,12:30:07.237166
7.0,-484.0,1323.0,12:30:07.246601
31.0,-612.0,1106.0,12:30:07.257041
105.0,-485.0,613.0,12:30:07.266436
-68.0,-364.0,933.0,12:30:07.275814
135.0,-511.0,978.0,12:30:07.286233
-134.0,-432.0,1014.0,12:30:07.295744
-28.0,-405.0,930.0,12:30:07.306233
-63.0,-522.0,989.0,12:30:07.315675
27.0,-555.0,899.0,12:30:07.325131
31.0,-433.0,798.0,12:30:07.335656
-45.0,-417.0,767.0,12:30:07.345058
199.0,-544.0,975.0,12:30:07.363280
1.0,-327.0,1029.0,12:30:07.365104
-76.0,-398.0,807.0,12:30:07.375291
149.0,-618.0,1070.0,12:30:07.384576
52.0,-377.0,1074.0,12:30:07.394134
172.0,-382.0,926.0,12:30:07.404643
105.0,-322.0,819.0,12:30:07.413956
40.0,-552.0,1000.0,12:30:07.424458
201.0,-493.0,729.0,12:30:07.433850
90.0,-469.0,851.0,12:30:07.444260
26.0,-333.0,894.0,12:30:07.453677
54.0,-555.0,1047.0,12:30:07.464090
52.0,-386.0,925.0,12:30:07.473646
88.0,-494.0,916.0,12:30:07.483041
11.0,-637.0,996.0,12:30:07.493605
99.0,-522.0,940.0,12:30:07.502887
-25.0,-380.0,1011.0,12:30:07.512345
33.0,-504.0,954.0,12:30:07.522824
23.0,-691.0,817.0,12:30:07.532344
61.0,-553.0,778.0,12:30:07.542773
8.0,-464.0,878.0,12:30:07.552318
18.0,-609.0,859.0,12:30:07.561607
22.0,-396.0,992.0,12:30:07.572195
-79.0,-351.0,953.0,12:30:07.581565
-21.0,-368.0,710.0,12:30:07.592052
150.0,-522.0,1011.0,12:30:07.601373
123.0,-498.0,989.0,12:30:07.611789
85.0,-429.0,1042.0,12:30:07.621326
27.0,-329.0,857.0,12:30:07.630665
-73.0,-570.0,1180.0,12:30:07.641217
-48.0,-596.0,1120.0,12:30:07.650610
131.0,-700.0,717.0,12:30:07.660190
4.0,-499.0,679.0,12:30:07.670652
36.0,-609.0,956.0,12:30:07.680130
-89.0,-529.0,828.0,12:30:07.690533
11.0,-652.0,616.0,12:30:07.699995
44.0,-553.0,1003.0,12:30:07.710458
46.0,-518.0,1051.0,12:30:07.719956
44.0,-478.0,959.0,12:30:07.729218
-54.0,-562.0,1105.0,12:30:07.739782
89.0,-532.0,1031.0,12:30:07.749016
20.0,-563.0,935.0,12:30:07.759445
142.0,-499.0,818.0,12:30:07.768812
-28.0,-573.0,791.0,12:30:07.779404
113.0,-438.0,827.0,12:30:07.788689
-38.0,-420.0,732.0,12:30:07.798114
58.0,-338.0,581.0,12:30:07.808641
-52.0,-466.0,1305.0,12:30:07.818037
-102.0,-504.0,1356.0,12:30:07.828467
90.0,-524.0,913.0,12:30:07.837790
-67.0,-627.0,1152.0,12:30:07.848291
146.0,-833.0,1146.0,12:30:07.857704
69.0,-674.0,809.0,12:30:07.868222
184.0,-554.0,721.0,12:30:07.877652
18.0,-480.0,670.0,12:30:07.887072
-151.0,-433.0,625.0,12:30:07.897464
13.0,-361.0,758.0,12:30:07.906899
-145.0,-391.0,878.0,12:30:07.917293
-2.0,-524.0,1051.0,12:30:07.926785
3.0,-583.0,1168.0,12:30:07.936235
146.0,-826.0,1183.0,12:30:07.955966
27.0,-533.0,1038.0,12:30:07.966605
3.0,-496.0,1050.0,12:30:07.975896
78.0,-412.0,991.0,12:30:07.986338
37.0,-543.0,914.0,12:30:07.995798
84.0,-526.0,789.0,12:30:08.005242
-20.0,-281.0,855.0,12:30:08.015731
-121.0,-481.0,1246.0,12:30:08.025098
122.0,-737.0,1065.0,12:30:08.035664
54.0,-616.0,671.0,12:30:08.044978
177.0,-665.0,932.0,12:30:08.055468
-19.0,-538.0,1246.0,12:30:08.064866
-30.0,-514.0,936.0,12:30:08.074266
85.0,-342.0,794.0,12:30:08.084700
91.0,-387.0,652.0,12:30:08.094120
8.0,-362.0,849.0,12:30:08.104673
-19.0,-319.0,735.0,12:30:08.114150
-174.0,-281.0,775.0,12:30:08.123494
20.0,-463.0,674.0,12:30:08.134041
-12.0,-423.0,589.0,12:30:08.143398
35.0,-370.0,721.0,12:30:08.154077
-91.0,-422.0,752.0,12:30:08.167748
-130.0,-253.0,1104.0,12:30:08.173652
-171.0,-275.0,1353.0,12:30:08.183112
-23.0,-375.0,1055.0,12:30:08.192480
36.0,-436.0,1127.0,12:30:08.203028
128.0,-596.0,1069.0,12:30:08.212338
214.0,-672.0,1102.0,12:30:08.222763
33.0,-548.0,1096.0,12:30:08.232121
244.0,-874.0,839.0,12:30:08.242679
169.0,-757.0,702.0,12:30:08.251934
158.0,-711.0,899.0,12:30:08.261392
85.0,-581.0,846.0,12:30:08.271913
-5.0,-467.0,966.0,12:30:08.281177
-88.0,-499.0,971.0,12:30:08.291747
43.0,-437.0,858.0,12:30:08.301112
-102.0,-372.0,878.0,12:30:08.311750
11.0,-475.0,923.0,12:30:08.321157
96.0,-302.0,1065.0,12:30:08.330535
-78.0,-444.0,1082.0,12:30:08.340934
161.0,-474.0,1024.0,12:30:08.350337
-20.0,-583.0,965.0,12:30:08.360755
79.0,-663.0,1049.0,12:30:08.370197
72.0,-595.0,1127.0,12:30:08.380657
3.0,-552.0,1118.0,12:30:08.390091
8.0,-629.0,1039.0,12:30:08.399457
-37.0,-588.0,927.0,12:30:08.410076
51.0,-591.0,913.0,12:30:08.419510
96.0,-560.0,893.0,12:30:08.428885
38.0,-595.0,830.0,12:30:08.439435
79.0,-594.0,724.0,12:30:08.448809
64.0,-592.0,743.0,12:30:08.459368
48.0,-570.0,632.0,12:30:08.468814
58.0,-454.0,649.0,12:30:08.478219
105.0,-421.0,703.0,12:30:08.488650
-7.0,-379.0,612.0,12:30:08.498042
121.0,-385.0,657.0,12:30:08.508498
20.0,-520.0,826.0,12:30:08.517810
90.0,-364.0,913.0,12:30:08.528223
100.0,-258.0,869.0,12:30:08.537692
98.0,-305.0,793.0,12:30:08.548089
33.0,-270.0,730.0,12:30:08.565561
137.0,-333.0,828.0,12:30:08.568229
29.0,-265.0,882.0,12:30:08.577732
35.0,-339.0,981.0,12:30:08.587168
190.0,-427.0,856.0,12:30:08.596557
-125.0,-549.0,1037.0,12:30:08.607052
81.0,-579.0,1179.0,12:30:08.616637
131.0,-524.0,1337.0,12:30:08.627054
24.0,-840.0,1721.0,12:30:08.636466
82.0,-782.0,956.0,12:30:08.646870
20.0,-687.0,1114.0,12:30:08.656279
31.0,-777.0,1301.0,12:30:08.665684
152.0,-697.0,962.0,12:30:08.676199
-85.0,-539.0,752.0,12:30:08.685591
-1.0,-258.0,599.0,12:30:08.695022
-7.0,-298.0,875.0,12:30:08.705610
-185.0,-219.0,690.0,12:30:08.714956
-20.0,-306.0,802.0,12:30:08.725448
-72.0,-184.0,894.0,12:30:08.734801
64.0,-265.0,1277.0,12:30:08.745346
77.0,-423.0,1081.0,12:30:08.754675
92.0,-341.0,850.0,12:30:08.764100
72.0,-338.0,1068.0,12:30:08.774603
60.0,-525.0,1210.0,12:30:08.783996
69.0,-428.0,803.0,12:30:08.794471
59.0,-587.0,811.0,12:30:08.803849
111.0,-570.0,770.0,12:30:08.814291
-43.0,-610.0,823.0,12:30:08.823623
-127.0,-652.0,840.0,12:30:08.834049
36.0,-667.0,974.0,12:30:08.843605
-94.0,-584.0,842.0,12:30:08.852869
-23.0,-662.0,763.0,12:30:08.863537
203.0,-648.0,1101.0,12:30:08.872885
13.0,-470.0,735.0,12:30:08.882333
152.0,-429.0,820.0,12:30:08.892822
96.0,-460.0,932.0,12:30:08.902232
110.0,-531.0,980.0,12:30:08.911866
139.0,-530.0,731.0,12:30:08.922061
-6.0,-517.0,827.0,12:30:08.932496
50.0,-637.0,1165.0,12:30:08.941895
-13.0,-492.0,770.0,12:30:08.951291
14.0,-615.0,894.0,12:30:08.961816
55.0,-617.0,922.0,12:30:08.971263
85.0,-613.0,623.0,12:30:08.981702
93.0,-458.0,1106.0,12:30:08.991391
-193.0,-219.0,1290.0,12:30:09.000696
-157.0,-207.0,860.0,12:30:09.011254
-67.0,-320.0,811.0,12:30:09.020554
-71.0,-555.0,1248.0,12:30:09.031177
-102.0,-678.0,1058.0,12:30:09.040561
161.0,-578.0,869.0,12:30:09.049997
42.0,-632.0,1021.0,12:30:09.060524
2.0,-694.0,1057.0,12:30:09.069967
-63.0,-525.0,676.0,12:30:09.080443
18.0,-422.0,758.0,12:30:09.089797
-79.0,-495.0,1025.0,12:30:09.099152
68.0,-460.0,961.0,12:30:09.109627
-82.0,-490.0,991.0,12:30:09.118970
56.0,-455.0,686.0,12:30:09.129462
41.0,-561.0,815.0,12:30:09.138899
-8.0,-399.0,857.0,12:30:09.149337
-7.0,-518.0,935.0,12:30:09.158856
142.0,-590.0,758.0,12:30:09.168174
98.0,-419.0,757.0,12:30:09.178789
83.0,-476.0,785.0,12:30:09.188045
-72.0,-564.0,1146.0,12:30:09.198494
178.0,-534.0,933.0,12:30:09.207856
196.0,-417.0,687.0,12:30:09.218407
-75.0,-639.0,1190.0,12:30:09.227811
190.0,-597.0,1070.0,12:30:09.237172
22.0,-500.0,954.0,12:30:09.247689
-49.0,-430.0,711.0,12:30:09.256991
-2.0,-431.0,1007.0,12:30:09.267418
86.0,-639.0,1002.0,12:30:09.276722
59.0,-473.0,876.0,12:30:09.287443
-8.0,-324.0,800.0,12:30:09.296727
-111.0,-443.0,1038.0,12:30:09.306086
88.0,-412.0,1070.0,12:30:09.316766
-18.0,-550.0,1071.0,12:30:09.326167
44.0,-497.0,789.0,12:30:09.336757
9.0,-458.0,966.0,12:30:09.346179
-42.0,-236.0,744.0,12:30:09.355465
103.0,-414.0,786.0,12:30:09.367263
77.0,-556.0,1026.0,12:30:09.375406
-39.0,-396.0,893.0,12:30:09.385907
-23.0,-358.0,793.0,12:30:09.395282
36.0,-504.0,1053.0,12:30:09.404701
99.0,-549.0,909.0,12:30:09.424391
52.0,-529.0,807.0,12:30:09.434813
-4.0,-490.0,1042.0,12:30:09.444311
70.0,-502.0,1112.0,12:30:09.454748
174.0,-400.0,805.0,12:30:09.464129
91.0,-404.0,779.0,12:30:09.474644
99.0,-429.0,991.0,12:30:09.484085
133.0,-597.0,1046.0,12:30:09.493442
60.0,-557.0,1005.0,12:30:09.503929
161.0,-477.0,869.0,12:30:09.513249
-11.0,-367.0,896.0,12:30:09.523726
-28.0,-589.0,1068.0,12:30:09.533044
-39.0,-481.0,928.0,12:30:09.543527
35.0,-254.0,754.0,12:30:09.552877
-159.0,-427.0,1030.0,12:30:09.563405
43.0,-662.0,1072.0,12:30:09.572778
152.0,-497.0,702.0,12:30:09.582174
2.0,-394.0,1032.0,12:30:09.592664
52.0,-448.0,1164.0,12:30:09.601991
201.0,-453.0,877.0,12:30:09.612422
-13.0,-370.0,791.0,12:30:09.621676
57.0,-502.0,888.0,12:30:09.632387
134.0,-589.0,1004.0,12:30:09.641659
208.0,-530.0,596.0,12:30:09.651185
-183.0,-396.0,861.0,12:30:09.661592
54.0,-431.0,1214.0,12:30:09.671165
162.0,-585.0,962.0,12:30:09.681704
170.0,-430.0,681.0,12:30:09.691133
56.0,-347.0,1003.0,12:30:09.700410
84.0,-678.0,1030.0,12:30:09.710914
132.0,-534.0,640.0,12:30:09.720198
207.0,-587.0,827.0,12:30:09.730675
-42.0,-523.0,1264.0,12:30:09.740142
-40.0,-513.0,1040.0,12:30:09.750749
-73.0,-679.0,1102.0,12:30:09.771104
33.0,-670.0,768.0,12:30:09.779323
173.0,-359.0,792.0,12:30:09.789879
-83.0,-657.0,1362.0,12:30:09.799234
-22.0,-450.0,889.0,12:30:09.809856
139.0,-309.0,320.0,12:30:09.819118
-93.0,-569.0,1134.0,12:30:09.828502
57.0,-651.0,1241.0,12:30:09.838971
56.0,-453.0,589.0,12:30:09.848350
57.0,-367.0,782.0,12:30:09.858877
264.0,-508.0,1118.0,12:30:09.868337
31.0,-450.0,774.0,12:30:09.877786
66.0,-305.0,320.0,12:30:09.888336
-31.0,-156.0,501.0,12:30:09.897831
9.0,-342.0,793.0,12:30:09.908315
72.0,-225.0,498.0,12:30:09.917717
-133.0,-163.0,613.0,12:30:09.927034
-92.0,-268.0,1105.0,12:30:09.937780
141.0,-527.0,1146.0,12:30:09.947096
40.0,-540.0,1007.0,12:30:09.957632
62.0,-651.0,1144.0,12:30:09.966930
202.0,-817.0,1376.0,12:30:09.976339
33.0,-894.0,1013.0,12:30:09.995955
122.0,-576.0,1134.0,12:30:10.006438
18.0,-749.0,979.0,12:30:10.015883
58.0,-852.0,928.0,12:30:10.026335
51.0,-765.0,1274.0,12:30:10.035861
-93.0,-688.0,1058.0,12:30:10.046254
44.0,-706.0,1045.0,12:30:10.055712
146.0,-701.0,1409.0,12:30:10.065057
-128.0,-612.0,951.0,12:30:10.075619
300.0,-737.0,756.0,12:30:10.084853
18.0,-366.0,959.0,12:30:10.095433
-129.0,-147.0,1323.0,12:30:10.104667
-159.0,-406.0,861.0,12:30:10.115182
55.0,-300.0,646.0,12:30:10.124533
-138.0,-210.0,935.0,12:30:10.135096
102.0,-491.0,677.0,12:30:10.144561
158.0,-381.0,906.0,12:30:10.153896
-24.0,-275.0,950.0,12:30:10.164463
-54.0,-258.0,646.0,12:30:10.173889
86.0,-316.0,591.0,12:30:10.184348
-27.0,-219.0,703.0,12:30:10.202937
-81.0,-270.0,709.0,12:30:10.213586
-71.0,-360.0,1130.0,12:30:10.222889
187.0,-572.0,1251.0,12:30:10.233504
155.0,-861.0,1194.0,12:30:10.242906
200.0,-950.0,918.0,12:30:10.252407
81.0,-1006.0,851.0,12:30:10.262837
-142.0,-971.0,980.0,12:30:10.272335
68.0,-723.0,750.0,12:30:10.282789
93.0,-672.0,606.0,12:30:10.292228
260.0,-620.0,414.0,12:30:10.301613
-37.0,-395.0,598.0,12:30:10.312059
-106.0,-516.0,1024.0,12:30:10.321541
-57.0,-368.0,1207.0,12:30:10.331951
-151.0,-229.0,1079.0,12:30:10.341307
40.0,-304.0,987.0,12:30:10.351778
5.0,-238.0,784.0,12:30:10.361231
29.0,-399.0,1291.0,12:30:10.370635
-29.0,-318.0,1458.0,12:30:10.381176
24.0,-347.0,1092.0,12:30:10.390452
9.0,-359.0,987.0,12:30:10.400983
148.0,-653.0,1151.0,12:30:10.410239
54.0,-596.0,1143.0,12:30:10.420759
28.0,-427.0,1265.0,12:30:10.430070
-246.0,-605.0,1158.0,12:30:10.440578
-17.0,-494.0,778.0,12:30:10.450049
-89.0,-551.0,633.0,12:30:10.459457
-66.0,-545.0,847.0,12:30:10.469932
20.0,-622.0,994.0,12:30:10.479299
-37.0,-509.0,663.0,12:30:10.489654
-47.0,-484.0,552.0,12:30:10.499002
20.0,-668.0,759.0,12:30:10.509438
-106.0,-658.0,841.0,12:30:10.518899
79.0,-554.0,666.0,12:30:10.529242
-53.0,-491.0,760.0,12:30:10.538613
-112.0,-538.0,614.0,12:30:10.549048
20.0,-679.0,742.0,12:30:10.558547
3.0,-669.0,555.0,12:30:10.570072
42.0,-585.0,987.0,12:30:10.578474
-12.0,-451.0,1347.0,12:30:10.587868
-84.0,-76.0,1024.0,12:30:10.598255
-60.0,-267.0,794.0,12:30:10.607765
128.0,-406.0,718.0,12:30:10.617099
88.0,-389.0,1016.0,12:30:10.627677
-20.0,-357.0,1221.0,12:30:10.636934
-128.0,-461.0,1239.0,12:30:10.647496
108.0,-555.0,973.0,12:30:10.656856
364.0,-560.0,711.0,12:30:10.667339
95.0,-641.0,1355.0,12:30:10.676691
-49.0,-584.0,1354.0,12:30:10.686105
71.0,-438.0,947.0,12:30:10.696713
112.0,-555.0,969.0,12:30:10.706155
2.0,-726.0,1027.0,12:30:10.715653
262.0,-600.0,539.0,12:30:10.726189
31.0,-267.0,692.0,12:30:10.735575
-89.0,-285.0,1135.0,12:30:10.746076
7.0,-381.0,848.0,12:30:10.755588
-30.0,-262.0,577.0,12:30:10.764887
-12.0,-599.0,997.0,12:30:10.775358
85.0,-510.0,973.0,12:30:10.784696
-48.0,-363.0,922.0,12:30:10.795205
1.0,-401.0,911.0,12:30:10.804714
176.0,-496.0,967.0,12:30:10.815246
-115.0,-458.0,840.0,12:30:10.824582
184.0,-469.0,887.0,12:30:10.834767
-88.0,-429.0,958.0,12:30:10.844104
73.0,-561.0,1011.0,12:30:10.853523
223.0,-567.0,838.0,12:30:10.864000
-75.0,-613.0,1015.0,12:30:10.873538
144.0,-577.0,1060.0,12:30:10.883971
167.0,-569.0,922.0,12:30:10.893460
-89.0,-642.0,1031.0,12:30:10.902783
200.0,-672.0,828.0,12:30:10.913409
104.0,-419.0,869.0,12:30:10.922655
-118.0,-538.0,1025.0,12:30:10.933145
5.0,-536.0,976.0,12:30:10.942428
23.0,-403.0,858.0,12:30:10.952929
-4.0,-442.0,827.0,12:30:10.970493
5.0,-436.0,961.0,12:30:10.971892
25.0,-482.0,800.0,12:30:10.982382
95.0,-440.0,892.0,12:30:10.991675
10.0,-426.0,852.0,12:30:11.002273
88.0,-367.0,772.0,12:30:11.011522
43.0,-405.0,1008.0,12:30:11.022054
232.0,-493.0,914.0,12:30:11.031284
57.0,-352.0,863.0,12:30:11.041891
175.0,-337.0,981.0,12:30:11.051298
103.0,-425.0,871.0,12:30:11.060620
52.0,-325.0,998.0,12:30:11.071383
59.0,-412.0,748.0,12:30:11.080739
175.0,-565.0,517.0,12:30:11.090085
252.0,-441.0,846.0,12:30:11.100593
42.0,-564.0,1608.0,12:30:11.110108
68.0,-596.0,1307.0,12:30:11.120631
84.0,-622.0,976.0,12:30:11.130023
163.0,-868.0,1308.0,12:30:11.140502
61.0,-930.0,1248.0,12:30:11.149797
138.0,-796.0,1012.0,12:30:11.159117
101.0,-667.0,949.0,12:30:11.169705
-34.0,-757.0,830.0,12:30:11.179004
72.0,-666.0,476.0,12:30:11.189637
-96.0,-338.0,430.0,12:30:11.199034
-60.0,-280.0,861.0,12:30:11.208400
-81.0,-261.0,683.0,12:30:11.218915
-105.0,-209.0,660.0,12:30:11.228328
62.0,-307.0,625.0,12:30:11.238895
66.0,-247.0,930.0,12:30:11.248318
-12.0,-380.0,1331.0,12:30:11.257729
79.0,-330.0,1152.0,12:30:11.268259
73.0,-442.0,901.0,12:30:11.277509
87.0,-479.0,1016.0,12:30:11.287972
125.0,-427.0,919.0,12:30:11.297285
207.0,-472.0,688.0,12:30:11.307856
27.0,-241.0,658.0,12:30:11.317197
-41.0,-428.0,580.0,12:30:11.327821
-1.0,-412.0,522.0,12:30:11.337129
-18.0,-581.0,916.0,12:30:11.346641
-41.0,-514.0,990.0,12:30:11.357141
-1.0,-657.0,1106.0,12:30:11.366620
86.0,-685.0,1233.0,12:30:11.377063
46.0,-815.0,994.0,12:30:11.386525
147.0,-665.0,859.0,12:30:11.395882
13.0,-512.0,1072.0,12:30:11.406446
-78.0,-478.0,905.0,12:30:11.415777
-31.0,-420.0,618.0,12:30:11.426291
-8.0,-396.0,808.0,12:30:11.435754
128.0,-725.0,1488.0,12:30:11.445137
-60.0,-821.0,1715.0,12:30:11.455658
135.0,-572.0,846.0,12:30:11.465004
148.0,-523.0,1490.0,12:30:11.475451
106.0,-655.0,1781.0,12:30:11.484720
85.0,-650.0,1244.0,12:30:11.495214
37.0,-226.0,801.0,12:30:11.504620
17.0,-320.0,883.0,12:30:11.514059
-85.0,-376.0,833.0,12:30:11.524572
-143.0,-570.0,695.0,12:30:11.533908
-47.0,-558.0,749.0,12:30:11.544566
-168.0,-528.0,1018.0,12:30:11.553887
-24.0,-587.0,733.0,12:30:11.563343
-30.0,-535.0,643.0,12:30:11.573788
103.0,-669.0,687.0,12:30:11.583126
351.0,-706.0,588.0,12:30:11.593602
331.0,-364.0,321.0,12:30:11.602893
39.0,-521.0,955.0,12:30:11.613580
74.0,-264.0,758.0,12:30:11.622949
-207.0,13.0,495.0,12:30:11.632343
-186.0,145.0,358.0,12:30:11.642979
-235.0,109.0,312.0,12:30:11.652412
139.0,-318.0,1050.0,12:30:11.661777
140.0,-592.0,1309.0,12:30:11.672404
431.0,-913.0,1342.0,12:30:11.681708
31.0,-993.0,1186.0,12:30:11.692324
111.0,-933.0,1292.0,12:30:11.701596
-78.0,-651.0,1212.0,12:30:11.712102
-33.0,-465.0,1301.0,12:30:11.721408
35.0,-663.0,784.0,12:30:11.730836
32.0,-469.0,253.0,12:30:11.741329
13.0,-574.0,832.0,12:30:11.750750
-69.0,-746.0,1340.0,12:30:11.761236
-29.0,-702.0,954.0,12:30:11.772778
87.0,-667.0,513.0,12:30:11.780807
42.0,-584.0,886.0,12:30:11.790114
-79.0,-341.0,1521.0,12:30:11.800680
90.0,11.0,1403.0,12:30:11.810103
56.0,268.0,819.0,12:30:11.820516
55.0,-137.0,1251.0,12:30:11.829721
156.0,-268.0,1307.0,12:30:11.840268
223.0,-587.0,901.0,12:30:11.849549
59.0,-455.0,684.0,12:30:11.858965
-54.0,-681.0,1125.0,12:30:11.869401
-1.0,-514.0,941.0,12:30:11.878777
-145.0,-719.0,927.0,12:30:11.889280
134.0,-688.0,578.0,12:30:11.898754
-36.0,-363.0,523.0,12:30:11.909181
-198.0,-587.0,1055.0,12:30:11.918536
-47.0,-655.0,843.0,12:30:11.928991
123.0,-779.0,474.0,12:30:11.938369
159.0,-723.0,704.0,12:30:11.948741
96.0,-569.0,971.0,12:30:11.958071
-170.0,-537.0,713.0,12:30:11.967432
138.0,-450.0,685.0,12:30:11.977954
-69.0,-671.0,725.0,12:30:11.987319
259.0,-683.0,642.0,12:30:11.997805
263.0,-762.0,559.0,12:30:12.007123
75.0,-620.0,934.0,12:30:12.017722
-8.0,-401.0,1114.0,12:30:12.027024
-177.0,-193.0,1335.0,12:30:12.036433
-6.0,-281.0,1151.0,12:30:12.047028
94.0,-280.0,428.0,12:30:12.056455
229.0,-309.0,785.0,12:30:12.066967
-170.0,-233.0,1657.0,12:30:12.076260
-161.0,-502.0,1561.0,12:30:12.085821
255.0,-711.0,794.0,12:30:12.096337
322.0,-775.0,571.0,12:30:12.105868
198.0,-514.0,1285.0,12:30:12.116297
-147.0,-491.0,1688.0,12:30:12.125839
179.0,-572.0,703.0,12:30:12.135216
-18.0,-689.0,784.0,12:30:12.145787
41.0,-539.0,781.0,12:30:12.155047
-84.0,-487.0,766.0,12:30:12.172999
-11.0,-470.0,859.0,12:30:12.174383
21.0,-488.0,1155.0,12:30:12.184770
-135.0,-346.0,706.0,12:30:12.194212
183.0,-340.0,525.0,12:30:12.204661
74.0,-367.0,905.0,12:30:12.214067
-7.0,-439.0,908.0,12:30:12.224651
106.0,-597.0,890.0,12:30:12.234076
-57.0,-467.0,901.0,12:30:12.243430
-75.0,-465.0,860.0,12:30:12.253959
53.0,-474.0,872.0,12:30:12.263325
-176.0,-514.0,1232.0,12:30:12.273908
-103.0,-492.0,1153.0,12:30:12.283244
105.0,-468.0,753.0,12:30:12.292728
92.0,-414.0,756.0,12:30:12.303133
45.0,-615.0,1009.0,12:30:12.312478
106.0,-621.0,1050.0,12:30:12.322875
96.0,-476.0,853.0,12:30:12.332398
44.0,-447.0,1179.0,12:30:12.342807
98.0,-525.0,832.0,12:30:12.352351
102.0,-759.0,727.0,12:30:12.362762
106.0,-355.0,904.0,12:30:12.372111
-78.0,-594.0,1338.0,12:30:12.381361
87.0,-562.0,816.0,12:30:12.391770
99.0,-358.0,764.0,12:30:12.401194
59.0,-502.0,816.0,12:30:12.411745
11.0,-590.0,955.0,12:30:12.421137
95.0,-321.0,981.0,12:30:12.431638
-54.0,-293.0,941.0,12:30:12.441032
-17.0,-556.0,727.0,12:30:12.450418
159.0,-396.0,938.0,12:30:12.460994
71.0,-425.0,911.0,12:30:12.470284
-11.0,-534.0,803.0,12:30:12.480888
126.0,-556.0,954.0,12:30:12.500420
105.0,-497.0,1009.0,12:30:12.509740
210.0,-574.0,913.0,12:30:12.520344
55.0,-560.0,912.0,12:30:12.529632
32.0,-477.0,970.0,12:30:12.540185
12.0,-534.0,911.0,12:30:12.549471
92.0,-682.0,1072.0,12:30:12.559043
19.0,-729.0,1144.0,12:30:12.569479
-196.0,-443.0,607.0,12:30:12.578934
6.0,-430.0,718.0,12:30:12.589440
32.0,-482.0,1286.0,12:30:12.598954
-130.0,-466.0,1061.0,12:30:12.608257
163.0,-364.0,332.0,12:30:12.618811
129.0,-393.0,806.0,12:30:12.628069
245.0,-517.0,1330.0,12:30:12.637660
12.0,-365.0,647.0,12:30:12.648018
-316.0,-248.0,876.0,12:30:12.657424
137.0,-593.0,1189.0,12:30:12.667845
217.0,-664.0,962.0,12:30:12.677291
140.0,-531.0,746.0,12:30:12.687800
154.0,-700.0,866.0,12:30:12.697226
-48.0,-496.0,1046.0,12:30:12.707716
73.0,-499.0,850.0,12:30:12.717178
124.0,-616.0,651.0,12:30:12.726520
22.0,-587.0,1077.0,12:30:12.737167
-56.0,-541.0,1114.0,12:30:12.746602
-46.0,-584.0,776.0,12:30:12.756033
-88.0,-403.0,935.0,12:30:12.766652
166.0,-559.0,765.0,12:30:12.776024
-103.0,-627.0,1019.0,12:30:12.786533
2.0,-618.0,1164.0,12:30:12.795915
-134.0,-372.0,729.0,12:30:12.805206
-101.0,-543.0,815.0,12:30:12.815823
2.0,-585.0,1146.0,12:30:12.825106
-54.0,-591.0,984.0,12:30:12.835707
-4.0,-333.0,633.0,12:30:12.844976
-90.0,-319.0,1155.0,12:30:12.855446
94.0,-627.0,981.0,12:30:12.864789
-60.0,-523.0,866.0,12:30:12.875235
27.0,-293.0,648.0,12:30:12.884712
-168.0,-233.0,986.0,12:30:12.894092
-21.0,-442.0,1042.0,12:30:12.904684
-1.0,-452.0,960.0,12:30:12.913984
-122.0,-313.0,874.0,12:30:12.924541
112.0,-587.0,1283.0,12:30:12.933926
64.0,-328.0,1072.0,12:30:12.943387
169.0,-456.0,681.0,12:30:12.953813
125.0,-666.0,1012.0,12:30:12.963195
83.0,-676.0,1002.0,12:30:12.975399
155.0,-480.0,821.0,12:30:12.983653
-79.0,-386.0,933.0,12:30:12.993078
-77.0,-350.0,623.0,12:30:13.002485
3.0,-484.0,831.0,12:30:13.012971
-68.0,-534.0,1027.0,12:30:13.022347
158.0,-405.0,674.0,12:30:13.033004
-50.0,-437.0,1095.0,12:30:13.042356
274.0,-633.0,1187.0,12:30:13.051741
332.0,-525.0,858.0,12:30:13.062281
0.0,-279.0,833.0,12:30:13.071818
16.0,-624.0,1066.0,12:30:13.081138
124.0,-543.0,907.0,12:30:13.091600
105.0,-442.0,929.0,12:30:13.101018
117.0,-460.0,864.0,12:30:13.111532
-74.0,-481.0,867.0,12:30:13.120916
-72.0,-542.0,905.0,12:30:13.131517
79.0,-571.0,906.0,12:30:13.140790
-137.0,-458.0,922.0,12:30:13.150292
223.0,-583.0,965.0,12:30:13.160701
-113.0,-512.0,950.0,12:30:13.170138
-3.0,-350.0,836.0,12:30:13.180617
-106.0,-480.0,755.0,12:30:13.190124
181.0,-494.0,856.0,12:30:13.199429
139.0,-657.0,1113.0,12:30:13.209970
11.0,-520.0,880.0,12:30:13.219383
-77.0,-230.0,510.0,12:30:13.230043
-144.0,-612.0,973.0,12:30:13.239306
97.0,-845.0,1388.0,12:30:13.249838
123.0,-450.0,699.0,12:30:13.259098
-9.0,-319.0,609.0,12:30:13.268476
31.0,-751.0,1297.0,12:30:13.278991
172.0,-445.0,867.0,12:30:13.288365
-55.0,-419.0,603.0,12:30:13.298903
52.0,-329.0,925.0,12:30:13.308276
-40.0,-579.0,1120.0,12:30:13.318680
57.0,-471.0,592.0,12:30:13.328056
93.0,-575.0,990.0,12:30:13.338467
-17.0,-529.0,1032.0,12:30:13.347914
129.0,-520.0,1180.0,12:30:13.357189
-196.0,-420.0,709.0,12:30:13.375029
89.0,-676.0,789.0,12:30:13.379964
-24.0,-473.0,996.0,12:30:13.386952
-64.0,-676.0,1007.0,12:30:13.397695
87.0,-263.0,845.0,12:30:13.406952
33.0,-422.0,965.0,12:30:13.416336
95.0,-655.0,1269.0,12:30:13.426877
22.0,-623.0,1194.0,12:30:13.436440
153.0,-580.0,716.0,12:30:13.446875
77.0,-489.0,1136.0,12:30:13.456268
-165.0,-473.0,1004.0,12:30:13.465680
216.0,-675.0,599.0,12:30:13.476203
-20.0,-361.0,630.0,12:30:13.485645
37.0,-255.0,753.0,12:30:13.496238
-253.0,-381.0,1141.0,12:30:13.505654
140.0,-384.0,801.0,12:30:13.515116
54.0,-398.0,950.0,12:30:13.525591
49.0,-419.0,1015.0,12:30:13.535024
192.0,-570.0,1128.0,12:30:13.545432
174.0,-584.0,925.0,12:30:13.554847
170.0,-442.0,787.0,12:30:13.565239
55.0,-413.0,726.0,12:30:13.574617
98.0,-512.0,751.0,12:30:13.583921
64.0,-523.0,1104.0,12:30:13.594409
-82.0,-298.0,935.0,12:30:13.603703
77.0,-264.0,606.0,12:30:13.614268
-121.0,-412.0,1090.0,12:30:13.623623
93.0,-589.0,1315.0,12:30:13.634159
144.0,-657.0,891.0,12:30:13.643576
261.0,-603.0,728.0,12:30:13.652906
-47.0,-600.0,1296.0,12:30:13.663431
163.0,-596.0,1021.0,12:30:13.672890
174.0,-431.0,457.0,12:30:13.683442
112.0,-483.0,926.0,12:30:13.692819
-78.0,-333.0,1023.0,12:30:13.703223
-173.0,-379.0,908.0,12:30:13.712604
-34.0,-494.0,1017.0,12:30:13.721882
141.0,-682.0,885.0,12:30:13.732385
250.0,-825.0,775.0,12:30:13.741677
12.0,-451.0,883.0,12:30:13.752286
-15.0,-321.0,923.0,12:30:13.761550
-158.0,-420.0,1218.0,12:30:13.772128
208.0,-315.0,789.0,12:30:13.781477
-86.0,-255.0,617.0,12:30:13.791918
-49.0,-462.0,911.0,12:30:13.801282
-45.0,-569.0,1496.0,12:30:13.810602
145.0,-608.0,849.0,12:30:13.821135
157.0,-857.0,718.0,12:30:13.830548
135.0,-696.0,897.0,12:30:13.841121
110.0,-756.0,1164.0,12:30:13.850500
-189.0,-485.0,853.0,12:30:13.860965
97.0,-614.0,834.0,12:30:13.870290
-21.0,-434.0,844.0,12:30:13.879567
138.0,-534.0,708.0,12:30:13.890013
-155.0,-450.0,794.0,12:30:13.899372
-255.0,-346.0,995.0,12:30:13.909965
-78.0,-480.0,829.0,12:30:13.919326
154.0,-481.0,889.0,12:30:13.929918
-32.0,-573.0,709.0,12:30:13.939281
13.0,-675.0,1022.0,12:30:13.948558
-90.0,-358.0,969.0,12:30:13.959204
122.0,-221.0,695.0,12:30:13.968515
81.0,-477.0,867.0,12:30:13.979111
-151.0,-691.0,1448.0,12:30:13.988500
173.0,-536.0,739.0,12:30:13.997912
11.0,-355.0,882.0,12:30:14.008291
38.0,-674.0,1338.0,12:30:14.017778
256.0,-975.0,915.0,12:30:14.028172
197.0,-622.0,523.0,12:30:14.037485
14.0,-392.0,993.0,12:30:14.047961
-95.0,-589.0,1085.0,12:30:14.057307
-137.0,-475.0,900.0,12:30:14.067810
-45.0,-569.0,657.0,12:30:14.077128
-32.0,-468.0,702.0,12:30:14.086683
28.0,-340.0,1190.0,12:30:14.097154
-190.0,-409.0,1075.0,12:30:14.106798
161.0,-348.0,655.0,12:30:14.117207
-111.0,-156.0,727.0,12:30:14.126747
72.0,-424.0,1267.0,12:30:14.136070
-10.0,-566.0,1052.0,12:30:14.146650
2.0,-158.0,742.0,12:30:14.156052
206.0,-439.0,1080.0,12:30:14.166615
68.0,-778.0,1178.0,12:30:14.177895
89.0,-543.0,657.0,12:30:14.185640
-80.0,-495.0,985.0,12:30:14.195058
145.0,-598.0,947.0,12:30:14.205590
-27.0,-544.0,996.0,12:30:14.214908
-102.0,-454.0,704.0,12:30:14.225380
-57.0,-438.0,694.0,12:30:14.234687
-5.0,-356.0,891.0,12:30:14.245176
-45.0,-655.0,1335.0,12:30:14.254698
104.0,-571.0,760.0,12:30:14.264018
110.0,-572.0,852.0,12:30:14.274556
-243.0,-503.0,853.0,12:30:14.283920
293.0,-523.0,1034.0,12:30:14.294555
-90.0,-407.0,827.0,12:30:14.303961
117.0,-430.0,1087.0,12:30:14.313331
95.0,-513.0,900.0,12:30:14.323847
72.0,-428.0,681.0,12:30:14.333070
-65.0,-255.0,1077.0,12:30:14.343576
-48.0,-513.0,1299.0,12:30:14.352921
-9.0,-270.0,739.0,12:30:14.363526
39.0,-332.0,904.0,12:30:14.372903
10.0,-593.0,1312.0,12:30:14.382324
21.0,-537.0,752.0,12:30:14.392822
-153.0,-421.0,818.0,12:30:14.402286
-22.0,-661.0,1185.0,12:30:14.412773
48.0,-808.0,1025.0,12:30:14.422211
31.0,-348.0,753.0,12:30:14.431689
-94.0,-365.0,945.0,12:30:14.442242
56.0,-532.0,779.0,12:30:14.451706
55.0,-447.0,741.0,12:30:14.462271
168.0,-644.0,881.0,12:30:14.471680
222.0,-513.0,728.0,12:30:14.481031
-11.0,-216.0,860.0,12:30:14.491576
-53.0,-273.0,826.0,12:30:14.500971
-67.0,-350.0,1016.0,12:30:14.510465
43.0,-323.0,1072.0,12:30:14.520901
57.0,-379.0,748.0,12:30:14.530221
313.0,-490.0,1019.0,12:30:14.540709
82.0,-665.0,1233.0,12:30:14.550082
74.0,-521.0,868.0,12:30:14.560537
-4.0,-348.0,855.0,12:30:14.570001
124.0,-702.0,1035.0,12:30:14.581647
189.0,-668.0,802.0,12:30:14.589646
-57.0,-581.0,698.0,12:30:14.600143
-106.0,-545.0,917.0,12:30:14.609506
-74.0,-658.0,994.0,12:30:14.618873
-40.0,-446.0,872.0,12:30:14.629389
211.0,-310.0,719.0,12:30:14.638653
-134.0,-568.0,1390.0,12:30:14.649219
-51.0,-644.0,1102.0,12:30:14.658474
228.0,-404.0,714.0,12:30:14.669042
155.0,-517.0,886.0,12:30:14.678428
113.0,-610.0,1195.0,12:30:14.688923
133.0,-423.0,965.0,12:30:14.698253
39.0,-211.0,464.0,12:30:14.707655
-95.0,-496.0,672.0,12:30:14.718111
153.0,-527.0,1139.0,12:30:14.727357
-34.0,-375.0,886.0,12:30:14.737859
143.0,-342.0,838.0,12:30:14.747148
-75.0,-228.0,1186.0,12:30:14.757724
136.0,-510.0,931.0,12:30:14.767068
193.0,-594.0,1081.0,12:30:14.777672
123.0,-449.0,683.0,12:30:14.786993
79.0,-512.0,1131.0,12:30:14.796268
-134.0,-573.0,1052.0,12:30:14.806872
42.0,-640.0,1030.0,12:30:14.816289
109.0,-521.0,817.0,12:30:14.826783
138.0,-474.0,460.0,12:30:14.836128
162.0,-487.0,908.0,12:30:14.846690
59.0,-612.0,1367.0,12:30:14.855960
203.0,-437.0,887.0,12:30:14.865320
73.0,-338.0,640.0,12:30:14.875811
-176.0,-376.0,1266.0,12:30:14.885261
9.0,-383.0,1182.0,12:30:14.895812
60.0,-432.0,601.0,12:30:14.905136
80.0,-565.0,1052.0,12:30:14.914686
-150.0,-427.0,784.0,12:30:14.925087
65.0,-415.0,772.0,12:30:14.934568
16.0,-446.0,862.0,12:30:14.945011
228.0,-584.0,1125.0,12:30:14.954396
151.0,-263.0,743.0,12:30:14.964972
-236.0,-428.0,946.0,12:30:14.974284
123.0,-639.0,1140.0,12:30:14.983619
-39.0,-429.0,1194.0,12:30:14.994104
134.0,-437.0,1082.0,12:30:15.003505
-32.0,-383.0,657.0,12:30:15.013979
-183.0,-437.0,871.0,12:30:15.023562
115.0,-545.0,1019.0,12:30:15.032849
52.0,-679.0,716.0,12:30:15.043427
51.0,-466.0,1035.0,12:30:15.052673
-127.0,-514.0,1203.0,12:30:15.063243
12.0,-620.0,1108.0,12:30:15.072620
108.0,-711.0,590.0,12:30:15.083099
-215.0,-573.0,946.0,12:30:15.092505
144.0,-478.0,909.0,12:30:15.101895
-307.0,-420.0,1015.0,12:30:15.112381
42.0,-363.0,954.0,12:30:15.121767
-138.0,-541.0,804.0,12:30:15.132393
99.0,-553.0,579.0,12:30:15.141722
-45.0,-427.0,904.0,12:30:15.151266
-6.0,-652.0,1104.0,12:30:15.161796
81.0,-459.0,1077.0,12:30:15.171254
91.0,-577.0,587.0,12:30:15.181606
40.0,-623.0,1019.0,12:30:15.191054
56.0,-580.0,915.0,12:30:15.201413
-2.0,-450.0,789.0,12:30:15.210792
-8.0,-448.0,1148.0,12:30:15.220168
-319.0,-410.0,835.0,12:30:15.230617
108.0,-585.0,701.0,12:30:15.240139
-223.0,-507.0,856.0,12:30:15.250570
-24.0,-455.0,977.0,12:30:15.260009
222.0,-603.0,674.0,12:30:15.270419
-65.0,-507.0,989.0,12:30:15.279779
184.0,-526.0,963.0,12:30:15.289224
-77.0,-200.0,405.0,12:30:15.299762
-49.0,-265.0,1179.0,12:30:15.309023
-106.0,-472.0,1283.0,12:30:15.319543
-43.0,-354.0,408.0,12:30:15.328922
71.0,-611.0,1086.0,12:30:15.339413
123.0,-597.0,1308.0,12:30:15.348953
278.0,-799.0,1123.0,12:30:15.358264
136.0,-340.0,678.0,12:30:15.368946
27.0,-533.0,886.0,12:30:15.380386
68.0,-806.0,933.0,12:30:15.388419
163.0,-599.0,836.0,12:30:15.397819
-10.0,-326.0,526.0,12:30:15.408284
-312.0,-474.0,1131.0,12:30:15.417736
108.0,-493.0,1205.0,12:30:15.428178
112.0,-510.0,504.0,12:30:15.437665
-11.0,-487.0,708.0,12:30:15.447004
157.0,-577.0,1521.0,12:30:15.457521
-130.0,-329.0,923.0,12:30:15.466855
-72.0,-279.0,705.0,12:30:15.477450
110.0,-847.0,980.0,12:30:15.486747
57.0,-572.0,935.0,12:30:15.497152
131.0,-216.0,757.0,12:30:15.506653
-277.0,-388.0,1025.0,12:30:15.515985
87.0,-424.0,1094.0,12:30:15.526530
127.0,-550.0,580.0,12:30:15.535816
21.0,-432.0,962.0,12:30:15.546502
-147.0,-425.0,1095.0,12:30:15.555722
-76.0,-550.0,926.0,12:30:15.566214
210.0,-544.0,894.0,12:30:15.575611
-34.0,-600.0,971.0,12:30:15.585077
172.0,-475.0,752.0,12:30:15.595484
-112.0,-413.0,974.0,12:30:15.604853
-1.0,-462.0,790.0,12:30:15.615394
135.0,-475.0,672.0,12:30:15.624720
-56.0,-407.0,932.0,12:30:15.635200
81.0,-538.0,1672.0,12:30:15.644610
191.0,-726.0,1739.0,12:30:15.654081
95.0,-741.0,763.0,12:30:15.664564
137.0,-596.0,864.0,12:30:15.673897
226.0,-812.0,1286.0,12:30:15.684373
43.0,-418.0,787.0,12:30:15.693782
49.0,-410.0,727.0,12:30:15.704227
-27.0,-276.0,808.0,12:30:15.713612
-39.0,-483.0,401.0,12:30:15.722943
26.0,-459.0,837.0,12:30:15.733558
-69.0,-250.0,1260.0,12:30:15.742874
-78.0,-210.0,954.0,12:30:15.753372
49.0,-540.0,1001.0,12:30:15.762744
182.0,-337.0,899.0,12:30:15.772174
-85.0,-279.0,611.0,12:30:15.786285
53.0,-283.0,589.0,12:30:15.792343
116.0,-457.0,1256.0,12:30:15.802807
-187.0,-451.0,1017.0,12:30:15.812287
204.0,-419.0,444.0,12:30:15.821575
-63.0,-236.0,681.0,12:30:15.832295
-97.0,-467.0,1545.0,12:30:15.841627
41.0,-464.0,728.0,12:30:15.851177
9.0,-416.0,875.0,12:30:15.861614
305.0,-501.0,991.0,12:30:15.871180
152.0,-511.0,622.0,12:30:15.880563
163.0,-484.0,963.0,12:30:15.891083
-73.0,-522.0,767.0,12:30:15.900429
-103.0,-455.0,806.0,12:30:15.910834
82.0,-394.0,969.0,12:30:15.920259
-31.0,-194.0,649.0,12:30:15.930697
246.0,-520.0,885.0,12:30:15.940147
-42.0,-857.0,1392.0,12:30:15.949501
-2.0,-595.0,958.0,12:30:15.960135
95.0,-342.0,1415.0,12:30:15.969464
-399.0,-450.0,1948.0,12:30:15.980056
-132.0,-372.0,1079.0,12:30:15.989441
92.0,-512.0,767.0,12:30:15.998909
249.0,-706.0,1032.0,12:30:16.009318
181.0,-769.0,1410.0,12:30:16.018638
117.0,-538.0,808.0,12:30:16.029147
136.0,-661.0,832.0,12:30:16.038475
-41.0,-506.0,969.0,12:30:16.048972
-14.0,-687.0,1215.0,12:30:16.058355
-40.0,-455.0,481.0,12:30:16.067822
-48.0,-451.0,536.0,12:30:16.078230
62.0,-497.0,1043.0,12:30:16.087546
39.0,-467.0,728.0,12:30:16.098021
137.0,-459.0,488.0,12:30:16.107532
104.0,-328.0,715.0,12:30:16.117886
-14.0,-540.0,1111.0,12:30:16.127242
171.0,-411.0,1016.0,12:30:16.137835
-123.0,-332.0,1043.0,12:30:16.147198
191.0,-328.0,606.0,12:30:16.156645
69.0,-433.0,747.0,12:30:16.167082
24.0,-425.0,1201.0,12:30:16.176605
8.0,-254.0,1116.0,12:30:16.187045
-48.0,-83.0,542.0,12:30:16.196464
114.0,-643.0,718.0,12:30:16.205805
258.0,-825.0,1259.0,12:30:16.216285
-92.0,-680.0,1039.0,12:30:16.225725
-9.0,-297.0,637.0,12:30:16.236304
-19.0,-628.0,1357.0,12:30:16.245734
447.0,-787.0,959.0,12:30:16.255236
155.0,-662.0,402.0,12:30:16.265714
-107.0,-362.0,1115.0,12:30:16.275068
-13.0,-505.0,1410.0,12:30:16.285652
60.0,-190.0,1247.0,12:30:16.295130
-3.0,-375.0,493.0,12:30:16.304529
-5.0,-227.0,721.0,12:30:16.315007
118.0,-617.0,1789.0,12:30:16.324581
-201.0,-237.0,1288.0,12:30:16.333904
60.0,-279.0,711.0,12:30:16.344533
58.0,-644.0,1143.0,12:30:16.353894
121.0,-737.0,1307.0,12:30:16.364362
-39.0,-447.0,779.0,12:30:16.373637
-133.0,-289.0,876.0,12:30:16.384120
-10.0,-535.0,1058.0,12:30:16.393461
-17.0,-596.0,649.0,12:30:16.403984
85.0,-315.0,430.0,12:30:16.413396
-29.0,-496.0,957.0,12:30:16.422829
-109.0,-504.0,1058.0,12:30:16.433359
3.0,-522.0,772.0,12:30:16.442759
30.0,-424.0,742.0,12:30:16.453205
-88.0,-423.0,867.0,12:30:16.462529
251.0,-407.0,1161.0,12:30:16.472994
-4.0,-433.0,1008.0,12:30:16.482433
-80.0,-632.0,943.0,12:30:16.491741
231.0,-769.0,948.0,12:30:16.502291
-16.0,-594.0,1036.0,12:30:16.511714
267.0,-513.0,831.0,12:30:16.521210
-71.0,-624.0,938.0,12:30:16.531712
-53.0,-450.0,942.0,12:30:16.541098
71.0,-381.0,621.0,12:30:16.551633
-63.0,-417.0,982.0,12:30:16.560844
-18.0,-402.0,1189.0,12:30:16.571422
-109.0,-467.0,831.0,12:30:16.584433
-75.0,-362.0,818.0,12:30:16.591366
73.0,-317.0,1078.0,12:30:16.600832
-106.0,-371.0,1205.0,12:30:16.610062
88.0,-355.0,819.0,12:30:16.620593
1.0,-369.0,865.0,12:30:16.629847
97.0,-541.0,1139.0,12:30:16.640425
100.0,-279.0,863.0,12:30:16.649678
70.0,-307.0,887.0,12:30:16.660200
82.0,-452.0,971.0,12:30:16.669506
34.0,-395.0,1038.0,12:30:16.678963
191.0,-508.0,954.0,12:30:16.689434
12.0,-414.0,834.0,12:30:16.698826
113.0,-547.0,926.0,12:30:16.709321
75.0,-555.0,1026.0,12:30:16.718642
90.0,-561.0,883.0,12:30:16.729088
143.0,-438.0,763.0,12:30:16.738453
-24.0,-576.0,1080.0,12:30:16.748962
166.0,-514.0,941.0,12:30:16.758313
-19.0,-373.0,727.0,12:30:16.767799
38.0,-466.0,795.0,12:30:16.778323
124.0,-431.0,1121.0,12:30:16.787793
82.0,-484.0,925.0,12:30:16.798194
-46.0,-460.0,853.0,12:30:16.807713
203.0,-496.0,1074.0,12:30:16.817003
-21.0,-436.0,1168.0,12:30:16.827538
43.0,-497.0,1010.0,12:30:16.836870
55.0,-416.0,819.0,12:30:16.847306
-54.0,-456.0,1187.0,12:30:16.856696
86.0,-409.0,1055.0,12:30:16.867221
-33.0,-507.0,736.0,12:30:16.876636
0.0,-655.0,812.0,12:30:16.886032
11.0,-479.0,1041.0,12:30:16.896597
-147.0,-492.0,949.0,12:30:16.905929
73.0,-546.0,700.0,12:30:16.916480
3.0,-515.0,872.0,12:30:16.925764
-68.0,-498.0,1063.0,12:30:16.935231
-43.0,-391.0,814.0,12:30:16.945721
-12.0,-416.0,708.0,12:30:16.955088
181.0,-369.0,744.0,12:30:16.965575
-22.0,-396.0,938.0,12:30:16.974997
79.0,-710.0,992.0,12:30:16.986300
84.0,-319.0,953.0,12:30:16.995228
-63.0,-465.0,981.0,12:30:17.004704
132.0,-493.0,965.0,12:30:17.015131
-28.0,-501.0,917.0,12:30:17.024680
92.0,-590.0,1123.0,12:30:17.034021
121.0,-483.0,899.0,12:30:17.044574
188.0,-448.0,909.0,12:30:17.053894
26.0,-410.0,989.0,12:30:17.063370
160.0,-500.0,1045.0,12:30:17.073946
51.0,-316.0,1049.0,12:30:17.083296
-56.0,-514.0,944.0,12:30:17.093823
43.0,-563.0,899.0,12:30:17.103091
-45.0,-453.0,963.0,12:30:17.113559
-9.0,-462.0,986.0,12:30:17.122857
127.0,-436.0,971.0,12:30:17.132454
59.0,-435.0,821.0,12:30:17.142865
32.0,-442.0,828.0,12:30:17.152257
120.0,-235.0,690.0,12:30:17.162739
-77.0,-473.0,1242.0,12:30:17.172313
171.0,-452.0,957.0,12:30:17.182805
-223.0,-465.0,768.0,12:30:17.192180
-1.0,-782.0,1209.0,12:30:17.201501
26.0,-701.0,996.0,12:30:17.212151
-65.0,-552.0,594.0,12:30:17.221577
216.0,-487.0,801.0,12:30:17.231223
-145.0,-528.0,1029.0,12:30:17.241897
68.0,-352.0,514.0,12:30:17.251174
-20.0,-465.0,661.0,12:30:17.260493
42.0,-564.0,1185.0,12:30:17.271005
93.0,-383.0,1212.0,12:30:17.280391
-35.0,-466.0,737.0,12:30:17.290818
-116.0,-589.0,1299.0,12:30:17.310388
205.0,-560.0,1056.0,12:30:17.319803
129.0,-395.0,942.0,12:30:17.330223
-118.0,-387.0,1165.0,12:30:17.339616
107.0,-561.0,831.0,12:30:17.350132
30.0,-528.0,687.0,12:30:17.359471
-25.0,-430.0,1207.0,12:30:17.369963
67.0,-499.0,969.0,12:30:17.379418
48.0,-380.0,856.0,12:30:17.388846
16.0,-493.0,990.0,12:30:17.399348
59.0,-408.0,800.0,12:30:17.408664
86.0,-475.0,1137.0,12:30:17.419077
1.0,-216.0,949.0,12:30:17.428454
174.0,-363.0,773.0,12:30:17.438918
20.0,-480.0,853.0,12:30:17.448252
148.0,-612.0,875.0,12:30:17.457699
107.0,-481.0,973.0,12:30:17.468277
36.0,-282.0,834.0,12:30:17.477559
88.0,-536.0,710.0,12:30:17.488000
34.0,-664.0,896.0,12:30:17.497268
87.0,-585.0,943.0,12:30:17.507888
124.0,-434.0,840.0,12:30:17.517195
15.0,-168.0,1144.0,12:30:17.527785
-32.0,-290.0,1209.0,12:30:17.537094
-11.0,-700.0,682.0,12:30:17.546647
119.0,-514.0,688.0,12:30:17.557055
-135.0,-545.0,1201.0,12:30:17.566494
86.0,-713.0,743.0,12:30:17.586113
-111.0,-456.0,533.0,12:30:17.596600
-24.0,-643.0,1122.0,12:30:17.605995
-54.0,-389.0,1075.0,12:30:17.615393
-227.0,-274.0,861.0,12:30:17.625899
-163.0,-474.0,1109.0,12:30:17.635205
-1.0,-624.0,912.0,12:30:17.645699
109.0,-316.0,636.0,12:30:17.655048
-7.0,-326.0,1055.0,12:30:17.665639
-26.0,-380.0,1354.0,12:30:17.675048
128.0,-751.0,881.0,12:30:17.684408
95.0,-469.0,720.0,12:30:17.695096
-10.0,-519.0,963.0,12:30:17.704516
-90.0,-454.0,856.0,12:30:17.713959
47.0,-479.0,918.0,12:30:17.724545
-104.0,-438.0,849.0,12:30:17.733950
197.0,-458.0,699.0,12:30:17.744533
225.0,-445.0,872.0,12:30:17.753886
5.0,-412.0,1050.0,12:30:17.763369
32.0,-399.0,836.0,12:30:17.773862
191.0,-508.0,863.0,12:30:17.786710
33.0,-420.0,919.0,12:30:17.793349
-37.0,-517.0,960.0,12:30:17.802837
32.0,-532.0,876.0,12:30:17.813356
-206.0,-439.0,917.0,12:30:17.822805
144.0,-500.0,778.0,12:30:17.832211
104.0,-552.0,1035.0,12:30:17.842679
-6.0,-412.0,1040.0,12:30:17.852016
26.0,-409.0,828.0,12:30:17.862502
88.0,-568.0,1051.0,12:30:17.871839
60.0,-435.0,1105.0,12:30:17.882352
49.0,-610.0,930.0,12:30:17.891688
-61.0,-552.0,825.0,12:30:17.901209
12.0,-404.0,1092.0,12:30:17.911668
-177.0,-476.0,960.0,12:30:17.921051
42.0,-574.0,783.0,12:30:17.931579
68.0,-471.0,724.0,12:30:17.940835
69.0,-411.0,946.0,12:30:17.951289
-53.0,-463.0,950.0,12:30:17.960604
86.0,-376.0,980.0,12:30:17.970165
30.0,-401.0,928.0,12:30:17.980595
26.0,-424.0,909.0,12:30:17.989960
113.0,-535.0,1093.0,12:30:18.000415
-16.0,-569.0,969.0,12:30:18.009770
238.0,-518.0,905.0,12:30:18.020170
-138.0,-412.0,919.0,12:30:18.029582
103.0,-451.0,1150.0,12:30:18.040053
45.0,-660.0,975.0,12:30:18.049536
115.0,-383.0,567.0,12:30:18.058892
89.0,-511.0,893.0,12:30:18.069410
77.0,-576.0,1080.0,12:30:18.078718
87.0,-461.0,998.0,12:30:18.089225
23.0,-490.0,958.0,12:30:18.098543
-54.0,-421.0,949.0,12:30:18.109004
110.0,-512.0,992.0,12:30:18.118327
51.0,-469.0,1027.0,12:30:18.128988
40.0,-519.0,1003.0,12:30:18.138335
154.0,-584.0,880.0,12:30:18.147812
108.0,-494.0,970.0,12:30:18.158361
32.0,-530.0,859.0,12:30:18.167784
158.0,-440.0,841.0,12:30:18.177231
71.0,-395.0,827.0,12:30:18.187885
-63.0,-326.0,969.0,12:30:18.197538
-95.0,-303.0,819.0,12:30:18.206897
56.0,-183.0,683.0,12:30:18.217455
-128.0,-384.0,1193.0,12:30:18.226883
162.0,-555.0,1191.0,12:30:18.237310
133.0,-414.0,646.0,12:30:18.246703
125.0,-446.0,937.0,12:30:18.256033
19.0,-493.0,1294.0,12:30:18.266719
142.0,-721.0,997.0,12:30:18.275967
151.0,-557.0,743.0,12:30:18.286676
28.0,-681.0,1041.0,12:30:18.295990
157.0,-552.0,913.0,12:30:18.305334
-4.0,-550.0,809.0,12:30:18.315823
33.0,-538.0,860.0,12:30:18.325321
50.0,-534.0,997.0,12:30:18.335757
202.0,-410.0,946.0,12:30:18.345079
-96.0,-407.0,894.0,12:30:18.355567
-108.0,-412.0,778.0,12:30:18.364995
34.0,-584.0,1255.0,12:30:18.374333
124.0,-595.0,1086.0,12:30:18.384873
-42.0,-390.0,915.0,12:30:18.394260
-22.0,-377.0,1091.0,12:30:18.404763
-18.0,-682.0,928.0,12:30:18.414041
-122.0,-403.0,638.0,12:30:18.424647
54.0,-517.0,987.0,12:30:18.433996
-156.0,-528.0,1044.0,12:30:18.443443
130.0,-489.0,826.0,12:30:18.453963
66.0,-449.0,844.0,12:30:18.463410
-53.0,-483.0,1152.0,12:30:18.473977
84.0,-565.0,953.0,12:30:18.483441
14.0,-521.0,843.0,12:30:18.492764
-14.0,-539.0,1129.0,12:30:18.503269
3.0,-606.0,811.0,12:30:18.512764
137.0,-603.0,638.0,12:30:18.523228
-5.0,-546.0,871.0,12:30:18.532591
-92.0,-410.0,795.0,12:30:18.543015
-68.0,-489.0,922.0,12:30:18.552365
-231.0,-491.0,803.0,12:30:18.561668
18.0,-341.0,701.0,12:30:18.572372
-95.0,-519.0,952.0,12:30:18.581630
-55.0,-426.0,854.0,12:30:18.592232
117.0,-369.0,999.0,12:30:18.601521
-109.0,-447.0,1041.0,12:30:18.611995
75.0,-452.0,747.0,12:30:18.621295
-24.0,-308.0,995.0,12:30:18.630767
-29.0,-407.0,1004.0,12:30:18.641360
175.0,-533.0,932.0,12:30:18.650780
-204.0,-480.0,1053.0,12:30:18.661298
128.0,-559.0,900.0,12:30:18.670791
126.0,-538.0,1055.0,12:30:18.680117
-73.0,-546.0,1050.0,12:30:18.690624
-13.0,-389.0,1035.0,12:30:18.700114
11.0,-573.0,802.0,12:30:18.709441
-188.0,-485.0,898.0,12:30:18.719970
134.0,-480.0,1104.0,12:30:18.729286
-120.0,-360.0,875.0,12:30:18.739774
88.0,-409.0,880.0,12:30:18.749180
-2.0,-589.0,823.0,12:30:18.759616
156.0,-564.0,868.0,12:30:18.769014
32.0,-511.0,1039.0,12:30:18.779604
167.0,-429.0,854.0,12:30:18.788921
-2.0,-542.0,848.0,12:30:18.798297
-100.0,-559.0,886.0,12:30:18.808796
-85.0,-358.0,687.0,12:30:18.818256
-118.0,-412.0,669.0,12:30:18.828828
-97.0,-580.0,1727.0,12:30:18.838179
26.0,-598.0,1157.0,12:30:18.848578
36.0,-528.0,838.0,12:30:18.857964
113.0,-999.0,1545.0,12:30:18.867195
-37.0,-887.0,1249.0,12:30:18.877773
267.0,-479.0,730.0,12:30:18.887077
-121.0,-557.0,843.0,12:30:18.897829
-80.0,-634.0,733.0,12:30:18.907106
50.0,-519.0,469.0,12:30:18.917660
-115.0,-240.0,417.0,12:30:18.927050
-144.0,-123.0,1045.0,12:30:18.936519
14.0,-255.0,852.0,12:30:18.946971
184.0,-453.0,770.0,12:30:18.956333
-147.0,-272.0,781.0,12:30:18.966833
169.0,-225.0,1046.0,12:30:18.976279
36.0,-357.0,1188.0,12:30:18.991991
20.0,-294.0,1072.0,12:30:18.995379
196.0,-585.0,826.0,12:30:19.005847
26.0,-448.0,828.0,12:30:19.015151
-212.0,-415.0,1185.0,12:30:19.025792
181.0,-439.0,966.0,12:30:19.035138
18.0,-616.0,843.0,12:30:19.045696
198.0,-490.0,693.0,12:30:19.054962
-43.0,-749.0,998.0,12:30:19.064381
-41.0,-693.0,1120.0,12:30:19.074869
203.0,-591.0,952.0,12:30:19.084340
85.0,-599.0,938.0,12:30:19.094863
51.0,-842.0,1042.0,12:30:19.104213
-26.0,-481.0,722.0,12:30:19.113615
30.0,-428.0,976.0,12:30:19.124192
-3.0,-359.0,1010.0,12:30:19.133554
-101.0,-488.0,901.0,12:30:19.144011
54.0,-557.0,587.0,12:30:19.153431
-60.0,-372.0,761.0,12:30:19.163979
-75.0,-228.0,1362.0,12:30:19.173512
-2.0,-146.0,935.0,12:30:19.182924
-295.0,-11.0,1055.0,12:30:19.193559
99.0,-229.0,967.0,12:30:19.202879
3.0,-504.0,979.0,12:30:19.212317
94.0,-529.0,1035.0,12:30:19.222786
51.0,-627.0,1300.0,12:30:19.232318
-82.0,-515.0,983.0,12:30:19.242716
83.0,-812.0,750.0,12:30:19.252155
116.0,-574.0,824.0,12:30:19.262536
-38.0,-691.0,788.0,12:30:19.271881
-27.0,-472.0,708.0,12:30:19.281218
-41.0,-488.0,726.0,12:30:19.291889
33.0,-466.0,600.0,12:30:19.301217
10.0,-540.0,604.0,12:30:19.311776
83.0,-432.0,836.0,12:30:19.321076
-8.0,-414.0,931.0,12:30:19.331580
-4.0,-353.0,984.0,12:30:19.340825
140.0,-349.0,835.0,12:30:19.350207
165.0,-348.0,821.0,12:30:19.360595
54.0,-184.0,785.0,12:30:19.370122
-185.0,-418.0,1257.0,12:30:19.380601
98.0,-401.0,1303.0,12:30:19.391603
-13.0,-419.0,982.0,12:30:19.400145
-29.0,-395.0,1175.0,12:30:19.409403
135.0,-712.0,1216.0,12:30:19.420151
-44.0,-724.0,1269.0,12:30:19.429483
178.0,-507.0,987.0,12:30:19.440023
123.0,-680.0,891.0,12:30:19.449336
183.0,-654.0,1013.0,12:30:19.458627
194.0,-466.0,837.0,12:30:19.469104
84.0,-469.0,938.0,12:30:19.478426
53.0,-488.0,1008.0,12:30:19.488973
82.0,-484.0,1007.0,12:30:19.498377
46.0,-411.0,629.0,12:30:19.508930
2.0,-388.0,798.0,12:30:19.518199
-85.0,-486.0,957.0,12:30:19.528724
18.0,-417.0,984.0,12:30:19.537956
-13.0,-294.0,832.0,12:30:19.548458
103.0,-488.0,893.0,12:30:19.557787
24.0,-436.0,726.0,12:30:19.567248
-2.0,-422.0,949.0,12:30:19.577870
-50.0,-350.0,922.0,12:30:19.587318
21.0,-507.0,811.0,12:30:19.596684
93.0,-512.0,960.0,12:30:19.607237
-120.0,-626.0,912.0,12:30:19.616591
62.0,-545.0,944.0,12:30:19.627154
33.0,-579.0,925.0,12:30:19.636571
125.0,-500.0,820.0,12:30:19.645964
180.0,-571.0,905.0,12:30:19.656448
6.0,-657.0,935.0,12:30:19.665779
98.0,-548.0,1021.0,12:30:19.676281
112.0,-563.0,976.0,12:30:19.685784
235.0,-492.0,901.0,12:30:19.696197
12.0,-561.0,857.0,12:30:19.705557
-96.0,-501.0,1010.0,12:30:19.716025
149.0,-447.0,1184.0,12:30:19.725411
-180.0,-297.0,1008.0,12:30:19.734782
-76.0,-275.0,907.0,12:30:19.745234
-125.0,-370.0,974.0,12:30:19.754786
46.0,-499.0,971.0,12:30:19.765274
59.0,-436.0,1147.0,12:30:19.774816
-30.0,-315.0,894.0,12:30:19.784149
-123.0,-464.0,1036.0,12:30:19.794732
-15.0,-691.0,1033.0,12:30:19.804062
126.0,-706.0,778.0,12:30:19.814618
103.0,-389.0,841.0,12:30:19.823940
-182.0,-426.0,1181.0,12:30:19.833517
33.0,-649.0,971.0,12:30:19.843949
-13.0,-511.0,522.0,12:30:19.853224
12.0,-471.0,765.0,12:30:19.863645
62.0,-388.0,935.0,12:30:19.873018
75.0,-391.0,1017.0,12:30:19.883438
190.0,-331.0,745.0,12:30:19.892783
-106.0,-419.0,748.0,12:30:19.902295
223.0,-489.0,1086.0,12:30:19.912845
19.0,-400.0,1094.0,12:30:19.922196
64.0,-543.0,962.0,12:30:19.932667
111.0,-589.0,950.0,12:30:19.941894
-58.0,-484.0,897.0,12:30:19.952434
-142.0,-597.0,1336.0,12:30:19.961695
236.0,-572.0,858.0,12:30:19.972247
168.0,-540.0,743.0,12:30:19.981533
60.0,-381.0,952.0,12:30:19.991036
-166.0,-455.0,996.0,12:30:20.001440
116.0,-467.0,885.0,12:30:20.010855
-148.0,-424.0,909.0,12:30:20.021374
54.0,-486.0,1021.0,12:30:20.030860
11.0,-508.0,966.0,12:30:20.041370
-143.0,-559.0,944.0,12:30:20.050683
47.0,-434.0,1245.0,12:30:20.060190
49.0,-452.0,1063.0,12:30:20.070670
118.0,-375.0,804.0,12:30:20.080056
-6.0,-522.0,948.0,12:30:20.090486
-41.0,-533.0,913.0,12:30:20.099928
92.0,-551.0,920.0,12:30:20.109358
-90.0,-372.0,763.0,12:30:20.119929
99.0,-532.0,1008.0,12:30:20.129266
-56.0,-456.0,889.0,12:30:20.139737
16.0,-529.0,806.0,12:30:20.149087
73.0,-365.0,800.0,12:30:20.159514
95.0,-375.0,946.0,12:30:20.168845
113.0,-371.0,994.0,12:30:20.178236
-19.0,-534.0,909.0,12:30:20.194249
-58.0,-523.0,968.0,12:30:20.198990
-28.0,-562.0,928.0,12:30:20.208349
31.0,-489.0,896.0,12:30:20.217692
136.0,-524.0,921.0,12:30:20.228289
-137.0,-543.0,961.0,12:30:20.237637
134.0,-527.0,780.0,12:30:20.248198
11.0,-438.0,758.0,12:30:20.257531
79.0,-478.0,855.0,12:30:20.268010
177.0,-381.0,828.0,12:30:20.277241
-93.0,-259.0,823.0,12:30:20.287807
22.0,-312.0,911.0,12:30:20.297086
-86.0,-418.0,1035.0,12:30:20.306567
10.0,-347.0,951.0,12:30:20.316998
57.0,-472.0,1051.0,12:30:20.326483
-4.0,-571.0,1068.0,12:30:20.336887
207.0,-661.0,1027.0,12:30:20.346268
-73.0,-520.0,771.0,12:30:20.355850
145.0,-629.0,1097.0,12:30:20.366306
54.0,-595.0,1025.0,12:30:20.375681
-115.0,-516.0,828.0,12:30:20.386167
62.0,-619.0,896.0,12:30:20.395470
-100.0,-770.0,1458.0,12:30:20.405895
181.0,-563.0,967.0,12:30:20.415285
-3.0,-503.0,679.0,12:30:20.424778
121.0,-443.0,1104.0,12:30:20.435231
-194.0,-327.0,968.0,12:30:20.444665
166.0,-482.0,643.0,12:30:20.455165
-152.0,-503.0,982.0,12:30:20.464574
86.0,-396.0,1088.0,12:30:20.475212
-84.0,-338.0,909.0,12:30:20.484598
-42.0,-574.0,744.0,12:30:20.494078
0.0,-628.0,1175.0,12:30:20.503469
111.0,-586.0,933.0,12:30:20.513910
42.0,-657.0,701.0,12:30:20.523332
130.0,-547.0,911.0,12:30:20.533901
-23.0,-503.0,895.0,12:30:20.543269
-9.0,-395.0,880.0,12:30:20.553740
-127.0,-356.0,584.0,12:30:20.562982
137.0,-600.0,999.0,12:30:20.573634
39.0,-354.0,936.0,12:30:20.582934
7.0,-483.0,913.0,12:30:20.593552
16.0,-334.0,836.0,12:30:20.603089
109.0,-539.0,785.0,12:30:20.612321
-40.0,-469.0,1017.0,12:30:20.621823
-2.0,-524.0,718.0,12:30:20.632322
75.0,-532.0,999.0,12:30:20.641794
-169.0,-571.0,1375.0,12:30:20.652350
-146.0,-446.0,740.0,12:30:20.661736
270.0,-473.0,791.0,12:30:20.671144
-59.0,-493.0,1124.0,12:30:20.681598
163.0,-500.0,1129.0,12:30:20.690907
-133.0,-512.0,566.0,12:30:20.701386
42.0,-536.0,868.0,12:30:20.710778
-44.0,-398.0,941.0,12:30:20.721335
-56.0,-361.0,962.0,12:30:20.730718
43.0,-224.0,1300.0,12:30:20.740132
109.0,-547.0,803.0,12:30:20.750497
-18.0,-332.0,715.0,12:30:20.759792
-109.0,-476.0,1387.0,12:30:20.770281
-70.0,-615.0,1204.0,12:30:20.779646
-30.0,-535.0,726.0,12:30:20.790139
46.0,-604.0,656.0,12:30:20.799477
23.0,-530.0,706.0,12:30:20.810077
79.0,-450.0,990.0,12:30:20.819399
-67.0,-632.0,1002.0,12:30:20.828861
-41.0,-518.0,878.0,12:30:20.839315
-174.0,-465.0,791.0,12:30:20.848656
0.0,-464.0,593.0,12:30:20.859208
-167.0,-386.0,1069.0,12:30:20.868603
-188.0,-472.0,966.0,12:30:20.879090
180.0,-506.0,1145.0,12:30:20.888462
-61.0,-629.0,1053.0,12:30:20.897818
198.0,-693.0,981.0,12:30:20.908331
77.0,-199.0,702.0,12:30:20.917670
220.0,-630.0,1119.0,12:30:20.928312
51.0,-788.0,1100.0,12:30:20.937681
54.0,-384.0,703.0,12:30:20.948155
-19.0,-380.0,692.0,12:30:20.957414
-35.0,-545.0,1163.0,12:30:20.966990
-43.0,-543.0,1019.0,12:30:20.977522
266.0,-442.0,780.0,12:30:20.986991
57.0,-441.0,789.0,12:30:20.997506
59.0,-443.0,1298.0,12:30:21.006919
-148.0,-378.0,813.0,12:30:21.016155
105.0,-428.0,612.0,12:30:21.026774
260.0,-369.0,971.0,12:30:21.036095
12.0,-406.0,1343.0,12:30:21.046691
152.0,-525.0,963.0,12:30:21.055952
16.0,-524.0,725.0,12:30:21.066570
27.0,-460.0,809.0,12:30:21.075919
177.0,-442.0,1115.0,12:30:21.085380
104.0,-445.0,1025.0,12:30:21.095791
23.0,-382.0,921.0,12:30:21.105195
-107.0,-405.0,938.0,12:30:21.115669
127.0,-502.0,573.0,12:30:21.125066
81.0,-563.0,939.0,12:30:21.135477
-93.0,-635.0,1810.0,12:30:21.144791
91.0,-630.0,607.0,12:30:21.154132
311.0,-276.0,225.0,12:30:21.164790
-92.0,-755.0,1448.0,12:30:21.174081
81.0,-670.0,1002.0,12:30:21.184707
128.0,-268.0,549.0,12:30:21.194019
-50.0,-400.0,977.0,12:30:21.203528
-185.0,-480.0,1220.0,12:30:21.213998
93.0,-592.0,425.0,12:30:21.223388
32.0,-770.0,663.0,12:30:21.233878
-130.0,-249.0,1309.0,12:30:21.243120
37.0,-344.0,1205.0,12:30:21.253609
-50.0,-434.0,569.0,12:30:21.262850
-26.0,-639.0,813.0,12:30:21.273474
-97.0,-328.0,949.0,12:30:21.282904
90.0,-497.0,945.0,12:30:21.292323
-146.0,-696.0,1273.0,12:30:21.302738
-22.0,-431.0,961.0,12:30:21.312197
-11.0,-549.0,538.0,12:30:21.322655
16.0,-660.0,1189.0,12:30:21.331980
156.0,-447.0,1244.0,12:30:21.342427
112.0,-391.0,463.0,12:30:21.351810
-41.0,-255.0,567.0,12:30:21.361206
-77.0,-771.0,1495.0,12:30:21.371732
236.0,-502.0,626.0,12:30:21.381086
11.0,-41.0,523.0,12:30:21.395627
-152.0,-565.0,1164.0,12:30:21.400635
-110.0,-596.0,1511.0,12:30:21.411117
-21.0,-672.0,1055.0,12:30:21.420594
301.0,-529.0,521.0,12:30:21.431162
-49.0,-508.0,1057.0,12:30:21.440646
-105.0,-628.0,1468.0,12:30:21.450057
-73.0,-622.0,837.0,12:30:21.460574
163.0,-402.0,331.0,12:30:21.470194
2.0,-492.0,1243.0,12:30:21.479655
-91.0,-365.0,814.0,12:30:21.490059
33.0,-472.0,622.0,12:30:21.499427
26.0,-456.0,722.0,12:30:21.509976
192.0,-593.0,1129.0,12:30:21.519405
28.0,-310.0,1004.0,12:30:21.528686
-42.0,-435.0,1001.0,12:30:21.539209
153.0,-539.0,903.0,12:30:21.548622
-70.0,-468.0,806.0,12:30:21.559123
100.0,-377.0,820.0,12:30:21.568448
-95.0,-434.0,1061.0,12:30:21.578897
267.0,-360.0,615.0,12:30:21.588222
-151.0,-465.0,556.0,12:30:21.597725
197.0,-464.0,818.0,12:30:21.608179
-81.0,-629.0,1262.0,12:30:21.617513
-102.0,-537.0,991.0,12:30:21.628070
136.0,-719.0,1143.0,12:30:21.637440
5.0,-902.0,1131.0,12:30:21.647853
174.0,-787.0,1119.0,12:30:21.657127
-12.0,-522.0,939.0,12:30:21.667806
-41.0,-418.0,927.0,12:30:21.677123
-52.0,-431.0,693.0,12:30:21.686514
9.0,-546.0,891.0,12:30:21.696957
10.0,-566.0,1042.0,12:30:21.706342
42.0,-536.0,777.0,12:30:21.716777
-57.0,-325.0,1003.0,12:30:21.726101
-148.0,-624.0,1194.0,12:30:21.736667
120.0,-633.0,1068.0,12:30:21.746121
59.0,-389.0,473.0,12:30:21.755434
-29.0,-232.0,1078.0,12:30:21.765911
-89.0,-309.0,1315.0,12:30:21.775284
-146.0,-354.0,707.0,12:30:21.785871
51.0,-308.0,621.0,12:30:21.797270
24.0,-431.0,1071.0,12:30:21.805777
186.0,-697.0,1034.0,12:30:21.815072
89.0,-402.0,662.0,12:30:21.824458
-127.0,-467.0,892.0,12:30:21.834943
188.0,-750.0,1110.0,12:30:21.844293
80.0,-805.0,937.0,12:30:21.854730
66.0,-524.0,733.0,12:30:21.864029
-197.0,-444.0,865.0,12:30:21.874750
-16.0,-537.0,885.0,12:30:21.884100
-175.0,-455.0,829.0,12:30:21.893680
66.0,-411.0,753.0,12:30:21.904246
-51.0,-409.0,773.0,12:30:21.913605
1.0,-476.0,963.0,12:30:21.923028
171.0,-637.0,886.0,12:30:21.942537
206.0,-734.0,595.0,12:30:21.953155
-46.0,-266.0,944.0,12:30:21.962585
-62.0,-339.0,1359.0,12:30:21.973058
-164.0,-201.0,1094.0,12:30:21.982374
35.0,-147.0,719.0,12:30:21.992861
91.0,-276.0,786.0,12:30:22.002270
-34.0,-471.0,1236.0,12:30:22.012758
139.0,-485.0,1301.0,12:30:22.022122
253.0,-614.0,1092.0,12:30:22.031485
73.0,-510.0,898.0,12:30:22.042021
88.0,-720.0,1069.0,12:30:22.051279
205.0,-538.0,955.0,12:30:22.061839
-90.0,-519.0,866.0,12:30:22.071183
87.0,-454.0,703.0,12:30:22.081721
84.0,-433.0,1087.0,12:30:22.091134
-140.0,-584.0,990.0,12:30:22.100541
21.0,-380.0,721.0,12:30:22.111048
98.0,-337.0,747.0,12:30:22.120471
147.0,-545.0,1077.0,12:30:22.130870
96.0,-575.0,804.0,12:30:22.140314
105.0,-581.0,660.0,12:30:22.150744
97.0,-346.0,1015.0,12:30:22.160099
-148.0,-390.0,976.0,12:30:22.169439
151.0,-412.0,848.0,12:30:22.180055
50.0,-520.0,859.0,12:30:22.189462
-78.0,-543.0,906.0,12:30:22.200011
-81.0,-540.0,1017.0,12:30:22.209379
57.0,-464.0,1124.0,12:30:22.218811
54.0,-615.0,1078.0,12:30:22.229234
93.0,-462.0,740.0,12:30:22.238530
164.0,-623.0,947.0,12:30:22.249004
5.0,-487.0,1002.0,12:30:22.258358
95.0,-397.0,958.0,12:30:22.268900
-32.0,-525.0,991.0,12:30:22.278172
-1.0,-532.0,913.0,12:30:22.287761
-29.0,-510.0,834.0,12:30:22.298161
-9.0,-369.0,824.0,12:30:22.307546
146.0,-479.0,959.0,12:30:22.317950
-67.0,-291.0,883.0,12:30:22.327330
-68.0,-523.0,971.0,12:30:22.337880
245.0,-364.0,743.0,12:30:22.347306
5.0,-477.0,1039.0,12:30:22.357813
-48.0,-397.0,942.0,12:30:22.367257
61.0,-598.0,1054.0,12:30:22.376636
94.0,-529.0,937.0,12:30:22.387186
104.0,-447.0,905.0,12:30:22.396643
-27.0,-456.0,913.0,12:30:22.406037
95.0,-505.0,828.0,12:30:22.416559
8.0,-384.0,901.0,12:30:22.425898
82.0,-580.0,795.0,12:30:22.436484
166.0,-394.0,752.0,12:30:22.445945
46.0,-395.0,950.0,12:30:22.456435
-107.0,-391.0,1056.0,12:30:22.465795
169.0,-430.0,1085.0,12:30:22.475184
16.0,-467.0,878.0,12:30:22.485749
308.0,-435.0,755.0,12:30:22.495090
-144.0,-423.0,1024.0,12:30:22.505609
158.0,-518.0,1245.0,12:30:22.515065
124.0,-386.0,967.0,12:30:22.524454
-197.0,-330.0,727.0,12:30:22.535006
73.0,-573.0,1182.0,12:30:22.544321
-10.0,-643.0,859.0,12:30:22.554849
113.0,-711.0,939.0,12:30:22.564105
-7.0,-434.0,909.0,12:30:22.574674
20.0,-567.0,1051.0,12:30:22.584089
57.0,-493.0,791.0,12:30:22.600109
-30.0,-478.0,744.0,12:30:22.603343
-69.0,-423.0,955.0,12:30:22.613757
59.0,-479.0,1062.0,12:30:22.623139
-84.0,-420.0,1041.0,12:30:22.633526
11.0,-448.0,852.0,12:30:22.642952
35.0,-511.0,890.0,12:30:22.653528
91.0,-569.0,980.0,12:30:22.662841
15.0,-601.0,941.0,12:30:22.672259
157.0,-558.0,975.0,12:30:22.682838
-60.0,-414.0,807.0,12:30:22.692065
66.0,-519.0,731.0,12:30:22.702680
-15.0,-473.0,833.0,12:30:22.712068
71.0,-382.0,895.0,12:30:22.721432
-152.0,-434.0,1067.0,12:30:22.731884
222.0,-543.0,874.0,12:30:22.741163
53.0,-445.0,944.0,12:30:22.751707
113.0,-415.0,985.0,12:30:22.761133
103.0,-510.0,1112.0,12:30:22.771717
142.0,-585.0,993.0,12:30:22.781034
-5.0,-440.0,834.0,12:30:22.791520
148.0,-629.0,930.0,12:30:22.800930
11.0,-549.0,886.0,12:30:22.810339
67.0,-633.0,905.0,12:30:22.820748
63.0,-480.0,961.0,12:30:22.830210
-108.0,-411.0,841.0,12:30:22.840687
7.0,-519.0,859.0,12:30:22.850175
-128.0,-390.0,854.0,12:30:22.859484
79.0,-448.0,1011.0,12:30:22.870108
48.0,-415.0,916.0,12:30:22.879465
-12.0,-326.0,659.0,12:30:22.890047
45.0,-458.0,1072.0,12:30:22.899361
-31.0,-520.0,1019.0,12:30:22.908849
33.0,-514.0,859.0,12:30:22.919285
238.0,-491.0,964.0,12:30:22.939102
98.0,-682.0,944.0,12:30:22.948498
312.0,-527.0,877.0,12:30:22.959029
-11.0,-439.0,944.0,12:30:22.968377
-74.0,-412.0,739.0,12:30:22.977790
-77.0,-446.0,1046.0,12:30:22.988399
-15.0,-619.0,1114.0,12:30:23.000701
-9.0,-586.0,791.0,12:30:23.007393
63.0,-297.0,823.0,12:30:23.017859
-57.0,-542.0,1119.0,12:30:23.027274
143.0,-554.0,813.0,12:30:23.037817
64.0,-462.0,831.0,12:30:23.047107
-5.0,-397.0,884.0,12:30:23.057551
183.0,-491.0,1010.0,12:30:23.066877
-25.0,-299.0,659.0,12:30:23.077342
-139.0,-415.0,1023.0,12:30:23.086694
-19.0,-513.0,1190.0,12:30:23.096059
102.0,-589.0,820.0,12:30:23.106695
145.0,-526.0,900.0,12:30:23.115954
-20.0,-562.0,1086.0,12:30:23.126514
77.0,-498.0,1019.0,12:30:23.135785
18.0,-492.0,795.0,12:30:23.146275
69.0,-612.0,797.0,12:30:23.155816
-21.0,-508.0,894.0,12:30:23.165164
100.0,-554.0,878.0,12:30:23.175668
109.0,-510.0,850.0,12:30:23.184992
1.0,-532.0,1003.0,12:30:23.195474
232.0,-566.0,983.0,12:30:23.204801
125.0,-379.0,865.0,12:30:23.215328
-80.0,-535.0,994.0,12:30:23.224629
107.0,-601.0,879.0,12:30:23.234082
-92.0,-389.0,734.0,12:30:23.244586
217.0,-568.0,1044.0,12:30:23.253968
-82.0,-412.0,687.0,12:30:23.264585
-63.0,-377.0,918.0,12:30:23.273957
-15.0,-310.0,1106.0,12:30:23.283367
2.0,-529.0,844.0,12:30:23.293912
106.0,-607.0,931.0,12:30:23.303318
-40.0,-617.0,1041.0,12:30:23.313956
120.0,-524.0,1088.0,12:30:23.323418
176.0,-604.0,925.0,12:30:23.332749
-110.0,-570.0,1005.0,12:30:23.343168
226.0,-440.0,774.0,12:30:23.352608
-159.0,-457.0,785.0,12:30:23.363085
207.0,-477.0,842.0,12:30:23.372458
-118.0,-437.0,963.0,12:30:23.381838
-67.0,-527.0,1084.0,12:30:23.392425
-51.0,-497.0,955.0,12:30:23.401739
62.0,-432.0,710.0,12:30:23.412384
10.0,-542.0,1083.0,12:30:23.421665
34.0,-748.0,939.0,12:30:23.431252
-5.0,-263.0,849.0,12:30:23.441606
-105.0,-347.0,1105.0,12:30:23.450994
82.0,-454.0,688.0,12:30:23.461420
6.0,-412.0,975.0,12:30:23.470832
-37.0,-514.0,1053.0,12:30:23.490471
-26.0,-454.0,798.0,12:30:23.500914
186.0,-598.0,1076.0,12:30:23.510337
-4.0,-429.0,787.0,12:30:23.520802
21.0,-529.0,1018.0,12:30:23.530159
-117.0,-425.0,1046.0,12:30:23.540654
9.0,-334.0,727.0,12:30:23.550387
-6.0,-480.0,1227.0,12:30:23.559748
118.0,-535.0,991.0,12:30:23.570264
180.0,-465.0,665.0,12:30:23.579530
93.0,-429.0,971.0,12:30:23.588958
23.0,-563.0,569.0,12:30:23.609620
227.0,-560.0,787.0,12:30:23.619014
185.0,-423.0,997.0,12:30:23.628338
-25.0,-323.0,913.0,12:30:23.638979
50.0,-392.0,918.0,12:30:23.648355
-14.0,-441.0,864.0,12:30:23.658904
51.0,-448.0,735.0,12:30:23.668280
-83.0,-639.0,1096.0,12:30:23.677729
140.0,-558.0,1051.0,12:30:23.688137
-38.0,-415.0,840.0,12:30:23.697574
-123.0,-411.0,1128.0,12:30:23.707988
117.0,-516.0,898.0,12:30:23.717496
220.0,-578.0,748.0,12:30:23.727938
-11.0,-561.0,1020.0,12:30:23.737249
-14.0,-590.0,1122.0,12:30:23.747805
-152.0,-495.0,753.0,12:30:23.757184
119.0,-541.0,979.0,12:30:23.766624
117.0,-491.0,1000.0,12:30:23.777217
-31.0,-413.0,813.0,12:30:23.786650
30.0,-184.0,920.0,12:30:23.801971
53.0,-548.0,1233.0,12:30:23.805777
131.0,-489.0,1008.0,12:30:23.816253
60.0,-520.0,728.0,12:30:23.825705
37.0,-622.0,939.0,12:30:23.836130
18.0,-368.0,1008.0,12:30:23.845547
10.0,-408.0,934.0,12:30:23.855977
-17.0,-574.0,874.0,12:30:23.865351
94.0,-594.0,597.0,12:30:23.875758
130.0,-579.0,937.0,12:30:23.885169
-76.0,-392.0,1023.0,12:30:23.894595
29.0,-654.0,1066.0,12:30:23.905094
-114.0,-495.0,938.0,12:30:23.914418
150.0,-606.0,707.0,12:30:23.924972
51.0,-430.0,821.0,12:30:23.934295
34.0,-484.0,1286.0,12:30:23.944734
61.0,-427.0,1005.0,12:30:23.954008
-28.0,-424.0,608.0,12:30:23.963573
133.0,-462.0,801.0,12:30:23.974079
75.0,-514.0,1299.0,12:30:23.983495
-33.0,-418.0,780.0,12:30:24.003094
-8.0,-504.0,1037.0,12:30:24.013569
83.0,-507.0,885.0,12:30:24.023036
103.0,-472.0,1093.0,12:30:24.033460
44.0,-500.0,838.0,12:30:24.042773
-43.0,-404.0,740.0,12:30:24.052280
-17.0,-493.0,1147.0,12:30:24.062765
120.0,-534.0,1039.0,12:30:24.072152
-87.0,-511.0,810.0,12:30:24.082606
140.0,-391.0,867.0,12:30:24.092024
-43.0,-587.0,1018.0,12:30:24.102484
252.0,-516.0,907.0,12:30:24.111789
-75.0,-578.0,1140.0,12:30:24.121320
-111.0,-564.0,626.0,12:30:24.131816
175.0,-363.0,700.0,12:30:24.141232
-10.0,-318.0,1307.0,12:30:24.151689
77.0,-435.0,877.0,12:30:24.160973
-62.0,-432.0,538.0,12:30:24.170461
-121.0,-411.0,1092.0,12:30:24.181018
79.0,-510.0,1253.0,12:30:24.190356
20.0,-587.0,837.0,12:30:24.203750
126.0,-512.0,881.0,12:30:24.211047
-14.0,-597.0,954.0,12:30:24.220453
-137.0,-442.0,905.0,12:30:24.229829
166.0,-531.0,1051.0,12:30:24.240412
-72.0,-520.0,898.0,12:30:24.249656
96.0,-443.0,824.0,12:30:24.259238
-132.0,-495.0,1038.0,12:30:24.269626
208.0,-647.0,1005.0,12:30:24.278970
175.0,-400.0,736.0,12:30:24.289432
-160.0,-398.0,1078.0,12:30:24.298967
-21.0,-461.0,1012.0,12:30:24.309414
201.0,-488.0,729.0,12:30:24.318885
64.0,-458.0,934.0,12:30:24.328243
22.0,-558.0,943.0,12:30:24.338923
-123.0,-428.0,821.0,12:30:24.348258
170.0,-419.0,1166.0,12:30:24.358813
108.0,-483.0,1016.0,12:30:24.368075
41.0,-529.0,682.0,12:30:24.377573
88.0,-559.0,1015.0,12:30:24.388041
-83.0,-526.0,1195.0,12:30:24.397366
138.0,-469.0,763.0,12:30:24.407801
75.0,-292.0,692.0,12:30:24.417198
18.0,-553.0,1228.0,12:30:24.427742
29.0,-498.0,1038.0,12:30:24.437151
-123.0,-289.0,613.0,12:30:24.447545
-6.0,-583.0,1076.0,12:30:24.457014
38.0,-653.0,1173.0,12:30:24.466323
-32.0,-387.0,871.0,12:30:24.476917
97.0,-467.0,791.0,12:30:24.486194
-82.0,-651.0,1162.0,12:30:24.496707
123.0,-510.0,824.0,12:30:24.506122
110.0,-387.0,506.0,12:30:24.515484
-127.0,-555.0,1334.0,12:30:24.525888
171.0,-507.0,951.0,12:30:24.535339
-71.0,-406.0,623.0,12:30:24.545775
-163.0,-344.0,986.0,12:30:24.555134
96.0,-509.0,983.0,12:30:24.565731
49.0,-602.0,928.0,12:30:24.575113
212.0,-344.0,742.0,12:30:24.584528
-155.0,-452.0,1097.0,12:30:24.594989
26.0,-506.0,1042.0,12:30:24.604308
196.0,-444.0,816.0,12:30:24.614819
134.0,-489.0,1008.0,12:30:24.624106
-69.0,-510.0,1198.0,12:30:24.634697
79.0,-550.0,717.0,12:30:24.644088
83.0,-384.0,919.0,12:30:24.654581
41.0,-591.0,1029.0,12:30:24.663976
234.0,-561.0,920.0,12:30:24.673327
69.0,-265.0,648.0,12:30:24.683789
-45.0,-349.0,1071.0,12:30:24.693177
12.0,-429.0,1036.0,12:30:24.703668
99.0,-505.0,808.0,12:30:24.713078
69.0,-396.0,846.0,12:30:24.722474
-26.0,-322.0,897.0,12:30:24.732947
-22.0,-401.0,969.0,12:30:24.742444
33.0,-463.0,1182.0,12:30:24.752845
94.0,-516.0,827.0,12:30:24.762296
47.0,-568.0,995.0,12:30:24.772743
-3.0,-464.0,927.0,12:30:24.782199
50.0,-587.0,932.0,12:30:24.791563
108.0,-608.0,896.0,12:30:24.802064
49.0,-587.0,1083.0,12:30:24.811363
-39.0,-465.0,804.0,12:30:24.821890
60.0,-438.0,650.0,12:30:24.831229
-35.0,-404.0,1055.0,12:30:24.841748
60.0,-539.0,1122.0,12:30:24.851154
-34.0,-399.0,649.0,12:30:24.860546
-148.0,-297.0,998.0,12:30:24.871070
126.0,-659.0,1337.0,12:30:24.880435
78.0,-516.0,818.0,12:30:24.890922
-4.0,-416.0,841.0,12:30:24.900345
-125.0,-481.0,1040.0,12:30:24.910797
64.0,-542.0,929.0,12:30:24.920210
68.0,-525.0,770.0,12:30:24.929496
58.0,-478.0,601.0,12:30:24.940090
38.0,-442.0,1109.0,12:30:24.949376
73.0,-355.0,1105.0,12:30:24.959961
-66.0,-450.0,826.0,12:30:24.969346
-87.0,-517.0,722.0,12:30:24.978833
87.0,-595.0,1080.0,12:30:24.989294
108.0,-488.0,1021.0,12:30:25.005540
33.0,-325.0,955.0,12:30:25.009150
-5.0,-641.0,899.0,12:30:25.018480
106.0,-579.0,797.0,12:30:25.029058
183.0,-617.0,775.0,12:30:25.038401
25.0,-417.0,985.0,12:30:25.047823
-64.0,-427.0,1110.0,12:30:25.058268
147.0,-662.0,966.0,12:30:25.067646
-15.0,-473.0,818.0,12:30:25.078226
-76.0,-419.0,772.0,12:30:25.087679
81.0,-529.0,928.0,12:30:25.098133
40.0,-614.0,1210.0,12:30:25.107430
-49.0,-384.0,773.0,12:30:25.116775
-28.0,-250.0,657.0,12:30:25.127260
-136.0,-435.0,1245.0,12:30:25.136677
-47.0,-507.0,1035.0,12:30:25.147185
55.0,-438.0,793.0,12:30:25.156639
84.0,-391.0,746.0,12:30:25.167028
-22.0,-522.0,1381.0,12:30:25.176514
-7.0,-510.0,877.0,12:30:25.185878
151.0,-551.0,712.0,12:30:25.196649
18.0,-377.0,988.0,12:30:25.205910
17.0,-587.0,1031.0,12:30:25.216589
76.0,-358.0,816.0,12:30:25.225931
15.0,-452.0,1186.0,12:30:25.235337
66.0,-557.0,852.0,12:30:25.245764
55.0,-513.0,706.0,12:30:25.255166
98.0,-558.0,1245.0,12:30:25.265676
-34.0,-527.0,1060.0,12:30:25.275059
107.0,-452.0,605.0,12:30:25.284487
-9.0,-574.0,783.0,12:30:25.295002
213.0,-540.0,815.0,12:30:25.304319
23.0,-345.0,1042.0,12:30:25.314790
-51.0,-376.0,938.0,12:30:25.324158
38.0,-374.0,768.0,12:30:25.334622
52.0,-410.0,931.0,12:30:25.344013
15.0,-570.0,996.0,12:30:25.353504
-82.0,-612.0,1060.0,12:30:25.364007
3.0,-481.0,940.0,12:30:25.373379
107.0,-546.0,1092.0,12:30:25.383857
-51.0,-591.0,889.0,12:30:25.393163
8.0,-349.0,394.0,12:30:25.407391
18.0,-455.0,935.0,12:30:25.413482
-36.0,-564.0,1302.0,12:30:25.422844
-59.0,-315.0,705.0,12:30:25.432315
82.0,-461.0,1025.0,12:30:25.442740
-46.0,-615.0,1187.0,12:30:25.452111
227.0,-557.0,831.0,12:30:25.462500
32.0,-522.0,1053.0,12:30:25.471851
-29.0,-674.0,1114.0,12:30:25.482372
102.0,-472.0,983.0,12:30:25.491847
-74.0,-349.0,806.0,12:30:25.502261
93.0,-520.0,814.0,12:30:25.511695
-63.0,-619.0,1052.0,12:30:25.521047
69.0,-546.0,835.0,12:30:25.531546
14.0,-426.0,816.0,12:30:25.540997
-141.0,-440.0,1101.0,12:30:25.551471
172.0,-355.0,648.0,12:30:25.560753
130.0,-139.0,607.0,12:30:25.571378
-157.0,-183.0,1194.0,12:30:25.580736
78.0,-313.0,919.0,12:30:25.590182
14.0,-508.0,1014.0,12:30:25.600670
50.0,-541.0,1193.0,12:30:25.610037
185.0,-442.0,866.0,12:30:25.620533
236.0,-831.0,1276.0,12:30:25.640121
-6.0,-654.0,599.0,12:30:25.649485
214.0,-648.0,770.0,12:30:25.658959
128.0,-856.0,1028.0,12:30:25.669386
54.0,-520.0,589.0,12:30:25.678914
-44.0,-371.0,558.0,12:30:25.689352
-28.0,-425.0,903.0,12:30:25.698827
68.0,-356.0,875.0,12:30:25.709305
-28.0,-285.0,546.0,12:30:25.718654
46.0,-143.0,900.0,12:30:25.727964
59.0,-231.0,1023.0,12:30:25.738516
-17.0,-203.0,840.0,12:30:25.747839
65.0,-456.0,880.0,12:30:25.758293
-119.0,-382.0,865.0,12:30:25.767680
228.0,-216.0,794.0,12:30:25.778284
-196.0,-402.0,1057.0,12:30:25.787717
55.0,-604.0,1217.0,12:30:25.797119
-16.0,-371.0,812.0,12:30:25.807685
203.0,-534.0,864.0,12:30:25.817066
24.0,-569.0,1348.0,12:30:25.826573
183.0,-667.0,1064.0,12:30:25.836980
33.0,-620.0,941.0,12:30:25.846295
-35.0,-575.0,1043.0,12:30:25.856799
77.0,-718.0,1211.0,12:30:25.866195
376.0,-691.0,892.0,12:30:25.876678
-36.0,-410.0,536.0,12:30:25.886089
-43.0,-484.0,1033.0,12:30:25.896654
20.0,-817.0,1471.0,12:30:25.906105
134.0,-686.0,542.0,12:30:25.915348
-132.0,-297.0,571.0,12:30:25.925968
-82.0,-430.0,961.0,12:30:25.935290
174.0,-528.0,848.0,12:30:25.945818
-17.0,-235.0,436.0,12:30:25.955173
34.0,-166.0,794.0,12:30:25.964565
-97.0,-88.0,859.0,12:30:25.975083
-42.0,-195.0,919.0,12:30:25.984548
-64.0,-31.0,851.0,12:30:25.994981
29.0,-298.0,895.0,12:30:26.004303
46.0,-630.0,1102.0,12:30:26.014722
-149.0,-474.0,1371.0,12:30:26.024062
160.0,-729.0,936.0,12:30:26.033546
-93.0,-603.0,1074.0,12:30:26.044051
36.0,-814.0,1304.0,12:30:26.053524
118.0,-684.0,991.0,12:30:26.063963
65.0,-601.0,582.0,12:30:26.073491
-26.0,-806.0,874.0,12:30:26.082842
-8.0,-628.0,927.0,12:30:26.093385
-54.0,-742.0,562.0,12:30:26.102682
138.0,-579.0,758.0,12:30:26.113426
4.0,-723.0,1216.0,12:30:26.122805
-168.0,-632.0,1043.0,12:30:26.132290
-67.0,-417.0,620.0,12:30:26.142814
-80.0,-537.0,1023.0,12:30:26.152327
272.0,-439.0,876.0,12:30:26.162772
-78.0,-333.0,937.0,12:30:26.172293
9.0,-272.0,844.0,12:30:26.191892
48.0,-254.0,855.0,12:30:26.207966
-70.0,-411.0,1073.0,12:30:26.221401
13.0,-357.0,869.0,12:30:26.230710
35.0,-400.0,1049.0,12:30:26.241289
3.0,-643.0,1139.0,12:30:26.250665
96.0,-501.0,1122.0,12:30:26.261189
92.0,-532.0,924.0,12:30:26.270541
72.0,-590.0,931.0,12:30:26.279999
65.0,-686.0,872.0,12:30:26.290453
152.0,-569.0,709.0,12:30:26.299783
-203.0,-567.0,718.0,12:30:26.310270
39.0,-641.0,877.0,12:30:26.319736
-33.0,-567.0,916.0,12:30:26.330199
0.0,-462.0,577.0,12:30:26.339504
-121.0,-582.0,736.0,12:30:26.348933
113.0,-706.0,835.0,12:30:26.359341
-18.0,-570.0,1006.0,12:30:26.368809
-21.0,-339.0,823.0,12:30:26.379258
104.0,-385.0,1042.0,12:30:26.388570
-21.0,-326.0,820.0,12:30:26.398971
48.0,-302.0,629.0,12:30:26.408429
27.0,-424.0,1187.0,12:30:26.418948
44.0,-427.0,1331.0,12:30:26.428308
-14.0,-249.0,884.0,12:30:26.437704
-45.0,-485.0,1005.0,12:30:26.448340
214.0,-550.0,1079.0,12:30:26.457716
4.0,-679.0,1170.0,12:30:26.468216
46.0,-490.0,970.0,12:30:26.477538
-25.0,-437.0,1063.0,12:30:26.488045
75.0,-592.0,1073.0,12:30:26.497319
-7.0,-508.0,699.0,12:30:26.507847
87.0,-370.0,998.0,12:30:26.517128
114.0,-364.0,1134.0,12:30:26.526687
-98.0,-400.0,807.0,12:30:26.537179
-51.0,-537.0,667.0,12:30:26.546613
104.0,-571.0,916.0,12:30:26.557124
149.0,-542.0,1096.0,12:30:26.566548
-81.0,-502.0,794.0,12:30:26.575907
-23.0,-313.0,620.0,12:30:26.586699
80.0,-421.0,891.0,12:30:26.596030
75.0,-342.0,765.0,12:30:26.615590
-17.0,-368.0,928.0,12:30:26.624959
115.0,-463.0,939.0,12:30:26.635367
-20.0,-543.0,1001.0,12:30:26.644772
159.0,-643.0,935.0,12:30:26.655216
242.0,-692.0,1188.0,12:30:26.664733
83.0,-425.0,837.0,12:30:26.675147
79.0,-435.0,844.0,12:30:26.684648
44.0,-623.0,930.0,12:30:26.704291
-9.0,-393.0,874.0,12:30:26.714717
20.0,-274.0,902.0,12:30:26.724113
-144.0,-569.0,1026.0,12:30:26.733491
203.0,-511.0,820.0,12:30:26.744011
72.0,-465.0,1048.0,12:30:26.753403
41.0,-506.0,1105.0,12:30:26.764032
138.0,-497.0,774.0,12:30:26.773401
-47.0,-311.0,1009.0,12:30:26.782774
-5.0,-508.0,1125.0,12:30:26.793239
-106.0,-326.0,852.0,12:30:26.802637
57.0,-402.0,659.0,12:30:26.813127
11.0,-511.0,1018.0,12:30:26.822534
38.0,-575.0,1185.0,12:30:26.832951
121.0,-526.0,457.0,12:30:26.842329
50.0,-669.0,891.0,12:30:26.852699
20.0,-539.0,1322.0,12:30:26.862126
135.0,-525.0,595.0,12:30:26.871525
70.0,-393.0,607.0,12:30:26.881905
-101.0,-485.0,1079.0,12:30:26.891331
52.0,-549.0,1005.0,12:30:26.901847
57.0,-254.0,891.0,12:30:26.911225
-69.0,-298.0,881.0,12:30:26.921706
51.0,-636.0,1124.0,12:30:26.931153
176.0,-585.0,868.0,12:30:26.940562
107.0,-518.0,1013.0,12:30:26.951127
-41.0,-399.0,1069.0,12:30:26.960407
-29.0,-480.0,867.0,12:30:26.970901
114.0,-464.0,898.0,12:30:26.980180
43.0,-577.0,1038.0,12:30:26.990722
-9.0,-506.0,923.0,12:30:27.000034
-99.0,-417.0,765.0,12:30:27.009405
34.0,-446.0,1056.0,12:30:27.019996
145.0,-439.0,1151.0,12:30:27.029342
-11.0,-431.0,719.0,12:30:27.039758
136.0,-390.0,657.0,12:30:27.049157
-126.0,-399.0,1288.0,12:30:27.059639
154.0,-623.0,1038.0,12:30:27.069111
110.0,-521.0,622.0,12:30:27.078392
-178.0,-442.0,878.0,12:30:27.088961
103.0,-634.0,1091.0,12:30:27.098347
18.0,-532.0,898.0,12:30:27.108930
33.0,-391.0,714.0,12:30:27.118193
-144.0,-421.0,1227.0,12:30:27.127718
1.0,-439.0,752.0,12:30:27.138099
10.0,-564.0,909.0,12:30:27.147560
-38.0,-523.0,1204.0,12:30:27.158003
180.0,-520.0,607.0,12:30:27.167369
-15.0,-369.0,984.0,12:30:27.177899
14.0,-475.0,1134.0,12:30:27.187307
210.0,-669.0,990.0,12:30:27.197775
48.0,-325.0,534.0,12:30:27.207104
-281.0,-209.0,1024.0,12:30:27.217506
-70.0,-486.0,1405.0,12:30:27.226947
12.0,-668.0,797.0,12:30:27.236338
176.0,-418.0,586.0,12:30:27.246949
-40.0,-521.0,1204.0,12:30:27.256207
21.0,-339.0,1185.0,12:30:27.266806
280.0,-576.0,953.0,12:30:27.276194
146.0,-550.0,760.0,12:30:27.285608
71.0,-537.0,868.0,12:30:27.296023
15.0,-421.0,740.0,12:30:27.305520
81.0,-380.0,932.0,12:30:27.315879
-125.0,-381.0,1003.0,12:30:27.325209
16.0,-545.0,868.0,12:30:27.335748
10.0,-430.0,772.0,12:30:27.345153
3.0,-400.0,1099.0,12:30:27.354543
101.0,-557.0,1238.0,12:30:27.365044
84.0,-620.0,822.0,12:30:27.374299
251.0,-353.0,792.0,12:30:27.384858
23.0,-416.0,843.0,12:30:27.394052
-25.0,-586.0,953.0,12:30:27.411205
52.0,-521.0,1167.0,12:30:27.414100
-210.0,-300.0,673.0,12:30:27.424584
-57.0,-573.0,994.0,12:30:27.434050
169.0,-766.0,1150.0,12:30:27.443420
182.0,-612.0,841.0,12:30:27.453910
71.0,-314.0,859.0,12:30:27.463280
-101.0,-486.0,1178.0,12:30:27.473822
175.0,-477.0,866.0,12:30:27.483203
106.0,-512.0,893.0,12:30:27.492528
163.0,-402.0,586.0,12:30:27.502929
24.0,-413.0,822.0,12:30:27.512480
-233.0,-299.0,1161.0,12:30:27.522902
27.0,-542.0,999.0,12:30:27.532418
133.0,-510.0,952.0,12:30:27.541843
-40.0,-379.0,947.0,12:30:27.552476
249.0,-662.0,1115.0,12:30:27.561843
23.0,-562.0,990.0,12:30:27.571313
179.0,-396.0,683.0,12:30:27.581746
-103.0,-456.0,978.0,12:30:27.591240
120.0,-585.0,1279.0,12:30:27.601735
63.0,-505.0,831.0,12:30:27.611227
124.0,-491.0,673.0,12:30:27.621669
-54.0,-302.0,972.0,12:30:27.631341
94.0,-542.0,1053.0,12:30:27.640691
102.0,-374.0,875.0,12:30:27.651208
-45.0,-517.0,851.0,12:30:27.660496
95.0,-397.0,804.0,12:30:27.670003
49.0,-413.0,968.0,12:30:27.680527
47.0,-554.0,1039.0,12:30:27.689951
0.0,-445.0,772.0,12:30:27.700400
-82.0,-350.0,1053.0,12:30:27.709788
150.0,-592.0,997.0,12:30:27.720270
94.0,-507.0,854.0,12:30:27.729683
0.0,-375.0,817.0,12:30:27.738977
-36.0,-647.0,1172.0,12:30:27.749587
77.0,-685.0,1117.0,12:30:27.758952
109.0,-269.0,656.0,12:30:27.769429
147.0,-462.0,818.0,12:30:27.778697
131.0,-587.0,1005.0,12:30:27.789238
-11.0,-418.0,895.0,12:30:27.798613
62.0,-343.0,878.0,12:30:27.813225
11.0,-527.0,1182.0,12:30:27.818010
24.0,-387.0,910.0,12:30:27.828379
202.0,-512.0,830.0,12:30:27.837833
-149.0,-652.0,1188.0,12:30:27.848269
41.0,-517.0,919.0,12:30:27.857688
-82.0,-513.0,1154.0,12:30:27.868164
-3.0,-627.0,1051.0,12:30:27.877654
200.0,-868.0,530.0,12:30:27.887030
-98.0,-452.0,424.0,12:30:27.897569
-65.0,-384.0,1241.0,12:30:27.906805
-37.0,-451.0,1179.0,12:30:27.917350
-138.0,-289.0,627.0,12:30:27.926683
7.0,-371.0,575.0,12:30:27.937205
-20.0,-558.0,1035.0,12:30:27.946525
5.0,-542.0,1211.0,12:30:27.955950
-91.0,-532.0,1060.0,12:30:27.966502
