-65.0,-356.0,597.0,12:31:42.816685
29.0,-504.0,773.0,12:31:42.821517
-143.0,-308.0,947.0,12:31:42.830799
10.0,-551.0,1652.0,12:31:42.841218
82.0,-643.0,1000.0,12:31:42.850539
74.0,-579.0,773.0,12:31:42.861044
124.0,-712.0,882.0,12:31:42.870351
83.0,-563.0,1171.0,12:31:42.880742
-157.0,-576.0,1282.0,12:31:42.890119
-185.0,-394.0,162.0,12:31:42.900534
-132.0,-345.0,383.0,12:31:42.910063
18.0,-559.0,1280.0,12:31:42.919342
-90.0,-50.0,266.0,12:31:42.929942
-164.0,136.0,-42.0,12:31:42.939200
70.0,-266.0,525.0,12:31:42.949695
108.0,-575.0,1630.0,12:31:42.958923
-3.0,-299.0,1709.0,12:31:42.969471
-112.0,-392.0,970.0,12:31:42.978924
89.0,-823.0,1354.0,12:31:42.988362
16.0,-1342.0,2047.0,12:31:42.998923
344.0,-1033.0,1082.0,12:31:43.008225
63.0,-414.0,355.0,12:31:43.018664
-27.0,-578.0,964.0,12:31:43.027949
213.0,-1119.0,460.0,12:31:43.038431
328.0,-1104.0,4.0,12:31:43.047794
64.0,-515.0,209.0,12:31:43.058156
19.0,-568.0,1142.0,12:31:43.067416
204.0,-717.0,896.0,12:31:43.077922
-123.0,-169.0,471.0,12:31:43.087172
-49.0,-221.0,754.0,12:31:43.097748
-110.0,-124.0,1274.0,12:31:43.107099
-192.0,200.0,1443.0,12:31:43.117538
-100.0,-134.0,745.0,12:31:43.126897
211.0,-451.0,88.0,12:31:43.136322
166.0,-338.0,1296.0,12:31:43.146843
-218.0,-340.0,1682.0,12:31:43.156217
29.0,-465.0,910.0,12:31:43.166703
75.0,-501.0,426.0,12:31:43.176115
-25.0,-714.0,1028.0,12:31:43.185456
-13.0,-438.0,1125.0,12:31:43.195989
25.0,-4.0,896.0,12:31:43.207908
155.0,-406.0,1034.0,12:31:43.215283
131.0,-771.0,664.0,12:31:43.225791
212.0,-404.0,634.0,12:31:43.235023
-276.0,-300.0,1089.0,12:31:43.245637
61.0,-592.0,1084.0,12:31:43.254886
58.0,-542.0,1002.0,12:31:43.265361
98.0,-581.0,785.0,12:31:43.274617
-2.0,-772.0,339.0,12:31:43.284080
81.0,-473.0,205.0,12:31:43.294674
349.0,-545.0,493.0,12:31:43.304095
45.0,-620.0,1308.0,12:31:43.314652
-5.0,-228.0,1941.0,12:31:43.324007
-439.0,-244.0,1426.0,12:31:43.333444
58.0,-440.0,617.0,12:31:43.344007
10.0,-250.0,1295.0,12:31:43.353406
353.0,-459.0,1684.0,12:31:43.363864
146.0,-395.0,1526.0,12:31:43.373154
-83.0,-370.0,816.0,12:31:43.383590
172.0,-734.0,665.0,12:31:43.392912
158.0,-868.0,299.0,12:31:43.403479
88.0,-554.0,772.0,12:31:43.412783
47.0,-780.0,1529.0,12:31:43.422088
56.0,-797.0,1025.0,12:31:43.432572
33.0,-963.0,691.0,12:31:43.441898
56.0,-759.0,630.0,12:31:43.452388
-64.0,-447.0,1115.0,12:31:43.461745
-252.0,-466.0,955.0,12:31:43.472287
-120.0,-690.0,958.0,12:31:43.481625
142.0,-519.0,385.0,12:31:43.492116
41.0,-312.0,299.0,12:31:43.501396
24.0,-344.0,1434.0,12:31:43.511869
-88.0,-349.0,1325.0,12:31:43.521220
-93.0,-91.0,534.0,12:31:43.530590
29.0,-228.0,636.0,12:31:43.541119
-23.0,-625.0,1175.0,12:31:43.550474
125.0,-585.0,918.0,12:31:43.561064
14.0,-288.0,880.0,12:31:43.570372
60.0,-657.0,1018.0,12:31:43.580762
150.0,-735.0,998.0,12:31:43.590207
-177.0,-635.0,814.0,12:31:43.600577
-21.0,-588.0,693.0,12:31:43.610762
122.0,-584.0,891.0,12:31:43.620287
-292.0,-619.0,1240.0,12:31:43.629621
144.0,-731.0,822.0,12:31:43.640162
58.0,-575.0,464.0,12:31:43.649460
203.0,-738.0,1051.0,12:31:43.658851
78.0,-620.0,994.0,12:31:43.669353
39.0,-175.0,873.0,12:31:43.678809
-227.0,-184.0,1437.0,12:31:43.689185
-32.0,-168.0,893.0,12:31:43.698601
-83.0,-448.0,865.0,12:31:43.709046
96.0,-366.0,1021.0,12:31:43.718565
-21.0,-387.0,961.0,12:31:43.727895
152.0,-279.0,786.0,12:31:43.738409
29.0,-324.0,765.0,12:31:43.747837
1.0,-391.0,927.0,12:31:43.758355
18.0,-466.0,686.0,12:31:43.767809
83.0,-409.0,1036.0,12:31:43.777232
41.0,-564.0,1419.0,12:31:43.787913
-50.0,-822.0,1350.0,12:31:43.797302
262.0,-591.0,817.0,12:31:43.807886
91.0,-529.0,820.0,12:31:43.817190
231.0,-498.0,1265.0,12:31:43.826596
-45.0,-454.0,461.0,12:31:43.837001
318.0,-463.0,216.0,12:31:43.846345
-77.0,-389.0,1130.0,12:31:43.856866
199.0,-526.0,1011.0,12:31:43.866325
60.0,-465.0,665.0,12:31:43.876799
17.0,-555.0,1298.0,12:31:43.886171
199.0,-717.0,1234.0,12:31:43.895440
40.0,-692.0,1122.0,12:31:43.905942
281.0,-577.0,795.0,12:31:43.915220
0.0,-287.0,579.0,12:31:43.925758
17.0,-300.0,551.0,12:31:43.935028
-275.0,-182.0,1070.0,12:31:43.945583
-63.0,-522.0,1068.0,12:31:43.954911
10.0,-282.0,641.0,12:31:43.965391
-156.0,-531.0,1273.0,12:31:43.974727
-84.0,-731.0,1375.0,12:31:43.985309
-39.0,-544.0,501.0,12:31:43.994578
38.0,-609.0,1322.0,12:31:44.005069
141.0,-440.0,898.0,12:31:44.014453
65.0,-271.0,290.0,12:31:44.023825
119.0,-427.0,921.0,12:31:44.034307
-55.0,-500.0,1385.0,12:31:44.043707
-17.0,-291.0,612.0,12:31:44.054211
54.0,-467.0,496.0,12:31:44.063543
-27.0,-738.0,1219.0,12:31:44.073971
109.0,-968.0,1271.0,12:31:44.083398
27.0,-692.0,536.0,12:31:44.093764
-85.0,-418.0,1031.0,12:31:44.103191
43.0,-785.0,1595.0,12:31:44.112458
97.0,-528.0,652.0,12:31:44.122925
57.0,-193.0,640.0,12:31:44.132393
-137.0,-236.0,848.0,12:31:44.142890
-179.0,-182.0,593.0,12:31:44.152299
-129.0,-228.0,1178.0,12:31:44.161745
-172.0,-503.0,1279.0,12:31:44.172301
159.0,-575.0,395.0,12:31:44.181676
83.0,-711.0,1139.0,12:31:44.192062
-31.0,-687.0,1762.0,12:31:44.201408
43.0,-715.0,602.0,12:31:44.211927
-65.0,-368.0,661.0,12:31:44.221205
74.0,-351.0,1493.0,12:31:44.231677
5.0,-680.0,785.0,12:31:44.241127
87.0,-647.0,-124.0,12:31:44.250502
-53.0,-419.0,1217.0,12:31:44.261087
55.0,-652.0,1358.0,12:31:44.270532
305.0,-898.0,708.0,12:31:44.281115
138.0,-624.0,417.0,12:31:44.290586
25.0,-595.0,978.0,12:31:44.299926
48.0,-813.0,1164.0,12:31:44.310442
66.0,-245.0,822.0,12:31:44.319716
88.0,-416.0,635.0,12:31:44.330280
-226.0,-538.0,781.0,12:31:44.339632
35.0,-349.0,910.0,12:31:44.350079
-270.0,-337.0,876.0,12:31:44.359477
84.0,-406.0,658.0,12:31:44.368922
-42.0,-368.0,850.0,12:31:44.379369
114.0,-872.0,1452.0,12:31:44.388761
189.0,-626.0,863.0,12:31:44.399268
-185.0,-412.0,646.0,12:31:44.415351
92.0,-521.0,995.0,12:31:44.418996
-174.0,-611.0,1500.0,12:31:44.428283
-160.0,-159.0,627.0,12:31:44.438861
50.0,-283.0,839.0,12:31:44.448324
-58.0,-546.0,1280.0,12:31:44.457662
165.0,-616.0,686.0,12:31:44.468211
197.0,-230.0,646.0,12:31:44.477484
26.0,-659.0,1679.0,12:31:44.488066
138.0,-758.0,733.0,12:31:44.497427
47.0,-587.0,834.0,12:31:44.507888
332.0,-540.0,1334.0,12:31:44.517245
-113.0,-483.0,771.0,12:31:44.526663
124.0,-375.0,245.0,12:31:44.537083
-190.0,-327.0,823.0,12:31:44.546507
13.0,-464.0,1147.0,12:31:44.556958
91.0,-550.0,1027.0,12:31:44.566327
-17.0,-382.0,648.0,12:31:44.576863
107.0,-468.0,1054.0,12:31:44.586197
187.0,-946.0,1384.0,12:31:44.595866
302.0,-1036.0,1483.0,12:31:44.606272
131.0,-502.0,443.0,12:31:44.615664
136.0,-373.0,1120.0,12:31:44.626071
9.0,-670.0,1188.0,12:31:44.635476
37.0,-489.0,345.0,12:31:44.645868
-80.0,-248.0,463.0,12:31:44.655198
-98.0,-377.0,1528.0,12:31:44.665704
10.0,-624.0,1261.0,12:31:44.675132
-3.0,-560.0,601.0,12:31:44.684540
-2.0,-442.0,1049.0,12:31:44.695056
-3.0,-591.0,1534.0,12:31:44.704333
38.0,-479.0,826.0,12:31:44.714829
315.0,-313.0,770.0,12:31:44.724086
6.0,-422.0,956.0,12:31:44.734588
60.0,-590.0,807.0,12:31:44.744062
8.0,-570.0,840.0,12:31:44.753423
-39.0,-88.0,585.0,12:31:44.763891
83.0,-358.0,688.0,12:31:44.773344
31.0,-749.0,986.0,12:31:44.783907
39.0,-330.0,712.0,12:31:44.793241
48.0,-396.0,1289.0,12:31:44.803715
129.0,-359.0,690.0,12:31:44.813696
47.0,-422.0,805.0,12:31:44.822834
3.0,-694.0,1304.0,12:31:44.832302
62.0,-519.0,976.0,12:31:44.842725
168.0,-151.0,924.0,12:31:44.852068
-56.0,-506.0,1338.0,12:31:44.862497
127.0,-752.0,729.0,12:31:44.871859
251.0,-859.0,778.0,12:31:44.882359
70.0,-610.0,1090.0,12:31:44.902013
-186.0,-507.0,874.0,12:31:44.911327
-108.0,-605.0,802.0,12:31:44.921808
-110.0,-480.0,974.0,12:31:44.931171
87.0,-440.0,938.0,12:31:44.941715
20.0,-328.0,1050.0,12:31:44.951119
-28.0,-459.0,1124.0,12:31:44.960495
70.0,-396.0,1052.0,12:31:44.970927
-17.0,-562.0,555.0,12:31:44.980327
182.0,-176.0,439.0,12:31:44.990752
-44.0,-395.0,1382.0,12:31:45.000054
149.0,-521.0,1153.0,12:31:45.010602
-92.0,-506.0,945.0,12:31:45.019980
57.0,-312.0,494.0,12:31:45.030389
120.0,-337.0,503.0,12:31:45.039700
43.0,-563.0,1541.0,12:31:45.050203
4.0,-606.0,1214.0,12:31:45.059534
-50.0,-313.0,393.0,12:31:45.069097
22.0,-524.0,525.0,12:31:45.079485
162.0,-913.0,1444.0,12:31:45.089000
99.0,-754.0,899.0,12:31:45.099379
256.0,-624.0,427.0,12:31:45.108855
-176.0,-609.0,1323.0,12:31:45.119318
77.0,-793.0,867.0,12:31:45.128696
147.0,-351.0,583.0,12:31:45.138123
-231.0,-391.0,849.0,12:31:45.148540
62.0,-564.0,950.0,12:31:45.158006
127.0,-473.0,1030.0,12:31:45.168417
-47.0,-598.0,928.0,12:31:45.177824
229.0,-345.0,673.0,12:31:45.188239
-77.0,-335.0,1538.0,12:31:45.197700
67.0,-461.0,1375.0,12:31:45.208219
-107.0,-419.0,635.0,12:31:45.217565
123.0,-88.0,487.0,12:31:45.226858
-61.0,-361.0,1122.0,12:31:45.237413
-179.0,-607.0,1316.0,12:31:45.246810
-88.0,-561.0,1024.0,12:31:45.257361
21.0,-337.0,378.0,12:31:45.266778
-2.0,-554.0,1187.0,12:31:45.276088
18.0,-524.0,1167.0,12:31:45.286689
73.0,-720.0,1048.0,12:31:45.296020
-15.0,-265.0,623.0,12:31:45.306649
95.0,-514.0,1066.0,12:31:45.316000
13.0,-551.0,1100.0,12:31:45.325561
391.0,-398.0,463.0,12:31:45.336209
23.0,-277.0,310.0,12:31:45.345696
-27.0,-406.0,1323.0,12:31:45.354971
67.0,-608.0,1452.0,12:31:45.365490
-13.0,-510.0,523.0,12:31:45.374804
182.0,-673.0,384.0,12:31:45.385299
72.0,-802.0,1157.0,12:31:45.394691
104.0,-764.0,1129.0,12:31:45.405194
97.0,-397.0,739.0,12:31:45.414693
-256.0,-169.0,1063.0,12:31:45.423988
-17.0,-291.0,762.0,12:31:45.434528
93.0,-591.0,563.0,12:31:45.443805
-245.0,-419.0,834.0,12:31:45.454473
65.0,-346.0,1302.0,12:31:45.463730
109.0,-511.0,1049.0,12:31:45.474251
67.0,-673.0,788.0,12:31:45.483550
17.0,-437.0,920.0,12:31:45.494075
5.0,-685.0,1772.0,12:31:45.503417
203.0,-368.0,1030.0,12:31:45.513820
-73.0,-337.0,519.0,12:31:45.523208
-103.0,-530.0,766.0,12:31:45.532642
48.0,-515.0,1294.0,12:31:45.543152
-63.0,-356.0,918.0,12:31:45.552526
-56.0,-255.0,313.0,12:31:45.563051
-110.0,-816.0,1221.0,12:31:45.572355
258.0,-733.0,882.0,12:31:45.581798
249.0,-548.0,388.0,12:31:45.592370
44.0,-200.0,605.0,12:31:45.601747
57.0,-403.0,1603.0,12:31:45.617843
-77.0,-624.0,1479.0,12:31:45.621511
161.0,-564.0,166.0,12:31:45.632112
85.0,-362.0,608.0,12:31:45.641458
83.0,-814.0,1223.0,12:31:45.650808
232.0,-661.0,1009.0,12:31:45.661320
113.0,-346.0,857.0,12:31:45.670574
-64.0,-462.0,938.0,12:31:45.681203
418.0,-559.0,789.0,12:31:45.690555
115.0,-626.0,662.0,12:31:45.701090
-26.0,-469.0,925.0,12:31:45.710447
45.0,-490.0,1166.0,12:31:45.720029
-28.0,-355.0,946.0,12:31:45.730531
246.0,-503.0,732.0,12:31:45.740055
-84.0,-739.0,1077.0,12:31:45.749437
5.0,-615.0,589.0,12:31:45.760025
-18.0,-333.0,797.0,12:31:45.769303
-17.0,-562.0,1484.0,12:31:45.779975
122.0,-658.0,870.0,12:31:45.789305
115.0,-326.0,173.0,12:31:45.799744
74.0,-434.0,920.0,12:31:45.809066
-122.0,-389.0,1443.0,12:31:45.818402
85.0,-424.0,812.0,12:31:45.829054
-157.0,-236.0,1015.0,12:31:45.838374
46.0,-494.0,1199.0,12:31:45.848976
58.0,-350.0,840.0,12:31:45.858233
38.0,-841.0,1334.0,12:31:45.868813
153.0,-718.0,905.0,12:31:45.878079
262.0,-384.0,404.0,12:31:45.888540
-9.0,-325.0,921.0,12:31:45.897842
-122.0,-618.0,1260.0,12:31:45.907392
-240.0,-442.0,467.0,12:31:45.917869
26.0,-245.0,800.0,12:31:45.927172
31.0,-721.0,1449.0,12:31:45.937863
37.0,-1078.0,969.0,12:31:45.947140
28.0,-652.0,749.0,12:31:45.956626
19.0,-425.0,1265.0,12:31:45.967005
177.0,-619.0,1484.0,12:31:45.976465
-135.0,-373.0,331.0,12:31:45.986894
86.0,-433.0,196.0,12:31:45.996264
66.0,-449.0,986.0,12:31:46.006850
-17.0,-464.0,1124.0,12:31:46.016862
122.0,-382.0,749.0,12:31:46.026499
101.0,-400.0,717.0,12:31:46.035798
141.0,-577.0,799.0,12:31:46.046353
-23.0,-548.0,1152.0,12:31:46.055742
-8.0,-378.0,1004.0,12:31:46.065101
229.0,-408.0,1140.0,12:31:46.075687
-177.0,-270.0,1280.0,12:31:46.085081
20.0,-439.0,528.0,12:31:46.095675
43.0,-389.0,911.0,12:31:46.104958
-13.0,-576.0,1328.0,12:31:46.114280
85.0,-736.0,1049.0,12:31:46.124711
9.0,-663.0,526.0,12:31:46.134120
-4.0,-666.0,653.0,12:31:46.144649
-19.0,-486.0,1619.0,12:31:46.153979
77.0,-536.0,845.0,12:31:46.164590
10.0,-250.0,529.0,12:31:46.174030
50.0,-320.0,1125.0,12:31:46.183450
-151.0,-547.0,973.0,12:31:46.193994
73.0,-516.0,806.0,12:31:46.203355
230.0,-341.0,925.0,12:31:46.214047
-97.0,-803.0,694.0,12:31:46.223399
114.0,-746.0,1022.0,12:31:46.232904
-74.0,-685.0,927.0,12:31:46.243399
96.0,-328.0,728.0,12:31:46.252806
-71.0,-461.0,1005.0,12:31:46.263304
-21.0,-505.0,1040.0,12:31:46.272670
239.0,-420.0,643.0,12:31:46.282184
-127.0,-327.0,572.0,12:31:46.292644
-30.0,-503.0,992.0,12:31:46.302065
-6.0,-529.0,1378.0,12:31:46.311472
-121.0,-299.0,481.0,12:31:46.321987
173.0,-585.0,672.0,12:31:46.331359
37.0,-770.0,1695.0,12:31:46.341802
50.0,-625.0,1203.0,12:31:46.351200
291.0,-467.0,312.0,12:31:46.361692
-91.0,-769.0,1324.0,12:31:46.370930
67.0,-1033.0,1305.0,12:31:46.381445
102.0,-555.0,423.0,12:31:46.390869
-68.0,-196.0,585.0,12:31:46.400278
-34.0,-279.0,993.0,12:31:46.410700
-83.0,-488.0,916.0,12:31:46.420150
-248.0,-375.0,754.0,12:31:46.430583
20.0,-221.0,620.0,12:31:46.440039
49.0,-196.0,1050.0,12:31:46.450422
-55.0,-337.0,1377.0,12:31:46.460050
100.0,-486.0,827.0,12:31:46.469290
48.0,-504.0,805.0,12:31:46.479923
52.0,-265.0,971.0,12:31:46.489251
-84.0,-339.0,1243.0,12:31:46.499690
152.0,-487.0,987.0,12:31:46.509112
-93.0,-624.0,917.0,12:31:46.519563
139.0,-478.0,624.0,12:31:46.529016
41.0,-662.0,965.0,12:31:46.538393
34.0,-599.0,1138.0,12:31:46.548931
170.0,-697.0,1011.0,12:31:46.558335
-87.0,-506.0,628.0,12:31:46.568847
193.0,-652.0,725.0,12:31:46.578155
153.0,-486.0,1058.0,12:31:46.588668
-128.0,-185.0,1008.0,12:31:46.597929
108.0,-301.0,1039.0,12:31:46.607407
4.0,-390.0,960.0,12:31:46.617882
53.0,-665.0,1029.0,12:31:46.627258
177.0,-482.0,733.0,12:31:46.637815
146.0,-461.0,1185.0,12:31:46.647127
221.0,-438.0,1144.0,12:31:46.657570
145.0,-576.0,1010.0,12:31:46.667040
-19.0,-293.0,839.0,12:31:46.677459
112.0,-286.0,719.0,12:31:46.686890
-45.0,-277.0,974.0,12:31:46.696200
15.0,-559.0,1303.0,12:31:46.706923
5.0,-466.0,989.0,12:31:46.716307
19.0,-795.0,750.0,12:31:46.725735
24.0,-453.0,873.0,12:31:46.736225
-49.0,-543.0,1017.0,12:31:46.745650
136.0,-709.0,826.0,12:31:46.756127
87.0,-550.0,903.0,12:31:46.765505
-119.0,-387.0,640.0,12:31:46.776016
44.0,-319.0,768.0,12:31:46.785437
-156.0,-483.0,1159.0,12:31:46.794749
42.0,-540.0,811.0,12:31:46.805206
183.0,-539.0,545.0,12:31:46.819944
111.0,-358.0,1119.0,12:31:46.824787
31.0,-545.0,1226.0,12:31:46.835221
-82.0,-395.0,876.0,12:31:46.844699
109.0,-411.0,739.0,12:31:46.853994
143.0,-497.0,857.0,12:31:46.864614
279.0,-564.0,1091.0,12:31:46.873946
-220.0,-429.0,932.0,12:31:46.884567
154.0,-482.0,642.0,12:31:46.893871
108.0,-376.0,993.0,12:31:46.903246
54.0,-507.0,1003.0,12:31:46.913717
22.0,-567.0,940.0,12:31:46.923057
136.0,-408.0,1103.0,12:31:46.933488
-33.0,-574.0,1039.0,12:31:46.943025
234.0,-572.0,752.0,12:31:46.953562
110.0,-401.0,807.0,12:31:46.962869
13.0,-546.0,1263.0,12:31:46.972311
29.0,-404.0,929.0,12:31:46.982773
89.0,-359.0,783.0,12:31:46.992170
21.0,-403.0,853.0,12:31:47.002618
267.0,-456.0,898.0,12:31:47.011977
-21.0,-454.0,996.0,12:31:47.022475
119.0,-535.0,849.0,12:31:47.031777
81.0,-487.0,862.0,12:31:47.042293
-4.0,-501.0,1109.0,12:31:47.051773
219.0,-508.0,883.0,12:31:47.061152
-143.0,-481.0,1021.0,12:31:47.071682
193.0,-612.0,860.0,12:31:47.081035
110.0,-554.0,934.0,12:31:47.090567
189.0,-607.0,919.0,12:31:47.101070
80.0,-572.0,906.0,12:31:47.110408
108.0,-662.0,1255.0,12:31:47.120862
51.0,-443.0,812.0,12:31:47.130250
125.0,-403.0,651.0,12:31:47.140678
-64.0,-397.0,955.0,12:31:47.150147
97.0,-461.0,942.0,12:31:47.160632
-47.0,-467.0,1066.0,12:31:47.170060
67.0,-424.0,971.0,12:31:47.179438
78.0,-412.0,694.0,12:31:47.190061
77.0,-489.0,695.0,12:31:47.199449
258.0,-688.0,1132.0,12:31:47.208889
-144.0,-353.0,986.0,12:31:47.220397
-217.0,-237.0,792.0,12:31:47.228936
-12.0,-432.0,1131.0,12:31:47.239456
-55.0,-719.0,1093.0,12:31:47.248940
163.0,-441.0,347.0,12:31:47.258373
-49.0,-455.0,944.0,12:31:47.269001
85.0,-440.0,1477.0,12:31:47.278302
-127.0,-715.0,1021.0,12:31:47.288918
113.0,-511.0,400.0,12:31:47.298231
-70.0,-455.0,894.0,12:31:47.307745
-105.0,-484.0,1066.0,12:31:47.318179
55.0,-589.0,1021.0,12:31:47.327680
-28.0,-602.0,1079.0,12:31:47.338145
-108.0,-465.0,764.0,12:31:47.347527
57.0,-520.0,974.0,12:31:47.356900
-9.0,-559.0,1199.0,12:31:47.367409
-30.0,-281.0,531.0,12:31:47.376729
-72.0,-181.0,617.0,12:31:47.387189
-127.0,-456.0,1314.0,12:31:47.396576
-20.0,-650.0,1083.0,12:31:47.407158
59.0,-305.0,660.0,12:31:47.416577
95.0,-510.0,1132.0,12:31:47.425946
-18.0,-580.0,1109.0,12:31:47.436461
-39.0,-428.0,825.0,12:31:47.445766
100.0,-581.0,838.0,12:31:47.456326
64.0,-591.0,1178.0,12:31:47.465765
-34.0,-417.0,880.0,12:31:47.476291
-93.0,-475.0,796.0,12:31:47.485741
-66.0,-646.0,889.0,12:31:47.495110
-14.0,-780.0,709.0,12:31:47.505617
142.0,-675.0,832.0,12:31:47.514997
-56.0,-554.0,961.0,12:31:47.525465
-62.0,-514.0,935.0,12:31:47.534811
167.0,-598.0,1145.0,12:31:47.545221
-178.0,-307.0,811.0,12:31:47.554823
57.0,-459.0,508.0,12:31:47.564110
-64.0,-489.0,1056.0,12:31:47.574647
118.0,-668.0,1184.0,12:31:47.584014
204.0,-373.0,664.0,12:31:47.594560
-257.0,-404.0,868.0,12:31:47.603971
-61.0,-553.0,960.0,12:31:47.613375
114.0,-610.0,949.0,12:31:47.623854
-55.0,-423.0,615.0,12:31:47.633255
-23.0,-307.0,897.0,12:31:47.643689
-271.0,-430.0,1110.0,12:31:47.653129
184.0,-541.0,945.0,12:31:47.662516
-74.0,-225.0,1072.0,12:31:47.672994
1.0,-388.0,1197.0,12:31:47.682488
115.0,-752.0,890.0,12:31:47.692901
163.0,-537.0,781.0,12:31:47.702344
11.0,-457.0,1113.0,12:31:47.712890
-125.0,-823.0,1093.0,12:31:47.722275
256.0,-697.0,673.0,12:31:47.731598
22.0,-388.0,803.0,12:31:47.742109
122.0,-630.0,999.0,12:31:47.751460
-82.0,-612.0,1172.0,12:31:47.761934
213.0,-83.0,418.0,12:31:47.771226
-20.0,-283.0,548.0,12:31:47.781734
-217.0,-493.0,1337.0,12:31:47.791189
134.0,-495.0,1001.0,12:31:47.801635
-128.0,-139.0,650.0,12:31:47.811026
22.0,-410.0,993.0,12:31:47.820434
354.0,-667.0,1059.0,12:31:47.830839
212.0,-573.0,960.0,12:31:47.840212
-66.0,-580.0,931.0,12:31:47.850586
-76.0,-511.0,1005.0,12:31:47.860085
-126.0,-415.0,868.0,12:31:47.870549
31.0,-536.0,910.0,12:31:47.879997
-13.0,-525.0,901.0,12:31:47.890424
24.0,-445.0,583.0,12:31:47.899808
-29.0,-423.0,991.0,12:31:47.909078
34.0,-573.0,1133.0,12:31:47.919546
38.0,-437.0,1177.0,12:31:47.928881
-144.0,-434.0,1158.0,12:31:47.939447
140.0,-469.0,588.0,12:31:47.948929
-146.0,-527.0,1105.0,12:31:47.959429
159.0,-562.0,1207.0,12:31:47.968842
-29.0,-543.0,631.0,12:31:47.978177
198.0,-477.0,490.0,12:31:47.988795
-148.0,-399.0,926.0,12:31:47.998148
-134.0,-422.0,1000.0,12:31:48.008607
-59.0,-365.0,749.0,12:31:48.022370
-178.0,-61.0,880.0,12:31:48.028446
-56.0,-460.0,1426.0,12:31:48.037793
197.0,-624.0,820.0,12:31:48.047199
255.0,-522.0,517.0,12:31:48.057727
58.0,-451.0,1400.0,12:31:48.067034
-47.0,-701.0,1084.0,12:31:48.077656
121.0,-448.0,711.0,12:31:48.086929
-431.0,-270.0,1024.0,12:31:48.097509
194.0,-589.0,1191.0,12:31:48.106780
92.0,-626.0,740.0,12:31:48.116192
193.0,-686.0,951.0,12:31:48.126756
181.0,-818.0,1143.0,12:31:48.136285
124.0,-767.0,761.0,12:31:48.145697
139.0,-358.0,864.0,12:31:48.156176
-192.0,-473.0,1175.0,12:31:48.165614
76.0,-341.0,738.0,12:31:48.176136
-116.0,-380.0,825.0,12:31:48.185418
56.0,-402.0,738.0,12:31:48.195921
153.0,-439.0,672.0,12:31:48.205162
136.0,-580.0,1293.0,12:31:48.215843
120.0,-763.0,1098.0,12:31:48.225127
-107.0,-525.0,603.0,12:31:48.234637
93.0,-619.0,909.0,12:31:48.245070
201.0,-616.0,1184.0,12:31:48.254517
33.0,-395.0,544.0,12:31:48.265039
-108.0,-307.0,728.0,12:31:48.274446
-55.0,-261.0,786.0,12:31:48.283742
113.0,-645.0,1321.0,12:31:48.294349
-26.0,-504.0,886.0,12:31:48.303616
-14.0,-416.0,530.0,12:31:48.314211
79.0,-599.0,1545.0,12:31:48.323605
133.0,-793.0,1510.0,12:31:48.334075
274.0,-715.0,531.0,12:31:48.343444
-76.0,-416.0,413.0,12:31:48.352776
112.0,-595.0,1009.0,12:31:48.363231
-7.0,-382.0,792.0,12:31:48.372652
-64.0,-113.0,530.0,12:31:48.383091
-188.0,-374.0,1141.0,12:31:48.392500
-55.0,-247.0,672.0,12:31:48.403035
41.0,-418.0,1095.0,12:31:48.412359
180.0,-608.0,1238.0,12:31:48.427845
-42.0,-348.0,940.0,12:31:48.432768
167.0,-97.0,573.0,12:31:48.442049
-111.0,-518.0,1618.0,12:31:48.451408
199.0,-676.0,1406.0,12:31:48.461981
167.0,-434.0,343.0,12:31:48.471231
-159.0,-261.0,1016.0,12:31:48.481635
322.0,-785.0,1352.0,12:31:48.491089
54.0,-836.0,838.0,12:31:48.501484
221.0,-579.0,346.0,12:31:48.510822
-318.0,-388.0,1112.0,12:31:48.521222
44.0,-581.0,1492.0,12:31:48.530681
70.0,-619.0,533.0,12:31:48.541230
114.0,-470.0,588.0,12:31:48.550572
-79.0,-457.0,1153.0,12:31:48.559899
77.0,-278.0,1207.0,12:31:48.570401
151.0,-255.0,816.0,12:31:48.579662
197.0,-596.0,674.0,12:31:48.590170
98.0,-742.0,1074.0,12:31:48.599405
54.0,-471.0,968.0,12:31:48.610095
-120.0,-246.0,683.0,12:31:48.619497
216.0,-504.0,1304.0,12:31:48.628955
154.0,-493.0,905.0,12:31:48.639467
35.0,-444.0,500.0,12:31:48.648941
36.0,-321.0,1204.0,12:31:48.659385
61.0,-472.0,1358.0,12:31:48.668921
185.0,-547.0,341.0,12:31:48.678208
-92.0,-520.0,980.0,12:31:48.688827
-66.0,-637.0,1294.0,12:31:48.698163
-37.0,-575.0,622.0,12:31:48.708736
74.0,-441.0,687.0,12:31:48.718120
-146.0,-569.0,1309.0,12:31:48.727510
61.0,-445.0,898.0,12:31:48.738020
-31.0,-430.0,649.0,12:31:48.747437
-169.0,-225.0,1124.0,12:31:48.758126
41.0,-433.0,1035.0,12:31:48.767668
476.0,-620.0,661.0,12:31:48.776979
159.0,-641.0,786.0,12:31:48.787436
88.0,-402.0,1037.0,12:31:48.796737
25.0,-315.0,1004.0,12:31:48.807249
-118.0,-274.0,945.0,12:31:48.816655
-108.0,-643.0,1065.0,12:31:48.827176
337.0,-863.0,785.0,12:31:48.836641
-116.0,-603.0,570.0,12:31:48.845982
29.0,-566.0,1148.0,12:31:48.856489
54.0,-465.0,841.0,12:31:48.876144
-12.0,-375.0,608.0,12:31:48.885431
-43.0,-507.0,874.0,12:31:48.895900
3.0,-520.0,1092.0,12:31:48.905162
170.0,-375.0,970.0,12:31:48.915720
155.0,-483.0,606.0,12:31:48.925094
44.0,-371.0,966.0,12:31:48.935624
-122.0,-349.0,1382.0,12:31:48.944955
67.0,-340.0,829.0,12:31:48.954361
-86.0,-333.0,866.0,12:31:48.964799
100.0,-330.0,1101.0,12:31:48.974148
173.0,-792.0,999.0,12:31:48.984541
181.0,-536.0,1080.0,12:31:48.993926
-89.0,-426.0,791.0,12:31:49.004513
38.0,-580.0,895.0,12:31:49.013844
104.0,-656.0,974.0,12:31:49.024374
-48.0,-585.0,887.0,12:31:49.033825
119.0,-443.0,553.0,12:31:49.043091
133.0,-474.0,1059.0,12:31:49.053569
-237.0,-595.0,1431.0,12:31:49.062792
175.0,-414.0,469.0,12:31:49.073531
-95.0,-624.0,680.0,12:31:49.082823
149.0,-461.0,1135.0,12:31:49.093493
54.0,-542.0,1267.0,12:31:49.102852
-12.0,-466.0,458.0,12:31:49.112311
-68.0,-322.0,509.0,12:31:49.122887
-99.0,-456.0,841.0,12:31:49.132346
59.0,-422.0,1139.0,12:31:49.142866
-230.0,-424.0,1085.0,12:31:49.152365
-13.0,-493.0,670.0,12:31:49.161677
125.0,-610.0,1212.0,12:31:49.172263
-100.0,-546.0,1515.0,12:31:49.181634
310.0,-475.0,747.0,12:31:49.191245
-125.0,-299.0,576.0,12:31:49.201655
3.0,-747.0,1287.0,12:31:49.211122
144.0,-635.0,1013.0,12:31:49.224886
-161.0,-371.0,436.0,12:31:49.230940
67.0,-98.0,494.0,12:31:49.240367
-220.0,-464.0,1267.0,12:31:49.250793
36.0,-633.0,1025.0,12:31:49.260139
255.0,-684.0,621.0,12:31:49.270614
53.0,-243.0,979.0,12:31:49.280020
-28.0,-474.0,1695.0,12:31:49.290448
-197.0,-394.0,700.0,12:31:49.299949
182.0,-560.0,830.0,12:31:49.310460
72.0,-628.0,915.0,12:31:49.319762
-105.0,-536.0,1082.0,12:31:49.329054
-98.0,-419.0,1269.0,12:31:49.339484
173.0,-607.0,736.0,12:31:49.348934
57.0,-650.0,645.0,12:31:49.359367
35.0,-636.0,983.0,12:31:49.368896
234.0,-641.0,816.0,12:31:49.379282
102.0,-532.0,844.0,12:31:49.388675
45.0,-306.0,876.0,12:31:49.399070
-167.0,-456.0,987.0,12:31:49.408458
138.0,-319.0,800.0,12:31:49.418907
121.0,-133.0,745.0,12:31:49.428271
22.0,-585.0,1143.0,12:31:49.438682
214.0,-476.0,891.0,12:31:49.448031
31.0,-609.0,808.0,12:31:49.457359
151.0,-297.0,904.0,12:31:49.467894
60.0,-633.0,1168.0,12:31:49.477149
78.0,-578.0,786.0,12:31:49.487807
20.0,-525.0,608.0,12:31:49.497089
36.0,-646.0,1059.0,12:31:49.507676
21.0,-283.0,1202.0,12:31:49.516991
8.0,-417.0,962.0,12:31:49.526525
84.0,-720.0,853.0,12:31:49.536964
259.0,-887.0,773.0,12:31:49.546345
34.0,-388.0,776.0,12:31:49.556837
122.0,-481.0,1140.0,12:31:49.566154
-195.0,-483.0,1132.0,12:31:49.576677
-34.0,-681.0,719.0,12:31:49.586095
312.0,-762.0,846.0,12:31:49.595401
17.0,-609.0,1000.0,12:31:49.605907
182.0,-362.0,648.0,12:31:49.615424
-391.0,-377.0,1652.0,12:31:49.627161
32.0,-555.0,1148.0,12:31:49.634886
298.0,-402.0,31.0,12:31:49.645288
-166.0,-178.0,1053.0,12:31:49.654602
-35.0,-528.0,1250.0,12:31:49.665132
257.0,-439.0,895.0,12:31:49.674586
70.0,-213.0,547.0,12:31:49.685106
-37.0,-546.0,1292.0,12:31:49.694512
136.0,-574.0,1118.0,12:31:49.703870
86.0,-563.0,955.0,12:31:49.714432
78.0,-533.0,777.0,12:31:49.723836
167.0,-610.0,923.0,12:31:49.734222
-184.0,-577.0,789.0,12:31:49.743697
156.0,-373.0,814.0,12:31:49.754170
-169.0,-327.0,318.0,12:31:49.763535
-118.0,-283.0,761.0,12:31:49.772875
-42.0,-634.0,1622.0,12:31:49.783573
32.0,-525.0,792.0,12:31:49.792839
290.0,-221.0,697.0,12:31:49.803400
-87.0,-460.0,1219.0,12:31:49.812681
274.0,-779.0,1233.0,12:31:49.823199
196.0,-672.0,690.0,12:31:49.832453
-177.0,-286.0,965.0,12:31:49.841864
-27.0,-252.0,776.0,12:31:49.852420
-227.0,-661.0,881.0,12:31:49.861775
49.0,-417.0,1264.0,12:31:49.872323
-110.0,-366.0,612.0,12:31:49.881672
35.0,-719.0,1035.0,12:31:49.892065
130.0,-723.0,1474.0,12:31:49.901511
60.0,-486.0,1082.0,12:31:49.911931
329.0,-529.0,480.0,12:31:49.921356
-53.0,-363.0,917.0,12:31:49.930716
-216.0,-332.0,1153.0,12:31:49.941244
56.0,-535.0,361.0,12:31:49.950523
-65.0,-479.0,966.0,12:31:49.961047
-4.0,-128.0,1195.0,12:31:49.970525
28.0,-211.0,417.0,12:31:49.979948
-100.0,-245.0,1100.0,12:31:49.990408
6.0,-778.0,1631.0,12:31:49.999730
-39.0,-594.0,502.0,12:31:50.010160
182.0,-447.0,1181.0,12:31:50.019485
179.0,-795.0,1509.0,12:31:50.030158
185.0,-612.0,1075.0,12:31:50.039423
28.0,-554.0,511.0,12:31:50.050034
147.0,-622.0,799.0,12:31:50.059283
118.0,-554.0,639.0,12:31:50.068791
139.0,-408.0,606.0,12:31:50.079292
-161.0,-607.0,1165.0,12:31:50.088783
-51.0,-641.0,626.0,12:31:50.099384
-143.0,-617.0,522.0,12:31:50.108850
-54.0,-332.0,1244.0,12:31:50.118239
282.0,-405.0,1194.0,12:31:50.128912
33.0,-390.0,1054.0,12:31:50.138268
25.0,-161.0,590.0,12:31:50.147773
49.0,-576.0,937.0,12:31:50.158202
-44.0,-572.0,1250.0,12:31:50.167736
137.0,-345.0,1048.0,12:31:50.178194
-124.0,-490.0,728.0,12:31:50.187708
94.0,-762.0,1143.0,12:31:50.196999
-1.0,-503.0,1282.0,12:31:50.207640
57.0,-471.0,725.0,12:31:50.216978
93.0,-551.0,466.0,12:31:50.227514
-187.0,-493.0,1188.0,12:31:50.236830
181.0,-725.0,1096.0,12:31:50.246227
-229.0,-462.0,340.0,12:31:50.256698
-58.0,-319.0,713.0,12:31:50.266075
-29.0,-397.0,1297.0,12:31:50.276607
60.0,-729.0,837.0,12:31:50.286086
198.0,-407.0,106.0,12:31:50.296579
183.0,-533.0,1175.0,12:31:50.305896
27.0,-669.0,1380.0,12:31:50.316311
131.0,-233.0,318.0,12:31:50.325838
75.0,-405.0,645.0,12:31:50.335225
-118.0,-652.0,1491.0,12:31:50.345711
113.0,-432.0,905.0,12:31:50.355030
-71.0,317.0,735.0,12:31:50.365484
-154.0,-425.0,1382.0,12:31:50.374768
-159.0,-689.0,1186.0,12:31:50.385291
81.0,-606.0,844.0,12:31:50.394640
361.0,-683.0,617.0,12:31:50.403973
314.0,-908.0,1086.0,12:31:50.414577
-84.0,-721.0,1650.0,12:31:50.427892
384.0,-513.0,715.0,12:31:50.434391
-38.0,-192.0,174.0,12:31:50.443755
-249.0,-290.0,1506.0,12:31:50.454188
-176.0,-602.0,1457.0,12:31:50.463528
-212.0,-443.0,467.0,12:31:50.473964
19.0,-376.0,1095.0,12:31:50.483450
302.0,-820.0,1191.0,12:31:50.492881
173.0,-549.0,993.0,12:31:50.503376
166.0,-287.0,839.0,12:31:50.512648
-133.0,-375.0,1148.0,12:31:50.523176
224.0,-536.0,713.0,12:31:50.532463
-48.0,-482.0,894.0,12:31:50.542963
82.0,-521.0,842.0,12:31:50.552343
-30.0,-355.0,898.0,12:31:50.561756
-154.0,-541.0,963.0,12:31:50.572325
150.0,-646.0,980.0,12:31:50.581855
139.0,-733.0,759.0,12:31:50.592397
128.0,-600.0,760.0,12:31:50.601864
26.0,-368.0,883.0,12:31:50.611198
-126.0,-428.0,1212.0,12:31:50.621711
-29.0,-496.0,881.0,12:31:50.631091
-10.0,-583.0,619.0,12:31:50.641664
-80.0,-395.0,1010.0,12:31:50.651123
47.0,-674.0,966.0,12:31:50.660491
-73.0,-802.0,836.0,12:31:50.670946
45.0,-385.0,1112.0,12:31:50.680330
-42.0,-528.0,657.0,12:31:50.690818
-78.0,-267.0,813.0,12:31:50.700209
-89.0,-376.0,1059.0,12:31:50.710666
-151.0,-482.0,882.0,12:31:50.720094
-44.0,-353.0,720.0,12:31:50.729417
60.0,-677.0,1028.0,12:31:50.740043
142.0,-662.0,980.0,12:31:50.749394
-72.0,-443.0,1049.0,12:31:50.759959
-180.0,-525.0,1172.0,12:31:50.769341
-7.0,-593.0,756.0,12:31:50.778757
-30.0,-494.0,758.0,12:31:50.789282
-93.0,-367.0,823.0,12:31:50.798661
-120.0,-351.0,813.0,12:31:50.809088
-119.0,-323.0,1014.0,12:31:50.818412
-159.0,-180.0,1203.0,12:31:50.830692
94.0,-325.0,553.0,12:31:50.837921
109.0,-548.0,994.0,12:31:50.848466
166.0,-635.0,1393.0,12:31:50.857830
282.0,-597.0,1045.0,12:31:50.868202
98.0,-432.0,853.0,12:31:50.877758
34.0,-467.0,926.0,12:31:50.888180
177.0,-700.0,828.0,12:31:50.897534
-25.0,-371.0,765.0,12:31:50.906863
115.0,-320.0,779.0,12:31:50.917344
-106.0,-546.0,745.0,12:31:50.926753
225.0,-671.0,734.0,12:31:50.937267
283.0,-579.0,764.0,12:31:50.946609
50.0,-537.0,1090.0,12:31:50.957171
49.0,-492.0,883.0,12:31:50.966514
70.0,-380.0,747.0,12:31:50.975974
237.0,-608.0,1007.0,12:31:50.986527
-78.0,-601.0,999.0,12:31:50.995943
-70.0,-367.0,812.0,12:31:51.006350
-14.0,-365.0,1037.0,12:31:51.015811
3.0,-562.0,1085.0,12:31:51.026336
216.0,-464.0,454.0,12:31:51.035897
-125.0,-470.0,759.0,12:31:51.045253
43.0,-532.0,1457.0,12:31:51.055851
207.0,-438.0,860.0,12:31:51.065095
162.0,-409.0,782.0,12:31:51.074726
-109.0,-732.0,1666.0,12:31:51.085116
162.0,-799.0,1324.0,12:31:51.094584
94.0,-516.0,778.0,12:31:51.105039
99.0,-451.0,950.0,12:31:51.114428
144.0,-807.0,1293.0,12:31:51.124901
-113.0,-667.0,321.0,12:31:51.134300
-50.0,-384.0,213.0,12:31:51.143609
-24.0,-366.0,1374.0,12:31:51.154120
-44.0,-443.0,936.0,12:31:51.163495
83.0,-295.0,361.0,12:31:51.174086
-225.0,-584.0,1056.0,12:31:51.183487
89.0,-443.0,1334.0,12:31:51.192956
-28.0,-366.0,1171.0,12:31:51.203502
-156.0,-94.0,697.0,12:31:51.212886
104.0,-588.0,1278.0,12:31:51.223434
2.0,-417.0,717.0,12:31:51.232772
250.0,-805.0,894.0,12:31:51.243217
63.0,-593.0,1040.0,12:31:51.252600
110.0,-510.0,1066.0,12:31:51.261928
-102.0,-564.0,761.0,12:31:51.272488
-34.0,-429.0,771.0,12:31:51.292075
-154.0,-221.0,968.0,12:31:51.301505
23.0,-572.0,1377.0,12:31:51.311970
129.0,-640.0,788.0,12:31:51.321272
115.0,-274.0,489.0,12:31:51.331724
35.0,-294.0,996.0,12:31:51.341133
61.0,-618.0,1368.0,12:31:51.351650
90.0,-216.0,1025.0,12:31:51.360949
-33.0,-354.0,658.0,12:31:51.371366
77.0,-751.0,973.0,12:31:51.380880
64.0,-547.0,909.0,12:31:51.390207
-52.0,-477.0,1064.0,12:31:51.400705
167.0,-464.0,1166.0,12:31:51.410065
-5.0,-365.0,865.0,12:31:51.420660
158.0,-231.0,718.0,12:31:51.430136
-14.0,-264.0,1082.0,12:31:51.439453
117.0,-451.0,1099.0,12:31:51.450022
148.0,-369.0,853.0,12:31:51.459458
135.0,-559.0,1093.0,12:31:51.469939
-4.0,-714.0,567.0,12:31:51.479313
58.0,-807.0,765.0,12:31:51.489767
173.0,-468.0,1417.0,12:31:51.499123
55.0,-305.0,509.0,12:31:51.508413
-80.0,-500.0,547.0,12:31:51.519004
101.0,-712.0,1129.0,12:31:51.528427
334.0,-694.0,1045.0,12:31:51.538938
77.0,-470.0,927.0,12:31:51.548223
-26.0,-367.0,1122.0,12:31:51.557727
28.0,-703.0,1199.0,12:31:51.568230
157.0,-695.0,742.0,12:31:51.577700
170.0,-349.0,620.0,12:31:51.588218
-21.0,-310.0,952.0,12:31:51.597505
-84.0,-591.0,1024.0,12:31:51.608161
166.0,-738.0,634.0,12:31:51.617437
-168.0,-387.0,829.0,12:31:51.632262
0.0,-585.0,917.0,12:31:51.636776
-81.0,-433.0,1159.0,12:31:51.647393
-8.0,-216.0,1206.0,12:31:51.656837
-77.0,-439.0,819.0,12:31:51.666278
358.0,-631.0,647.0,12:31:51.676852
96.0,-498.0,1128.0,12:31:51.686261
23.0,-495.0,976.0,12:31:51.696850
28.0,-296.0,812.0,12:31:51.706172
13.0,-470.0,1017.0,12:31:51.715498
-75.0,-437.0,990.0,12:31:51.725903
86.0,-615.0,788.0,12:31:51.735339
-84.0,-276.0,796.0,12:31:51.745778
1.0,-479.0,1247.0,12:31:51.755153
-3.0,-730.0,1058.0,12:31:51.765738
347.0,-745.0,800.0,12:31:51.775164
-78.0,-393.0,688.0,12:31:51.784560
-6.0,-441.0,1026.0,12:31:51.795126
-5.0,-488.0,728.0,12:31:51.804544
17.0,-243.0,778.0,12:31:51.815069
106.0,-557.0,1070.0,12:31:51.824325
129.0,-426.0,617.0,12:31:51.834799
25.0,-472.0,832.0,12:31:51.844134
-148.0,-588.0,1515.0,12:31:51.854614
84.0,-710.0,1112.0,12:31:51.864042
-92.0,-270.0,662.0,12:31:51.873557
19.0,-464.0,1517.0,12:31:51.884197
145.0,-641.0,1055.0,12:31:51.893486
-47.0,-241.0,525.0,12:31:51.903945
-51.0,-414.0,948.0,12:31:51.913341
216.0,-645.0,941.0,12:31:51.922739
-143.0,-343.0,859.0,12:31:51.933376
3.0,-711.0,867.0,12:31:51.942721
1.0,-602.0,922.0,12:31:51.953169
157.0,-433.0,999.0,12:31:51.962506
75.0,-446.0,925.0,12:31:51.972950
16.0,-429.0,949.0,12:31:51.982304
116.0,-284.0,618.0,12:31:51.992743
109.0,-446.0,940.0,12:31:52.002162
12.0,-453.0,945.0,12:31:52.011536
9.0,-338.0,610.0,12:31:52.022071
155.0,-361.0,739.0,12:31:52.032668
19.0,-689.0,1474.0,12:31:52.041132
57.0,-564.0,1086.0,12:31:52.051512
196.0,-337.0,479.0,12:31:52.060974
42.0,-725.0,1376.0,12:31:52.071376
-76.0,-694.0,1058.0,12:31:52.080827
90.0,-565.0,494.0,12:31:52.091312
-98.0,-381.0,956.0,12:31:52.100657
-47.0,-804.0,1368.0,12:31:52.110068
267.0,-526.0,415.0,12:31:52.120653
-94.0,-427.0,189.0,12:31:52.130049
128.0,-376.0,1227.0,12:31:52.140458
-16.0,-779.0,1805.0,12:31:52.149824
43.0,-585.0,458.0,12:31:52.160317
60.0,-467.0,546.0,12:31:52.169628
103.0,-759.0,1440.0,12:31:52.179018
159.0,-577.0,982.0,12:31:52.189596
-139.0,-158.0,495.0,12:31:52.198968
210.0,-449.0,1041.0,12:31:52.209468
-107.0,-656.0,1048.0,12:31:52.218809
201.0,-666.0,61.0,12:31:52.229338
29.0,-393.0,935.0,12:31:52.238700
-30.0,-648.0,1499.0,12:31:52.248073
-71.0,-460.0,825.0,12:31:52.258567
94.0,-361.0,519.0,12:31:52.267890
-169.0,-420.0,1152.0,12:31:52.278359
20.0,-571.0,1267.0,12:31:52.287737
-96.0,-302.0,704.0,12:31:52.298194
22.0,-615.0,868.0,12:31:52.307440
-95.0,-746.0,1197.0,12:31:52.317939
92.0,-581.0,835.0,12:31:52.327232
-54.0,-492.0,539.0,12:31:52.337795
-134.0,-362.0,722.0,12:31:52.347175
-57.0,-469.0,1115.0,12:31:52.356596
-67.0,-811.0,959.0,12:31:52.367090
103.0,-323.0,738.0,12:31:52.376515
65.0,-413.0,645.0,12:31:52.386975
32.0,-545.0,1208.0,12:31:52.396446
-13.0,-631.0,1352.0,12:31:52.406960
125.0,-544.0,664.0,12:31:52.416297
79.0,-276.0,729.0,12:31:52.425824
-49.0,-568.0,1117.0,12:31:52.436219
36.0,-514.0,935.0,12:31:52.445702
-134.0,-785.0,448.0,12:31:52.456129
-78.0,-454.0,604.0,12:31:52.465507
-96.0,-377.0,1689.0,12:31:52.474909
6.0,-456.0,885.0,12:31:52.485477
-122.0,-350.0,806.0,12:31:52.494823
-135.0,-437.0,966.0,12:31:52.505401
-143.0,-548.0,1234.0,12:31:52.514816
28.0,-502.0,885.0,12:31:52.524179
75.0,-627.0,1128.0,12:31:52.534585
159.0,-535.0,751.0,12:31:52.543935
-120.0,-451.0,697.0,12:31:52.554397
-14.0,-464.0,1173.0,12:31:52.563706
133.0,-439.0,580.0,12:31:52.574299
15.0,-310.0,654.0,12:31:52.583653
26.0,-528.0,1158.0,12:31:52.594162
80.0,-489.0,742.0,12:31:52.603454
-130.0,-524.0,842.0,12:31:52.613952
-48.0,-348.0,1319.0,12:31:52.623324
205.0,-378.0,935.0,12:31:52.632894
71.0,-580.0,704.0,12:31:52.643385
-43.0,-740.0,1175.0,12:31:52.652744
220.0,-342.0,762.0,12:31:52.663164
-78.0,-246.0,798.0,12:31:52.672565
82.0,-439.0,1270.0,12:31:52.683007
102.0,-702.0,988.0,12:31:52.692380
179.0,-588.0,370.0,12:31:52.701787
-108.0,-390.0,930.0,12:31:52.712341
-49.0,-495.0,1387.0,12:31:52.721664
52.0,-543.0,852.0,12:31:52.732119
-68.0,-191.0,920.0,12:31:52.741460
117.0,-429.0,1033.0,12:31:52.751908
134.0,-382.0,867.0,12:31:52.761243
281.0,-696.0,1202.0,12:31:52.771608
32.0,-576.0,1054.0,12:31:52.780994
-24.0,-466.0,750.0,12:31:52.791427
146.0,-612.0,888.0,12:31:52.800790
137.0,-693.0,990.0,12:31:52.810175
81.0,-410.0,830.0,12:31:52.820722
47.0,-480.0,654.0,12:31:52.834653
86.0,-422.0,815.0,12:31:52.839887
-9.0,-461.0,1182.0,12:31:52.850321
257.0,-418.0,690.0,12:31:52.859681
198.0,-478.0,892.0,12:31:52.870197
40.0,-571.0,1261.0,12:31:52.879617
35.0,-655.0,758.0,12:31:52.890116
154.0,-543.0,834.0,12:31:52.899475
-139.0,-385.0,1151.0,12:31:52.908998
-50.0,-628.0,968.0,12:31:52.919510
233.0,-699.0,655.0,12:31:52.928857
29.0,-460.0,927.0,12:31:52.939352
-66.0,-659.0,945.0,12:31:52.948599
-129.0,-521.0,980.0,12:31:52.959094
173.0,-609.0,990.0,12:31:52.968410
80.0,-727.0,954.0,12:31:52.977914
21.0,-472.0,1002.0,12:31:52.988432
-82.0,-438.0,990.0,12:31:52.997787
-50.0,-544.0,616.0,12:31:53.008396
-12.0,-643.0,971.0,12:31:53.017808
115.0,-271.0,978.0,12:31:53.027280
-130.0,-314.0,970.0,12:31:53.037787
9.0,-409.0,701.0,12:31:53.047154
117.0,-453.0,1061.0,12:31:53.057649
79.0,-441.0,770.0,12:31:53.066968
64.0,-477.0,1016.0,12:31:53.077366
-130.0,-348.0,1188.0,12:31:53.086847
180.0,-532.0,937.0,12:31:53.096113
-79.0,-425.0,793.0,12:31:53.106684
38.0,-557.0,1000.0,12:31:53.116000
51.0,-599.0,1010.0,12:31:53.126655
73.0,-347.0,895.0,12:31:53.135998
-49.0,-366.0,960.0,12:31:53.146565
4.0,-533.0,952.0,12:31:53.155964
65.0,-648.0,1026.0,12:31:53.165307
353.0,-539.0,585.0,12:31:53.175798
-132.0,-146.0,1057.0,12:31:53.185177
27.0,-437.0,1244.0,12:31:53.195756
-111.0,-595.0,679.0,12:31:53.205104
139.0,-401.0,943.0,12:31:53.214496
117.0,-343.0,925.0,12:31:53.224907
56.0,-348.0,848.0,12:31:53.236537
-94.0,-363.0,1101.0,12:31:53.244963
77.0,-674.0,815.0,12:31:53.254368
373.0,-522.0,791.0,12:31:53.264814
-78.0,-460.0,1088.0,12:31:53.274076
102.0,-594.0,1224.0,12:31:53.283610
-88.0,-451.0,711.0,12:31:53.294054
135.0,-540.0,721.0,12:31:53.303579
59.0,-523.0,1113.0,12:31:53.313958
207.0,-394.0,1034.0,12:31:53.323582
-80.0,-348.0,605.0,12:31:53.332922
64.0,-626.0,921.0,12:31:53.343474
140.0,-754.0,999.0,12:31:53.352818
57.0,-444.0,765.0,12:31:53.363369
66.0,-584.0,967.0,12:31:53.372776
-58.0,-553.0,1194.0,12:31:53.382179
-2.0,-638.0,701.0,12:31:53.392684
-39.0,-461.0,736.0,12:31:53.402019
-57.0,-319.0,974.0,12:31:53.412509
50.0,-430.0,743.0,12:31:53.421894
-102.0,-440.0,1090.0,12:31:53.432456
-15.0,-569.0,1038.0,12:31:53.441697
0.0,-417.0,587.0,12:31:53.451135
112.0,-448.0,1064.0,12:31:53.461602
-14.0,-612.0,1336.0,12:31:53.471156
231.0,-628.0,851.0,12:31:53.481705
31.0,-443.0,640.0,12:31:53.491207
104.0,-657.0,989.0,12:31:53.500508
28.0,-579.0,1161.0,12:31:53.511134
-91.0,-486.0,511.0,12:31:53.520535
53.0,-504.0,758.0,12:31:53.531063
56.0,-523.0,1394.0,12:31:53.540430
105.0,-533.0,762.0,12:31:53.549740
288.0,-442.0,678.0,12:31:53.560176
10.0,-460.0,962.0,12:31:53.569451
-21.0,-453.0,888.0,12:31:53.580050
30.0,-607.0,1150.0,12:31:53.589360
170.0,-632.0,739.0,12:31:53.599994
237.0,-418.0,490.0,12:31:53.609273
-238.0,-448.0,983.0,12:31:53.619812
-39.0,-712.0,1337.0,12:31:53.629097
42.0,-389.0,797.0,12:31:53.638526
-269.0,-451.0,632.0,12:31:53.649000
-73.0,-472.0,1030.0,12:31:53.658420
41.0,-734.0,1406.0,12:31:53.668982
54.0,-682.0,743.0,12:31:53.678295
57.0,-378.0,482.0,12:31:53.688806
-20.0,-422.0,1140.0,12:31:53.698181
-24.0,-567.0,998.0,12:31:53.707551
-47.0,-488.0,675.0,12:31:53.717952
-226.0,-329.0,900.0,12:31:53.727400
29.0,-619.0,1050.0,12:31:53.737888
11.0,-340.0,852.0,12:31:53.747200
-8.0,-540.0,837.0,12:31:53.757677
-100.0,-643.0,960.0,12:31:53.767038
158.0,-378.0,1182.0,12:31:53.777498
1.0,-467.0,926.0,12:31:53.786915
-188.0,-351.0,684.0,12:31:53.797343
-51.0,-531.0,1012.0,12:31:53.806840
-20.0,-542.0,1313.0,12:31:53.816107
14.0,-300.0,625.0,12:31:53.826643
99.0,-393.0,927.0,12:31:53.835916
75.0,-574.0,1379.0,12:31:53.846501
-9.0,-650.0,806.0,12:31:53.855793
71.0,-365.0,507.0,12:31:53.866324
-173.0,-410.0,1082.0,12:31:53.875772
55.0,-596.0,1218.0,12:31:53.885150
-76.0,-386.0,758.0,12:31:53.895697
-119.0,-420.0,892.0,12:31:53.905087
14.0,-370.0,1190.0,12:31:53.915682
301.0,-453.0,769.0,12:31:53.924917
249.0,-546.0,1032.0,12:31:53.935422
29.0,-355.0,942.0,12:31:53.944697
-207.0,-295.0,796.0,12:31:53.954254
146.0,-422.0,918.0,12:31:53.964745
84.0,-516.0,785.0,12:31:53.974068
139.0,-467.0,863.0,12:31:53.984604
27.0,-271.0,1096.0,12:31:53.994082
133.0,-430.0,936.0,12:31:54.003461
175.0,-481.0,667.0,12:31:54.013883
-29.0,-544.0,1245.0,12:31:54.023263
239.0,-503.0,754.0,12:31:54.038467
93.0,-382.0,849.0,12:31:54.042813
-148.0,-554.0,1310.0,12:31:54.053391
60.0,-773.0,949.0,12:31:54.062674
41.0,-572.0,544.0,12:31:54.073183
79.0,-337.0,1008.0,12:31:54.082436
-26.0,-559.0,1025.0,12:31:54.092960
-45.0,-623.0,979.0,12:31:54.102333
71.0,-468.0,479.0,12:31:54.112880
121.0,-350.0,739.0,12:31:54.122349
-243.0,-360.0,1697.0,12:31:54.131684
55.0,-580.0,844.0,12:31:54.142097
230.0,-631.0,464.0,12:31:54.151451
-150.0,-336.0,921.0,12:31:54.161832
61.0,-594.0,1418.0,12:31:54.171274
7.0,-264.0,821.0,12:31:54.181775
102.0,-340.0,725.0,12:31:54.191250
50.0,-518.0,902.0,12:31:54.201686
31.0,-491.0,860.0,12:31:54.211026
-79.0,-436.0,1081.0,12:31:54.220330
20.0,-408.0,935.0,12:31:54.230806
62.0,-616.0,1051.0,12:31:54.240132
36.0,-682.0,1061.0,12:31:54.250503
236.0,-308.0,550.0,12:31:54.259872
-61.0,-334.0,939.0,12:31:54.270279
112.0,-588.0,1053.0,12:31:54.279643
182.0,-596.0,704.0,12:31:54.290102
85.0,-508.0,843.0,12:31:54.299473
185.0,-364.0,1046.0,12:31:54.310037
-116.0,-442.0,1005.0,12:31:54.319436
257.0,-698.0,1142.0,12:31:54.329849
114.0,-579.0,903.0,12:31:54.339242
94.0,-542.0,879.0,12:31:54.348556
-36.0,-447.0,957.0,12:31:54.359030
329.0,-497.0,948.0,12:31:54.368284
50.0,-526.0,821.0,12:31:54.378838
37.0,-370.0,758.0,12:31:54.388247
-72.0,-386.0,945.0,12:31:54.398751
15.0,-285.0,1048.0,12:31:54.408066
25.0,-509.0,803.0,12:31:54.418540
-30.0,-536.0,725.0,12:31:54.427857
68.0,-478.0,1071.0,12:31:54.440567
52.0,-423.0,784.0,12:31:54.447846
-161.0,-385.0,1040.0,12:31:54.457170
45.0,-753.0,1024.0,12:31:54.467755
77.0,-326.0,991.0,12:31:54.477215
-22.0,-316.0,1197.0,12:31:54.487815
-20.0,-699.0,1091.0,12:31:54.497323
23.0,-568.0,871.0,12:31:54.506656
212.0,-492.0,789.0,12:31:54.517142
152.0,-581.0,825.0,12:31:54.526504
90.0,-574.0,875.0,12:31:54.535948
19.0,-340.0,928.0,12:31:54.546550
72.0,-448.0,836.0,12:31:54.555922
-121.0,-394.0,1073.0,12:31:54.566317
9.0,-338.0,1303.0,12:31:54.575791
36.0,-539.0,611.0,12:31:54.586260
109.0,-388.0,641.0,12:31:54.595755
-42.0,-501.0,1378.0,12:31:54.605102
325.0,-447.0,895.0,12:31:54.615791
2.0,-445.0,558.0,12:31:54.625066
-75.0,-543.0,767.0,12:31:54.634528
142.0,-571.0,1019.0,12:31:54.645010
-80.0,-369.0,1012.0,12:31:54.654368
85.0,-510.0,1019.0,12:31:54.664784
95.0,-452.0,670.0,12:31:54.674106
-69.0,-355.0,1230.0,12:31:54.684612
140.0,-551.0,879.0,12:31:54.694065
54.0,-576.0,1067.0,12:31:54.704604
119.0,-467.0,1090.0,12:31:54.713897
-13.0,-708.0,788.0,12:31:54.724353
22.0,-453.0,747.0,12:31:54.733675
76.0,-559.0,1196.0,12:31:54.743032
132.0,-526.0,674.0,12:31:54.753425
-20.0,-485.0,1030.0,12:31:54.773132
70.0,-288.0,638.0,12:31:54.782473
-188.0,-470.0,1031.0,12:31:54.792920
27.0,-724.0,1339.0,12:31:54.802428
14.0,-535.0,661.0,12:31:54.812832
286.0,-574.0,599.0,12:31:54.822336
-122.0,-333.0,1452.0,12:31:54.832746
-193.0,-420.0,988.0,12:31:54.842142
63.0,-479.0,407.0,12:31:54.852578
-109.0,-737.0,970.0,12:31:54.861955
109.0,-526.0,1001.0,12:31:54.871227
-9.0,-648.0,1037.0,12:31:54.881851
-16.0,-504.0,871.0,12:31:54.891181
-38.0,-566.0,851.0,12:31:54.901770
50.0,-592.0,933.0,12:31:54.911110
132.0,-597.0,910.0,12:31:54.921736
-5.0,-368.0,631.0,12:31:54.931150
115.0,-571.0,787.0,12:31:54.940542
-34.0,-665.0,952.0,12:31:54.951196
102.0,-496.0,983.0,12:31:54.960626
-107.0,-386.0,1004.0,12:31:54.970036
-37.0,-638.0,1028.0,12:31:54.980547
252.0,-642.0,934.0,12:31:54.990104
143.0,-464.0,782.0,12:31:54.999559
-228.0,-268.0,916.0,12:31:55.010034
48.0,-540.0,1016.0,12:31:55.019415
134.0,-454.0,732.0,12:31:55.029927
60.0,-341.0,887.0,12:31:55.039405
59.0,-412.0,760.0,12:31:55.048778
-175.0,-385.0,1343.0,12:31:55.059236
83.0,-401.0,847.0,12:31:55.068597
-42.0,-511.0,852.0,12:31:55.079115
75.0,-606.0,902.0,12:31:55.088495
130.0,-625.0,1404.0,12:31:55.099013
-166.0,-445.0,925.0,12:31:55.108354
31.0,-586.0,777.0,12:31:55.117789
11.0,-709.0,888.0,12:31:55.128230
-53.0,-722.0,1213.0,12:31:55.137624
-106.0,-430.0,740.0,12:31:55.148209
-63.0,-196.0,751.0,12:31:55.157665
-140.0,-338.0,1053.0,12:31:55.168122
-64.0,-572.0,922.0,12:31:55.177479
-213.0,-611.0,687.0,12:31:55.186897
67.0,-403.0,954.0,12:31:55.197416
33.0,-470.0,1285.0,12:31:55.206719
-2.0,-642.0,1124.0,12:31:55.217179
-142.0,-547.0,910.0,12:31:55.226631
209.0,-524.0,875.0,12:31:55.241374
81.0,-383.0,1025.0,12:31:55.246510
-101.0,-413.0,840.0,12:31:55.255862
240.0,-544.0,841.0,12:31:55.266473
40.0,-428.0,941.0,12:31:55.275827
141.0,-335.0,732.0,12:31:55.286222
-90.0,-241.0,867.0,12:31:55.295731
-48.0,-607.0,1296.0,12:31:55.306158
42.0,-393.0,944.0,12:31:55.315700
57.0,-345.0,695.0,12:31:55.324944
81.0,-388.0,997.0,12:31:55.335438
135.0,-517.0,1018.0,12:31:55.344664
142.0,-527.0,791.0,12:31:55.355186
65.0,-523.0,906.0,12:31:55.364629
186.0,-477.0,1049.0,12:31:55.375164
-38.0,-507.0,738.0,12:31:55.384530
-9.0,-558.0,860.0,12:31:55.394018
204.0,-658.0,1054.0,12:31:55.404566
-25.0,-511.0,952.0,12:31:55.413966
134.0,-554.0,726.0,12:31:55.424583
13.0,-664.0,963.0,12:31:55.434063
60.0,-423.0,775.0,12:31:55.443408
-150.0,-264.0,733.0,12:31:55.453887
-73.0,-452.0,1156.0,12:31:55.463377
66.0,-389.0,1045.0,12:31:55.472822
107.0,-494.0,790.0,12:31:55.483409
188.0,-492.0,819.0,12:31:55.492758
-37.0,-683.0,1108.0,12:31:55.503204
160.0,-738.0,949.0,12:31:55.512615
27.0,-443.0,749.0,12:31:55.523035
-34.0,-598.0,1049.0,12:31:55.532377
55.0,-431.0,882.0,12:31:55.542865
32.0,-283.0,837.0,12:31:55.552316
-151.0,-459.0,836.0,12:31:55.572018
129.0,-442.0,951.0,12:31:55.581392
141.0,-491.0,1120.0,12:31:55.591899
89.0,-649.0,965.0,12:31:55.601282
166.0,-766.0,994.0,12:31:55.611684
-105.0,-437.0,749.0,12:31:55.621115
-171.0,-498.0,983.0,12:31:55.631615
126.0,-597.0,1087.0,12:31:55.643322
177.0,-495.0,884.0,12:31:55.650727
-74.0,-314.0,562.0,12:31:55.661178
-17.0,-557.0,1021.0,12:31:55.670542
118.0,-817.0,1238.0,12:31:55.679971
135.0,-502.0,771.0,12:31:55.690386
-192.0,-367.0,640.0,12:31:55.699646
55.0,-556.0,1076.0,12:31:55.710209
87.0,-620.0,1094.0,12:31:55.719560
-220.0,-286.0,561.0,12:31:55.730073
2.0,-444.0,899.0,12:31:55.739451
-49.0,-495.0,1277.0,12:31:55.748917
145.0,-582.0,912.0,12:31:55.759447
32.0,-583.0,669.0,12:31:55.768949
7.0,-507.0,1037.0,12:31:55.779375
-134.0,-532.0,1242.0,12:31:55.788834
252.0,-597.0,603.0,12:31:55.799304
-32.0,-417.0,900.0,12:31:55.808828
-41.0,-475.0,785.0,12:31:55.818123
-217.0,-366.0,960.0,12:31:55.828658
-93.0,-405.0,940.0,12:31:55.837933
150.0,-469.0,792.0,12:31:55.857501
112.0,-552.0,1066.0,12:31:55.868091
28.0,-467.0,1168.0,12:31:55.877370
136.0,-542.0,826.0,12:31:55.887856
153.0,-607.0,892.0,12:31:55.897162
199.0,-544.0,1064.0,12:31:55.907811
75.0,-467.0,787.0,12:31:55.917190
111.0,-553.0,910.0,12:31:55.926736
-76.0,-510.0,913.0,12:31:55.937245
4.0,-315.0,914.0,12:31:55.946683
-59.0,-433.0,801.0,12:31:55.957073
-35.0,-567.0,1008.0,12:31:55.966595
175.0,-503.0,964.0,12:31:55.975902
-41.0,-353.0,955.0,12:31:55.986495
52.0,-354.0,989.0,12:31:55.995875
-143.0,-535.0,1000.0,12:31:56.006352
-41.0,-517.0,951.0,12:31:56.015851
-5.0,-451.0,1016.0,12:31:56.025299
62.0,-408.0,854.0,12:31:56.035914
-25.0,-461.0,834.0,12:31:56.045220
-154.0,-542.0,1110.0,12:31:56.054625
155.0,-506.0,990.0,12:31:56.065132
193.0,-577.0,773.0,12:31:56.074515
105.0,-473.0,953.0,12:31:56.085025
-3.0,-619.0,1108.0,12:31:56.094487
83.0,-525.0,728.0,12:31:56.104961
-53.0,-629.0,862.0,12:31:56.114263
26.0,-532.0,1015.0,12:31:56.123606
99.0,-594.0,940.0,12:31:56.134094
-2.0,-520.0,731.0,12:31:56.143547
80.0,-510.0,746.0,12:31:56.154010
-116.0,-565.0,1019.0,12:31:56.163379
110.0,-556.0,970.0,12:31:56.173907
109.0,-438.0,875.0,12:31:56.183260
-107.0,-443.0,927.0,12:31:56.193665
140.0,-410.0,810.0,12:31:56.202969
-165.0,-524.0,905.0,12:31:56.213542
71.0,-479.0,956.0,12:31:56.222894
36.0,-517.0,983.0,12:31:56.232338
57.0,-558.0,813.0,12:31:56.242776
16.0,-419.0,1003.0,12:31:56.252288
-8.0,-675.0,937.0,12:31:56.262771
268.0,-494.0,811.0,12:31:56.272250
-129.0,-531.0,1021.0,12:31:56.281576
125.0,-626.0,920.0,12:31:56.292294
-182.0,-537.0,941.0,12:31:56.301571
-113.0,-515.0,874.0,12:31:56.312142
51.0,-575.0,987.0,12:31:56.321434
32.0,-560.0,1026.0,12:31:56.330814
-18.0,-466.0,848.0,12:31:56.341199
-19.0,-454.0,787.0,12:31:56.350567
49.0,-548.0,908.0,12:31:56.361061
108.0,-319.0,959.0,12:31:56.380667
11.0,-508.0,846.0,12:31:56.390157
131.0,-517.0,910.0,12:31:56.400684
11.0,-456.0,971.0,12:31:56.410121
8.0,-440.0,949.0,12:31:56.419499
191.0,-412.0,1112.0,12:31:56.430015
-51.0,-631.0,1249.0,12:31:56.445018
204.0,-548.0,799.0,12:31:56.450084
-27.0,-477.0,790.0,12:31:56.459403
125.0,-431.0,874.0,12:31:56.468866
-184.0,-357.0,921.0,12:31:56.479325
88.0,-450.0,818.0,12:31:56.488791
-35.0,-442.0,936.0,12:31:56.499317
-95.0,-532.0,991.0,12:31:56.508721
153.0,-537.0,886.0,12:31:56.519137
-47.0,-516.0,949.0,12:31:56.528470
147.0,-543.0,808.0,12:31:56.537853
188.0,-449.0,1034.0,12:31:56.548286
202.0,-562.0,1086.0,12:31:56.557620
226.0,-512.0,983.0,12:31:56.568129
201.0,-542.0,828.0,12:31:56.577503
42.0,-476.0,864.0,12:31:56.597047
-26.0,-529.0,1002.0,12:31:56.607555
-20.0,-640.0,1070.0,12:31:56.616861
91.0,-528.0,772.0,12:31:56.627345
-81.0,-449.0,782.0,12:31:56.636701
-101.0,-537.0,820.0,12:31:56.647226
-95.0,-541.0,994.0,12:31:56.656623
-100.0,-394.0,1061.0,12:31:56.667150
57.0,-383.0,797.0,12:31:56.676535
303.0,-446.0,825.0,12:31:56.685877
117.0,-409.0,998.0,12:31:56.696280
38.0,-424.0,1097.0,12:31:56.705791
225.0,-329.0,1023.0,12:31:56.716295
167.0,-458.0,985.0,12:31:56.725798
44.0,-391.0,821.0,12:31:56.735216
-5.0,-324.0,826.0,12:31:56.745753
-107.0,-423.0,951.0,12:31:56.755073
-266.0,-412.0,1059.0,12:31:56.765656
50.0,-681.0,866.0,12:31:56.775069
95.0,-619.0,785.0,12:31:56.784463
170.0,-463.0,781.0,12:31:56.794972
52.0,-569.0,1099.0,12:31:56.804330
54.0,-536.0,1031.0,12:31:56.814663
288.0,-724.0,893.0,12:31:56.823980
319.0,-714.0,874.0,12:31:56.834538
118.0,-601.0,1061.0,12:31:56.846769
65.0,-630.0,840.0,12:31:56.853970
-91.0,-404.0,563.0,12:31:56.863433
56.0,-395.0,524.0,12:31:56.873986
-186.0,-316.0,638.0,12:31:56.883521
-18.0,-521.0,1238.0,12:31:56.892918
-79.0,-528.0,1308.0,12:31:56.903617
78.0,-610.0,1059.0,12:31:56.912951
381.0,-767.0,945.0,12:31:56.923556
107.0,-566.0,960.0,12:31:56.932927
79.0,-378.0,838.0,12:31:56.942363
-76.0,-328.0,779.0,12:31:56.952770
16.0,-388.0,842.0,12:31:56.962213
-73.0,-584.0,761.0,12:31:56.972618
-17.0,-630.0,940.0,12:31:56.982073
97.0,-525.0,1006.0,12:31:56.992543
5.0,-478.0,810.0,12:31:57.001987
80.0,-672.0,887.0,12:31:57.011200
43.0,-596.0,917.0,12:31:57.021746
170.0,-631.0,980.0,12:31:57.031143
-43.0,-730.0,1179.0,12:31:57.041744
101.0,-562.0,1012.0,12:31:57.051130
203.0,-491.0,1010.0,12:31:57.061593
-223.0,-487.0,905.0,12:31:57.070833
-19.0,-379.0,699.0,12:31:57.081349
-38.0,-433.0,807.0,12:31:57.090657
-26.0,-459.0,1035.0,12:31:57.100079
11.0,-402.0,859.0,12:31:57.110489
-231.0,-452.0,910.0,12:31:57.120151
38.0,-342.0,765.0,12:31:57.130588
-237.0,-418.0,812.0,12:31:57.139941
42.0,-489.0,1150.0,12:31:57.150369
316.0,-519.0,988.0,12:31:57.159929
-168.0,-330.0,876.0,12:31:57.169236
107.0,-345.0,992.0,12:31:57.179692
-38.0,-251.0,1041.0,12:31:57.189010
257.0,-575.0,1039.0,12:31:57.199489
165.0,-606.0,800.0,12:31:57.208901
-74.0,-485.0,426.0,12:31:57.218284
87.0,-337.0,712.0,12:31:57.228870
-260.0,-338.0,1325.0,12:31:57.238236
-247.0,-328.0,1483.0,12:31:57.248720
211.0,-645.0,864.0,12:31:57.258008
317.0,-571.0,479.0,12:31:57.268510
73.0,-716.0,1135.0,12:31:57.277887
-143.0,-262.0,1129.0,12:31:57.288447
144.0,-253.0,892.0,12:31:57.297902
166.0,-580.0,581.0,12:31:57.307204
29.0,-814.0,827.0,12:31:57.317866
234.0,-641.0,1389.0,12:31:57.327122
-57.0,-341.0,1247.0,12:31:57.337675
300.0,-166.0,465.0,12:31:57.347114
100.0,-808.0,874.0,12:31:57.356608
183.0,-557.0,857.0,12:31:57.367129
-26.0,-190.0,1116.0,12:31:57.376482
96.0,-275.0,1256.0,12:31:57.385983
-65.0,-426.0,717.0,12:31:57.396481
151.0,-450.0,527.0,12:31:57.405853
148.0,-634.0,1019.0,12:31:57.416315
-132.0,-392.0,1414.0,12:31:57.425809
329.0,-300.0,1169.0,12:31:57.436239
200.0,-775.0,943.0,12:31:57.445735
365.0,-643.0,636.0,12:31:57.455088
47.0,-293.0,628.0,12:31:57.465761
64.0,-476.0,1105.0,12:31:57.475063
-62.0,-382.0,676.0,12:31:57.485542
87.0,-589.0,466.0,12:31:57.494795
-29.0,-585.0,897.0,12:31:57.504326
-106.0,-654.0,1173.0,12:31:57.514803
201.0,-627.0,1075.0,12:31:57.524144
203.0,-658.0,887.0,12:31:57.534651
58.0,-528.0,1015.0,12:31:57.544019
149.0,-730.0,1004.0,12:31:57.554602
-111.0,-461.0,631.0,12:31:57.564012
109.0,-520.0,938.0,12:31:57.573476
-300.0,-398.0,919.0,12:31:57.583968
-331.0,-507.0,874.0,12:31:57.593323
-93.0,-724.0,980.0,12:31:57.603998
205.0,-550.0,813.0,12:31:57.613356
49.0,-140.0,708.0,12:31:57.622711
-20.0,-297.0,948.0,12:31:57.633074
369.0,-603.0,975.0,12:31:57.647880
289.0,-800.0,1169.0,12:31:57.653009
197.0,-304.0,574.0,12:31:57.662376
176.0,-252.0,1030.0,12:31:57.672895
24.0,-404.0,1063.0,12:31:57.682253
72.0,-707.0,1072.0,12:31:57.692707
-66.0,-688.0,900.0,12:31:57.702020
174.0,-423.0,774.0,12:31:57.711722
244.0,-437.0,643.0,12:31:57.721313
-164.0,-552.0,1024.0,12:31:57.731863
218.0,-806.0,1136.0,12:31:57.741171
23.0,-566.0,892.0,12:31:57.751726
17.0,-518.0,1263.0,12:31:57.761106
142.0,-400.0,607.0,12:31:57.770550
-247.0,-371.0,546.0,12:31:57.781061
-178.0,-628.0,1121.0,12:31:57.790459
-121.0,-710.0,1201.0,12:31:57.801064
-248.0,-441.0,842.0,12:31:57.810473
43.0,-623.0,761.0,12:31:57.820918
-80.0,-669.0,836.0,12:31:57.830349
-57.0,-764.0,898.0,12:31:57.839729
-210.0,-363.0,925.0,12:31:57.850258
-118.0,-320.0,1121.0,12:31:57.859618
-53.0,-449.0,851.0,12:31:57.870333
-239.0,-459.0,833.0,12:31:57.879600
208.0,-623.0,878.0,12:31:57.888943
-126.0,-451.0,907.0,12:31:57.899337
29.0,-267.0,1069.0,12:31:57.908834
-137.0,-380.0,996.0,12:31:57.919293
-98.0,-365.0,786.0,12:31:57.928845
49.0,-500.0,804.0,12:31:57.939319
18.0,-437.0,957.0,12:31:57.948793
-143.0,-295.0,1065.0,12:31:57.958042
-162.0,-516.0,782.0,12:31:57.968633
91.0,-418.0,985.0,12:31:57.977885
-42.0,-425.0,1208.0,12:31:57.988472
37.0,-579.0,1137.0,12:31:57.997777
350.0,-838.0,953.0,12:31:58.008301
47.0,-629.0,870.0,12:31:58.017727
100.0,-542.0,662.0,12:31:58.027192
-103.0,-561.0,975.0,12:31:58.037651
-37.0,-554.0,1340.0,12:31:58.049783
-273.0,-527.0,530.0,12:31:58.057264
-12.0,-543.0,472.0,12:31:58.066609
114.0,-583.0,1009.0,12:31:58.077173
-264.0,-399.0,1457.0,12:31:58.086514
73.0,-308.0,808.0,12:31:58.095993
-6.0,-208.0,459.0,12:31:58.106743
76.0,-696.0,962.0,12:31:58.116259
-62.0,-505.0,979.0,12:31:58.126695
-44.0,-371.0,941.0,12:31:58.136041
-76.0,-445.0,856.0,12:31:58.145347
312.0,-575.0,961.0,12:31:58.155850
174.0,-559.0,997.0,12:31:58.165067
67.0,-349.0,874.0,12:31:58.175608
18.0,-460.0,1110.0,12:31:58.184858
-13.0,-642.0,1404.0,12:31:58.195344
-90.0,-627.0,690.0,12:31:58.204623
67.0,-382.0,463.0,12:31:58.215102
-114.0,-567.0,1493.0,12:31:58.224618
86.0,-801.0,1005.0,12:31:58.235120
-66.0,-402.0,742.0,12:31:58.244473
-127.0,-478.0,927.0,12:31:58.253846
189.0,-507.0,660.0,12:31:58.264386
-25.0,-297.0,618.0,12:31:58.273776
-189.0,-370.0,1219.0,12:31:58.284302
195.0,-517.0,1281.0,12:31:58.293578
-3.0,-311.0,716.0,12:31:58.304140
46.0,-195.0,947.0,12:31:58.313517
50.0,-602.0,935.0,12:31:58.322919
176.0,-445.0,1210.0,12:31:58.333425
88.0,-156.0,963.0,12:31:58.342811
-138.0,-435.0,720.0,12:31:58.353495
245.0,-422.0,1179.0,12:31:58.362858
-104.0,-773.0,1073.0,12:31:58.372178
304.0,-657.0,577.0,12:31:58.382820
86.0,-565.0,934.0,12:31:58.392188
3.0,-625.0,1038.0,12:31:58.402675
-20.0,-210.0,744.0,12:31:58.411961
69.0,-377.0,1304.0,12:31:58.422493
133.0,-384.0,929.0,12:31:58.431745
-46.0,-176.0,705.0,12:31:58.441172
17.0,-312.0,1224.0,12:31:58.451671
391.0,-641.0,841.0,12:31:58.461194
154.0,-571.0,721.0,12:31:58.471670
107.0,-112.0,920.0,12:31:58.481061
90.0,-206.0,1206.0,12:31:58.491493
136.0,-307.0,1001.0,12:31:58.500948
211.0,-537.0,730.0,12:31:58.510291
-35.0,-209.0,1051.0,12:31:58.520758
234.0,-333.0,891.0,12:31:58.530200
132.0,-515.0,805.0,12:31:58.540685
-2.0,-396.0,1134.0,12:31:58.550051
103.0,-453.0,991.0,12:31:58.560538
10.0,-409.0,718.0,12:31:58.569995
29.0,-262.0,1298.0,12:31:58.579263
11.0,-497.0,880.0,12:31:58.589728
325.0,-719.0,790.0,12:31:58.598981
88.0,-552.0,895.0,12:31:58.609544
198.0,-298.0,1030.0,12:31:58.618865
165.0,-469.0,1080.0,12:31:58.629426
208.0,-486.0,935.0,12:31:58.638875
105.0,-436.0,924.0,12:31:58.648270
48.0,-354.0,596.0,12:31:58.658669
199.0,-352.0,994.0,12:31:58.668073
-6.0,-485.0,1208.0,12:31:58.678488
123.0,-494.0,890.0,12:31:58.687960
188.0,-447.0,664.0,12:31:58.698355
198.0,-612.0,973.0,12:31:58.707831
72.0,-699.0,1282.0,12:31:58.718288
133.0,-579.0,491.0,12:31:58.727784
41.0,-395.0,877.0,12:31:58.737138
14.0,-392.0,1450.0,12:31:58.747656
169.0,-519.0,705.0,12:31:58.757037
78.0,-536.0,574.0,12:31:58.767522
-96.0,-489.0,1378.0,12:31:58.776858
135.0,-569.0,999.0,12:31:58.787343
226.0,-579.0,856.0,12:31:58.796671
154.0,-581.0,825.0,12:31:58.806092
-4.0,-639.0,1164.0,12:31:58.816681
382.0,-526.0,833.0,12:31:58.826002
254.0,-557.0,909.0,12:31:58.836740
-133.0,-520.0,1254.0,12:31:58.850684
55.0,-506.0,781.0,12:31:58.855631
-4.0,-566.0,570.0,12:31:58.866101
177.0,-563.0,953.0,12:31:58.875350
-50.0,-676.0,1076.0,12:31:58.885921
-29.0,-532.0,893.0,12:31:58.895246
121.0,-419.0,661.0,12:31:58.904797
-210.0,-475.0,892.0,12:31:58.915195
-22.0,-405.0,1241.0,12:31:58.924735
80.0,-528.0,957.0,12:31:58.935203
22.0,-357.0,599.0,12:31:58.944642
-32.0,-417.0,1052.0,12:31:58.953974
11.0,-574.0,943.0,12:31:58.964614
140.0,-379.0,1040.0,12:31:58.973981
13.0,-487.0,962.0,12:31:58.984568
47.0,-363.0,784.0,12:31:58.993903
8.0,-459.0,931.0,12:31:59.003378
92.0,-499.0,723.0,12:31:59.013850
20.0,-503.0,1203.0,12:31:59.023241
145.0,-595.0,1090.0,12:31:59.033762
103.0,-687.0,685.0,12:31:59.043058
34.0,-521.0,816.0,12:31:59.053647
-80.0,-607.0,1123.0,12:31:59.062923
-152.0,-495.0,777.0,12:31:59.072526
144.0,-486.0,833.0,12:31:59.082979
30.0,-561.0,1125.0,12:31:59.092398
-105.0,-457.0,876.0,12:31:59.102796
216.0,-530.0,805.0,12:31:59.112259
-26.0,-311.0,1066.0,12:31:59.121649
-19.0,-573.0,1191.0,12:31:59.132201
60.0,-577.0,748.0,12:31:59.141482
97.0,-191.0,747.0,12:31:59.152096
90.0,-456.0,1222.0,12:31:59.161366
-32.0,-316.0,967.0,12:31:59.171917
81.0,-527.0,497.0,12:31:59.181351
-90.0,-619.0,1051.0,12:31:59.190689
38.0,-457.0,1084.0,12:31:59.201229
15.0,-403.0,856.0,12:31:59.210669
-81.0,-575.0,970.0,12:31:59.221273
-118.0,-544.0,1036.0,12:31:59.230636
134.0,-599.0,614.0,12:31:59.240151
-93.0,-660.0,909.0,12:31:59.256195
-128.0,-523.0,1375.0,12:31:59.259901
-146.0,-629.0,677.0,12:31:59.270490
-199.0,-504.0,716.0,12:31:59.279881
-37.0,-433.0,1081.0,12:31:59.289371
-320.0,-558.0,914.0,12:31:59.299960
8.0,-610.0,693.0,12:31:59.309453
-109.0,-540.0,907.0,12:31:59.318875
-190.0,-289.0,852.0,12:31:59.329340
-130.0,-382.0,982.0,12:31:59.338826
48.0,-597.0,1103.0,12:31:59.349411
71.0,-497.0,722.0,12:31:59.358869
-113.0,-391.0,632.0,12:31:59.368246
52.0,-511.0,1299.0,12:31:59.378732
-152.0,-420.0,841.0,12:31:59.388130
-112.0,-313.0,640.0,12:31:59.398577
-57.0,-654.0,1084.0,12:31:59.408032
90.0,-764.0,886.0,12:31:59.418490
-46.0,-585.0,865.0,12:31:59.427881
97.0,-442.0,1085.0,12:31:59.438298
135.0,-605.0,814.0,12:31:59.457975
-17.0,-698.0,848.0,12:31:59.467397
55.0,-368.0,697.0,12:31:59.476678
-112.0,-460.0,960.0,12:31:59.487138
-121.0,-556.0,951.0,12:31:59.496575
1.0,-504.0,974.0,12:31:59.507143
-95.0,-446.0,799.0,12:31:59.516598
-133.0,-428.0,816.0,12:31:59.527007
-80.0,-548.0,1509.0,12:31:59.536555
140.0,-436.0,940.0,12:31:59.545918
74.0,-609.0,542.0,12:31:59.556483
-42.0,-512.0,1150.0,12:31:59.565746
-109.0,-397.0,1264.0,12:31:59.576290
-4.0,-380.0,464.0,12:31:59.585783
-105.0,-365.0,771.0,12:31:59.595157
-6.0,-442.0,1131.0,12:31:59.605718
88.0,-377.0,864.0,12:31:59.615216
-53.0,-381.0,838.0,12:31:59.625646
217.0,-467.0,1216.0,12:31:59.635085
-108.0,-630.0,1232.0,12:31:59.644455
159.0,-604.0,871.0,12:31:59.655056
150.0,-596.0,737.0,12:31:59.664422
-72.0,-402.0,881.0,12:31:59.674883
130.0,-448.0,959.0,12:31:59.684273
-134.0,-487.0,880.0,12:31:59.693630
143.0,-476.0,584.0,12:31:59.704069
-159.0,-550.0,1010.0,12:31:59.713561
165.0,-715.0,1116.0,12:31:59.723989
38.0,-714.0,885.0,12:31:59.733435
59.0,-486.0,711.0,12:31:59.743893
73.0,-333.0,1160.0,12:31:59.753257
-41.0,-313.0,895.0,12:31:59.762750
52.0,-490.0,812.0,12:31:59.773297
-21.0,-258.0,605.0,12:31:59.782669
-44.0,-394.0,1003.0,12:31:59.793264
35.0,-484.0,1075.0,12:31:59.802728
90.0,-374.0,1008.0,12:31:59.812173
-115.0,-343.0,955.0,12:31:59.822751
-53.0,-724.0,1216.0,12:31:59.832176
200.0,-635.0,979.0,12:31:59.841544
20.0,-445.0,870.0,12:31:59.852056
4.0,-557.0,1033.0,12:31:59.861412
22.0,-535.0,991.0,12:31:59.871849
97.0,-461.0,786.0,12:31:59.881205
-40.0,-314.0,754.0,12:31:59.891634
-72.0,-457.0,907.0,12:31:59.901031
153.0,-665.0,897.0,12:31:59.911539
-60.0,-411.0,954.0,12:31:59.920884
217.0,-409.0,885.0,12:31:59.930346
-120.0,-524.0,1020.0,12:31:59.940790
213.0,-555.0,927.0,12:31:59.950210
30.0,-359.0,654.0,12:31:59.960582
-53.0,-355.0,962.0,12:31:59.970008
-45.0,-378.0,1314.0,12:31:59.980479
176.0,-247.0,885.0,12:31:59.990035
116.0,-344.0,665.0,12:32:00.000435
75.0,-359.0,936.0,12:32:00.009790
248.0,-543.0,1082.0,12:32:00.019129
193.0,-524.0,1086.0,12:32:00.029582
111.0,-409.0,956.0,12:32:00.038963
73.0,-650.0,887.0,12:32:00.055671
114.0,-562.0,688.0,12:32:00.059300
71.0,-422.0,1100.0,12:32:00.068699
107.0,-388.0,1074.0,12:32:00.079113
66.0,-441.0,739.0,12:32:00.088458
80.0,-518.0,851.0,12:32:00.098907
140.0,-610.0,989.0,12:32:00.108329
158.0,-457.0,801.0,12:32:00.118782
152.0,-547.0,1057.0,12:32:00.128266
142.0,-455.0,1010.0,12:32:00.137686
77.0,-558.0,692.0,12:32:00.148198
153.0,-569.0,711.0,12:32:00.157507
56.0,-596.0,1157.0,12:32:00.167954
85.0,-359.0,916.0,12:32:00.177283
30.0,-362.0,852.0,12:32:00.187988
15.0,-500.0,903.0,12:32:00.197318
161.0,-708.0,1015.0,12:32:00.206631
49.0,-571.0,905.0,12:32:00.217226
14.0,-499.0,966.0,12:32:00.226676
27.0,-638.0,1083.0,12:32:00.236022
177.0,-636.0,787.0,12:32:00.246493
-103.0,-483.0,984.0,12:32:00.255946
40.0,-666.0,1063.0,12:32:00.266350
39.0,-379.0,847.0,12:32:00.275861
-129.0,-325.0,860.0,12:32:00.286326
-61.0,-530.0,1055.0,12:32:00.295901
17.0,-634.0,896.0,12:32:00.305212
15.0,-402.0,637.0,12:32:00.315805
70.0,-748.0,1121.0,12:32:00.335455
66.0,-506.0,746.0,12:32:00.344767
-58.0,-359.0,797.0,12:32:00.355243
-38.0,-535.0,1244.0,12:32:00.364746
-22.0,-510.0,926.0,12:32:00.374138
-68.0,-399.0,855.0,12:32:00.384685
95.0,-548.0,766.0,12:32:00.394000
-30.0,-612.0,980.0,12:32:00.404704
-27.0,-558.0,774.0,12:32:00.414026
67.0,-670.0,854.0,12:32:00.425475
-91.0,-450.0,965.0,12:32:00.437627
8.0,-586.0,958.0,12:32:00.444840
52.0,-436.0,799.0,12:32:00.459554
-162.0,-273.0,1024.0,12:32:00.465730
164.0,-531.0,931.0,12:32:00.476726
55.0,-467.0,842.0,12:32:00.485009
-68.0,-456.0,947.0,12:32:00.493302
101.0,-468.0,1061.0,12:32:00.502614
-161.0,-585.0,1022.0,12:32:00.513172
213.0,-573.0,819.0,12:32:00.522518
-99.0,-429.0,821.0,12:32:00.532981
-108.0,-528.0,913.0,12:32:00.542437
-36.0,-437.0,1084.0,12:32:00.551739
90.0,-333.0,967.0,12:32:00.562385
-110.0,-472.0,911.0,12:32:00.571726
163.0,-285.0,681.0,12:32:00.581223
-133.0,-381.0,1169.0,12:32:00.591687
74.0,-524.0,889.0,12:32:00.601171
-15.0,-537.0,970.0,12:32:00.611586
88.0,-502.0,994.0,12:32:00.620951
20.0,-494.0,861.0,12:32:00.631343
32.0,-506.0,853.0,12:32:00.640859
45.0,-606.0,1226.0,12:32:00.651290
50.0,-443.0,760.0,12:32:00.660645
54.0,-382.0,544.0,12:32:00.670110
46.0,-535.0,1077.0,12:32:00.680609
193.0,-532.0,903.0,12:32:00.690057
-13.0,-340.0,837.0,12:32:00.700487
-143.0,-324.0,1052.0,12:32:00.709994
10.0,-543.0,1128.0,12:32:00.719246
99.0,-573.0,834.0,12:32:00.729792
80.0,-502.0,822.0,12:32:00.739122
-22.0,-562.0,1070.0,12:32:00.749676
31.0,-540.0,950.0,12:32:00.759021
222.0,-610.0,937.0,12:32:00.769577
47.0,-399.0,660.0,12:32:00.779052
211.0,-490.0,793.0,12:32:00.788374
-117.0,-445.0,1054.0,12:32:00.798939
66.0,-556.0,908.0,12:32:00.808357
190.0,-625.0,661.0,12:32:00.818963
-182.0,-354.0,988.0,12:32:00.828252
34.0,-588.0,1154.0,12:32:00.837726
96.0,-584.0,818.0,12:32:00.848092
253.0,-341.0,820.0,12:32:00.857712
59.0,-465.0,999.0,12:32:00.868120
-1.0,-451.0,872.0,12:32:00.877488
93.0,-546.0,743.0,12:32:00.887915
158.0,-525.0,885.0,12:32:00.897296
-4.0,-470.0,1007.0,12:32:00.906700
-71.0,-510.0,986.0,12:32:00.917218
-88.0,-527.0,973.0,12:32:00.926658
24.0,-610.0,795.0,12:32:00.937098
116.0,-472.0,854.0,12:32:00.946463
-6.0,-367.0,564.0,12:32:00.957020
-1.0,-257.0,1236.0,12:32:00.966586
-137.0,-427.0,1310.0,12:32:00.975885
73.0,-479.0,688.0,12:32:00.986524
68.0,-416.0,809.0,12:32:00.995803
-15.0,-434.0,1302.0,12:32:01.006337
-58.0,-427.0,1086.0,12:32:01.015747
146.0,-382.0,689.0,12:32:01.025097
114.0,-513.0,919.0,12:32:01.035561
11.0,-594.0,1073.0,12:32:01.044836
90.0,-469.0,771.0,12:32:01.055443
15.0,-360.0,802.0,12:32:01.064783
-26.0,-430.0,1119.0,12:32:01.075229
72.0,-547.0,1025.0,12:32:01.084636
63.0,-664.0,883.0,12:32:01.095117
187.0,-554.0,853.0,12:32:01.104474
64.0,-464.0,981.0,12:32:01.113980
-55.0,-447.0,1007.0,12:32:01.124455
57.0,-539.0,908.0,12:32:01.133810
-15.0,-512.0,630.0,12:32:01.144252
46.0,-444.0,843.0,12:32:01.153564
-204.0,-435.0,1052.0,12:32:01.164027
24.0,-464.0,913.0,12:32:01.173364
-172.0,-364.0,876.0,12:32:01.182860
29.0,-363.0,882.0,12:32:01.193387
-41.0,-546.0,1014.0,12:32:01.202710
-16.0,-539.0,911.0,12:32:01.213199
48.0,-428.0,1016.0,12:32:01.222610
107.0,-464.0,1024.0,12:32:01.233022
53.0,-569.0,788.0,12:32:01.242483
-121.0,-442.0,817.0,12:32:01.257524
47.0,-456.0,855.0,12:32:01.262549
80.0,-439.0,1059.0,12:32:01.271867
-176.0,-433.0,875.0,12:32:01.282440
105.0,-519.0,888.0,12:32:01.291820
137.0,-419.0,797.0,12:32:01.301258
82.0,-588.0,1051.0,12:32:01.311773
-49.0,-628.0,930.0,12:32:01.321222
105.0,-348.0,752.0,12:32:01.331736
124.0,-321.0,1230.0,12:32:01.341261
119.0,-549.0,984.0,12:32:01.350622
-107.0,-345.0,658.0,12:32:01.361218
165.0,-463.0,897.0,12:32:01.370548
234.0,-664.0,1377.0,12:32:01.380048
117.0,-463.0,902.0,12:32:01.390474
64.0,-333.0,660.0,12:32:01.399784
-37.0,-497.0,1058.0,12:32:01.410245
9.0,-627.0,1269.0,12:32:01.419618
33.0,-554.0,902.0,12:32:01.430096
101.0,-606.0,856.0,12:32:01.439468
245.0,-546.0,948.0,12:32:01.450049
179.0,-693.0,1151.0,12:32:01.459298
158.0,-525.0,927.0,12:32:01.469839
89.0,-554.0,923.0,12:32:01.479120
142.0,-530.0,946.0,12:32:01.488512
-6.0,-662.0,1073.0,12:32:01.498961
48.0,-573.0,596.0,12:32:01.508440
89.0,-233.0,488.0,12:32:01.519012
-175.0,-488.0,1078.0,12:32:01.528303
92.0,-561.0,948.0,12:32:01.537839
134.0,-419.0,594.0,12:32:01.548230
-27.0,-334.0,825.0,12:32:01.557780
103.0,-477.0,956.0,12:32:01.568176
-12.0,-498.0,1002.0,12:32:01.577560
52.0,-479.0,972.0,12:32:01.587976
82.0,-541.0,721.0,12:32:01.597395
23.0,-497.0,730.0,12:32:01.607851
-72.0,-531.0,1104.0,12:32:01.617234
-121.0,-613.0,913.0,12:32:01.627838
37.0,-463.0,904.0,12:32:01.637218
-156.0,-485.0,1049.0,12:32:01.646564
34.0,-727.0,904.0,12:32:01.659273
37.0,-639.0,887.0,12:32:01.666523
-126.0,-411.0,1277.0,12:32:01.675898
124.0,-449.0,969.0,12:32:01.686318
38.0,-593.0,940.0,12:32:01.695771
-72.0,-309.0,820.0,12:32:01.715630
-26.0,-276.0,903.0,12:32:01.726075
49.0,-404.0,1089.0,12:32:01.735477
-61.0,-341.0,879.0,12:32:01.745948
252.0,-331.0,891.0,12:32:01.755461
102.0,-528.0,1400.0,12:32:01.764800
-14.0,-308.0,967.0,12:32:01.775262
-11.0,-270.0,1314.0,12:32:01.793833
124.0,-691.0,956.0,12:32:01.804297
66.0,-356.0,819.0,12:32:01.814710
-36.0,-370.0,1116.0,12:32:01.824098
117.0,-596.0,826.0,12:32:01.834660
4.0,-523.0,657.0,12:32:01.844045
-82.0,-427.0,875.0,12:32:01.853396
-130.0,-634.0,842.0,12:32:01.864002
139.0,-607.0,831.0,12:32:01.873439
-128.0,-466.0,1002.0,12:32:01.883953
20.0,-571.0,1017.0,12:32:01.893344
325.0,-766.0,695.0,12:32:01.902720
115.0,-370.0,682.0,12:32:01.913127
74.0,-472.0,1075.0,12:32:01.922583
46.0,-470.0,1142.0,12:32:01.932980
142.0,-423.0,874.0,12:32:01.942471
68.0,-392.0,554.0,12:32:01.952888
-99.0,-347.0,881.0,12:32:01.962356
40.0,-514.0,1079.0,12:32:01.972796
46.0,-594.0,883.0,12:32:01.982204
15.0,-417.0,977.0,12:32:01.991576
27.0,-314.0,811.0,12:32:02.002020
36.0,-349.0,706.0,12:32:02.011350
-42.0,-407.0,1261.0,12:32:02.021879
19.0,-513.0,980.0,12:32:02.031283
-5.0,-321.0,771.0,12:32:02.041649
-52.0,-435.0,1220.0,12:32:02.051207
-20.0,-744.0,1233.0,12:32:02.060501
85.0,-694.0,796.0,12:32:02.071059
56.0,-511.0,643.0,12:32:02.080336
51.0,-460.0,1079.0,12:32:02.090961
124.0,-594.0,999.0,12:32:02.100314
185.0,-416.0,633.0,12:32:02.110797
-45.0,-185.0,1103.0,12:32:02.120185
23.0,-401.0,886.0,12:32:02.129582
77.0,-480.0,778.0,12:32:02.140029
2.0,-316.0,811.0,12:32:02.149414
159.0,-666.0,1102.0,12:32:02.159835
33.0,-426.0,711.0,12:32:02.169300
16.0,-390.0,968.0,12:32:02.179821
96.0,-455.0,1046.0,12:32:02.189141
14.0,-467.0,901.0,12:32:02.208990
123.0,-590.0,862.0,12:32:02.218291
-72.0,-317.0,1001.0,12:32:02.228974
97.0,-659.0,1292.0,12:32:02.238333
76.0,-413.0,478.0,12:32:02.247786
-88.0,-456.0,817.0,12:32:02.258256
-108.0,-582.0,823.0,12:32:02.267797
19.0,-400.0,386.0,12:32:02.278421
-27.0,-436.0,939.0,12:32:02.287782
-61.0,-519.0,1588.0,12:32:02.297138
-23.0,-559.0,1524.0,12:32:02.307683
290.0,-751.0,833.0,12:32:02.317215
30.0,-1054.0,1347.0,12:32:02.327693
129.0,-924.0,1459.0,12:32:02.337107
18.0,-701.0,838.0,12:32:02.347644
-50.0,-519.0,430.0,12:32:02.357060
-24.0,-633.0,711.0,12:32:02.366469
154.0,-697.0,630.0,12:32:02.376941
37.0,-354.0,487.0,12:32:02.386245
-112.0,-197.0,1021.0,12:32:02.395756
17.0,-409.0,1218.0,12:32:02.406234
22.0,-339.0,660.0,12:32:02.415638
49.0,-276.0,665.0,12:32:02.426063
-38.0,-396.0,891.0,12:32:02.435423
28.0,-225.0,810.0,12:32:02.445837
-34.0,-215.0,1058.0,12:32:02.461213
-117.0,-318.0,819.0,12:32:02.465564
-57.0,-275.0,1236.0,12:32:02.474920
-61.0,-319.0,816.0,12:32:02.485320
-95.0,-486.0,1096.0,12:32:02.494664
-49.0,-539.0,1232.0,12:32:02.505063
239.0,-590.0,1038.0,12:32:02.514512
-138.0,-638.0,910.0,12:32:02.525010
112.0,-577.0,858.0,12:32:02.534500
138.0,-510.0,906.0,12:32:02.543752
57.0,-577.0,935.0,12:32:02.554300
127.0,-333.0,873.0,12:32:02.563486
113.0,-266.0,630.0,12:32:02.574029
241.0,-494.0,709.0,12:32:02.583358
122.0,-329.0,1109.0,12:32:02.593927
75.0,-591.0,1447.0,12:32:02.603384
8.0,-382.0,1222.0,12:32:02.612718
178.0,-514.0,941.0,12:32:02.623169
95.0,-1013.0,788.0,12:32:02.632581
148.0,-879.0,733.0,12:32:02.643003
231.0,-314.0,1007.0,12:32:02.652390
-181.0,287.0,1328.0,12:32:02.662929
-122.0,164.0,1044.0,12:32:02.672321
-115.0,-130.0,466.0,12:32:02.682823
-75.0,-316.0,599.0,12:32:02.692205
150.0,-415.0,1016.0,12:32:02.701698
103.0,-873.0,1586.0,12:32:02.712242
147.0,-547.0,1158.0,12:32:02.721577
353.0,-555.0,716.0,12:32:02.731066
-235.0,-589.0,880.0,12:32:02.741594
170.0,-709.0,1309.0,12:32:02.750903
84.0,-687.0,832.0,12:32:02.761353
-39.0,-511.0,488.0,12:32:02.770640
-5.0,-796.0,767.0,12:32:02.781261
-58.0,-727.0,976.0,12:32:02.790662
515.0,-538.0,936.0,12:32:02.800114
-152.0,-453.0,692.0,12:32:02.810528
153.0,-477.0,779.0,12:32:02.820036
73.0,-381.0,806.0,12:32:02.830512
125.0,-489.0,762.0,12:32:02.839963
50.0,-301.0,949.0,12:32:02.850391
-19.0,-450.0,1200.0,12:32:02.864106
91.0,-477.0,1050.0,12:32:02.870151
78.0,-578.0,853.0,12:32:02.879414
-177.0,-623.0,1096.0,12:32:02.888854
120.0,-720.0,987.0,12:32:02.899302
-79.0,-660.0,901.0,12:32:02.908831
-61.0,-779.0,944.0,12:32:02.919285
-42.0,-684.0,1013.0,12:32:02.928603
-25.0,-786.0,836.0,12:32:02.939115
74.0,-736.0,763.0,12:32:02.948396
-40.0,-526.0,752.0,12:32:02.958931
-78.0,-257.0,1131.0,12:32:02.968305
-228.0,-180.0,971.0,12:32:02.977784
-279.0,-362.0,808.0,12:32:02.988238
22.0,-400.0,859.0,12:32:02.997686
-178.0,-386.0,845.0,12:32:03.008093
164.0,-439.0,964.0,12:32:03.017517
96.0,-603.0,958.0,12:32:03.027973
109.0,-422.0,890.0,12:32:03.037363
-8.0,-342.0,809.0,12:32:03.046728
-92.0,-434.0,813.0,12:32:03.057269
50.0,-318.0,923.0,12:32:03.066622
-140.0,-418.0,955.0,12:32:03.077080
-25.0,-445.0,765.0,12:32:03.086665
170.0,-685.0,947.0,12:32:03.095998
-10.0,-465.0,1096.0,12:32:03.106554
34.0,-210.0,398.0,12:32:03.115979
-67.0,-383.0,1026.0,12:32:03.126602
-127.0,-797.0,1628.0,12:32:03.135872
-26.0,-758.0,811.0,12:32:03.145250
20.0,-392.0,645.0,12:32:03.155870
3.0,-587.0,1558.0,12:32:03.165246
198.0,-889.0,1388.0,12:32:03.175711
48.0,-570.0,540.0,12:32:03.185173
-72.0,-299.0,327.0,12:32:03.194551
-110.0,-733.0,1403.0,12:32:03.205132
-124.0,-349.0,1080.0,12:32:03.214611
-44.0,-86.0,203.0,12:32:03.225203
-207.0,-456.0,1319.0,12:32:03.234647
-48.0,-785.0,1549.0,12:32:03.244066
-138.0,-268.0,625.0,12:32:03.254575
141.0,-366.0,967.0,12:32:03.263912
159.0,-799.0,1234.0,12:32:03.274387
260.0,-539.0,351.0,12:32:03.283721
49.0,-275.0,745.0,12:32:03.294185
-168.0,-384.0,1345.0,12:32:03.303530
-104.0,-209.0,723.0,12:32:03.313087
74.0,-283.0,592.0,12:32:03.323513
-57.0,-661.0,1063.0,12:32:03.332862
31.0,-611.0,959.0,12:32:03.343454
-20.0,-396.0,848.0,12:32:03.352911
102.0,-438.0,1043.0,12:32:03.362262
80.0,-743.0,1240.0,12:32:03.372742
146.0,-709.0,721.0,12:32:03.382029
6.0,-320.0,360.0,12:32:03.392569
-134.0,-644.0,1490.0,12:32:03.401900
108.0,-723.0,1414.0,12:32:03.412393
-54.0,-550.0,289.0,12:32:03.421767
20.0,-349.0,642.0,12:32:03.432306
-57.0,-789.0,1371.0,12:32:03.441653
-27.0,-616.0,854.0,12:32:03.452061
110.0,-567.0,680.0,12:32:03.461490
1.0,-594.0,661.0,12:32:03.470782
110.0,-368.0,502.0,12:32:03.481367
37.0,-245.0,1306.0,12:32:03.490680
-2.0,-179.0,1168.0,12:32:03.501284
-30.0,-115.0,446.0,12:32:03.510571
-70.0,-97.0,847.0,12:32:03.520004
-65.0,-573.0,1716.0,12:32:03.530584
45.0,-945.0,1331.0,12:32:03.540014
84.0,-600.0,519.0,12:32:03.550439
245.0,-725.0,804.0,12:32:03.559798
-238.0,-457.0,1243.0,12:32:03.570250
-18.0,-871.0,743.0,12:32:03.579622
203.0,-469.0,520.0,12:32:03.590187
-106.0,-14.0,961.0,12:32:03.599492
116.0,-437.0,869.0,12:32:03.608963
-64.0,-465.0,993.0,12:32:03.619361
177.0,-573.0,837.0,12:32:03.628942
261.0,-674.0,870.0,12:32:03.639420
-59.0,-522.0,1020.0,12:32:03.649051
-46.0,-413.0,1373.0,12:32:03.664836
94.0,-582.0,764.0,12:32:03.668744
184.0,-357.0,493.0,12:32:03.678149
-140.0,-308.0,1221.0,12:32:03.688670
-3.0,-644.0,1090.0,12:32:03.698215
165.0,-846.0,468.0,12:32:03.707525
-108.0,-513.0,797.0,12:32:03.717952
29.0,-463.0,1106.0,12:32:03.727401
-93.0,-273.0,759.0,12:32:03.737900
-3.0,-536.0,899.0,12:32:03.747258
-42.0,-427.0,959.0,12:32:03.757777
104.0,-213.0,1026.0,12:32:03.767208
24.0,-305.0,910.0,12:32:03.776580
80.0,-635.0,1188.0,12:32:03.787126
35.0,-494.0,1034.0,12:32:03.796533
330.0,-669.0,1069.0,12:32:03.807069
85.0,-651.0,1053.0,12:32:03.816469
156.0,-539.0,769.0,12:32:03.825921
-47.0,-817.0,875.0,12:32:03.836483
138.0,-707.0,559.0,12:32:03.845869
-143.0,-415.0,902.0,12:32:03.856342
46.0,-404.0,1104.0,12:32:03.865773
94.0,-619.0,791.0,12:32:03.875195
-116.0,-330.0,605.0,12:32:03.885719
94.0,-366.0,888.0,12:32:03.895068
-50.0,-369.0,1254.0,12:32:03.905612
-108.0,-304.0,1087.0,12:32:03.915038
139.0,-366.0,1035.0,12:32:03.924373
14.0,-626.0,965.0,12:32:03.934836
127.0,-546.0,436.0,12:32:03.944113
-155.0,-525.0,1068.0,12:32:03.954688
68.0,-469.0,1225.0,12:32:03.963941
-197.0,-463.0,906.0,12:32:03.974548
39.0,-602.0,844.0,12:32:03.983864
21.0,-514.0,624.0,12:32:03.994507
-116.0,-327.0,1006.0,12:32:04.003783
99.0,-298.0,931.0,12:32:04.014284
95.0,-423.0,874.0,12:32:04.023650
254.0,-354.0,842.0,12:32:04.033069
-3.0,-516.0,964.0,12:32:04.043484
58.0,-288.0,881.0,12:32:04.052871
-83.0,-527.0,1430.0,12:32:04.069183
123.0,-433.0,828.0,12:32:04.072994
221.0,-644.0,772.0,12:32:04.082360
109.0,-743.0,1103.0,12:32:04.092855
20.0,-522.0,726.0,12:32:04.102255
62.0,-421.0,965.0,12:32:04.112742
79.0,-523.0,706.0,12:32:04.122288
132.0,-432.0,1023.0,12:32:04.131626
34.0,-438.0,953.0,12:32:04.142044
129.0,-457.0,540.0,12:32:04.151487
100.0,-483.0,1042.0,12:32:04.161900
97.0,-348.0,1352.0,12:32:04.171346
219.0,-418.0,642.0,12:32:04.181839
-79.0,-397.0,991.0,12:32:04.191177
111.0,-619.0,1575.0,12:32:04.200556
88.0,-670.0,492.0,12:32:04.211146
152.0,-712.0,547.0,12:32:04.220539
-29.0,-327.0,1168.0,12:32:04.231070
-211.0,-636.0,1294.0,12:32:04.240422
47.0,-534.0,727.0,12:32:04.249935
244.0,-554.0,639.0,12:32:04.260455
51.0,-566.0,823.0,12:32:04.269730
118.0,-423.0,834.0,12:32:04.280251
-110.0,-434.0,871.0,12:32:04.289551
20.0,-512.0,1129.0,12:32:04.300173
-92.0,-403.0,825.0,12:32:04.309485
32.0,-349.0,555.0,12:32:04.318932
113.0,-562.0,1263.0,12:32:04.329343
36.0,-600.0,1192.0,12:32:04.338801
78.0,-503.0,810.0,12:32:04.349365
-12.0,-501.0,1031.0,12:32:04.358790
173.0,-658.0,1100.0,12:32:04.369273
132.0,-1050.0,993.0,12:32:04.378764
189.0,-634.0,615.0,12:32:04.388064
-164.0,-205.0,674.0,12:32:04.398538
-28.0,-424.0,1063.0,12:32:04.408070
69.0,-575.0,994.0,12:32:04.418474
-15.0,-422.0,688.0,12:32:04.427887
-123.0,-291.0,788.0,12:32:04.438268
-27.0,-280.0,1040.0,12:32:04.447845
-3.0,-519.0,1322.0,12:32:04.457109
222.0,-637.0,946.0,12:32:04.467704
176.0,-417.0,519.0,12:32:04.476924
21.0,-410.0,993.0,12:32:04.487428
-180.0,-346.0,1138.0,12:32:04.496711
94.0,-599.0,982.0,12:32:04.507288
59.0,-683.0,732.0,12:32:04.516681
-206.0,-286.0,917.0,12:32:04.526072
22.0,-571.0,1114.0,12:32:04.536612
37.0,-672.0,861.0,12:32:04.545907
-121.0,-601.0,1165.0,12:32:04.556505
-79.0,-624.0,985.0,12:32:04.565806
19.0,-664.0,769.0,12:32:04.576479
-41.0,-210.0,891.0,12:32:04.585718
-143.0,-404.0,769.0,12:32:04.595102
-142.0,-536.0,732.0,12:32:04.605626
-101.0,-496.0,1191.0,12:32:04.615013
-50.0,-446.0,770.0,12:32:04.625630
142.0,-493.0,852.0,12:32:04.635000
106.0,-645.0,1295.0,12:32:04.644283
-89.0,-622.0,829.0,12:32:04.654894
113.0,-400.0,967.0,12:32:04.664303
211.0,-529.0,1018.0,12:32:04.674818
135.0,-474.0,789.0,12:32:04.684211
150.0,-435.0,516.0,12:32:04.694617
-121.0,-102.0,578.0,12:32:04.704133
-156.0,-5.0,1143.0,12:32:04.713447
94.0,-464.0,1229.0,12:32:04.724004
176.0,-403.0,771.0,12:32:04.733420
-50.0,-203.0,872.0,12:32:04.743964
63.0,-681.0,1040.0,12:32:04.753314
-4.0,-744.0,1481.0,12:32:04.762660
-87.0,-608.0,1124.0,12:32:04.773065
207.0,-844.0,650.0,12:32:04.782436
265.0,-529.0,651.0,12:32:04.792839
3.0,-567.0,991.0,12:32:04.802222
-26.0,-670.0,843.0,12:32:04.812770
-55.0,-364.0,812.0,12:32:04.822268
-64.0,-439.0,844.0,12:32:04.832728
106.0,-567.0,714.0,12:32:04.842019
-79.0,-670.0,975.0,12:32:04.852524
167.0,-594.0,880.0,12:32:04.867561
-10.0,-394.0,821.0,12:32:04.872568
-126.0,-459.0,1191.0,12:32:04.881949
68.0,-355.0,1022.0,12:32:04.891304
179.0,-483.0,537.0,12:32:04.900743
-9.0,-434.0,649.0,12:32:04.911288
3.0,-639.0,1185.0,12:32:04.920607
-200.0,-384.0,1036.0,12:32:04.931157
-70.0,-597.0,724.0,12:32:04.940554
3.0,-703.0,620.0,12:32:04.951113
120.0,-642.0,1343.0,12:32:04.960410
-20.0,-547.0,1068.0,12:32:04.969785
127.0,-542.0,1054.0,12:32:04.980286
-126.0,-663.0,1175.0,12:32:04.989533
54.0,-603.0,807.0,12:32:05.000031
22.0,-642.0,1107.0,12:32:05.009356
-146.0,-477.0,790.0,12:32:05.019915
4.0,-531.0,1010.0,12:32:05.029345
-57.0,-744.0,872.0,12:32:05.039803
92.0,-585.0,684.0,12:32:05.049242
155.0,-477.0,653.0,12:32:05.058506
81.0,-472.0,909.0,12:32:05.068974
-14.0,-369.0,1094.0,12:32:05.078241
37.0,-237.0,746.0,12:32:05.088946
-143.0,-273.0,791.0,12:32:05.098190
-20.0,-364.0,789.0,12:32:05.108784
19.0,-459.0,893.0,12:32:05.118093
167.0,-370.0,1170.0,12:32:05.128644
75.0,-367.0,1031.0,12:32:05.137984
118.0,-407.0,874.0,12:32:05.147367
221.0,-370.0,905.0,12:32:05.157916
8.0,-472.0,900.0,12:32:05.167401
127.0,-357.0,872.0,12:32:05.177969
176.0,-408.0,1128.0,12:32:05.187328
-30.0,-454.0,828.0,12:32:05.196676
369.0,-773.0,690.0,12:32:05.207323
109.0,-568.0,784.0,12:32:05.216682
-57.0,-212.0,881.0,12:32:05.227173
-106.0,-347.0,999.0,12:32:05.236556
73.0,-802.0,1447.0,12:32:05.245978
210.0,-619.0,770.0,12:32:05.256535
-129.0,-450.0,743.0,12:32:05.269921
134.0,-812.0,1747.0,12:32:05.276294
264.0,-717.0,862.0,12:32:05.285820
59.0,-452.0,390.0,12:32:05.295192
73.0,-633.0,1176.0,12:32:05.305738
-11.0,-383.0,791.0,12:32:05.315113
-141.0,23.0,601.0,12:32:05.325674
15.0,-242.0,1171.0,12:32:05.335075
108.0,-451.0,671.0,12:32:05.345622
-66.0,-445.0,1020.0,12:32:05.354940
133.0,-397.0,1350.0,12:32:05.364278
76.0,-599.0,1017.0,12:32:05.374825
235.0,-468.0,1146.0,12:32:05.384110
53.0,-650.0,993.0,12:32:05.394748
137.0,-524.0,715.0,12:32:05.404142
120.0,-388.0,872.0,12:32:05.414642
-132.0,-552.0,1229.0,12:32:05.423974
-131.0,-392.0,542.0,12:32:05.433426
-124.0,-579.0,746.0,12:32:05.443907
117.0,-591.0,1061.0,12:32:05.453317
52.0,-465.0,793.0,12:32:05.463793
-5.0,-467.0,776.0,12:32:05.473129
185.0,-523.0,977.0,12:32:05.483642
41.0,-486.0,957.0,12:32:05.492989
13.0,-473.0,866.0,12:32:05.502465
111.0,-326.0,907.0,12:32:05.512902
139.0,-655.0,925.0,12:32:05.522321
96.0,-623.0,535.0,12:32:05.532830
11.0,-570.0,844.0,12:32:05.542258
218.0,-393.0,874.0,12:32:05.552748
-36.0,-502.0,849.0,12:32:05.562156
-9.0,-437.0,1085.0,12:32:05.571470
278.0,-735.0,784.0,12:32:05.581932
-74.0,-476.0,746.0,12:32:05.591217
35.0,-424.0,1421.0,12:32:05.601685
115.0,-486.0,674.0,12:32:05.611156
96.0,-336.0,874.0,12:32:05.621641
148.0,-281.0,1400.0,12:32:05.631092
113.0,-496.0,736.0,12:32:05.640558
227.0,-490.0,972.0,12:32:05.651160
95.0,-533.0,1052.0,12:32:05.660561
-86.0,-714.0,1092.0,12:32:05.669923
-3.0,-672.0,857.0,12:32:05.680536
118.0,-660.0,1169.0,12:32:05.689918
-31.0,-548.0,716.0,12:32:05.700545
45.0,-532.0,766.0,12:32:05.709885
-64.0,-554.0,920.0,12:32:05.719299
205.0,-624.0,836.0,12:32:05.729700
-166.0,-156.0,735.0,12:32:05.739061
50.0,-361.0,798.0,12:32:05.749509
-93.0,-572.0,831.0,12:32:05.759026
218.0,-722.0,1115.0,12:32:05.769456
5.0,-383.0,796.0,12:32:05.778951
-33.0,-314.0,730.0,12:32:05.789394
140.0,-629.0,1276.0,12:32:05.798895
128.0,-679.0,1090.0,12:32:05.808200
-40.0,-548.0,580.0,12:32:05.818781
-11.0,-341.0,997.0,12:32:05.828094
354.0,-707.0,1376.0,12:32:05.838633
26.0,-490.0,900.0,12:32:05.847905
29.0,-396.0,535.0,12:32:05.858330
56.0,-493.0,1223.0,12:32:05.867710
-89.0,-618.0,1402.0,12:32:05.877133
80.0,-705.0,404.0,12:32:05.887702
-37.0,-598.0,435.0,12:32:05.897001
-103.0,-418.0,1106.0,12:32:05.907520
17.0,-493.0,1320.0,12:32:05.916939
-77.0,-260.0,803.0,12:32:05.927449
52.0,-256.0,591.0,12:32:05.936813
-31.0,-523.0,1598.0,12:32:05.947295
-3.0,-416.0,979.0,12:32:05.956698
353.0,-543.0,793.0,12:32:05.965941
-27.0,-398.0,722.0,12:32:05.976476
4.0,-458.0,882.0,12:32:05.985830
-46.0,-612.0,1342.0,12:32:05.996281
-144.0,-533.0,574.0,12:32:06.005798
93.0,-255.0,293.0,12:32:06.015204
-146.0,-228.0,1355.0,12:32:06.025855
261.0,-895.0,1731.0,12:32:06.035220
187.0,-456.0,470.0,12:32:06.045767
-52.0,-318.0,537.0,12:32:06.055057
96.0,-603.0,1703.0,12:32:06.071860
140.0,-742.0,1093.0,12:32:06.075612
84.0,-530.0,525.0,12:32:06.084919
-111.0,-464.0,548.0,12:32:06.094342
117.0,-394.0,845.0,12:32:06.104750
-123.0,-413.0,1069.0,12:32:06.114290
-52.0,-509.0,837.0,12:32:06.123649
264.0,-485.0,504.0,12:32:06.134274
-35.0,-402.0,1043.0,12:32:06.143549
164.0,-405.0,1520.0,12:32:06.154115
-48.0,-644.0,930.0,12:32:06.163447
-7.0,-325.0,383.0,12:32:06.174018
14.0,-519.0,1200.0,12:32:06.183462
1.0,-655.0,1199.0,12:32:06.192855
-30.0,-573.0,626.0,12:32:06.203350
87.0,-492.0,558.0,12:32:06.212813
-164.0,-635.0,1257.0,12:32:06.223272
50.0,-541.0,902.0,12:32:06.232669
10.0,-538.0,633.0,12:32:06.242015
-26.0,-697.0,943.0,12:32:06.252438
103.0,-817.0,1046.0,12:32:06.261782
-5.0,-250.0,1068.0,12:32:06.272385
-11.0,-606.0,890.0,12:32:06.281676
-111.0,-589.0,902.0,12:32:06.291217
78.0,-316.0,993.0,12:32:06.301654
-69.0,-468.0,719.0,12:32:06.311203
-80.0,-554.0,817.0,12:32:06.321685
92.0,-575.0,898.0,12:32:06.331092
-13.0,-466.0,776.0,12:32:06.341630
79.0,-265.0,1073.0,12:32:06.350963
135.0,-400.0,904.0,12:32:06.360318
-55.0,-589.0,821.0,12:32:06.370784
-101.0,-356.0,1211.0,12:32:06.380152
85.0,-563.0,983.0,12:32:06.390638
-62.0,-324.0,936.0,12:32:06.400037
-108.0,-347.0,1316.0,12:32:06.410619
-35.0,-522.0,850.0,12:32:06.420158
36.0,-698.0,473.0,12:32:06.429422
240.0,-614.0,1119.0,12:32:06.440044
36.0,-470.0,1168.0,12:32:06.449292
-70.0,-523.0,886.0,12:32:06.459987
152.0,-349.0,449.0,12:32:06.473439
34.0,-384.0,612.0,12:32:06.479494
-2.0,-624.0,1108.0,12:32:06.489000
97.0,-525.0,1341.0,12:32:06.499436
179.0,-434.0,908.0,12:32:06.509014
31.0,-382.0,750.0,12:32:06.518302
53.0,-768.0,914.0,12:32:06.528845
-115.0,-439.0,920.0,12:32:06.538231
21.0,-611.0,1080.0,12:32:06.547682
35.0,-502.0,790.0,12:32:06.558193
96.0,-763.0,1059.0,12:32:06.567580
28.0,-643.0,979.0,12:32:06.578040
188.0,-426.0,573.0,12:32:06.587404
41.0,-507.0,1053.0,12:32:06.597915
-4.0,-521.0,1384.0,12:32:06.607319
-135.0,-436.0,865.0,12:32:06.617889
62.0,-288.0,635.0,12:32:06.627223
-11.0,-346.0,930.0,12:32:06.636683
-77.0,-254.0,1347.0,12:32:06.647149
-99.0,-482.0,838.0,12:32:06.656603
34.0,-681.0,944.0,12:32:06.667095
103.0,-774.0,914.0,12:32:06.676500
44.0,-560.0,829.0,12:32:06.685868
129.0,-587.0,1153.0,12:32:06.696531
-100.0,-544.0,800.0,12:32:06.705922
25.0,-464.0,630.0,12:32:06.715336
-134.0,-422.0,832.0,12:32:06.725694
190.0,-468.0,1081.0,12:32:06.735229
-124.0,-355.0,984.0,12:32:06.745724
97.0,-420.0,755.0,12:32:06.755176
245.0,-386.0,813.0,12:32:06.765650
-195.0,-622.0,1224.0,12:32:06.775064
189.0,-647.0,893.0,12:32:06.784462
-32.0,-470.0,672.0,12:32:06.795038
-8.0,-473.0,953.0,12:32:06.804397
-13.0,-512.0,972.0,12:32:06.814979
2.0,-484.0,738.0,12:32:06.824284
111.0,-617.0,802.0,12:32:06.834757
307.0,-502.0,968.0,12:32:06.844062
-247.0,-369.0,883.0,12:32:06.853566
27.0,-326.0,960.0,12:32:06.864051
30.0,-770.0,1408.0,12:32:06.873476
297.0,-585.0,549.0,12:32:06.883869
-83.0,-311.0,824.0,12:32:06.893313
1.0,-510.0,1199.0,12:32:06.903719
156.0,-666.0,1166.0,12:32:06.913040
-91.0,-358.0,797.0,12:32:06.923443
236.0,-528.0,686.0,12:32:06.932955
-17.0,-520.0,951.0,12:32:06.942347
-93.0,-580.0,1250.0,12:32:06.952915
-50.0,-476.0,1003.0,12:32:06.962346
-1.0,-508.0,620.0,12:32:06.971768
84.0,-539.0,629.0,12:32:06.982271
117.0,-764.0,1225.0,12:32:06.991605
-65.0,-439.0,1076.0,12:32:07.002095
-75.0,-369.0,483.0,12:32:07.011518
61.0,-376.0,727.0,12:32:07.022047
57.0,-535.0,1284.0,12:32:07.031374
-190.0,-534.0,846.0,12:32:07.041868
20.0,-262.0,779.0,12:32:07.051259
-126.0,-452.0,1169.0,12:32:07.060577
271.0,-674.0,1139.0,12:32:07.071135
200.0,-620.0,815.0,12:32:07.080614
-24.0,-452.0,736.0,12:32:07.091134
180.0,-456.0,913.0,12:32:07.100552
27.0,-512.0,1179.0,12:32:07.109897
9.0,-493.0,822.0,12:32:07.120415
-38.0,-442.0,543.0,12:32:07.129846
-11.0,-352.0,1034.0,12:32:07.140414
80.0,-504.0,1320.0,12:32:07.149734
163.0,-431.0,446.0,12:32:07.159119
-69.0,-521.0,897.0,12:32:07.169528
15.0,-526.0,1377.0,12:32:07.178982
149.0,-189.0,887.0,12:32:07.189456
82.0,-186.0,815.0,12:32:07.198931
24.0,-563.0,1213.0,12:32:07.209355
278.0,-466.0,887.0,12:32:07.218819
-9.0,-354.0,1016.0,12:32:07.229210
85.0,-437.0,1109.0,12:32:07.238617
204.0,-629.0,942.0,12:32:07.247902
165.0,-553.0,596.0,12:32:07.258428
29.0,-528.0,885.0,12:32:07.274668
-241.0,-473.0,1025.0,12:32:07.278619
86.0,-567.0,1043.0,12:32:07.288041
40.0,-503.0,673.0,12:32:07.297336
176.0,-690.0,845.0,12:32:07.307814
100.0,-505.0,1040.0,12:32:07.317154
21.0,-343.0,945.0,12:32:07.327712
-46.0,-419.0,1020.0,12:32:07.336959
89.0,-519.0,618.0,12:32:07.347453
183.0,-658.0,777.0,12:32:07.356853
98.0,-435.0,1000.0,12:32:07.366269
15.0,-339.0,982.0,12:32:07.376716
10.0,-513.0,838.0,12:32:07.386034
118.0,-691.0,1120.0,12:32:07.396539
15.0,-520.0,993.0,12:32:07.405878
121.0,-321.0,710.0,12:32:07.416278
-227.0,-439.0,1229.0,12:32:07.425651
-1.0,-616.0,661.0,12:32:07.445303
87.0,-566.0,1002.0,12:32:07.455754
117.0,-439.0,777.0,12:32:07.465059
-169.0,-342.0,1075.0,12:32:07.475601
116.0,-519.0,1068.0,12:32:07.484932
75.0,-493.0,829.0,12:32:07.495348
-15.0,-429.0,1071.0,12:32:07.504575
-31.0,-640.0,1104.0,12:32:07.515123
252.0,-697.0,776.0,12:32:07.524588
212.0,-581.0,870.0,12:32:07.533980
25.0,-468.0,688.0,12:32:07.544494
78.0,-433.0,768.0,12:32:07.553945
96.0,-542.0,1035.0,12:32:07.564462
116.0,-410.0,833.0,12:32:07.573870
210.0,-477.0,771.0,12:32:07.583310
54.0,-350.0,930.0,12:32:07.593930
