37.0,-372.0,812.0,12:25:21.150227
67.0,-418.0,1159.0,12:25:21.152712
186.0,-340.0,825.0,12:25:21.162260
-158.0,-369.0,805.0,12:25:21.171827
80.0,-457.0,819.0,12:25:21.182315
-46.0,-385.0,785.0,12:25:21.191653
102.0,-395.0,843.0,12:25:21.202129
-154.0,-461.0,1041.0,12:25:21.211494
28.0,-592.0,1048.0,12:25:21.221957
144.0,-488.0,710.0,12:25:21.231251
-58.0,-434.0,814.0,12:25:21.241692
106.0,-484.0,1286.0,12:25:21.251224
20.0,-493.0,1089.0,12:25:21.260498
52.0,-555.0,679.0,12:25:21.271184
110.0,-442.0,585.0,12:25:21.280463
-106.0,-390.0,938.0,12:25:21.291085
-94.0,-407.0,956.0,12:25:21.300354
-90.0,-444.0,926.0,12:25:21.309883
25.0,-657.0,1050.0,12:25:21.320404
12.0,-719.0,1183.0,12:25:21.330038
-39.0,-678.0,1131.0,12:25:21.339291
104.0,-565.0,1030.0,12:25:21.349736
56.0,-538.0,847.0,12:25:21.359051
31.0,-307.0,747.0,12:25:21.369562
-35.0,-376.0,711.0,12:25:21.378927
107.0,-459.0,525.0,12:25:21.389368
-70.0,-349.0,911.0,12:25:21.398928
-2.0,-575.0,1215.0,12:25:21.408289
-92.0,-513.0,1184.0,12:25:21.418828
6.0,-524.0,908.0,12:25:21.428113
-20.0,-488.0,850.0,12:25:21.438664
16.0,-567.0,1265.0,12:25:21.447917
73.0,-369.0,636.0,12:25:21.458462
-85.0,-429.0,685.0,12:25:21.467781
31.0,-340.0,942.0,12:25:21.478334
3.0,-422.0,773.0,12:25:21.487663
-15.0,-384.0,700.0,12:25:21.497051
35.0,-703.0,1152.0,12:25:21.507435
-51.0,-593.0,723.0,12:25:21.516758
79.0,-441.0,689.0,12:25:21.527166
27.0,-731.0,1232.0,12:25:21.536575
59.0,-678.0,737.0,12:25:21.546947
142.0,-484.0,555.0,12:25:21.556342
-48.0,-543.0,872.0,12:25:21.566817
109.0,-493.0,628.0,12:25:21.576142
28.0,-428.0,697.0,12:25:21.586611
-30.0,-513.0,935.0,12:25:21.595928
-25.0,-506.0,914.0,12:25:21.606441
25.0,-470.0,850.0,12:25:21.615846
89.0,-504.0,1038.0,12:25:21.625257
-52.0,-480.0,843.0,12:25:21.635771
129.0,-524.0,927.0,12:25:21.645076
-64.0,-508.0,889.0,12:25:21.655620
42.0,-355.0,991.0,12:25:21.664953
-100.0,-503.0,1296.0,12:25:21.674282
-54.0,-470.0,1105.0,12:25:21.684706
-166.0,-510.0,1076.0,12:25:21.694015
86.0,-649.0,1046.0,12:25:21.704637
-10.0,-654.0,1109.0,12:25:21.714054
-204.0,-578.0,1096.0,12:25:21.724662
160.0,-510.0,644.0,12:25:21.733982
-86.0,-557.0,834.0,12:25:21.743550
90.0,-421.0,988.0,12:25:21.754037
50.0,-613.0,878.0,12:25:21.763469
-139.0,-413.0,1100.0,12:25:21.773860
111.0,-582.0,890.0,12:25:21.783420
-10.0,-466.0,824.0,12:25:21.792671
181.0,-459.0,882.0,12:25:21.803174
49.0,-454.0,890.0,12:25:21.812566
-2.0,-508.0,868.0,12:25:21.825120
66.0,-643.0,783.0,12:25:21.832282
77.0,-606.0,853.0,12:25:21.842733
-43.0,-560.0,894.0,12:25:21.852243
7.0,-586.0,896.0,12:25:21.861568
40.0,-558.0,912.0,12:25:21.872064
-19.0,-528.0,851.0,12:25:21.881361
-28.0,-551.0,859.0,12:25:21.891843
91.0,-600.0,1174.0,12:25:21.901221
78.0,-567.0,903.0,12:25:21.911726
45.0,-574.0,848.0,12:25:21.921159
72.0,-666.0,1108.0,12:25:21.930538
70.0,-418.0,591.0,12:25:21.940958
-71.0,-404.0,830.0,12:25:21.950398
-146.0,-514.0,1054.0,12:25:21.960786
78.0,-491.0,841.0,12:25:21.970115
-118.0,-485.0,862.0,12:25:21.980600
-122.0,-547.0,1087.0,12:25:21.990021
200.0,-506.0,979.0,12:25:22.000466
-112.0,-391.0,933.0,12:25:22.009780
112.0,-547.0,1057.0,12:25:22.019114
75.0,-531.0,1047.0,12:25:22.029595
82.0,-467.0,800.0,12:25:22.039061
1.0,-365.0,932.0,12:25:22.049495
41.0,-435.0,943.0,12:25:22.058978
175.0,-422.0,882.0,12:25:22.069441
-40.0,-426.0,1044.0,12:25:22.078832
42.0,-549.0,989.0,12:25:22.088109
179.0,-619.0,800.0,12:25:22.098623
-150.0,-493.0,1216.0,12:25:22.108011
119.0,-605.0,922.0,12:25:22.118430
5.0,-514.0,695.0,12:25:22.127770
72.0,-549.0,822.0,12:25:22.138291
101.0,-397.0,739.0,12:25:22.147530
25.0,-564.0,966.0,12:25:22.158077
53.0,-363.0,610.0,12:25:22.167522
-37.0,-743.0,1348.0,12:25:22.176933
190.0,-755.0,1310.0,12:25:22.187321
-74.0,-738.0,1065.0,12:25:22.196682
-9.0,-593.0,708.0,12:25:22.207161
137.0,-614.0,851.0,12:25:22.216659
12.0,-489.0,765.0,12:25:22.226683
44.0,-484.0,995.0,12:25:22.236304
41.0,-483.0,544.0,12:25:22.245751
62.0,-334.0,500.0,12:25:22.256228
-22.0,-251.0,911.0,12:25:22.265693
55.0,-310.0,889.0,12:25:22.276155
124.0,-259.0,853.0,12:25:22.285498
-57.0,-319.0,903.0,12:25:22.295900
222.0,-478.0,1061.0,12:25:22.305335
82.0,-417.0,1037.0,12:25:22.315694
-11.0,-544.0,1155.0,12:25:22.325037
103.0,-466.0,919.0,12:25:22.334431
218.0,-577.0,821.0,12:25:22.344901
77.0,-433.0,920.0,12:25:22.354176
-183.0,-483.0,950.0,12:25:22.364666
-3.0,-571.0,933.0,12:25:22.373959
57.0,-472.0,708.0,12:25:22.384538
3.0,-536.0,902.0,12:25:22.393867
-67.0,-485.0,1098.0,12:25:22.404278
12.0,-528.0,960.0,12:25:22.413552
95.0,-470.0,735.0,12:25:22.424090
-66.0,-544.0,999.0,12:25:22.433432
108.0,-575.0,1112.0,12:25:22.443865
61.0,-439.0,960.0,12:25:22.453123
4.0,-496.0,950.0,12:25:22.462463
56.0,-433.0,662.0,12:25:22.472871
-43.0,-441.0,887.0,12:25:22.482247
68.0,-410.0,864.0,12:25:22.492783
91.0,-397.0,953.0,12:25:22.502187
162.0,-519.0,1191.0,12:25:22.512707
42.0,-318.0,1079.0,12:25:22.522091
-52.0,-515.0,1198.0,12:25:22.532576
161.0,-474.0,1094.0,12:25:22.541984
83.0,-508.0,1244.0,12:25:22.551267
-4.0,-729.0,1145.0,12:25:22.561742
-50.0,-675.0,1003.0,12:25:22.571235
46.0,-683.0,945.0,12:25:22.581687
59.0,-752.0,880.0,12:25:22.591178
80.0,-775.0,893.0,12:25:22.600506
127.0,-644.0,631.0,12:25:22.611250
-116.0,-591.0,584.0,12:25:22.620562
182.0,-518.0,766.0,12:25:22.629971
133.0,-610.0,928.0,12:25:22.640372
59.0,-580.0,959.0,12:25:22.649805
48.0,-431.0,702.0,12:25:22.660199
87.0,-264.0,640.0,12:25:22.669518
96.0,-289.0,863.0,12:25:22.679990
-58.0,-233.0,834.0,12:25:22.689382
65.0,-280.0,718.0,12:25:22.699766
54.0,-318.0,792.0,12:25:22.709093
43.0,-376.0,982.0,12:25:22.719497
-30.0,-493.0,1076.0,12:25:22.728973
-47.0,-608.0,1034.0,12:25:22.739441
162.0,-553.0,989.0,12:25:22.748906
17.0,-608.0,869.0,12:25:22.758259
-44.0,-487.0,792.0,12:25:22.768841
110.0,-576.0,793.0,12:25:22.778173
26.0,-642.0,905.0,12:25:22.788605
101.0,-584.0,824.0,12:25:22.797889
-23.0,-532.0,930.0,12:25:22.808457
-20.0,-592.0,1008.0,12:25:22.817787
94.0,-593.0,946.0,12:25:22.827127
-51.0,-632.0,1215.0,12:25:22.837486
98.0,-614.0,1048.0,12:25:22.846862
-35.0,-441.0,721.0,12:25:22.857300
129.0,-485.0,1016.0,12:25:22.866661
-40.0,-542.0,1039.0,12:25:22.877149
-63.0,-408.0,727.0,12:25:22.886589
55.0,-467.0,950.0,12:25:22.897125
-300.0,-612.0,1220.0,12:25:22.906735
-14.0,-518.0,1104.0,12:25:22.916205
-129.0,-560.0,1066.0,12:25:22.925645
77.0,-527.0,846.0,12:25:22.936186
8.0,-689.0,995.0,12:25:22.945433
75.0,-527.0,901.0,12:25:22.955931
-122.0,-324.0,725.0,12:25:22.965183
-21.0,-476.0,977.0,12:25:22.975888
-41.0,-346.0,751.0,12:25:22.985120
27.0,-458.0,766.0,12:25:22.994661
-20.0,-465.0,730.0,12:25:23.005128
-96.0,-448.0,802.0,12:25:23.014670
-30.0,-493.0,963.0,12:25:23.027795
78.0,-545.0,910.0,12:25:23.035015
-1.0,-696.0,748.0,12:25:23.044612
75.0,-723.0,996.0,12:25:23.053914
-41.0,-558.0,894.0,12:25:23.064424
13.0,-425.0,942.0,12:25:23.073714
1.0,-591.0,908.0,12:25:23.084213
45.0,-470.0,736.0,12:25:23.093539
222.0,-622.0,932.0,12:25:23.102956
26.0,-539.0,1073.0,12:25:23.113529
124.0,-516.0,1114.0,12:25:23.122879
208.0,-660.0,996.0,12:25:23.133399
143.0,-636.0,1123.0,12:25:23.142722
179.0,-508.0,1045.0,12:25:23.153161
18.0,-495.0,834.0,12:25:23.162479
20.0,-388.0,946.0,12:25:23.171881
77.0,-171.0,775.0,12:25:23.182306
-156.0,-293.0,668.0,12:25:23.191666
129.0,-341.0,788.0,12:25:23.202084
10.0,-492.0,1295.0,12:25:23.211394
99.0,-549.0,1158.0,12:25:23.221779
75.0,-496.0,1165.0,12:25:23.231310
48.0,-558.0,1174.0,12:25:23.241676
9.0,-657.0,1094.0,12:25:23.251013
15.0,-548.0,761.0,12:25:23.261472
94.0,-371.0,572.0,12:25:23.270792
-67.0,-324.0,654.0,12:25:23.281216
-15.0,-397.0,696.0,12:25:23.290613
95.0,-424.0,656.0,12:25:23.300987
-40.0,-396.0,759.0,12:25:23.310400
-93.0,-569.0,1109.0,12:25:23.319691
81.0,-585.0,1077.0,12:25:23.330194
109.0,-592.0,906.0,12:25:23.339508
111.0,-623.0,887.0,12:25:23.350148
92.0,-503.0,1105.0,12:25:23.359370
54.0,-525.0,960.0,12:25:23.370032
-26.0,-550.0,804.0,12:25:23.379380
177.0,-557.0,731.0,12:25:23.388861
64.0,-598.0,846.0,12:25:23.399222
69.0,-504.0,832.0,12:25:23.408518
220.0,-495.0,719.0,12:25:23.419033
17.0,-494.0,1011.0,12:25:23.429527
106.0,-501.0,1009.0,12:25:23.437864
-35.0,-394.0,750.0,12:25:23.448389
-113.0,-429.0,1156.0,12:25:23.457791
-66.0,-455.0,1266.0,12:25:23.468320
-4.0,-404.0,934.0,12:25:23.477779
258.0,-489.0,1030.0,12:25:23.488255
-43.0,-603.0,1044.0,12:25:23.497668
207.0,-563.0,1058.0,12:25:23.507135
216.0,-578.0,718.0,12:25:23.517512
163.0,-608.0,861.0,12:25:23.526975
-111.0,-563.0,763.0,12:25:23.546758
-68.0,-373.0,745.0,12:25:23.556172
19.0,-379.0,919.0,12:25:23.566683
-57.0,-386.0,892.0,12:25:23.575969
-17.0,-411.0,891.0,12:25:23.586623
13.0,-465.0,903.0,12:25:23.595918
137.0,-628.0,926.0,12:25:23.606531
132.0,-380.0,730.0,12:25:23.615887
25.0,-568.0,1147.0,12:25:23.625274
243.0,-665.0,938.0,12:25:23.635749
58.0,-562.0,905.0,12:25:23.645028
124.0,-543.0,735.0,12:25:23.655530
-39.0,-405.0,862.0,12:25:23.664800
3.0,-417.0,1020.0,12:25:23.675284
17.0,-503.0,996.0,12:25:23.684569
-6.0,-414.0,1007.0,12:25:23.695120
25.0,-399.0,835.0,12:25:23.704427
-83.0,-437.0,1043.0,12:25:23.713837
117.0,-329.0,825.0,12:25:23.724266
9.0,-491.0,1106.0,12:25:23.733624
20.0,-425.0,726.0,12:25:23.744021
64.0,-476.0,809.0,12:25:23.753507
-22.0,-353.0,807.0,12:25:23.763927
3.0,-607.0,1231.0,12:25:23.773466
110.0,-505.0,1140.0,12:25:23.782752
137.0,-802.0,976.0,12:25:23.793318
81.0,-616.0,958.0,12:25:23.802621
-33.0,-512.0,850.0,12:25:23.813175
-8.0,-408.0,987.0,12:25:23.822482
9.0,-396.0,731.0,12:25:23.832914
44.0,-464.0,833.0,12:25:23.842360
51.0,-447.0,865.0,12:25:23.851759
-182.0,-276.0,822.0,12:25:23.862317
-42.0,-556.0,1250.0,12:25:23.871588
65.0,-561.0,950.0,12:25:23.882411
-11.0,-342.0,914.0,12:25:23.891668
92.0,-663.0,1221.0,12:25:23.901138
107.0,-527.0,999.0,12:25:23.911603
112.0,-576.0,916.0,12:25:23.921088
69.0,-516.0,950.0,12:25:23.940632
60.0,-665.0,872.0,12:25:23.951300
36.0,-552.0,708.0,12:25:23.960743
38.0,-568.0,857.0,12:25:23.970153
85.0,-466.0,918.0,12:25:23.980590
-33.0,-404.0,807.0,12:25:23.990037
116.0,-562.0,816.0,12:25:24.000505
167.0,-527.0,821.0,12:25:24.010004
-39.0,-490.0,1100.0,12:25:24.019287
139.0,-597.0,1103.0,12:25:24.029840
6.0,-438.0,704.0,12:25:24.039227
121.0,-635.0,956.0,12:25:24.049713
199.0,-550.0,831.0,12:25:24.058954
195.0,-418.0,770.0,12:25:24.068458
-73.0,-362.0,901.0,12:25:24.078901
-2.0,-552.0,727.0,12:25:24.088342
29.0,-588.0,774.0,12:25:24.098939
-11.0,-486.0,1069.0,12:25:24.108277
-216.0,-609.0,1330.0,12:25:24.118787
98.0,-449.0,884.0,12:25:24.128184
-103.0,-511.0,1098.0,12:25:24.137462
124.0,-588.0,955.0,12:25:24.148019
131.0,-704.0,961.0,12:25:24.157353
172.0,-512.0,969.0,12:25:24.167858
-42.0,-669.0,906.0,12:25:24.177233
77.0,-616.0,800.0,12:25:24.187785
6.0,-495.0,688.0,12:25:24.197252
153.0,-535.0,833.0,12:25:24.206602
-113.0,-503.0,1099.0,12:25:24.217224
-47.0,-456.0,840.0,12:25:24.231631
113.0,-627.0,1093.0,12:25:24.236632
-23.0,-470.0,1125.0,12:25:24.245959
42.0,-536.0,903.0,12:25:24.256489
65.0,-642.0,1115.0,12:25:24.265925
-12.0,-368.0,797.0,12:25:24.276517
89.0,-299.0,489.0,12:25:24.285858
-48.0,-219.0,596.0,12:25:24.295132
-135.0,-308.0,720.0,12:25:24.305922
26.0,-189.0,511.0,12:25:24.315203
-207.0,-229.0,753.0,12:25:24.324605
65.0,-608.0,1288.0,12:25:24.335093
9.0,-722.0,1722.0,12:25:24.344474
77.0,-648.0,1126.0,12:25:24.354979
-24.0,-844.0,1222.0,12:25:24.364360
223.0,-360.0,458.0,12:25:24.374914
71.0,-668.0,1212.0,12:25:24.384213
90.0,-302.0,583.0,12:25:24.393576
247.0,-606.0,722.0,12:25:24.403987
-77.0,-670.0,460.0,12:25:24.413500
267.0,-275.0,168.0,12:25:24.423989
-55.0,-506.0,1986.0,12:25:24.433543
60.0,-573.0,1544.0,12:25:24.442841
-13.0,-957.0,564.0,12:25:24.453429
-183.0,-333.0,534.0,12:25:24.462696
19.0,-393.0,1427.0,12:25:24.473180
-181.0,-522.0,1323.0,12:25:24.482474
77.0,-290.0,373.0,12:25:24.493036
146.0,-255.0,796.0,12:25:24.502395
116.0,-421.0,1487.0,12:25:24.511802
254.0,-775.0,946.0,12:25:24.522361
-154.0,-224.0,-46.0,12:25:24.531706
-4.0,-761.0,1843.0,12:25:24.542190
-34.0,-407.0,1260.0,12:25:24.551470
279.0,-896.0,951.0,12:25:24.562031
78.0,-746.0,497.0,12:25:24.571284
0.0,-393.0,856.0,12:25:24.581829
-136.0,-220.0,724.0,12:25:24.591126
53.0,-121.0,548.0,12:25:24.600512
4.0,-240.0,449.0,12:25:24.610937
102.0,-383.0,630.0,12:25:24.620256
-115.0,-461.0,1057.0,12:25:24.633280
140.0,-622.0,1172.0,12:25:24.640483
108.0,-721.0,1144.0,12:25:24.649992
106.0,-744.0,843.0,12:25:24.660495
86.0,-760.0,909.0,12:25:24.669918
-53.0,-409.0,1100.0,12:25:24.680315
-80.0,-350.0,982.0,12:25:24.689747
-16.0,-465.0,811.0,12:25:24.699017
151.0,-603.0,578.0,12:25:24.709603
218.0,-439.0,947.0,12:25:24.719092
203.0,-658.0,1462.0,12:25:24.728570
280.0,-574.0,950.0,12:25:24.739001
267.0,-845.0,998.0,12:25:24.748498
-89.0,-670.0,1099.0,12:25:24.758966
28.0,-302.0,771.0,12:25:24.768330
-51.0,-313.0,697.0,12:25:24.778848
34.0,-419.0,1044.0,12:25:24.788167
-89.0,-476.0,791.0,12:25:24.797698
0.0,-144.0,640.0,12:25:24.808143
-72.0,-334.0,820.0,12:25:24.817532
47.0,-560.0,1265.0,12:25:24.827931
190.0,-351.0,1372.0,12:25:24.837378
-11.0,-430.0,877.0,12:25:24.847798
99.0,-433.0,912.0,12:25:24.857161
316.0,-786.0,672.0,12:25:24.867669
151.0,-364.0,704.0,12:25:24.877122
240.0,-494.0,1067.0,12:25:24.886523
-87.0,-442.0,1088.0,12:25:24.897021
-95.0,-552.0,914.0,12:25:24.906437
44.0,-661.0,758.0,12:25:24.915883
271.0,-652.0,679.0,12:25:24.926280
124.0,-620.0,909.0,12:25:24.935764
98.0,-554.0,919.0,12:25:24.946166
0.0,-596.0,638.0,12:25:24.955614
81.0,-655.0,773.0,12:25:24.966069
26.0,-501.0,1051.0,12:25:24.975375
-51.0,-424.0,960.0,12:25:24.984752
3.0,-442.0,872.0,12:25:24.995276
-25.0,-421.0,871.0,12:25:25.004609
110.0,-390.0,778.0,12:25:25.015071
-101.0,-250.0,1013.0,12:25:25.024394
-14.0,-429.0,1071.0,12:25:25.034912
172.0,-393.0,898.0,12:25:25.044239
-36.0,-561.0,1108.0,12:25:25.054636
-60.0,-466.0,1435.0,12:25:25.064013
106.0,-588.0,1299.0,12:25:25.073511
31.0,-620.0,1190.0,12:25:25.083969
150.0,-596.0,840.0,12:25:25.093429
-109.0,-452.0,851.0,12:25:25.103909
-5.0,-517.0,897.0,12:25:25.113280
-22.0,-437.0,827.0,12:25:25.122691
151.0,-552.0,777.0,12:25:25.133199
-4.0,-503.0,695.0,12:25:25.142660
-38.0,-482.0,658.0,12:25:25.153176
125.0,-377.0,709.0,12:25:25.162545
-107.0,-276.0,843.0,12:25:25.171985
-17.0,-465.0,1122.0,12:25:25.182497
-90.0,-462.0,890.0,12:25:25.191798
196.0,-436.0,751.0,12:25:25.202342
78.0,-408.0,1077.0,12:25:25.211647
175.0,-570.0,1268.0,12:25:25.222223
119.0,-606.0,1091.0,12:25:25.231629
159.0,-490.0,847.0,12:25:25.241050
83.0,-680.0,1229.0,12:25:25.251559
20.0,-508.0,854.0,12:25:25.260849
60.0,-606.0,853.0,12:25:25.271274
-39.0,-531.0,858.0,12:25:25.280617
157.0,-581.0,913.0,12:25:25.290191
103.0,-467.0,715.0,12:25:25.300693
-31.0,-447.0,1103.0,12:25:25.310104
169.0,-436.0,778.0,12:25:25.320546
80.0,-404.0,845.0,12:25:25.330069
60.0,-430.0,964.0,12:25:25.340499
126.0,-498.0,734.0,12:25:25.349852
117.0,-444.0,928.0,12:25:25.359105
166.0,-441.0,1136.0,12:25:25.369634
59.0,-574.0,975.0,12:25:25.378943
46.0,-455.0,948.0,12:25:25.389409
59.0,-535.0,1281.0,12:25:25.398643
27.0,-529.0,1125.0,12:25:25.409188
36.0,-403.0,915.0,12:25:25.418447
-82.0,-589.0,1098.0,12:25:25.436505
15.0,-472.0,1046.0,12:25:25.439027
-3.0,-712.0,1044.0,12:25:25.448283
211.0,-578.0,836.0,12:25:25.457737
155.0,-522.0,855.0,12:25:25.468153
102.0,-508.0,826.0,12:25:25.477458
167.0,-565.0,627.0,12:25:25.487986
246.0,-407.0,556.0,12:25:25.497287
258.0,-441.0,663.0,12:25:25.507819
-43.0,-348.0,763.0,12:25:25.517033
85.0,-481.0,881.0,12:25:25.527731
82.0,-366.0,852.0,12:25:25.537058
129.0,-529.0,1012.0,12:25:25.546535
91.0,-505.0,1085.0,12:25:25.556960
-15.0,-591.0,1240.0,12:25:25.566522
20.0,-520.0,992.0,12:25:25.576963
-82.0,-462.0,856.0,12:25:25.586575
80.0,-444.0,952.0,12:25:25.595887
107.0,-507.0,1053.0,12:25:25.606523
13.0,-389.0,761.0,12:25:25.615898
-178.0,-514.0,973.0,12:25:25.625218
52.0,-529.0,1114.0,12:25:25.635913
78.0,-528.0,1170.0,12:25:25.645206
139.0,-607.0,1064.0,12:25:25.654635
77.0,-663.0,990.0,12:25:25.665022
129.0,-581.0,743.0,12:25:25.674409
147.0,-404.0,634.0,12:25:25.684873
32.0,-317.0,802.0,12:25:25.694193
-21.0,-383.0,771.0,12:25:25.704599
-23.0,-378.0,664.0,12:25:25.714036
-84.0,-386.0,683.0,12:25:25.724583
-80.0,-451.0,973.0,12:25:25.733978
-86.0,-565.0,1218.0,12:25:25.743469
-51.0,-581.0,1110.0,12:25:25.754002
-121.0,-630.0,1256.0,12:25:25.763411
-27.0,-684.0,1189.0,12:25:25.773963
-80.0,-556.0,1094.0,12:25:25.783371
4.0,-554.0,884.0,12:25:25.792780
-33.0,-505.0,657.0,12:25:25.803156
31.0,-541.0,648.0,12:25:25.812504
-103.0,-446.0,653.0,12:25:25.822994
-97.0,-386.0,768.0,12:25:25.836619
13.0,-619.0,869.0,12:25:25.842882
-91.0,-554.0,895.0,12:25:25.852388
-44.0,-772.0,1126.0,12:25:25.861661
-92.0,-640.0,892.0,12:25:25.872300
97.0,-635.0,1132.0,12:25:25.881597
-52.0,-657.0,1223.0,12:25:25.892079
144.0,-601.0,524.0,12:25:25.901367
-100.0,-395.0,677.0,12:25:25.911948
-67.0,-289.0,785.0,12:25:25.921249
-72.0,-284.0,787.0,12:25:25.930561
-106.0,-249.0,622.0,12:25:25.941132
60.0,-496.0,746.0,12:25:25.950592
-41.0,-450.0,1101.0,12:25:25.961077
113.0,-495.0,1072.0,12:25:25.970437
241.0,-385.0,759.0,12:25:25.980889
4.0,-510.0,1220.0,12:25:25.990287
106.0,-547.0,1051.0,12:25:25.999548
26.0,-358.0,765.0,12:25:26.010219
93.0,-525.0,1088.0,12:25:26.019492
135.0,-600.0,1095.0,12:25:26.029082
-58.0,-620.0,889.0,12:25:26.039521
83.0,-706.0,923.0,12:25:26.048927
118.0,-750.0,1224.0,12:25:26.059419
220.0,-715.0,935.0,12:25:26.068842
82.0,-903.0,951.0,12:25:26.079321
186.0,-682.0,826.0,12:25:26.088627
-29.0,-484.0,645.0,12:25:26.099151
-40.0,-480.0,1076.0,12:25:26.108590
-33.0,-406.0,742.0,12:25:26.117955
14.0,-272.0,559.0,12:25:26.128409
-55.0,-329.0,939.0,12:25:26.137930
-46.0,-441.0,860.0,12:25:26.147251
12.0,-342.0,741.0,12:25:26.157810
-38.0,-463.0,901.0,12:25:26.167134
59.0,-519.0,1041.0,12:25:26.177777
110.0,-624.0,955.0,12:25:26.187117
-2.0,-591.0,1136.0,12:25:26.197740
14.0,-586.0,1095.0,12:25:26.207029
90.0,-401.0,793.0,12:25:26.216445
58.0,-360.0,1008.0,12:25:26.226876
61.0,-431.0,1001.0,12:25:26.236471
89.0,-384.0,575.0,12:25:26.246860
-58.0,-339.0,870.0,12:25:26.256245
39.0,-686.0,1113.0,12:25:26.265629
73.0,-593.0,806.0,12:25:26.276063
64.0,-492.0,1002.0,12:25:26.285404
51.0,-629.0,1115.0,12:25:26.295893
90.0,-632.0,987.0,12:25:26.305184
119.0,-658.0,983.0,12:25:26.315782
96.0,-458.0,877.0,12:25:26.325207
93.0,-526.0,894.0,12:25:26.334670
4.0,-382.0,642.0,12:25:26.345095
141.0,-442.0,804.0,12:25:26.354470
59.0,-288.0,689.0,12:25:26.365136
23.0,-292.0,1049.0,12:25:26.374542
25.0,-351.0,918.0,12:25:26.383858
72.0,-287.0,1040.0,12:25:26.394374
81.0,-391.0,1183.0,12:25:26.403753
93.0,-344.0,1092.0,12:25:26.414125
132.0,-342.0,1019.0,12:25:26.423496
43.0,-377.0,1061.0,12:25:26.433984
123.0,-570.0,968.0,12:25:26.443550
139.0,-534.0,926.0,12:25:26.452977
129.0,-565.0,837.0,12:25:26.463601
19.0,-555.0,896.0,12:25:26.472905
-91.0,-654.0,815.0,12:25:26.482345
93.0,-720.0,940.0,12:25:26.492846
17.0,-724.0,947.0,12:25:26.502288
86.0,-681.0,759.0,12:25:26.512761
144.0,-590.0,913.0,12:25:26.522352
41.0,-613.0,1010.0,12:25:26.531660
154.0,-456.0,756.0,12:25:26.542275
54.0,-412.0,825.0,12:25:26.551692
6.0,-461.0,817.0,12:25:26.561127
-54.0,-384.0,905.0,12:25:26.571549
-114.0,-560.0,1065.0,12:25:26.580823
56.0,-439.0,881.0,12:25:26.591343
60.0,-627.0,856.0,12:25:26.600598
-25.0,-518.0,890.0,12:25:26.611221
-94.0,-584.0,1123.0,12:25:26.620591
118.0,-678.0,922.0,12:25:26.637290
18.0,-513.0,810.0,12:25:26.642280
40.0,-529.0,917.0,12:25:26.650404
-131.0,-541.0,947.0,12:25:26.659864
-92.0,-478.0,842.0,12:25:26.669477
97.0,-505.0,768.0,12:25:26.679333
-151.0,-357.0,783.0,12:25:26.689833
101.0,-518.0,839.0,12:25:26.699160
0.0,-310.0,679.0,12:25:26.709582
-68.0,-677.0,1197.0,12:25:26.718987
81.0,-707.0,1009.0,12:25:26.729404
27.0,-571.0,713.0,12:25:26.738823
129.0,-761.0,1061.0,12:25:26.749325
-9.0,-600.0,1117.0,12:25:26.758844
80.0,-412.0,667.0,12:25:26.768116
60.0,-548.0,702.0,12:25:26.778853
-72.0,-504.0,870.0,12:25:26.788177
-23.0,-417.0,747.0,12:25:26.797768
-18.0,-521.0,786.0,12:25:26.808187
-81.0,-612.0,971.0,12:25:26.817563
-85.0,-641.0,1026.0,12:25:26.828072
-122.0,-595.0,1056.0,12:25:26.837386
-34.0,-622.0,1066.0,12:25:26.848027
21.0,-530.0,971.0,12:25:26.857351
-68.0,-511.0,914.0,12:25:26.866734
56.0,-579.0,915.0,12:25:26.877257
39.0,-400.0,880.0,12:25:26.886709
-173.0,-424.0,825.0,12:25:26.897131
56.0,-501.0,923.0,12:25:26.906671
-116.0,-422.0,948.0,12:25:26.915940
98.0,-437.0,956.0,12:25:26.926523
120.0,-355.0,1021.0,12:25:26.935885
52.0,-412.0,931.0,12:25:26.945341
161.0,-359.0,889.0,12:25:26.955732
-15.0,-370.0,925.0,12:25:26.965087
82.0,-324.0,968.0,12:25:26.975628
76.0,-386.0,981.0,12:25:26.984975
52.0,-489.0,869.0,12:25:26.995390
-51.0,-572.0,839.0,12:25:27.004775
109.0,-590.0,1009.0,12:25:27.015238
117.0,-563.0,917.0,12:25:27.039830
158.0,-678.0,1000.0,12:25:27.044296
138.0,-602.0,825.0,12:25:27.054672
66.0,-557.0,1003.0,12:25:27.064048
2.0,-518.0,1016.0,12:25:27.073662
81.0,-435.0,763.0,12:25:27.084100
6.0,-327.0,778.0,12:25:27.093516
66.0,-419.0,886.0,12:25:27.102954
107.0,-370.0,837.0,12:25:27.113476
91.0,-339.0,895.0,12:25:27.122766
49.0,-551.0,1003.0,12:25:27.133124
153.0,-443.0,957.0,12:25:27.142505
60.0,-518.0,1009.0,12:25:27.152930
90.0,-584.0,1120.0,12:25:27.162367
131.0,-422.0,956.0,12:25:27.175376
-87.0,-545.0,1176.0,12:25:27.184565
60.0,-451.0,962.0,12:25:27.195550
103.0,-490.0,778.0,12:25:27.202996
-42.0,-548.0,1031.0,12:25:27.214229
80.0,-537.0,955.0,12:25:27.224966
195.0,-529.0,872.0,12:25:27.231345
70.0,-515.0,920.0,12:25:27.241815
211.0,-564.0,792.0,12:25:27.251187
-60.0,-485.0,756.0,12:25:27.260641
66.0,-579.0,927.0,12:25:27.271146
122.0,-543.0,1056.0,12:25:27.280563
-39.0,-614.0,1050.0,12:25:27.291172
68.0,-674.0,824.0,12:25:27.300677
37.0,-620.0,755.0,12:25:27.310060
-111.0,-433.0,914.0,12:25:27.320526
-20.0,-614.0,1129.0,12:25:27.330046
1.0,-514.0,827.0,12:25:27.339437
71.0,-532.0,671.0,12:25:27.349959
206.0,-593.0,916.0,12:25:27.359431
60.0,-604.0,1106.0,12:25:27.370032
109.0,-405.0,854.0,12:25:27.379337
-43.0,-578.0,921.0,12:25:27.388694
151.0,-476.0,720.0,12:25:27.399150
139.0,-396.0,813.0,12:25:27.408532
-82.0,-365.0,1058.0,12:25:27.418941
29.0,-462.0,886.0,12:25:27.428316
35.0,-523.0,874.0,12:25:27.438793
-79.0,-485.0,815.0,12:25:27.448207
75.0,-497.0,732.0,12:25:27.457701
-12.0,-279.0,730.0,12:25:27.468160
57.0,-360.0,1049.0,12:25:27.477472
-66.0,-541.0,878.0,12:25:27.487996
49.0,-655.0,1060.0,12:25:27.497247
95.0,-548.0,1134.0,12:25:27.507780
-177.0,-488.0,1038.0,12:25:27.517168
85.0,-729.0,1292.0,12:25:27.527734
-56.0,-560.0,789.0,12:25:27.537031
173.0,-523.0,643.0,12:25:27.546588
108.0,-571.0,1048.0,12:25:27.557071
60.0,-539.0,819.0,12:25:27.566432
-73.0,-558.0,870.0,12:25:27.576861
77.0,-663.0,1098.0,12:25:27.586142
-66.0,-662.0,916.0,12:25:27.596683
-178.0,-469.0,1165.0,12:25:27.605936
136.0,-692.0,1210.0,12:25:27.615351
210.0,-503.0,802.0,12:25:27.625742
-34.0,-397.0,619.0,12:25:27.635148
50.0,-256.0,663.0,12:25:27.645660
30.0,-194.0,795.0,12:25:27.655079
-71.0,-403.0,1035.0,12:25:27.665538
25.0,-393.0,891.0,12:25:27.674970
-69.0,-344.0,764.0,12:25:27.684292
-44.0,-509.0,1101.0,12:25:27.694748
65.0,-260.0,933.0,12:25:27.704131
-31.0,-609.0,1334.0,12:25:27.714668
138.0,-365.0,747.0,12:25:27.724079
97.0,-673.0,949.0,12:25:27.734620
61.0,-387.0,714.0,12:25:27.744031
-48.0,-598.0,1112.0,12:25:27.753505
71.0,-491.0,1132.0,12:25:27.764033
37.0,-727.0,740.0,12:25:27.783791
77.0,-416.0,901.0,12:25:27.793070
-50.0,-566.0,1203.0,12:25:27.803569
79.0,-369.0,366.0,12:25:27.812889
232.0,-615.0,727.0,12:25:27.822318
192.0,-559.0,1027.0,12:25:27.835574
61.0,-318.0,1035.0,12:25:27.843587
76.0,-364.0,1229.0,12:25:27.851827
50.0,-562.0,834.0,12:25:27.862335
76.0,-230.0,627.0,12:25:27.871700
-93.0,-434.0,1155.0,12:25:27.882287
93.0,-669.0,1236.0,12:25:27.891656
120.0,-415.0,711.0,12:25:27.901016
-108.0,-506.0,673.0,12:25:27.911493
142.0,-499.0,884.0,12:25:27.920826
38.0,-529.0,892.0,12:25:27.931305
-161.0,-318.0,801.0,12:25:27.940737
-238.0,-374.0,859.0,12:25:27.951198
163.0,-677.0,1406.0,12:25:27.960660
155.0,-593.0,1211.0,12:25:27.970078
62.0,-628.0,1189.0,12:25:27.980569
33.0,-897.0,900.0,12:25:27.989942
75.0,-583.0,706.0,12:25:28.000477
311.0,-495.0,634.0,12:25:28.009723
83.0,-586.0,799.0,12:25:28.020201
-39.0,-452.0,481.0,12:25:28.029510
-106.0,-344.0,263.0,12:25:28.039041
-187.0,-581.0,1098.0,12:25:28.049591
-105.0,-583.0,1599.0,12:25:28.058950
70.0,-782.0,1178.0,12:25:28.069478
79.0,-678.0,805.0,12:25:28.078837
61.0,-507.0,705.0,12:25:28.088285
76.0,-699.0,1275.0,12:25:28.098857
126.0,-468.0,817.0,12:25:28.108225
142.0,-419.0,585.0,12:25:28.118673
33.0,-436.0,848.0,12:25:28.128045
-358.0,-284.0,772.0,12:25:28.138472
13.0,-481.0,1020.0,12:25:28.147868
-26.0,-336.0,1125.0,12:25:28.157215
-59.0,-456.0,928.0,12:25:28.167883
221.0,-688.0,1105.0,12:25:28.177260
147.0,-425.0,807.0,12:25:28.188007
19.0,-559.0,1240.0,12:25:28.197444
68.0,-371.0,692.0,12:25:28.206738
115.0,-694.0,792.0,12:25:28.217261
-5.0,-408.0,805.0,12:25:28.226679
17.0,-197.0,882.0,12:25:28.243136
34.0,-679.0,1339.0,12:25:28.246969
20.0,-662.0,631.0,12:25:28.256280
53.0,-647.0,655.0,12:25:28.265799
1.0,-661.0,1118.0,12:25:28.276218
2.0,-500.0,645.0,12:25:28.285765
55.0,-381.0,573.0,12:25:28.296174
-107.0,-665.0,1104.0,12:25:28.305539
-4.0,-368.0,989.0,12:25:28.314836
-46.0,-284.0,854.0,12:25:28.325372
-3.0,-542.0,1416.0,12:25:28.334739
157.0,-506.0,1257.0,12:25:28.345240
111.0,-663.0,926.0,12:25:28.354676
59.0,-526.0,991.0,12:25:28.364073
36.0,-554.0,1014.0,12:25:28.374557
199.0,-746.0,791.0,12:25:28.383818
-50.0,-405.0,1069.0,12:25:28.394359
-2.0,-585.0,1000.0,12:25:28.403673
64.0,-577.0,930.0,12:25:28.414138
-174.0,-529.0,907.0,12:25:28.423438
-14.0,-477.0,494.0,12:25:28.433966
-114.0,-382.0,1116.0,12:25:28.443333
-14.0,-365.0,805.0,12:25:28.452836
13.0,-461.0,796.0,12:25:28.463348
-12.0,-514.0,926.0,12:25:28.472756
57.0,-636.0,950.0,12:25:28.483180
-56.0,-335.0,423.0,12:25:28.492554
-117.0,-410.0,1040.0,12:25:28.503049
25.0,-624.0,1209.0,12:25:28.512332
-13.0,-522.0,973.0,12:25:28.521675
-127.0,-515.0,790.0,12:25:28.532290
-23.0,-455.0,992.0,12:25:28.541626
222.0,-759.0,1004.0,12:25:28.552218
101.0,-302.0,618.0,12:25:28.561569
40.0,-643.0,1239.0,12:25:28.571972
112.0,-612.0,778.0,12:25:28.581483
93.0,-526.0,822.0,12:25:28.591107
-41.0,-523.0,1090.0,12:25:28.600666
146.0,-460.0,670.0,12:25:28.611140
63.0,-515.0,1111.0,12:25:28.620698
58.0,-525.0,933.0,12:25:28.631102
-33.0,-570.0,594.0,12:25:28.640476
44.0,-270.0,759.0,12:25:28.649931
80.0,-546.0,1032.0,12:25:28.660446
7.0,-517.0,848.0,12:25:28.669920
42.0,-256.0,902.0,12:25:28.679323
108.0,-521.0,1279.0,12:25:28.689761
27.0,-507.0,817.0,12:25:28.699124
45.0,-343.0,637.0,12:25:28.709541
129.0,-587.0,1307.0,12:25:28.718949
3.0,-357.0,985.0,12:25:28.729406
147.0,-518.0,644.0,12:25:28.738828
59.0,-622.0,1076.0,12:25:28.749278
89.0,-634.0,1049.0,12:25:28.758573
171.0,-509.0,697.0,12:25:28.769082
84.0,-584.0,875.0,12:25:28.778460
-6.0,-554.0,718.0,12:25:28.787835
110.0,-474.0,746.0,12:25:28.798264
-2.0,-215.0,430.0,12:25:28.807827
-45.0,-442.0,755.0,12:25:28.818225
67.0,-666.0,1574.0,12:25:28.827645
-13.0,-687.0,1090.0,12:25:28.836921
1.0,-740.0,1109.0,12:25:28.847458
31.0,-550.0,763.0,12:25:28.856738
321.0,-682.0,1285.0,12:25:28.867352
98.0,-860.0,995.0,12:25:28.876698
108.0,-147.0,92.0,12:25:28.887217
-198.0,-373.0,742.0,12:25:28.896657
-15.0,-519.0,1241.0,12:25:28.906016
-38.0,-660.0,1123.0,12:25:28.916688
7.0,-313.0,511.0,12:25:28.925939
-36.0,-355.0,1085.0,12:25:28.936613
74.0,-666.0,1454.0,12:25:28.945879
-248.0,-390.0,860.0,12:25:28.955294
136.0,-387.0,526.0,12:25:28.965864
78.0,-401.0,936.0,12:25:28.975201
-133.0,-526.0,1392.0,12:25:28.985782
63.0,-459.0,744.0,12:25:28.995155
72.0,-657.0,884.0,12:25:29.004475
-24.0,-480.0,973.0,12:25:29.015121
31.0,-281.0,502.0,12:25:29.024560
22.0,-190.0,541.0,12:25:29.034024
-60.0,-439.0,1303.0,12:25:29.044865
93.0,-617.0,1208.0,12:25:29.054636
-22.0,-674.0,645.0,12:25:29.063952
165.0,-620.0,1023.0,12:25:29.073561
77.0,-504.0,1238.0,12:25:29.083960
-15.0,-375.0,940.0,12:25:29.093470
207.0,-586.0,873.0,12:25:29.103889
76.0,-649.0,1024.0,12:25:29.113283
217.0,-653.0,877.0,12:25:29.123661
-36.0,-563.0,921.0,12:25:29.133124
9.0,-551.0,1025.0,12:25:29.142396
157.0,-709.0,807.0,12:25:29.152927
112.0,-543.0,635.0,12:25:29.162337
32.0,-467.0,1014.0,12:25:29.172895
-14.0,-297.0,926.0,12:25:29.182304
-81.0,-382.0,1217.0,12:25:29.191727
49.0,-329.0,658.0,12:25:29.202268
77.0,-284.0,992.0,12:25:29.211597
47.0,-705.0,1387.0,12:25:29.222015
-29.0,-399.0,715.0,12:25:29.231397
14.0,-640.0,1190.0,12:25:29.241792
132.0,-614.0,680.0,12:25:29.251193
41.0,-532.0,928.0,12:25:29.260589
30.0,-509.0,954.0,12:25:29.271148
-55.0,-457.0,598.0,12:25:29.280510
125.0,-589.0,829.0,12:25:29.290955
-6.0,-722.0,952.0,12:25:29.300361
-13.0,-560.0,828.0,12:25:29.310800
162.0,-547.0,787.0,12:25:29.320094
54.0,-588.0,1035.0,12:25:29.330507
119.0,-481.0,678.0,12:25:29.339987
129.0,-631.0,1000.0,12:25:29.349247
50.0,-414.0,865.0,12:25:29.359805
-34.0,-684.0,833.0,12:25:29.369028
17.0,-954.0,955.0,12:25:29.379601
91.0,-359.0,653.0,12:25:29.389010
-132.0,-177.0,789.0,12:25:29.399524
-69.0,-465.0,1080.0,12:25:29.408936
37.0,-709.0,962.0,12:25:29.418485
41.0,-375.0,590.0,12:25:29.428958
-104.0,-279.0,852.0,12:25:29.446525
15.0,-567.0,1642.0,12:25:29.449393
-184.0,-308.0,1116.0,12:25:29.457659
123.0,-498.0,601.0,12:25:29.468118
65.0,-517.0,923.0,12:25:29.477440
-21.0,-392.0,918.0,12:25:29.487829
74.0,-478.0,1101.0,12:25:29.497253
-70.0,-235.0,353.0,12:25:29.507728
166.0,-605.0,1019.0,12:25:29.517090
-46.0,-330.0,876.0,12:25:29.527531
8.0,-836.0,1317.0,12:25:29.547163
229.0,-601.0,723.0,12:25:29.556603
122.0,-431.0,783.0,12:25:29.567062
22.0,-615.0,1003.0,12:25:29.576506
-12.0,-632.0,1001.0,12:25:29.585843
85.0,-490.0,819.0,12:25:29.596461
-29.0,-734.0,820.0,12:25:29.605811
-67.0,-651.0,982.0,12:25:29.616270
-99.0,-447.0,770.0,12:25:29.625675
31.0,-610.0,1163.0,12:25:29.636108
-12.0,-773.0,1527.0,12:25:29.645524
33.0,-331.0,350.0,12:25:29.654877
320.0,-468.0,896.0,12:25:29.665367
82.0,-573.0,1228.0,12:25:29.674586
144.0,-186.0,457.0,12:25:29.685249
38.0,-198.0,742.0,12:25:29.694562
-13.0,-369.0,1208.0,12:25:29.703983
183.0,-654.0,1296.0,12:25:29.714496
47.0,-232.0,742.0,12:25:29.723884
69.0,-744.0,1290.0,12:25:29.734280
158.0,-629.0,815.0,12:25:29.743658
146.0,-349.0,551.0,12:25:29.754099
-5.0,-560.0,1134.0,12:25:29.763587
107.0,-570.0,998.0,12:25:29.772943
239.0,-391.0,494.0,12:25:29.783484
-129.0,-677.0,971.0,12:25:29.792823
76.0,-332.0,889.0,12:25:29.803377
-70.0,-446.0,981.0,12:25:29.812750
-7.0,-456.0,1016.0,12:25:29.823156
86.0,-508.0,698.0,12:25:29.832668
15.0,-369.0,884.0,12:25:29.842053
196.0,-543.0,997.0,12:25:29.852545
136.0,-624.0,837.0,12:25:29.861883
-83.0,-445.0,754.0,12:25:29.872452
-24.0,-535.0,1101.0,12:25:29.881729
96.0,-458.0,1121.0,12:25:29.891244
146.0,-365.0,701.0,12:25:29.901742
68.0,-554.0,774.0,12:25:29.911187
169.0,-585.0,1006.0,12:25:29.921663
138.0,-402.0,938.0,12:25:29.931066
-13.0,-439.0,995.0,12:25:29.940426
79.0,-739.0,1274.0,12:25:29.950936
273.0,-514.0,694.0,12:25:29.960245
-123.0,-474.0,816.0,12:25:29.970721
-20.0,-516.0,1092.0,12:25:29.980151
83.0,-530.0,1267.0,12:25:29.990663
71.0,-291.0,591.0,12:25:30.000139
5.0,-934.0,1264.0,12:25:30.009426
178.0,-422.0,441.0,12:25:30.020083
123.0,-625.0,1022.0,12:25:30.029372
35.0,-617.0,1035.0,12:25:30.039972
37.0,-566.0,821.0,12:25:30.049320
-27.0,-459.0,726.0,12:25:30.058789
165.0,-818.0,1050.0,12:25:30.069260
103.0,-526.0,1068.0,12:25:30.078580
-65.0,-428.0,712.0,12:25:30.088991
115.0,-783.0,930.0,12:25:30.098392
44.0,-347.0,685.0,12:25:30.117982
61.0,-724.0,947.0,12:25:30.128509
183.0,-553.0,864.0,12:25:30.137859
44.0,-529.0,813.0,12:25:30.148271
-46.0,-635.0,817.0,12:25:30.157722
-94.0,-315.0,826.0,12:25:30.167072
-162.0,-551.0,1358.0,12:25:30.177511
150.0,-617.0,513.0,12:25:30.186859
-243.0,-580.0,1034.0,12:25:30.197302
-77.0,-479.0,1170.0,12:25:30.206733
-20.0,-390.0,676.0,12:25:30.217162
138.0,-652.0,925.0,12:25:30.226596
-104.0,-674.0,1461.0,12:25:30.235982
-6.0,-426.0,768.0,12:25:30.248333
207.0,-874.0,903.0,12:25:30.256698
-83.0,-559.0,957.0,12:25:30.265959
34.0,-218.0,487.0,12:25:30.275314
35.0,-249.0,607.0,12:25:30.285802
-76.0,-443.0,1358.0,12:25:30.295310
-4.0,-494.0,860.0,12:25:30.305811
167.0,-645.0,611.0,12:25:30.315134
-171.0,-349.0,1264.0,12:25:30.324590
108.0,-488.0,957.0,12:25:30.335093
19.0,-446.0,860.0,12:25:30.344507
154.0,-561.0,959.0,12:25:30.354993
60.0,-391.0,564.0,12:25:30.364383
1.0,-381.0,837.0,12:25:30.374774
-154.0,-466.0,1269.0,12:25:30.384132
-102.0,-670.0,1280.0,12:25:30.394606
121.0,-239.0,286.0,12:25:30.404015
-105.0,-662.0,1609.0,12:25:30.413437
95.0,-577.0,993.0,12:25:30.423928
-25.0,-418.0,672.0,12:25:30.433410
114.0,-644.0,904.0,12:25:30.443888
96.0,-357.0,849.0,12:25:30.453252
3.0,-527.0,1131.0,12:25:30.462630
6.0,-574.0,742.0,12:25:30.473097
49.0,-382.0,731.0,12:25:30.482480
-53.0,-543.0,1208.0,12:25:30.492962
60.0,-608.0,958.0,12:25:30.502339
121.0,-342.0,642.0,12:25:30.512986
-45.0,-466.0,929.0,12:25:30.522295
127.0,-647.0,1211.0,12:25:30.531662
165.0,-602.0,558.0,12:25:30.542082
25.0,-395.0,736.0,12:25:30.551440
85.0,-749.0,1478.0,12:25:30.561882
128.0,-434.0,547.0,12:25:30.571355
-66.0,-370.0,781.0,12:25:30.581841
-123.0,-561.0,1252.0,12:25:30.591263
8.0,-578.0,866.0,12:25:30.600591
22.0,-401.0,687.0,12:25:30.611103
-105.0,-574.0,858.0,12:25:30.620467
-12.0,-565.0,707.0,12:25:30.630942
87.0,-278.0,741.0,12:25:30.640272
-58.0,-563.0,1279.0,12:25:30.652050
-17.0,-668.0,1281.0,12:25:30.660283
195.0,-621.0,827.0,12:25:30.669717
140.0,-451.0,637.0,12:25:30.680137
49.0,-488.0,1077.0,12:25:30.689450
180.0,-401.0,903.0,12:25:30.699923
161.0,-652.0,689.0,12:25:30.709344
56.0,-488.0,904.0,12:25:30.719757
90.0,-452.0,1012.0,12:25:30.729041
-81.0,-483.0,797.0,12:25:30.738425
14.0,-518.0,925.0,12:25:30.749059
12.0,-440.0,1229.0,12:25:30.758376
49.0,-408.0,605.0,12:25:30.768867
208.0,-448.0,507.0,12:25:30.778257
-42.0,-622.0,1490.0,12:25:30.787761
102.0,-466.0,1021.0,12:25:30.798259
-28.0,-700.0,883.0,12:25:30.807540
221.0,-856.0,829.0,12:25:30.818044
-12.0,-542.0,962.0,12:25:30.827362
25.0,-173.0,754.0,12:25:30.837858
-78.0,-582.0,1167.0,12:25:30.847153
243.0,-694.0,564.0,12:25:30.857790
96.0,-610.0,690.0,12:25:30.867164
50.0,-345.0,1071.0,12:25:30.876666
-45.0,-834.0,1803.0,12:25:30.887077
41.0,-684.0,1024.0,12:25:30.896554
382.0,-820.0,720.0,12:25:30.906991
80.0,-555.0,760.0,12:25:30.916318
-112.0,-375.0,1098.0,12:25:30.925696
-84.0,-379.0,816.0,12:25:30.936329
-71.0,-400.0,391.0,12:25:30.945741
-10.0,-467.0,524.0,12:25:30.956206
-190.0,-398.0,1223.0,12:25:30.965783
-54.0,-376.0,920.0,12:25:30.975129
22.0,-543.0,1062.0,12:25:30.985702
54.0,-670.0,988.0,12:25:30.994942
174.0,-612.0,893.0,12:25:31.005487
-36.0,-285.0,939.0,12:25:31.014758
203.0,-570.0,1165.0,12:25:31.024130
89.0,-459.0,771.0,12:25:31.034643
43.0,-401.0,376.0,12:25:31.044130
-35.0,-309.0,966.0,12:25:31.054526
61.0,-375.0,1286.0,12:25:31.063977
-137.0,-452.0,902.0,12:25:31.074506
57.0,-419.0,609.0,12:25:31.083854
64.0,-629.0,1435.0,12:25:31.093151
115.0,-647.0,1236.0,12:25:31.103553
-34.0,-577.0,936.0,12:25:31.112944
108.0,-552.0,616.0,12:25:31.123420
24.0,-600.0,1127.0,12:25:31.132772
-111.0,-276.0,758.0,12:25:31.143270
12.0,-260.0,536.0,12:25:31.152707
15.0,-471.0,1129.0,12:25:31.162111
-9.0,-600.0,1076.0,12:25:31.172684
159.0,-576.0,1092.0,12:25:31.192608
126.0,-616.0,1178.0,12:25:31.201905
167.0,-375.0,562.0,12:25:31.212320
80.0,-519.0,991.0,12:25:31.221669
2.0,-566.0,1472.0,12:25:31.231278
152.0,-277.0,703.0,12:25:31.241698
-65.0,-382.0,967.0,12:25:31.251139
11.0,-541.0,1181.0,12:25:31.260596
235.0,-544.0,727.0,12:25:31.271084
224.0,-449.0,591.0,12:25:31.280433
38.0,-605.0,1227.0,12:25:31.290798
58.0,-642.0,693.0,12:25:31.300207
154.0,-280.0,455.0,12:25:31.310597
96.0,-555.0,1111.0,12:25:31.320080
-23.0,-551.0,1166.0,12:25:31.330596
-75.0,-586.0,1036.0,12:25:31.340143
281.0,-745.0,1202.0,12:25:31.349473
310.0,-404.0,418.0,12:25:31.360023
58.0,-287.0,611.0,12:25:31.369310
93.0,-512.0,1069.0,12:25:31.378814
68.0,-533.0,774.0,12:25:31.389315
-130.0,-514.0,907.0,12:25:31.398652
63.0,-702.0,754.0,12:25:31.409145
117.0,-618.0,1023.0,12:25:31.418475
-116.0,-770.0,1273.0,12:25:31.438099
33.0,-514.0,567.0,12:25:31.452024
74.0,-529.0,1000.0,12:25:31.458136
-83.0,-633.0,1195.0,12:25:31.468533
120.0,-510.0,610.0,12:25:31.477852
14.0,-634.0,1026.0,12:25:31.487158
-42.0,-646.0,1027.0,12:25:31.497733
110.0,-711.0,720.0,12:25:31.507000
-87.0,-538.0,941.0,12:25:31.517694
-69.0,-524.0,966.0,12:25:31.527034
-58.0,-483.0,742.0,12:25:31.536502
-64.0,-714.0,1060.0,12:25:31.546915
4.0,-387.0,559.0,12:25:31.556211
-125.0,-647.0,1095.0,12:25:31.566744
8.0,-475.0,1110.0,12:25:31.576145
-30.0,-585.0,730.0,12:25:31.586693
265.0,-522.0,473.0,12:25:31.596047
-264.0,-383.0,1157.0,12:25:31.605523
-242.0,-360.0,808.0,12:25:31.615951
-8.0,-581.0,914.0,12:25:31.625405
-90.0,-657.0,1287.0,12:25:31.635812
-60.0,-482.0,659.0,12:25:31.645295
30.0,-716.0,1230.0,12:25:31.654670
14.0,-610.0,1037.0,12:25:31.665172
64.0,-453.0,500.0,12:25:31.674615
-114.0,-389.0,675.0,12:25:31.685114
-59.0,-605.0,878.0,12:25:31.694501
-259.0,-255.0,959.0,12:25:31.704893
-45.0,-473.0,832.0,12:25:31.714325
-100.0,-655.0,1150.0,12:25:31.723702
-4.0,-404.0,982.0,12:25:31.734154
-36.0,-456.0,973.0,12:25:31.743459
23.0,-451.0,927.0,12:25:31.754029
74.0,-420.0,975.0,12:25:31.763443
328.0,-619.0,815.0,12:25:31.773939
127.0,-563.0,1040.0,12:25:31.783237
-47.0,-197.0,705.0,12:25:31.792665
-54.0,-27.0,791.0,12:25:31.803136
46.0,-709.0,1572.0,12:25:31.812514
154.0,-472.0,551.0,12:25:31.822904
-76.0,-752.0,1201.0,12:25:31.832358
55.0,-431.0,994.0,12:25:31.842781
272.0,-436.0,948.0,12:25:31.857409
87.0,-397.0,780.0,12:25:31.862221
-11.0,-465.0,822.0,12:25:31.871554
148.0,-486.0,708.0,12:25:31.882171
60.0,-466.0,1067.0,12:25:31.891452
57.0,-515.0,885.0,12:25:31.901986
-71.0,-399.0,615.0,12:25:31.911303
-36.0,-611.0,1247.0,12:25:31.920709
102.0,-568.0,984.0,12:25:31.931212
155.0,-664.0,744.0,12:25:31.940584
10.0,-455.0,830.0,12:25:31.951249
156.0,-607.0,932.0,12:25:31.960607
70.0,-401.0,666.0,12:25:31.970042
-109.0,-534.0,1028.0,12:25:31.980450
141.0,-766.0,1039.0,12:25:31.989815
16.0,-575.0,729.0,12:25:32.000275
-57.0,-510.0,972.0,12:25:32.009690
-84.0,-563.0,1152.0,12:25:32.020113
109.0,-674.0,868.0,12:25:32.029618
102.0,-627.0,766.0,12:25:32.039020
-109.0,-417.0,772.0,12:25:32.049615
87.0,-643.0,1078.0,12:25:32.058939
42.0,-619.0,844.0,12:25:32.069498
109.0,-350.0,689.0,12:25:32.078864
-23.0,-533.0,917.0,12:25:32.088288
130.0,-561.0,697.0,12:25:32.098868
64.0,-650.0,1041.0,12:25:32.108289
46.0,-459.0,853.0,12:25:32.118772
-8.0,-339.0,559.0,12:25:32.128174
30.0,-405.0,989.0,12:25:32.137522
20.0,-525.0,1216.0,12:25:32.148055
-37.0,-539.0,762.0,12:25:32.157429
-35.0,-546.0,903.0,12:25:32.167955
29.0,-519.0,1218.0,12:25:32.177257
42.0,-383.0,783.0,12:25:32.186691
-94.0,-329.0,691.0,12:25:32.197106
9.0,-538.0,1046.0,12:25:32.206553
208.0,-508.0,858.0,12:25:32.216970
30.0,-537.0,1081.0,12:25:32.226336
-55.0,-376.0,962.0,12:25:32.236898
92.0,-650.0,840.0,12:25:32.246265
14.0,-557.0,965.0,12:25:32.255708
331.0,-552.0,985.0,12:25:32.266193
141.0,-415.0,691.0,12:25:32.275439
84.0,-285.0,689.0,12:25:32.285851
-31.0,-460.0,908.0,12:25:32.295250
82.0,-543.0,918.0,12:25:32.305769
178.0,-433.0,762.0,12:25:32.315096
63.0,-272.0,1114.0,12:25:32.325674
30.0,-588.0,1374.0,12:25:32.335049
95.0,-558.0,763.0,12:25:32.344479
145.0,-393.0,725.0,12:25:32.355013
125.0,-213.0,826.0,12:25:32.364309
122.0,-733.0,1758.0,12:25:32.374834
87.0,-639.0,1358.0,12:25:32.384115
227.0,-901.0,1117.0,12:25:32.394644
15.0,-746.0,693.0,12:25:32.403876
204.0,-654.0,641.0,12:25:32.413362
-31.0,-580.0,1431.0,12:25:32.423775
-160.0,-403.0,722.0,12:25:32.433210
185.0,-523.0,53.0,12:25:32.443668
-214.0,-568.0,865.0,12:25:32.453127
-205.0,-343.0,963.0,12:25:32.462504
-27.0,-394.0,888.0,12:25:32.473082
-4.0,-572.0,745.0,12:25:32.482451
166.0,-373.0,253.0,12:25:32.492912
104.0,-393.0,852.0,12:25:32.502303
-82.0,122.0,593.0,12:25:32.512750
-24.0,-520.0,1566.0,12:25:32.522141
12.0,-644.0,1312.0,12:25:32.531540
280.0,-817.0,1008.0,12:25:32.542045
66.0,-219.0,423.0,12:25:32.551315
-55.0,-495.0,1342.0,12:25:32.561933
150.0,-444.0,1093.0,12:25:32.571238
170.0,-522.0,693.0,12:25:32.581777
-31.0,-384.0,764.0,12:25:32.591125
146.0,-466.0,1224.0,12:25:32.600540
128.0,-635.0,1464.0,12:25:32.611142
150.0,-719.0,631.0,12:25:32.620529
203.0,-581.0,392.0,12:25:32.630945
217.0,-645.0,1020.0,12:25:32.640401
257.0,-362.0,814.0,12:25:32.655756
-55.0,-360.0,1035.0,12:25:32.660133
55.0,-859.0,1121.0,12:25:32.669484
103.0,-486.0,689.0,12:25:32.680008
116.0,-738.0,1273.0,12:25:32.689425
245.0,-694.0,853.0,12:25:32.700018
-211.0,-575.0,836.0,12:25:32.709289
35.0,-411.0,1247.0,12:25:32.718688
113.0,-160.0,827.0,12:25:32.729183
11.0,-209.0,892.0,12:25:32.738523
114.0,-421.0,957.0,12:25:32.748943
14.0,-456.0,599.0,12:25:32.758285
77.0,-463.0,1127.0,12:25:32.768843
157.0,-476.0,907.0,12:25:32.778173
54.0,-764.0,1124.0,12:25:32.788568
-64.0,-602.0,876.0,12:25:32.797890
284.0,-462.0,307.0,12:25:32.807281
77.0,-743.0,1186.0,12:25:32.817844
28.0,-589.0,1023.0,12:25:32.827194
52.0,-614.0,961.0,12:25:32.837857
181.0,-629.0,400.0,12:25:32.847179
139.0,-580.0,574.0,12:25:32.857784
235.0,-291.0,700.0,12:25:32.867052
58.0,-608.0,1141.0,12:25:32.876614
-42.0,-496.0,1034.0,12:25:32.887081
4.0,-708.0,867.0,12:25:32.896612
119.0,-228.0,456.0,12:25:32.905948
-40.0,-437.0,849.0,12:25:32.916569
-1.0,-451.0,1458.0,12:25:32.925985
74.0,-644.0,1073.0,12:25:32.935386
163.0,-132.0,305.0,12:25:32.945800
-107.0,-484.0,1394.0,12:25:32.955220
20.0,-495.0,1333.0,12:25:32.965781
-25.0,-135.0,707.0,12:25:32.975201
9.0,-922.0,1652.0,12:25:32.984616
-12.0,-578.0,678.0,12:25:32.995162
-14.0,-579.0,549.0,12:25:33.004591
-146.0,-576.0,1480.0,12:25:33.015069
65.0,-715.0,1015.0,12:25:33.024505
-1.0,-301.0,519.0,12:25:33.033918
-139.0,-477.0,992.0,12:25:33.044361
29.0,-492.0,726.0,12:25:33.057090
10.0,-342.0,630.0,12:25:33.063964
-66.0,-336.0,532.0,12:25:33.073480
40.0,-515.0,1196.0,12:25:33.083971
-21.0,-697.0,1302.0,12:25:33.093324
125.0,-597.0,548.0,12:25:33.103766
194.0,-606.0,881.0,12:25:33.113144
89.0,-551.0,1101.0,12:25:33.123559
111.0,-563.0,810.0,12:25:33.132877
70.0,-631.0,876.0,12:25:33.143387
87.0,-564.0,834.0,12:25:33.152770
-73.0,-374.0,1058.0,12:25:33.161987
-107.0,-378.0,1014.0,12:25:33.172485
-118.0,-543.0,1016.0,12:25:33.181705
7.0,-556.0,660.0,12:25:33.192359
199.0,-601.0,862.0,12:25:33.201638
-107.0,-463.0,1131.0,12:25:33.212069
9.0,-424.0,1202.0,12:25:33.221365
111.0,-892.0,1740.0,12:25:33.231961
256.0,-766.0,868.0,12:25:33.241228
71.0,-842.0,970.0,12:25:33.251768
213.0,-452.0,669.0,12:25:33.261261
95.0,-379.0,920.0,12:25:33.270642
37.0,-240.0,701.0,12:25:33.281219
-62.0,-480.0,308.0,12:25:33.290579
-24.0,-423.0,575.0,12:25:33.300044
-58.0,-472.0,833.0,12:25:33.310587
-80.0,-406.0,922.0,12:25:33.320136
-140.0,-511.0,1366.0,12:25:33.329490
18.0,-505.0,1055.0,12:25:33.340203
-32.0,-303.0,832.0,12:25:33.349461
103.0,-529.0,890.0,12:25:33.360081
114.0,-416.0,1050.0,12:25:33.369434
-28.0,-463.0,923.0,12:25:33.378950
144.0,-547.0,553.0,12:25:33.389358
-26.0,-614.0,862.0,12:25:33.398877
2.0,-752.0,996.0,12:25:33.409282
-40.0,-660.0,832.0,12:25:33.418835
-43.0,-806.0,891.0,12:25:33.428139
63.0,-645.0,874.0,12:25:33.438744
6.0,-485.0,792.0,12:25:33.448093
-174.0,-477.0,805.0,12:25:33.458593
76.0,-742.0,1131.0,12:25:33.467892
-11.0,-375.0,408.0,12:25:33.477249
28.0,-239.0,591.0,12:25:33.487766
-173.0,-727.0,1596.0,12:25:33.497223
-13.0,-471.0,1065.0,12:25:33.507796
220.0,-820.0,995.0,12:25:33.517135
-85.0,-622.0,978.0,12:25:33.527664
160.0,-506.0,1090.0,12:25:33.536994
-36.0,-432.0,953.0,12:25:33.546272
271.0,-415.0,643.0,12:25:33.556886
-141.0,-299.0,1087.0,12:25:33.566212
-32.0,-83.0,648.0,12:25:33.576854
-225.0,-186.0,1022.0,12:25:33.586133
19.0,-466.0,1546.0,12:25:33.595436
24.0,-688.0,867.0,12:25:33.605968
29.0,-571.0,585.0,12:25:33.615300
22.0,-544.0,1236.0,12:25:33.625752
184.0,-918.0,1317.0,12:25:33.635492
362.0,-305.0,69.0,12:25:33.645151
-137.0,-416.0,681.0,12:25:33.654593
-9.0,-687.0,1055.0,12:25:33.664999
36.0,-363.0,575.0,12:25:33.674435
-62.0,-573.0,1101.0,12:25:33.684905
-23.0,-589.0,892.0,12:25:33.694391
147.0,-563.0,617.0,12:25:33.704816
-134.0,-424.0,932.0,12:25:33.714150
-3.0,-539.0,1205.0,12:25:33.723511
160.0,-601.0,1009.0,12:25:33.734178
132.0,-444.0,582.0,12:25:33.743598
7.0,-503.0,1095.0,12:25:33.754080
63.0,-314.0,1071.0,12:25:33.763492
89.0,-492.0,829.0,12:25:33.772979
-65.0,-479.0,1106.0,12:25:33.783482
58.0,-292.0,592.0,12:25:33.792820
130.0,-536.0,1153.0,12:25:33.803459
66.0,-559.0,1257.0,12:25:33.812754
144.0,-548.0,692.0,12:25:33.822235
63.0,-596.0,850.0,12:25:33.832640
27.0,-501.0,1159.0,12:25:33.842046
-3.0,-287.0,922.0,12:25:33.858717
-167.0,-376.0,1030.0,12:25:33.862576
209.0,-461.0,935.0,12:25:33.871983
93.0,-529.0,869.0,12:25:33.881358
-10.0,-480.0,937.0,12:25:33.891957
86.0,-535.0,770.0,12:25:33.901252
76.0,-543.0,847.0,12:25:33.911778
84.0,-679.0,1013.0,12:25:33.921142
67.0,-517.0,870.0,12:25:33.930591
38.0,-599.0,869.0,12:25:33.941163
-94.0,-503.0,922.0,12:25:33.950529
48.0,-554.0,1090.0,12:25:33.960022
86.0,-506.0,559.0,12:25:33.970494
-10.0,-489.0,853.0,12:25:33.979769
96.0,-547.0,855.0,12:25:33.990261
18.0,-588.0,954.0,12:25:33.999529
93.0,-701.0,1144.0,12:25:34.010111
137.0,-539.0,920.0,12:25:34.019352
55.0,-671.0,985.0,12:25:34.029887
166.0,-588.0,736.0,12:25:34.039218
100.0,-479.0,746.0,12:25:34.048668
-257.0,-506.0,1037.0,12:25:34.059081
78.0,-499.0,954.0,12:25:34.068494
51.0,-392.0,956.0,12:25:34.079047
-24.0,-646.0,1036.0,12:25:34.088563
137.0,-592.0,802.0,12:25:34.097948
91.0,-554.0,779.0,12:25:34.108385
-6.0,-464.0,725.0,12:25:34.117893
117.0,-540.0,1080.0,12:25:34.128414
-108.0,-497.0,874.0,12:25:34.137858
-4.0,-601.0,863.0,12:25:34.147229
46.0,-449.0,833.0,12:25:34.157826
53.0,-542.0,795.0,12:25:34.167119
22.0,-473.0,985.0,12:25:34.177767
81.0,-378.0,938.0,12:25:34.187195
104.0,-413.0,989.0,12:25:34.196696
29.0,-559.0,1184.0,12:25:34.207201
174.0,-247.0,338.0,12:25:34.216653
57.0,-354.0,1219.0,12:25:34.227038
89.0,-518.0,1327.0,12:25:34.236510
166.0,-638.0,694.0,12:25:34.245889
78.0,-605.0,829.0,12:25:34.260728
45.0,-544.0,1005.0,12:25:34.265677
13.0,-398.0,941.0,12:25:34.276157
-12.0,-547.0,1093.0,12:25:34.285610
130.0,-618.0,988.0,12:25:34.296026
106.0,-403.0,429.0,12:25:34.305374
-123.0,-475.0,1004.0,12:25:34.314658
142.0,-575.0,1235.0,12:25:34.325260
-25.0,-546.0,760.0,12:25:34.334583
144.0,-511.0,492.0,12:25:34.345104
-14.0,-517.0,1140.0,12:25:34.354623
29.0,-480.0,1039.0,12:25:34.364023
-68.0,-311.0,603.0,12:25:34.374501
59.0,-608.0,1238.0,12:25:34.383925
32.0,-622.0,913.0,12:25:34.394330
178.0,-465.0,691.0,12:25:34.403714
22.0,-420.0,1276.0,12:25:34.414107
28.0,-454.0,973.0,12:25:34.423569
128.0,-348.0,488.0,12:25:34.432931
27.0,-619.0,1202.0,12:25:34.443574
63.0,-448.0,995.0,12:25:34.452805
15.0,-574.0,824.0,12:25:34.463369
68.0,-508.0,888.0,12:25:34.472622
-119.0,-391.0,758.0,12:25:34.483158
130.0,-398.0,1015.0,12:25:34.492372
-72.0,-332.0,1065.0,12:25:34.502828
6.0,-634.0,1089.0,12:25:34.512372
158.0,-615.0,671.0,12:25:34.521732
-45.0,-498.0,1014.0,12:25:34.532301
142.0,-419.0,1157.0,12:25:34.541670
77.0,-546.0,939.0,12:25:34.551064
75.0,-479.0,492.0,12:25:34.561490
107.0,-588.0,1030.0,12:25:34.570826
76.0,-569.0,1059.0,12:25:34.581261
111.0,-450.0,748.0,12:25:34.590678
86.0,-558.0,894.0,12:25:34.601181
0.0,-570.0,849.0,12:25:34.610589
129.0,-423.0,842.0,12:25:34.619996
-168.0,-430.0,950.0,12:25:34.630511
0.0,-532.0,819.0,12:25:34.639970
19.0,-371.0,937.0,12:25:34.650447
80.0,-723.0,1084.0,12:25:34.659706
33.0,-677.0,843.0,12:25:34.670338
3.0,-671.0,1335.0,12:25:34.679583
-49.0,-568.0,968.0,12:25:34.688980
-39.0,-359.0,291.0,12:25:34.699453
139.0,-570.0,1061.0,12:25:34.708972
100.0,-557.0,1083.0,12:25:34.719412
-92.0,-540.0,689.0,12:25:34.728867
111.0,-527.0,599.0,12:25:34.739311
-75.0,-535.0,1151.0,12:25:34.748774
-38.0,-376.0,817.0,12:25:34.758068
199.0,-686.0,1146.0,12:25:34.768804
37.0,-691.0,1021.0,12:25:34.778121
49.0,-637.0,832.0,12:25:34.788596
85.0,-366.0,428.0,12:25:34.797885
-134.0,-315.0,984.0,12:25:34.808295
177.0,-534.0,1091.0,12:25:34.817739
35.0,-456.0,644.0,12:25:34.827120
-75.0,-508.0,837.0,12:25:34.837534
-41.0,-490.0,1106.0,12:25:34.846935
7.0,-342.0,1014.0,12:25:34.857480
107.0,-484.0,889.0,12:25:34.866789
50.0,-614.0,958.0,12:25:34.876194
-8.0,-465.0,753.0,12:25:34.886710
71.0,-402.0,1155.0,12:25:34.896098
-17.0,-561.0,1056.0,12:25:34.906609
-7.0,-598.0,762.0,12:25:34.915953
11.0,-536.0,761.0,12:25:34.926615
168.0,-414.0,804.0,12:25:34.935978
1.0,-719.0,1410.0,12:25:34.945261
140.0,-570.0,683.0,12:25:34.955788
51.0,-556.0,883.0,12:25:34.965031
110.0,-586.0,759.0,12:25:34.975657
16.0,-361.0,704.0,12:25:34.984907
-253.0,-467.0,1048.0,12:25:34.996007
-76.0,-618.0,1027.0,12:25:35.005322
187.0,-589.0,839.0,12:25:35.014691
33.0,-427.0,925.0,12:25:35.024040
-26.0,-590.0,1259.0,12:25:35.034655
97.0,-631.0,886.0,12:25:35.044042
8.0,-574.0,813.0,12:25:35.061631
77.0,-497.0,736.0,12:25:35.065528
-80.0,-231.0,688.0,12:25:35.073642
-41.0,-443.0,1061.0,12:25:35.084154
-5.0,-615.0,1116.0,12:25:35.093528
1.0,-301.0,447.0,12:25:35.102989
32.0,-606.0,1308.0,12:25:35.113455
-84.0,-821.0,1392.0,12:25:35.122771
-37.0,-347.0,423.0,12:25:35.133313
67.0,-523.0,786.0,12:25:35.142758
-90.0,-594.0,1158.0,12:25:35.152136
187.0,-746.0,830.0,12:25:35.162610
-182.0,-369.0,716.0,12:25:35.171979
-260.0,-350.0,1108.0,12:25:35.182488
47.0,-665.0,1043.0,12:25:35.191803
168.0,-308.0,420.0,12:25:35.201224
-116.0,-430.0,1174.0,12:25:35.211662
67.0,-557.0,1204.0,12:25:35.221239
42.0,-697.0,937.0,12:25:35.231710
102.0,-380.0,725.0,12:25:35.241075
88.0,-605.0,1376.0,12:25:35.251638
10.0,-438.0,915.0,12:25:35.260950
301.0,-527.0,584.0,12:25:35.270243
17.0,-680.0,1165.0,12:25:35.280707
62.0,-494.0,761.0,12:25:35.290092
136.0,-348.0,529.0,12:25:35.300547
20.0,-616.0,1128.0,12:25:35.309867
-31.0,-489.0,883.0,12:25:35.320287
28.0,-737.0,784.0,12:25:35.329636
-197.0,-495.0,955.0,12:25:35.340090
-31.0,-528.0,945.0,12:25:35.349396
166.0,-572.0,1034.0,12:25:35.359831
59.0,-602.0,894.0,12:25:35.369203
153.0,-357.0,637.0,12:25:35.379705
26.0,-556.0,893.0,12:25:35.389203
103.0,-495.0,1003.0,12:25:35.398527
85.0,-593.0,1100.0,12:25:35.409022
70.0,-617.0,716.0,12:25:35.418344
98.0,-768.0,768.0,12:25:35.428912
1.0,-596.0,1012.0,12:25:35.438162
-47.0,-459.0,737.0,12:25:35.447714
40.0,-655.0,1004.0,12:25:35.458772
-52.0,-368.0,846.0,12:25:35.468811
-48.0,-815.0,843.0,12:25:35.478180
-52.0,-432.0,579.0,12:25:35.487448
-45.0,-523.0,1239.0,12:25:35.496969
-56.0,-302.0,913.0,12:25:35.507407
107.0,-532.0,861.0,12:25:35.516786
190.0,-438.0,537.0,12:25:35.527185
73.0,-345.0,1148.0,12:25:35.536667
43.0,-503.0,1028.0,12:25:35.547163
163.0,-535.0,1014.0,12:25:35.556656
40.0,-516.0,808.0,12:25:35.565927
152.0,-452.0,861.0,12:25:35.576580
-108.0,-501.0,1103.0,12:25:35.585887
-24.0,-511.0,968.0,12:25:35.595347
28.0,-553.0,772.0,12:25:35.605869
-150.0,-513.0,1095.0,12:25:35.615290
-84.0,-725.0,1187.0,12:25:35.625716
3.0,-387.0,705.0,12:25:35.635069
-17.0,-526.0,692.0,12:25:35.645528
-144.0,-541.0,1195.0,12:25:35.654915
57.0,-579.0,818.0,12:25:35.665347
7.0,-481.0,697.0,12:25:35.674709
93.0,-396.0,1007.0,12:25:35.685088
86.0,-638.0,960.0,12:25:35.694545
12.0,-509.0,737.0,12:25:35.703968
-56.0,-314.0,961.0,12:25:35.714529
81.0,-623.0,1040.0,12:25:35.723790
-75.0,-346.0,726.0,12:25:35.733238
15.0,-559.0,1079.0,12:25:35.743684
118.0,-565.0,1275.0,12:25:35.752982
-47.0,-553.0,788.0,12:25:35.763540
224.0,-409.0,809.0,12:25:35.772921
-88.0,-480.0,1207.0,12:25:35.783546
238.0,-380.0,651.0,12:25:35.792860
-144.0,-282.0,737.0,12:25:35.802272
-92.0,-343.0,975.0,12:25:35.812772
9.0,-213.0,832.0,12:25:35.822061
14.0,-567.0,1323.0,12:25:35.832544
103.0,-535.0,1109.0,12:25:35.841814
266.0,-404.0,818.0,12:25:35.852286
33.0,-630.0,983.0,12:25:35.861661
-37.0,-483.0,953.0,12:25:35.872219
248.0,-525.0,1048.0,12:25:35.881614
249.0,-380.0,543.0,12:25:35.891052
260.0,-592.0,585.0,12:25:35.901582
27.0,-452.0,868.0,12:25:35.910877
-80.0,-344.0,962.0,12:25:35.921548
111.0,-552.0,1032.0,12:25:35.930838
128.0,-704.0,1015.0,12:25:35.940143
163.0,-471.0,698.0,12:25:35.950512
-168.0,-453.0,991.0,12:25:35.960024
4.0,-600.0,1274.0,12:25:35.970527
-35.0,-473.0,841.0,12:25:35.980046
182.0,-734.0,843.0,12:25:35.989384
14.0,-536.0,524.0,12:25:36.000019
-166.0,-414.0,874.0,12:25:36.009265
-24.0,-604.0,1232.0,12:25:36.019817
77.0,-749.0,1166.0,12:25:36.029193
119.0,-759.0,665.0,12:25:36.039719
-25.0,-155.0,406.0,12:25:36.049047
22.0,-380.0,1285.0,12:25:36.058460
74.0,-600.0,1154.0,12:25:36.068975
112.0,-344.0,600.0,12:25:36.078346
71.0,-567.0,1137.0,12:25:36.088938
158.0,-305.0,805.0,12:25:36.098341
-23.0,-445.0,1078.0,12:25:36.107783
79.0,-718.0,1204.0,12:25:36.118297
147.0,-453.0,594.0,12:25:36.127660
68.0,-582.0,689.0,12:25:36.138130
328.0,-706.0,1467.0,12:25:36.147451
136.0,-499.0,820.0,12:25:36.156915
20.0,-506.0,482.0,12:25:36.167264
147.0,-679.0,1162.0,12:25:36.176683
155.0,-475.0,863.0,12:25:36.187187
15.0,-314.0,752.0,12:25:36.196614
43.0,-398.0,686.0,12:25:36.207074
-43.0,-610.0,1094.0,12:25:36.216455
83.0,-470.0,1098.0,12:25:36.225842
15.0,-592.0,904.0,12:25:36.236486
27.0,-694.0,1061.0,12:25:36.245840
63.0,-651.0,1002.0,12:25:36.263180
-13.0,-420.0,694.0,12:25:36.266865
230.0,-693.0,1171.0,12:25:36.275150
-154.0,-762.0,1188.0,12:25:36.285714
136.0,-478.0,348.0,12:25:36.295005
-39.0,-449.0,669.0,12:25:36.305485
-62.0,-536.0,1117.0,12:25:36.314901
-143.0,-465.0,1008.0,12:25:36.325369
-85.0,-401.0,788.0,12:25:36.334691
-126.0,-741.0,1184.0,12:25:36.344072
57.0,-628.0,875.0,12:25:36.354784
-153.0,-452.0,646.0,12:25:36.364128
-129.0,-423.0,1202.0,12:25:36.374812
101.0,-435.0,893.0,12:25:36.384119
-70.0,-511.0,661.0,12:25:36.393556
71.0,-496.0,951.0,12:25:36.404057
13.0,-359.0,1005.0,12:25:36.413544
-111.0,-546.0,1144.0,12:25:36.423915
3.0,-486.0,935.0,12:25:36.433644
30.0,-714.0,982.0,12:25:36.442940
262.0,-613.0,778.0,12:25:36.452393
22.0,-475.0,811.0,12:25:36.462782
-100.0,-467.0,970.0,12:25:36.472335
199.0,-522.0,686.0,12:25:36.482802
-102.0,-174.0,516.0,12:25:36.492132
-141.0,-401.0,1506.0,12:25:36.502651
242.0,-724.0,1242.0,12:25:36.512132
34.0,-959.0,1305.0,12:25:36.521460
128.0,-432.0,287.0,12:25:36.531915
-32.0,-397.0,727.0,12:25:36.541241
63.0,-424.0,1139.0,12:25:36.551753
164.0,-311.0,753.0,12:25:36.561198
-269.0,-474.0,1236.0,12:25:36.571645
142.0,-675.0,818.0,12:25:36.581107
77.0,-394.0,984.0,12:25:36.590485
85.0,-488.0,1208.0,12:25:36.600940
307.0,-388.0,770.0,12:25:36.610240
-85.0,-274.0,714.0,12:25:36.620641
285.0,-580.0,938.0,12:25:36.630150
67.0,-472.0,618.0,12:25:36.640676
124.0,-233.0,469.0,12:25:36.650097
-28.0,-673.0,1356.0,12:25:36.665692
9.0,-702.0,1031.0,12:25:36.669359
128.0,-754.0,854.0,12:25:36.680021
144.0,-498.0,863.0,12:25:36.689364
17.0,-673.0,1160.0,12:25:36.698793
63.0,-578.0,691.0,12:25:36.709232
-15.0,-493.0,603.0,12:25:36.718539
2.0,-529.0,763.0,12:25:36.729068
54.0,-339.0,873.0,12:25:36.738331
-156.0,-584.0,1123.0,12:25:36.748963
51.0,-641.0,876.0,12:25:36.758372
98.0,-638.0,813.0,12:25:36.767813
55.0,-512.0,1004.0,12:25:36.778388
-43.0,-203.0,844.0,12:25:36.787786
68.0,-515.0,1020.0,12:25:36.798332
29.0,-818.0,1178.0,12:25:36.807771
-26.0,-428.0,587.0,12:25:36.817063
147.0,-678.0,740.0,12:25:36.827711
-8.0,-622.0,1192.0,12:25:36.837035
-64.0,-470.0,960.0,12:25:36.847528
40.0,-454.0,919.0,12:25:36.856833
-16.0,-648.0,1201.0,12:25:36.866191
96.0,-796.0,677.0,12:25:36.876785
-119.0,-435.0,541.0,12:25:36.886271
-70.0,-517.0,1027.0,12:25:36.896774
-21.0,-312.0,1126.0,12:25:36.906100
-85.0,-334.0,856.0,12:25:36.915412
-94.0,-448.0,915.0,12:25:36.925965
33.0,-497.0,754.0,12:25:36.935356
117.0,-588.0,1046.0,12:25:36.945818
46.0,-245.0,861.0,12:25:36.955195
104.0,-363.0,855.0,12:25:36.964675
23.0,-584.0,1219.0,12:25:36.975096
90.0,-458.0,444.0,12:25:36.984536
-21.0,-482.0,1022.0,12:25:36.994961
-210.0,-492.0,1221.0,12:25:37.004375
207.0,-433.0,948.0,12:25:37.014860
54.0,-446.0,801.0,12:25:37.024253
251.0,-663.0,965.0,12:25:37.034710
68.0,-360.0,637.0,12:25:37.044117
-9.0,-224.0,556.0,12:25:37.053421
-3.0,-436.0,1139.0,12:25:37.063964
51.0,-527.0,1360.0,12:25:37.073315
204.0,-566.0,1066.0,12:25:37.083916
37.0,-797.0,1338.0,12:25:37.093264
55.0,-685.0,1224.0,12:25:37.103757
212.0,-359.0,412.0,12:25:37.113099
-24.0,-259.0,732.0,12:25:37.122464
30.0,-565.0,950.0,12:25:37.132901
97.0,-318.0,545.0,12:25:37.142304
126.0,-572.0,971.0,12:25:37.152739
-46.0,-449.0,1207.0,12:25:37.162338
-153.0,-532.0,859.0,12:25:37.171642
104.0,-498.0,955.0,12:25:37.182309
89.0,-401.0,1045.0,12:25:37.191565
198.0,-411.0,1088.0,12:25:37.201118
-21.0,-490.0,1032.0,12:25:37.211603
65.0,-426.0,778.0,12:25:37.221131
6.0,-404.0,709.0,12:25:37.231523
81.0,-537.0,802.0,12:25:37.241095
-24.0,-501.0,865.0,12:25:37.250365
246.0,-561.0,1007.0,12:25:37.260885
-27.0,-781.0,1253.0,12:25:37.270199
-40.0,-621.0,731.0,12:25:37.280737
165.0,-499.0,791.0,12:25:37.290154
-45.0,-521.0,913.0,12:25:37.300677
-11.0,-357.0,899.0,12:25:37.310077
109.0,-449.0,943.0,12:25:37.319487
20.0,-653.0,889.0,12:25:37.329932
-51.0,-462.0,806.0,12:25:37.339331
79.0,-637.0,1037.0,12:25:37.349897
115.0,-255.0,899.0,12:25:37.359323
-65.0,-389.0,1063.0,12:25:37.368598
176.0,-582.0,935.0,12:25:37.379070
64.0,-671.0,962.0,12:25:37.388375
53.0,-558.0,862.0,12:25:37.398996
74.0,-554.0,850.0,12:25:37.408317
3.0,-366.0,1026.0,12:25:37.418890
-58.0,-554.0,1119.0,12:25:37.428245
-60.0,-587.0,958.0,12:25:37.437711
-38.0,-575.0,976.0,12:25:37.448162
-72.0,-582.0,778.0,12:25:37.457462
137.0,-720.0,1035.0,12:25:37.468635
145.0,-565.0,793.0,12:25:37.478053
78.0,-346.0,742.0,12:25:37.487362
-13.0,-472.0,785.0,12:25:37.497822
121.0,-554.0,752.0,12:25:37.507210
171.0,-363.0,592.0,12:25:37.516587
-61.0,-573.0,961.0,12:25:37.527071
-139.0,-452.0,809.0,12:25:37.536597
-19.0,-451.0,1278.0,12:25:37.547048
-44.0,-797.0,1364.0,12:25:37.556445
135.0,-673.0,741.0,12:25:37.565754
27.0,-477.0,505.0,12:25:37.576177
23.0,-687.0,1282.0,12:25:37.585503
-1.0,-625.0,888.0,12:25:37.595906
-59.0,-218.0,362.0,12:25:37.605266
-140.0,-431.0,1115.0,12:25:37.615775
7.0,-374.0,854.0,12:25:37.625210
-32.0,-471.0,884.0,12:25:37.634656
22.0,-463.0,1030.0,12:25:37.645226
3.0,-481.0,1119.0,12:25:37.654652
94.0,-542.0,967.0,12:25:37.665196
-66.0,-452.0,874.0,12:25:37.674554
180.0,-528.0,1248.0,12:25:37.683926
103.0,-274.0,801.0,12:25:37.694621
-15.0,-358.0,787.0,12:25:37.703942
40.0,-582.0,1089.0,12:25:37.714438
223.0,-334.0,645.0,12:25:37.723799
30.0,-122.0,676.0,12:25:37.733184
-62.0,-435.0,1274.0,12:25:37.743612
111.0,-426.0,927.0,12:25:37.752962
90.0,-445.0,683.0,12:25:37.763493
77.0,-551.0,1043.0,12:25:37.772911
105.0,-604.0,1236.0,12:25:37.782342
119.0,-319.0,820.0,12:25:37.792864
-87.0,-490.0,736.0,12:25:37.802330
122.0,-445.0,683.0,12:25:37.812829
192.0,-452.0,917.0,12:25:37.822312
35.0,-653.0,1242.0,12:25:37.831641
147.0,-482.0,524.0,12:25:37.842072
104.0,-339.0,362.0,12:25:37.851408
-24.0,-595.0,1407.0,12:25:37.867979
-30.0,-784.0,1382.0,12:25:37.871892
-13.0,-699.0,1330.0,12:25:37.881199
265.0,-400.0,206.0,12:25:37.891787
3.0,-587.0,1461.0,12:25:37.901238
-49.0,-484.0,1303.0,12:25:37.910577
13.0,-243.0,341.0,12:25:37.921139
164.0,-706.0,948.0,12:25:37.930414
52.0,-594.0,990.0,12:25:37.940997
-27.0,-376.0,472.0,12:25:37.950254
35.0,-596.0,908.0,12:25:37.959643
-14.0,-570.0,1085.0,12:25:37.970084
41.0,-574.0,802.0,12:25:37.979420
-65.0,-496.0,736.0,12:25:37.990094
3.0,-566.0,800.0,12:25:37.999479
110.0,-377.0,998.0,12:25:38.010014
-30.0,-490.0,1149.0,12:25:38.019378
135.0,-471.0,782.0,12:25:38.028779
-184.0,-520.0,802.0,12:25:38.039354
209.0,-500.0,843.0,12:25:38.048699
-56.0,-616.0,1306.0,12:25:38.059314
66.0,-476.0,708.0,12:25:38.068605
141.0,-517.0,633.0,12:25:38.078011
94.0,-664.0,1075.0,12:25:38.088551
1.0,-460.0,730.0,12:25:38.097985
-38.0,-369.0,658.0,12:25:38.108356
281.0,-687.0,1477.0,12:25:38.117829
-13.0,-814.0,1297.0,12:25:38.127161
194.0,-440.0,235.0,12:25:38.137787
-91.0,-696.0,926.0,12:25:38.147116
193.0,-606.0,1313.0,12:25:38.157694
58.0,-502.0,701.0,12:25:38.166996
-171.0,-517.0,640.0,12:25:38.176480
126.0,-738.0,666.0,12:25:38.186906
60.0,-625.0,1348.0,12:25:38.196449
21.0,-462.0,1115.0,12:25:38.216052
-64.0,-458.0,952.0,12:25:38.226622
154.0,-801.0,1165.0,12:25:38.235973
-75.0,-328.0,951.0,12:25:38.246482
-48.0,-399.0,630.0,12:25:38.255881
-57.0,-484.0,1328.0,12:25:38.265235
-153.0,-572.0,768.0,12:25:38.275887
-35.0,-507.0,717.0,12:25:38.285170
106.0,-375.0,805.0,12:25:38.294643
19.0,-711.0,1410.0,12:25:38.305077
77.0,-405.0,953.0,12:25:38.314549
-179.0,-535.0,785.0,12:25:38.325033
104.0,-737.0,926.0,12:25:38.334473
72.0,-509.0,572.0,12:25:38.344967
65.0,-511.0,969.0,12:25:38.354326
96.0,-571.0,1011.0,12:25:38.364706
-98.0,-478.0,718.0,12:25:38.374108
138.0,-386.0,266.0,12:25:38.383444
33.0,-508.0,975.0,12:25:38.393946
-148.0,-382.0,1138.0,12:25:38.403390
3.0,-657.0,1003.0,12:25:38.413983
188.0,-590.0,795.0,12:25:38.423329
-54.0,-729.0,1259.0,12:25:38.432709
106.0,-635.0,856.0,12:25:38.443119
-143.0,-302.0,1155.0,12:25:38.452505
52.0,-632.0,1225.0,12:25:38.462899
-36.0,-360.0,649.0,12:25:38.472359
-73.0,-315.0,833.0,12:25:38.482774
86.0,-419.0,1096.0,12:25:38.492303
-129.0,-358.0,1065.0,12:25:38.501629
108.0,-573.0,1044.0,12:25:38.512475
19.0,-339.0,675.0,12:25:38.521752
-75.0,-409.0,825.0,12:25:38.531262
43.0,-313.0,1003.0,12:25:38.541682
-153.0,-257.0,1032.0,12:25:38.551114
-81.0,-455.0,1127.0,12:25:38.561589
80.0,-583.0,821.0,12:25:38.570998
212.0,-385.0,638.0,12:25:38.580351
42.0,-446.0,1120.0,12:25:38.590878
91.0,-389.0,1035.0,12:25:38.600185
102.0,-558.0,848.0,12:25:38.610777
190.0,-512.0,735.0,12:25:38.620097
268.0,-390.0,417.0,12:25:38.630625
-114.0,-500.0,1065.0,12:25:38.640008
183.0,-458.0,1233.0,12:25:38.649353
2.0,-686.0,1073.0,12:25:38.659913
164.0,-624.0,750.0,12:25:38.670084
249.0,-620.0,862.0,12:25:38.679595
59.0,-351.0,908.0,12:25:38.688958
69.0,-602.0,1171.0,12:25:38.699484
10.0,-499.0,607.0,12:25:38.709056
161.0,-717.0,860.0,12:25:38.718592
206.0,-656.0,744.0,12:25:38.728137
54.0,-480.0,714.0,12:25:38.738957
50.0,-511.0,1258.0,12:25:38.748602
7.0,-479.0,812.0,12:25:38.758093
125.0,-533.0,831.0,12:25:38.767705
-58.0,-391.0,942.0,12:25:38.778416
155.0,-386.0,768.0,12:25:38.788003
-43.0,-335.0,955.0,12:25:38.797699
-42.0,-379.0,1083.0,12:25:38.807245
17.0,-456.0,1001.0,12:25:38.816871
233.0,-692.0,976.0,12:25:38.827579
219.0,-440.0,590.0,12:25:38.837111
-64.0,-366.0,916.0,12:25:38.846698
95.0,-564.0,1344.0,12:25:38.856300
24.0,-548.0,1164.0,12:25:38.867190
171.0,-1165.0,1573.0,12:25:38.876699
155.0,-997.0,1166.0,12:25:38.886302
86.0,-683.0,763.0,12:25:38.896013
30.0,-699.0,1034.0,12:25:38.905595
245.0,-556.0,494.0,12:25:38.916240
36.0,-571.0,422.0,12:25:38.925704
76.0,-241.0,360.0,12:25:38.934975
-117.0,-285.0,819.0,12:25:38.945463
-169.0,-487.0,1138.0,12:25:38.954795
-81.0,-422.0,742.0,12:25:38.965201
60.0,-446.0,832.0,12:25:38.974578
6.0,-427.0,1238.0,12:25:38.984952
34.0,-303.0,1121.0,12:25:38.994268
-97.0,-436.0,956.0,12:25:39.004687
65.0,-433.0,860.0,12:25:39.014044
24.0,-508.0,773.0,12:25:39.024516
-70.0,-443.0,966.0,12:25:39.033832
-20.0,-414.0,861.0,12:25:39.044273
-53.0,-526.0,1077.0,12:25:39.053628
40.0,-512.0,910.0,12:25:39.071742
166.0,-504.0,724.0,12:25:39.074394
85.0,-520.0,1080.0,12:25:39.083769
130.0,-647.0,1184.0,12:25:39.093122
135.0,-529.0,984.0,12:25:39.102498
60.0,-626.0,975.0,12:25:39.112910
248.0,-713.0,881.0,12:25:39.122346
50.0,-430.0,773.0,12:25:39.132748
-5.0,-515.0,708.0,12:25:39.142068
48.0,-418.0,643.0,12:25:39.152497
-151.0,-358.0,699.0,12:25:39.161861
12.0,-516.0,634.0,12:25:39.172360
-77.0,-398.0,928.0,12:25:39.181653
-4.0,-548.0,1106.0,12:25:39.191082
104.0,-536.0,767.0,12:25:39.201496
-83.0,-258.0,1233.0,12:25:39.210787
14.0,-440.0,1519.0,12:25:39.221234
-38.0,-519.0,1342.0,12:25:39.230521
21.0,-502.0,850.0,12:25:39.240970
-46.0,-653.0,1025.0,12:25:39.250316
137.0,-662.0,834.0,12:25:39.260748
69.0,-530.0,617.0,12:25:39.270064
77.0,-579.0,666.0,12:25:39.289607
-121.0,-625.0,768.0,12:25:39.300082
18.0,-679.0,813.0,12:25:39.309375
-16.0,-557.0,801.0,12:25:39.319794
-181.0,-412.0,781.0,12:25:39.329061
91.0,-513.0,834.0,12:25:39.339507
-54.0,-391.0,736.0,12:25:39.348976
-13.0,-401.0,707.0,12:25:39.359389
-6.0,-322.0,873.0,12:25:39.368848
-27.0,-472.0,902.0,12:25:39.379347
83.0,-564.0,864.0,12:25:39.388648
46.0,-583.0,1068.0,12:25:39.397960
61.0,-710.0,1025.0,12:25:39.408423
100.0,-645.0,787.0,12:25:39.417781
-38.0,-544.0,936.0,12:25:39.428198
59.0,-524.0,840.0,12:25:39.437552
5.0,-356.0,764.0,12:25:39.447993
-150.0,-466.0,1024.0,12:25:39.457280
-43.0,-439.0,853.0,12:25:39.467781
133.0,-437.0,918.0,12:25:39.477076
92.0,-589.0,1135.0,12:25:39.487484
50.0,-565.0,1034.0,12:25:39.496796
70.0,-563.0,864.0,12:25:39.507257
122.0,-755.0,1257.0,12:25:39.516617
-77.0,-610.0,1045.0,12:25:39.527051
3.0,-527.0,774.0,12:25:39.536333
43.0,-541.0,949.0,12:25:39.545696
89.0,-483.0,849.0,12:25:39.556120
15.0,-401.0,822.0,12:25:39.565467
-31.0,-383.0,962.0,12:25:39.575906
-15.0,-572.0,855.0,12:25:39.585233
94.0,-453.0,911.0,12:25:39.595732
-85.0,-463.0,821.0,12:25:39.605042
12.0,-501.0,812.0,12:25:39.615474
-42.0,-483.0,936.0,12:25:39.624768
-30.0,-462.0,820.0,12:25:39.635202
-3.0,-435.0,654.0,12:25:39.644593
17.0,-401.0,801.0,12:25:39.655020
-81.0,-536.0,894.0,12:25:39.664367
169.0,-476.0,885.0,12:25:39.674862
58.0,-455.0,1128.0,12:25:39.684136
-35.0,-630.0,999.0,12:25:39.694603
164.0,-576.0,916.0,12:25:39.703946
52.0,-600.0,972.0,12:25:39.713252
-34.0,-526.0,862.0,12:25:39.723716
62.0,-341.0,872.0,12:25:39.733041
2.0,-359.0,888.0,12:25:39.743447
18.0,-373.0,737.0,12:25:39.752709
81.0,-258.0,793.0,12:25:39.763253
55.0,-496.0,1282.0,12:25:39.772538
43.0,-546.0,1190.0,12:25:39.782950
136.0,-586.0,1024.0,12:25:39.792352
230.0,-681.0,1205.0,12:25:39.802832
132.0,-626.0,995.0,12:25:39.812197
8.0,-434.0,896.0,12:25:39.821637
-26.0,-513.0,1045.0,12:25:39.832028
34.0,-509.0,718.0,12:25:39.841335
37.0,-483.0,821.0,12:25:39.851829
-141.0,-417.0,1079.0,12:25:39.861155
-78.0,-542.0,1103.0,12:25:39.874019
73.0,-611.0,1019.0,12:25:39.881727
129.0,-594.0,944.0,12:25:39.891174
89.0,-543.0,907.0,12:25:39.900498
127.0,-396.0,997.0,12:25:39.911000
131.0,-473.0,805.0,12:25:39.924687
-8.0,-444.0,658.0,12:25:39.930629
101.0,-352.0,597.0,12:25:39.940216
-115.0,-291.0,692.0,12:25:39.949736
147.0,-442.0,772.0,12:25:39.960448
29.0,-540.0,976.0,12:25:39.969761
114.0,-533.0,903.0,12:25:39.980226
71.0,-708.0,901.0,12:25:39.989574
278.0,-666.0,849.0,12:25:39.999020
-25.0,-467.0,946.0,12:25:40.009410
112.0,-642.0,963.0,12:25:40.018846
114.0,-386.0,700.0,12:25:40.029229
-30.0,-327.0,933.0,12:25:40.038581
68.0,-568.0,1075.0,12:25:40.048991
-21.0,-629.0,992.0,12:25:40.058322
137.0,-711.0,1006.0,12:25:40.068782
26.0,-525.0,857.0,12:25:40.078110
94.0,-559.0,898.0,12:25:40.088548
107.0,-596.0,861.0,12:25:40.097834
-17.0,-409.0,667.0,12:25:40.108266
37.0,-365.0,832.0,12:25:40.117755
66.0,-271.0,784.0,12:25:40.127024
88.0,-337.0,1186.0,12:25:40.137491
96.0,-464.0,1246.0,12:25:40.146726
19.0,-528.0,1288.0,12:25:40.157397
206.0,-705.0,1233.0,12:25:40.166724
85.0,-662.0,1100.0,12:25:40.177238
177.0,-637.0,969.0,12:25:40.186644
64.0,-568.0,829.0,12:25:40.196013
49.0,-414.0,642.0,12:25:40.206547
23.0,-554.0,1002.0,12:25:40.215987
1.0,-451.0,759.0,12:25:40.226482
-90.0,-484.0,621.0,12:25:40.235928
-102.0,-535.0,956.0,12:25:40.245355
157.0,-518.0,769.0,12:25:40.255925
-53.0,-474.0,949.0,12:25:40.273362
-74.0,-556.0,867.0,12:25:40.274775
114.0,-674.0,823.0,12:25:40.285704
137.0,-554.0,861.0,12:25:40.294991
20.0,-660.0,1080.0,12:25:40.304417
-26.0,-647.0,1053.0,12:25:40.314784
40.0,-614.0,842.0,12:25:40.324216
32.0,-547.0,812.0,12:25:40.334654
79.0,-534.0,879.0,12:25:40.343960
-46.0,-605.0,1029.0,12:25:40.354503
-16.0,-443.0,858.0,12:25:40.363989
98.0,-601.0,969.0,12:25:40.373393
137.0,-564.0,1075.0,12:25:40.383936
-58.0,-524.0,1201.0,12:25:40.393321
117.0,-670.0,1184.0,12:25:40.402801
-100.0,-572.0,1183.0,12:25:40.413333
217.0,-763.0,1073.0,12:25:40.422679
76.0,-610.0,865.0,12:25:40.433077
42.0,-572.0,644.0,12:25:40.442466
-18.0,-425.0,724.0,12:25:40.452953
-125.0,-424.0,591.0,12:25:40.462390
-112.0,-385.0,741.0,12:25:40.472790
-31.0,-300.0,747.0,12:25:40.482183
-94.0,-315.0,792.0,12:25:40.491562
-9.0,-118.0,1035.0,12:25:40.501987
16.0,-352.0,1012.0,12:25:40.511411
-89.0,-385.0,936.0,12:25:40.521986
128.0,-444.0,1030.0,12:25:40.531307
-13.0,-558.0,1000.0,12:25:40.541830
91.0,-534.0,1112.0,12:25:40.551188
20.0,-659.0,1022.0,12:25:40.560524
117.0,-651.0,820.0,12:25:40.571136
-43.0,-515.0,570.0,12:25:40.580431
97.0,-461.0,509.0,12:25:40.590969
16.0,-375.0,582.0,12:25:40.600309
-53.0,-247.0,328.0,12:25:40.609727
-87.0,-321.0,810.0,12:25:40.620160
12.0,-433.0,1034.0,12:25:40.629468
-195.0,-711.0,1558.0,12:25:40.640019
47.0,-890.0,1820.0,12:25:40.649459
305.0,-907.0,1496.0,12:25:40.659961
271.0,-685.0,784.0,12:25:40.669335
168.0,-704.0,942.0,12:25:40.678829
60.0,-320.0,634.0,12:25:40.689414
18.0,-396.0,627.0,12:25:40.698940
-90.0,-450.0,830.0,12:25:40.708280
-64.0,-570.0,822.0,12:25:40.718896
16.0,-501.0,496.0,12:25:40.728251
-58.0,-380.0,966.0,12:25:40.738787
14.0,-481.0,1577.0,12:25:40.748176
-28.0,-420.0,977.0,12:25:40.757533
79.0,-291.0,505.0,12:25:40.768089
52.0,-453.0,982.0,12:25:40.777374
24.0,-370.0,1039.0,12:25:40.787814
-37.0,-637.0,1240.0,12:25:40.797219
63.0,-693.0,1175.0,12:25:40.807781
208.0,-903.0,865.0,12:25:40.817186
144.0,-646.0,836.0,12:25:40.826639
-6.0,-622.0,923.0,12:25:40.837157
176.0,-576.0,657.0,12:25:40.846565
209.0,-292.0,234.0,12:25:40.856999
15.0,-460.0,459.0,12:25:40.866496
40.0,-405.0,748.0,12:25:40.875909
46.0,-318.0,910.0,12:25:40.886321
-90.0,-504.0,1377.0,12:25:40.895716
191.0,-693.0,1456.0,12:25:40.906138
115.0,-486.0,780.0,12:25:40.915497
30.0,-637.0,942.0,12:25:40.925903
197.0,-519.0,723.0,12:25:40.935223
238.0,-351.0,478.0,12:25:40.944585
163.0,-310.0,649.0,12:25:40.955094
-41.0,-625.0,860.0,12:25:40.964484
-104.0,-626.0,903.0,12:25:40.975001
-41.0,-272.0,1308.0,12:25:40.984373
-120.0,-160.0,1330.0,12:25:40.994957
-91.0,-396.0,1202.0,12:25:41.004281
110.0,-367.0,833.0,12:25:41.013614
-27.0,-612.0,1300.0,12:25:41.024075
202.0,-363.0,947.0,12:25:41.033617
27.0,-509.0,1094.0,12:25:41.044082
7.0,-669.0,995.0,12:25:41.053535
134.0,-522.0,639.0,12:25:41.062834
-15.0,-565.0,857.0,12:25:41.075658
-4.0,-522.0,856.0,12:25:41.082985
149.0,-580.0,1033.0,12:25:41.092318
-68.0,-749.0,943.0,12:25:41.111958
33.0,-713.0,914.0,12:25:41.122548
-45.0,-648.0,996.0,12:25:41.131930
-31.0,-115.0,783.0,12:25:41.142469
-37.0,-322.0,935.0,12:25:41.151782
-42.0,-215.0,538.0,12:25:41.161290
12.0,-384.0,783.0,12:25:41.171692
-43.0,-478.0,1025.0,12:25:41.181083
-101.0,-448.0,791.0,12:25:41.191618
80.0,-795.0,1438.0,12:25:41.201186
-79.0,-750.0,1036.0,12:25:41.211553
115.0,-686.0,630.0,12:25:41.220926
-49.0,-411.0,641.0,12:25:41.231341
-10.0,-105.0,484.0,12:25:41.240752
-225.0,-115.0,1044.0,12:25:41.250093
37.0,-436.0,664.0,12:25:41.260604
204.0,-608.0,1008.0,12:25:41.270032
174.0,-454.0,545.0,12:25:41.280618
62.0,-387.0,807.0,12:25:41.289969
-16.0,-737.0,1619.0,12:25:41.299329
236.0,-794.0,1123.0,12:25:41.309760
287.0,-397.0,373.0,12:25:41.319095
173.0,-444.0,792.0,12:25:41.329488
109.0,-403.0,653.0,12:25:41.338899
-47.0,-339.0,1090.0,12:25:41.349339
26.0,-873.0,1870.0,12:25:41.358819
218.0,-953.0,1239.0,12:25:41.369179
14.0,-531.0,651.0,12:25:41.378497
-10.0,-882.0,1082.0,12:25:41.388925
10.0,-733.0,1016.0,12:25:41.398377
59.0,-262.0,382.0,12:25:41.407795
-73.0,-315.0,356.0,12:25:41.418274
-128.0,-390.0,767.0,12:25:41.427759
12.0,-417.0,1158.0,12:25:41.437139
-132.0,-558.0,1191.0,12:25:41.447773
-124.0,-105.0,846.0,12:25:41.457111
-60.0,-630.0,1543.0,12:25:41.467537
116.0,-743.0,1268.0,12:25:41.477809
175.0,-501.0,623.0,12:25:41.486831
207.0,-641.0,836.0,12:25:41.497301
128.0,-488.0,354.0,12:25:41.506686
86.0,-393.0,997.0,12:25:41.516050
-119.0,-491.0,891.0,12:25:41.526681
23.0,-630.0,959.0,12:25:41.536034
-10.0,-548.0,712.0,12:25:41.546705
103.0,-545.0,773.0,12:25:41.556038
-248.0,-616.0,1345.0,12:25:41.565493
162.0,-592.0,580.0,12:25:41.575931
85.0,-828.0,1034.0,12:25:41.585237
95.0,-715.0,790.0,12:25:41.595806
-11.0,-494.0,754.0,12:25:41.605180
-130.0,-580.0,1296.0,12:25:41.614725
79.0,-709.0,719.0,12:25:41.625195
-55.0,-679.0,896.0,12:25:41.634868
-142.0,-486.0,806.0,12:25:41.644318
-75.0,-411.0,900.0,12:25:41.654792
-16.0,-409.0,1007.0,12:25:41.664102
131.0,-382.0,712.0,12:25:41.674656
55.0,-323.0,664.0,12:25:41.684073
-65.0,-220.0,1423.0,12:25:41.693503
-276.0,-333.0,1893.0,12:25:41.704022
127.0,-401.0,523.0,12:25:41.713559
125.0,-574.0,822.0,12:25:41.722925
127.0,-379.0,955.0,12:25:41.733438
57.0,-587.0,1191.0,12:25:41.742708
-108.0,-472.0,527.0,12:25:41.753180
-138.0,-725.0,1053.0,12:25:41.762582
-46.0,-512.0,761.0,12:25:41.773035
37.0,-255.0,555.0,12:25:41.782343
-65.0,-492.0,1214.0,12:25:41.792844
-51.0,-438.0,946.0,12:25:41.802300
-91.0,-642.0,865.0,12:25:41.811733
-43.0,-347.0,778.0,12:25:41.822272
66.0,-396.0,1002.0,12:25:41.831625
199.0,-565.0,1003.0,12:25:41.841106
-2.0,-351.0,423.0,12:25:41.860731
25.0,-560.0,1214.0,12:25:41.871262
105.0,-419.0,1097.0,12:25:41.880589
233.0,-728.0,926.0,12:25:41.891239
-21.0,-571.0,876.0,12:25:41.900606
157.0,-403.0,575.0,12:25:41.910021
66.0,-553.0,1314.0,12:25:41.920492
77.0,-462.0,1149.0,12:25:41.929933
-76.0,-388.0,342.0,12:25:41.940469
66.0,-622.0,1116.0,12:25:41.949860
154.0,-468.0,882.0,12:25:41.959401
57.0,-492.0,1063.0,12:25:41.969878
-88.0,-488.0,1002.0,12:25:41.979181
124.0,-690.0,1041.0,12:25:41.989728
221.0,-658.0,938.0,12:25:41.999176
104.0,-614.0,928.0,12:25:42.009624
9.0,-554.0,864.0,12:25:42.019054
85.0,-405.0,607.0,12:25:42.028450
73.0,-509.0,868.0,12:25:42.038969
-159.0,-378.0,1032.0,12:25:42.048242
-101.0,-585.0,1038.0,12:25:42.058816
112.0,-575.0,638.0,12:25:42.068228
75.0,-563.0,691.0,12:25:42.077758
-78.0,-512.0,1162.0,12:25:42.088243
-89.0,-609.0,919.0,12:25:42.097694
173.0,-315.0,430.0,12:25:42.107042
-71.0,-533.0,1043.0,12:25:42.117787
-114.0,-490.0,731.0,12:25:42.127075
162.0,-250.0,519.0,12:25:42.137722
-136.0,-622.0,1677.0,12:25:42.147066
43.0,-683.0,1372.0,12:25:42.156584
41.0,-1104.0,1705.0,12:25:42.166976
322.0,-750.0,453.0,12:25:42.176301
243.0,-346.0,726.0,12:25:42.186938
22.0,-721.0,1660.0,12:25:42.196478
61.0,-524.0,116.0,12:25:42.205752
31.0,-81.0,-54.0,12:25:42.216242
-194.0,-550.0,1182.0,12:25:42.225582
-362.0,-218.0,852.0,12:25:42.236203
-165.0,-267.0,740.0,12:25:42.245652
157.0,-674.0,1393.0,12:25:42.254997
85.0,-629.0,1067.0,12:25:42.265440
191.0,-583.0,980.0,12:25:42.277864
157.0,-386.0,1131.0,12:25:42.285025
281.0,-390.0,870.0,12:25:42.294354
253.0,-481.0,763.0,12:25:42.304919
-71.0,-632.0,1361.0,12:25:42.314193
8.0,-569.0,770.0,12:25:42.324787
-144.0,-665.0,1167.0,12:25:42.334009
-43.0,-601.0,959.0,12:25:42.343468
-90.0,-340.0,112.0,12:25:42.353948
-153.0,-418.0,859.0,12:25:42.363428
-74.0,-569.0,1493.0,12:25:42.373906
55.0,-577.0,596.0,12:25:42.383411
-68.0,-309.0,383.0,12:25:42.393834
-52.0,-573.0,1186.0,12:25:42.403305
-11.0,-54.0,328.0,12:25:42.412589
-83.0,-289.0,845.0,12:25:42.423182
66.0,-60.0,353.0,12:25:42.432540
-79.0,-505.0,1145.0,12:25:42.443246
-31.0,-788.0,2047.0,12:25:42.452520
49.0,-1396.0,1972.0,12:25:42.461869
278.0,-958.0,167.0,12:25:42.472326
371.0,-409.0,1299.0,12:25:42.481764
-141.0,-355.0,1472.0,12:25:42.492252
-89.0,-187.0,679.0,12:25:42.501674
88.0,-578.0,388.0,12:25:42.511136
90.0,-718.0,627.0,12:25:42.521656
-210.0,-455.0,1004.0,12:25:42.531069
-188.0,-600.0,1259.0,12:25:42.541576
43.0,-829.0,924.0,12:25:42.550996
60.0,-688.0,619.0,12:25:42.560383
159.0,-503.0,597.0,12:25:42.570801
31.0,-343.0,754.0,12:25:42.580159
189.0,-359.0,917.0,12:25:42.590582
-36.0,-493.0,1201.0,12:25:42.600027
16.0,-463.0,818.0,12:25:42.609474
-51.0,-438.0,795.0,12:25:42.619952
-207.0,-442.0,1175.0,12:25:42.629316
23.0,-471.0,793.0,12:25:42.639879
-217.0,-472.0,848.0,12:25:42.649142
45.0,-461.0,1029.0,12:25:42.659665
-70.0,-300.0,754.0,12:25:42.669111
-32.0,-588.0,946.0,12:25:42.679989
-68.0,-586.0,879.0,12:25:42.689146
-41.0,-574.0,679.0,12:25:42.698477
50.0,-634.0,675.0,12:25:42.709013
94.0,-372.0,1129.0,12:25:42.718295
108.0,-492.0,808.0,12:25:42.727704
139.0,-557.0,529.0,12:25:42.738327
229.0,-592.0,638.0,12:25:42.747821
259.0,-656.0,803.0,12:25:42.757241
142.0,-514.0,722.0,12:25:42.767812
112.0,-743.0,573.0,12:25:42.777170
146.0,-480.0,1032.0,12:25:42.787722
91.0,-158.0,1416.0,12:25:42.797028
1.0,-55.0,1174.0,12:25:42.807487
-16.0,-509.0,984.0,12:25:42.816811
37.0,-518.0,1097.0,12:25:42.827285
79.0,-428.0,1197.0,12:25:42.836741
107.0,-573.0,1265.0,12:25:42.846055
-120.0,-548.0,1103.0,12:25:42.856689
-4.0,-541.0,787.0,12:25:42.866075
18.0,-494.0,724.0,12:25:42.875397
-50.0,-556.0,987.0,12:25:42.885969
-75.0,-602.0,1196.0,12:25:42.895362
-57.0,-632.0,1140.0,12:25:42.905812
-30.0,-664.0,784.0,12:25:42.915112
-18.0,-631.0,870.0,12:25:42.925711
107.0,-489.0,833.0,12:25:42.935142
-14.0,-450.0,929.0,12:25:42.944540
-72.0,-412.0,866.0,12:25:42.954982
30.0,-549.0,774.0,12:25:42.964364
19.0,-433.0,698.0,12:25:42.974792
61.0,-476.0,791.0,12:25:42.984114
49.0,-479.0,1045.0,12:25:42.994618
53.0,-557.0,988.0,12:25:43.004013
27.0,-606.0,846.0,12:25:43.013489
72.0,-559.0,939.0,12:25:43.024020
-22.0,-492.0,1004.0,12:25:43.033366
153.0,-524.0,876.0,12:25:43.043891
23.0,-496.0,963.0,12:25:43.053141
76.0,-448.0,670.0,12:25:43.063666
83.0,-322.0,656.0,12:25:43.072949
98.0,-320.0,853.0,12:25:43.082399
55.0,-399.0,971.0,12:25:43.092913
151.0,-448.0,905.0,12:25:43.102384
68.0,-577.0,974.0,12:25:43.112817
198.0,-491.0,1084.0,12:25:43.122237
99.0,-471.0,942.0,12:25:43.132638
124.0,-501.0,860.0,12:25:43.141978
107.0,-486.0,976.0,12:25:43.151280
-18.0,-356.0,985.0,12:25:43.161802
-104.0,-483.0,1057.0,12:25:43.171140
-7.0,-552.0,1047.0,12:25:43.181651
39.0,-707.0,1005.0,12:25:43.190909
23.0,-630.0,1097.0,12:25:43.201539
149.0,-653.0,897.0,12:25:43.210859
64.0,-548.0,906.0,12:25:43.220266
107.0,-528.0,875.0,12:25:43.230813
4.0,-454.0,832.0,12:25:43.240177
113.0,-354.0,699.0,12:25:43.250564
43.0,-494.0,928.0,12:25:43.260075
198.0,-558.0,933.0,12:25:43.270476
75.0,-514.0,829.0,12:25:43.280009
156.0,-480.0,892.0,12:25:43.289346
-29.0,-562.0,1006.0,12:25:43.300017
103.0,-536.0,889.0,12:25:43.309369
44.0,-520.0,713.0,12:25:43.318853
10.0,-575.0,807.0,12:25:43.329304
8.0,-534.0,915.0,12:25:43.338767
-36.0,-571.0,1079.0,12:25:43.349186
3.0,-665.0,1013.0,12:25:43.358631
36.0,-734.0,934.0,12:25:43.369021
-108.0,-666.0,948.0,12:25:43.378441
17.0,-566.0,807.0,12:25:43.387813
-25.0,-468.0,924.0,12:25:43.398334
-84.0,-603.0,835.0,12:25:43.407788
41.0,-600.0,729.0,12:25:43.418278
-97.0,-498.0,837.0,12:25:43.427670
38.0,-551.0,853.0,12:25:43.437057
109.0,-385.0,725.0,12:25:43.447494
85.0,-538.0,1043.0,12:25:43.456829
-74.0,-389.0,869.0,12:25:43.467216
-16.0,-418.0,794.0,12:25:43.482971
43.0,-377.0,1021.0,12:25:43.486708
191.0,-399.0,1112.0,12:25:43.497090
-52.0,-480.0,1118.0,12:25:43.506498
136.0,-410.0,924.0,12:25:43.515811
-33.0,-445.0,1009.0,12:25:43.526514
131.0,-450.0,1046.0,12:25:43.535786
112.0,-291.0,855.0,12:25:43.546287
-83.0,-420.0,994.0,12:25:43.555793
212.0,-382.0,940.0,12:25:43.565180
116.0,-515.0,833.0,12:25:43.575749
44.0,-416.0,898.0,12:25:43.585061
106.0,-445.0,962.0,12:25:43.595493
152.0,-537.0,960.0,12:25:43.604873
-57.0,-462.0,794.0,12:25:43.615277
97.0,-420.0,930.0,12:25:43.624664
145.0,-457.0,915.0,12:25:43.634000
103.0,-525.0,889.0,12:25:43.644559
29.0,-492.0,830.0,12:25:43.653962
123.0,-639.0,1028.0,12:25:43.664526
122.0,-596.0,853.0,12:25:43.673796
93.0,-466.0,844.0,12:25:43.683193
90.0,-521.0,1099.0,12:25:43.693685
-57.0,-566.0,858.0,12:25:43.712519
26.0,-407.0,755.0,12:25:43.723064
121.0,-380.0,819.0,12:25:43.732448
101.0,-324.0,850.0,12:25:43.742970
-77.0,-153.0,567.0,12:25:43.752354
33.0,-220.0,646.0,12:25:43.762963
68.0,-383.0,876.0,12:25:43.772317
-85.0,-310.0,961.0,12:25:43.781774
8.0,-760.0,1856.0,12:25:43.792357
66.0,-737.0,1217.0,12:25:43.801735
107.0,-1079.0,1535.0,12:25:43.812220
177.0,-885.0,1065.0,12:25:43.821548
150.0,-657.0,644.0,12:25:43.832015
97.0,-453.0,754.0,12:25:43.841430
-25.0,-440.0,506.0,12:25:43.850733
137.0,-404.0,372.0,12:25:43.861343
39.0,-158.0,789.0,12:25:43.870686
-108.0,-628.0,1587.0,12:25:43.883078
-28.0,-645.0,1192.0,12:25:43.890496
16.0,-511.0,680.0,12:25:43.900923
-77.0,-570.0,1139.0,12:25:43.910241
65.0,-688.0,1374.0,12:25:43.919612
390.0,-565.0,548.0,12:25:43.930189
-2.0,-458.0,786.0,12:25:43.939448
104.0,-753.0,1119.0,12:25:43.949989
44.0,-450.0,246.0,12:25:43.959290
-29.0,-441.0,995.0,12:25:43.968891
-146.0,-745.0,1320.0,12:25:43.979328
43.0,-784.0,721.0,12:25:43.988642
93.0,-562.0,701.0,12:25:43.999146
-153.0,-566.0,956.0,12:25:44.008485
-162.0,-505.0,828.0,12:25:44.018995
69.0,-667.0,1013.0,12:25:44.028394
-239.0,-401.0,596.0,12:25:44.038963
-35.0,-732.0,1007.0,12:25:44.048292
-134.0,-525.0,1038.0,12:25:44.057771
-59.0,-556.0,1045.0,12:25:44.068222
61.0,-587.0,739.0,12:25:44.077726
-126.0,-622.0,677.0,12:25:44.088251
36.0,-588.0,730.0,12:25:44.097663
16.0,-866.0,1100.0,12:25:44.106880
92.0,-492.0,471.0,12:25:44.117431
147.0,-514.0,1005.0,12:25:44.126818
-168.0,-414.0,1137.0,12:25:44.137340
-6.0,-380.0,761.0,12:25:44.146766
-106.0,-151.0,792.0,12:25:44.156318
-43.0,-191.0,835.0,12:25:44.166919
-95.0,-454.0,1126.0,12:25:44.176458
73.0,-539.0,833.0,12:25:44.185777
-104.0,-295.0,947.0,12:25:44.196291
-7.0,-709.0,1741.0,12:25:44.205639
30.0,-485.0,823.0,12:25:44.216138
91.0,-392.0,771.0,12:25:44.225484
-35.0,-411.0,992.0,12:25:44.234874
142.0,-544.0,820.0,12:25:44.245398
13.0,-228.0,729.0,12:25:44.254827
41.0,-615.0,1379.0,12:25:44.265251
112.0,-528.0,680.0,12:25:44.274653
171.0,-658.0,1090.0,12:25:44.285096
18.0,-614.0,1126.0,12:25:44.294512
217.0,-644.0,737.0,12:25:44.303840
-54.0,-455.0,690.0,12:25:44.314391
222.0,-421.0,587.0,12:25:44.323790
-152.0,-148.0,817.0,12:25:44.334241
53.0,-486.0,1288.0,12:25:44.343627
49.0,-619.0,884.0,12:25:44.354092
-23.0,-447.0,476.0,12:25:44.363467
31.0,-374.0,1026.0,12:25:44.373897
-124.0,-535.0,1125.0,12:25:44.383452
40.0,-454.0,818.0,12:25:44.392777
89.0,-516.0,977.0,12:25:44.403300
-24.0,-566.0,1192.0,12:25:44.412603
82.0,-646.0,954.0,12:25:44.423196
123.0,-639.0,978.0,12:25:44.432455
144.0,-669.0,977.0,12:25:44.441824
-8.0,-412.0,712.0,12:25:44.452276
49.0,-397.0,929.0,12:25:44.461658
-90.0,-356.0,774.0,12:25:44.472226
68.0,-326.0,674.0,12:25:44.481662
115.0,-530.0,1090.0,12:25:44.490995
106.0,-516.0,926.0,12:25:44.501551
58.0,-441.0,978.0,12:25:44.510838
100.0,-590.0,1286.0,12:25:44.521276
84.0,-630.0,900.0,12:25:44.530530
83.0,-112.0,524.0,12:25:44.541307
223.0,-456.0,995.0,12:25:44.550538
55.0,-165.0,920.0,12:25:44.560054
61.0,-530.0,864.0,12:25:44.570584
114.0,-471.0,715.0,12:25:44.580140
174.0,-631.0,994.0,12:25:44.590642
123.0,-537.0,849.0,12:25:44.600151
227.0,-591.0,1045.0,12:25:44.609427
133.0,-732.0,1309.0,12:25:44.620056
67.0,-524.0,771.0,12:25:44.629435
112.0,-632.0,1003.0,12:25:44.638952
-100.0,-506.0,1027.0,12:25:44.649357
214.0,-580.0,620.0,12:25:44.658855
70.0,-477.0,677.0,12:25:44.669275
-35.0,-407.0,915.0,12:25:44.684943
117.0,-478.0,888.0,12:25:44.688829
58.0,-658.0,1194.0,12:25:44.698225
97.0,-602.0,853.0,12:25:44.707774
43.0,-647.0,820.0,12:25:44.718217
190.0,-315.0,745.0,12:25:44.727656
61.0,-509.0,1231.0,12:25:44.738164
-2.0,-460.0,721.0,12:25:44.747800
156.0,-423.0,692.0,12:25:44.757207
48.0,-578.0,1226.0,12:25:44.767811
77.0,-518.0,1051.0,12:25:44.777103
42.0,-547.0,1086.0,12:25:44.787652
-46.0,-621.0,885.0,12:25:44.796967
66.0,-511.0,604.0,12:25:44.806516
9.0,-444.0,947.0,12:25:44.816978
53.0,-291.0,747.0,12:25:44.826271
7.0,-501.0,868.0,12:25:44.835913
38.0,-561.0,965.0,12:25:44.846479
-57.0,-390.0,813.0,12:25:44.855815
-76.0,-519.0,1264.0,12:25:44.866312
-66.0,-487.0,1185.0,12:25:44.875835
109.0,-611.0,673.0,12:25:44.885210
30.0,-506.0,952.0,12:25:44.895750
227.0,-456.0,867.0,12:25:44.905072
43.0,-472.0,840.0,12:25:44.915488
-19.0,-430.0,811.0,12:25:44.924841
88.0,-520.0,853.0,12:25:44.935351
15.0,-455.0,735.0,12:25:44.944702
99.0,-559.0,1074.0,12:25:44.955102
67.0,-381.0,1047.0,12:25:44.964631
53.0,-406.0,694.0,12:25:44.973965
16.0,-403.0,1136.0,12:25:44.984539
93.0,-643.0,1015.0,12:25:44.993858
77.0,-507.0,940.0,12:25:45.004282
2.0,-468.0,1085.0,12:25:45.013635
72.0,-516.0,816.0,12:25:45.023107
56.0,-557.0,1010.0,12:25:45.033656
31.0,-505.0,1072.0,12:25:45.043005
138.0,-471.0,879.0,12:25:45.053526
72.0,-516.0,822.0,12:25:45.062948
133.0,-386.0,840.0,12:25:45.072342
64.0,-538.0,1177.0,12:25:45.086979
-86.0,-427.0,701.0,12:25:45.091905
135.0,-453.0,920.0,12:25:45.102453
92.0,-483.0,983.0,12:25:45.111786
54.0,-391.0,794.0,12:25:45.122395
20.0,-469.0,1142.0,12:25:45.131740
-115.0,-569.0,1139.0,12:25:45.141204
-80.0,-684.0,979.0,12:25:45.151701
130.0,-725.0,888.0,12:25:45.161129
134.0,-759.0,1039.0,12:25:45.171612
161.0,-675.0,822.0,12:25:45.181014
10.0,-486.0,718.0,12:25:45.191394
-16.0,-571.0,824.0,12:25:45.200762
154.0,-526.0,827.0,12:25:45.211225
10.0,-462.0,787.0,12:25:45.220713
-76.0,-477.0,676.0,12:25:45.230870
-3.0,-524.0,933.0,12:25:45.240289
42.0,-607.0,1021.0,12:25:45.249577
179.0,-417.0,731.0,12:25:45.260158
107.0,-395.0,802.0,12:25:45.269445
110.0,-426.0,985.0,12:25:45.279994
121.0,-372.0,986.0,12:25:45.289404
-102.0,-491.0,871.0,12:25:45.298844
0.0,-604.0,920.0,12:25:45.309320
44.0,-542.0,905.0,12:25:45.318634
-15.0,-540.0,961.0,12:25:45.329081
44.0,-519.0,875.0,12:25:45.338457
-45.0,-506.0,845.0,12:25:45.348958
67.0,-594.0,1208.0,12:25:45.358286
130.0,-665.0,1305.0,12:25:45.367778
-18.0,-675.0,973.0,12:25:45.378225
-97.0,-679.0,988.0,12:25:45.387698
45.0,-574.0,827.0,12:25:45.398148
-23.0,-434.0,687.0,12:25:45.407456
81.0,-488.0,850.0,12:25:45.417969
-73.0,-424.0,910.0,12:25:45.427244
-23.0,-639.0,974.0,12:25:45.437797
55.0,-683.0,1070.0,12:25:45.447225
-93.0,-498.0,911.0,12:25:45.456669
42.0,-607.0,879.0,12:25:45.467191
53.0,-420.0,706.0,12:25:45.476680
15.0,-199.0,501.0,12:25:45.485957
-125.0,-249.0,888.0,12:25:45.496569
48.0,-323.0,852.0,12:25:45.505925
-216.0,-235.0,784.0,12:25:45.516546
22.0,-390.0,982.0,12:25:45.525862
9.0,-588.0,1341.0,12:25:45.535250
65.0,-644.0,1103.0,12:25:45.545853
70.0,-542.0,897.0,12:25:45.555160
239.0,-668.0,1020.0,12:25:45.574920
-48.0,-483.0,838.0,12:25:45.585322
129.0,-605.0,747.0,12:25:45.594699
68.0,-357.0,590.0,12:25:45.605239
-54.0,-294.0,630.0,12:25:45.614720
-117.0,-370.0,770.0,12:25:45.624035
137.0,-391.0,959.0,12:25:45.634605
93.0,-475.0,1088.0,12:25:45.643884
149.0,-651.0,1259.0,12:25:45.654436
205.0,-563.0,1045.0,12:25:45.663737
145.0,-602.0,1253.0,12:25:45.673071
68.0,-726.0,1349.0,12:25:45.683558
200.0,-743.0,825.0,12:25:45.692931
80.0,-438.0,441.0,12:25:45.703464
-19.0,-450.0,920.0,12:25:45.712866
-120.0,-331.0,968.0,12:25:45.723408
-105.0,-256.0,520.0,12:25:45.732747
-45.0,-490.0,1008.0,12:25:45.742062
134.0,-523.0,1009.0,12:25:45.752567
-139.0,-440.0,966.0,12:25:45.761853
15.0,-550.0,1316.0,12:25:45.772406
136.0,-510.0,1207.0,12:25:45.781749
89.0,-301.0,715.0,12:25:45.791364
30.0,-399.0,916.0,12:25:45.801739
51.0,-491.0,901.0,12:25:45.811270
-11.0,-442.0,625.0,12:25:45.821655
119.0,-609.0,785.0,12:25:45.831171
71.0,-716.0,853.0,12:25:45.841615
140.0,-641.0,674.0,12:25:45.850977
99.0,-537.0,727.0,12:25:45.860254
-17.0,-608.0,893.0,12:25:45.870831
75.0,-543.0,868.0,12:25:45.887860
0.0,-421.0,806.0,12:25:45.891858
-49.0,-446.0,933.0,12:25:45.900118
