336.0,-1573.0,2047.0,14:02:25.076213
265.0,-904.0,-267.0,14:02:25.079874
81.0,-1192.0,749.0,14:02:25.089220
21.0,-711.0,1062.0,14:02:25.099641
127.0,-115.0,214.0,14:02:25.109256
87.0,-308.0,156.0,14:02:25.119750
173.0,-472.0,486.0,14:02:25.129121
55.0,-569.0,1018.0,14:02:25.139559
-83.0,-334.0,1168.0,14:02:25.148991
-37.0,-424.0,1347.0,14:02:25.158300
57.0,-621.0,1258.0,14:02:25.168759
108.0,-465.0,604.0,14:02:25.178066
-14.0,-90.0,626.0,14:02:25.188494
137.0,-577.0,1410.0,14:02:25.197923
-72.0,-573.0,988.0,14:02:25.208500
119.0,-294.0,695.0,14:02:25.217944
185.0,-401.0,468.0,14:02:25.227251
41.0,-512.0,833.0,14:02:25.237856
21.0,-408.0,1372.0,14:02:25.247121
-105.0,-444.0,1310.0,14:02:25.257764
104.0,-622.0,404.0,14:02:25.267107
139.0,-359.0,312.0,14:02:25.277738
144.0,-486.0,1311.0,14:02:25.287068
210.0,-281.0,859.0,14:02:25.296419
146.0,-638.0,899.0,14:02:25.307031
45.0,-596.0,1005.0,14:02:25.316304
66.0,-479.0,734.0,14:02:25.326967
90.0,-551.0,580.0,14:02:25.336202
-69.0,-254.0,795.0,14:02:25.345548
138.0,-296.0,725.0,14:02:25.356060
156.0,-499.0,689.0,14:02:25.365608
65.0,-1019.0,1616.0,14:02:25.376101
206.0,-1040.0,1344.0,14:02:25.385557
98.0,-429.0,519.0,14:02:25.394881
71.0,-505.0,678.0,14:02:25.405448
206.0,-577.0,724.0,14:02:25.414756
221.0,-548.0,692.0,14:02:25.425283
217.0,-617.0,695.0,14:02:25.434718
9.0,-396.0,364.0,14:02:25.445153
79.0,-927.0,1291.0,14:02:25.454468
-56.0,-571.0,1646.0,14:02:25.463868
-159.0,142.0,676.0,14:02:25.474435
-134.0,183.0,852.0,14:02:25.483758
-87.0,-595.0,1826.0,14:02:25.494276
279.0,-230.0,568.0,14:02:25.503684
136.0,-627.0,1123.0,14:02:25.514193
119.0,-705.0,1058.0,14:02:25.523642
-79.0,-435.0,889.0,14:02:25.533045
153.0,-630.0,1027.0,14:02:25.545695
119.0,-881.0,1060.0,14:02:25.553169
164.0,-644.0,374.0,14:02:25.562545
-163.0,-672.0,971.0,14:02:25.573001
-46.0,-853.0,1034.0,14:02:25.582420
-201.0,-452.0,403.0,14:02:25.593005
-19.0,-1054.0,884.0,14:02:25.602486
26.0,-680.0,832.0,14:02:25.611855
-58.0,-619.0,615.0,14:02:25.622254
-327.0,-574.0,822.0,14:02:25.631658
-1.0,-694.0,680.0,14:02:25.642116
-37.0,-476.0,474.0,14:02:25.651425
-235.0,-573.0,1116.0,14:02:25.661967
-76.0,-493.0,1121.0,14:02:25.671360
-94.0,-453.0,913.0,14:02:25.681918
-36.0,-687.0,986.0,14:02:25.691359
-69.0,-274.0,639.0,14:02:25.700738
51.0,-329.0,993.0,14:02:25.711319
-62.0,-558.0,1345.0,14:02:25.720653
126.0,-182.0,616.0,14:02:25.731224
98.0,-554.0,1336.0,14:02:25.740602
111.0,-482.0,1184.0,14:02:25.749850
49.0,-650.0,636.0,14:02:25.760399
133.0,-446.0,992.0,14:02:25.769705
-62.0,-376.0,1365.0,14:02:25.780233
155.0,-339.0,573.0,14:02:25.789541
3.0,-271.0,744.0,14:02:25.800136
113.0,-539.0,1358.0,14:02:25.809566
21.0,-281.0,743.0,14:02:25.819060
7.0,-338.0,496.0,14:02:25.829499
75.0,-371.0,793.0,14:02:25.838927
-13.0,-661.0,1141.0,14:02:25.849456
-2.0,-561.0,1116.0,14:02:25.858732
73.0,-698.0,1570.0,14:02:25.869220
28.0,-719.0,1140.0,14:02:25.878504
168.0,-622.0,717.0,14:02:25.887952
105.0,-629.0,965.0,14:02:25.898440
173.0,-455.0,844.0,14:02:25.907858
221.0,-417.0,573.0,14:02:25.918414
114.0,-403.0,795.0,14:02:25.927819
56.0,-473.0,1067.0,14:02:25.937170
160.0,-714.0,944.0,14:02:25.949185
199.0,-462.0,727.0,14:02:25.957154
68.0,-296.0,887.0,14:02:25.967842
292.0,-543.0,1040.0,14:02:25.977101
103.0,-242.0,852.0,14:02:25.986452
79.0,-411.0,731.0,14:02:25.997027
166.0,-453.0,824.0,14:02:26.006442
177.0,-388.0,945.0,14:02:26.017031
-18.0,-303.0,846.0,14:02:26.026386
77.0,-650.0,1138.0,14:02:26.035752
112.0,-354.0,271.0,14:02:26.046346
67.0,-266.0,775.0,14:02:26.055622
61.0,-815.0,2024.0,14:02:26.066162
0.0,-840.0,1086.0,14:02:26.075568
99.0,-747.0,695.0,14:02:26.085980
54.0,-393.0,430.0,14:02:26.095349
341.0,-550.0,660.0,14:02:26.105765
85.0,-295.0,771.0,14:02:26.115212
21.0,-349.0,687.0,14:02:26.124581
47.0,-405.0,870.0,14:02:26.135048
-39.0,-730.0,1283.0,14:02:26.144364
24.0,-752.0,1206.0,14:02:26.154965
199.0,-515.0,762.0,14:02:26.164236
171.0,-532.0,874.0,14:02:26.174870
201.0,-784.0,989.0,14:02:26.184216
126.0,-570.0,809.0,14:02:26.193553
-8.0,-353.0,1036.0,14:02:26.203981
71.0,-681.0,946.0,14:02:26.213362
114.0,-644.0,555.0,14:02:26.223985
-53.0,-503.0,665.0,14:02:26.233330
9.0,-527.0,1060.0,14:02:26.243858
-44.0,-645.0,934.0,14:02:26.253216
115.0,-483.0,839.0,14:02:26.262744
47.0,-579.0,1095.0,14:02:26.273327
106.0,-498.0,964.0,14:02:26.282743
87.0,-418.0,1227.0,14:02:26.293162
-51.0,-297.0,812.0,14:02:26.302627
126.0,-550.0,828.0,14:02:26.311959
78.0,-521.0,849.0,14:02:26.322431
36.0,-255.0,848.0,14:02:26.331817
35.0,-366.0,989.0,14:02:26.342330
52.0,-429.0,728.0,14:02:26.351714
36.0,-410.0,832.0,14:02:26.362159
-19.0,-443.0,1211.0,14:02:26.371566
19.0,-703.0,1264.0,14:02:26.380906
86.0,-458.0,716.0,14:02:26.391409
59.0,-731.0,1106.0,14:02:26.400862
204.0,-832.0,940.0,14:02:26.410581
183.0,-515.0,426.0,14:02:26.421231
58.0,-537.0,765.0,14:02:26.430701
124.0,-676.0,1131.0,14:02:26.440103
199.0,-594.0,767.0,14:02:26.450645
19.0,-581.0,843.0,14:02:26.459937
170.0,-656.0,1059.0,14:02:26.470470
35.0,-623.0,797.0,14:02:26.479889
27.0,-614.0,883.0,14:02:26.490305
-13.0,-475.0,840.0,14:02:26.499728
-26.0,-590.0,827.0,14:02:26.509077
-6.0,-469.0,773.0,14:02:26.519653
-42.0,-442.0,904.0,14:02:26.529085
0.0,-574.0,991.0,14:02:26.539553
-106.0,-446.0,999.0,14:02:26.549001
-20.0,-605.0,1187.0,14:02:26.558464
48.0,-390.0,745.0,14:02:26.569087
4.0,-589.0,964.0,14:02:26.578417
-120.0,-312.0,874.0,14:02:26.589019
20.0,-504.0,905.0,14:02:26.598440
-113.0,-448.0,906.0,14:02:26.607825
-17.0,-706.0,1046.0,14:02:26.618338
-78.0,-503.0,808.0,14:02:26.627805
36.0,-726.0,1202.0,14:02:26.638243
8.0,-480.0,816.0,14:02:26.647546
40.0,-692.0,973.0,14:02:26.656973
6.0,-458.0,670.0,14:02:26.667602
79.0,-526.0,789.0,14:02:26.676987
-88.0,-456.0,913.0,14:02:26.687455
-49.0,-504.0,828.0,14:02:26.696909
17.0,-634.0,987.0,14:02:26.706295
-69.0,-460.0,703.0,14:02:26.716896
45.0,-664.0,1224.0,14:02:26.726326
-179.0,-476.0,1075.0,14:02:26.737036
28.0,-387.0,729.0,14:02:26.748401
-1.0,-654.0,1187.0,14:02:26.755718
32.0,-417.0,603.0,14:02:26.766279
-33.0,-363.0,794.0,14:02:26.775704
-126.0,-401.0,1039.0,14:02:26.786271
17.0,-568.0,842.0,14:02:26.795691
55.0,-544.0,956.0,14:02:26.805057
31.0,-453.0,724.0,14:02:26.815538
-130.0,-442.0,1103.0,14:02:26.825031
48.0,-558.0,1109.0,14:02:26.835463
117.0,-328.0,533.0,14:02:26.844836
65.0,-387.0,856.0,14:02:26.854173
85.0,-416.0,1097.0,14:02:26.864842
89.0,-491.0,939.0,14:02:26.874229
180.0,-649.0,1161.0,14:02:26.884725
8.0,-510.0,1021.0,14:02:26.894122
42.0,-651.0,983.0,14:02:26.903491
33.0,-574.0,1058.0,14:02:26.914003
151.0,-448.0,732.0,14:02:26.923362
103.0,-613.0,889.0,14:02:26.933882
54.0,-520.0,917.0,14:02:26.943235
61.0,-482.0,872.0,14:02:26.953751
2.0,-530.0,802.0,14:02:26.963022
81.0,-646.0,878.0,14:02:26.973564
105.0,-390.0,631.0,14:02:26.982821
-41.0,-333.0,962.0,14:02:26.993321
182.0,-740.0,1182.0,14:02:27.002709
160.0,-534.0,740.0,14:02:27.012010
73.0,-343.0,681.0,14:02:27.022527
115.0,-441.0,978.0,14:02:27.031888
-41.0,-664.0,1320.0,14:02:27.042494
20.0,-489.0,688.0,14:02:27.051837
73.0,-641.0,1029.0,14:02:27.061272
-67.0,-525.0,1050.0,14:02:27.071719
-44.0,-325.0,538.0,14:02:27.081311
-42.0,-801.0,1346.0,14:02:27.091743
140.0,-533.0,694.0,14:02:27.101200
25.0,-451.0,706.0,14:02:27.111624
-53.0,-419.0,1161.0,14:02:27.120982
-59.0,-515.0,1171.0,14:02:27.130287
-5.0,-403.0,613.0,14:02:27.147996
78.0,-304.0,663.0,14:02:27.152945
-66.0,-459.0,1267.0,14:02:27.160146
44.0,-248.0,786.0,14:02:27.170792
-100.0,-502.0,1087.0,14:02:27.180197
61.0,-675.0,1071.0,14:02:27.189617
92.0,-632.0,798.0,14:02:27.200200
45.0,-531.0,935.0,14:02:27.209533
58.0,-481.0,795.0,14:02:27.218991
36.0,-416.0,694.0,14:02:27.229417
73.0,-349.0,620.0,14:02:27.238821
124.0,-493.0,1099.0,14:02:27.249294
106.0,-572.0,1078.0,14:02:27.258678
-50.0,-690.0,1057.0,14:02:27.269285
115.0,-683.0,893.0,14:02:27.278646
-24.0,-440.0,650.0,14:02:27.289094
201.0,-610.0,1054.0,14:02:27.298358
66.0,-335.0,929.0,14:02:27.307852
179.0,-371.0,595.0,14:02:27.318345
153.0,-529.0,983.0,14:02:27.327863
96.0,-456.0,1266.0,14:02:27.338341
-23.0,-214.0,863.0,14:02:27.348023
33.0,-662.0,1298.0,14:02:27.357304
28.0,-249.0,551.0,14:02:27.377030
-96.0,-516.0,1488.0,14:02:27.387552
121.0,-598.0,983.0,14:02:27.396968
128.0,-453.0,334.0,14:02:27.407363
8.0,-678.0,1115.0,14:02:27.416712
33.0,-463.0,782.0,14:02:27.427136
-45.0,-355.0,828.0,14:02:27.436543
27.0,-721.0,1172.0,14:02:27.445867
-48.0,-332.0,414.0,14:02:27.456376
10.0,-689.0,977.0,14:02:27.465763
-22.0,-469.0,810.0,14:02:27.476308
-64.0,-311.0,846.0,14:02:27.485733
26.0,-791.0,1635.0,14:02:27.495186
96.0,-615.0,774.0,14:02:27.505670
117.0,-658.0,855.0,14:02:27.515024
8.0,-748.0,1132.0,14:02:27.525426
-28.0,-460.0,906.0,14:02:27.534782
-21.0,-514.0,719.0,14:02:27.545205
-140.0,-307.0,686.0,14:02:27.554662
-54.0,-477.0,948.0,14:02:27.565247
-11.0,-350.0,887.0,14:02:27.574666
-133.0,-289.0,838.0,14:02:27.584034
-43.0,-601.0,1320.0,14:02:27.594593
128.0,-329.0,777.0,14:02:27.604057
14.0,-529.0,1004.0,14:02:27.613523
117.0,-613.0,1077.0,14:02:27.624106
-2.0,-216.0,752.0,14:02:27.633491
-55.0,-553.0,1345.0,14:02:27.644011
146.0,-434.0,491.0,14:02:27.653520
32.0,-532.0,653.0,14:02:27.662856
61.0,-746.0,1156.0,14:02:27.673320
88.0,-515.0,368.0,14:02:27.682609
-40.0,-508.0,969.0,14:02:27.693060
81.0,-516.0,1099.0,14:02:27.702442
19.0,-418.0,671.0,14:02:27.712970
45.0,-377.0,936.0,14:02:27.722401
1.0,-500.0,1583.0,14:02:27.731862
125.0,-647.0,763.0,14:02:27.742363
66.0,-402.0,691.0,14:02:27.751811
135.0,-809.0,1507.0,14:02:27.762385
58.0,-481.0,672.0,14:02:27.771739
68.0,-139.0,523.0,14:02:27.781104
13.0,-644.0,1445.0,14:02:27.791550
91.0,-523.0,831.0,14:02:27.800860
-52.0,-310.0,594.0,14:02:27.811350
-73.0,-438.0,1333.0,14:02:27.820756
66.0,-648.0,1116.0,14:02:27.831316
137.0,-489.0,784.0,14:02:27.840650
118.0,-416.0,818.0,14:02:27.851085
143.0,-591.0,925.0,14:02:27.860554
25.0,-475.0,854.0,14:02:27.880247
24.0,-517.0,942.0,14:02:27.889543
98.0,-555.0,777.0,14:02:27.900251
-10.0,-630.0,1058.0,14:02:27.909586
26.0,-546.0,850.0,14:02:27.920099
59.0,-478.0,734.0,14:02:27.929483
60.0,-725.0,1126.0,14:02:27.938777
45.0,-490.0,589.0,14:02:27.951939
0.0,-300.0,720.0,14:02:27.959213
-86.0,-556.0,1529.0,14:02:27.968515
-2.0,-389.0,613.0,14:02:27.979160
-12.0,-319.0,584.0,14:02:27.988535
-56.0,-634.0,1591.0,14:02:27.997952
67.0,-478.0,923.0,14:02:28.008482
70.0,-502.0,838.0,14:02:28.017897
-5.0,-742.0,1268.0,14:02:28.028346
186.0,-474.0,453.0,14:02:28.037830
29.0,-375.0,801.0,14:02:28.047298
-129.0,-531.0,1331.0,14:02:28.057966
-29.0,-367.0,707.0,14:02:28.067347
-39.0,-531.0,786.0,14:02:28.076778
38.0,-570.0,973.0,14:02:28.087361
50.0,-385.0,798.0,14:02:28.096671
12.0,-398.0,974.0,14:02:28.107205
140.0,-542.0,794.0,14:02:28.116542
126.0,-583.0,822.0,14:02:28.127048
93.0,-415.0,1034.0,14:02:28.136436
37.0,-471.0,980.0,14:02:28.145905
89.0,-588.0,827.0,14:02:28.156468
93.0,-666.0,942.0,14:02:28.165821
5.0,-520.0,978.0,14:02:28.176368
88.0,-493.0,838.0,14:02:28.185761
95.0,-509.0,929.0,14:02:28.195178
2.0,-560.0,963.0,14:02:28.205711
69.0,-398.0,641.0,14:02:28.215038
-36.0,-438.0,1096.0,14:02:28.225517
-69.0,-559.0,1189.0,14:02:28.235045
-1.0,-522.0,780.0,14:02:28.244366
88.0,-470.0,733.0,14:02:28.254870
-58.0,-370.0,1034.0,14:02:28.264335
3.0,-531.0,1212.0,14:02:28.274807
-18.0,-697.0,1026.0,14:02:28.284151
97.0,-658.0,794.0,14:02:28.294682
-51.0,-386.0,827.0,14:02:28.304166
-15.0,-388.0,758.0,14:02:28.313575
-70.0,-638.0,1126.0,14:02:28.323978
-48.0,-213.0,442.0,14:02:28.343714
52.0,-475.0,1061.0,14:02:28.357105
59.0,-851.0,1353.0,14:02:28.363094
29.0,-334.0,410.0,14:02:28.372556
0.0,-335.0,930.0,14:02:28.383072
-42.0,-740.0,1448.0,14:02:28.392413
82.0,-573.0,765.0,14:02:28.402991
36.0,-399.0,577.0,14:02:28.412347
8.0,-564.0,1084.0,14:02:28.422939
88.0,-518.0,818.0,14:02:28.432317
59.0,-581.0,779.0,14:02:28.441707
3.0,-590.0,1071.0,14:02:28.452303
38.0,-477.0,922.0,14:02:28.461589
27.0,-405.0,830.0,14:02:28.472173
-41.0,-551.0,1124.0,14:02:28.481502
103.0,-403.0,868.0,14:02:28.491041
12.0,-305.0,794.0,14:02:28.501519
-5.0,-425.0,1005.0,14:02:28.510876
16.0,-529.0,913.0,14:02:28.521446
17.0,-455.0,764.0,14:02:28.530926
-17.0,-465.0,861.0,14:02:28.540244
22.0,-505.0,995.0,14:02:28.550768
-23.0,-681.0,972.0,14:02:28.560221
63.0,-500.0,670.0,14:02:28.570818
19.0,-709.0,1289.0,14:02:28.580226
43.0,-715.0,1052.0,14:02:28.589528
75.0,-389.0,365.0,14:02:28.600209
39.0,-639.0,1252.0,14:02:28.609511
7.0,-502.0,887.0,14:02:28.619001
106.0,-322.0,702.0,14:02:28.629513
-94.0,-475.0,1024.0,14:02:28.638980
-15.0,-600.0,1048.0,14:02:28.649458
1.0,-565.0,683.0,14:02:28.658820
-130.0,-429.0,824.0,14:02:28.669416
-12.0,-479.0,1251.0,14:02:28.678724
80.0,-651.0,1248.0,14:02:28.688081
-3.0,-519.0,764.0,14:02:28.698569
181.0,-465.0,851.0,14:02:28.708003
-47.0,-536.0,1168.0,14:02:28.718396
-11.0,-553.0,1098.0,14:02:28.727802
94.0,-408.0,598.0,14:02:28.738242
-25.0,-421.0,909.0,14:02:28.747750
66.0,-620.0,1132.0,14:02:28.757172
-16.0,-481.0,991.0,14:02:28.777958
67.0,-500.0,1192.0,14:02:28.787266
124.0,-468.0,725.0,14:02:28.796594
75.0,-394.0,604.0,14:02:28.807079
190.0,-339.0,731.0,14:02:28.816553
51.0,-312.0,888.0,14:02:28.827027
58.0,-289.0,669.0,14:02:28.836370
129.0,-319.0,904.0,14:02:28.845878
15.0,-528.0,1376.0,14:02:28.856428
34.0,-642.0,1310.0,14:02:28.865807
181.0,-619.0,887.0,14:02:28.876264
114.0,-389.0,663.0,14:02:28.885791
134.0,-506.0,1120.0,14:02:28.896184
119.0,-416.0,742.0,14:02:28.905589
174.0,-484.0,805.0,14:02:28.915004
131.0,-563.0,994.0,14:02:28.925517
-42.0,-540.0,844.0,14:02:28.934835
-29.0,-423.0,898.0,14:02:28.945391
-19.0,-657.0,1096.0,14:02:28.954922
31.0,-485.0,659.0,14:02:28.964324
24.0,-370.0,698.0,14:02:28.974797
-59.0,-426.0,1027.0,14:02:28.984230
50.0,-556.0,1052.0,14:02:28.993700
27.0,-500.0,739.0,14:02:29.004095
103.0,-509.0,817.0,14:02:29.013602
14.0,-814.0,1349.0,14:02:29.024051
53.0,-568.0,840.0,14:02:29.033573
79.0,-485.0,590.0,14:02:29.044008
65.0,-688.0,961.0,14:02:29.053318
78.0,-730.0,1066.0,14:02:29.063857
39.0,-477.0,771.0,14:02:29.073237
-40.0,-446.0,842.0,14:02:29.082575
-36.0,-639.0,934.0,14:02:29.093062
-3.0,-539.0,776.0,14:02:29.102552
-52.0,-356.0,770.0,14:02:29.113028
30.0,-414.0,943.0,14:02:29.122431
-56.0,-445.0,1088.0,14:02:29.131767
-13.0,-503.0,853.0,14:02:29.142335
-1.0,-284.0,602.0,14:02:29.155017
3.0,-538.0,1394.0,14:02:29.161348
-22.0,-518.0,1012.0,14:02:29.171729
-7.0,-376.0,879.0,14:02:29.181328
3.0,-586.0,1058.0,14:02:29.191807
96.0,-396.0,639.0,14:02:29.201190
37.0,-278.0,980.0,14:02:29.211684
16.0,-497.0,1188.0,14:02:29.221044
28.0,-237.0,426.0,14:02:29.231409
34.0,-374.0,802.0,14:02:29.240777
15.0,-733.0,1649.0,14:02:29.250192
27.0,-449.0,842.0,14:02:29.260728
44.0,-437.0,967.0,14:02:29.270345
149.0,-454.0,409.0,14:02:29.289974
206.0,-297.0,538.0,14:02:29.300428
98.0,-718.0,1606.0,14:02:29.309807
102.0,-453.0,626.0,14:02:29.319197
140.0,-293.0,429.0,14:02:29.329642
42.0,-684.0,1364.0,14:02:29.339168
75.0,-597.0,945.0,14:02:29.349618
126.0,-446.0,675.0,14:02:29.359110
11.0,-725.0,1176.0,14:02:29.368519
67.0,-490.0,703.0,14:02:29.379111
41.0,-500.0,671.0,14:02:29.388488
21.0,-451.0,913.0,14:02:29.397959
128.0,-373.0,696.0,14:02:29.408521
-45.0,-596.0,1359.0,14:02:29.417922
78.0,-714.0,1155.0,14:02:29.428450
76.0,-450.0,557.0,14:02:29.437947
-15.0,-641.0,1286.0,14:02:29.447312
91.0,-605.0,1005.0,14:02:29.457863
56.0,-330.0,377.0,14:02:29.467396
-34.0,-525.0,1131.0,14:02:29.477910
3.0,-500.0,821.0,14:02:29.487286
82.0,-303.0,558.0,14:02:29.496583
-38.0,-765.0,1383.0,14:02:29.507110
68.0,-592.0,819.0,14:02:29.516509
-80.0,-355.0,838.0,14:02:29.527098
158.0,-644.0,842.0,14:02:29.546814
22.0,-392.0,651.0,14:02:29.556936
-25.0,-454.0,1202.0,14:02:29.566468
7.0,-247.0,746.0,14:02:29.575921
23.0,-682.0,825.0,14:02:29.585332
-35.0,-604.0,879.0,14:02:29.595828
-65.0,-275.0,672.0,14:02:29.605238
-110.0,-415.0,1148.0,14:02:29.615764
-31.0,-589.0,972.0,14:02:29.625207
104.0,-515.0,583.0,14:02:29.635711
40.0,-448.0,911.0,14:02:29.645095
65.0,-474.0,1032.0,14:02:29.654469
24.0,-346.0,628.0,14:02:29.664923
5.0,-576.0,1181.0,14:02:29.674223
81.0,-734.0,1138.0,14:02:29.684723
40.0,-373.0,332.0,14:02:29.694185
27.0,-545.0,1082.0,14:02:29.704742
45.0,-668.0,1301.0,14:02:29.714101
19.0,-335.0,483.0,14:02:29.723502
53.0,-416.0,731.0,14:02:29.733990
54.0,-838.0,1466.0,14:02:29.743340
44.0,-543.0,617.0,14:02:29.753778
62.0,-394.0,662.0,14:02:29.763179
101.0,-541.0,1106.0,14:02:29.773616
60.0,-580.0,883.0,14:02:29.782942
1.0,-302.0,693.0,14:02:29.792396
22.0,-529.0,1216.0,14:02:29.802982
30.0,-355.0,1031.0,14:02:29.812333
0.0,-484.0,1051.0,14:02:29.822826
70.0,-371.0,769.0,14:02:29.832132
-8.0,-474.0,1161.0,14:02:29.842691
-12.0,-484.0,1121.0,14:02:29.852221
195.0,-475.0,899.0,14:02:29.861642
-6.0,-449.0,992.0,14:02:29.872285
66.0,-582.0,1107.0,14:02:29.881584
220.0,-642.0,979.0,14:02:29.892074
52.0,-169.0,488.0,14:02:29.901348
19.0,-269.0,1025.0,14:02:29.910722
38.0,-597.0,1168.0,14:02:29.921285
100.0,-519.0,572.0,14:02:29.930724
125.0,-374.0,602.0,14:02:29.941359
60.0,-430.0,1191.0,14:02:29.950670
79.0,-895.0,1387.0,14:02:29.960050
117.0,-240.0,252.0,14:02:29.970439
114.0,-628.0,1399.0,14:02:29.979892
83.0,-756.0,1583.0,14:02:29.990344
132.0,-361.0,166.0,14:02:29.999710
111.0,-304.0,468.0,14:02:30.010266
62.0,-712.0,1532.0,14:02:30.019681
31.0,-346.0,331.0,14:02:30.039338
-31.0,-580.0,1158.0,14:02:30.048746
6.0,-888.0,1384.0,14:02:30.059238
75.0,-495.0,611.0,14:02:30.068597
32.0,-375.0,694.0,14:02:30.079082
-30.0,-631.0,1439.0,14:02:30.088445
-63.0,-600.0,931.0,14:02:30.099001
51.0,-348.0,494.0,14:02:30.108331
-21.0,-343.0,1162.0,14:02:30.118940
-59.0,-665.0,1247.0,14:02:30.128356
79.0,-335.0,427.0,14:02:30.137718
-33.0,-397.0,729.0,14:02:30.148247
25.0,-697.0,1425.0,14:02:30.157710
40.0,-655.0,994.0,14:02:30.167089
91.0,-576.0,626.0,14:02:30.177599
-37.0,-404.0,785.0,14:02:30.187010
80.0,-507.0,860.0,14:02:30.197747
-25.0,-632.0,1002.0,14:02:30.207047
97.0,-666.0,1081.0,14:02:30.216438
-24.0,-441.0,822.0,14:02:30.226925
93.0,-569.0,956.0,14:02:30.236459
55.0,-520.0,759.0,14:02:30.246979
37.0,-369.0,671.0,14:02:30.256276
-53.0,-417.0,1042.0,14:02:30.265653
45.0,-313.0,694.0,14:02:30.276212
-76.0,-542.0,1043.0,14:02:30.285622
-23.0,-678.0,1156.0,14:02:30.296137
81.0,-372.0,668.0,14:02:30.305575
2.0,-303.0,964.0,14:02:30.314991
78.0,-628.0,1378.0,14:02:30.325491
93.0,-443.0,657.0,14:02:30.334829
117.0,-409.0,592.0,14:02:30.345383
132.0,-329.0,949.0,14:02:30.359101
-21.0,-599.0,1366.0,14:02:30.364617
87.0,-373.0,814.0,14:02:30.375132
73.0,-484.0,1005.0,14:02:30.384691
86.0,-641.0,1147.0,14:02:30.394052
193.0,-555.0,771.0,14:02:30.404676
42.0,-463.0,812.0,14:02:30.413912
77.0,-644.0,1207.0,14:02:30.424474
151.0,-241.0,498.0,14:02:30.433809
0.0,-383.0,844.0,14:02:30.443164
63.0,-467.0,1005.0,14:02:30.453640
-8.0,-532.0,874.0,14:02:30.462991
-22.0,-452.0,934.0,14:02:30.473515
26.0,-423.0,968.0,14:02:30.482950
23.0,-494.0,831.0,14:02:30.492417
38.0,-473.0,806.0,14:02:30.502926
53.0,-760.0,1371.0,14:02:30.512236
57.0,-542.0,930.0,14:02:30.522631
74.0,-426.0,703.0,14:02:30.532002
54.0,-617.0,1181.0,14:02:30.542498
29.0,-531.0,857.0,14:02:30.551834
93.0,-344.0,476.0,14:02:30.562227
14.0,-274.0,799.0,14:02:30.571604
43.0,-663.0,1491.0,14:02:30.582060
70.0,-644.0,949.0,14:02:30.591408
-19.0,-319.0,338.0,14:02:30.601926
28.0,-553.0,1226.0,14:02:30.611301
-42.0,-835.0,1552.0,14:02:30.620737
97.0,-687.0,900.0,14:02:30.630766
143.0,-346.0,491.0,14:02:30.641416
-10.0,-511.0,911.0,14:02:30.650705
83.0,-510.0,794.0,14:02:30.660259
12.0,-527.0,827.0,14:02:30.670646
-27.0,-493.0,950.0,14:02:30.680177
-159.0,-359.0,966.0,14:02:30.690629
-93.0,-556.0,1014.0,14:02:30.700063
-18.0,-607.0,835.0,14:02:30.709465
91.0,-610.0,718.0,14:02:30.720041
-74.0,-242.0,755.0,14:02:30.729454
0.0,-552.0,1134.0,14:02:30.738923
19.0,-651.0,1083.0,14:02:30.749558
111.0,-546.0,1033.0,14:02:30.759179
47.0,-429.0,847.0,14:02:30.769368
-19.0,-375.0,947.0,14:02:30.778959
108.0,-548.0,1084.0,14:02:30.788258
149.0,-647.0,889.0,14:02:30.798951
43.0,-511.0,804.0,14:02:30.808290
38.0,-249.0,762.0,14:02:30.818770
-34.0,-140.0,662.0,14:02:30.828166
42.0,-592.0,1168.0,14:02:30.837550
48.0,-554.0,855.0,14:02:30.848102
52.0,-428.0,710.0,14:02:30.857534
41.0,-291.0,866.0,14:02:30.868156
132.0,-673.0,1206.0,14:02:30.877412
125.0,-727.0,1162.0,14:02:30.886798
85.0,-476.0,879.0,14:02:30.897190
-51.0,-223.0,659.0,14:02:30.906703
19.0,-398.0,978.0,14:02:30.917184
110.0,-682.0,1135.0,14:02:30.926606
63.0,-581.0,885.0,14:02:30.937126
8.0,-477.0,810.0,14:02:30.946470
5.0,-401.0,755.0,14:02:30.955949
11.0,-710.0,1167.0,14:02:30.966371
22.0,-796.0,928.0,14:02:30.975890
-15.0,-215.0,245.0,14:02:30.986400
-114.0,-270.0,996.0,14:02:30.995879
49.0,-630.0,1397.0,14:02:31.005147
89.0,-755.0,1186.0,14:02:31.015675
75.0,-527.0,835.0,14:02:31.024964
8.0,-263.0,884.0,14:02:31.035497
54.0,-565.0,1195.0,14:02:31.044766
62.0,-462.0,684.0,14:02:31.055263
0.0,-457.0,697.0,14:02:31.064736
1.0,-411.0,1168.0,14:02:31.084523
58.0,-483.0,992.0,14:02:31.093810
105.0,-589.0,691.0,14:02:31.104339
138.0,-446.0,521.0,14:02:31.113731
97.0,-429.0,1248.0,14:02:31.124264
3.0,-412.0,1369.0,14:02:31.133568
-75.0,-440.0,975.0,14:02:31.144025
33.0,-393.0,553.0,14:02:31.153306
36.0,-681.0,1061.0,14:02:31.163820
-90.0,-591.0,1217.0,14:02:31.173276
-82.0,-136.0,720.0,14:02:31.182584
-64.0,-398.0,983.0,14:02:31.193221
104.0,-847.0,1187.0,14:02:31.202606
219.0,-707.0,833.0,14:02:31.213085
45.0,-103.0,556.0,14:02:31.222489
69.0,-187.0,908.0,14:02:31.231929
60.0,-527.0,1105.0,14:02:31.242447
-37.0,-528.0,814.0,14:02:31.251884
4.0,-289.0,470.0,14:02:31.262423
-90.0,-161.0,891.0,14:02:31.271844
13.0,-817.0,1925.0,14:02:31.281271
48.0,-656.0,1057.0,14:02:31.291818
133.0,-215.0,119.0,14:02:31.301351
161.0,-493.0,909.0,14:02:31.311818
97.0,-802.0,1704.0,14:02:31.321225
5.0,-548.0,1242.0,14:02:31.330525
-33.0,-312.0,707.0,14:02:31.341267
-15.0,-308.0,484.0,14:02:31.350555
36.0,-509.0,855.0,14:02:31.361063
-89.0,-539.0,1050.0,14:02:31.370373
-122.0,-392.0,816.0,14:02:31.379781
-71.0,-575.0,1059.0,14:02:31.390282
-13.0,-709.0,1252.0,14:02:31.399623
20.0,-266.0,611.0,14:02:31.410173
23.0,-162.0,595.0,14:02:31.419581
10.0,-702.0,1509.0,14:02:31.430151
-34.0,-559.0,1412.0,14:02:31.439457
-25.0,-178.0,656.0,14:02:31.448830
-43.0,-532.0,952.0,14:02:31.468405
-45.0,-515.0,831.0,14:02:31.479009
18.0,-507.0,1032.0,14:02:31.488410
66.0,-316.0,990.0,14:02:31.498976
50.0,-168.0,606.0,14:02:31.508400
104.0,-582.0,1042.0,14:02:31.518955
-8.0,-894.0,1420.0,14:02:31.528332
48.0,-196.0,714.0,14:02:31.537584
34.0,-210.0,911.0,14:02:31.548177
23.0,-743.0,1297.0,14:02:31.561553
-22.0,-741.0,909.0,14:02:31.567799
-20.0,-272.0,642.0,14:02:31.577126
-31.0,-52.0,845.0,14:02:31.587708
-67.0,-485.0,1186.0,14:02:31.597034
-73.0,-814.0,932.0,14:02:31.607736
70.0,-480.0,481.0,14:02:31.617102
9.0,-323.0,1001.0,14:02:31.626500
-99.0,-655.0,1628.0,14:02:31.637048
-51.0,-479.0,684.0,14:02:31.646521
50.0,-562.0,518.0,14:02:31.655889
116.0,-653.0,1218.0,14:02:31.666480
78.0,-308.0,1019.0,14:02:31.675903
29.0,-174.0,594.0,14:02:31.686365
222.0,-722.0,992.0,14:02:31.695735
299.0,-861.0,1260.0,14:02:31.706203
211.0,-370.0,853.0,14:02:31.715608
189.0,-61.0,656.0,14:02:31.724933
224.0,-621.0,951.0,14:02:31.735538
267.0,-901.0,716.0,14:02:31.744898
211.0,-478.0,431.0,14:02:31.755412
-27.0,-347.0,1146.0,14:02:31.764811
15.0,-657.0,1404.0,14:02:31.774177
140.0,-736.0,522.0,14:02:31.784804
147.0,-604.0,394.0,14:02:31.794170
62.0,-420.0,809.0,14:02:31.804703
14.0,-456.0,961.0,14:02:31.814011
-83.0,-957.0,979.0,14:02:31.824526
-18.0,-941.0,741.0,14:02:31.833828
5.0,-645.0,985.0,14:02:31.843213
26.0,-319.0,975.0,14:02:31.853632
25.0,-489.0,881.0,14:02:31.862984
155.0,-908.0,699.0,14:02:31.873507
287.0,-845.0,673.0,14:02:31.882842
131.0,-559.0,785.0,14:02:31.893490
-103.0,-207.0,841.0,14:02:31.902835
88.0,-685.0,912.0,14:02:31.913313
33.0,-719.0,350.0,14:02:31.922638
-15.0,-552.0,481.0,14:02:31.932041
-179.0,-586.0,1428.0,14:02:31.942487
-364.0,-537.0,1360.0,14:02:31.952014
-67.0,-531.0,840.0,14:02:31.963315
-36.0,-709.0,934.0,14:02:31.971668
-10.0,-308.0,742.0,14:02:31.982292
37.0,-232.0,1215.0,14:02:31.991610
-43.0,-327.0,1007.0,14:02:32.001018
-3.0,-363.0,688.0,14:02:32.011528
155.0,-511.0,1091.0,14:02:32.020935
-21.0,-382.0,1137.0,14:02:32.031395
62.0,-258.0,730.0,14:02:32.040708
130.0,-305.0,640.0,14:02:32.051454
220.0,-533.0,556.0,14:02:32.060733
-9.0,-564.0,539.0,14:02:32.070283
-69.0,-571.0,870.0,14:02:32.080812
-207.0,-709.0,1479.0,14:02:32.090238
-142.0,-631.0,1133.0,14:02:32.099652
-29.0,-396.0,640.0,14:02:32.110170
11.0,-445.0,817.0,14:02:32.119519
-10.0,-438.0,937.0,14:02:32.130087
-95.0,-626.0,1204.0,14:02:32.139435
-350.0,-391.0,976.0,14:02:32.149867
-254.0,-297.0,773.0,14:02:32.159278
-331.0,-293.0,743.0,14:02:32.168571
-307.0,-405.0,883.0,14:02:32.179247
-231.0,-431.0,929.0,14:02:32.188623
-117.0,-409.0,893.0,14:02:32.198119
-30.0,-343.0,886.0,14:02:32.208630
-74.0,-341.0,836.0,14:02:32.217984
-92.0,-441.0,807.0,14:02:32.228564
-299.0,-368.0,1038.0,14:02:32.237959
-393.0,-314.0,1117.0,14:02:32.248462
-435.0,-276.0,1150.0,14:02:32.257881
-502.0,-431.0,1153.0,14:02:32.267308
-659.0,-305.0,1131.0,14:02:32.277899
-637.0,-230.0,996.0,14:02:32.287287
-638.0,-132.0,881.0,14:02:32.297796
-578.0,-157.0,713.0,14:02:32.307294
-607.0,-209.0,721.0,14:02:32.316604
-542.0,-306.0,913.0,14:02:32.327124
-603.0,-373.0,1253.0,14:02:32.336552
-722.0,-415.0,1404.0,14:02:32.346030
-644.0,-384.0,1175.0,14:02:32.356573
-588.0,-361.0,930.0,14:02:32.365947
-518.0,-345.0,869.0,14:02:32.376511
-475.0,-376.0,872.0,14:02:32.385811
-567.0,-360.0,885.0,14:02:32.396360
-544.0,-374.0,998.0,14:02:32.405863
-527.0,-402.0,1104.0,14:02:32.415259
-547.0,-456.0,1130.0,14:02:32.425810
-495.0,-441.0,1059.0,14:02:32.435168
-368.0,-448.0,875.0,14:02:32.445795
-467.0,-478.0,827.0,14:02:32.455144
-387.0,-275.0,914.0,14:02:32.464453
-384.0,-576.0,965.0,14:02:32.474968
-313.0,-599.0,964.0,14:02:32.484393
-273.0,-582.0,936.0,14:02:32.494830
-239.0,-535.0,823.0,14:02:32.504273
-237.0,-505.0,781.0,14:02:32.514725
-273.0,-581.0,789.0,14:02:32.524224
-275.0,-600.0,850.0,14:02:32.533617
-240.0,-632.0,882.0,14:02:32.544064
-262.0,-645.0,868.0,14:02:32.553686
-273.0,-618.0,835.0,14:02:32.563072
-363.0,-561.0,812.0,14:02:32.573643
-372.0,-593.0,830.0,14:02:32.582931
-323.0,-597.0,882.0,14:02:32.593636
-272.0,-603.0,896.0,14:02:32.603015
-241.0,-578.0,886.0,14:02:32.612487
-229.0,-542.0,876.0,14:02:32.622952
-209.0,-530.0,878.0,14:02:32.632427
-262.0,-501.0,857.0,14:02:32.642903
-356.0,-470.0,863.0,14:02:32.652413
-364.0,-461.0,889.0,14:02:32.661863
-383.0,-479.0,897.0,14:02:32.672408
-435.0,-482.0,888.0,14:02:32.681742
-422.0,-489.0,892.0,14:02:32.691235
-358.0,-470.0,899.0,14:02:32.701818
-308.0,-477.0,901.0,14:02:32.711174
-295.0,-472.0,888.0,14:02:32.721708
-316.0,-467.0,878.0,14:02:32.741385
-320.0,-486.0,907.0,14:02:32.750716
-350.0,-514.0,923.0,14:02:32.765194
-376.0,-538.0,907.0,14:02:32.771009
-402.0,-556.0,877.0,14:02:32.780327
-426.0,-568.0,840.0,14:02:32.789778
-466.0,-578.0,821.0,14:02:32.800279
-467.0,-610.0,846.0,14:02:32.809616
-407.0,-640.0,886.0,14:02:32.820329
-370.0,-643.0,873.0,14:02:32.829656
-346.0,-655.0,837.0,14:02:32.849310
-339.0,-629.0,838.0,14:02:32.859838
-331.0,-609.0,843.0,14:02:32.869135
-339.0,-598.0,857.0,14:02:32.878522
-315.0,-590.0,850.0,14:02:32.889117
-279.0,-576.0,825.0,14:02:32.898468
-252.0,-566.0,809.0,14:02:32.909030
-251.0,-548.0,810.0,14:02:32.918383
-246.0,-539.0,822.0,14:02:32.927950
-233.0,-537.0,832.0,14:02:32.938362
-198.0,-545.0,842.0,14:02:32.948006
-160.0,-557.0,835.0,14:02:32.958440
-125.0,-571.0,827.0,14:02:32.977068
-166.0,-577.0,842.0,14:02:32.987559
-206.0,-572.0,831.0,14:02:32.997115
-221.0,-597.0,809.0,14:02:33.007616
-181.0,-632.0,808.0,14:02:33.017075
-141.0,-639.0,824.0,14:02:33.026361
-102.0,-597.0,795.0,14:02:33.037014
-142.0,-585.0,780.0,14:02:33.056693
-202.0,-588.0,838.0,14:02:33.066041
-171.0,-621.0,901.0,14:02:33.076679
-167.0,-612.0,909.0,14:02:33.086034
-160.0,-596.0,840.0,14:02:33.095386
-184.0,-579.0,792.0,14:02:33.105953
-176.0,-583.0,812.0,14:02:33.115317
-173.0,-581.0,848.0,14:02:33.125957
-184.0,-565.0,861.0,14:02:33.135334
-192.0,-573.0,847.0,14:02:33.144821
-184.0,-584.0,848.0,14:02:33.155301
-201.0,-579.0,862.0,14:02:33.166730
-224.0,-554.0,872.0,14:02:33.175177
-222.0,-547.0,879.0,14:02:33.184583
-190.0,-552.0,880.0,14:02:33.193997
-158.0,-554.0,870.0,14:02:33.204467
-162.0,-541.0,862.0,14:02:33.213782
-154.0,-536.0,870.0,14:02:33.224302
-140.0,-545.0,876.0,14:02:33.233620
-135.0,-555.0,874.0,14:02:33.244050
-138.0,-572.0,877.0,14:02:33.253326
-136.0,-585.0,874.0,14:02:33.263927
-125.0,-592.0,861.0,14:02:33.273166
-134.0,-591.0,845.0,14:02:33.283822
-156.0,-582.0,824.0,14:02:33.293212
-170.0,-570.0,828.0,14:02:33.302633
-159.0,-563.0,846.0,14:02:33.313098
-134.0,-575.0,877.0,14:02:33.322424
-113.0,-584.0,897.0,14:02:33.332977
-86.0,-581.0,891.0,14:02:33.342479
-63.0,-560.0,872.0,14:02:33.351797
-57.0,-544.0,864.0,14:02:33.362352
-46.0,-547.0,857.0,14:02:33.371854
-32.0,-559.0,860.0,14:02:33.382453
-26.0,-571.0,869.0,14:02:33.391844
-42.0,-566.0,872.0,14:02:33.401303
-57.0,-570.0,869.0,14:02:33.411924
-66.0,-563.0,851.0,14:02:33.421310
-48.0,-530.0,843.0,14:02:33.430772
-19.0,-517.0,842.0,14:02:33.441403
22.0,-500.0,863.0,14:02:33.450846
31.0,-533.0,880.0,14:02:33.460277
60.0,-532.0,888.0,14:02:33.470675
47.0,-517.0,908.0,14:02:33.480240
61.0,-519.0,888.0,14:02:33.490660
21.0,-506.0,876.0,14:02:33.500213
25.0,-472.0,853.0,14:02:33.509549
60.0,-464.0,862.0,14:02:33.520165
9.0,-492.0,924.0,14:02:33.529482
-7.0,-502.0,937.0,14:02:33.540049
-45.0,-523.0,921.0,14:02:33.549586
-53.0,-535.0,901.0,14:02:33.559004
-81.0,-510.0,879.0,14:02:33.569527
-108.0,-520.0,861.0,14:02:33.578987
-106.0,-552.0,893.0,14:02:33.588420
-111.0,-568.0,926.0,14:02:33.598999
-95.0,-545.0,940.0,14:02:33.608329
-69.0,-540.0,934.0,14:02:33.618810
-55.0,-510.0,910.0,14:02:33.628285
-49.0,-513.0,854.0,14:02:33.647868
-62.0,-515.0,891.0,14:02:33.658538
-60.0,-533.0,926.0,14:02:33.667880
-47.0,-550.0,930.0,14:02:33.677221
-13.0,-536.0,896.0,14:02:33.687779
24.0,-545.0,872.0,14:02:33.697232
41.0,-539.0,867.0,14:02:33.707826
35.0,-562.0,875.0,14:02:33.726375
78.0,-569.0,885.0,14:02:33.736905
71.0,-572.0,868.0,14:02:33.746280
94.0,-579.0,854.0,14:02:33.756801
93.0,-582.0,877.0,14:02:33.766133
86.0,-571.0,887.0,14:02:33.776600
36.0,-555.0,878.0,14:02:33.785924
21.0,-540.0,876.0,14:02:33.796405
33.0,-553.0,877.0,14:02:33.805743
51.0,-550.0,876.0,14:02:33.816223
28.0,-537.0,888.0,14:02:33.825467
59.0,-517.0,898.0,14:02:33.834983
71.0,-508.0,902.0,14:02:33.845483
114.0,-491.0,879.0,14:02:33.854805
135.0,-498.0,870.0,14:02:33.865359
164.0,-507.0,889.0,14:02:33.874768
145.0,-504.0,912.0,14:02:33.885374
90.0,-484.0,910.0,14:02:33.894726
49.0,-472.0,901.0,14:02:33.904170
34.0,-470.0,899.0,14:02:33.914711
-2.0,-480.0,932.0,14:02:33.943620
-6.0,-481.0,923.0,14:02:33.954104
-28.0,-473.0,914.0,14:02:33.967800
-1.0,-497.0,918.0,14:02:33.983256
25.0,-513.0,930.0,14:02:33.993711
34.0,-515.0,908.0,14:02:34.003196
14.0,-509.0,897.0,14:02:34.012555
16.0,-504.0,902.0,14:02:34.023104
-7.0,-513.0,915.0,14:02:34.032485
-22.0,-522.0,926.0,14:02:34.042949
-24.0,-532.0,927.0,14:02:34.052438
-12.0,-540.0,913.0,14:02:34.061806
-9.0,-530.0,899.0,14:02:34.072407
-27.0,-544.0,908.0,14:02:34.092080
-11.0,-553.0,921.0,14:02:34.101375
6.0,-563.0,907.0,14:02:34.111948
24.0,-561.0,885.0,14:02:34.121367
32.0,-545.0,881.0,14:02:34.130703
33.0,-540.0,888.0,14:02:34.141330
24.0,-536.0,901.0,14:02:34.150640
34.0,-533.0,902.0,14:02:34.170442
45.0,-536.0,898.0,14:02:34.180950
33.0,-529.0,902.0,14:02:34.190326
-4.0,-516.0,912.0,14:02:34.210142
-3.0,-500.0,910.0,14:02:34.229790
7.0,-514.0,909.0,14:02:34.239154
19.0,-513.0,908.0,14:02:34.249701
18.0,-510.0,911.0,14:02:34.259023
15.0,-508.0,905.0,14:02:34.269632
26.0,-511.0,903.0,14:02:34.279054
-7.0,-560.0,890.0,14:02:34.289514
43.0,-526.0,893.0,14:02:34.299079
44.0,-527.0,892.0,14:02:34.308454
30.0,-531.0,901.0,14:02:34.319093
17.0,-530.0,907.0,14:02:34.328444
2.0,-527.0,901.0,14:02:34.337946
0.0,-533.0,900.0,14:02:34.348394
10.0,-536.0,897.0,14:02:34.357819
16.0,-535.0,894.0,14:02:34.369215
26.0,-533.0,895.0,14:02:34.387579
21.0,-527.0,903.0,14:02:34.407246
17.0,-529.0,904.0,14:02:34.416730
15.0,-528.0,903.0,14:02:34.427119
3.0,-521.0,902.0,14:02:34.436477
-12.0,-520.0,901.0,14:02:34.447054
-17.0,-522.0,904.0,14:02:34.456422
-11.0,-529.0,913.0,14:02:34.467005
-6.0,-534.0,903.0,14:02:34.486648
-3.0,-536.0,900.0,14:02:34.495948
-2.0,-539.0,894.0,14:02:34.506480
-4.0,-540.0,905.0,14:02:34.525042
-2.0,-542.0,908.0,14:02:34.535542
-1.0,-537.0,902.0,14:02:34.544858
-5.0,-532.0,897.0,14:02:34.555338
-8.0,-534.0,904.0,14:02:34.575058
-13.0,-531.0,905.0,14:02:34.584402
-16.0,-523.0,906.0,14:02:34.594984
-19.0,-526.0,904.0,14:02:34.604258
15.0,-484.0,902.0,14:02:34.614787
18.0,-502.0,914.0,14:02:34.624245
-27.0,-496.0,923.0,14:02:34.633561
-30.0,-527.0,910.0,14:02:34.653281
-34.0,-542.0,895.0,14:02:34.663861
-11.0,-522.0,897.0,14:02:34.673221
-18.0,-541.0,913.0,14:02:34.683717
-15.0,-535.0,908.0,14:02:34.693088
-29.0,-525.0,902.0,14:02:34.712794
-44.0,-541.0,906.0,14:02:34.723305
-31.0,-529.0,902.0,14:02:34.732809
-43.0,-539.0,909.0,14:02:34.742092
-28.0,-547.0,907.0,14:02:34.752653
-33.0,-541.0,910.0,14:02:34.762067
-25.0,-538.0,903.0,14:02:34.772490
-17.0,-543.0,899.0,14:02:34.781938
17.0,-539.0,896.0,14:02:34.791304
-16.0,-537.0,913.0,14:02:34.811201
-10.0,-541.0,905.0,14:02:34.821735
-14.0,-533.0,902.0,14:02:34.831034
-12.0,-535.0,900.0,14:02:34.841598
-23.0,-531.0,901.0,14:02:34.850978
-10.0,-543.0,889.0,14:02:34.860374
-15.0,-537.0,904.0,14:02:34.870976
6.0,-534.0,898.0,14:02:34.880285
2.0,-538.0,906.0,14:02:34.890813
23.0,-531.0,898.0,14:02:34.900212
1.0,-532.0,901.0,14:02:34.909687
29.0,-521.0,887.0,14:02:34.920241
13.0,-531.0,905.0,14:02:34.929570
20.0,-524.0,906.0,14:02:34.940140
1.0,-523.0,916.0,14:02:34.949506
11.0,-526.0,907.0,14:02:34.958981
1.0,-524.0,901.0,14:02:34.969426
5.0,-519.0,897.0,14:02:34.978788
4.0,-525.0,905.0,14:02:34.989301
5.0,-531.0,909.0,14:02:34.998603
2.0,-529.0,906.0,14:02:35.009129
1.0,-527.0,901.0,14:02:35.028773
-4.0,-529.0,909.0,14:02:35.037981
4.0,-531.0,907.0,14:02:35.048614
-10.0,-527.0,911.0,14:02:35.057970
3.0,-524.0,901.0,14:02:35.068453
-4.0,-526.0,907.0,14:02:35.077870
11.0,-527.0,904.0,14:02:35.087256
0.0,-526.0,905.0,14:02:35.097752
-2.0,-524.0,914.0,14:02:35.117465
5.0,-521.0,908.0,14:02:35.126820
-10.0,-516.0,911.0,14:02:35.137370
2.0,-545.0,910.0,14:02:35.146674
-24.0,-516.0,921.0,14:02:35.157256
12.0,-535.0,906.0,14:02:35.167481
22.0,-531.0,903.0,14:02:35.185712
-6.0,-521.0,899.0,14:02:35.196330
21.0,-534.0,898.0,14:02:35.205734
42.0,-533.0,900.0,14:02:35.225220
-139.0,-415.0,895.0,14:02:35.236005
7.0,-436.0,911.0,14:02:35.245295
99.0,-581.0,995.0,14:02:35.254762
102.0,-561.0,919.0,14:02:35.265263
8.0,-608.0,836.0,14:02:35.274669
198.0,-611.0,840.0,14:02:35.285117
193.0,-561.0,891.0,14:02:35.294396
126.0,-493.0,794.0,14:02:35.304988
106.0,-504.0,842.0,14:02:35.314285
183.0,-534.0,937.0,14:02:35.324775
139.0,-452.0,931.0,14:02:35.334127
53.0,-419.0,905.0,14:02:35.343639
128.0,-483.0,913.0,14:02:35.354073
206.0,-529.0,895.0,14:02:35.363536
167.0,-491.0,852.0,14:02:35.374055
99.0,-503.0,820.0,14:02:35.383517
92.0,-529.0,858.0,14:02:35.393011
83.0,-570.0,896.0,14:02:35.403497
53.0,-573.0,870.0,14:02:35.412884
18.0,-557.0,874.0,14:02:35.423300
70.0,-561.0,882.0,14:02:35.432608
117.0,-573.0,873.0,14:02:35.443109
127.0,-547.0,859.0,14:02:35.452515
98.0,-520.0,871.0,14:02:35.461875
105.0,-482.0,891.0,14:02:35.472473
78.0,-470.0,921.0,14:02:35.481846
75.0,-494.0,932.0,14:02:35.492437
32.0,-487.0,926.0,14:02:35.501789
-4.0,-471.0,915.0,14:02:35.511104
-65.0,-472.0,903.0,14:02:35.521689
-161.0,-449.0,902.0,14:02:35.530973
-171.0,-491.0,917.0,14:02:35.541526
-111.0,-512.0,948.0,14:02:35.550980
-81.0,-511.0,943.0,14:02:35.561483
-57.0,-492.0,915.0,14:02:35.574878
-50.0,-503.0,892.0,14:02:35.580878
-26.0,-510.0,869.0,14:02:35.590195
-47.0,-543.0,898.0,14:02:35.600896
-109.0,-534.0,970.0,14:02:35.610288
-205.0,-548.0,1019.0,14:02:35.619640
-201.0,-540.0,984.0,14:02:35.630343
-223.0,-555.0,890.0,14:02:35.639709
-238.0,-566.0,805.0,14:02:35.650274
-197.0,-602.0,850.0,14:02:35.659662
-148.0,-616.0,955.0,14:02:35.669270
-109.0,-633.0,1024.0,14:02:35.679762
-137.0,-590.0,986.0,14:02:35.689214
-178.0,-534.0,911.0,14:02:35.698561
-168.0,-508.0,866.0,14:02:35.709134
-172.0,-500.0,874.0,14:02:35.718492
-140.0,-507.0,884.0,14:02:35.729033
-68.0,-565.0,921.0,14:02:35.738424
13.0,-601.0,941.0,14:02:35.747917
45.0,-626.0,933.0,14:02:35.758374
17.0,-612.0,896.0,14:02:35.767761
-23.0,-585.0,878.0,14:02:35.778302
-21.0,-577.0,857.0,14:02:35.787603
-41.0,-563.0,841.0,14:02:35.797149
-69.0,-561.0,865.0,14:02:35.807748
-67.0,-563.0,914.0,14:02:35.817236
-23.0,-549.0,940.0,14:02:35.836968
-8.0,-541.0,899.0,14:02:35.846532
16.0,-527.0,869.0,14:02:35.856996
41.0,-511.0,870.0,14:02:35.866353
38.0,-497.0,884.0,14:02:35.876822
19.0,-486.0,913.0,14:02:35.886229
28.0,-494.0,940.0,14:02:35.895628
26.0,-490.0,934.0,14:02:35.906133
8.0,-476.0,917.0,14:02:35.915503
-52.0,-467.0,902.0,14:02:35.926015
-36.0,-457.0,915.0,14:02:35.935318
-28.0,-446.0,952.0,14:02:35.945872
-44.0,-459.0,906.0,14:02:35.955395
-46.0,-443.0,866.0,14:02:35.964677
-11.0,-482.0,928.0,14:02:35.975298
40.0,-535.0,964.0,14:02:35.984689
10.0,-528.0,929.0,14:02:35.995200
24.0,-496.0,877.0,14:02:36.004685
49.0,-493.0,863.0,14:02:36.014020
30.0,-490.0,877.0,14:02:36.024571
23.0,-499.0,949.0,14:02:36.044170
72.0,-506.0,933.0,14:02:36.053615
58.0,-483.0,881.0,14:02:36.064185
32.0,-476.0,850.0,14:02:36.073695
45.0,-511.0,870.0,14:02:36.083015
54.0,-555.0,922.0,14:02:36.093591
36.0,-565.0,934.0,14:02:36.103089
12.0,-566.0,913.0,14:02:36.113645
10.0,-561.0,883.0,14:02:36.122916
27.0,-547.0,849.0,14:02:36.132415
-5.0,-551.0,855.0,14:02:36.142873
-32.0,-585.0,890.0,14:02:36.152420
-18.0,-606.0,944.0,14:02:36.172040
-37.0,-608.0,923.0,14:02:36.182575
-29.0,-575.0,851.0,14:02:36.191944
-6.0,-561.0,817.0,14:02:36.201455
5.0,-572.0,875.0,14:02:36.211984
-12.0,-590.0,936.0,14:02:36.221382
-27.0,-574.0,952.0,14:02:36.231911
-15.0,-564.0,929.0,14:02:36.241388
-27.0,-547.0,880.0,14:02:36.250695
-71.0,-518.0,855.0,14:02:36.261286
-90.0,-520.0,889.0,14:02:36.270648
-73.0,-523.0,950.0,14:02:36.281251
-57.0,-525.0,965.0,14:02:36.290590
-35.0,-505.0,932.0,14:02:36.301050
-19.0,-489.0,895.0,14:02:36.310450
4.0,-485.0,886.0,14:02:36.319709
15.0,-480.0,903.0,14:02:36.330233
4.0,-486.0,930.0,14:02:36.339537
19.0,-506.0,941.0,14:02:36.350071
25.0,-519.0,932.0,14:02:36.359392
10.0,-514.0,881.0,14:02:36.379613
18.0,-517.0,886.0,14:02:36.389153
41.0,-519.0,902.0,14:02:36.398513
62.0,-525.0,914.0,14:02:36.409080
112.0,-513.0,901.0,14:02:36.428670
124.0,-495.0,893.0,14:02:36.438050
119.0,-470.0,903.0,14:02:36.457760
109.0,-469.0,911.0,14:02:36.468282
121.0,-480.0,912.0,14:02:36.477618
125.0,-489.0,901.0,14:02:36.488136
126.0,-496.0,895.0,14:02:36.497705
127.0,-498.0,897.0,14:02:36.506996
126.0,-499.0,904.0,14:02:36.517545
127.0,-504.0,900.0,14:02:36.527037
138.0,-514.0,902.0,14:02:36.537603
146.0,-507.0,896.0,14:02:36.556197
112.0,-496.0,906.0,14:02:36.566742
93.0,-492.0,910.0,14:02:36.576037
83.0,-491.0,909.0,14:02:36.586492
78.0,-495.0,903.0,14:02:36.595951
70.0,-510.0,916.0,14:02:36.615629
61.0,-502.0,918.0,14:02:36.626080
55.0,-506.0,914.0,14:02:36.635438
74.0,-510.0,911.0,14:02:36.654983
79.0,-509.0,902.0,14:02:36.665487
71.0,-506.0,908.0,14:02:36.674964
57.0,-504.0,917.0,14:02:36.694634
64.0,-511.0,908.0,14:02:36.714365
74.0,-515.0,903.0,14:02:36.724871
76.0,-516.0,907.0,14:02:36.734251
72.0,-508.0,909.0,14:02:36.743650
63.0,-507.0,922.0,14:02:36.763305
40.0,-506.0,916.0,14:02:36.776353
41.0,-509.0,912.0,14:02:36.783687
40.0,-511.0,909.0,14:02:36.793063
38.0,-512.0,908.0,14:02:36.803649
39.0,-516.0,911.0,14:02:36.813037
41.0,-518.0,915.0,14:02:36.823573
44.0,-517.0,916.0,14:02:36.842003
56.0,-521.0,909.0,14:02:36.852647
62.0,-522.0,908.0,14:02:36.872400
63.0,-520.0,909.0,14:02:36.881816
67.0,-524.0,907.0,14:02:36.892348
77.0,-526.0,905.0,14:02:36.901726
74.0,-530.0,899.0,14:02:36.912266
69.0,-527.0,901.0,14:02:36.921643
63.0,-524.0,904.0,14:02:36.931032
57.0,-526.0,906.0,14:02:36.941669
55.0,-522.0,907.0,14:02:36.951114
62.0,-515.0,902.0,14:02:36.960514
72.0,-518.0,905.0,14:02:36.970925
62.0,-513.0,909.0,14:02:36.990631
61.0,-515.0,914.0,14:02:36.999948
52.0,-516.0,915.0,14:02:37.010531
47.0,-518.0,907.0,14:02:37.019918
50.0,-525.0,904.0,14:02:37.030389
59.0,-524.0,905.0,14:02:37.039844
65.0,-525.0,908.0,14:02:37.049282
68.0,-515.0,907.0,14:02:37.070100
72.0,-516.0,904.0,14:02:37.079428
59.0,-514.0,912.0,14:02:37.099180
68.0,-492.0,910.0,14:02:37.118916
83.0,-488.0,904.0,14:02:37.138613
87.0,-489.0,915.0,14:02:37.147979
95.0,-494.0,916.0,14:02:37.158579
88.0,-498.0,920.0,14:02:37.167974
80.0,-500.0,915.0,14:02:37.178453
73.0,-495.0,905.0,14:02:37.187814
66.0,-503.0,909.0,14:02:37.207363
73.0,-525.0,911.0,14:02:37.227001
79.0,-536.0,912.0,14:02:37.237491
81.0,-530.0,900.0,14:02:37.246874
78.0,-532.0,894.0,14:02:37.257421
82.0,-534.0,893.0,14:02:37.266775
81.0,-531.0,906.0,14:02:37.286423
76.0,-523.0,907.0,14:02:37.296875
74.0,-515.0,903.0,14:02:37.306401
79.0,-513.0,905.0,14:02:37.326013
73.0,-508.0,909.0,14:02:37.335305
65.0,-509.0,907.0,14:02:37.345958
63.0,-521.0,913.0,14:02:37.355290
53.0,-520.0,905.0,14:02:37.375018
60.0,-526.0,909.0,14:02:37.403951
48.0,-521.0,910.0,14:02:37.414661
47.0,-520.0,915.0,14:02:37.434375
40.0,-511.0,909.0,14:02:37.444778
49.0,-503.0,914.0,14:02:37.463426
56.0,-497.0,917.0,14:02:37.483059
62.0,-495.0,914.0,14:02:37.493646
66.0,-492.0,912.0,14:02:37.502987
70.0,-494.0,914.0,14:02:37.513537
61.0,-495.0,910.0,14:02:37.522912
48.0,-505.0,915.0,14:02:37.533431
37.0,-515.0,909.0,14:02:37.551934
39.0,-520.0,908.0,14:02:37.562559
37.0,-528.0,905.0,14:02:37.576864
41.0,-526.0,906.0,14:02:37.582795
50.0,-531.0,912.0,14:02:37.592546
45.0,-534.0,914.0,14:02:37.601808
40.0,-531.0,909.0,14:02:37.611390
34.0,-522.0,912.0,14:02:37.632025
25.0,-516.0,914.0,14:02:37.641428
21.0,-519.0,919.0,14:02:37.661002
26.0,-518.0,911.0,14:02:37.671378
18.0,-524.0,910.0,14:02:37.690081
39.0,-526.0,917.0,14:02:37.700589
44.0,-532.0,913.0,14:02:37.709981
42.0,-525.0,906.0,14:02:37.730714
48.0,-532.0,910.0,14:02:37.740215
47.0,-523.0,907.0,14:02:37.759874
53.0,-518.0,908.0,14:02:37.769284
55.0,-505.0,911.0,14:02:37.779698
68.0,-494.0,905.0,14:02:37.799292
84.0,-495.0,912.0,14:02:37.808775
90.0,-493.0,909.0,14:02:37.819250
85.0,-494.0,907.0,14:02:37.837852
82.0,-503.0,906.0,14:02:37.848343
84.0,-510.0,905.0,14:02:37.858897
83.0,-516.0,907.0,14:02:37.868303
81.0,-517.0,902.0,14:02:37.877727
86.0,-519.0,906.0,14:02:37.888169
84.0,-517.0,903.0,14:02:37.917058
81.0,-519.0,896.0,14:02:37.927540
69.0,-520.0,905.0,14:02:37.947247
78.0,-518.0,900.0,14:02:37.966967
79.0,-523.0,903.0,14:02:37.986570
70.0,-516.0,907.0,14:02:37.995984
73.0,-514.0,911.0,14:02:38.016757
71.0,-512.0,902.0,14:02:38.026081
65.0,-509.0,912.0,14:02:38.045755
73.0,-507.0,910.0,14:02:38.065407
78.0,-509.0,907.0,14:02:38.074830
75.0,-510.0,911.0,14:02:38.094547
74.0,-509.0,910.0,14:02:38.105015
73.0,-516.0,913.0,14:02:38.114387
66.0,-519.0,909.0,14:02:38.124934
54.0,-518.0,894.0,14:02:38.134227
51.0,-520.0,899.0,14:02:38.144766
54.0,-521.0,908.0,14:02:38.154000
55.0,-517.0,914.0,14:02:38.164527
62.0,-509.0,916.0,14:02:38.173826
66.0,-502.0,909.0,14:02:38.184327
73.0,-498.0,904.0,14:02:38.193596
74.0,-496.0,910.0,14:02:38.203068
63.0,-502.0,913.0,14:02:38.213559
64.0,-508.0,911.0,14:02:38.223057
62.0,-519.0,893.0,14:02:38.233593
66.0,-518.0,892.0,14:02:38.242963
63.0,-525.0,905.0,14:02:38.252422
55.0,-531.0,922.0,14:02:38.262880
57.0,-525.0,916.0,14:02:38.272436
61.0,-513.0,897.0,14:02:38.281809
40.0,-508.0,903.0,14:02:38.292522
35.0,-500.0,915.0,14:02:38.301923
29.0,-490.0,932.0,14:02:38.311392
24.0,-480.0,917.0,14:02:38.321815
47.0,-486.0,882.0,14:02:38.331274
61.0,-484.0,886.0,14:02:38.341703
62.0,-493.0,926.0,14:02:38.351060
73.0,-495.0,949.0,14:02:38.361582
40.0,-502.0,933.0,14:02:38.370996
12.0,-479.0,900.0,14:02:38.380427
18.0,-491.0,898.0,14:02:38.390904
-767.0,-1070.0,688.0,14:02:38.400254
98.0,-727.0,644.0,14:02:38.410679
-8.0,-875.0,925.0,14:02:38.420191
134.0,-670.0,796.0,14:02:38.430654
6.0,-590.0,791.0,14:02:38.440105
-69.0,-679.0,770.0,14:02:38.449468
172.0,-551.0,1120.0,14:02:38.460147
-75.0,-656.0,1018.0,14:02:38.469461
-34.0,-509.0,743.0,14:02:38.479928
-158.0,-608.0,836.0,14:02:38.489329
54.0,-652.0,922.0,14:02:38.498906
17.0,-731.0,964.0,14:02:38.509333
-18.0,-626.0,1001.0,14:02:38.518615
-36.0,-650.0,960.0,14:02:38.529148
78.0,-630.0,792.0,14:02:38.538447
-47.0,-478.0,755.0,14:02:38.549021
66.0,-470.0,714.0,14:02:38.558283
68.0,-507.0,929.0,14:02:38.568963
34.0,-456.0,1047.0,14:02:38.578311
73.0,-441.0,1085.0,14:02:38.587790
144.0,-395.0,995.0,14:02:38.598252
124.0,-357.0,885.0,14:02:38.607810
258.0,-301.0,749.0,14:02:38.617160
230.0,-329.0,812.0,14:02:38.627968
219.0,-363.0,965.0,14:02:38.637317
208.0,-428.0,1031.0,14:02:38.646755
183.0,-372.0,1005.0,14:02:38.657138
194.0,-373.0,941.0,14:02:38.666446
199.0,-396.0,860.0,14:02:38.677094
37.0,-371.0,859.0,14:02:38.686401
-9.0,-357.0,873.0,14:02:38.697052
-2.0,-425.0,948.0,14:02:38.706436
-23.0,-450.0,1005.0,14:02:38.716081
-17.0,-439.0,945.0,14:02:38.726590
40.0,-443.0,895.0,14:02:38.735927
141.0,-449.0,890.0,14:02:38.745290
125.0,-433.0,880.0,14:02:38.765061
139.0,-468.0,937.0,14:02:38.779823
202.0,-520.0,929.0,14:02:38.784816
103.0,-507.0,897.0,14:02:38.795210
54.0,-483.0,857.0,14:02:38.804687
7.0,-499.0,882.0,14:02:38.815162
6.0,-484.0,905.0,14:02:38.824523
-36.0,-476.0,918.0,14:02:38.835053
33.0,-487.0,902.0,14:02:38.844491
63.0,-501.0,952.0,14:02:38.853810
99.0,-480.0,926.0,14:02:38.864240
36.0,-465.0,903.0,14:02:38.873690
16.0,-460.0,906.0,14:02:38.884226
-38.0,-473.0,945.0,14:02:38.893692
-67.0,-471.0,932.0,14:02:38.902994
-126.0,-456.0,939.0,14:02:38.913670
-160.0,-463.0,930.0,14:02:38.922990
-163.0,-466.0,922.0,14:02:38.933696
-191.0,-450.0,917.0,14:02:38.942996
-188.0,-448.0,929.0,14:02:38.952478
-164.0,-482.0,957.0,14:02:38.962969
-132.0,-488.0,963.0,14:02:38.972397
-135.0,-507.0,956.0,14:02:38.982935
-126.0,-495.0,948.0,14:02:38.992433
-157.0,-511.0,963.0,14:02:39.001806
-150.0,-510.0,960.0,14:02:39.012383
-166.0,-519.0,971.0,14:02:39.021761
-127.0,-556.0,962.0,14:02:39.041544
-116.0,-574.0,929.0,14:02:39.051976
-110.0,-626.0,927.0,14:02:39.061449
-54.0,-642.0,903.0,14:02:39.070777
-64.0,-632.0,900.0,14:02:39.081472
-15.0,-660.0,912.0,14:02:39.100108
-35.0,-655.0,907.0,14:02:39.110622
-40.0,-664.0,915.0,14:02:39.120054
-26.0,-648.0,948.0,14:02:39.130517
-54.0,-634.0,976.0,14:02:39.140091
-70.0,-643.0,986.0,14:02:39.150520
-62.0,-655.0,981.0,14:02:39.159929
-68.0,-659.0,1000.0,14:02:39.169399
-73.0,-672.0,1001.0,14:02:39.181305
-110.0,-690.0,1012.0,14:02:39.189822
-129.0,-676.0,1017.0,14:02:39.199304
-131.0,-662.0,1027.0,14:02:39.209763
-101.0,-658.0,1037.0,14:02:39.219130
-102.0,-656.0,1057.0,14:02:39.228472
-92.0,-642.0,1043.0,14:02:39.239037
-103.0,-631.0,1037.0,14:02:39.248445
-111.0,-614.0,1034.0,14:02:39.259077
-115.0,-635.0,1017.0,14:02:39.268469
-83.0,-658.0,990.0,14:02:39.277880
-59.0,-667.0,976.0,14:02:39.288364
-58.0,-655.0,974.0,14:02:39.297933
-79.0,-645.0,958.0,14:02:39.308380
-102.0,-632.0,951.0,14:02:39.317865
-93.0,-633.0,925.0,14:02:39.337711
-71.0,-625.0,912.0,14:02:39.347116
-76.0,-593.0,896.0,14:02:39.357604
-36.0,-594.0,855.0,14:02:39.367109
-65.0,-557.0,854.0,14:02:39.376567
-81.0,-525.0,857.0,14:02:39.387018
-97.0,-517.0,847.0,14:02:39.396415
-75.0,-544.0,814.0,14:02:39.407011
-78.0,-570.0,779.0,14:02:39.416312
-79.0,-598.0,748.0,14:02:39.425954
-86.0,-617.0,708.0,14:02:39.436418
-92.0,-607.0,655.0,14:02:39.446002
-88.0,-582.0,610.0,14:02:39.455302
-89.0,-535.0,600.0,14:02:39.475000
-92.0,-487.0,620.0,14:02:39.485551
-87.0,-437.0,661.0,14:02:39.494989
-83.0,-386.0,733.0,14:02:39.505507
-74.0,-379.0,773.0,14:02:39.514826
-65.0,-401.0,789.0,14:02:39.524366
-59.0,-408.0,803.0,14:02:39.534776
-63.0,-457.0,802.0,14:02:39.544256
-43.0,-540.0,780.0,14:02:39.554793
-57.0,-594.0,775.0,14:02:39.564183
-99.0,-595.0,786.0,14:02:39.573663
-136.0,-584.0,770.0,14:02:39.584215
-99.0,-590.0,766.0,14:02:39.593658
-94.0,-613.0,770.0,14:02:39.604172
-106.0,-612.0,788.0,14:02:39.613691
-114.0,-590.0,799.0,14:02:39.623087
-197.0,-571.0,793.0,14:02:39.633787
-198.0,-661.0,695.0,14:02:39.652438
-183.0,-597.0,708.0,14:02:39.662876
-129.0,-541.0,823.0,14:02:39.672548
-120.0,-596.0,839.0,14:02:39.683028
-180.0,-609.0,727.0,14:02:39.692454
-207.0,-575.0,733.0,14:02:39.701782
-132.0,-574.0,821.0,14:02:39.712335
-147.0,-601.0,727.0,14:02:39.731946
-106.0,-646.0,734.0,14:02:39.741407
-139.0,-582.0,837.0,14:02:39.751948
-204.0,-541.0,841.0,14:02:39.761413
-170.0,-596.0,750.0,14:02:39.771888
-158.0,-617.0,747.0,14:02:39.781390
-160.0,-562.0,823.0,14:02:39.790754
-164.0,-578.0,850.0,14:02:39.801393
-157.0,-598.0,755.0,14:02:39.810783
-184.0,-575.0,750.0,14:02:39.820292
-151.0,-557.0,846.0,14:02:39.830714
-157.0,-568.0,887.0,14:02:39.840204
-190.0,-573.0,788.0,14:02:39.850682
-159.0,-581.0,754.0,14:02:39.860177
-131.0,-568.0,832.0,14:02:39.869419
-126.0,-550.0,857.0,14:02:39.879954
-134.0,-573.0,797.0,14:02:39.889266
-78.0,-603.0,783.0,14:02:39.899847
-144.0,-661.0,799.0,14:02:39.909192
-109.0,-820.0,760.0,14:02:39.919734
-107.0,-944.0,657.0,14:02:39.929132
-96.0,-770.0,673.0,14:02:39.938488
-238.0,-587.0,808.0,14:02:39.949078
-137.0,-614.0,834.0,14:02:39.958368
-237.0,-632.0,761.0,14:02:39.969142
-223.0,-572.0,802.0,14:02:39.983746
-173.0,-599.0,943.0,14:02:39.988290
-206.0,-560.0,953.0,14:02:39.997582
-335.0,-523.0,888.0,14:02:40.008193
-206.0,-577.0,901.0,14:02:40.017608
-180.0,-562.0,990.0,14:02:40.028116
-221.0,-511.0,966.0,14:02:40.037559
-204.0,-585.0,888.0,14:02:40.046959
-147.0,-608.0,878.0,14:02:40.057563
-229.0,-519.0,977.0,14:02:40.067040
-173.0,-520.0,973.0,14:02:40.076508
-167.0,-560.0,868.0,14:02:40.087093
-121.0,-568.0,830.0,14:02:40.096550
-117.0,-565.0,916.0,14:02:40.107028
-150.0,-555.0,933.0,14:02:40.116399
-248.0,-531.0,850.0,14:02:40.125923
-250.0,-517.0,846.0,14:02:40.136552
-200.0,-520.0,932.0,14:02:40.145906
-238.0,-558.0,942.0,14:02:40.156354
-225.0,-582.0,898.0,14:02:40.165802
-228.0,-586.0,897.0,14:02:40.175276
-261.0,-530.0,932.0,14:02:40.185811
-308.0,-531.0,934.0,14:02:40.195138
-266.0,-556.0,901.0,14:02:40.204749
-251.0,-521.0,872.0,14:02:40.215206
-247.0,-520.0,865.0,14:02:40.224646
-231.0,-530.0,850.0,14:02:40.234611
-204.0,-488.0,868.0,14:02:40.254295
-201.0,-505.0,849.0,14:02:40.263825
-226.0,-606.0,767.0,14:02:40.274253
-138.0,-746.0,737.0,14:02:40.283700
-119.0,-672.0,720.0,14:02:40.294196
-246.0,-568.0,709.0,14:02:40.303652
-139.0,-590.0,738.0,14:02:40.314167
-207.0,-549.0,761.0,14:02:40.323683
-217.0,-513.0,772.0,14:02:40.332933
-151.0,-551.0,783.0,14:02:40.343534
-178.0,-539.0,799.0,14:02:40.352846
-231.0,-486.0,840.0,14:02:40.362388
-221.0,-482.0,855.0,14:02:40.372866
-262.0,-471.0,846.0,14:02:40.392653
-282.0,-479.0,806.0,14:02:40.401992
-261.0,-500.0,768.0,14:02:40.412459
-234.0,-525.0,770.0,14:02:40.421867
-233.0,-543.0,793.0,14:02:40.432443
-216.0,-545.0,766.0,14:02:40.441956
-259.0,-539.0,748.0,14:02:40.451283
-209.0,-546.0,773.0,14:02:40.461957
-215.0,-555.0,836.0,14:02:40.471362
-179.0,-563.0,831.0,14:02:40.480761
-215.0,-561.0,804.0,14:02:40.491432
-200.0,-565.0,802.0,14:02:40.500779
-209.0,-568.0,835.0,14:02:40.511392
-173.0,-593.0,854.0,14:02:40.520847
-162.0,-613.0,843.0,14:02:40.530244
-184.0,-607.0,840.0,14:02:40.540645
-210.0,-584.0,863.0,14:02:40.550154
-206.0,-597.0,868.0,14:02:40.560691
-201.0,-615.0,862.0,14:02:40.570162
-202.0,-634.0,853.0,14:02:40.579499
-185.0,-654.0,855.0,14:02:40.590189
-160.0,-662.0,863.0,14:02:40.599493
-153.0,-660.0,866.0,14:02:40.609046
-123.0,-664.0,877.0,14:02:40.619538
-127.0,-652.0,881.0,14:02:40.639259
-115.0,-673.0,877.0,14:02:40.648609
-122.0,-689.0,885.0,14:02:40.659128
-165.0,-651.0,905.0,14:02:40.668545
-129.0,-708.0,869.0,14:02:40.679073
-89.0,-677.0,876.0,14:02:40.688517
-91.0,-663.0,895.0,14:02:40.697967
-112.0,-619.0,914.0,14:02:40.708548
-118.0,-624.0,902.0,14:02:40.717962
-131.0,-628.0,895.0,14:02:40.727300
-130.0,-615.0,889.0,14:02:40.737972
-116.0,-627.0,893.0,14:02:40.747299
-112.0,-622.0,904.0,14:02:40.757967
-115.0,-597.0,890.0,14:02:40.767260
-108.0,-631.0,876.0,14:02:40.776661
-88.0,-612.0,870.0,14:02:40.787137
-104.0,-556.0,872.0,14:02:40.806756
-118.0,-520.0,865.0,14:02:40.816189
-132.0,-488.0,840.0,14:02:40.826683
-105.0,-484.0,847.0,14:02:40.835992
-62.0,-497.0,865.0,14:02:40.846624
-86.0,-470.0,882.0,14:02:40.855907
-108.0,-456.0,887.0,14:02:40.866404
-123.0,-455.0,889.0,14:02:40.875859
-136.0,-440.0,898.0,14:02:40.885274
-159.0,-435.0,903.0,14:02:40.895781
-130.0,-444.0,884.0,14:02:40.915464
-110.0,-455.0,877.0,14:02:40.924895
-112.0,-464.0,886.0,14:02:40.935446
-107.0,-477.0,869.0,14:02:40.953919
-315.0,-531.0,994.0,14:02:40.964487
-1318.0,-960.0,1507.0,14:02:40.973829
-1759.0,-611.0,2047.0,14:02:40.984362
13.0,-436.0,1858.0,14:02:40.993805
377.0,-379.0,403.0,14:02:41.004263
-582.0,-351.0,9.0,14:02:41.013627
-623.0,-73.0,845.0,14:02:41.024052
-107.0,-283.0,1300.0,14:02:41.033601
440.0,-452.0,461.0,14:02:41.042958
126.0,-498.0,-87.0,14:02:41.053562
-175.0,-302.0,408.0,14:02:41.062873
-375.0,-242.0,1026.0,14:02:41.072395
88.0,-289.0,652.0,14:02:41.082928
-178.0,-342.0,275.0,14:02:41.092345
136.0,-202.0,898.0,14:02:41.102972
700.0,-1372.0,2047.0,14:02:41.112404
220.0,-585.0,916.0,14:02:41.131982
-62.0,-311.0,574.0,14:02:41.141440
427.0,-485.0,24.0,14:02:41.151822
101.0,-400.0,-108.0,14:02:41.161282
-92.0,58.0,276.0,14:02:41.171795
-78.0,-785.0,1214.0,14:02:41.186053
85.0,-1026.0,2047.0,14:02:41.190852
-153.0,-699.0,1542.0,14:02:41.201339
-242.0,-356.0,758.0,14:02:41.210699
-199.0,-241.0,547.0,14:02:41.221282
-161.0,-317.0,83.0,14:02:41.230662
257.0,-445.0,535.0,14:02:41.240147
532.0,-851.0,1546.0,14:02:41.250562
450.0,-904.0,1561.0,14:02:41.260129
68.0,-327.0,889.0,14:02:41.270529
171.0,-304.0,501.0,14:02:41.279907
170.0,-508.0,571.0,14:02:41.290332
-121.0,-434.0,803.0,14:02:41.299785
-106.0,-465.0,1115.0,14:02:41.309215
-78.0,-641.0,1418.0,14:02:41.319728
-181.0,-536.0,1122.0,14:02:41.329103
-283.0,-237.0,494.0,14:02:41.339590
-125.0,-293.0,528.0,14:02:41.349019
237.0,-572.0,1014.0,14:02:41.358491
202.0,-721.0,1184.0,14:02:41.369105
-20.0,-599.0,1054.0,14:02:41.378422
103.0,-550.0,978.0,14:02:41.389134
176.0,-501.0,854.0,14:02:41.398491
-96.0,-298.0,660.0,14:02:41.408000
-220.0,-361.0,691.0,14:02:41.418423
-90.0,-611.0,1066.0,14:02:41.427909
-119.0,-610.0,1297.0,14:02:41.437235
-212.0,-478.0,1028.0,14:02:41.447876
-85.0,-436.0,800.0,14:02:41.457325
13.0,-442.0,831.0,14:02:41.467868
45.0,-439.0,746.0,14:02:41.477222
28.0,-472.0,812.0,14:02:41.486640
81.0,-584.0,1115.0,14:02:41.497102
135.0,-667.0,1145.0,14:02:41.506484
-52.0,-524.0,891.0,14:02:41.517125
-191.0,-374.0,766.0,14:02:41.526459
-156.0,-449.0,841.0,14:02:41.536012
-155.0,-484.0,912.0,14:02:41.546465
-201.0,-498.0,916.0,14:02:41.555997
-113.0,-605.0,996.0,14:02:41.566417
-59.0,-599.0,1045.0,14:02:41.575874
-106.0,-470.0,900.0,14:02:41.587293
-65.0,-450.0,773.0,14:02:41.595662
48.0,-527.0,851.0,14:02:41.605159
91.0,-574.0,928.0,14:02:41.615621
29.0,-549.0,907.0,14:02:41.624915
-48.0,-531.0,949.0,14:02:41.635475
-85.0,-536.0,979.0,14:02:41.644761
-152.0,-483.0,873.0,14:02:41.655353
-188.0,-404.0,813.0,14:02:41.664796
-86.0,-516.0,925.0,14:02:41.674150
-74.0,-550.0,984.0,14:02:41.684718
-93.0,-521.0,899.0,14:02:41.694102
10.0,-535.0,860.0,14:02:41.704606
27.0,-559.0,915.0,14:02:41.714056
40.0,-538.0,886.0,14:02:41.723301
1.0,-546.0,855.0,14:02:41.733945
23.0,-582.0,913.0,14:02:41.743311
3.0,-593.0,945.0,14:02:41.753871
-62.0,-529.0,869.0,14:02:41.763166
-108.0,-490.0,854.0,14:02:41.773587
-86.0,-517.0,910.0,14:02:41.783008
-79.0,-495.0,908.0,14:02:41.802745
-11.0,-532.0,913.0,14:02:41.812045
46.0,-552.0,897.0,14:02:41.822805
-4.0,-515.0,869.0,14:02:41.832085
-93.0,-534.0,904.0,14:02:41.842666
-182.0,-512.0,995.0,14:02:41.852088
-207.0,-492.0,1009.0,14:02:41.861522
-220.0,-479.0,930.0,14:02:41.871966
-216.0,-475.0,873.0,14:02:41.881402
-214.0,-480.0,880.0,14:02:41.891844
-241.0,-478.0,914.0,14:02:41.901317
-213.0,-500.0,981.0,14:02:41.910685
-128.0,-553.0,1009.0,14:02:41.921311
-49.0,-567.0,975.0,14:02:41.930672
-27.0,-519.0,885.0,14:02:41.940165
-47.0,-462.0,835.0,14:02:41.950703
-64.0,-475.0,854.0,14:02:41.960101
-85.0,-477.0,913.0,14:02:41.970701
-89.0,-512.0,966.0,14:02:41.980112
-47.0,-536.0,965.0,14:02:41.989578
-45.0,-529.0,915.0,14:02:42.000168
-68.0,-494.0,854.0,14:02:42.009573
-77.0,-477.0,851.0,14:02:42.019031
-62.0,-482.0,899.0,14:02:42.029534
-47.0,-494.0,940.0,14:02:42.039057
-45.0,-498.0,939.0,14:02:42.049592
-214.0,-485.0,902.0,14:02:42.059043
-303.0,-479.0,870.0,14:02:42.068444
-219.0,-512.0,958.0,14:02:42.079017
-27.0,-541.0,1014.0,14:02:42.088313
14.0,-540.0,957.0,14:02:42.098759
-113.0,-446.0,883.0,14:02:42.108028
-105.0,-437.0,866.0,14:02:42.118587
32.0,-493.0,891.0,14:02:42.127931
-14.0,-510.0,938.0,14:02:42.137469
-105.0,-512.0,900.0,14:02:42.148003
-178.0,-486.0,903.0,14:02:42.157420
-161.0,-451.0,923.0,14:02:42.167957
-119.0,-491.0,935.0,14:02:42.177258
-94.0,-544.0,931.0,14:02:42.186735
-28.0,-561.0,900.0,14:02:42.197298
0.0,-536.0,878.0,14:02:42.206597
-32.0,-500.0,901.0,14:02:42.217029
-52.0,-529.0,928.0,14:02:42.226443
-57.0,-552.0,905.0,14:02:42.236019
-82.0,-550.0,886.0,14:02:42.246575
-121.0,-544.0,888.0,14:02:42.255889
-149.0,-535.0,892.0,14:02:42.266636
-137.0,-542.0,931.0,14:02:42.275915
-77.0,-558.0,932.0,14:02:42.285312
-60.0,-538.0,921.0,14:02:42.295941
-54.0,-501.0,892.0,14:02:42.305380
-25.0,-505.0,860.0,14:02:42.315883
10.0,-542.0,881.0,14:02:42.325230
32.0,-553.0,897.0,14:02:42.334692
1.0,-536.0,895.0,14:02:42.345252
-45.0,-524.0,907.0,14:02:42.354626
-50.0,-539.0,896.0,14:02:42.374373
-48.0,-528.0,891.0,14:02:42.388630
-55.0,-523.0,893.0,14:02:42.394103
-71.0,-520.0,898.0,14:02:42.403593
-64.0,-513.0,886.0,14:02:42.414049
-36.0,-524.0,890.0,14:02:42.423469
0.0,-528.0,896.0,14:02:42.433932
4.0,-531.0,889.0,14:02:42.452503
-59.0,-540.0,876.0,14:02:42.482655
-53.0,-549.0,885.0,14:02:42.493229
-48.0,-563.0,887.0,14:02:42.502607
-21.0,-569.0,871.0,14:02:42.513023
1.0,-576.0,877.0,14:02:42.522414
6.0,-572.0,874.0,14:02:42.532901
-15.0,-568.0,878.0,14:02:42.542247
-18.0,-556.0,877.0,14:02:42.551645
-8.0,-549.0,865.0,14:02:42.562206
-17.0,-550.0,876.0,14:02:42.571618
-34.0,-554.0,895.0,14:02:42.601698
-48.0,-545.0,876.0,14:02:42.621390
-34.0,-549.0,859.0,14:02:42.630781
-20.0,-545.0,880.0,14:02:42.641380
-23.0,-550.0,899.0,14:02:42.650751
-31.0,-545.0,907.0,14:02:42.660163
-46.0,-538.0,908.0,14:02:42.670648
-59.0,-529.0,887.0,14:02:42.680244
-65.0,-527.0,877.0,14:02:42.689558
-53.0,-537.0,883.0,14:02:42.700279
-50.0,-546.0,895.0,14:02:42.709576
-58.0,-540.0,904.0,14:02:42.720239
-51.0,-533.0,902.0,14:02:42.729629
-62.0,-529.0,904.0,14:02:42.739087
-50.0,-532.0,888.0,14:02:42.749550
-52.0,-538.0,885.0,14:02:42.759035
-65.0,-539.0,910.0,14:02:42.778732
-80.0,-530.0,916.0,14:02:42.791437
-88.0,-523.0,906.0,14:02:42.798088
-85.0,-524.0,903.0,14:02:42.808615
-78.0,-522.0,905.0,14:02:42.817997
-68.0,-519.0,901.0,14:02:42.828465
-73.0,-528.0,915.0,14:02:42.837985
-65.0,-521.0,917.0,14:02:42.847342
-62.0,-513.0,911.0,14:02:42.867065
-63.0,-516.0,909.0,14:02:42.877745
-78.0,-512.0,914.0,14:02:42.887136
-81.0,-508.0,910.0,14:02:42.897788
-74.0,-510.0,916.0,14:02:42.907101
-75.0,-512.0,913.0,14:02:42.916546
-64.0,-510.0,910.0,14:02:42.927005
-39.0,-523.0,908.0,14:02:42.946705
-34.0,-527.0,899.0,14:02:42.956036
-30.0,-530.0,895.0,14:02:42.966491
-34.0,-524.0,899.0,14:02:42.975897
-41.0,-517.0,905.0,14:02:42.986427
-46.0,-509.0,911.0,14:02:42.995899
-57.0,-507.0,907.0,14:02:43.005304
-64.0,-514.0,903.0,14:02:43.015810
-70.0,-520.0,907.0,14:02:43.025233
-78.0,-523.0,906.0,14:02:43.035762
-77.0,-519.0,909.0,14:02:43.045228
-84.0,-516.0,915.0,14:02:43.094834
-100.0,-513.0,914.0,14:02:43.104179
-112.0,-512.0,912.0,14:02:43.113613
-117.0,-514.0,910.0,14:02:43.124181
-118.0,-519.0,915.0,14:02:43.133772
-111.0,-529.0,922.0,14:02:43.143229
-103.0,-532.0,915.0,14:02:43.153831
-97.0,-536.0,902.0,14:02:43.163194
-91.0,-535.0,901.0,14:02:43.173775
-86.0,-531.0,904.0,14:02:43.183181
-75.0,-536.0,910.0,14:02:43.192567
-68.0,-533.0,911.0,14:02:43.203024
-84.0,-524.0,915.0,14:02:43.212481
-86.0,-515.0,911.0,14:02:43.222911
-72.0,-504.0,907.0,14:02:43.232404
-67.0,-507.0,910.0,14:02:43.241843
-51.0,-510.0,904.0,14:02:43.252407
-54.0,-505.0,910.0,14:02:43.261755
-37.0,-509.0,906.0,14:02:43.272171
-23.0,-507.0,898.0,14:02:43.281597
-30.0,-505.0,893.0,14:02:43.292090
-31.0,-510.0,902.0,14:02:43.301516
-43.0,-513.0,906.0,14:02:43.310928
-41.0,-515.0,901.0,14:02:43.330527
-32.0,-524.0,896.0,14:02:43.341110
-35.0,-530.0,892.0,14:02:43.350459
-40.0,-533.0,889.0,14:02:43.361050
-51.0,-536.0,900.0,14:02:43.370395
-47.0,-542.0,894.0,14:02:43.380829
-45.0,-546.0,887.0,14:02:43.390327
-52.0,-545.0,884.0,14:02:43.399713
-63.0,-540.0,892.0,14:02:43.410246
-66.0,-539.0,901.0,14:02:43.419617
-72.0,-542.0,906.0,14:02:43.429115
-65.0,-534.0,899.0,14:02:43.448787
-70.0,-533.0,896.0,14:02:43.459320
-69.0,-534.0,898.0,14:02:43.468832
-59.0,-529.0,899.0,14:02:43.488432
-61.0,-526.0,901.0,14:02:43.499149
-65.0,-524.0,899.0,14:02:43.508489
-64.0,-526.0,897.0,14:02:43.519045
-65.0,-527.0,896.0,14:02:43.528360
-68.0,-532.0,895.0,14:02:43.548112
-71.0,-541.0,899.0,14:02:43.576955
-84.0,-543.0,887.0,14:02:43.597555
-90.0,-537.0,897.0,14:02:43.617346
-93.0,-534.0,901.0,14:02:43.626701
-99.0,-529.0,911.0,14:02:43.637215
-97.0,-526.0,907.0,14:02:43.655733
-100.0,-521.0,909.0,14:02:43.666223
-102.0,-520.0,905.0,14:02:43.675612
-110.0,-521.0,912.0,14:02:43.695413
-111.0,-524.0,909.0,14:02:43.705929
-113.0,-526.0,903.0,14:02:43.715330
-110.0,-531.0,908.0,14:02:43.725957
-107.0,-536.0,909.0,14:02:43.735326
-101.0,-537.0,906.0,14:02:43.744750
-93.0,-530.0,899.0,14:02:43.755258
-92.0,-527.0,903.0,14:02:43.774026
-81.0,-529.0,898.0,14:02:43.794834
-78.0,-530.0,894.0,14:02:43.804297
-75.0,-537.0,889.0,14:02:43.814776
-73.0,-539.0,890.0,14:02:43.824245
-64.0,-538.0,899.0,14:02:43.844171
-62.0,-532.0,898.0,14:02:43.853525
-57.0,-530.0,896.0,14:02:43.863947
-52.0,-528.0,891.0,14:02:43.873448
-56.0,-523.0,890.0,14:02:43.882859
-59.0,-522.0,891.0,14:02:43.893328
-63.0,-528.0,899.0,14:02:43.902644
-68.0,-532.0,900.0,14:02:43.922347
-71.0,-529.0,902.0,14:02:43.942099
-74.0,-524.0,906.0,14:02:43.952684
-72.0,-521.0,902.0,14:02:43.962065
-73.0,-517.0,900.0,14:02:43.971407
-75.0,-514.0,904.0,14:02:43.981834
-78.0,-512.0,910.0,14:02:43.992608
-84.0,-513.0,912.0,14:02:44.002077
-90.0,-515.0,913.0,14:02:44.011531
-92.0,-524.0,909.0,14:02:44.040475
-96.0,-523.0,912.0,14:02:44.050988
-94.0,-525.0,908.0,14:02:44.060332
-95.0,-523.0,903.0,14:02:44.070992
-86.0,-522.0,901.0,14:02:44.080301
-80.0,-525.0,907.0,14:02:44.090778
-76.0,-522.0,906.0,14:02:44.100192
-55.0,-518.0,889.0,14:02:44.119922
-48.0,-516.0,893.0,14:02:44.129377
-47.0,-519.0,903.0,14:02:44.139860
-45.0,-520.0,908.0,14:02:44.149339
-43.0,-518.0,904.0,14:02:44.159784
-42.0,-519.0,894.0,14:02:44.169193
-45.0,-521.0,888.0,14:02:44.178536
-50.0,-523.0,894.0,14:02:44.189096
-54.0,-525.0,899.0,14:02:44.198513
-59.0,-528.0,902.0,14:02:44.209042
-64.0,-529.0,894.0,14:02:44.228745
-69.0,-523.0,897.0,14:02:44.238171
-75.0,-525.0,898.0,14:02:44.248588
-80.0,-524.0,904.0,14:02:44.258047
-89.0,-525.0,905.0,14:02:44.267403
-80.0,-529.0,900.0,14:02:44.287074
-78.0,-526.0,898.0,14:02:44.307860
-75.0,-525.0,902.0,14:02:44.317269
-63.0,-522.0,898.0,14:02:44.326686
-65.0,-521.0,897.0,14:02:44.337107
-58.0,-524.0,893.0,14:02:44.376252
-63.0,-531.0,886.0,14:02:44.385669
-72.0,-534.0,882.0,14:02:44.396206
-75.0,-556.0,886.0,14:02:44.425176
-85.0,-558.0,893.0,14:02:44.435810
-96.0,-556.0,901.0,14:02:44.445121
-103.0,-555.0,885.0,14:02:44.454643
-126.0,-538.0,886.0,14:02:44.474384
-134.0,-533.0,900.0,14:02:44.484833
-136.0,-536.0,912.0,14:02:44.494187
-133.0,-530.0,909.0,14:02:44.504696
-130.0,-516.0,901.0,14:02:44.514174
-132.0,-504.0,911.0,14:02:44.523617
-140.0,-501.0,926.0,14:02:44.534077
-143.0,-496.0,933.0,14:02:44.543535
-149.0,-494.0,926.0,14:02:44.554011
-163.0,-501.0,916.0,14:02:44.563366
-178.0,-509.0,911.0,14:02:44.573833
-172.0,-518.0,915.0,14:02:44.583234
-158.0,-532.0,917.0,14:02:44.592576
-142.0,-543.0,912.0,14:02:44.603170
-135.0,-539.0,893.0,14:02:44.612518
-126.0,-534.0,897.0,14:02:44.623069
-140.0,-531.0,912.0,14:02:44.632496
-167.0,-521.0,925.0,14:02:44.643058
-189.0,-517.0,919.0,14:02:44.652543
-184.0,-514.0,915.0,14:02:44.672174
-186.0,-517.0,918.0,14:02:44.681600
-168.0,-512.0,923.0,14:02:44.692104
-137.0,-530.0,911.0,14:02:44.710740
-106.0,-523.0,904.0,14:02:44.721283
-113.0,-527.0,905.0,14:02:44.730724
-106.0,-522.0,910.0,14:02:44.741385
-92.0,-525.0,913.0,14:02:44.750708
-87.0,-529.0,900.0,14:02:44.761296
-76.0,-528.0,881.0,14:02:44.770708
-61.0,-524.0,876.0,14:02:44.780173
-40.0,-529.0,887.0,14:02:44.794873
-31.0,-537.0,898.0,14:02:44.799810
-40.0,-527.0,880.0,14:02:44.819434
-50.0,-529.0,878.0,14:02:44.829893
-54.0,-538.0,880.0,14:02:44.839253
-56.0,-546.0,886.0,14:02:44.849804
-52.0,-544.0,884.0,14:02:44.859131
-45.0,-549.0,883.0,14:02:44.869634
-40.0,-545.0,880.0,14:02:44.879112
-38.0,-539.0,879.0,14:02:44.888548
-34.0,-535.0,883.0,14:02:44.899145
-31.0,-526.0,889.0,14:02:44.908579
-35.0,-516.0,895.0,14:02:44.919162
-32.0,-517.0,901.0,14:02:44.928661
-25.0,-509.0,887.0,14:02:44.948386
-17.0,-508.0,889.0,14:02:44.968151
-11.0,-517.0,896.0,14:02:44.977563
-13.0,-519.0,904.0,14:02:44.988086
-10.0,-517.0,895.0,14:02:44.997521
-8.0,-515.0,885.0,14:02:45.007013
-9.0,-513.0,888.0,14:02:45.017535
-18.0,-509.0,889.0,14:02:45.026939
-45.0,-518.0,902.0,14:02:45.036439
-145.0,-520.0,898.0,14:02:45.047060
-212.0,-531.0,886.0,14:02:45.056440
-189.0,-566.0,913.0,14:02:45.065980
-118.0,-594.0,930.0,14:02:45.076557
-110.0,-591.0,911.0,14:02:45.085891
-135.0,-545.0,886.0,14:02:45.096420
-96.0,-529.0,877.0,14:02:45.105872
-19.0,-528.0,894.0,14:02:45.115319
-46.0,-523.0,914.0,14:02:45.125882
-119.0,-508.0,912.0,14:02:45.135242
-166.0,-486.0,922.0,14:02:45.144828
-157.0,-490.0,925.0,14:02:45.155325
-142.0,-505.0,906.0,14:02:45.164796
-117.0,-516.0,893.0,14:02:45.175162
-58.0,-535.0,902.0,14:02:45.184772
-10.0,-537.0,903.0,14:02:45.196502
-17.0,-539.0,896.0,14:02:45.205083
-31.0,-546.0,887.0,14:02:45.214402
-81.0,-524.0,899.0,14:02:45.234236
-120.0,-519.0,902.0,14:02:45.243626
-132.0,-527.0,907.0,14:02:45.254200
-105.0,-528.0,906.0,14:02:45.263738
-83.0,-521.0,900.0,14:02:45.273060
-64.0,-518.0,889.0,14:02:45.283699
-38.0,-525.0,899.0,14:02:45.292970
-15.0,-523.0,893.0,14:02:45.312787
-35.0,-510.0,895.0,14:02:45.322337
-60.0,-504.0,904.0,14:02:45.332992
-92.0,-499.0,914.0,14:02:45.342498
-113.0,-498.0,908.0,14:02:45.351930
-115.0,-503.0,910.0,14:02:45.362498
-117.0,-523.0,907.0,14:02:45.371887
-103.0,-535.0,898.0,14:02:45.382425
-96.0,-534.0,903.0,14:02:45.402006
-100.0,-527.0,910.0,14:02:45.420604
-131.0,-521.0,913.0,14:02:45.441549
-146.0,-511.0,915.0,14:02:45.450997
-152.0,-517.0,917.0,14:02:45.460322
-134.0,-522.0,913.0,14:02:45.470795
-121.0,-524.0,899.0,14:02:45.480245
-113.0,-530.0,896.0,14:02:45.490835
-115.0,-537.0,908.0,14:02:45.500236
-108.0,-538.0,901.0,14:02:45.520028
-104.0,-526.0,906.0,14:02:45.529304
-99.0,-529.0,904.0,14:02:45.539836
-101.0,-522.0,900.0,14:02:45.549159
-99.0,-518.0,906.0,14:02:45.559662
-85.0,-523.0,905.0,14:02:45.569037
-78.0,-526.0,901.0,14:02:45.579486
-84.0,-524.0,894.0,14:02:45.588821
-85.0,-528.0,893.0,14:02:45.599367
-83.0,-532.0,901.0,14:02:45.619104
-78.0,-541.0,895.0,14:02:45.628457
-68.0,-544.0,894.0,14:02:45.637856
-74.0,-526.0,888.0,14:02:45.658648
-72.0,-528.0,890.0,14:02:45.677194
-63.0,-531.0,886.0,14:02:45.696928
-74.0,-538.0,900.0,14:02:45.716592
-79.0,-533.0,901.0,14:02:45.727232
-65.0,-534.0,904.0,14:02:45.736619
-61.0,-523.0,897.0,14:02:45.756333
-60.0,-514.0,894.0,14:02:45.766894
-53.0,-513.0,895.0,14:02:45.776429
-55.0,-505.0,897.0,14:02:45.785787
-65.0,-503.0,900.0,14:02:45.796295
-66.0,-516.0,902.0,14:02:45.805755
-70.0,-524.0,908.0,14:02:45.816345
-74.0,-529.0,893.0,14:02:45.825764
-80.0,-531.0,889.0,14:02:45.835108
-75.0,-536.0,891.0,14:02:45.845586
-74.0,-539.0,897.0,14:02:45.854949
-72.0,-532.0,894.0,14:02:45.865493
-76.0,-530.0,889.0,14:02:45.874812
-73.0,-529.0,893.0,14:02:45.885435
-71.0,-523.0,898.0,14:02:45.894805
-78.0,-517.0,902.0,14:02:45.913716
-89.0,-519.0,901.0,14:02:45.924247
-83.0,-522.0,897.0,14:02:45.933680
-78.0,-526.0,892.0,14:02:45.944191
-75.0,-528.0,897.0,14:02:45.962980
-93.0,-525.0,899.0,14:02:45.973578
-104.0,-528.0,904.0,14:02:45.999685
-112.0,-525.0,908.0,14:02:46.003453
-119.0,-526.0,903.0,14:02:46.012756
-115.0,-524.0,906.0,14:02:46.023313
-106.0,-522.0,908.0,14:02:46.032587
-108.0,-518.0,909.0,14:02:46.042188
-111.0,-516.0,910.0,14:02:46.061830
-110.0,-526.0,901.0,14:02:46.081527
-101.0,-522.0,893.0,14:02:46.101251
-103.0,-526.0,899.0,14:02:46.111853
-102.0,-528.0,902.0,14:02:46.121204
-106.0,-531.0,897.0,14:02:46.140928
-117.0,-530.0,894.0,14:02:46.151511
-124.0,-536.0,903.0,14:02:46.160834
-116.0,-535.0,906.0,14:02:46.171416
-108.0,-536.0,903.0,14:02:46.180722
-105.0,-529.0,895.0,14:02:46.190220
-101.0,-525.0,898.0,14:02:46.200840
-100.0,-522.0,904.0,14:02:46.210277
-103.0,-520.0,906.0,14:02:46.230060
-111.0,-518.0,899.0,14:02:46.239428
-117.0,-523.0,895.0,14:02:46.249936
-118.0,-526.0,897.0,14:02:46.259355
-110.0,-532.0,901.0,14:02:46.298520
-106.0,-534.0,906.0,14:02:46.309086
-105.0,-527.0,909.0,14:02:46.318449
-103.0,-521.0,905.0,14:02:46.329101
-100.0,-516.0,902.0,14:02:46.348786
-91.0,-515.0,898.0,14:02:46.358183
-92.0,-516.0,892.0,14:02:46.367749
-87.0,-518.0,896.0,14:02:46.378194
-94.0,-528.0,897.0,14:02:46.399156
-96.0,-537.0,896.0,14:02:46.407989
-32.0,-576.0,884.0,14:02:46.417333
18.0,-273.0,890.0,14:02:46.426766
-202.0,-691.0,932.0,14:02:46.437193
-11.0,-500.0,924.0,14:02:46.446584
-191.0,-571.0,892.0,14:02:46.457130
-81.0,-466.0,866.0,14:02:46.466488
-107.0,-553.0,883.0,14:02:46.477010
-84.0,-558.0,916.0,14:02:46.486422
-134.0,-552.0,935.0,14:02:46.495830
-131.0,-529.0,877.0,14:02:46.506372
-88.0,-496.0,893.0,14:02:46.515772
-47.0,-507.0,916.0,14:02:46.535485
-137.0,-508.0,908.0,14:02:46.545949
-97.0,-496.0,891.0,14:02:46.555539
-75.0,-507.0,889.0,14:02:46.564873
-79.0,-534.0,888.0,14:02:46.575397
-92.0,-482.0,903.0,14:02:46.584807
-137.0,-542.0,888.0,14:02:46.595348
-81.0,-527.0,903.0,14:02:46.604761
-113.0,-541.0,894.0,14:02:46.614236
-104.0,-532.0,891.0,14:02:46.624868
-88.0,-540.0,892.0,14:02:46.634213
-96.0,-541.0,890.0,14:02:46.643633
-74.0,-536.0,895.0,14:02:46.654176
-99.0,-542.0,897.0,14:02:46.663690
-95.0,-531.0,881.0,14:02:46.674168
-130.0,-524.0,901.0,14:02:46.692813
-117.0,-556.0,914.0,14:02:46.703309
-95.0,-529.0,896.0,14:02:46.712736
-121.0,-511.0,882.0,14:02:46.723177
-128.0,-520.0,897.0,14:02:46.732614
-86.0,-542.0,917.0,14:02:46.743106
-107.0,-527.0,907.0,14:02:46.752522
-111.0,-515.0,893.0,14:02:46.761892
-103.0,-526.0,890.0,14:02:46.772579
-111.0,-517.0,905.0,14:02:46.782039
-167.0,-582.0,908.0,14:02:46.791441
22.0,-490.0,909.0,14:02:46.801918
-115.0,-521.0,925.0,14:02:46.821678
-125.0,-545.0,892.0,14:02:46.831004
-94.0,-505.0,890.0,14:02:46.841628
-123.0,-527.0,895.0,14:02:46.850920
-88.0,-481.0,885.0,14:02:46.861446
-146.0,-546.0,917.0,14:02:46.870780
-81.0,-537.0,911.0,14:02:46.880252
-130.0,-521.0,868.0,14:02:46.890801
-80.0,-540.0,859.0,14:02:46.900254
-89.0,-587.0,911.0,14:02:46.910697
-82.0,-538.0,923.0,14:02:46.920125
-106.0,-527.0,882.0,14:02:46.930608
-101.0,-533.0,894.0,14:02:46.959573
-112.0,-505.0,904.0,14:02:46.969026
-121.0,-515.0,915.0,14:02:46.979495
-108.0,-507.0,904.0,14:02:46.988950
-115.0,-501.0,895.0,14:02:46.999532
-122.0,-516.0,903.0,14:02:47.008978
-112.0,-505.0,911.0,14:02:47.018286
-128.0,-518.0,900.0,14:02:47.028989
-117.0,-489.0,908.0,14:02:47.038322
-174.0,-545.0,943.0,14:02:47.048814
-140.0,-546.0,895.0,14:02:47.058242
-128.0,-476.0,913.0,14:02:47.067523
-183.0,-456.0,906.0,14:02:47.078259
-123.0,-530.0,891.0,14:02:47.087553
-92.0,-525.0,905.0,14:02:47.097239
-115.0,-528.0,932.0,14:02:47.107762
-103.0,-498.0,904.0,14:02:47.117249
-142.0,-545.0,892.0,14:02:47.127830
-76.0,-533.0,895.0,14:02:47.137226
-99.0,-556.0,888.0,14:02:47.146620
-94.0,-544.0,901.0,14:02:47.157086
-101.0,-549.0,902.0,14:02:47.166577
-122.0,-531.0,883.0,14:02:47.177017
-88.0,-539.0,884.0,14:02:47.186404
-100.0,-555.0,893.0,14:02:47.201820
-110.0,-546.0,901.0,14:02:47.205605
-104.0,-551.0,892.0,14:02:47.216202
-102.0,-541.0,900.0,14:02:47.225520
-113.0,-518.0,904.0,14:02:47.236138
-102.0,-521.0,890.0,14:02:47.245477
-109.0,-517.0,887.0,14:02:47.255968
-98.0,-528.0,890.0,14:02:47.265325
-91.0,-518.0,902.0,14:02:47.274725
-106.0,-536.0,895.0,14:02:47.285357
-100.0,-518.0,902.0,14:02:47.294778
-95.0,-521.0,903.0,14:02:47.305335
-99.0,-514.0,896.0,14:02:47.314759
-101.0,-530.0,894.0,14:02:47.334385
-89.0,-518.0,895.0,14:02:47.343665
-112.0,-533.0,898.0,14:02:47.354199
-115.0,-525.0,892.0,14:02:47.363700
-102.0,-538.0,896.0,14:02:47.383303
-105.0,-543.0,894.0,14:02:47.394007
-100.0,-537.0,898.0,14:02:47.403383
-102.0,-536.0,895.0,14:02:47.412742
-115.0,-529.0,892.0,14:02:47.423228
-99.0,-521.0,891.0,14:02:47.432662
-105.0,-528.0,901.0,14:02:47.443086
-99.0,-529.0,899.0,14:02:47.452566
-109.0,-523.0,897.0,14:02:47.463104
-103.0,-530.0,903.0,14:02:47.472445
-100.0,-525.0,902.0,14:02:47.481851
-98.0,-523.0,899.0,14:02:47.492405
-92.0,-532.0,904.0,14:02:47.512031
-96.0,-527.0,892.0,14:02:47.521573
-105.0,-523.0,885.0,14:02:47.532073
-108.0,-521.0,893.0,14:02:47.541481
-115.0,-526.0,904.0,14:02:47.550894
-118.0,-528.0,903.0,14:02:47.561452
-116.0,-526.0,904.0,14:02:47.570800
-106.0,-533.0,906.0,14:02:47.581317
-104.0,-530.0,905.0,14:02:47.590649
-102.0,-523.0,897.0,14:02:47.606161
-109.0,-520.0,903.0,14:02:47.610934
-112.0,-513.0,906.0,14:02:47.620496
-118.0,-516.0,908.0,14:02:47.629775
-122.0,-519.0,905.0,14:02:47.649330
-126.0,-522.0,901.0,14:02:47.659872
-125.0,-521.0,907.0,14:02:47.669192
-124.0,-523.0,899.0,14:02:47.679687
-116.0,-525.0,908.0,14:02:47.708509
-121.0,-516.0,905.0,14:02:47.728221
-122.0,-510.0,904.0,14:02:47.738676
-112.0,-513.0,900.0,14:02:47.748094
-109.0,-514.0,901.0,14:02:47.758645
-112.0,-517.0,903.0,14:02:47.768043
-113.0,-523.0,899.0,14:02:47.778527
-105.0,-529.0,898.0,14:02:47.797104
-113.0,-515.0,905.0,14:02:47.807585
-114.0,-522.0,904.0,14:02:47.817027
-107.0,-517.0,902.0,14:02:47.827449
-101.0,-516.0,897.0,14:02:47.836996
-83.0,-524.0,895.0,14:02:47.847492
-92.0,-522.0,901.0,14:02:47.856948
-97.0,-515.0,904.0,14:02:47.876602
-100.0,-518.0,903.0,14:02:47.886054
-101.0,-527.0,900.0,14:02:47.896463
-94.0,-531.0,904.0,14:02:47.916290
-93.0,-529.0,885.0,14:02:47.935938
-95.0,-521.0,902.0,14:02:47.965892
-103.0,-524.0,903.0,14:02:47.984390
-105.0,-526.0,900.0,14:02:48.004130
-108.0,-522.0,897.0,14:02:48.014776
-111.0,-523.0,900.0,14:02:48.024092
-109.0,-524.0,897.0,14:02:48.034678
-114.0,-525.0,903.0,14:02:48.044074
-110.0,-521.0,900.0,14:02:48.063839
-114.0,-520.0,904.0,14:02:48.074367
-107.0,-517.0,900.0,14:02:48.083790
-105.0,-520.0,899.0,14:02:48.093102
-104.0,-522.0,896.0,14:02:48.112795
-107.0,-524.0,901.0,14:02:48.132472
-109.0,-526.0,895.0,14:02:48.143025
-110.0,-521.0,899.0,14:02:48.162921
-108.0,-524.0,894.0,14:02:48.172251
-111.0,-518.0,899.0,14:02:48.182711
-118.0,-517.0,902.0,14:02:48.192104
-117.0,-522.0,901.0,14:02:48.202569
-116.0,-524.0,905.0,14:02:48.211971
-119.0,-528.0,899.0,14:02:48.221433
-124.0,-525.0,903.0,14:02:48.231966
-117.0,-533.0,902.0,14:02:48.241433
-111.0,-522.0,899.0,14:02:48.270317
-109.0,-521.0,898.0,14:02:48.280894
-117.0,-520.0,904.0,14:02:48.300708
-115.0,-524.0,906.0,14:02:48.320344
-112.0,-527.0,901.0,14:02:48.329744
-108.0,-522.0,902.0,14:02:48.349389
-104.0,-523.0,896.0,14:02:48.359993
-101.0,-524.0,898.0,14:02:48.369389
-106.0,-526.0,900.0,14:02:48.400831
-110.0,-525.0,902.0,14:02:48.428621
-107.0,-523.0,898.0,14:02:48.439109
-102.0,-525.0,894.0,14:02:48.457853
-104.0,-526.0,896.0,14:02:48.478536
-105.0,-528.0,900.0,14:02:48.488037
-104.0,-527.0,902.0,14:02:48.497316
-102.0,-525.0,901.0,14:02:48.527499
-98.0,-521.0,897.0,14:02:48.536928
-97.0,-523.0,895.0,14:02:48.547365
-95.0,-522.0,897.0,14:02:48.556740
-99.0,-521.0,901.0,14:02:48.567188
-98.0,-525.0,903.0,14:02:48.586939
-102.0,-521.0,901.0,14:02:48.596355
-101.0,-522.0,902.0,14:02:48.605798
-102.0,-521.0,896.0,14:02:48.625513
-99.0,-526.0,900.0,14:02:48.636080
-104.0,-522.0,899.0,14:02:48.655638
-100.0,-523.0,904.0,14:02:48.675292
-103.0,-521.0,898.0,14:02:48.695062
-107.0,-519.0,899.0,14:02:48.704532
-104.0,-521.0,901.0,14:02:48.714986
-105.0,-522.0,900.0,14:02:48.734774
-106.0,-527.0,899.0,14:02:48.744194
-114.0,-523.0,898.0,14:02:48.774062
-109.0,-525.0,899.0,14:02:48.783576
-106.0,-523.0,896.0,14:02:48.794114
-105.0,-524.0,897.0,14:02:48.806582
-108.0,-528.0,903.0,14:02:48.823127
-113.0,-525.0,905.0,14:02:48.833588
-107.0,-526.0,901.0,14:02:48.843036
-111.0,-522.0,905.0,14:02:48.862819
-106.0,-516.0,906.0,14:02:48.882499
-107.0,-519.0,904.0,14:02:48.891845
-106.0,-523.0,901.0,14:02:48.911591
-102.0,-522.0,902.0,14:02:48.922001
-104.0,-529.0,903.0,14:02:48.941754
-107.0,-522.0,905.0,14:02:48.951267
-102.0,-523.0,899.0,14:02:48.961687
-104.0,-522.0,904.0,14:02:48.971197
-103.0,-518.0,901.0,14:02:48.980530
-108.0,-523.0,898.0,14:02:48.991086
-104.0,-522.0,899.0,14:02:49.000458
-101.0,-530.0,903.0,14:02:49.030529
-100.0,-529.0,901.0,14:02:49.059510
-103.0,-520.0,900.0,14:02:49.098585
-101.0,-524.0,902.0,14:02:49.109137
-104.0,-525.0,900.0,14:02:49.118496
-101.0,-520.0,895.0,14:02:49.138202
-96.0,-522.0,902.0,14:02:49.148752
-98.0,-525.0,898.0,14:02:49.168433
-100.0,-524.0,899.0,14:02:49.188236
-96.0,-522.0,900.0,14:02:49.197552
-95.0,-528.0,897.0,14:02:49.208147
-94.0,-525.0,896.0,14:02:49.217434
-99.0,-523.0,898.0,14:02:49.247306
-102.0,-525.0,902.0,14:02:49.286512
-104.0,-524.0,905.0,14:02:49.306324
-102.0,-523.0,899.0,14:02:49.315786
-103.0,-524.0,897.0,14:02:49.335493
-107.0,-521.0,898.0,14:02:49.345998
-103.0,-519.0,900.0,14:02:49.355349
-100.0,-525.0,902.0,14:02:49.365965
-101.0,-528.0,903.0,14:02:49.394784
-100.0,-523.0,898.0,14:02:49.405361
-99.0,-521.0,897.0,14:02:49.424044
-103.0,-529.0,898.0,14:02:49.443820
-102.0,-528.0,901.0,14:02:49.463511
-107.0,-526.0,900.0,14:02:49.474121
-108.0,-521.0,897.0,14:02:49.493810
-103.0,-518.0,904.0,14:02:49.513698
-106.0,-515.0,900.0,14:02:49.522996
-105.0,-517.0,898.0,14:02:49.533601
-104.0,-521.0,903.0,14:02:49.553190
-106.0,-520.0,904.0,14:02:49.572951
-99.0,-521.0,901.0,14:02:49.592525
-98.0,-519.0,902.0,14:02:49.611906
-100.0,-524.0,900.0,14:02:49.622382
-104.0,-522.0,903.0,14:02:49.631805
-105.0,-521.0,900.0,14:02:49.641328
-104.0,-523.0,897.0,14:02:49.651875
-109.0,-528.0,901.0,14:02:49.661284
-106.0,-530.0,898.0,14:02:49.680924
-102.0,-526.0,901.0,14:02:49.709789
-104.0,-522.0,904.0,14:02:49.720408
-105.0,-519.0,900.0,14:02:49.740210
-103.0,-521.0,899.0,14:02:49.749527
-104.0,-522.0,902.0,14:02:49.760149
-112.0,-520.0,896.0,14:02:49.778752
-109.0,-518.0,899.0,14:02:49.789262
-107.0,-524.0,900.0,14:02:49.799794
-112.0,-525.0,901.0,14:02:49.809201
-104.0,-526.0,900.0,14:02:49.828948
-102.0,-525.0,902.0,14:02:49.838324
-103.0,-523.0,897.0,14:02:49.848965
-106.0,-521.0,900.0,14:02:49.868717
-105.0,-525.0,904.0,14:02:49.887246
-102.0,-524.0,899.0,14:02:49.897885
-104.0,-523.0,898.0,14:02:49.917590
-106.0,-522.0,906.0,14:02:49.966949
-108.0,-523.0,901.0,14:02:49.996256
-109.0,-522.0,899.0,14:02:50.015738
-107.0,-523.0,901.0,14:02:50.036501
-108.0,-524.0,902.0,14:02:50.055180
-107.0,-522.0,900.0,14:02:50.065782
-109.0,-521.0,899.0,14:02:50.075110
-105.0,-523.0,900.0,14:02:50.094829
-106.0,-525.0,901.0,14:02:50.105308
-105.0,-526.0,900.0,14:02:50.114780
-104.0,-522.0,897.0,14:02:50.124265
-102.0,-525.0,899.0,14:02:50.144973
-103.0,-524.0,897.0,14:02:50.184087
-107.0,-520.0,900.0,14:02:50.213075
-104.0,-525.0,897.0,14:02:50.223643
-106.0,-523.0,900.0,14:02:50.233064
-103.0,-525.0,902.0,14:02:50.252828
-104.0,-522.0,899.0,14:02:50.262393
-105.0,-524.0,901.0,14:02:50.282156
-106.0,-525.0,902.0,14:02:50.292583
-102.0,-523.0,897.0,14:02:50.312348
-103.0,-525.0,901.0,14:02:50.321724
-105.0,-523.0,899.0,14:02:50.341435
-104.0,-521.0,903.0,14:02:50.361061
-102.0,-522.0,896.0,14:02:50.371691
-105.0,-526.0,902.0,14:02:50.391335
-109.0,-521.0,900.0,14:02:50.420274
-110.0,-523.0,903.0,14:02:50.430724
-105.0,-521.0,901.0,14:02:50.440216
-107.0,-523.0,902.0,14:02:50.479304
-105.0,-522.0,898.0,14:02:50.489730
-110.0,-520.0,900.0,14:02:50.499121
-107.0,-521.0,902.0,14:02:50.529122
-105.0,-518.0,903.0,14:02:50.559162
-110.0,-517.0,902.0,14:02:50.588073
-111.0,-519.0,901.0,14:02:50.598568
-110.0,-520.0,902.0,14:02:50.608028
-102.0,-516.0,898.0,14:02:50.617509
-106.0,-520.0,897.0,14:02:50.628142
-110.0,-525.0,898.0,14:02:50.646614
-109.0,-528.0,896.0,14:02:50.666382
-108.0,-526.0,898.0,14:02:50.676958
-103.0,-528.0,901.0,14:02:50.696704
-107.0,-531.0,898.0,14:02:50.706079
-109.0,-525.0,899.0,14:02:50.736199
-110.0,-523.0,900.0,14:02:50.754867
-107.0,-522.0,898.0,14:02:50.765504
-105.0,-523.0,896.0,14:02:50.795573
-107.0,-519.0,905.0,14:02:50.814943
-106.0,-523.0,901.0,14:02:50.824327
-108.0,-524.0,897.0,14:02:50.854244
-103.0,-526.0,898.0,14:02:50.864841
-106.0,-525.0,899.0,14:02:50.874167
-103.0,-523.0,902.0,14:02:50.893910
-105.0,-521.0,900.0,14:02:50.922767
-103.0,-522.0,901.0,14:02:50.933184
-104.0,-523.0,903.0,14:02:50.963110
-108.0,-524.0,901.0,14:02:50.972551
-107.0,-520.0,903.0,14:02:50.992162
-105.0,-523.0,901.0,14:02:51.011883
-109.0,-520.0,902.0,14:02:51.022465
-104.0,-523.0,898.0,14:02:51.031887
-108.0,-521.0,899.0,14:02:51.041316
-110.0,-525.0,900.0,14:02:51.071460
-107.0,-524.0,901.0,14:02:51.091239
-109.0,-521.0,899.0,14:02:51.110931
-110.0,-522.0,903.0,14:02:51.120338
-112.0,-521.0,898.0,14:02:51.130834
-110.0,-524.0,900.0,14:02:51.140226
-108.0,-525.0,901.0,14:02:51.170219
-111.0,-522.0,899.0,14:02:51.179648
-108.0,-523.0,900.0,14:02:51.189090
-106.0,-524.0,899.0,14:02:51.199561
-107.0,-519.0,902.0,14:02:51.211439
-108.0,-518.0,897.0,14:02:51.218776
-107.0,-525.0,902.0,14:02:51.238596
-110.0,-524.0,900.0,14:02:51.258299
-109.0,-526.0,896.0,14:02:51.277999
-112.0,-525.0,900.0,14:02:51.288512
-105.0,-520.0,899.0,14:02:51.317394
-104.0,-522.0,896.0,14:02:51.347412
-107.0,-520.0,900.0,14:02:51.356748
-106.0,-522.0,902.0,14:02:51.376392
-105.0,-521.0,898.0,14:02:51.406457
-106.0,-524.0,896.0,14:02:51.416120
-107.0,-522.0,898.0,14:02:51.435803
-105.0,-521.0,901.0,14:02:51.455538
-108.0,-519.0,905.0,14:02:51.466023
-110.0,-521.0,903.0,14:02:51.475455
-108.0,-524.0,897.0,14:02:51.495149
-109.0,-523.0,900.0,14:02:51.524078
-110.0,-527.0,901.0,14:02:51.534636
-104.0,-524.0,905.0,14:02:51.554340
-107.0,-520.0,901.0,14:02:51.563776
-102.0,-518.0,900.0,14:02:51.583499
-104.0,-524.0,899.0,14:02:51.593971
-107.0,-522.0,901.0,14:02:51.622946
-109.0,-520.0,899.0,14:02:51.633592
-107.0,-522.0,901.0,14:02:51.653206
-108.0,-520.0,903.0,14:02:51.662590
-109.0,-524.0,896.0,14:02:51.682335
-108.0,-523.0,899.0,14:02:51.701985
-109.0,-530.0,896.0,14:02:51.712612
-106.0,-527.0,901.0,14:02:51.721983
-105.0,-526.0,900.0,14:02:51.731485
-107.0,-525.0,901.0,14:02:51.741908
-108.0,-520.0,898.0,14:02:51.751405
-110.0,-522.0,897.0,14:02:51.771012
-112.0,-523.0,896.0,14:02:51.790754
-111.0,-522.0,897.0,14:02:51.801314
-109.0,-525.0,901.0,14:02:51.821012
-110.0,-523.0,898.0,14:02:51.840689
-108.0,-526.0,902.0,14:02:51.860354
-107.0,-522.0,899.0,14:02:51.880033
-108.0,-524.0,900.0,14:02:51.889334
-112.0,-522.0,905.0,14:02:51.909106
-108.0,-527.0,898.0,14:02:51.919667
-109.0,-524.0,901.0,14:02:51.929208
-108.0,-525.0,895.0,14:02:51.938665
-110.0,-524.0,900.0,14:02:51.958228
-109.0,-523.0,906.0,14:02:51.968785
-107.0,-522.0,902.0,14:02:51.978044
-108.0,-526.0,898.0,14:02:51.997846
-107.0,-527.0,900.0,14:02:52.017896
-108.0,-523.0,902.0,14:02:52.027596
-109.0,-526.0,900.0,14:02:52.037091
-110.0,-523.0,904.0,14:02:52.076293
-108.0,-520.0,902.0,14:02:52.086778
-109.0,-523.0,895.0,14:02:52.096258
-108.0,-521.0,897.0,14:02:52.106808
-109.0,-524.0,900.0,14:02:52.135615
-110.0,-522.0,899.0,14:02:52.146092
-107.0,-524.0,905.0,14:02:52.155399
-113.0,-522.0,904.0,14:02:52.175132
-109.0,-523.0,897.0,14:02:52.185632
-110.0,-521.0,903.0,14:02:52.194928
-107.0,-520.0,897.0,14:02:52.224948
-105.0,-517.0,901.0,14:02:52.235437
-106.0,-523.0,897.0,14:02:52.264221
-108.0,-518.0,904.0,14:02:52.274860
-112.0,-520.0,903.0,14:02:52.303644
-110.0,-519.0,900.0,14:02:52.323302
-108.0,-522.0,901.0,14:02:52.343010
-109.0,-524.0,897.0,14:02:52.353608
-110.0,-525.0,900.0,14:02:52.373243
-113.0,-524.0,902.0,14:02:52.382703
-111.0,-523.0,898.0,14:02:52.392143
-108.0,-525.0,900.0,14:02:52.402711
-107.0,-523.0,898.0,14:02:52.414504
-108.0,-516.0,899.0,14:02:52.432011
-107.0,-523.0,895.0,14:02:52.441405
-110.0,-520.0,899.0,14:02:52.451977
-108.0,-522.0,902.0,14:02:52.461368
-110.0,-525.0,904.0,14:02:52.471909
-113.0,-521.0,903.0,14:02:52.481331
-114.0,-520.0,901.0,14:02:52.490762
-108.0,-521.0,898.0,14:02:52.520861
-111.0,-524.0,896.0,14:02:52.530219
-107.0,-521.0,899.0,14:02:52.540758
-111.0,-526.0,898.0,14:02:52.550231
-110.0,-529.0,901.0,14:02:52.560725
-109.0,-522.0,898.0,14:02:52.579354
-107.0,-521.0,897.0,14:02:52.589809
-106.0,-525.0,898.0,14:02:52.599105
-108.0,-523.0,899.0,14:02:52.609648
-113.0,-522.0,902.0,14:02:52.639516
-111.0,-523.0,901.0,14:02:52.658099
-109.0,-524.0,898.0,14:02:52.668627
-105.0,-523.0,903.0,14:02:52.677991
-104.0,-521.0,901.0,14:02:52.698751
-102.0,-520.0,898.0,14:02:52.708124
-107.0,-523.0,903.0,14:02:52.717550
-111.0,-524.0,899.0,14:02:52.728062
-105.0,-522.0,900.0,14:02:52.737484
-108.0,-525.0,898.0,14:02:52.757267
-106.0,-524.0,900.0,14:02:52.777057
-110.0,-526.0,904.0,14:02:52.816258
-116.0,-523.0,901.0,14:02:52.836055
-109.0,-527.0,899.0,14:02:52.846517
-113.0,-522.0,897.0,14:02:52.855940
-112.0,-523.0,904.0,14:02:52.885915
-110.0,-522.0,897.0,14:02:52.905773
-114.0,-523.0,896.0,14:02:52.925369
-110.0,-521.0,898.0,14:02:52.934947
-112.0,-525.0,897.0,14:02:52.944289
-110.0,-521.0,902.0,14:02:52.954815
-111.0,-520.0,898.0,14:02:52.964160
-110.0,-522.0,903.0,14:02:53.013789
-114.0,-523.0,900.0,14:02:53.023139
-115.0,-522.0,904.0,14:02:53.033684
-114.0,-523.0,899.0,14:02:53.043174
-115.0,-519.0,901.0,14:02:53.053722
-114.0,-521.0,900.0,14:02:53.063056
-117.0,-518.0,899.0,14:02:53.072609
-112.0,-524.0,901.0,14:02:53.083039
-113.0,-522.0,907.0,14:02:53.141733
-107.0,-520.0,899.0,14:02:53.152288
-109.0,-523.0,897.0,14:02:53.161650
-111.0,-520.0,893.0,14:02:53.172096
-112.0,-523.0,896.0,14:02:53.181514
-111.0,-525.0,900.0,14:02:53.201194
-109.0,-518.0,902.0,14:02:53.240838
-108.0,-524.0,893.0,14:02:53.260551
-107.0,-525.0,899.0,14:02:53.270066
-111.0,-524.0,902.0,14:02:53.299121
-114.0,-528.0,898.0,14:02:53.309561
-112.0,-525.0,900.0,14:02:53.319056
-109.0,-521.0,909.0,14:02:53.329482
-106.0,-520.0,906.0,14:02:53.339015
-102.0,-519.0,899.0,14:02:53.358605
-104.0,-524.0,900.0,14:02:53.378371
-111.0,-523.0,903.0,14:02:53.388974
-105.0,-521.0,901.0,14:02:53.398435
-112.0,-522.0,907.0,14:02:53.407942
-110.0,-520.0,884.0,14:02:53.418530
-101.0,-534.0,904.0,14:02:53.438174
-111.0,-524.0,903.0,14:02:53.447753
-105.0,-522.0,892.0,14:02:53.467339
-106.0,-516.0,896.0,14:02:53.477840
-111.0,-521.0,898.0,14:02:53.487295
-105.0,-526.0,906.0,14:02:53.496590
-111.0,-522.0,888.0,14:02:53.516378
-109.0,-526.0,905.0,14:02:53.536147
-112.0,-520.0,903.0,14:02:53.546670
-115.0,-525.0,899.0,14:02:53.556042
-108.0,-519.0,902.0,14:02:53.566480
-107.0,-514.0,899.0,14:02:53.586181
-106.0,-517.0,901.0,14:02:53.625036
-115.0,-514.0,889.0,14:02:53.644915
-114.0,-525.0,898.0,14:02:53.654222
-113.0,-529.0,905.0,14:02:53.664771
-110.0,-531.0,902.0,14:02:53.674234
