112.0,-825.0,537.0,14:03:26.002113
1.0,-444.0,1005.0,14:03:26.005862
-207.0,-275.0,1339.0,14:03:26.015191
-75.0,-299.0,826.0,14:03:26.025723
-26.0,-446.0,332.0,14:03:26.035077
-9.0,-392.0,682.0,14:03:26.045684
-37.0,-519.0,1384.0,14:03:26.065261
142.0,-682.0,1022.0,14:03:26.074900
175.0,-544.0,836.0,14:03:26.084221
174.0,-403.0,780.0,14:03:26.102006
93.0,-405.0,849.0,14:03:26.105481
77.0,-680.0,1089.0,14:03:26.114740
97.0,-627.0,1019.0,14:03:26.124246
131.0,-626.0,872.0,14:03:26.133532
148.0,-454.0,720.0,14:03:26.144089
5.0,-571.0,731.0,14:03:26.153507
147.0,-539.0,750.0,14:03:26.164037
110.0,-578.0,819.0,14:03:26.173466
57.0,-534.0,889.0,14:03:26.182874
-15.0,-481.0,928.0,14:03:26.193307
37.0,-651.0,852.0,14:03:26.202807
105.0,-604.0,696.0,14:03:26.213288
-17.0,-525.0,844.0,14:03:26.222643
77.0,-556.0,1094.0,14:03:26.231937
54.0,-495.0,1110.0,14:03:26.242527
98.0,-670.0,822.0,14:03:26.251839
119.0,-618.0,785.0,14:03:26.262357
138.0,-498.0,969.0,14:03:26.271715
9.0,-388.0,980.0,14:03:26.281224
85.0,-536.0,696.0,14:03:26.291671
71.0,-545.0,735.0,14:03:26.300973
5.0,-493.0,1166.0,14:03:26.311674
85.0,-359.0,1080.0,14:03:26.321010
67.0,-332.0,728.0,14:03:26.331556
7.0,-473.0,715.0,14:03:26.340896
28.0,-348.0,1064.0,14:03:26.350292
73.0,-405.0,1305.0,14:03:26.360736
140.0,-473.0,845.0,14:03:26.370244
87.0,-393.0,785.0,14:03:26.380650
97.0,-548.0,1051.0,14:03:26.390105
40.0,-549.0,1126.0,14:03:26.400531
104.0,-498.0,944.0,14:03:26.409841
12.0,-415.0,800.0,14:03:26.420249
14.0,-612.0,776.0,14:03:26.429643
75.0,-626.0,952.0,14:03:26.440117
53.0,-540.0,1088.0,14:03:26.449381
79.0,-570.0,953.0,14:03:26.459798
93.0,-572.0,646.0,14:03:26.469243
123.0,-800.0,637.0,14:03:26.478613
67.0,-735.0,952.0,14:03:26.489085
79.0,-518.0,1016.0,14:03:26.498502
-12.0,-373.0,682.0,14:03:26.509066
22.0,-375.0,645.0,14:03:26.518393
-92.0,-418.0,1074.0,14:03:26.527859
-70.0,-352.0,1089.0,14:03:26.538412
12.0,-408.0,1049.0,14:03:26.547866
61.0,-443.0,994.0,14:03:26.558349
31.0,-347.0,1063.0,14:03:26.567706
94.0,-483.0,1125.0,14:03:26.577157
115.0,-671.0,975.0,14:03:26.587568
177.0,-754.0,1051.0,14:03:26.597078
163.0,-569.0,915.0,14:03:26.607586
51.0,-448.0,831.0,14:03:26.617163
24.0,-519.0,951.0,14:03:26.626512
5.0,-672.0,781.0,14:03:26.637059
81.0,-558.0,640.0,14:03:26.646399
-31.0,-532.0,1052.0,14:03:26.655963
-14.0,-467.0,809.0,14:03:26.666375
-15.0,-531.0,735.0,14:03:26.675859
-16.0,-434.0,983.0,14:03:26.686356
91.0,-538.0,971.0,14:03:26.695930
11.0,-508.0,804.0,14:03:26.705237
-8.0,-527.0,1026.0,14:03:26.715779
-43.0,-555.0,993.0,14:03:26.725101
126.0,-452.0,702.0,14:03:26.735626
130.0,-407.0,918.0,14:03:26.745012
88.0,-485.0,1198.0,14:03:26.755592
32.0,-428.0,833.0,14:03:26.764969
88.0,-453.0,788.0,14:03:26.774330
7.0,-564.0,1114.0,14:03:26.784861
30.0,-388.0,945.0,14:03:26.794203
22.0,-535.0,986.0,14:03:26.804786
177.0,-688.0,968.0,14:03:26.814121
154.0,-500.0,855.0,14:03:26.823606
23.0,-429.0,917.0,14:03:26.834022
73.0,-609.0,1004.0,14:03:26.843354
188.0,-678.0,703.0,14:03:26.853856
109.0,-670.0,670.0,14:03:26.863180
79.0,-669.0,839.0,14:03:26.873561
-4.0,-629.0,1135.0,14:03:26.882991
13.0,-580.0,816.0,14:03:26.893492
-19.0,-715.0,744.0,14:03:26.905939
-7.0,-570.0,888.0,14:03:26.913146
-74.0,-554.0,938.0,14:03:26.922496
15.0,-718.0,872.0,14:03:26.942200
-12.0,-641.0,902.0,14:03:26.952758
-30.0,-454.0,812.0,14:03:26.962038
-3.0,-508.0,888.0,14:03:26.971500
30.0,-512.0,796.0,14:03:26.981916
-9.0,-402.0,881.0,14:03:26.991315
-18.0,-423.0,920.0,14:03:27.001789
-64.0,-373.0,898.0,14:03:27.011327
83.0,-442.0,978.0,14:03:27.021887
29.0,-532.0,1113.0,14:03:27.031263
183.0,-531.0,876.0,14:03:27.040576
49.0,-600.0,872.0,14:03:27.051304
80.0,-658.0,1027.0,14:03:27.060626
87.0,-637.0,940.0,14:03:27.070116
-18.0,-664.0,804.0,14:03:27.080686
42.0,-620.0,533.0,14:03:27.090123
39.0,-679.0,896.0,14:03:27.100598
-35.0,-575.0,1068.0,14:03:27.109896
-2.0,-572.0,648.0,14:03:27.119296
-95.0,-598.0,666.0,14:03:27.129828
-11.0,-665.0,1184.0,14:03:27.139173
45.0,-567.0,1127.0,14:03:27.149669
-91.0,-352.0,902.0,14:03:27.159105
7.0,-313.0,877.0,14:03:27.169587
-9.0,-364.0,882.0,14:03:27.179022
16.0,-509.0,978.0,14:03:27.188334
-21.0,-530.0,975.0,14:03:27.199024
87.0,-363.0,798.0,14:03:27.208320
85.0,-393.0,960.0,14:03:27.218917
131.0,-497.0,838.0,14:03:27.228214
123.0,-606.0,916.0,14:03:27.237706
16.0,-562.0,726.0,14:03:27.248230
61.0,-643.0,842.0,14:03:27.257713
97.0,-578.0,830.0,14:03:27.268147
89.0,-485.0,615.0,14:03:27.277546
138.0,-420.0,540.0,14:03:27.286920
-29.0,-721.0,1284.0,14:03:27.304647
44.0,-774.0,1335.0,14:03:27.308847
60.0,-515.0,792.0,14:03:27.317025
12.0,-525.0,926.0,14:03:27.326455
55.0,-925.0,1560.0,14:03:27.336987
145.0,-965.0,1274.0,14:03:27.346320
65.0,-624.0,736.0,14:03:27.356959
172.0,-602.0,956.0,14:03:27.366283
166.0,-741.0,991.0,14:03:27.376746
-11.0,-676.0,608.0,14:03:27.386090
-151.0,-532.0,687.0,14:03:27.395464
-215.0,-364.0,613.0,14:03:27.405899
-249.0,-526.0,1358.0,14:03:27.415266
-134.0,-651.0,1240.0,14:03:27.425767
-31.0,-515.0,632.0,14:03:27.435300
-29.0,-371.0,616.0,14:03:27.444709
-27.0,-505.0,1235.0,14:03:27.455218
107.0,-522.0,973.0,14:03:27.464646
61.0,-526.0,547.0,14:03:27.475197
-45.0,-562.0,827.0,14:03:27.484677
7.0,-471.0,856.0,14:03:27.494132
-48.0,-348.0,700.0,14:03:27.504781
60.0,-441.0,910.0,14:03:27.514285
31.0,-526.0,851.0,14:03:27.523637
45.0,-346.0,610.0,14:03:27.534127
7.0,-404.0,920.0,14:03:27.543510
-57.0,-479.0,1090.0,14:03:27.554006
39.0,-463.0,928.0,14:03:27.563338
-89.0,-538.0,934.0,14:03:27.573772
-17.0,-527.0,1098.0,14:03:27.583151
-6.0,-445.0,1004.0,14:03:27.592605
10.0,-559.0,1106.0,14:03:27.603068
43.0,-525.0,974.0,14:03:27.612456
55.0,-551.0,858.0,14:03:27.623053
50.0,-415.0,733.0,14:03:27.632477
-100.0,-480.0,949.0,14:03:27.642907
-42.0,-555.0,956.0,14:03:27.652314
93.0,-745.0,878.0,14:03:27.661853
-83.0,-452.0,824.0,14:03:27.672531
-34.0,-300.0,861.0,14:03:27.681946
8.0,-411.0,895.0,14:03:27.691353
-15.0,-539.0,695.0,14:03:27.701872
129.0,-606.0,936.0,14:03:27.711232
24.0,-538.0,978.0,14:03:27.721687
21.0,-452.0,709.0,14:03:27.731016
24.0,-409.0,764.0,14:03:27.740483
53.0,-535.0,849.0,14:03:27.750956
119.0,-559.0,947.0,14:03:27.760318
127.0,-619.0,1020.0,14:03:27.770819
48.0,-539.0,857.0,14:03:27.780231
43.0,-503.0,861.0,14:03:27.790694
-23.0,-602.0,839.0,14:03:27.800068
118.0,-667.0,751.0,14:03:27.810555
113.0,-734.0,780.0,14:03:27.820081
203.0,-539.0,850.0,14:03:27.829374
-156.0,-253.0,1104.0,14:03:27.839928
-135.0,-236.0,996.0,14:03:27.849293
-128.0,-171.0,1047.0,14:03:27.859799
-173.0,-128.0,1122.0,14:03:27.869179
-21.0,-307.0,1192.0,14:03:27.878448
66.0,-479.0,1051.0,14:03:27.889179
47.0,-545.0,1216.0,14:03:27.898478
136.0,-561.0,995.0,14:03:27.909090
-69.0,-625.0,924.0,14:03:27.918386
-10.0,-600.0,885.0,14:03:27.927954
35.0,-700.0,944.0,14:03:27.938473
32.0,-693.0,700.0,14:03:27.947965
8.0,-686.0,641.0,14:03:27.958383
-33.0,-556.0,911.0,14:03:27.967955
61.0,-479.0,678.0,14:03:27.977291
167.0,-567.0,783.0,14:03:27.987950
233.0,-850.0,959.0,14:03:27.997218
264.0,-671.0,803.0,14:03:28.006621
160.0,-408.0,878.0,14:03:28.017076
80.0,-554.0,881.0,14:03:28.026414
94.0,-591.0,495.0,14:03:28.036969
72.0,-650.0,819.0,14:03:28.046315
-16.0,-608.0,1280.0,14:03:28.056749
-46.0,-516.0,1029.0,14:03:28.066114
16.0,-522.0,590.0,14:03:28.076611
-87.0,-492.0,809.0,14:03:28.085919
-22.0,-449.0,911.0,14:03:28.096365
-31.0,-589.0,967.0,14:03:28.106931
-14.0,-552.0,995.0,14:03:28.115290
-75.0,-401.0,967.0,14:03:28.125872
-50.0,-464.0,892.0,14:03:28.135230
68.0,-480.0,799.0,14:03:28.144723
-46.0,-547.0,1128.0,14:03:28.155204
60.0,-413.0,1011.0,14:03:28.164679
12.0,-489.0,984.0,14:03:28.175146
70.0,-556.0,854.0,14:03:28.184475
173.0,-679.0,957.0,14:03:28.194870
90.0,-466.0,945.0,14:03:28.204267
100.0,-538.0,851.0,14:03:28.214720
129.0,-562.0,622.0,14:03:28.224040
120.0,-749.0,889.0,14:03:28.234500
-12.0,-587.0,936.0,14:03:28.243934
86.0,-478.0,813.0,14:03:28.253235
114.0,-608.0,741.0,14:03:28.263804
67.0,-657.0,757.0,14:03:28.273154
124.0,-648.0,882.0,14:03:28.283713
46.0,-624.0,1010.0,14:03:28.293038
13.0,-575.0,893.0,14:03:28.302452
-61.0,-444.0,624.0,14:03:28.312851
8.0,-580.0,933.0,14:03:28.322353
34.0,-543.0,895.0,14:03:28.332870
65.0,-432.0,769.0,14:03:28.342308
-37.0,-238.0,949.0,14:03:28.352784
-153.0,-224.0,1112.0,14:03:28.362133
40.0,-343.0,844.0,14:03:28.371524
176.0,-468.0,945.0,14:03:28.382077
144.0,-374.0,1207.0,14:03:28.391451
98.0,-333.0,988.0,14:03:28.401938
85.0,-378.0,915.0,14:03:28.411358
182.0,-529.0,1083.0,14:03:28.420719
188.0,-424.0,874.0,14:03:28.431393
93.0,-458.0,1002.0,14:03:28.440678
102.0,-420.0,1066.0,14:03:28.451232
78.0,-488.0,821.0,14:03:28.460526
114.0,-500.0,719.0,14:03:28.471087
125.0,-685.0,1072.0,14:03:28.480368
113.0,-545.0,1039.0,14:03:28.489744
-3.0,-450.0,887.0,14:03:28.507378
62.0,-370.0,828.0,14:03:28.511211
65.0,-564.0,821.0,14:03:28.519479
87.0,-579.0,896.0,14:03:28.529948
72.0,-475.0,950.0,14:03:28.539296
60.0,-381.0,939.0,14:03:28.549716
125.0,-503.0,876.0,14:03:28.559123
33.0,-477.0,766.0,14:03:28.569573
69.0,-367.0,1021.0,14:03:28.578995
119.0,-479.0,1118.0,14:03:28.589434
88.0,-481.0,808.0,14:03:28.599009
138.0,-441.0,829.0,14:03:28.608271
-12.0,-533.0,1254.0,14:03:28.618765
160.0,-451.0,852.0,14:03:28.628205
211.0,-425.0,722.0,14:03:28.638642
44.0,-437.0,1099.0,14:03:28.647950
282.0,-555.0,961.0,14:03:28.658386
-10.0,-600.0,924.0,14:03:28.667864
75.0,-590.0,1007.0,14:03:28.677248
229.0,-582.0,967.0,14:03:28.687816
136.0,-410.0,892.0,14:03:28.697167
122.0,-476.0,1061.0,14:03:28.707783
-4.0,-672.0,1031.0,14:03:28.717055
111.0,-759.0,872.0,14:03:28.726554
119.0,-426.0,603.0,14:03:28.737003
-80.0,-364.0,1059.0,14:03:28.746477
77.0,-503.0,1056.0,14:03:28.757010
59.0,-465.0,689.0,14:03:28.766334
6.0,-457.0,903.0,14:03:28.775747
102.0,-661.0,913.0,14:03:28.786277
47.0,-471.0,897.0,14:03:28.795686
11.0,-497.0,1150.0,14:03:28.806227
-26.0,-495.0,991.0,14:03:28.815470
45.0,-608.0,838.0,14:03:28.825004
42.0,-676.0,1005.0,14:03:28.835435
5.0,-531.0,1060.0,14:03:28.844802
128.0,-516.0,789.0,14:03:28.855249
205.0,-636.0,831.0,14:03:28.864746
130.0,-616.0,791.0,14:03:28.875254
10.0,-537.0,856.0,14:03:28.884812
0.0,-463.0,790.0,14:03:28.894142
10.0,-493.0,764.0,14:03:28.904673
18.0,-446.0,727.0,14:03:28.913974
-59.0,-593.0,1045.0,14:03:28.924464
35.0,-519.0,923.0,14:03:28.933833
28.0,-421.0,899.0,14:03:28.943198
43.0,-576.0,1067.0,14:03:28.953762
119.0,-490.0,822.0,14:03:28.963148
124.0,-530.0,900.0,14:03:28.973694
5.0,-534.0,991.0,14:03:28.983082
52.0,-498.0,968.0,14:03:28.993594
38.0,-652.0,1019.0,14:03:29.002980
20.0,-613.0,886.0,14:03:29.012521
108.0,-551.0,913.0,14:03:29.022968
116.0,-547.0,987.0,14:03:29.032391
74.0,-550.0,926.0,14:03:29.042877
-20.0,-732.0,970.0,14:03:29.052267
-74.0,-726.0,992.0,14:03:29.061610
3.0,-651.0,770.0,14:03:29.072134
99.0,-735.0,873.0,14:03:29.081496
-85.0,-694.0,1006.0,14:03:29.092056
95.0,-652.0,679.0,14:03:29.101363
-151.0,-528.0,659.0,14:03:29.111879
28.0,-547.0,849.0,14:03:29.121280
92.0,-707.0,987.0,14:03:29.130745
-79.0,-545.0,716.0,14:03:29.141275
114.0,-405.0,552.0,14:03:29.150670
-117.0,-509.0,825.0,14:03:29.161163
75.0,-580.0,714.0,14:03:29.170542
77.0,-598.0,962.0,14:03:29.179875
-165.0,-425.0,1084.0,14:03:29.190408
3.0,-356.0,766.0,14:03:29.199759
-31.0,-537.0,898.0,14:03:29.210355
87.0,-572.0,831.0,14:03:29.219672
-16.0,-586.0,1110.0,14:03:29.230234
5.0,-563.0,1029.0,14:03:29.239514
-60.0,-436.0,712.0,14:03:29.249081
65.0,-574.0,960.0,14:03:29.259587
46.0,-507.0,965.0,14:03:29.269075
81.0,-466.0,730.0,14:03:29.279615
-8.0,-417.0,930.0,14:03:29.289101
-6.0,-503.0,1097.0,14:03:29.298461
207.0,-720.0,787.0,14:03:29.310422
-7.0,-462.0,834.0,14:03:29.318574
87.0,-347.0,1035.0,14:03:29.327980
5.0,-522.0,1090.0,14:03:29.338650
120.0,-613.0,899.0,14:03:29.347933
16.0,-557.0,940.0,14:03:29.357291
66.0,-500.0,842.0,14:03:29.367790
67.0,-496.0,920.0,14:03:29.377236
68.0,-515.0,818.0,14:03:29.387785
119.0,-570.0,751.0,14:03:29.397151
55.0,-507.0,725.0,14:03:29.407614
-19.0,-441.0,900.0,14:03:29.417109
39.0,-422.0,981.0,14:03:29.426540
27.0,-515.0,989.0,14:03:29.437136
172.0,-544.0,914.0,14:03:29.446434
75.0,-543.0,762.0,14:03:29.455908
129.0,-407.0,1021.0,14:03:29.466350
-1.0,-428.0,1055.0,14:03:29.475839
62.0,-459.0,818.0,14:03:29.486331
185.0,-416.0,859.0,14:03:29.495859
3.0,-530.0,1050.0,14:03:29.506296
9.0,-417.0,1083.0,14:03:29.515619
-49.0,-379.0,821.0,14:03:29.524922
-10.0,-429.0,1077.0,14:03:29.535476
144.0,-500.0,1116.0,14:03:29.544765
-150.0,-384.0,970.0,14:03:29.555251
37.0,-491.0,920.0,14:03:29.564724
127.0,-665.0,1171.0,14:03:29.575280
84.0,-567.0,1067.0,14:03:29.584615
59.0,-511.0,863.0,14:03:29.594039
-3.0,-603.0,715.0,14:03:29.604541
191.0,-698.0,852.0,14:03:29.613978
11.0,-577.0,997.0,14:03:29.624527
74.0,-549.0,1000.0,14:03:29.633935
44.0,-579.0,611.0,14:03:29.643214
118.0,-613.0,649.0,14:03:29.653780
109.0,-541.0,985.0,14:03:29.663144
-78.0,-555.0,1003.0,14:03:29.673626
119.0,-594.0,694.0,14:03:29.683003
55.0,-547.0,942.0,14:03:29.692503
183.0,-519.0,843.0,14:03:29.710800
50.0,-383.0,786.0,14:03:29.714760
-68.0,-402.0,939.0,14:03:29.722960
98.0,-504.0,965.0,14:03:29.732405
-11.0,-563.0,777.0,14:03:29.741899
60.0,-473.0,937.0,14:03:29.752604
-44.0,-486.0,1135.0,14:03:29.762033
33.0,-456.0,998.0,14:03:29.771355
69.0,-603.0,876.0,14:03:29.781932
23.0,-502.0,897.0,14:03:29.791324
72.0,-408.0,1139.0,14:03:29.801780
-21.0,-366.0,995.0,14:03:29.811165
58.0,-476.0,878.0,14:03:29.821713
25.0,-322.0,764.0,14:03:29.831252
-88.0,-451.0,1222.0,14:03:29.840595
62.0,-517.0,1067.0,14:03:29.851055
83.0,-510.0,688.0,14:03:29.860403
32.0,-589.0,827.0,14:03:29.870879
27.0,-618.0,852.0,14:03:29.880247
136.0,-641.0,791.0,14:03:29.890760
15.0,-399.0,689.0,14:03:29.900186
138.0,-603.0,1006.0,14:03:29.909594
135.0,-543.0,867.0,14:03:29.920145
5.0,-697.0,1123.0,14:03:29.929442
121.0,-486.0,708.0,14:03:29.939902
82.0,-391.0,609.0,14:03:29.949194
29.0,-556.0,1126.0,14:03:29.959695
77.0,-796.0,1319.0,14:03:29.969050
33.0,-481.0,592.0,14:03:29.979553
163.0,-601.0,1079.0,14:03:29.989050
-34.0,-461.0,802.0,14:03:29.998423
-52.0,-497.0,546.0,14:03:30.008962
-97.0,-590.0,828.0,14:03:30.018348
-47.0,-358.0,789.0,14:03:30.028808
79.0,-479.0,1045.0,14:03:30.038287
-39.0,-501.0,1141.0,14:03:30.047788
-31.0,-543.0,1016.0,14:03:30.058294
167.0,-393.0,478.0,14:03:30.067592
107.0,-441.0,969.0,14:03:30.077046
10.0,-621.0,1567.0,14:03:30.087567
99.0,-607.0,854.0,14:03:30.097026
157.0,-369.0,181.0,14:03:30.107549
-55.0,-540.0,1158.0,14:03:30.117064
-52.0,-454.0,1235.0,14:03:30.126380
59.0,-410.0,685.0,14:03:30.137011
97.0,-468.0,806.0,14:03:30.146446
-21.0,-357.0,865.0,14:03:30.155872
128.0,-390.0,803.0,14:03:30.166291
22.0,-680.0,882.0,14:03:30.175672
75.0,-603.0,741.0,14:03:30.186163
36.0,-365.0,667.0,14:03:30.195516
-79.0,-375.0,707.0,14:03:30.206017
80.0,-466.0,632.0,14:03:30.215514
103.0,-696.0,1165.0,14:03:30.225935
202.0,-537.0,1059.0,14:03:30.234798
-27.0,-418.0,967.0,14:03:30.245198
-62.0,-475.0,1030.0,14:03:30.254787
211.0,-817.0,1144.0,14:03:30.265243
241.0,-816.0,1040.0,14:03:30.274847
107.0,-502.0,1062.0,14:03:30.284132
22.0,-434.0,932.0,14:03:30.294768
-63.0,-455.0,710.0,14:03:30.304048
7.0,-447.0,816.0,14:03:30.314630
61.0,-550.0,884.0,14:03:30.324023
67.0,-514.0,951.0,14:03:30.333499
-70.0,-509.0,913.0,14:03:30.343940
-53.0,-553.0,1221.0,14:03:30.353342
-65.0,-556.0,1094.0,14:03:30.363875
177.0,-632.0,764.0,14:03:30.373238
225.0,-684.0,1105.0,14:03:30.382610
60.0,-557.0,1234.0,14:03:30.393042
137.0,-563.0,645.0,14:03:30.402495
41.0,-646.0,466.0,14:03:30.413059
46.0,-449.0,757.0,14:03:30.422421
32.0,-285.0,1263.0,14:03:30.431931
-170.0,-351.0,1148.0,14:03:30.442461
-16.0,-447.0,600.0,14:03:30.451933
94.0,-479.0,612.0,14:03:30.462485
127.0,-389.0,1131.0,14:03:30.471893
32.0,-397.0,1129.0,14:03:30.481336
60.0,-513.0,899.0,14:03:30.491885
63.0,-504.0,914.0,14:03:30.501212
-48.0,-405.0,1027.0,14:03:30.512972
1.0,-449.0,851.0,14:03:30.521377
121.0,-776.0,950.0,14:03:30.530681
95.0,-607.0,975.0,14:03:30.541426
135.0,-560.0,1043.0,14:03:30.550759
13.0,-292.0,596.0,14:03:30.560157
95.0,-582.0,982.0,14:03:30.570802
25.0,-690.0,1009.0,14:03:30.580171
50.0,-730.0,900.0,14:03:30.590685
32.0,-567.0,844.0,14:03:30.600160
-15.0,-430.0,859.0,14:03:30.609541
-29.0,-615.0,895.0,14:03:30.620092
-64.0,-614.0,885.0,14:03:30.629490
-88.0,-537.0,852.0,14:03:30.638994
38.0,-709.0,768.0,14:03:30.649579
-9.0,-718.0,824.0,14:03:30.658989
-107.0,-663.0,1142.0,14:03:30.669537
-89.0,-591.0,733.0,14:03:30.678967
-28.0,-736.0,563.0,14:03:30.688449
39.0,-704.0,949.0,14:03:30.699034
-8.0,-553.0,903.0,14:03:30.708513
-34.0,-581.0,752.0,14:03:30.717908
-81.0,-352.0,890.0,14:03:30.728471
-146.0,-210.0,1159.0,14:03:30.737961
-160.0,-177.0,948.0,14:03:30.748482
-7.0,-209.0,938.0,14:03:30.757956
-20.0,-410.0,1007.0,14:03:30.767335
213.0,-522.0,1191.0,14:03:30.777948
98.0,-466.0,990.0,14:03:30.787285
145.0,-477.0,1074.0,14:03:30.797869
157.0,-511.0,861.0,14:03:30.807283
83.0,-599.0,894.0,14:03:30.816555
67.0,-576.0,1043.0,14:03:30.827118
-40.0,-436.0,759.0,14:03:30.836553
-87.0,-413.0,793.0,14:03:30.845930
34.0,-580.0,920.0,14:03:30.856452
111.0,-575.0,862.0,14:03:30.865822
49.0,-462.0,834.0,14:03:30.876439
84.0,-491.0,942.0,14:03:30.885817
93.0,-567.0,843.0,14:03:30.896310
108.0,-477.0,999.0,14:03:30.913580
177.0,-463.0,595.0,14:03:30.914984
15.0,-397.0,859.0,14:03:30.925819
-11.0,-627.0,1070.0,14:03:30.935099
52.0,-695.0,865.0,14:03:30.945638
106.0,-524.0,827.0,14:03:30.955032
55.0,-223.0,797.0,14:03:30.964451
-30.0,-503.0,973.0,14:03:30.974998
88.0,-587.0,854.0,14:03:30.984357
135.0,-363.0,1014.0,14:03:30.994858
148.0,-435.0,1249.0,14:03:31.004261
149.0,-555.0,671.0,14:03:31.013621
163.0,-512.0,865.0,14:03:31.024190
10.0,-579.0,1086.0,14:03:31.033581
136.0,-750.0,843.0,14:03:31.044085
17.0,-760.0,895.0,14:03:31.053562
-33.0,-662.0,1118.0,14:03:31.062945
68.0,-644.0,890.0,14:03:31.073387
126.0,-578.0,720.0,14:03:31.082897
69.0,-650.0,831.0,14:03:31.093362
54.0,-814.0,1076.0,14:03:31.102759
13.0,-664.0,987.0,14:03:31.112178
26.0,-452.0,653.0,14:03:31.122676
-18.0,-536.0,647.0,14:03:31.132058
19.0,-644.0,968.0,14:03:31.142474
-35.0,-634.0,880.0,14:03:31.151869
-84.0,-452.0,658.0,14:03:31.162396
27.0,-446.0,834.0,14:03:31.171746
-14.0,-394.0,974.0,14:03:31.182185
116.0,-604.0,1023.0,14:03:31.191576
61.0,-610.0,681.0,14:03:31.200874
71.0,-482.0,899.0,14:03:31.211378
-22.0,-384.0,1198.0,14:03:31.220671
53.0,-479.0,715.0,14:03:31.231300
116.0,-561.0,759.0,14:03:31.240722
28.0,-706.0,1396.0,14:03:31.251297
-18.0,-633.0,957.0,14:03:31.260573
21.0,-330.0,500.0,14:03:31.270134
12.0,-516.0,939.0,14:03:31.280525
64.0,-674.0,1320.0,14:03:31.289938
-42.0,-602.0,865.0,14:03:31.300452
36.0,-462.0,482.0,14:03:31.309873
46.0,-475.0,995.0,14:03:31.320267
33.0,-674.0,1179.0,14:03:31.329590
6.0,-545.0,658.0,14:03:31.339016
-67.0,-476.0,730.0,14:03:31.349601
60.0,-426.0,1001.0,14:03:31.359033
113.0,-518.0,1013.0,14:03:31.369484
-16.0,-451.0,754.0,14:03:31.378956
83.0,-556.0,813.0,14:03:31.388315
73.0,-587.0,1031.0,14:03:31.398852
30.0,-456.0,834.0,14:03:31.408186
47.0,-380.0,768.0,14:03:31.418817
118.0,-605.0,936.0,14:03:31.428534
-70.0,-501.0,1033.0,14:03:31.438548
23.0,-507.0,1106.0,14:03:31.448054
-19.0,-386.0,705.0,14:03:31.457426
83.0,-498.0,1073.0,14:03:31.468015
-10.0,-609.0,1170.0,14:03:31.477442
92.0,-595.0,850.0,14:03:31.486758
15.0,-320.0,796.0,14:03:31.497383
57.0,-454.0,1070.0,14:03:31.506649
3.0,-584.0,1085.0,14:03:31.517153
14.0,-543.0,799.0,14:03:31.526428
-58.0,-485.0,812.0,14:03:31.537117
-37.0,-461.0,989.0,14:03:31.546526
-94.0,-549.0,913.0,14:03:31.555982
84.0,-589.0,790.0,14:03:31.566432
105.0,-457.0,663.0,14:03:31.575918
-173.0,-471.0,1036.0,14:03:31.586364
55.0,-436.0,803.0,14:03:31.595881
-14.0,-553.0,817.0,14:03:31.605252
161.0,-656.0,780.0,14:03:31.615843
77.0,-557.0,1093.0,14:03:31.625288
97.0,-248.0,808.0,14:03:31.634692
-4.0,-343.0,774.0,14:03:31.645222
-21.0,-572.0,812.0,14:03:31.654690
60.0,-562.0,970.0,14:03:31.665221
-8.0,-527.0,1269.0,14:03:31.674772
-49.0,-399.0,872.0,14:03:31.684192
78.0,-355.0,571.0,14:03:31.694788
-23.0,-697.0,1234.0,14:03:31.704102
32.0,-647.0,1037.0,14:03:31.717956
119.0,-560.0,648.0,14:03:31.723541
19.0,-531.0,1139.0,14:03:31.734086
-38.0,-404.0,1077.0,14:03:31.743476
-28.0,-554.0,640.0,14:03:31.753974
96.0,-589.0,967.0,14:03:31.763207
-82.0,-478.0,1218.0,14:03:31.773762
-140.0,-425.0,1009.0,14:03:31.783044
86.0,-678.0,1062.0,14:03:31.792593
107.0,-652.0,830.0,14:03:31.803107
181.0,-670.0,1095.0,14:03:31.812512
-33.0,-554.0,1032.0,14:03:31.822950
124.0,-574.0,880.0,14:03:31.832561
78.0,-580.0,906.0,14:03:31.841903
9.0,-649.0,844.0,14:03:31.852549
44.0,-417.0,753.0,14:03:31.861856
-57.0,-661.0,929.0,14:03:31.871371
40.0,-572.0,862.0,14:03:31.881903
-21.0,-394.0,588.0,14:03:31.891443
104.0,-546.0,717.0,14:03:31.901965
164.0,-639.0,855.0,14:03:31.911320
6.0,-332.0,842.0,14:03:31.920812
34.0,-296.0,957.0,14:03:31.931321
19.0,-299.0,494.0,14:03:31.940665
-7.0,-495.0,854.0,14:03:31.950139
174.0,-502.0,1397.0,14:03:31.960656
-95.0,-310.0,1107.0,14:03:31.970165
37.0,-227.0,551.0,14:03:31.980634
158.0,-574.0,1006.0,14:03:31.990039
-86.0,-629.0,1216.0,14:03:31.999421
91.0,-614.0,1003.0,14:03:32.009904
49.0,-613.0,791.0,14:03:32.019302
64.0,-556.0,873.0,14:03:32.029788
110.0,-753.0,938.0,14:03:32.039239
108.0,-587.0,776.0,14:03:32.049660
70.0,-527.0,1012.0,14:03:32.059082
69.0,-652.0,762.0,14:03:32.069494
210.0,-684.0,820.0,14:03:32.079026
43.0,-559.0,1029.0,14:03:32.088295
93.0,-479.0,625.0,14:03:32.098999
106.0,-589.0,743.0,14:03:32.116180
44.0,-584.0,813.0,14:03:32.120028
16.0,-492.0,852.0,14:03:32.128373
100.0,-658.0,624.0,14:03:32.137604
-14.0,-442.0,1020.0,14:03:32.148324
19.0,-266.0,1123.0,14:03:32.157585
6.0,-412.0,886.0,14:03:32.167164
47.0,-544.0,1005.0,14:03:32.177707
202.0,-556.0,1020.0,14:03:32.187064
45.0,-525.0,1267.0,14:03:32.197564
123.0,-402.0,888.0,14:03:32.207030
66.0,-328.0,716.0,14:03:32.216472
19.0,-432.0,901.0,14:03:32.226987
-52.0,-415.0,994.0,14:03:32.236306
23.0,-487.0,951.0,14:03:32.245922
109.0,-436.0,840.0,14:03:32.256372
28.0,-355.0,975.0,14:03:32.265817
73.0,-390.0,1007.0,14:03:32.276369
86.0,-452.0,853.0,14:03:32.285861
234.0,-305.0,962.0,14:03:32.295240
-12.0,-391.0,1069.0,14:03:32.305750
91.0,-446.0,897.0,14:03:32.315287
19.0,-657.0,1012.0,14:03:32.325780
126.0,-642.0,890.0,14:03:32.335198
130.0,-423.0,831.0,14:03:32.344660
101.0,-590.0,954.0,14:03:32.355294
77.0,-620.0,944.0,14:03:32.364707
106.0,-651.0,852.0,14:03:32.374124
122.0,-644.0,697.0,14:03:32.384709
183.0,-573.0,879.0,14:03:32.394097
-113.0,-656.0,1001.0,14:03:32.404597
81.0,-679.0,772.0,14:03:32.413971
147.0,-460.0,649.0,14:03:32.424406
-48.0,-444.0,1047.0,14:03:32.433835
-34.0,-421.0,1160.0,14:03:32.443314
50.0,-486.0,688.0,14:03:32.453793
57.0,-494.0,786.0,14:03:32.463167
121.0,-442.0,1021.0,14:03:32.473684
111.0,-549.0,1033.0,14:03:32.483015
68.0,-596.0,981.0,14:03:32.492390
50.0,-542.0,702.0,14:03:32.502938
-12.0,-405.0,1136.0,14:03:32.512416
22.0,-451.0,1190.0,14:03:32.522906
70.0,-470.0,734.0,14:03:32.532258
107.0,-407.0,972.0,14:03:32.542780
-93.0,-545.0,1198.0,14:03:32.552080
40.0,-597.0,1017.0,14:03:32.561420
81.0,-682.0,822.0,14:03:32.571875
-74.0,-695.0,856.0,14:03:32.581312
9.0,-719.0,925.0,14:03:32.591843
-57.0,-593.0,739.0,14:03:32.601346
-7.0,-595.0,779.0,14:03:32.611756
-41.0,-522.0,946.0,14:03:32.621296
-146.0,-296.0,948.0,14:03:32.630601
-7.0,-329.0,927.0,14:03:32.641239
29.0,-299.0,641.0,14:03:32.650572
105.0,-555.0,997.0,14:03:32.659972
-6.0,-547.0,1215.0,14:03:32.670362
142.0,-505.0,816.0,14:03:32.679716
14.0,-471.0,871.0,14:03:32.690255
77.0,-572.0,1068.0,14:03:32.699727
-57.0,-555.0,868.0,14:03:32.709250
106.0,-611.0,787.0,14:03:32.719824
-70.0,-467.0,921.0,14:03:32.729153
15.0,-480.0,822.0,14:03:32.739731
-55.0,-628.0,804.0,14:03:32.749077
62.0,-541.0,887.0,14:03:32.759599
5.0,-496.0,862.0,14:03:32.769152
55.0,-604.0,890.0,14:03:32.778463
128.0,-543.0,930.0,14:03:32.789075
62.0,-556.0,1177.0,14:03:32.798446
-3.0,-571.0,995.0,14:03:32.807931
50.0,-493.0,619.0,14:03:32.818356
71.0,-646.0,981.0,14:03:32.827777
6.0,-544.0,1063.0,14:03:32.838289
41.0,-559.0,900.0,14:03:32.847868
-22.0,-613.0,881.0,14:03:32.857199
25.0,-532.0,824.0,14:03:32.867782
-104.0,-533.0,804.0,14:03:32.877078
-37.0,-559.0,966.0,14:03:32.896956
9.0,-514.0,650.0,14:03:32.907460
54.0,-542.0,1022.0,14:03:32.919031
-32.0,-564.0,1078.0,14:03:32.926162
44.0,-503.0,774.0,14:03:32.936711
38.0,-629.0,778.0,14:03:32.945991
-4.0,-546.0,995.0,14:03:32.956479
71.0,-524.0,937.0,14:03:32.965854
-65.0,-470.0,689.0,14:03:32.976367
137.0,-504.0,605.0,14:03:32.985761
-74.0,-653.0,1031.0,14:03:32.995237
-25.0,-517.0,1093.0,14:03:33.005769
69.0,-411.0,731.0,14:03:33.015143
-5.0,-439.0,758.0,14:03:33.025632
63.0,-442.0,1061.0,14:03:33.034909
157.0,-698.0,1022.0,14:03:33.045431
123.0,-549.0,802.0,14:03:33.054816
65.0,-452.0,878.0,14:03:33.064266
-86.0,-537.0,1035.0,14:03:33.074756
34.0,-687.0,902.0,14:03:33.084193
-119.0,-547.0,746.0,14:03:33.094706
11.0,-513.0,935.0,14:03:33.104043
-8.0,-593.0,1022.0,14:03:33.114444
103.0,-564.0,807.0,14:03:33.123823
-29.0,-402.0,822.0,14:03:33.134255
-22.0,-638.0,1047.0,14:03:33.143653
66.0,-471.0,782.0,14:03:33.163606
-31.0,-495.0,906.0,14:03:33.172861
160.0,-608.0,916.0,14:03:33.183499
-53.0,-469.0,871.0,14:03:33.192805
54.0,-609.0,780.0,14:03:33.202417
86.0,-359.0,696.0,14:03:33.212925
61.0,-449.0,1073.0,14:03:33.222416
54.0,-474.0,800.0,14:03:33.231737
112.0,-516.0,765.0,14:03:33.242389
31.0,-434.0,895.0,14:03:33.251839
96.0,-479.0,1011.0,14:03:33.262392
2.0,-450.0,1214.0,14:03:33.271769
75.0,-368.0,770.0,14:03:33.281168
92.0,-359.0,810.0,14:03:33.291657
119.0,-480.0,1219.0,14:03:33.301111
-74.0,-521.0,1161.0,14:03:33.310606
146.0,-543.0,837.0,14:03:33.320644
-14.0,-450.0,983.0,14:03:33.331342
8.0,-504.0,1044.0,14:03:33.340734
57.0,-515.0,837.0,14:03:33.350120
-49.0,-559.0,955.0,14:03:33.360640
-35.0,-529.0,816.0,14:03:33.369929
-82.0,-520.0,796.0,14:03:33.380500
71.0,-586.0,962.0,14:03:33.389842
-83.0,-572.0,1052.0,14:03:33.400399
70.0,-664.0,919.0,14:03:33.409807
31.0,-578.0,740.0,14:03:33.419164
13.0,-483.0,807.0,14:03:33.429568
155.0,-604.0,924.0,14:03:33.439079
-27.0,-549.0,771.0,14:03:33.449512
38.0,-544.0,663.0,14:03:33.458837
106.0,-417.0,721.0,14:03:33.469299
14.0,-482.0,1105.0,14:03:33.478770
9.0,-447.0,1090.0,14:03:33.488159
79.0,-459.0,862.0,14:03:33.498633
102.0,-529.0,891.0,14:03:33.507975
36.0,-573.0,1210.0,14:03:33.518482
10.0,-443.0,944.0,14:03:33.527867
77.0,-550.0,926.0,14:03:33.538356
84.0,-565.0,981.0,14:03:33.547899
-58.0,-378.0,916.0,14:03:33.557225
28.0,-481.0,934.0,14:03:33.567932
-166.0,-561.0,930.0,14:03:33.577172
208.0,-393.0,824.0,14:03:33.586693
-76.0,-353.0,1075.0,14:03:33.597157
94.0,-515.0,874.0,14:03:33.606538
56.0,-498.0,896.0,14:03:33.617061
46.0,-464.0,1185.0,14:03:33.626441
121.0,-390.0,784.0,14:03:33.637132
150.0,-544.0,703.0,14:03:33.646473
77.0,-513.0,982.0,14:03:33.655903
52.0,-474.0,915.0,14:03:33.666614
106.0,-541.0,637.0,14:03:33.675915
39.0,-621.0,764.0,14:03:33.685327
43.0,-701.0,782.0,14:03:33.695994
9.0,-611.0,1027.0,14:03:33.705280
-28.0,-557.0,859.0,14:03:33.715847
93.0,-486.0,647.0,14:03:33.725131
-3.0,-464.0,922.0,14:03:33.734730
-67.0,-598.0,1209.0,14:03:33.745169
18.0,-516.0,973.0,14:03:33.754817
48.0,-352.0,606.0,14:03:33.764207
71.0,-568.0,1055.0,14:03:33.774817
1.0,-607.0,1182.0,14:03:33.784123
40.0,-533.0,836.0,14:03:33.794667
152.0,-405.0,674.0,14:03:33.804014
-13.0,-587.0,1034.0,14:03:33.813554
27.0,-679.0,1257.0,14:03:33.824066
-3.0,-626.0,996.0,14:03:33.833520
128.0,-465.0,661.0,14:03:33.844035
-89.0,-560.0,904.0,14:03:33.853540
190.0,-696.0,1119.0,14:03:33.862866
149.0,-732.0,906.0,14:03:33.873272
176.0,-538.0,703.0,14:03:33.882701
19.0,-480.0,801.0,14:03:33.893125
18.0,-532.0,785.0,14:03:33.902517
111.0,-592.0,715.0,14:03:33.912968
62.0,-555.0,725.0,14:03:33.922385
48.0,-444.0,746.0,14:03:33.931767
-22.0,-366.0,565.0,14:03:33.942297
45.0,-529.0,905.0,14:03:33.951608
-14.0,-531.0,1108.0,14:03:33.962194
41.0,-334.0,979.0,14:03:33.971467
19.0,-294.0,731.0,14:03:33.981994
-71.0,-403.0,1014.0,14:03:33.991504
57.0,-622.0,1177.0,14:03:34.000944
21.0,-553.0,1008.0,14:03:34.011444
83.0,-502.0,1098.0,14:03:34.020777
12.0,-617.0,997.0,14:03:34.031365
-41.0,-551.0,700.0,14:03:34.040759
101.0,-677.0,501.0,14:03:34.050204
22.0,-547.0,993.0,14:03:34.060692
-137.0,-471.0,1241.0,14:03:34.070154
19.0,-560.0,830.0,14:03:34.080756
-16.0,-637.0,702.0,14:03:34.090180
44.0,-586.0,844.0,14:03:34.099459
162.0,-720.0,1065.0,14:03:34.110303
121.0,-628.0,952.0,14:03:34.121277
103.0,-636.0,807.0,14:03:34.128999
-15.0,-523.0,802.0,14:03:34.139515
1.0,-458.0,823.0,14:03:34.148937
61.0,-550.0,760.0,14:03:34.159476
-119.0,-456.0,715.0,14:03:34.168808
-71.0,-372.0,874.0,14:03:34.178204
-110.0,-366.0,1048.0,14:03:34.188770
-1.0,-545.0,1003.0,14:03:34.198185
53.0,-424.0,869.0,14:03:34.208696
-27.0,-511.0,1055.0,14:03:34.217992
181.0,-576.0,1112.0,14:03:34.228546
58.0,-474.0,890.0,14:03:34.237931
121.0,-395.0,887.0,14:03:34.247349
45.0,-305.0,783.0,14:03:34.257952
14.0,-584.0,1003.0,14:03:34.267350
46.0,-591.0,974.0,14:03:34.277866
42.0,-260.0,881.0,14:03:34.287301
-30.0,-164.0,663.0,14:03:34.296612
-41.0,-389.0,957.0,14:03:34.307231
90.0,-596.0,1439.0,14:03:34.316616
10.0,-599.0,1168.0,14:03:34.327084
119.0,-499.0,630.0,14:03:34.336364
-17.0,-444.0,836.0,14:03:34.345852
15.0,-666.0,1326.0,14:03:34.356390
89.0,-775.0,1109.0,14:03:34.365796
94.0,-639.0,578.0,14:03:34.376223
40.0,-594.0,939.0,14:03:34.385603
-37.0,-598.0,1146.0,14:03:34.396058
51.0,-601.0,785.0,14:03:34.405434
41.0,-648.0,445.0,14:03:34.415951
-34.0,-414.0,400.0,14:03:34.425257
-97.0,-211.0,851.0,14:03:34.434776
-149.0,-536.0,1294.0,14:03:34.445267
22.0,-678.0,1007.0,14:03:34.454793
176.0,-520.0,799.0,14:03:34.465199
140.0,-553.0,1101.0,14:03:34.474638
226.0,-587.0,1268.0,14:03:34.483907
44.0,-563.0,1042.0,14:03:34.494520
64.0,-469.0,868.0,14:03:34.503813
82.0,-604.0,1058.0,14:03:34.521650
-9.0,-479.0,978.0,14:03:34.524729
100.0,-635.0,867.0,14:03:34.534031
-36.0,-520.0,588.0,14:03:34.543540
176.0,-543.0,1007.0,14:03:34.552929
-126.0,-338.0,807.0,14:03:34.563574
28.0,-389.0,697.0,14:03:34.572980
-93.0,-446.0,911.0,14:03:34.582424
67.0,-542.0,1042.0,14:03:34.592939
32.0,-557.0,830.0,14:03:34.602309
71.0,-512.0,736.0,14:03:34.612877
89.0,-597.0,1184.0,14:03:34.622317
108.0,-520.0,1100.0,14:03:34.631674
-55.0,-414.0,588.0,14:03:34.642152
-26.0,-267.0,364.0,14:03:34.651639
-10.0,-334.0,811.0,14:03:34.662098
-181.0,-520.0,1530.0,14:03:34.671458
87.0,-686.0,936.0,14:03:34.681915
8.0,-430.0,494.0,14:03:34.691408
210.0,-372.0,898.0,14:03:34.700768
54.0,-828.0,1499.0,14:03:34.711341
56.0,-792.0,799.0,14:03:34.720680
61.0,-744.0,780.0,14:03:34.731333
119.0,-540.0,1020.0,14:03:34.740737
-3.0,-363.0,863.0,14:03:34.750202
55.0,-652.0,642.0,14:03:34.760683
53.0,-618.0,385.0,14:03:34.770194
57.0,-635.0,1069.0,14:03:34.780624
-57.0,-612.0,1035.0,14:03:34.790244
51.0,-438.0,744.0,14:03:34.799685
33.0,-299.0,636.0,14:03:34.810233
-12.0,-465.0,1111.0,14:03:34.819582
75.0,-556.0,965.0,14:03:34.828977
-157.0,-272.0,875.0,14:03:34.839487
-40.0,-227.0,745.0,14:03:34.848804
72.0,-482.0,955.0,14:03:34.859437
92.0,-682.0,1317.0,14:03:34.868796
-26.0,-478.0,1065.0,14:03:34.878192
-3.0,-593.0,810.0,14:03:34.888649
172.0,-725.0,980.0,14:03:34.898028
162.0,-992.0,1219.0,14:03:34.908516
117.0,-683.0,936.0,14:03:34.917974
-38.0,-396.0,583.0,14:03:34.928372
-95.0,-244.0,975.0,14:03:34.948219
-135.0,-309.0,469.0,14:03:34.957780
-8.0,-355.0,596.0,14:03:34.967158
-1.0,-363.0,1219.0,14:03:34.977711
-13.0,-588.0,1110.0,14:03:34.987183
290.0,-523.0,739.0,14:03:34.996604
153.0,-630.0,1152.0,14:03:35.007183
68.0,-479.0,1101.0,14:03:35.016445
105.0,-504.0,1255.0,14:03:35.027084
119.0,-342.0,794.0,14:03:35.036455
162.0,-507.0,518.0,14:03:35.045956
70.0,-537.0,1060.0,14:03:35.056474
39.0,-453.0,1083.0,14:03:35.066014
212.0,-456.0,822.0,14:03:35.075344
72.0,-480.0,855.0,14:03:35.085959
277.0,-656.0,876.0,14:03:35.095259
94.0,-583.0,847.0,14:03:35.105926
171.0,-691.0,761.0,14:03:35.115342
-46.0,-646.0,907.0,14:03:35.124729
83.0,-609.0,1202.0,14:03:35.135284
-9.0,-447.0,958.0,14:03:35.144692
-26.0,-448.0,715.0,14:03:35.155293
-69.0,-305.0,917.0,14:03:35.164655
-55.0,-321.0,1029.0,14:03:35.174101
27.0,-437.0,750.0,14:03:35.184670
157.0,-550.0,1035.0,14:03:35.194044
-79.0,-470.0,1225.0,14:03:35.204556
-57.0,-607.0,866.0,14:03:35.214041
126.0,-659.0,751.0,14:03:35.223327
97.0,-457.0,950.0,14:03:35.233811
139.0,-585.0,1034.0,14:03:35.243082
-7.0,-584.0,784.0,14:03:35.253785
64.0,-461.0,807.0,14:03:35.263162
-87.0,-492.0,994.0,14:03:35.272602
87.0,-554.0,691.0,14:03:35.283121
-25.0,-566.0,922.0,14:03:35.292495
10.0,-504.0,1112.0,14:03:35.303044
6.0,-684.0,871.0,14:03:35.312450
52.0,-780.0,704.0,14:03:35.324879
178.0,-584.0,660.0,14:03:35.332260
30.0,-416.0,1391.0,14:03:35.341539
14.0,-472.0,1225.0,14:03:35.352072
11.0,-393.0,838.0,14:03:35.371789
-27.0,-337.0,995.0,14:03:35.381039
6.0,-558.0,1126.0,14:03:35.391593
20.0,-625.0,1007.0,14:03:35.400930
-69.0,-657.0,837.0,14:03:35.411489
-2.0,-600.0,917.0,14:03:35.420778
-110.0,-578.0,892.0,14:03:35.430216
29.0,-479.0,694.0,14:03:35.440832
-238.0,-473.0,794.0,14:03:35.450291
-187.0,-551.0,1016.0,14:03:35.460751
-109.0,-621.0,1053.0,14:03:35.470207
-116.0,-431.0,825.0,14:03:35.479591
21.0,-419.0,726.0,14:03:35.490121
47.0,-587.0,1038.0,14:03:35.499532
26.0,-562.0,1048.0,14:03:35.510133
150.0,-529.0,768.0,14:03:35.519518
15.0,-538.0,694.0,14:03:35.528902
-32.0,-370.0,1027.0,14:03:35.539389
-95.0,-451.0,1018.0,14:03:35.548798
-157.0,-581.0,792.0,14:03:35.559412
68.0,-722.0,615.0,14:03:35.568719
55.0,-632.0,985.0,14:03:35.578091
-82.0,-517.0,1062.0,14:03:35.588532
-52.0,-572.0,693.0,14:03:35.597954
-2.0,-713.0,768.0,14:03:35.608456
-31.0,-403.0,987.0,14:03:35.617974
-86.0,-185.0,644.0,14:03:35.628477
37.0,-488.0,886.0,14:03:35.637933
15.0,-518.0,1150.0,14:03:35.647225
160.0,-546.0,1002.0,14:03:35.657771
57.0,-484.0,600.0,14:03:35.667288
137.0,-599.0,986.0,14:03:35.677813
107.0,-588.0,1326.0,14:03:35.687195
-59.0,-362.0,957.0,14:03:35.696475
154.0,-672.0,857.0,14:03:35.707135
34.0,-515.0,1007.0,14:03:35.716514
-7.0,-483.0,1192.0,14:03:35.726613
61.0,-684.0,700.0,14:03:35.736205
58.0,-595.0,658.0,14:03:35.746710
153.0,-615.0,937.0,14:03:35.756155
30.0,-472.0,1061.0,14:03:35.766582
-112.0,-525.0,786.0,14:03:35.775935
47.0,-529.0,694.0,14:03:35.785228
120.0,-632.0,962.0,14:03:35.795930
47.0,-500.0,900.0,14:03:35.805306
38.0,-277.0,908.0,14:03:35.815800
-5.0,-345.0,900.0,14:03:35.825201
-61.0,-592.0,930.0,14:03:35.834920
80.0,-614.0,1036.0,14:03:35.845378
66.0,-465.0,761.0,14:03:35.854760
-26.0,-395.0,939.0,14:03:35.864228
-2.0,-592.0,1058.0,14:03:35.874766
53.0,-598.0,995.0,14:03:35.884120
25.0,-395.0,716.0,14:03:35.894680
-49.0,-390.0,934.0,14:03:35.904196
55.0,-625.0,964.0,14:03:35.913594
42.0,-557.0,824.0,14:03:35.924149
84.0,-453.0,848.0,14:03:35.933544
-73.0,-474.0,849.0,14:03:35.943025
83.0,-590.0,882.0,14:03:35.953537
-36.0,-489.0,932.0,14:03:35.963009
26.0,-425.0,908.0,14:03:35.972502
-30.0,-426.0,875.0,14:03:35.983027
-14.0,-374.0,783.0,14:03:35.992663
53.0,-471.0,1124.0,14:03:36.002029
91.0,-565.0,1181.0,14:03:36.012534
181.0,-435.0,794.0,14:03:36.021914
76.0,-357.0,772.0,14:03:36.032545
39.0,-459.0,1132.0,14:03:36.041864
56.0,-542.0,1042.0,14:03:36.052448
147.0,-405.0,860.0,14:03:36.061917
109.0,-438.0,906.0,14:03:36.071299
-22.0,-467.0,981.0,14:03:36.081787
79.0,-461.0,799.0,14:03:36.091341
60.0,-538.0,1017.0,14:03:36.100660
67.0,-653.0,1096.0,14:03:36.111288
-8.0,-460.0,654.0,14:03:36.120501
111.0,-633.0,889.0,14:03:36.131232
97.0,-432.0,925.0,14:03:36.140461
27.0,-423.0,858.0,14:03:36.150957
23.0,-468.0,1030.0,14:03:36.160283
29.0,-302.0,857.0,14:03:36.169703
68.0,-298.0,888.0,14:03:36.180185
-18.0,-536.0,1370.0,14:03:36.189593
211.0,-596.0,893.0,14:03:36.200202
229.0,-573.0,684.0,14:03:36.209584
-13.0,-380.0,1031.0,14:03:36.218995
39.0,-542.0,1056.0,14:03:36.229574
89.0,-468.0,846.0,14:03:36.239021
138.0,-552.0,818.0,14:03:36.249518
-55.0,-535.0,1049.0,14:03:36.259031
140.0,-614.0,1053.0,14:03:36.268323
94.0,-512.0,920.0,14:03:36.279139
-13.0,-539.0,927.0,14:03:36.288438
185.0,-475.0,663.0,14:03:36.297953
22.0,-560.0,1007.0,14:03:36.308426
9.0,-643.0,1136.0,14:03:36.318039
-3.0,-500.0,976.0,14:03:36.327380
-6.0,-638.0,859.0,14:03:36.337953
200.0,-562.0,751.0,14:03:36.347383
-31.0,-594.0,954.0,14:03:36.357959
-23.0,-481.0,768.0,14:03:36.367286
7.0,-591.0,1033.0,14:03:36.376797
-79.0,-588.0,1022.0,14:03:36.387217
49.0,-435.0,542.0,14:03:36.396702
-45.0,-687.0,1081.0,14:03:36.407112
-72.0,-686.0,1146.0,14:03:36.416515
122.0,-535.0,770.0,14:03:36.426994
8.0,-504.0,894.0,14:03:36.436422
88.0,-531.0,859.0,14:03:36.445856
41.0,-672.0,1085.0,14:03:36.456397
90.0,-603.0,918.0,14:03:36.465799
26.0,-423.0,680.0,14:03:36.476289
90.0,-464.0,601.0,14:03:36.485611
-9.0,-445.0,1028.0,14:03:36.496076
-99.0,-457.0,1066.0,14:03:36.505412
-19.0,-356.0,527.0,14:03:36.514845
69.0,-477.0,913.0,14:03:36.528305
-72.0,-395.0,1091.0,14:03:36.534557
147.0,-703.0,1145.0,14:03:36.545009
28.0,-553.0,873.0,14:03:36.554311
-25.0,-430.0,909.0,14:03:36.564891
86.0,-607.0,1073.0,14:03:36.574205
23.0,-734.0,900.0,14:03:36.584769
123.0,-608.0,788.0,14:03:36.594169
-26.0,-606.0,906.0,14:03:36.603557
20.0,-556.0,760.0,14:03:36.614081
42.0,-608.0,929.0,14:03:36.623289
45.0,-575.0,716.0,14:03:36.633856
51.0,-572.0,645.0,14:03:36.643109
35.0,-558.0,999.0,14:03:36.653680
13.0,-629.0,1103.0,14:03:36.662969
-83.0,-583.0,887.0,14:03:36.672534
-26.0,-593.0,855.0,14:03:36.682960
123.0,-538.0,967.0,14:03:36.692392
-6.0,-486.0,863.0,14:03:36.702920
-32.0,-589.0,871.0,14:03:36.712468
-74.0,-510.0,948.0,14:03:36.721785
-57.0,-548.0,963.0,14:03:36.732389
34.0,-390.0,847.0,14:03:36.741792
-119.0,-485.0,881.0,14:03:36.752441
115.0,-649.0,803.0,14:03:36.761774
50.0,-586.0,874.0,14:03:36.771343
-85.0,-266.0,1013.0,14:03:36.781910
66.0,-442.0,1161.0,14:03:36.791356
8.0,-337.0,828.0,14:03:36.800690
-8.0,-429.0,881.0,14:03:36.811241
-19.0,-600.0,1090.0,14:03:36.820672
229.0,-585.0,853.0,14:03:36.830200
-51.0,-409.0,892.0,14:03:36.840635
-17.0,-637.0,766.0,14:03:36.850050
160.0,-661.0,924.0,14:03:36.860668
-46.0,-638.0,1135.0,14:03:36.870251
1.0,-287.0,625.0,14:03:36.879599
109.0,-415.0,846.0,14:03:36.890106
93.0,-489.0,1237.0,14:03:36.899618
44.0,-316.0,802.0,14:03:36.910128
31.0,-394.0,509.0,14:03:36.919492
69.0,-569.0,1017.0,14:03:36.930496
141.0,-490.0,1046.0,14:03:36.939053
-23.0,-409.0,978.0,14:03:36.949568
29.0,-489.0,697.0,14:03:36.959042
98.0,-503.0,777.0,14:03:36.968449
-8.0,-609.0,1282.0,14:03:36.978983
65.0,-453.0,949.0,14:03:36.988457
-102.0,-392.0,694.0,14:03:36.998967
191.0,-409.0,838.0,14:03:37.008326
-82.0,-496.0,1357.0,14:03:37.017617
104.0,-654.0,1059.0,14:03:37.028359
125.0,-487.0,658.0,14:03:37.037780
-25.0,-563.0,1113.0,14:03:37.047074
59.0,-513.0,1089.0,14:03:37.057616
66.0,-548.0,824.0,14:03:37.067108
8.0,-581.0,909.0,14:03:37.077754
56.0,-633.0,866.0,14:03:37.087040
83.0,-583.0,1008.0,14:03:37.096424
142.0,-535.0,738.0,14:03:37.106930
83.0,-477.0,686.0,14:03:37.116280
-18.0,-522.0,1063.0,14:03:37.126781
-107.0,-467.0,940.0,14:03:37.136295
153.0,-441.0,752.0,14:03:37.146691
39.0,-433.0,956.0,14:03:37.156099
50.0,-537.0,729.0,14:03:37.165423
87.0,-529.0,802.0,14:03:37.175989
-41.0,-321.0,1091.0,14:03:37.185250
9.0,-442.0,1052.0,14:03:37.195933
100.0,-573.0,744.0,14:03:37.205339
98.0,-555.0,1034.0,14:03:37.214796
26.0,-471.0,1079.0,14:03:37.225413
-97.0,-702.0,892.0,14:03:37.234738
208.0,-543.0,786.0,14:03:37.245251
-116.0,-380.0,1168.0,14:03:37.254729
28.0,-568.0,1063.0,14:03:37.264144
39.0,-575.0,720.0,14:03:37.274665
-58.0,-453.0,931.0,14:03:37.284136
64.0,-287.0,918.0,14:03:37.293552
14.0,-517.0,891.0,14:03:37.304114
151.0,-791.0,883.0,14:03:37.313481
-1.0,-454.0,924.0,14:03:37.324012
-18.0,-435.0,1172.0,14:03:37.333485
82.0,-579.0,760.0,14:03:37.342865
113.0,-473.0,827.0,14:03:37.353402
16.0,-345.0,927.0,14:03:37.362789
107.0,-531.0,905.0,14:03:37.373252
131.0,-645.0,598.0,14:03:37.382598
107.0,-501.0,940.0,14:03:37.393055
-57.0,-539.0,1192.0,14:03:37.402498
29.0,-534.0,773.0,14:03:37.411860
56.0,-609.0,705.0,14:03:37.422349
-18.0,-485.0,1010.0,14:03:37.431777
-1.0,-558.0,1116.0,14:03:37.442384
117.0,-552.0,685.0,14:03:37.451866
85.0,-637.0,721.0,14:03:37.461296
28.0,-572.0,1113.0,14:03:37.471832
80.0,-559.0,1108.0,14:03:37.481259
-35.0,-492.0,680.0,14:03:37.491772
65.0,-544.0,726.0,14:03:37.501105
-94.0,-614.0,1222.0,14:03:37.510533
-84.0,-423.0,949.0,14:03:37.520932
54.0,-596.0,792.0,14:03:37.530336
53.0,-526.0,770.0,14:03:37.540833
24.0,-593.0,1064.0,14:03:37.550335
135.0,-597.0,1032.0,14:03:37.560827
80.0,-637.0,799.0,14:03:37.570173
42.0,-558.0,776.0,14:03:37.579586
-33.0,-532.0,907.0,14:03:37.599262
58.0,-612.0,847.0,14:03:37.609808
26.0,-478.0,793.0,14:03:37.619191
-29.0,-493.0,867.0,14:03:37.629638
-22.0,-643.0,837.0,14:03:37.639150
-14.0,-478.0,1013.0,14:03:37.648457
65.0,-431.0,891.0,14:03:37.659106
69.0,-400.0,531.0,14:03:37.668535
-90.0,-404.0,1027.0,14:03:37.679191
-52.0,-390.0,1195.0,14:03:37.688545
-6.0,-446.0,963.0,14:03:37.698004
96.0,-374.0,529.0,14:03:37.708529
14.0,-400.0,897.0,14:03:37.717934
-7.0,-496.0,1442.0,14:03:37.730934
2.0,-464.0,979.0,14:03:37.737781
141.0,-653.0,747.0,14:03:37.747216
197.0,-475.0,925.0,14:03:37.757795
4.0,-385.0,1201.0,14:03:37.767152
3.0,-525.0,933.0,14:03:37.777599
84.0,-605.0,650.0,14:03:37.787125
53.0,-460.0,898.0,14:03:37.796432
-51.0,-492.0,1013.0,14:03:37.807083
-11.0,-597.0,1060.0,14:03:37.816440
101.0,-529.0,649.0,14:03:37.826015
-83.0,-494.0,763.0,14:03:37.836538
-32.0,-621.0,1052.0,14:03:37.845907
37.0,-697.0,1023.0,14:03:37.856441
83.0,-470.0,761.0,14:03:37.865897
15.0,-359.0,587.0,14:03:37.875327
-3.0,-439.0,893.0,14:03:37.885801
-83.0,-609.0,1360.0,14:03:37.895154
114.0,-576.0,906.0,14:03:37.905865
8.0,-596.0,607.0,14:03:37.915198
94.0,-452.0,952.0,14:03:37.924609
-72.0,-527.0,1308.0,14:03:37.935137
78.0,-551.0,868.0,14:03:37.944454
105.0,-417.0,606.0,14:03:37.954925
6.0,-526.0,1162.0,14:03:37.964221
76.0,-530.0,1126.0,14:03:37.973810
66.0,-571.0,895.0,14:03:37.984303
21.0,-515.0,681.0,14:03:37.993646
153.0,-449.0,590.0,14:03:38.004160
4.0,-680.0,1318.0,14:03:38.013584
54.0,-569.0,1131.0,14:03:38.024015
13.0,-341.0,418.0,14:03:38.033545
100.0,-524.0,905.0,14:03:38.042925
-50.0,-458.0,1232.0,14:03:38.053489
-17.0,-408.0,1011.0,14:03:38.062852
113.0,-515.0,546.0,14:03:38.072482
13.0,-480.0,782.0,14:03:38.083113
-97.0,-441.0,1288.0,14:03:38.092566
-60.0,-528.0,1058.0,14:03:38.102036
14.0,-567.0,628.0,14:03:38.112598
116.0,-433.0,914.0,14:03:38.122056
130.0,-561.0,1101.0,14:03:38.134485
21.0,-533.0,875.0,14:03:38.141559
169.0,-566.0,663.0,14:03:38.152108
80.0,-519.0,1154.0,14:03:38.161411
61.0,-455.0,1019.0,14:03:38.171912
-2.0,-438.0,823.0,14:03:38.181308
103.0,-534.0,902.0,14:03:38.190691
46.0,-556.0,1020.0,14:03:38.201373
228.0,-563.0,859.0,14:03:38.210709
101.0,-380.0,920.0,14:03:38.221240
55.0,-559.0,1007.0,14:03:38.230586
40.0,-517.0,882.0,14:03:38.241078
-18.0,-450.0,740.0,14:03:38.250388
-4.0,-364.0,885.0,14:03:38.259839
32.0,-604.0,1078.0,14:03:38.270304
-31.0,-589.0,894.0,14:03:38.279793
106.0,-603.0,835.0,14:03:38.290233
105.0,-482.0,734.0,14:03:38.299595
117.0,-566.0,921.0,14:03:38.308974
109.0,-612.0,1001.0,14:03:38.319488
63.0,-690.0,857.0,14:03:38.328753
114.0,-576.0,784.0,14:03:38.339265
-43.0,-381.0,793.0,14:03:38.348520
86.0,-524.0,865.0,14:03:38.359190
21.0,-579.0,937.0,14:03:38.368563
90.0,-600.0,933.0,14:03:38.379071
-60.0,-305.0,761.0,14:03:38.388460
-15.0,-375.0,986.0,14:03:38.397955
53.0,-512.0,1148.0,14:03:38.408468
-23.0,-609.0,829.0,14:03:38.417929
123.0,-584.0,828.0,14:03:38.427278
29.0,-466.0,925.0,14:03:38.437864
-45.0,-542.0,1076.0,14:03:38.447158
30.0,-667.0,788.0,14:03:38.457824
139.0,-467.0,710.0,14:03:38.467199
-12.0,-468.0,1106.0,14:03:38.477718
76.0,-552.0,1066.0,14:03:38.487161
-3.0,-485.0,787.0,14:03:38.496431
5.0,-432.0,775.0,14:03:38.507170
32.0,-474.0,1062.0,14:03:38.516456
93.0,-687.0,994.0,14:03:38.525988
104.0,-563.0,767.0,14:03:38.536479
60.0,-471.0,1006.0,14:03:38.545945
42.0,-507.0,896.0,14:03:38.556573
130.0,-522.0,745.0,14:03:38.565904
-86.0,-551.0,1111.0,14:03:38.575314
-71.0,-511.0,863.0,14:03:38.585923
26.0,-584.0,551.0,14:03:38.595250
50.0,-563.0,943.0,14:03:38.604710
-28.0,-523.0,1113.0,14:03:38.615269
14.0,-610.0,763.0,14:03:38.624675
0.0,-374.0,690.0,14:03:38.635203
59.0,-409.0,936.0,14:03:38.644678
-13.0,-458.0,1159.0,14:03:38.654074
-64.0,-439.0,912.0,14:03:38.664571
-5.0,-373.0,730.0,14:03:38.674130
-19.0,-534.0,1065.0,14:03:38.683561
-42.0,-620.0,1135.0,14:03:38.694265
73.0,-586.0,978.0,14:03:38.703660
66.0,-615.0,799.0,14:03:38.714145
175.0,-550.0,862.0,14:03:38.723545
2.0,-495.0,1068.0,14:03:38.732905
-46.0,-500.0,963.0,14:03:38.743567
-3.0,-434.0,712.0,14:03:38.752907
-107.0,-461.0,905.0,14:03:38.763409
-1.0,-524.0,846.0,14:03:38.772778
11.0,-677.0,965.0,14:03:38.783228
-6.0,-538.0,1045.0,14:03:38.792510
49.0,-494.0,794.0,14:03:38.802074
-105.0,-583.0,873.0,14:03:38.812494
77.0,-693.0,1069.0,14:03:38.821947
53.0,-637.0,916.0,14:03:38.832511
-4.0,-392.0,559.0,14:03:38.842015
12.0,-534.0,1045.0,14:03:38.851379
-111.0,-465.0,1106.0,14:03:38.861882
10.0,-472.0,695.0,14:03:38.871309
41.0,-546.0,857.0,14:03:38.881868
50.0,-487.0,1060.0,14:03:38.891312
115.0,-631.0,1035.0,14:03:38.900672
-139.0,-695.0,873.0,14:03:38.911203
78.0,-518.0,826.0,14:03:38.920683
-96.0,-429.0,934.0,14:03:38.930656
29.0,-517.0,842.0,14:03:38.939915
-45.0,-446.0,664.0,14:03:38.950374
-68.0,-390.0,1076.0,14:03:38.959736
-47.0,-443.0,1280.0,14:03:38.970392
-78.0,-387.0,720.0,14:03:38.979808
247.0,-485.0,541.0,14:03:38.989241
-46.0,-519.0,1033.0,14:03:38.999859
-86.0,-562.0,1454.0,14:03:39.009193
120.0,-369.0,825.0,14:03:39.019696
-20.0,-405.0,764.0,14:03:39.029088
-15.0,-394.0,1173.0,14:03:39.038599
-37.0,-492.0,1005.0,14:03:39.049103
65.0,-550.0,714.0,14:03:39.058445
-43.0,-570.0,916.0,14:03:39.069007
94.0,-571.0,1093.0,14:03:39.078508
-31.0,-548.0,851.0,14:03:39.087906
179.0,-592.0,524.0,14:03:39.098431
132.0,-602.0,807.0,14:03:39.107820
66.0,-526.0,1105.0,14:03:39.118365
176.0,-412.0,777.0,14:03:39.127887
149.0,-429.0,712.0,14:03:39.137219
55.0,-417.0,984.0,14:03:39.147776
53.0,-485.0,956.0,14:03:39.157199
11.0,-645.0,1026.0,14:03:39.167734
48.0,-556.0,843.0,14:03:39.177084
70.0,-604.0,871.0,14:03:39.186478
98.0,-566.0,962.0,14:03:39.196989
-21.0,-623.0,960.0,14:03:39.206315
77.0,-552.0,728.0,14:03:39.216798
-14.0,-460.0,810.0,14:03:39.226307
-41.0,-527.0,1011.0,14:03:39.235715
-44.0,-515.0,901.0,14:03:39.246258
-34.0,-503.0,852.0,14:03:39.255492
12.0,-426.0,743.0,14:03:39.266005
58.0,-547.0,747.0,14:03:39.275307
-73.0,-505.0,1302.0,14:03:39.285922
50.0,-500.0,1059.0,14:03:39.295216
160.0,-526.0,520.0,14:03:39.304763
12.0,-555.0,852.0,14:03:39.315251
-53.0,-550.0,1403.0,14:03:39.324655
46.0,-723.0,1074.0,14:03:39.336814
57.0,-524.0,576.0,14:03:39.344134
66.0,-564.0,1066.0,14:03:39.354696
73.0,-690.0,850.0,14:03:39.364130
15.0,-774.0,928.0,14:03:39.374593
90.0,-461.0,849.0,14:03:39.384003
-57.0,-511.0,875.0,14:03:39.393484
61.0,-713.0,700.0,14:03:39.404001
69.0,-521.0,690.0,14:03:39.413355
10.0,-334.0,953.0,14:03:39.423978
31.0,-407.0,907.0,14:03:39.433360
-13.0,-506.0,937.0,14:03:39.442698
37.0,-542.0,804.0,14:03:39.453214
68.0,-497.0,1104.0,14:03:39.462612
-122.0,-454.0,1035.0,14:03:39.473121
73.0,-596.0,891.0,14:03:39.482485
121.0,-456.0,1097.0,14:03:39.491972
12.0,-508.0,1028.0,14:03:39.502481
57.0,-705.0,862.0,14:03:39.511789
89.0,-514.0,894.0,14:03:39.522311
-4.0,-395.0,1037.0,14:03:39.531725
-33.0,-571.0,710.0,14:03:39.541206
-38.0,-593.0,699.0,14:03:39.551704
51.0,-728.0,873.0,14:03:39.561043
-10.0,-458.0,930.0,14:03:39.571575
-40.0,-487.0,767.0,14:03:39.580883
32.0,-512.0,909.0,14:03:39.591401
113.0,-569.0,968.0,14:03:39.600779
4.0,-479.0,913.0,14:03:39.610240
-36.0,-397.0,947.0,14:03:39.620721
-121.0,-441.0,870.0,14:03:39.640402
-31.0,-597.0,1142.0,14:03:39.649822
-82.0,-480.0,1005.0,14:03:39.660269
0.0,-432.0,740.0,14:03:39.669561
-30.0,-400.0,878.0,14:03:39.680288
80.0,-503.0,1074.0,14:03:39.689578
-18.0,-517.0,890.0,14:03:39.699080
191.0,-612.0,1119.0,14:03:39.709528
143.0,-669.0,1043.0,14:03:39.719019
66.0,-490.0,864.0,14:03:39.729424
151.0,-460.0,1012.0,14:03:39.738793
-24.0,-664.0,1071.0,14:03:39.749249
106.0,-535.0,990.0,14:03:39.758642
83.0,-469.0,875.0,14:03:39.769114
136.0,-461.0,962.0,14:03:39.778559
-45.0,-413.0,809.0,14:03:39.787966
28.0,-399.0,529.0,14:03:39.798423
126.0,-395.0,960.0,14:03:39.807831
-131.0,-379.0,1300.0,14:03:39.818248
53.0,-515.0,778.0,14:03:39.827872
132.0,-532.0,738.0,14:03:39.837209
57.0,-508.0,979.0,14:03:39.847781
155.0,-641.0,1053.0,14:03:39.857159
38.0,-580.0,855.0,14:03:39.866527
74.0,-474.0,840.0,14:03:39.877122
-101.0,-553.0,990.0,14:03:39.886517
66.0,-582.0,896.0,14:03:39.897256
28.0,-364.0,804.0,14:03:39.906638
-40.0,-456.0,689.0,14:03:39.915997
-34.0,-498.0,916.0,14:03:39.926494
31.0,-553.0,1102.0,14:03:39.936097
99.0,-453.0,858.0,14:03:39.945524
76.0,-449.0,873.0,14:03:39.956039
-1.0,-426.0,965.0,14:03:39.965371
87.0,-572.0,948.0,14:03:39.975992
97.0,-524.0,888.0,14:03:39.985296
-109.0,-508.0,1064.0,14:03:39.994967
253.0,-603.0,947.0,14:03:40.005464
5.0,-652.0,754.0,14:03:40.014889
168.0,-575.0,705.0,14:03:40.024284
63.0,-567.0,905.0,14:03:40.034762
10.0,-407.0,897.0,14:03:40.044224
29.0,-434.0,877.0,14:03:40.054703
63.0,-357.0,663.0,14:03:40.064076
54.0,-470.0,993.0,14:03:40.074489
122.0,-623.0,1035.0,14:03:40.083877
117.0,-487.0,807.0,14:03:40.094349
86.0,-510.0,957.0,14:03:40.103754
45.0,-548.0,992.0,14:03:40.113098
139.0,-783.0,1130.0,14:03:40.123676
81.0,-622.0,762.0,14:03:40.137043
94.0,-424.0,650.0,14:03:40.143317
-55.0,-398.0,1057.0,14:03:40.152696
-86.0,-560.0,1151.0,14:03:40.163273
88.0,-537.0,631.0,14:03:40.172533
9.0,-444.0,837.0,14:03:40.183062
32.0,-531.0,1430.0,14:03:40.192491
98.0,-585.0,944.0,14:03:40.202015
196.0,-596.0,621.0,14:03:40.212503
21.0,-609.0,954.0,14:03:40.221856
76.0,-682.0,1152.0,14:03:40.232355
153.0,-523.0,886.0,14:03:40.241741
52.0,-499.0,469.0,14:03:40.251044
-15.0,-548.0,839.0,14:03:40.261646
19.0,-443.0,1063.0,14:03:40.271016
-59.0,-465.0,761.0,14:03:40.281518
-32.0,-464.0,623.0,14:03:40.290941
-70.0,-499.0,882.0,14:03:40.300257
205.0,-612.0,1083.0,14:03:40.310990
105.0,-509.0,877.0,14:03:40.320270
109.0,-390.0,739.0,14:03:40.330850
120.0,-531.0,1032.0,14:03:40.340188
106.0,-571.0,948.0,14:03:40.349614
98.0,-339.0,722.0,14:03:40.360210
35.0,-560.0,1141.0,14:03:40.369545
118.0,-507.0,868.0,14:03:40.380111
-10.0,-367.0,604.0,14:03:40.389541
63.0,-440.0,953.0,14:03:40.398984
21.0,-465.0,1198.0,14:03:40.409422
-83.0,-677.0,1188.0,14:03:40.418938
105.0,-369.0,673.0,14:03:40.429476
-73.0,-423.0,987.0,14:03:40.438941
97.0,-598.0,1341.0,14:03:40.448325
26.0,-571.0,847.0,14:03:40.459009
1.0,-453.0,735.0,14:03:40.468318
50.0,-582.0,1092.0,14:03:40.478921
61.0,-619.0,1072.0,14:03:40.488239
197.0,-517.0,562.0,14:03:40.497811
-36.0,-552.0,940.0,14:03:40.508290
70.0,-559.0,1257.0,14:03:40.517730
54.0,-446.0,826.0,14:03:40.527060
65.0,-501.0,477.0,14:03:40.539088
48.0,-431.0,804.0,14:03:40.546966
43.0,-628.0,1427.0,14:03:40.557516
120.0,-580.0,1022.0,14:03:40.566960
98.0,-433.0,457.0,14:03:40.577448
122.0,-538.0,792.0,14:03:40.586738
-19.0,-522.0,1266.0,14:03:40.596094
31.0,-642.0,1130.0,14:03:40.606575
143.0,-703.0,451.0,14:03:40.615964
86.0,-463.0,605.0,14:03:40.626346
-60.0,-285.0,1151.0,14:03:40.635865
-9.0,-445.0,970.0,14:03:40.646388
90.0,-613.0,864.0,14:03:40.655845
67.0,-385.0,913.0,14:03:40.665101
34.0,-358.0,1019.0,14:03:40.675576
-30.0,-487.0,884.0,14:03:40.684985
20.0,-461.0,865.0,14:03:40.695512
26.0,-791.0,1449.0,14:03:40.704931
23.0,-440.0,1020.0,14:03:40.715452
20.0,-351.0,656.0,14:03:40.724755
100.0,-492.0,841.0,14:03:40.734142
52.0,-507.0,838.0,14:03:40.744794
3.0,-495.0,876.0,14:03:40.754221
0.0,-573.0,1067.0,14:03:40.763632
14.0,-532.0,954.0,14:03:40.774117
-73.0,-408.0,793.0,14:03:40.783643
13.0,-439.0,786.0,14:03:40.794102
53.0,-675.0,1127.0,14:03:40.803538
194.0,-641.0,1017.0,14:03:40.812964
-1.0,-525.0,902.0,14:03:40.823527
39.0,-452.0,642.0,14:03:40.832819
53.0,-503.0,589.0,14:03:40.843371
22.0,-473.0,884.0,14:03:40.852687
74.0,-608.0,1026.0,14:03:40.863166
20.0,-477.0,827.0,14:03:40.872430
-26.0,-353.0,843.0,14:03:40.892134
155.0,-880.0,1209.0,14:03:40.902715
321.0,-667.0,1063.0,14:03:40.911981
15.0,-416.0,983.0,14:03:40.921457
-73.0,-496.0,956.0,14:03:40.931867
35.0,-656.0,694.0,14:03:40.941325
54.0,-793.0,877.0,14:03:40.951804
58.0,-479.0,980.0,14:03:40.961282
-84.0,-438.0,927.0,14:03:40.971748
-86.0,-414.0,622.0,14:03:40.981070
-66.0,-553.0,609.0,14:03:40.990396
51.0,-669.0,1149.0,14:03:41.000906
145.0,-504.0,873.0,14:03:41.010269
-29.0,-468.0,965.0,14:03:41.020688
41.0,-709.0,1236.0,14:03:41.030271
164.0,-631.0,852.0,14:03:41.040712
86.0,-449.0,571.0,14:03:41.050158
112.0,-430.0,1097.0,14:03:41.059399
101.0,-934.0,1322.0,14:03:41.070082
56.0,-720.0,519.0,14:03:41.079430
93.0,-624.0,654.0,14:03:41.089948
219.0,-524.0,824.0,14:03:41.099338
-99.0,-345.0,1084.0,14:03:41.108722
-6.0,-423.0,774.0,14:03:41.119169
119.0,-562.0,620.0,14:03:41.128543
127.0,-526.0,910.0,14:03:41.139100
15.0,-260.0,1001.0,14:03:41.148558
-35.0,-299.0,879.0,14:03:41.159120
4.0,-497.0,1094.0,14:03:41.168484
81.0,-620.0,1116.0,14:03:41.177949
36.0,-560.0,857.0,14:03:41.188469
126.0,-331.0,721.0,14:03:41.198044
-162.0,-480.0,1312.0,14:03:41.207348
15.0,-729.0,1052.0,14:03:41.218033
147.0,-740.0,464.0,14:03:41.227443
67.0,-374.0,919.0,14:03:41.236805
-50.0,-533.0,1054.0,14:03:41.247280
7.0,-464.0,597.0,14:03:41.256697
-49.0,-550.0,578.0,14:03:41.267116
71.0,-705.0,1172.0,14:03:41.276457
-122.0,-736.0,1283.0,14:03:41.287056
179.0,-321.0,662.0,14:03:41.296554
-125.0,-287.0,751.0,14:03:41.305905
77.0,-593.0,1052.0,14:03:41.316375
78.0,-696.0,1261.0,14:03:41.325740
-95.0,-461.0,1032.0,14:03:41.340225
34.0,-303.0,727.0,14:03:41.345320
-2.0,-411.0,670.0,14:03:41.355926
-65.0,-564.0,1009.0,14:03:41.365219
-137.0,-436.0,892.0,14:03:41.375866
77.0,-527.0,656.0,14:03:41.385233
-3.0,-517.0,1425.0,14:03:41.394737
60.0,-402.0,1026.0,14:03:41.405210
124.0,-652.0,584.0,14:03:41.414673
-15.0,-565.0,894.0,14:03:41.424058
57.0,-738.0,1289.0,14:03:41.434723
71.0,-554.0,633.0,14:03:41.444025
147.0,-476.0,813.0,14:03:41.454732
-83.0,-393.0,1034.0,14:03:41.464039
81.0,-399.0,516.0,14:03:41.473436
45.0,-468.0,866.0,14:03:41.484044
-4.0,-345.0,1106.0,14:03:41.493545
15.0,-539.0,890.0,14:03:41.502965
-54.0,-486.0,1129.0,14:03:41.513485
-17.0,-505.0,1088.0,14:03:41.522911
148.0,-645.0,1013.0,14:03:41.533433
9.0,-555.0,913.0,14:03:41.542898
113.0,-535.0,768.0,14:03:41.552307
145.0,-421.0,759.0,14:03:41.562860
-80.0,-482.0,975.0,14:03:41.572151
-4.0,-478.0,942.0,14:03:41.582743
127.0,-405.0,766.0,14:03:41.592113
-65.0,-493.0,1048.0,14:03:41.602636
54.0,-409.0,924.0,14:03:41.611972
-147.0,-436.0,715.0,14:03:41.621335
22.0,-566.0,1111.0,14:03:41.631941
129.0,-547.0,993.0,14:03:41.641365
9.0,-626.0,1043.0,14:03:41.651914
120.0,-450.0,621.0,14:03:41.661253
10.0,-444.0,1046.0,14:03:41.670786
93.0,-770.0,1353.0,14:03:41.681248
250.0,-522.0,661.0,14:03:41.690625
179.0,-469.0,429.0,14:03:41.701038
316.0,-564.0,847.0,14:03:41.710506
44.0,-520.0,1391.0,14:03:41.719918
128.0,-506.0,800.0,14:03:41.730414
90.0,-597.0,549.0,14:03:41.741753
121.0,-705.0,934.0,14:03:41.749414
94.0,-436.0,1059.0,14:03:41.759920
-27.0,-600.0,1034.0,14:03:41.769310
-33.0,-559.0,575.0,14:03:41.779849
48.0,-689.0,1043.0,14:03:41.789212
22.0,-756.0,1188.0,14:03:41.799736
84.0,-767.0,601.0,14:03:41.809169
-96.0,-497.0,716.0,14:03:41.818540
-76.0,-447.0,1063.0,14:03:41.829110
-92.0,-418.0,903.0,14:03:41.838432
-51.0,-341.0,751.0,14:03:41.849022
-58.0,-316.0,898.0,14:03:41.858321
164.0,-570.0,658.0,14:03:41.867907
-37.0,-489.0,973.0,14:03:41.878307
86.0,-396.0,1093.0,14:03:41.887754
95.0,-574.0,1121.0,14:03:41.898176
180.0,-764.0,852.0,14:03:41.907513
216.0,-633.0,946.0,14:03:41.917008
-17.0,-435.0,1142.0,14:03:41.927457
115.0,-288.0,579.0,14:03:41.937049
37.0,-414.0,958.0,14:03:41.947581
28.0,-674.0,1074.0,14:03:41.956973
149.0,-675.0,961.0,14:03:41.966324
130.0,-535.0,521.0,14:03:41.976973
166.0,-425.0,853.0,14:03:41.986282
24.0,-449.0,1069.0,14:03:41.996865
131.0,-601.0,534.0,14:03:42.006191
62.0,-559.0,847.0,14:03:42.015675
-52.0,-467.0,1304.0,14:03:42.026082
77.0,-288.0,675.0,14:03:42.035492
44.0,-504.0,526.0,14:03:42.045976
35.0,-606.0,1226.0,14:03:42.055302
19.0,-554.0,1408.0,14:03:42.065999
0.0,-301.0,699.0,14:03:42.075348
-20.0,-355.0,574.0,14:03:42.084935
124.0,-685.0,1371.0,14:03:42.095453
-28.0,-245.0,828.0,14:03:42.104870
-146.0,-287.0,481.0,14:03:42.114298
-34.0,-629.0,1336.0,14:03:42.124876
49.0,-705.0,1621.0,14:03:42.134239
196.0,-406.0,758.0,14:03:42.144776
63.0,-598.0,574.0,14:03:42.154084
-149.0,-839.0,1664.0,14:03:42.163700
82.0,-885.0,1535.0,14:03:42.174125
31.0,-477.0,641.0,14:03:42.183531
-5.0,-427.0,373.0,14:03:42.194097
-18.0,-512.0,1079.0,14:03:42.203596
3.0,-490.0,1136.0,14:03:42.212928
37.0,-329.0,493.0,14:03:42.223404
191.0,-228.0,269.0,14:03:42.232838
177.0,-536.0,1169.0,14:03:42.243295
-13.0,-590.0,1313.0,14:03:42.252653
77.0,-581.0,450.0,14:03:42.262116
107.0,-592.0,694.0,14:03:42.272650
203.0,-420.0,1250.0,14:03:42.281946
51.0,-463.0,902.0,14:03:42.292562
159.0,-339.0,511.0,14:03:42.301887
-1.0,-240.0,634.0,14:03:42.311415
-20.0,-321.0,688.0,14:03:42.321902
-130.0,-310.0,1152.0,14:03:42.331307
-83.0,-350.0,1003.0,14:03:42.341784
13.0,-608.0,1226.0,14:03:42.351252
111.0,-552.0,1029.0,14:03:42.360667
132.0,-764.0,1521.0,14:03:42.371232
96.0,-487.0,864.0,14:03:42.380602
14.0,-466.0,856.0,14:03:42.391035
-81.0,-659.0,1406.0,14:03:42.400407
-37.0,-591.0,776.0,14:03:42.410845
48.0,-678.0,416.0,14:03:42.420360
29.0,-751.0,977.0,14:03:42.429630
20.0,-405.0,938.0,14:03:42.440305
120.0,-655.0,762.0,14:03:42.449592
65.0,-893.0,968.0,14:03:42.459142
1.0,-515.0,625.0,14:03:42.469696
39.0,-492.0,911.0,14:03:42.479071
-10.0,-306.0,869.0,14:03:42.489556
126.0,-477.0,898.0,14:03:42.498987
193.0,-480.0,986.0,14:03:42.509533
71.0,-418.0,813.0,14:03:42.518965
-75.0,-563.0,662.0,14:03:42.528364
32.0,-692.0,787.0,14:03:42.543624
173.0,-639.0,936.0,14:03:42.548707
-89.0,-466.0,979.0,14:03:42.558025
-36.0,-382.0,1151.0,14:03:42.568475
-168.0,-103.0,641.0,14:03:42.577960
-76.0,-69.0,452.0,14:03:42.587391
-56.0,-80.0,713.0,14:03:42.597971
-97.0,-703.0,1726.0,14:03:42.607265
186.0,-790.0,1231.0,14:03:42.617905
47.0,-536.0,787.0,14:03:42.627309
178.0,-860.0,1248.0,14:03:42.636726
68.0,-1133.0,1229.0,14:03:42.647236
236.0,-892.0,684.0,14:03:42.656604
130.0,-467.0,941.0,14:03:42.667002
-99.0,-447.0,1134.0,14:03:42.676335
-167.0,-651.0,513.0,14:03:42.685919
-40.0,-429.0,520.0,14:03:42.696446
-57.0,-394.0,964.0,14:03:42.705881
20.0,-688.0,893.0,14:03:42.716353
127.0,-606.0,577.0,14:03:42.725920
-3.0,-965.0,1206.0,14:03:42.735222
77.0,-723.0,987.0,14:03:42.745884
19.0,-608.0,540.0,14:03:42.755174
45.0,-453.0,661.0,14:03:42.765675
-113.0,-277.0,1166.0,14:03:42.774975
-180.0,-368.0,949.0,14:03:42.785453
26.0,-388.0,627.0,14:03:42.794761
-47.0,-192.0,1131.0,14:03:42.805256
-17.0,-251.0,904.0,14:03:42.814734
-21.0,-600.0,742.0,14:03:42.824084
145.0,-605.0,1159.0,14:03:42.834674
72.0,-391.0,1134.0,14:03:42.843985
-41.0,-281.0,877.0,14:03:42.854453
-123.0,-606.0,1365.0,14:03:42.863726
99.0,-793.0,1127.0,14:03:42.874265
138.0,-566.0,585.0,14:03:42.883557
80.0,-514.0,700.0,14:03:42.892877
41.0,-629.0,1089.0,14:03:42.903409
70.0,-696.0,769.0,14:03:42.912868
-121.0,-568.0,758.0,14:03:42.923350
14.0,-657.0,913.0,14:03:42.932667
-142.0,-455.0,799.0,14:03:42.945420
53.0,-419.0,851.0,14:03:42.952681
-48.0,-547.0,895.0,14:03:42.962115
-70.0,-664.0,909.0,14:03:42.972639
-29.0,-486.0,678.0,14:03:42.981930
-62.0,-606.0,1102.0,14:03:42.992543
38.0,-544.0,1104.0,14:03:43.001898
-21.0,-714.0,823.0,14:03:43.011356
212.0,-959.0,659.0,14:03:43.021795
43.0,-714.0,893.0,14:03:43.031294
-224.0,-396.0,1100.0,14:03:43.041887
-207.0,-331.0,1053.0,14:03:43.051340
-208.0,-177.0,900.0,14:03:43.060806
-7.0,-540.0,885.0,14:03:43.071407
-92.0,-445.0,567.0,14:03:43.080734
54.0,-244.0,879.0,14:03:43.090182
57.0,-472.0,1277.0,14:03:43.100696
58.0,-566.0,1229.0,14:03:43.110319
85.0,-478.0,873.0,14:03:43.119646
191.0,-357.0,823.0,14:03:43.130170
-25.0,-301.0,951.0,14:03:43.139721
85.0,-395.0,1152.0,14:03:43.150235
72.0,-507.0,1016.0,14:03:43.159576
0.0,-315.0,639.0,14:03:43.168961
65.0,-585.0,1285.0,14:03:43.179476
33.0,-525.0,1015.0,14:03:43.188960
-3.0,-494.0,593.0,14:03:43.199478
-32.0,-455.0,923.0,14:03:43.208960
86.0,-448.0,1086.0,14:03:43.218330
162.0,-695.0,883.0,14:03:43.228997
-60.0,-522.0,833.0,14:03:43.238294
129.0,-309.0,902.0,14:03:43.248792
255.0,-402.0,767.0,14:03:43.258042
39.0,-353.0,694.0,14:03:43.268532
136.0,-497.0,1085.0,14:03:43.277890
196.0,-428.0,1211.0,14:03:43.287245
63.0,-193.0,724.0,14:03:43.297857
211.0,-231.0,488.0,14:03:43.307285
121.0,-675.0,1295.0,14:03:43.317850
417.0,-838.0,1169.0,14:03:43.327478
159.0,-260.0,512.0,14:03:43.337284
43.0,-320.0,987.0,14:03:43.346516
143.0,-569.0,976.0,14:03:43.357078
104.0,-664.0,611.0,14:03:43.366424
-35.0,-568.0,742.0,14:03:43.377074
179.0,-546.0,1394.0,14:03:43.386363
49.0,-559.0,977.0,14:03:43.395987
-31.0,-462.0,720.0,14:03:43.406381
-10.0,-451.0,809.0,14:03:43.415925
189.0,-623.0,1003.0,14:03:43.425302
127.0,-769.0,1310.0,14:03:43.436043
117.0,-583.0,940.0,14:03:43.445395
15.0,-276.0,822.0,14:03:43.454845
96.0,-332.0,769.0,14:03:43.465350
193.0,-523.0,1146.0,14:03:43.474795
282.0,-436.0,1047.0,14:03:43.485234
147.0,-201.0,695.0,14:03:43.494608
261.0,-554.0,1042.0,14:03:43.505129
300.0,-852.0,842.0,14:03:43.514610
345.0,-700.0,644.0,14:03:43.524006
125.0,-405.0,710.0,14:03:43.534459
97.0,-370.0,925.0,14:03:43.543872
104.0,-491.0,956.0,14:03:43.554282
169.0,-450.0,783.0,14:03:43.563688
80.0,-386.0,657.0,14:03:43.574121
39.0,-389.0,878.0,14:03:43.583567
19.0,-602.0,1278.0,14:03:43.592973
198.0,-891.0,897.0,14:03:43.603534
196.0,-617.0,585.0,14:03:43.612978
224.0,-528.0,673.0,14:03:43.622427
103.0,-1052.0,1281.0,14:03:43.632908
86.0,-834.0,964.0,14:03:43.642331
-72.0,-455.0,790.0,14:03:43.652862
-27.0,-224.0,808.0,14:03:43.662142
-76.0,-356.0,1083.0,14:03:43.672668
28.0,-488.0,865.0,14:03:43.681993
-229.0,-449.0,587.0,14:03:43.691495
-144.0,-448.0,1176.0,14:03:43.702016
-251.0,-397.0,1132.0,14:03:43.711366
112.0,-609.0,877.0,14:03:43.721912
148.0,-737.0,1124.0,14:03:43.731301
263.0,-711.0,892.0,14:03:43.746919
11.0,-473.0,724.0,14:03:43.750960
44.0,-392.0,831.0,14:03:43.761369
-17.0,-307.0,794.0,14:03:43.770787
42.0,-610.0,948.0,14:03:43.780297
-75.0,-487.0,903.0,14:03:43.790804
-109.0,-56.0,654.0,14:03:43.800225
-125.0,-314.0,1140.0,14:03:43.810822
67.0,-648.0,1180.0,14:03:43.820310
248.0,-684.0,974.0,14:03:43.829644
171.0,-782.0,907.0,14:03:43.840244
260.0,-618.0,1031.0,14:03:43.849676
153.0,-578.0,997.0,14:03:43.859079
70.0,-586.0,1244.0,14:03:43.869657
-203.0,-427.0,930.0,14:03:43.879141
-147.0,-313.0,426.0,14:03:43.889675
-143.0,-300.0,881.0,14:03:43.899064
-4.0,-433.0,817.0,14:03:43.908491
32.0,-600.0,834.0,14:03:43.919067
91.0,-478.0,762.0,14:03:43.928412
35.0,-436.0,1244.0,14:03:43.939004
-10.0,-464.0,1039.0,14:03:43.948489
105.0,-491.0,688.0,14:03:43.957879
27.0,-532.0,1024.0,14:03:43.968355
228.0,-560.0,946.0,14:03:43.977716
206.0,-329.0,1050.0,14:03:43.987144
41.0,-295.0,826.0,14:03:43.997580
200.0,-548.0,543.0,14:03:44.007074
181.0,-486.0,1181.0,14:03:44.017754
2.0,-515.0,1652.0,14:03:44.027088
170.0,-538.0,630.0,14:03:44.036420
-84.0,-256.0,268.0,14:03:44.046959
-43.0,-567.0,1046.0,14:03:44.056385
27.0,-713.0,1166.0,14:03:44.066915
82.0,-519.0,718.0,14:03:44.076273
33.0,-358.0,747.0,14:03:44.086717
-86.0,-442.0,842.0,14:03:44.096079
-193.0,-478.0,727.0,14:03:44.106519
-59.0,-580.0,1378.0,14:03:44.115891
57.0,-619.0,1310.0,14:03:44.125179
408.0,-647.0,465.0,14:03:44.135826
155.0,-503.0,1011.0,14:03:44.148499
157.0,-735.0,1223.0,14:03:44.155726
154.0,-685.0,829.0,14:03:44.164988
181.0,-577.0,335.0,14:03:44.174463
160.0,-451.0,681.0,14:03:44.184826
-69.0,-635.0,1002.0,14:03:44.194204
-24.0,-289.0,592.0,14:03:44.213934
-48.0,-270.0,758.0,14:03:44.224351
-21.0,-587.0,1676.0,14:03:44.233738
-86.0,-338.0,913.0,14:03:44.244255
167.0,-702.0,747.0,14:03:44.253729
4.0,-558.0,1228.0,14:03:44.264238
76.0,-356.0,877.0,14:03:44.273546
85.0,-515.0,710.0,14:03:44.282998
-119.0,-316.0,864.0,14:03:44.293519
42.0,-329.0,1237.0,14:03:44.303045
30.0,-332.0,990.0,14:03:44.312583
51.0,-432.0,929.0,14:03:44.323202
-27.0,-623.0,966.0,14:03:44.332576
183.0,-916.0,999.0,14:03:44.343042
249.0,-909.0,807.0,14:03:44.352496
134.0,-719.0,1058.0,14:03:44.361867
216.0,-821.0,1162.0,14:03:44.372412
172.0,-768.0,566.0,14:03:44.381719
140.0,-445.0,712.0,14:03:44.392290
88.0,-227.0,835.0,14:03:44.401650
47.0,-434.0,255.0,14:03:44.411093
210.0,-325.0,191.0,14:03:44.421482
93.0,-499.0,941.0,14:03:44.430982
-11.0,-300.0,1280.0,14:03:44.441410
46.0,-30.0,1065.0,14:03:44.450773
-156.0,-126.0,1159.0,14:03:44.461347
38.0,-392.0,925.0,14:03:44.470704
141.0,-706.0,1049.0,14:03:44.480170
112.0,-830.0,1280.0,14:03:44.490614
92.0,-848.0,1442.0,14:03:44.500114
61.0,-488.0,728.0,14:03:44.510526
40.0,-288.0,660.0,14:03:44.519876
70.0,-781.0,1169.0,14:03:44.530335
155.0,-772.0,486.0,14:03:44.539688
-86.0,-520.0,723.0,14:03:44.549045
-178.0,-242.0,1247.0,14:03:44.559642
55.0,-506.0,857.0,14:03:44.569135
51.0,-598.0,639.0,14:03:44.579583
79.0,-691.0,870.0,14:03:44.588959
41.0,-528.0,689.0,14:03:44.599423
-149.0,-610.0,1114.0,14:03:44.609029
-156.0,-554.0,1082.0,14:03:44.618398
25.0,-271.0,784.0,14:03:44.628954
21.0,-259.0,831.0,14:03:44.638262
29.0,-680.0,1228.0,14:03:44.647728
108.0,-792.0,1013.0,14:03:44.658256
238.0,-520.0,503.0,14:03:44.667534
-169.0,-487.0,1122.0,14:03:44.678205
-184.0,-612.0,1162.0,14:03:44.687502
22.0,-745.0,821.0,14:03:44.696941
-97.0,-525.0,819.0,14:03:44.716718
-205.0,-406.0,934.0,14:03:44.727166
34.0,-590.0,420.0,14:03:44.736582
-131.0,-403.0,1019.0,14:03:44.747194
-203.0,-369.0,1816.0,14:03:44.756628
-9.0,-323.0,515.0,14:03:44.765942
7.0,-395.0,720.0,14:03:44.776461
4.0,-630.0,1211.0,14:03:44.785951
158.0,-758.0,952.0,14:03:44.796370
151.0,-679.0,723.0,14:03:44.805813
-22.0,-425.0,1324.0,14:03:44.816331
113.0,-713.0,1075.0,14:03:44.825774
-108.0,-458.0,426.0,14:03:44.835181
-21.0,-671.0,521.0,14:03:44.845804
-243.0,-702.0,1036.0,14:03:44.855253
-223.0,-620.0,1398.0,14:03:44.864691
-286.0,-525.0,638.0,14:03:44.875280
-17.0,-493.0,507.0,14:03:44.884662
98.0,-658.0,1032.0,14:03:44.894097
-129.0,-657.0,1439.0,14:03:44.904699
-210.0,-373.0,706.0,14:03:44.914133
18.0,-313.0,617.0,14:03:44.924705
-189.0,-595.0,994.0,14:03:44.934144
157.0,-725.0,1007.0,14:03:44.949699
88.0,-551.0,882.0,14:03:44.954703
149.0,-404.0,490.0,14:03:44.964127
90.0,-573.0,817.0,14:03:44.973592
-55.0,-476.0,1261.0,14:03:44.982878
4.0,-755.0,895.0,14:03:44.993479
-54.0,-352.0,579.0,14:03:45.002728
-46.0,-445.0,748.0,14:03:45.013406
-4.0,-426.0,785.0,14:03:45.022695
21.0,-502.0,615.0,14:03:45.032106
-155.0,-394.0,1015.0,14:03:45.042577
-18.0,-451.0,1121.0,14:03:45.051922
62.0,-422.0,908.0,14:03:45.062583
209.0,-459.0,1009.0,14:03:45.071922
29.0,-939.0,952.0,14:03:45.081369
15.0,-913.0,1225.0,14:03:45.091787
-28.0,-388.0,1024.0,14:03:45.101308
113.0,-577.0,793.0,14:03:45.111859
305.0,-610.0,612.0,14:03:45.121286
-17.0,-466.0,1246.0,14:03:45.131729
-64.0,-418.0,909.0,14:03:45.141208
58.0,-396.0,425.0,14:03:45.150571
49.0,-636.0,799.0,14:03:45.161145
118.0,-483.0,1165.0,14:03:45.170495
140.0,-362.0,1082.0,14:03:45.180933
3.0,-198.0,675.0,14:03:45.190442
-15.0,-417.0,1256.0,14:03:45.199731
387.0,-654.0,1078.0,14:03:45.210333
333.0,-516.0,580.0,14:03:45.219636
99.0,-498.0,805.0,14:03:45.230182
96.0,-419.0,1209.0,14:03:45.239592
115.0,-289.0,971.0,14:03:45.249034
128.0,-441.0,736.0,14:03:45.259534
185.0,-432.0,656.0,14:03:45.268948
-21.0,-313.0,853.0,14:03:45.279422
68.0,-173.0,792.0,14:03:45.288780
133.0,-563.0,1005.0,14:03:45.298289
199.0,-707.0,1309.0,14:03:45.308725
23.0,-402.0,940.0,14:03:45.318127
-93.0,-368.0,744.0,14:03:45.328598
48.0,-680.0,1382.0,14:03:45.337990
196.0,-800.0,1134.0,14:03:45.352349
263.0,-772.0,730.0,14:03:45.358435
127.0,-698.0,719.0,14:03:45.367815
76.0,-630.0,925.0,14:03:45.377165
224.0,-622.0,950.0,14:03:45.387609
99.0,-508.0,519.0,14:03:45.397100
-44.0,-342.0,802.0,14:03:45.407603
123.0,-372.0,1055.0,14:03:45.417074
1.0,-513.0,860.0,14:03:45.427489
10.0,-666.0,1031.0,14:03:45.436941
163.0,-663.0,994.0,14:03:45.446214
-22.0,-643.0,829.0,14:03:45.456725
107.0,-459.0,783.0,14:03:45.466003
-272.0,-233.0,1114.0,14:03:45.476416
62.0,-506.0,1184.0,14:03:45.485993
-12.0,-465.0,774.0,14:03:45.496490
51.0,-318.0,607.0,14:03:45.505933
-25.0,-311.0,1258.0,14:03:45.515214
86.0,-717.0,1147.0,14:03:45.525863
31.0,-490.0,915.0,14:03:45.535222
-143.0,-350.0,1069.0,14:03:45.545771
-76.0,-425.0,876.0,14:03:45.555136
78.0,-672.0,963.0,14:03:45.564732
-33.0,-587.0,992.0,14:03:45.575131
152.0,-426.0,707.0,14:03:45.584514
113.0,-231.0,669.0,14:03:45.595047
-37.0,-252.0,847.0,14:03:45.604351
-44.0,-623.0,1350.0,14:03:45.613717
93.0,-368.0,568.0,14:03:45.624222
99.0,-455.0,966.0,14:03:45.633783
-14.0,-388.0,1123.0,14:03:45.644300
221.0,-673.0,957.0,14:03:45.653685
-10.0,-584.0,717.0,14:03:45.663103
149.0,-614.0,761.0,14:03:45.673596
63.0,-576.0,1198.0,14:03:45.682931
103.0,-711.0,966.0,14:03:45.693387
117.0,-688.0,624.0,14:03:45.702817
176.0,-507.0,366.0,14:03:45.712277
-62.0,-360.0,790.0,14:03:45.722845
-76.0,-230.0,892.0,14:03:45.732182
56.0,-532.0,1237.0,14:03:45.742689
-22.0,-359.0,1203.0,14:03:45.751994
13.0,-431.0,935.0,14:03:45.762514
28.0,-479.0,919.0,14:03:45.771829
3.0,-635.0,1320.0,14:03:45.791509
-5.0,-679.0,1239.0,14:03:45.801951
150.0,-716.0,1108.0,14:03:45.811510
-65.0,-357.0,180.0,14:03:45.820882
108.0,-582.0,724.0,14:03:45.831421
29.0,-671.0,1318.0,14:03:45.840738
130.0,-266.0,389.0,14:03:45.850253
-15.0,-286.0,658.0,14:03:45.860643
-35.0,-340.0,1051.0,14:03:45.870082
-19.0,-513.0,1107.0,14:03:45.880676
200.0,-775.0,1305.0,14:03:45.890086
140.0,-639.0,887.0,14:03:45.900595
232.0,-389.0,605.0,14:03:45.909856
-65.0,-402.0,649.0,14:03:45.919257
77.0,-669.0,1147.0,14:03:45.929703
135.0,-717.0,1161.0,14:03:45.939132
21.0,-339.0,666.0,14:03:45.949550
-240.0,-213.0,680.0,14:03:45.959087
-219.0,-589.0,966.0,14:03:45.969589
237.0,-623.0,991.0,14:03:45.979028
145.0,-603.0,948.0,14:03:45.988355
3.0,-581.0,801.0,14:03:45.999035
-22.0,-576.0,1158.0,14:03:46.008368
24.0,-692.0,1053.0,14:03:46.018942
204.0,-886.0,673.0,14:03:46.028266
255.0,-628.0,750.0,14:03:46.037702
42.0,-320.0,867.0,14:03:46.048281
-79.0,-532.0,955.0,14:03:46.057609
64.0,-513.0,852.0,14:03:46.067219
26.0,-430.0,858.0,14:03:46.077795
-163.0,-424.0,1167.0,14:03:46.087152
-88.0,-445.0,980.0,14:03:46.097842
-192.0,-614.0,1191.0,14:03:46.107243
-77.0,-610.0,755.0,14:03:46.116658
100.0,-755.0,1039.0,14:03:46.127175
84.0,-744.0,1492.0,14:03:46.136635
150.0,-398.0,654.0,14:03:46.155052
230.0,-749.0,803.0,14:03:46.156471
-32.0,-692.0,816.0,14:03:46.165969
95.0,-609.0,601.0,14:03:46.176459
151.0,-405.0,612.0,14:03:46.185939
-261.0,-419.0,970.0,14:03:46.195363
-59.0,-651.0,880.0,14:03:46.206047
-93.0,-181.0,575.0,14:03:46.215358
-134.0,-112.0,993.0,14:03:46.224846
-125.0,-551.0,1048.0,14:03:46.235390
-39.0,-601.0,1023.0,14:03:46.244801
-38.0,-231.0,1209.0,14:03:46.255307
25.0,-263.0,863.0,14:03:46.264851
33.0,-675.0,881.0,14:03:46.274175
60.0,-761.0,726.0,14:03:46.284711
-14.0,-458.0,479.0,14:03:46.294107
250.0,-400.0,824.0,14:03:46.304621
78.0,-603.0,1386.0,14:03:46.313946
-124.0,-500.0,1057.0,14:03:46.324362
-57.0,-314.0,638.0,14:03:46.333745
-58.0,-657.0,1022.0,14:03:46.344188
56.0,-865.0,1393.0,14:03:46.353588
-13.0,-594.0,879.0,14:03:46.363035
2.0,-571.0,765.0,14:03:46.373643
-26.0,-267.0,982.0,14:03:46.382944
-44.0,-272.0,1052.0,14:03:46.392606
10.0,-284.0,529.0,14:03:46.403101
-70.0,-506.0,629.0,14:03:46.412484
60.0,-550.0,891.0,14:03:46.423017
-170.0,-824.0,1548.0,14:03:46.432514
208.0,-822.0,999.0,14:03:46.441925
63.0,-682.0,349.0,14:03:46.452452
293.0,-257.0,644.0,14:03:46.461860
-284.0,-519.0,1899.0,14:03:46.472364
142.0,-716.0,1232.0,14:03:46.481829
-160.0,-573.0,-260.0,14:03:46.491253
-140.0,-187.0,702.0,14:03:46.501889
-168.0,-593.0,1807.0,14:03:46.511291
-26.0,-527.0,792.0,14:03:46.520833
6.0,-209.0,380.0,14:03:46.531413
11.0,-558.0,1440.0,14:03:46.540735
198.0,-891.0,1069.0,14:03:46.555720
29.0,-595.0,555.0,14:03:46.560826
47.0,-389.0,898.0,14:03:46.570159
-58.0,-326.0,1448.0,14:03:46.580659
116.0,-593.0,976.0,14:03:46.590110
64.0,-400.0,287.0,14:03:46.599585
174.0,-692.0,822.0,14:03:46.610104
86.0,-701.0,1253.0,14:03:46.619497
91.0,-357.0,746.0,14:03:46.629008
146.0,-367.0,-53.0,14:03:46.639540
-129.0,-356.0,643.0,14:03:46.648828
-17.0,-536.0,1626.0,14:03:46.659361
-118.0,-379.0,1226.0,14:03:46.668686
-152.0,-134.0,615.0,14:03:46.679249
109.0,-453.0,711.0,14:03:46.688595
242.0,-832.0,1232.0,14:03:46.698029
187.0,-793.0,1131.0,14:03:46.708587
-6.0,-606.0,801.0,14:03:46.718029
128.0,-724.0,522.0,14:03:46.728612
309.0,-624.0,680.0,14:03:46.737966
-68.0,-323.0,1030.0,14:03:46.747399
-165.0,-169.0,1109.0,14:03:46.757963
-345.0,-286.0,887.0,14:03:46.767377
9.0,-410.0,975.0,14:03:46.777964
242.0,-650.0,1402.0,14:03:46.787360
602.0,-683.0,670.0,14:03:46.796615
262.0,-682.0,797.0,14:03:46.807017
84.0,-618.0,1535.0,14:03:46.816433
-38.0,-748.0,1105.0,14:03:46.827041
247.0,-702.0,236.0,14:03:46.836397
99.0,-454.0,536.0,14:03:46.845879
-135.0,-508.0,1029.0,14:03:46.856401
-146.0,-308.0,1089.0,14:03:46.865791
-163.0,-68.0,440.0,14:03:46.876367
2.0,-413.0,498.0,14:03:46.885752
252.0,-859.0,1403.0,14:03:46.895138
103.0,-373.0,1223.0,14:03:46.905602
24.0,-415.0,714.0,14:03:46.914992
-108.0,-326.0,1146.0,14:03:46.925420
58.0,-519.0,1234.0,14:03:46.934760
221.0,-904.0,913.0,14:03:46.945228
115.0,-469.0,381.0,14:03:46.954664
-224.0,-118.0,1293.0,14:03:46.965188
-61.0,-648.0,1030.0,14:03:46.974655
-31.0,-701.0,348.0,14:03:46.984095
43.0,-410.0,981.0,14:03:46.994731
56.0,-337.0,1371.0,14:03:47.004242
165.0,-827.0,1153.0,14:03:47.013550
36.0,-562.0,893.0,14:03:47.024118
5.0,-493.0,923.0,14:03:47.033502
58.0,-615.0,802.0,14:03:47.044055
128.0,-825.0,905.0,14:03:47.053520
76.0,-748.0,828.0,14:03:47.062895
110.0,-491.0,711.0,14:03:47.073449
-8.0,-315.0,648.0,14:03:47.082734
-62.0,-272.0,999.0,14:03:47.093211
-80.0,-342.0,1083.0,14:03:47.102514
38.0,-522.0,650.0,14:03:47.113077
124.0,-381.0,856.0,14:03:47.122474
2.0,-297.0,1229.0,14:03:47.131919
48.0,-534.0,962.0,14:03:47.142510
-61.0,-616.0,847.0,14:03:47.151984
105.0,-477.0,1117.0,14:03:47.161397
77.0,-278.0,1031.0,14:03:47.171898
-97.0,-308.0,653.0,14:03:47.181311
-36.0,-636.0,1182.0,14:03:47.201082
68.0,-431.0,673.0,14:03:47.211512
104.0,-382.0,910.0,14:03:47.220900
40.0,-559.0,1279.0,14:03:47.230253
208.0,-659.0,961.0,14:03:47.240759
87.0,-391.0,607.0,14:03:47.250098
80.0,-513.0,929.0,14:03:47.260682
-65.0,-621.0,1042.0,14:03:47.269969
-42.0,-685.0,609.0,14:03:47.280486
189.0,-647.0,520.0,14:03:47.289856
88.0,-288.0,1005.0,14:03:47.299352
44.0,-257.0,1231.0,14:03:47.309912
27.0,-245.0,689.0,14:03:47.319231
106.0,-396.0,863.0,14:03:47.329844
-68.0,-273.0,1280.0,14:03:47.339128
57.0,-452.0,798.0,14:03:47.356867
29.0,-780.0,542.0,14:03:47.360346
220.0,-437.0,969.0,14:03:47.368468
139.0,-431.0,1525.0,14:03:47.379103
-34.0,-404.0,675.0,14:03:47.388397
72.0,-554.0,685.0,14:03:47.399107
133.0,-674.0,1445.0,14:03:47.408493
63.0,-596.0,1156.0,14:03:47.417895
72.0,-632.0,926.0,14:03:47.428543
87.0,-588.0,894.0,14:03:47.437910
124.0,-754.0,861.0,14:03:47.447460
55.0,-695.0,808.0,14:03:47.457958
116.0,-513.0,892.0,14:03:47.467311
37.0,-522.0,884.0,14:03:47.477819
52.0,-648.0,601.0,14:03:47.487173
53.0,-562.0,859.0,14:03:47.496663
29.0,-481.0,1103.0,14:03:47.507158
-10.0,-606.0,807.0,14:03:47.516561
33.0,-777.0,696.0,14:03:47.527000
77.0,-526.0,1160.0,14:03:47.536337
-70.0,-385.0,1040.0,14:03:47.546840
102.0,-424.0,712.0,14:03:47.556313
-19.0,-669.0,753.0,14:03:47.565640
-21.0,-465.0,1043.0,14:03:47.576219
3.0,-466.0,835.0,14:03:47.585640
-216.0,-472.0,978.0,14:03:47.596117
22.0,-681.0,881.0,14:03:47.605449
-112.0,-755.0,924.0,14:03:47.614750
43.0,-581.0,791.0,14:03:47.625309
-95.0,-567.0,785.0,14:03:47.634732
3.0,-574.0,933.0,14:03:47.645277
-111.0,-535.0,790.0,14:03:47.654645
11.0,-682.0,743.0,14:03:47.664063
-66.0,-514.0,1007.0,14:03:47.674448
11.0,-433.0,882.0,14:03:47.683803
-28.0,-407.0,827.0,14:03:47.694239
-58.0,-534.0,832.0,14:03:47.703621
-18.0,-669.0,925.0,14:03:47.714257
-19.0,-594.0,849.0,14:03:47.723587
-101.0,-428.0,1010.0,14:03:47.733071
-7.0,-492.0,792.0,14:03:47.743592
4.0,-568.0,683.0,14:03:47.758235
-32.0,-506.0,530.0,14:03:47.763287
-82.0,-511.0,986.0,14:03:47.772607
-84.0,-550.0,659.0,14:03:47.792354
-64.0,-429.0,756.0,14:03:47.802810
108.0,-566.0,1209.0,14:03:47.812174
-19.0,-468.0,1257.0,14:03:47.822689
37.0,-438.0,1121.0,14:03:47.831993
100.0,-334.0,586.0,14:03:47.842427
-104.0,-335.0,914.0,14:03:47.851934
-91.0,-513.0,1357.0,14:03:47.861322
-47.0,-663.0,831.0,14:03:47.871913
5.0,-566.0,975.0,14:03:47.881421
23.0,-548.0,1181.0,14:03:47.890798
17.0,-613.0,1036.0,14:03:47.901324
118.0,-519.0,901.0,14:03:47.910651
80.0,-487.0,1028.0,14:03:47.921364
39.0,-478.0,784.0,14:03:47.930633
8.0,-622.0,911.0,14:03:47.940080
-44.0,-652.0,879.0,14:03:47.950616
-64.0,-639.0,716.0,14:03:47.960158
9.0,-471.0,446.0,14:03:47.970598
-103.0,-496.0,730.0,14:03:47.980027
-78.0,-636.0,1408.0,14:03:47.989359
84.0,-486.0,735.0,14:03:48.000027
85.0,-364.0,620.0,14:03:48.009397
1.0,-365.0,1115.0,14:03:48.019845
-30.0,-368.0,984.0,14:03:48.029201
58.0,-599.0,925.0,14:03:48.039692
12.0,-700.0,1296.0,14:03:48.049151
-56.0,-646.0,1216.0,14:03:48.058441
111.0,-564.0,779.0,14:03:48.069124
36.0,-678.0,712.0,14:03:48.078461
-103.0,-732.0,1144.0,14:03:48.089020
-53.0,-626.0,924.0,14:03:48.098352
-147.0,-526.0,653.0,14:03:48.107847
7.0,-513.0,882.0,14:03:48.118405
-153.0,-508.0,922.0,14:03:48.127764
1.0,-629.0,934.0,14:03:48.137185
-102.0,-664.0,757.0,14:03:48.147780
-74.0,-420.0,833.0,14:03:48.157111
45.0,-738.0,1166.0,14:03:48.167608
154.0,-783.0,853.0,14:03:48.177116
-14.0,-568.0,493.0,14:03:48.187530
-73.0,-350.0,781.0,14:03:48.197001
-152.0,-464.0,1039.0,14:03:48.206397
-80.0,-599.0,717.0,14:03:48.217006
-20.0,-575.0,645.0,14:03:48.226364
-150.0,-351.0,866.0,14:03:48.235826
-22.0,-376.0,1111.0,14:03:48.246370
29.0,-564.0,656.0,14:03:48.255752
138.0,-679.0,864.0,14:03:48.266297
-23.0,-377.0,1392.0,14:03:48.275535
-113.0,-231.0,966.0,14:03:48.286069
22.0,-511.0,753.0,14:03:48.295441
60.0,-569.0,1245.0,14:03:48.304778
89.0,-570.0,1037.0,14:03:48.315349
36.0,-354.0,623.0,14:03:48.324807
155.0,-502.0,925.0,14:03:48.335265
17.0,-514.0,1252.0,14:03:48.344787
173.0,-643.0,874.0,14:03:48.354133
132.0,-393.0,348.0,14:03:48.364782
-77.0,-492.0,1259.0,14:03:48.374163
122.0,-702.0,1053.0,14:03:48.384713
128.0,-576.0,550.0,14:03:48.394134
19.0,-387.0,607.0,14:03:48.403485
67.0,-540.0,937.0,14:03:48.414103
133.0,-557.0,1117.0,14:03:48.423480
-32.0,-414.0,874.0,14:03:48.432959
128.0,-347.0,800.0,14:03:48.443552
174.0,-393.0,673.0,14:03:48.452914
163.0,-442.0,799.0,14:03:48.463568
87.0,-377.0,1280.0,14:03:48.472917
148.0,-290.0,865.0,14:03:48.482374
55.0,-99.0,701.0,14:03:48.492847
89.0,-194.0,946.0,14:03:48.502253
49.0,-516.0,1648.0,14:03:48.512694
237.0,-556.0,994.0,14:03:48.522061
4.0,-471.0,797.0,14:03:48.532473
343.0,-806.0,1096.0,14:03:48.541839
42.0,-491.0,990.0,14:03:48.559059
278.0,-489.0,960.0,14:03:48.562891
76.0,-412.0,606.0,14:03:48.571274
229.0,-402.0,693.0,14:03:48.581729
193.0,-568.0,1105.0,14:03:48.591145
134.0,-396.0,877.0,14:03:48.601527
-6.0,-560.0,828.0,14:03:48.610869
191.0,-543.0,752.0,14:03:48.620272
167.0,-483.0,987.0,14:03:48.630736
247.0,-648.0,1290.0,14:03:48.640236
27.0,-492.0,462.0,14:03:48.650705
85.0,-454.0,872.0,14:03:48.660279
77.0,-446.0,1123.0,14:03:48.669614
95.0,-491.0,759.0,14:03:48.680223
217.0,-335.0,790.0,14:03:48.689558
-49.0,-376.0,1089.0,14:03:48.699120
-56.0,-449.0,1185.0,14:03:48.709657
203.0,-419.0,841.0,14:03:48.719075
26.0,-761.0,1098.0,14:03:48.729499
146.0,-868.0,945.0,14:03:48.739029
-175.0,-670.0,955.0,14:03:48.748329
-72.0,-447.0,1086.0,14:03:48.758991
-106.0,-540.0,882.0,14:03:48.768450
-48.0,-482.0,732.0,14:03:48.779097
-56.0,-642.0,981.0,14:03:48.788536
20.0,-525.0,778.0,14:03:48.797947
10.0,-650.0,1081.0,14:03:48.808492
80.0,-500.0,1138.0,14:03:48.817944
148.0,-418.0,842.0,14:03:48.827405
-29.0,-447.0,805.0,14:03:48.837892
143.0,-384.0,763.0,14:03:48.847317
58.0,-383.0,1046.0,14:03:48.857799
149.0,-347.0,945.0,14:03:48.867148
-46.0,-379.0,676.0,14:03:48.876566
-9.0,-420.0,616.0,14:03:48.887171
15.0,-694.0,1363.0,14:03:48.896510
130.0,-632.0,1303.0,14:03:48.907016
59.0,-559.0,421.0,14:03:48.916393
58.0,-521.0,775.0,14:03:48.925846
43.0,-530.0,1261.0,14:03:48.936390
-6.0,-786.0,993.0,14:03:48.945788
-2.0,-383.0,481.0,14:03:48.961788
-121.0,-420.0,1072.0,14:03:48.965709
-45.0,-523.0,899.0,14:03:48.975118
26.0,-479.0,592.0,14:03:48.985709
-48.0,-545.0,848.0,14:03:48.994983
46.0,-764.0,1214.0,14:03:49.005520
-89.0,-258.0,883.0,14:03:49.014872
53.0,-460.0,877.0,14:03:49.025390
94.0,-617.0,1004.0,14:03:49.034826
257.0,-513.0,817.0,14:03:49.044150
198.0,-348.0,684.0,14:03:49.054745
103.0,-518.0,1171.0,14:03:49.064026
165.0,-682.0,1175.0,14:03:49.074589
185.0,-379.0,298.0,14:03:49.083924
168.0,-410.0,729.0,14:03:49.094444
-79.0,-277.0,1213.0,14:03:49.103700
42.0,-780.0,1379.0,14:03:49.113244
81.0,-446.0,602.0,14:03:49.123638
1.0,-361.0,647.0,14:03:49.133050
8.0,-944.0,1403.0,14:03:49.143601
186.0,-976.0,928.0,14:03:49.152954
50.0,-531.0,648.0,14:03:49.162416
-80.0,-251.0,798.0,14:03:49.172906
-206.0,-515.0,1028.0,14:03:49.182383
205.0,-779.0,1060.0,14:03:49.192930
166.0,-469.0,515.0,14:03:49.202451
102.0,-465.0,767.0,14:03:49.211822
-250.0,-423.0,969.0,14:03:49.222558
-115.0,-495.0,978.0,14:03:49.231836
-14.0,-682.0,969.0,14:03:49.241343
21.0,-719.0,881.0,14:03:49.251856
-9.0,-422.0,1016.0,14:03:49.261395
94.0,-448.0,1192.0,14:03:49.270846
140.0,-817.0,1037.0,14:03:49.281357
182.0,-861.0,586.0,14:03:49.290725
22.0,-377.0,869.0,14:03:49.301270
-17.0,-404.0,1173.0,14:03:49.310616
-217.0,-487.0,835.0,14:03:49.320153
22.0,-531.0,592.0,14:03:49.330739
12.0,-526.0,480.0,14:03:49.340171
81.0,-379.0,783.0,14:03:49.349853
-30.0,-332.0,1212.0,14:03:49.359684
-10.0,-399.0,1112.0,14:03:49.370274
-4.0,-638.0,984.0,14:03:49.379572
40.0,-577.0,938.0,14:03:49.390182
112.0,-464.0,1149.0,14:03:49.399516
102.0,-307.0,753.0,14:03:49.409063
-79.0,-542.0,1161.0,14:03:49.419457
251.0,-491.0,718.0,14:03:49.428965
26.0,-449.0,675.0,14:03:49.439413
-174.0,-494.0,852.0,14:03:49.448735
-74.0,-484.0,1216.0,14:03:49.459148
-117.0,-524.0,1162.0,14:03:49.468478
158.0,-553.0,779.0,14:03:49.477933
137.0,-822.0,1151.0,14:03:49.488440
179.0,-615.0,982.0,14:03:49.497942
164.0,-305.0,809.0,14:03:49.508364
111.0,-342.0,793.0,14:03:49.517820
206.0,-509.0,1146.0,14:03:49.527106
-23.0,-331.0,986.0,14:03:49.537802
61.0,-369.0,887.0,14:03:49.547096
17.0,-575.0,926.0,14:03:49.557768
209.0,-595.0,667.0,14:03:49.567068
15.0,-682.0,1502.0,14:03:49.576384
38.0,-802.0,1086.0,14:03:49.586966
37.0,-368.0,577.0,14:03:49.596318
-87.0,-457.0,980.0,14:03:49.606919
94.0,-491.0,1162.0,14:03:49.616220
11.0,-559.0,454.0,14:03:49.626738
-23.0,-523.0,519.0,14:03:49.636014
-138.0,-623.0,1363.0,14:03:49.645457
28.0,-371.0,1028.0,14:03:49.656018
32.0,-163.0,574.0,14:03:49.665464
-149.0,-383.0,1210.0,14:03:49.675878
-32.0,-899.0,1080.0,14:03:49.685363
233.0,-664.0,667.0,14:03:49.694724
-9.0,-309.0,1003.0,14:03:49.705278
235.0,-534.0,1034.0,14:03:49.714717
138.0,-783.0,1015.0,14:03:49.725214
81.0,-312.0,728.0,14:03:49.734718
65.0,-383.0,761.0,14:03:49.744063
157.0,-514.0,784.0,14:03:49.762589
48.0,-611.0,1118.0,14:03:49.763971
114.0,-598.0,849.0,14:03:49.773510
69.0,-175.0,534.0,14:03:49.784009
30.0,-140.0,895.0,14:03:49.793465
1.0,-354.0,995.0,14:03:49.803997
92.0,-588.0,646.0,14:03:49.813428
93.0,-491.0,623.0,14:03:49.822857
216.0,-504.0,713.0,14:03:49.833209
198.0,-511.0,1016.0,14:03:49.842621
113.0,-304.0,1089.0,14:03:49.853027
-53.0,-279.0,1098.0,14:03:49.862490
68.0,-518.0,1096.0,14:03:49.872895
224.0,-382.0,1074.0,14:03:49.882288
97.0,-316.0,911.0,14:03:49.892861
231.0,-804.0,993.0,14:03:49.902163
95.0,-665.0,1078.0,14:03:49.911576
83.0,-614.0,1051.0,14:03:49.922020
221.0,-657.0,697.0,14:03:49.931411
144.0,-611.0,854.0,14:03:49.941926
55.0,-481.0,1058.0,14:03:49.951388
165.0,-527.0,671.0,14:03:49.960788
-90.0,-533.0,917.0,14:03:49.971388
193.0,-574.0,935.0,14:03:49.980678
-31.0,-487.0,930.0,14:03:50.000330
6.0,-540.0,975.0,14:03:50.010920
215.0,-361.0,961.0,14:03:50.020254
93.0,-623.0,899.0,14:03:50.030714
180.0,-770.0,711.0,14:03:50.040172
81.0,-559.0,1036.0,14:03:50.049593
119.0,-532.0,918.0,14:03:50.060177
-40.0,-550.0,1045.0,14:03:50.069485
27.0,-452.0,754.0,14:03:50.079083
55.0,-508.0,577.0,14:03:50.089634
37.0,-536.0,1232.0,14:03:50.099112
-6.0,-542.0,1075.0,14:03:50.109672
-46.0,-288.0,491.0,14:03:50.119116
25.0,-256.0,833.0,14:03:50.128419
91.0,-607.0,1469.0,14:03:50.139056
26.0,-586.0,942.0,14:03:50.148370
-47.0,-375.0,606.0,14:03:50.164660
-180.0,-315.0,874.0,14:03:50.168449
117.0,-578.0,1093.0,14:03:50.177949
46.0,-520.0,624.0,14:03:50.188344
12.0,-499.0,889.0,14:03:50.197848
82.0,-550.0,976.0,14:03:50.207280
17.0,-422.0,752.0,14:03:50.217910
56.0,-476.0,932.0,14:03:50.227214
169.0,-873.0,1174.0,14:03:50.237810
72.0,-690.0,840.0,14:03:50.247128
140.0,-691.0,943.0,14:03:50.256596
-31.0,-530.0,924.0,14:03:50.267071
63.0,-599.0,1057.0,14:03:50.276537
-216.0,-470.0,695.0,14:03:50.287054
61.0,-410.0,531.0,14:03:50.296403
-217.0,-351.0,1076.0,14:03:50.305897
-82.0,-376.0,1503.0,14:03:50.316338
41.0,-493.0,709.0,14:03:50.325694
-169.0,-469.0,1039.0,14:03:50.336152
73.0,-624.0,1463.0,14:03:50.345551
175.0,-737.0,1044.0,14:03:50.355986
216.0,-481.0,581.0,14:03:50.365324
-105.0,-613.0,1222.0,14:03:50.374772
-15.0,-462.0,878.0,14:03:50.385388
4.0,-510.0,754.0,14:03:50.394570
-117.0,-300.0,787.0,14:03:50.405081
14.0,-472.0,565.0,14:03:50.414518
-184.0,-327.0,639.0,14:03:50.425059
45.0,-605.0,1131.0,14:03:50.434445
-38.0,-611.0,1057.0,14:03:50.443815
7.0,-565.0,892.0,14:03:50.454331
91.0,-716.0,1486.0,14:03:50.463782
205.0,-833.0,883.0,14:03:50.474249
134.0,-568.0,636.0,14:03:50.483580
107.0,-562.0,1088.0,14:03:50.494080
-6.0,-656.0,1050.0,14:03:50.503536
-30.0,-458.0,184.0,14:03:50.512977
19.0,-508.0,647.0,14:03:50.523584
-6.0,-650.0,1086.0,14:03:50.533091
-39.0,-619.0,929.0,14:03:50.542485
-45.0,-215.0,335.0,14:03:50.552975
-150.0,-337.0,1006.0,14:03:50.562420
-43.0,-789.0,1416.0,14:03:50.573017
97.0,-891.0,894.0,14:03:50.582401
233.0,-445.0,715.0,14:03:50.591871
-66.0,-404.0,1069.0,14:03:50.602353
120.0,-604.0,1016.0,14:03:50.611848
104.0,-514.0,908.0,14:03:50.621230
116.0,-162.0,673.0,14:03:50.631842
10.0,-204.0,810.0,14:03:50.641224
-221.0,-453.0,789.0,14:03:50.651776
109.0,-662.0,930.0,14:03:50.661046
136.0,-623.0,1048.0,14:03:50.671547
103.0,-435.0,701.0,14:03:50.680852
-14.0,-471.0,890.0,14:03:50.690277
-68.0,-675.0,1050.0,14:03:50.700738
117.0,-775.0,1123.0,14:03:50.710257
81.0,-553.0,924.0,14:03:50.720715
167.0,-583.0,1113.0,14:03:50.730212
34.0,-523.0,766.0,14:03:50.739483
-63.0,-578.0,887.0,14:03:50.750114
145.0,-555.0,809.0,14:03:50.759522
24.0,-608.0,837.0,14:03:50.770137
-111.0,-457.0,780.0,14:03:50.779368
