143.0,-416.0,567.0,14:04:15.709253
-35.0,-82.0,725.0,14:04:15.715185
5.0,-603.0,1388.0,14:04:15.725756
-108.0,-520.0,898.0,14:04:15.735070
198.0,-314.0,758.0,14:04:15.745516
-131.0,-390.0,1175.0,14:04:15.754768
-49.0,-556.0,1075.0,14:04:15.765283
91.0,-508.0,868.0,14:04:15.774726
-3.0,-482.0,819.0,14:04:15.784165
-122.0,-425.0,887.0,14:04:15.794701
-47.0,-589.0,1273.0,14:04:15.804093
-24.0,-478.0,1227.0,14:04:15.813558
97.0,-483.0,502.0,14:04:15.824110
118.0,-636.0,905.0,14:04:15.833476
-54.0,-719.0,1333.0,14:04:15.844050
279.0,-565.0,783.0,14:04:15.853483
60.0,-580.0,556.0,14:04:15.862815
105.0,-524.0,1100.0,14:04:15.873357
4.0,-447.0,1161.0,14:04:15.882728
6.0,-393.0,604.0,14:04:15.893154
97.0,-334.0,783.0,14:04:15.902551
8.0,-639.0,1135.0,14:04:15.912960
12.0,-628.0,904.0,14:04:15.922541
144.0,-411.0,819.0,14:04:15.931856
38.0,-504.0,1129.0,14:04:15.942517
62.0,-518.0,1029.0,14:04:15.951786
10.0,-676.0,647.0,14:04:15.961333
-132.0,-425.0,844.0,14:04:15.971830
178.0,-640.0,1230.0,14:04:15.981333
-150.0,-345.0,964.0,14:04:15.991871
106.0,-690.0,763.0,14:04:16.001368
-39.0,-586.0,437.0,14:04:16.010675
104.0,-314.0,781.0,14:04:16.021324
-116.0,-305.0,1201.0,14:04:16.030642
-20.0,-530.0,1062.0,14:04:16.040213
129.0,-552.0,769.0,14:04:16.050664
72.0,-549.0,839.0,14:04:16.060152
129.0,-571.0,1142.0,14:04:16.070590
-120.0,-494.0,1141.0,14:04:16.080040
75.0,-674.0,875.0,14:04:16.090549
128.0,-720.0,727.0,14:04:16.100089
194.0,-540.0,728.0,14:04:16.109387
20.0,-458.0,837.0,14:04:16.119883
-89.0,-289.0,1061.0,14:04:16.129178
-72.0,-461.0,933.0,14:04:16.139631
83.0,-550.0,611.0,14:04:16.149038
-13.0,-519.0,1069.0,14:04:16.159532
-15.0,-470.0,1054.0,14:04:16.168938
105.0,-471.0,802.0,14:04:16.188514
-76.0,-392.0,958.0,14:04:16.197939
-33.0,-579.0,1023.0,14:04:16.208476
82.0,-748.0,824.0,14:04:16.217869
88.0,-353.0,561.0,14:04:16.234981
-119.0,-601.0,1141.0,14:04:16.238824
1.0,-714.0,1119.0,14:04:16.248088
141.0,-540.0,755.0,14:04:16.257450
51.0,-456.0,861.0,14:04:16.267962
-49.0,-412.0,1107.0,14:04:16.277316
51.0,-642.0,889.0,14:04:16.286612
99.0,-586.0,757.0,14:04:16.297091
83.0,-440.0,968.0,14:04:16.306341
119.0,-513.0,1115.0,14:04:16.316908
41.0,-539.0,973.0,14:04:16.326193
43.0,-600.0,673.0,14:04:16.336704
4.0,-364.0,668.0,14:04:16.345977
99.0,-562.0,1183.0,14:04:16.356532
105.0,-555.0,1093.0,14:04:16.365903
128.0,-484.0,678.0,14:04:16.376414
-5.0,-402.0,802.0,14:04:16.385790
9.0,-435.0,1223.0,14:04:16.395250
200.0,-297.0,688.0,14:04:16.414831
3.0,-494.0,1033.0,14:04:16.425399
113.0,-525.0,1050.0,14:04:16.434906
-21.0,-464.0,884.0,14:04:16.445404
59.0,-466.0,896.0,14:04:16.454806
125.0,-607.0,982.0,14:04:16.464091
124.0,-563.0,728.0,14:04:16.474754
5.0,-485.0,1008.0,14:04:16.484046
56.0,-557.0,987.0,14:04:16.493512
5.0,-470.0,998.0,14:04:16.503924
-91.0,-624.0,1005.0,14:04:16.513294
89.0,-549.0,690.0,14:04:16.523718
163.0,-742.0,1108.0,14:04:16.533046
153.0,-566.0,1042.0,14:04:16.543589
83.0,-440.0,834.0,14:04:16.553024
11.0,-288.0,785.0,14:04:16.563585
52.0,-449.0,1013.0,14:04:16.572882
162.0,-519.0,994.0,14:04:16.582288
40.0,-406.0,897.0,14:04:16.592753
91.0,-559.0,1050.0,14:04:16.602051
-105.0,-472.0,938.0,14:04:16.612495
35.0,-348.0,870.0,14:04:16.621845
-105.0,-630.0,1000.0,14:04:16.636542
137.0,-584.0,915.0,14:04:16.641788
1.0,-552.0,613.0,14:04:16.652317
28.0,-384.0,747.0,14:04:16.661617
-52.0,-671.0,1161.0,14:04:16.671011
-36.0,-602.0,857.0,14:04:16.681510
182.0,-462.0,609.0,14:04:16.690807
-83.0,-525.0,995.0,14:04:16.701277
112.0,-535.0,1035.0,14:04:16.710647
5.0,-499.0,947.0,14:04:16.721268
59.0,-442.0,798.0,14:04:16.730645
111.0,-493.0,816.0,14:04:16.740093
28.0,-473.0,944.0,14:04:16.750638
180.0,-406.0,802.0,14:04:16.759912
-26.0,-476.0,618.0,14:04:16.770432
63.0,-309.0,948.0,14:04:16.779758
-185.0,-502.0,944.0,14:04:16.789193
145.0,-424.0,694.0,14:04:16.799669
-93.0,-585.0,1290.0,14:04:16.809109
-2.0,-645.0,1125.0,14:04:16.819520
158.0,-628.0,751.0,14:04:16.829001
62.0,-697.0,1372.0,14:04:16.839515
92.0,-821.0,1138.0,14:04:16.848994
48.0,-542.0,732.0,14:04:16.858294
-110.0,-395.0,945.0,14:04:16.869061
8.0,-627.0,882.0,14:04:16.878366
3.0,-437.0,712.0,14:04:16.887899
-51.0,-555.0,845.0,14:04:16.898362
-23.0,-603.0,920.0,14:04:16.907907
50.0,-536.0,950.0,14:04:16.918391
11.0,-521.0,862.0,14:04:16.927794
124.0,-451.0,739.0,14:04:16.937142
17.0,-339.0,1023.0,14:04:16.947608
-42.0,-225.0,1071.0,14:04:16.957063
47.0,-458.0,871.0,14:04:16.967564
175.0,-475.0,698.0,14:04:16.977018
42.0,-549.0,1014.0,14:04:16.986404
16.0,-437.0,913.0,14:04:16.996893
48.0,-612.0,1107.0,14:04:17.006258
28.0,-479.0,919.0,14:04:17.016729
212.0,-556.0,791.0,14:04:17.026089
-117.0,-459.0,817.0,14:04:17.036550
-70.0,-541.0,990.0,14:04:17.045946
33.0,-479.0,883.0,14:04:17.055335
102.0,-583.0,907.0,14:04:17.065846
9.0,-460.0,872.0,14:04:17.075209
133.0,-691.0,879.0,14:04:17.085672
158.0,-533.0,968.0,14:04:17.105351
-129.0,-416.0,811.0,14:04:17.114769
148.0,-572.0,1069.0,14:04:17.125174
-166.0,-534.0,953.0,14:04:17.134526
30.0,-589.0,942.0,14:04:17.144967
43.0,-422.0,1051.0,14:04:17.154287
56.0,-486.0,1015.0,14:04:17.164794
25.0,-373.0,896.0,14:04:17.174162
81.0,-384.0,1172.0,14:04:17.183590
149.0,-315.0,823.0,14:04:17.194116
-4.0,-309.0,726.0,14:04:17.203532
136.0,-448.0,1109.0,14:04:17.214049
-126.0,-417.0,1025.0,14:04:17.223511
195.0,-590.0,713.0,14:04:17.232972
-5.0,-457.0,998.0,14:04:17.243473
-124.0,-541.0,1156.0,14:04:17.252883
33.0,-559.0,718.0,14:04:17.263267
-55.0,-647.0,819.0,14:04:17.272647
123.0,-733.0,1031.0,14:04:17.283032
171.0,-600.0,664.0,14:04:17.292491
58.0,-423.0,894.0,14:04:17.301853
174.0,-342.0,929.0,14:04:17.312413
-95.0,-362.0,613.0,14:04:17.321775
-44.0,-533.0,883.0,14:04:17.331356
119.0,-534.0,959.0,14:04:17.341823
58.0,-429.0,1076.0,14:04:17.351308
128.0,-381.0,842.0,14:04:17.361797
15.0,-540.0,1020.0,14:04:17.371248
50.0,-569.0,978.0,14:04:17.380543
200.0,-579.0,1097.0,14:04:17.391124
119.0,-553.0,887.0,14:04:17.400563
27.0,-614.0,911.0,14:04:17.411130
98.0,-568.0,865.0,14:04:17.420452
1.0,-505.0,870.0,14:04:17.433099
-22.0,-189.0,532.0,14:04:17.440890
-51.0,-399.0,1004.0,14:04:17.450287
-130.0,-540.0,1371.0,14:04:17.459721
9.0,-405.0,693.0,14:04:17.470278
-1.0,-469.0,921.0,14:04:17.479565
164.0,-542.0,1215.0,14:04:17.489086
62.0,-473.0,895.0,14:04:17.499530
127.0,-259.0,764.0,14:04:17.508940
-28.0,-486.0,1114.0,14:04:17.519319
103.0,-586.0,832.0,14:04:17.528697
111.0,-539.0,581.0,14:04:17.539230
8.0,-514.0,979.0,14:04:17.548640
-27.0,-627.0,1167.0,14:04:17.557977
124.0,-703.0,738.0,14:04:17.568583
101.0,-526.0,725.0,14:04:17.577968
151.0,-587.0,819.0,14:04:17.588424
21.0,-535.0,996.0,14:04:17.597779
50.0,-530.0,662.0,14:04:17.608249
7.0,-439.0,737.0,14:04:17.617724
-22.0,-702.0,1007.0,14:04:17.627071
85.0,-506.0,686.0,14:04:17.637488
-59.0,-411.0,808.0,14:04:17.646949
-25.0,-331.0,1008.0,14:04:17.657378
34.0,-576.0,1223.0,14:04:17.666737
10.0,-578.0,866.0,14:04:17.677215
105.0,-341.0,421.0,14:04:17.686550
-148.0,-539.0,1158.0,14:04:17.696015
-69.0,-447.0,1276.0,14:04:17.706508
47.0,-393.0,895.0,14:04:17.715920
-64.0,-460.0,942.0,14:04:17.726523
149.0,-485.0,1042.0,14:04:17.735873
-48.0,-671.0,1028.0,14:04:17.745268
54.0,-461.0,1026.0,14:04:17.755921
31.0,-575.0,1113.0,14:04:17.765375
-85.0,-843.0,897.0,14:04:17.774838
147.0,-624.0,709.0,14:04:17.785229
-31.0,-628.0,744.0,14:04:17.794813
-46.0,-555.0,857.0,14:04:17.805233
-124.0,-437.0,1001.0,14:04:17.814686
-111.0,-445.0,1024.0,14:04:17.824015
-99.0,-549.0,892.0,14:04:17.840490
148.0,-470.0,719.0,14:04:17.844074
-168.0,-411.0,929.0,14:04:17.854646
316.0,-578.0,1012.0,14:04:17.864104
-75.0,-460.0,1016.0,14:04:17.873390
114.0,-493.0,1015.0,14:04:17.883957
64.0,-512.0,770.0,14:04:17.893192
-17.0,-329.0,971.0,14:04:17.903666
-1.0,-345.0,1127.0,14:04:17.912975
33.0,-456.0,810.0,14:04:17.923570
154.0,-415.0,717.0,14:04:17.932885
17.0,-556.0,968.0,14:04:17.942451
91.0,-509.0,1159.0,14:04:17.952879
-23.0,-472.0,766.0,14:04:17.962226
87.0,-374.0,844.0,14:04:17.972670
26.0,-485.0,1220.0,14:04:17.981936
67.0,-736.0,842.0,14:04:17.992491
237.0,-620.0,794.0,14:04:18.001798
-149.0,-600.0,897.0,14:04:18.012354
18.0,-629.0,995.0,14:04:18.021594
50.0,-576.0,807.0,14:04:18.032138
13.0,-474.0,526.0,14:04:18.041427
33.0,-302.0,827.0,14:04:18.050758
-137.0,-492.0,978.0,14:04:18.061307
128.0,-328.0,793.0,14:04:18.070706
-68.0,-400.0,1065.0,14:04:18.081273
60.0,-567.0,1328.0,14:04:18.090582
184.0,-404.0,718.0,14:04:18.101022
156.0,-458.0,1044.0,14:04:18.110396
-79.0,-645.0,1479.0,14:04:18.120831
84.0,-716.0,941.0,14:04:18.130295
-19.0,-633.0,753.0,14:04:18.139638
74.0,-646.0,888.0,14:04:18.150271
-20.0,-755.0,775.0,14:04:18.159595
-49.0,-650.0,792.0,14:04:18.169043
-66.0,-506.0,832.0,14:04:18.179565
-70.0,-658.0,838.0,14:04:18.189038
53.0,-370.0,965.0,14:04:18.199489
49.0,-414.0,880.0,14:04:18.208804
69.0,-412.0,755.0,14:04:18.219340
12.0,-527.0,1049.0,14:04:18.228810
74.0,-636.0,1056.0,14:04:18.238131
52.0,-468.0,671.0,14:04:18.248564
69.0,-539.0,1013.0,14:04:18.257974
61.0,-479.0,1083.0,14:04:18.268444
-5.0,-634.0,915.0,14:04:18.277894
248.0,-558.0,697.0,14:04:18.287248
65.0,-625.0,1033.0,14:04:18.297867
-96.0,-562.0,943.0,14:04:18.307241
134.0,-471.0,717.0,14:04:18.317869
7.0,-276.0,826.0,14:04:18.327224
-122.0,-436.0,1015.0,14:04:18.336639
-63.0,-600.0,703.0,14:04:18.347080
114.0,-586.0,730.0,14:04:18.356436
21.0,-548.0,1032.0,14:04:18.367014
115.0,-570.0,1190.0,14:04:18.376431
-144.0,-577.0,775.0,14:04:18.386967
135.0,-674.0,1010.0,14:04:18.396320
-33.0,-536.0,1033.0,14:04:18.405663
61.0,-686.0,757.0,14:04:18.416280
2.0,-378.0,530.0,14:04:18.425624
-102.0,-403.0,1210.0,14:04:18.436112
-149.0,-383.0,1108.0,14:04:18.445488
18.0,-313.0,588.0,14:04:18.454833
-52.0,-378.0,899.0,14:04:18.465275
53.0,-630.0,1218.0,14:04:18.474842
36.0,-553.0,1015.0,14:04:18.485498
0.0,-410.0,784.0,14:04:18.494814
137.0,-549.0,922.0,14:04:18.505225
162.0,-589.0,1146.0,14:04:18.514584
243.0,-390.0,726.0,14:04:18.523967
-81.0,-407.0,713.0,14:04:18.534496
24.0,-363.0,959.0,14:04:18.543940
66.0,-598.0,1015.0,14:04:18.554405
-32.0,-451.0,761.0,14:04:18.563790
106.0,-364.0,853.0,14:04:18.573074
-53.0,-481.0,1069.0,14:04:18.583773
16.0,-530.0,969.0,14:04:18.593128
19.0,-502.0,888.0,14:04:18.603635
95.0,-402.0,959.0,14:04:18.612949
119.0,-419.0,780.0,14:04:18.622366
-75.0,-349.0,1196.0,14:04:18.640631
64.0,-454.0,917.0,14:04:18.643413
83.0,-388.0,818.0,14:04:18.652829
99.0,-508.0,975.0,14:04:18.662191
58.0,-627.0,963.0,14:04:18.672719
127.0,-502.0,766.0,14:04:18.682203
-102.0,-527.0,1227.0,14:04:18.691563
32.0,-461.0,1046.0,14:04:18.702021
46.0,-585.0,687.0,14:04:18.711392
99.0,-623.0,1013.0,14:04:18.720911
82.0,-545.0,1225.0,14:04:18.731372
118.0,-482.0,659.0,14:04:18.740747
271.0,-588.0,780.0,14:04:18.751253
-26.0,-547.0,1134.0,14:04:18.760666
227.0,-502.0,703.0,14:04:18.771237
-21.0,-281.0,709.0,14:04:18.780649
19.0,-513.0,805.0,14:04:18.790053
-9.0,-580.0,1142.0,14:04:18.800553
184.0,-618.0,906.0,14:04:18.810021
-3.0,-516.0,737.0,14:04:18.820502
64.0,-495.0,958.0,14:04:18.829840
72.0,-487.0,864.0,14:04:18.839233
149.0,-484.0,810.0,14:04:18.849677
-48.0,-526.0,830.0,14:04:18.859061
130.0,-657.0,1084.0,14:04:18.869569
63.0,-585.0,1091.0,14:04:18.879124
-25.0,-538.0,771.0,14:04:18.889590
-66.0,-611.0,798.0,14:04:18.898974
101.0,-564.0,834.0,14:04:18.908363
-20.0,-474.0,855.0,14:04:18.918938
-121.0,-476.0,1030.0,14:04:18.928282
-37.0,-529.0,860.0,14:04:18.938952
144.0,-371.0,898.0,14:04:18.948367
88.0,-448.0,802.0,14:04:18.957820
228.0,-543.0,1057.0,14:04:18.968339
-66.0,-421.0,1043.0,14:04:18.977716
11.0,-468.0,1247.0,14:04:18.987178
40.0,-662.0,1086.0,14:04:18.997601
257.0,-668.0,666.0,14:04:19.007043
-55.0,-402.0,926.0,14:04:19.017544
68.0,-551.0,1051.0,14:04:19.027077
139.0,-490.0,858.0,14:04:19.039182
71.0,-444.0,633.0,14:04:19.047449
208.0,-507.0,907.0,14:04:19.056803
197.0,-511.0,933.0,14:04:19.066327
13.0,-505.0,1112.0,14:04:19.076818
-74.0,-430.0,866.0,14:04:19.086172
56.0,-492.0,964.0,14:04:19.095474
-18.0,-485.0,1175.0,14:04:19.106135
116.0,-360.0,860.0,14:04:19.115523
56.0,-594.0,760.0,14:04:19.126055
-49.0,-410.0,940.0,14:04:19.135364
-13.0,-571.0,1092.0,14:04:19.144878
15.0,-474.0,729.0,14:04:19.155290
4.0,-430.0,724.0,14:04:19.164678
44.0,-434.0,825.0,14:04:19.175151
10.0,-607.0,1300.0,14:04:19.184593
157.0,-548.0,739.0,14:04:19.193976
46.0,-365.0,601.0,14:04:19.204584
106.0,-450.0,894.0,14:04:19.213986
-47.0,-568.0,1112.0,14:04:19.224421
109.0,-316.0,809.0,14:04:19.233750
-35.0,-204.0,678.0,14:04:19.244194
13.0,-401.0,1108.0,14:04:19.253681
99.0,-688.0,1013.0,14:04:19.262991
133.0,-576.0,593.0,14:04:19.273674
162.0,-405.0,1021.0,14:04:19.283001
131.0,-557.0,1212.0,14:04:19.293622
-11.0,-521.0,974.0,14:04:19.302961
-57.0,-342.0,772.0,14:04:19.312386
-46.0,-389.0,816.0,14:04:19.322915
-56.0,-378.0,863.0,14:04:19.332426
-58.0,-471.0,960.0,14:04:19.341825
-185.0,-574.0,1244.0,14:04:19.352348
150.0,-593.0,968.0,14:04:19.361766
56.0,-404.0,743.0,14:04:19.372386
73.0,-477.0,1064.0,14:04:19.381721
53.0,-639.0,1115.0,14:04:19.391045
-43.0,-611.0,857.0,14:04:19.401584
184.0,-543.0,599.0,14:04:19.410875
96.0,-441.0,917.0,14:04:19.421433
150.0,-521.0,1413.0,14:04:19.430788
-39.0,-269.0,627.0,14:04:19.441486
12.0,-499.0,888.0,14:04:19.450791
148.0,-542.0,1179.0,14:04:19.460194
33.0,-648.0,854.0,14:04:19.470647
118.0,-555.0,626.0,14:04:19.480115
114.0,-496.0,1038.0,14:04:19.490591
-25.0,-664.0,1067.0,14:04:19.499996
98.0,-706.0,585.0,14:04:19.510479
73.0,-459.0,596.0,14:04:19.519870
80.0,-460.0,1025.0,14:04:19.529099
24.0,-416.0,735.0,14:04:19.539547
-11.0,-431.0,818.0,14:04:19.548932
30.0,-680.0,1088.0,14:04:19.559494
-30.0,-661.0,1014.0,14:04:19.568989
82.0,-540.0,993.0,14:04:19.578343
118.0,-460.0,976.0,14:04:19.589175
111.0,-475.0,732.0,14:04:19.598540
43.0,-522.0,624.0,14:04:19.607950
25.0,-457.0,893.0,14:04:19.618400
12.0,-630.0,984.0,14:04:19.627901
-8.0,-408.0,790.0,14:04:19.638386
-46.0,-490.0,1167.0,14:04:19.647962
225.0,-548.0,875.0,14:04:19.657289
-139.0,-441.0,781.0,14:04:19.668076
1.0,-701.0,1379.0,14:04:19.677401
-14.0,-554.0,1064.0,14:04:19.686821
51.0,-431.0,812.0,14:04:19.697292
107.0,-685.0,804.0,14:04:19.706755
-53.0,-624.0,1020.0,14:04:19.717302
-10.0,-416.0,857.0,14:04:19.726628
-12.0,-332.0,1136.0,14:04:19.736032
97.0,-415.0,931.0,14:04:19.746564
-33.0,-587.0,900.0,14:04:19.756013
148.0,-487.0,836.0,14:04:19.766493
-135.0,-678.0,1185.0,14:04:19.775982
190.0,-504.0,675.0,14:04:19.786381
-33.0,-163.0,818.0,14:04:19.795844
-4.0,-223.0,995.0,14:04:19.805241
131.0,-339.0,994.0,14:04:19.815874
73.0,-474.0,881.0,14:04:19.825128
-46.0,-380.0,604.0,14:04:19.843530
68.0,-498.0,904.0,14:04:19.844894
91.0,-436.0,1197.0,14:04:19.854345
208.0,-642.0,907.0,14:04:19.864937
189.0,-618.0,863.0,14:04:19.874194
105.0,-489.0,1009.0,14:04:19.884829
-11.0,-493.0,881.0,14:04:19.894146
-23.0,-408.0,1080.0,14:04:19.903701
23.0,-403.0,1149.0,14:04:19.914249
156.0,-602.0,836.0,14:04:19.923572
154.0,-491.0,846.0,14:04:19.934130
-182.0,-570.0,917.0,14:04:19.943527
195.0,-532.0,753.0,14:04:19.952966
15.0,-506.0,1048.0,14:04:19.963484
149.0,-548.0,901.0,14:04:19.972955
35.0,-410.0,579.0,14:04:19.992634
-48.0,-375.0,1213.0,14:04:20.003058
-131.0,-459.0,1263.0,14:04:20.012606
122.0,-655.0,870.0,14:04:20.021891
-77.0,-670.0,962.0,14:04:20.032518
44.0,-708.0,801.0,14:04:20.041989
-24.0,-633.0,993.0,14:04:20.051374
4.0,-414.0,1130.0,14:04:20.061840
105.0,-468.0,946.0,14:04:20.071373
-74.0,-530.0,694.0,14:04:20.081913
-53.0,-330.0,586.0,14:04:20.091339
-34.0,-581.0,1252.0,14:04:20.100683
-65.0,-549.0,935.0,14:04:20.111264
-24.0,-610.0,891.0,14:04:20.120709
84.0,-535.0,1086.0,14:04:20.131228
-55.0,-511.0,931.0,14:04:20.140594
-84.0,-543.0,927.0,14:04:20.151053
164.0,-747.0,902.0,14:04:20.160484
78.0,-629.0,980.0,14:04:20.169805
227.0,-482.0,754.0,14:04:20.180397
-15.0,-518.0,886.0,14:04:20.189701
26.0,-460.0,745.0,14:04:20.200320
71.0,-439.0,751.0,14:04:20.209614
112.0,-435.0,688.0,14:04:20.219016
83.0,-503.0,970.0,14:04:20.229512
53.0,-401.0,767.0,14:04:20.246874
-78.0,-531.0,1012.0,14:04:20.250685
140.0,-504.0,904.0,14:04:20.258980
45.0,-453.0,920.0,14:04:20.268288
121.0,-399.0,814.0,14:04:20.278942
41.0,-565.0,1067.0,14:04:20.288201
81.0,-590.0,881.0,14:04:20.298687
27.0,-517.0,653.0,14:04:20.307967
81.0,-722.0,1303.0,14:04:20.318495
110.0,-595.0,936.0,14:04:20.327866
43.0,-502.0,501.0,14:04:20.337340
51.0,-637.0,1050.0,14:04:20.347863
-37.0,-513.0,1210.0,14:04:20.357273
135.0,-278.0,728.0,14:04:20.367812
-82.0,-385.0,1109.0,14:04:20.377274
-20.0,-599.0,1073.0,14:04:20.386590
194.0,-524.0,604.0,14:04:20.397162
-87.0,-456.0,998.0,14:04:20.406509
113.0,-528.0,964.0,14:04:20.417055
9.0,-285.0,686.0,14:04:20.426339
-76.0,-674.0,1495.0,14:04:20.435854
78.0,-644.0,899.0,14:04:20.446352
-23.0,-229.0,550.0,14:04:20.455735
-7.0,-518.0,1073.0,14:04:20.466350
46.0,-737.0,1355.0,14:04:20.475843
27.0,-454.0,712.0,14:04:20.485261
146.0,-409.0,578.0,14:04:20.495935
-129.0,-508.0,1133.0,14:04:20.505433
35.0,-678.0,1084.0,14:04:20.514728
-66.0,-497.0,751.0,14:04:20.525307
-81.0,-457.0,923.0,14:04:20.534703
158.0,-528.0,868.0,14:04:20.544195
-44.0,-379.0,882.0,14:04:20.554882
-86.0,-441.0,776.0,14:04:20.564388
25.0,-425.0,770.0,14:04:20.574835
-44.0,-407.0,861.0,14:04:20.584238
15.0,-399.0,615.0,14:04:20.593631
-6.0,-689.0,1166.0,14:04:20.604055
100.0,-495.0,1083.0,14:04:20.613401
156.0,-548.0,760.0,14:04:20.623923
194.0,-563.0,944.0,14:04:20.633270
45.0,-589.0,1062.0,14:04:20.643748
118.0,-619.0,801.0,14:04:20.653275
147.0,-558.0,802.0,14:04:20.662584
-175.0,-248.0,825.0,14:04:20.673050
102.0,-282.0,947.0,14:04:20.682394
-168.0,-294.0,1134.0,14:04:20.692918
-3.0,-431.0,840.0,14:04:20.702356
39.0,-420.0,669.0,14:04:20.712844
-41.0,-602.0,1296.0,14:04:20.722262
212.0,-694.0,1218.0,14:04:20.731603
86.0,-658.0,1061.0,14:04:20.741993
12.0,-445.0,855.0,14:04:20.751395
-144.0,-595.0,876.0,14:04:20.761799
48.0,-586.0,916.0,14:04:20.771368
-18.0,-702.0,766.0,14:04:20.780756
45.0,-543.0,968.0,14:04:20.791292
44.0,-655.0,824.0,14:04:20.800649
-49.0,-457.0,769.0,14:04:20.811246
83.0,-405.0,1058.0,14:04:20.820672
-100.0,-629.0,928.0,14:04:20.831149
280.0,-481.0,671.0,14:04:20.840528
89.0,-502.0,1126.0,14:04:20.849795
122.0,-494.0,863.0,14:04:20.860325
132.0,-357.0,813.0,14:04:20.869592
-126.0,-337.0,747.0,14:04:20.880273
-3.0,-343.0,745.0,14:04:20.889571
-191.0,-580.0,1042.0,14:04:20.899025
57.0,-652.0,1153.0,14:04:20.909561
-83.0,-618.0,682.0,14:04:20.919127
210.0,-752.0,481.0,14:04:20.929684
-132.0,-734.0,1336.0,14:04:20.939164
21.0,-808.0,1251.0,14:04:20.948532
157.0,-287.0,483.0,14:04:20.959053
-143.0,-330.0,524.0,14:04:20.968474
51.0,-545.0,898.0,14:04:20.977951
-80.0,-447.0,1306.0,14:04:20.988458
31.0,-179.0,776.0,14:04:20.997950
27.0,-420.0,922.0,14:04:21.008427
-10.0,-696.0,1125.0,14:04:21.017819
251.0,-634.0,1067.0,14:04:21.027259
181.0,-558.0,850.0,14:04:21.045795
-57.0,-487.0,1424.0,14:04:21.047188
180.0,-420.0,1007.0,14:04:21.057297
148.0,-512.0,706.0,14:04:21.066601
25.0,-726.0,894.0,14:04:21.077254
189.0,-650.0,833.0,14:04:21.086533
35.0,-269.0,813.0,14:04:21.097063
-4.0,-368.0,996.0,14:04:21.106476
-98.0,-366.0,796.0,14:04:21.115984
83.0,-662.0,899.0,14:04:21.126426
96.0,-571.0,838.0,14:04:21.135804
-72.0,-344.0,932.0,14:04:21.146283
-54.0,-501.0,1158.0,14:04:21.155692
60.0,-621.0,714.0,14:04:21.166137
160.0,-415.0,563.0,14:04:21.175543
-81.0,-387.0,923.0,14:04:21.184966
1.0,-563.0,1262.0,14:04:21.195388
-179.0,-408.0,683.0,14:04:21.204819
64.0,-590.0,838.0,14:04:21.215221
224.0,-627.0,809.0,14:04:21.224809
-93.0,-411.0,1059.0,14:04:21.234134
-47.0,-407.0,1045.0,14:04:21.244748
-82.0,-510.0,915.0,14:04:21.254059
51.0,-489.0,889.0,14:04:21.264710
207.0,-600.0,1164.0,14:04:21.274067
-40.0,-708.0,1072.0,14:04:21.283503
109.0,-341.0,620.0,14:04:21.293956
-72.0,-554.0,1346.0,14:04:21.303519
186.0,-824.0,1086.0,14:04:21.313926
50.0,-637.0,726.0,14:04:21.323347
51.0,-337.0,673.0,14:04:21.332715
-156.0,-475.0,1172.0,14:04:21.343215
-5.0,-430.0,729.0,14:04:21.353612
134.0,-623.0,681.0,14:04:21.363002
72.0,-421.0,759.0,14:04:21.372496
-152.0,-307.0,1000.0,14:04:21.381905
-8.0,-615.0,1300.0,14:04:21.392598
-87.0,-382.0,560.0,14:04:21.401951
-27.0,-298.0,632.0,14:04:21.412588
114.0,-544.0,1354.0,14:04:21.421922
-14.0,-739.0,1224.0,14:04:21.431347
114.0,-382.0,95.0,14:04:21.444273
30.0,-295.0,1138.0,14:04:21.451293
-1.0,-816.0,1617.0,14:04:21.461617
-43.0,-514.0,295.0,14:04:21.470901
69.0,-452.0,482.0,14:04:21.481401
118.0,-645.0,1691.0,14:04:21.490699
127.0,-706.0,963.0,14:04:21.501297
72.0,-546.0,328.0,14:04:21.510629
-108.0,-702.0,1336.0,14:04:21.519962
93.0,-756.0,1220.0,14:04:21.530612
190.0,-502.0,285.0,14:04:21.540071
13.0,-347.0,544.0,14:04:21.550586
-185.0,-451.0,1347.0,14:04:21.559960
136.0,-542.0,949.0,14:04:21.569352
-89.0,-343.0,428.0,14:04:21.579779
211.0,-536.0,1023.0,14:04:21.589268
198.0,-599.0,1046.0,14:04:21.599772
-164.0,-561.0,1166.0,14:04:21.609220
-3.0,-555.0,785.0,14:04:21.618498
183.0,-741.0,696.0,14:04:21.629121
-104.0,-406.0,1033.0,14:04:21.638369
180.0,-490.0,966.0,14:04:21.649014
-45.0,-271.0,563.0,14:04:21.658423
-128.0,-404.0,1105.0,14:04:21.667869
34.0,-501.0,872.0,14:04:21.678339
258.0,-574.0,809.0,14:04:21.687860
64.0,-348.0,1065.0,14:04:21.698346
89.0,-373.0,931.0,14:04:21.707802
-52.0,-605.0,1238.0,14:04:21.717150
131.0,-519.0,881.0,14:04:21.727843
51.0,-504.0,675.0,14:04:21.737162
-13.0,-241.0,1329.0,14:04:21.747876
211.0,-650.0,1105.0,14:04:21.757326
267.0,-606.0,461.0,14:04:21.766660
159.0,-634.0,816.0,14:04:21.777118
28.0,-352.0,1296.0,14:04:21.786413
148.0,-312.0,829.0,14:04:21.795949
50.0,-560.0,947.0,14:04:21.806340
63.0,-366.0,955.0,14:04:21.815865
-21.0,-679.0,880.0,14:04:21.826349
78.0,-624.0,898.0,14:04:21.835922
-90.0,-525.0,1324.0,14:04:21.845278
141.0,-396.0,673.0,14:04:21.855853
101.0,-461.0,678.0,14:04:21.865277
-13.0,-371.0,1113.0,14:04:21.874703
-78.0,-452.0,1064.0,14:04:21.885197
179.0,-411.0,491.0,14:04:21.894676
-63.0,-524.0,447.0,14:04:21.905193
91.0,-642.0,1181.0,14:04:21.914591
-238.0,-623.0,1362.0,14:04:21.925086
-59.0,-487.0,835.0,14:04:21.934350
147.0,-309.0,1054.0,14:04:21.943814
94.0,-584.0,1199.0,14:04:21.954238
58.0,-727.0,695.0,14:04:21.963704
133.0,-630.0,1013.0,14:04:21.974184
3.0,-604.0,1418.0,14:04:21.983663
-28.0,-392.0,727.0,14:04:21.994057
72.0,-530.0,675.0,14:04:22.003418
-145.0,-533.0,771.0,14:04:22.012773
111.0,-299.0,627.0,14:04:22.023344
-91.0,-244.0,983.0,14:04:22.032624
-63.0,-434.0,1048.0,14:04:22.043226
184.0,-472.0,974.0,14:04:22.052643
42.0,-450.0,1032.0,14:04:22.062137
138.0,-590.0,1093.0,14:04:22.072629
-56.0,-514.0,1041.0,14:04:22.081884
49.0,-399.0,650.0,14:04:22.092616
150.0,-438.0,821.0,14:04:22.101964
100.0,-575.0,1060.0,14:04:22.111460
69.0,-438.0,754.0,14:04:22.121937
-47.0,-327.0,978.0,14:04:22.131374
-16.0,-715.0,1229.0,14:04:22.141791
99.0,-601.0,1034.0,14:04:22.151209
11.0,-604.0,883.0,14:04:22.160621
-56.0,-348.0,857.0,14:04:22.171263
-175.0,-595.0,984.0,14:04:22.180567
190.0,-685.0,1064.0,14:04:22.190998
126.0,-563.0,562.0,14:04:22.200365
165.0,-330.0,673.0,14:04:22.210832
94.0,-519.0,1144.0,14:04:22.220317
37.0,-674.0,928.0,14:04:22.229570
4.0,-358.0,725.0,14:04:22.240189
26.0,-325.0,599.0,14:04:22.251938
-17.0,-506.0,845.0,14:04:22.259133
97.0,-891.0,1320.0,14:04:22.269789
110.0,-641.0,638.0,14:04:22.279187
257.0,-443.0,854.0,14:04:22.289765
9.0,-496.0,1458.0,14:04:22.299126
-55.0,-335.0,1022.0,14:04:22.308555
34.0,-411.0,524.0,14:04:22.319110
109.0,-400.0,698.0,14:04:22.328473
-5.0,-621.0,1135.0,14:04:22.339001
-58.0,-537.0,964.0,14:04:22.348303
59.0,-519.0,776.0,14:04:22.357913
41.0,-654.0,914.0,14:04:22.377549
101.0,-764.0,724.0,14:04:22.388042
62.0,-436.0,867.0,14:04:22.397430
19.0,-492.0,1229.0,14:04:22.407979
-14.0,-255.0,744.0,14:04:22.417367
-7.0,-601.0,1135.0,14:04:22.426781
187.0,-450.0,701.0,14:04:22.437350
81.0,-454.0,821.0,14:04:22.446641
191.0,-644.0,906.0,14:04:22.457067
22.0,-607.0,952.0,14:04:22.466499
-64.0,-484.0,712.0,14:04:22.475884
91.0,-449.0,1001.0,14:04:22.486439
-206.0,-354.0,1213.0,14:04:22.495796
-14.0,-542.0,680.0,14:04:22.506367
10.0,-361.0,417.0,14:04:22.515803
-182.0,-653.0,1210.0,14:04:22.525182
84.0,-758.0,1402.0,14:04:22.535772
68.0,-489.0,656.0,14:04:22.545129
37.0,-401.0,799.0,14:04:22.555572
-85.0,-900.0,1154.0,14:04:22.564857
104.0,-720.0,668.0,14:04:22.575378
-150.0,-327.0,811.0,14:04:22.584889
24.0,-477.0,1142.0,14:04:22.594315
169.0,-571.0,451.0,14:04:22.615020
54.0,-420.0,1339.0,14:04:22.624455
39.0,-262.0,1088.0,14:04:22.633814
255.0,-363.0,950.0,14:04:22.651337
-9.0,-283.0,1079.0,14:04:22.654640
206.0,-398.0,655.0,14:04:22.664096
93.0,-452.0,767.0,14:04:22.673424
114.0,-433.0,988.0,14:04:22.683901
-105.0,-329.0,815.0,14:04:22.693267
0.0,-398.0,806.0,14:04:22.702718
20.0,-719.0,1069.0,14:04:22.713116
257.0,-546.0,1155.0,14:04:22.722577
-142.0,-353.0,814.0,14:04:22.733099
9.0,-533.0,1184.0,14:04:22.742639
114.0,-897.0,1448.0,14:04:22.751925
189.0,-887.0,552.0,14:04:22.762444
-16.0,-510.0,612.0,14:04:22.771795
-91.0,-435.0,1051.0,14:04:22.782441
-25.0,-509.0,976.0,14:04:22.791803
-45.0,-221.0,238.0,14:04:22.801270
-15.0,-395.0,533.0,14:04:22.811768
36.0,-424.0,1325.0,14:04:22.821324
-40.0,-357.0,1147.0,14:04:22.831780
137.0,-303.0,629.0,14:04:22.841180
-15.0,-375.0,1174.0,14:04:22.850659
243.0,-593.0,1140.0,14:04:22.861254
218.0,-499.0,629.0,14:04:22.870594
58.0,-582.0,1171.0,14:04:22.881041
-17.0,-547.0,1484.0,14:04:22.890449
140.0,-582.0,654.0,14:04:22.899820
94.0,-537.0,710.0,14:04:22.910319
102.0,-503.0,892.0,14:04:22.919725
124.0,-612.0,852.0,14:04:22.930258
198.0,-511.0,530.0,14:04:22.939527
-48.0,-623.0,778.0,14:04:22.949028
-40.0,-591.0,1019.0,14:04:22.959452
140.0,-423.0,945.0,14:04:22.969076
-54.0,-477.0,1114.0,14:04:22.979527
-51.0,-422.0,820.0,14:04:22.988898
203.0,-585.0,745.0,14:04:22.998316
-144.0,-452.0,992.0,14:04:23.008972
94.0,-685.0,1259.0,14:04:23.018284
90.0,-679.0,756.0,14:04:23.028707
57.0,-532.0,854.0,14:04:23.038070
-138.0,-500.0,676.0,14:04:23.048567
114.0,-715.0,692.0,14:04:23.057958
-84.0,-377.0,588.0,14:04:23.067372
-24.0,-312.0,920.0,14:04:23.077969
-120.0,-448.0,1284.0,14:04:23.087317
6.0,-406.0,898.0,14:04:23.097859
-95.0,-159.0,689.0,14:04:23.107098
35.0,-647.0,1183.0,14:04:23.116577
154.0,-579.0,1020.0,14:04:23.127132
58.0,-515.0,846.0,14:04:23.136439
79.0,-269.0,871.0,14:04:23.146953
-38.0,-711.0,1318.0,14:04:23.156322
107.0,-835.0,989.0,14:04:23.166941
104.0,-611.0,539.0,14:04:23.176370
-76.0,-357.0,944.0,14:04:23.185754
175.0,-766.0,1070.0,14:04:23.196464
-25.0,-563.0,1037.0,14:04:23.205836
-2.0,-193.0,584.0,14:04:23.215304
-28.0,-452.0,764.0,14:04:23.225830
9.0,-462.0,1047.0,14:04:23.235314
213.0,-372.0,840.0,14:04:23.244735
-160.0,-386.0,921.0,14:04:23.255226
288.0,-462.0,1360.0,14:04:23.264685
-80.0,-530.0,1020.0,14:04:23.275194
62.0,-538.0,744.0,14:04:23.284709
201.0,-765.0,1093.0,14:04:23.294040
71.0,-679.0,1192.0,14:04:23.304548
233.0,-432.0,665.0,14:04:23.314219
27.0,-519.0,632.0,14:04:23.323598
35.0,-606.0,1311.0,14:04:23.334057
-44.0,-408.0,915.0,14:04:23.343380
-46.0,-478.0,628.0,14:04:23.353879
75.0,-390.0,821.0,14:04:23.363284
-76.0,-385.0,772.0,14:04:23.373733
2.0,-397.0,848.0,14:04:23.383175
-21.0,-594.0,1313.0,14:04:23.392560
222.0,-380.0,658.0,14:04:23.403010
184.0,-562.0,782.0,14:04:23.412364
45.0,-683.0,1252.0,14:04:23.422904
125.0,-645.0,939.0,14:04:23.432471
-46.0,-206.0,888.0,14:04:23.441806
-71.0,-268.0,940.0,14:04:23.452612
-125.0,-594.0,967.0,14:04:23.462132
8.0,-603.0,804.0,14:04:23.471585
285.0,-533.0,681.0,14:04:23.482043
40.0,-371.0,986.0,14:04:23.491413
-107.0,-403.0,1134.0,14:04:23.501880
87.0,-606.0,397.0,14:04:23.511381
6.0,-500.0,940.0,14:04:23.520745
-82.0,-483.0,1334.0,14:04:23.531295
-40.0,-423.0,1055.0,14:04:23.540600
-161.0,-325.0,1091.0,14:04:23.550166
67.0,-819.0,886.0,14:04:23.560646
215.0,-616.0,772.0,14:04:23.570049
204.0,-567.0,1056.0,14:04:23.580542
134.0,-626.0,944.0,14:04:23.589981
107.0,-293.0,821.0,14:04:23.600391
-16.0,-574.0,846.0,14:04:23.609722
82.0,-549.0,687.0,14:04:23.620333
10.0,-396.0,834.0,14:04:23.629707
-11.0,-435.0,1144.0,14:04:23.639080
59.0,-605.0,864.0,14:04:23.649690
-76.0,-458.0,518.0,14:04:23.659119
110.0,-649.0,917.0,14:04:23.668510
41.0,-441.0,1029.0,14:04:23.679080
-10.0,-510.0,762.0,14:04:23.688460
56.0,-472.0,1032.0,14:04:23.699099
-62.0,-489.0,1202.0,14:04:23.708383
-5.0,-507.0,1094.0,14:04:23.717865
76.0,-526.0,997.0,14:04:23.728315
-70.0,-721.0,802.0,14:04:23.737819
108.0,-751.0,716.0,14:04:23.748234
80.0,-547.0,966.0,14:04:23.757618
198.0,-452.0,644.0,14:04:23.767114
-164.0,-548.0,925.0,14:04:23.777786
103.0,-444.0,710.0,14:04:23.787236
34.0,-393.0,696.0,14:04:23.796658
-6.0,-397.0,1331.0,14:04:23.807078
-79.0,-500.0,1308.0,14:04:23.816496
0.0,-480.0,970.0,14:04:23.827081
72.0,-865.0,902.0,14:04:23.836509
221.0,-574.0,686.0,14:04:23.854259
27.0,-541.0,1098.0,14:04:23.858093
82.0,-758.0,1041.0,14:04:23.866422
246.0,-440.0,503.0,14:04:23.875789
-77.0,-409.0,645.0,14:04:23.886223
-35.0,-370.0,733.0,14:04:23.895560
-95.0,-365.0,944.0,14:04:23.906041
6.0,-386.0,1421.0,14:04:23.915328
-23.0,-504.0,1196.0,14:04:23.924704
8.0,-581.0,885.0,14:04:23.935203
102.0,-605.0,862.0,14:04:23.944610
68.0,-597.0,1089.0,14:04:23.955187
63.0,-594.0,1207.0,14:04:23.964600
95.0,-610.0,957.0,14:04:23.973975
19.0,-371.0,545.0,14:04:23.984537
-36.0,-367.0,604.0,14:04:23.993879
-22.0,-408.0,836.0,14:04:24.004414
-89.0,-675.0,1085.0,14:04:24.013828
132.0,-453.0,661.0,14:04:24.024291
-66.0,-483.0,828.0,14:04:24.033643
-169.0,-687.0,1209.0,14:04:24.042951
96.0,-483.0,973.0,14:04:24.053671
51.0,-311.0,709.0,14:04:24.062956
75.0,-276.0,990.0,14:04:24.073567
-74.0,-353.0,1135.0,14:04:24.082937
160.0,-510.0,908.0,14:04:24.092464
38.0,-267.0,691.0,14:04:24.103002
7.0,-567.0,1117.0,14:04:24.112522
-80.0,-717.0,1260.0,14:04:24.121913
212.0,-665.0,919.0,14:04:24.132493
130.0,-507.0,762.0,14:04:24.141803
55.0,-465.0,952.0,14:04:24.152361
-20.0,-586.0,1227.0,14:04:24.161686
121.0,-536.0,647.0,14:04:24.171285
-65.0,-334.0,886.0,14:04:24.181769
-3.0,-394.0,1004.0,14:04:24.191179
80.0,-369.0,898.0,14:04:24.201682
-96.0,-524.0,793.0,14:04:24.211035
89.0,-476.0,946.0,14:04:24.220449
197.0,-483.0,912.0,14:04:24.230897
0.0,-522.0,1099.0,14:04:24.240382
77.0,-673.0,986.0,14:04:24.250803
39.0,-734.0,608.0,14:04:24.260199
161.0,-459.0,731.0,14:04:24.270666
22.0,-418.0,966.0,14:04:24.280138
-213.0,-285.0,931.0,14:04:24.289421
111.0,-327.0,785.0,14:04:24.300143
-112.0,-344.0,648.0,14:04:24.309421
152.0,-516.0,1145.0,14:04:24.319931
111.0,-698.0,1086.0,14:04:24.329226
117.0,-497.0,664.0,14:04:24.338618
152.0,-517.0,894.0,14:04:24.349113
51.0,-766.0,1140.0,14:04:24.358544
194.0,-763.0,914.0,14:04:24.369065
-40.0,-359.0,662.0,14:04:24.378408
-118.0,-458.0,797.0,14:04:24.388949
98.0,-839.0,1338.0,14:04:24.398439
156.0,-573.0,692.0,14:04:24.407861
-46.0,-141.0,559.0,14:04:24.418316
-8.0,-503.0,1199.0,14:04:24.427769
93.0,-867.0,1025.0,14:04:24.438279
91.0,-727.0,526.0,14:04:24.447772
-108.0,-450.0,886.0,14:04:24.457071
-13.0,-419.0,1139.0,14:04:24.467621
175.0,-429.0,846.0,14:04:24.477090
10.0,-623.0,1230.0,14:04:24.487574
50.0,-419.0,611.0,14:04:24.496982
-71.0,-194.0,835.0,14:04:24.506366
-92.0,-407.0,1400.0,14:04:24.517041
194.0,-704.0,1059.0,14:04:24.526434
214.0,-498.0,489.0,14:04:24.535878
-176.0,-463.0,1049.0,14:04:24.546545
139.0,-401.0,1143.0,14:04:24.555931
-14.0,-567.0,933.0,14:04:24.565418
224.0,-590.0,621.0,14:04:24.575859
-50.0,-428.0,872.0,14:04:24.585281
-8.0,-535.0,1119.0,14:04:24.595864
187.0,-436.0,856.0,14:04:24.605218
-129.0,-448.0,748.0,14:04:24.614655
49.0,-388.0,559.0,14:04:24.625229
-61.0,-656.0,1100.0,14:04:24.634631
-5.0,-471.0,968.0,14:04:24.645138
25.0,-555.0,945.0,14:04:24.656040
21.0,-458.0,737.0,14:04:24.664294
50.0,-545.0,806.0,14:04:24.673682
54.0,-582.0,954.0,14:04:24.684091
73.0,-578.0,1085.0,14:04:24.693459
119.0,-503.0,851.0,14:04:24.703991
98.0,-677.0,714.0,14:04:24.713628
195.0,-325.0,1021.0,14:04:24.723008
-74.0,-416.0,1153.0,14:04:24.733554
112.0,-536.0,697.0,14:04:24.742949
47.0,-364.0,906.0,14:04:24.753462
-168.0,-312.0,1348.0,14:04:24.762820
10.0,-572.0,669.0,14:04:24.773277
224.0,-309.0,908.0,14:04:24.782658
61.0,-549.0,1346.0,14:04:24.792016
-18.0,-586.0,944.0,14:04:24.802632
15.0,-568.0,847.0,14:04:24.811921
16.0,-341.0,858.0,14:04:24.822560
-77.0,-376.0,840.0,14:04:24.831824
103.0,-474.0,1014.0,14:04:24.841283
-6.0,-331.0,1079.0,14:04:24.851820
-23.0,-590.0,748.0,14:04:24.861311
15.0,-524.0,980.0,14:04:24.871757
-197.0,-624.0,1317.0,14:04:24.881125
137.0,-757.0,779.0,14:04:24.891550
223.0,-479.0,764.0,14:04:24.901037
-55.0,-595.0,1243.0,14:04:24.910373
106.0,-412.0,832.0,14:04:24.920841
72.0,-498.0,487.0,14:04:24.930229
62.0,-460.0,700.0,14:04:24.940771
195.0,-925.0,1145.0,14:04:24.950287
143.0,-503.0,757.0,14:04:24.959603
-68.0,-332.0,949.0,14:04:24.970181
-217.0,-319.0,966.0,14:04:24.979600
63.0,-446.0,535.0,14:04:24.990144
144.0,-570.0,670.0,14:04:24.999506
-17.0,-466.0,1227.0,14:04:25.009058
37.0,-604.0,1326.0,14:04:25.019599
-71.0,-504.0,623.0,14:04:25.029036
108.0,-625.0,877.0,14:04:25.039451
-84.0,-755.0,1151.0,14:04:25.057169
87.0,-526.0,848.0,14:04:25.059951
-39.0,-463.0,878.0,14:04:25.068160
62.0,-595.0,1020.0,14:04:25.078663
-76.0,-453.0,847.0,14:04:25.088111
42.0,-355.0,846.0,14:04:25.097526
127.0,-551.0,873.0,14:04:25.108124
303.0,-440.0,1012.0,14:04:25.117551
-69.0,-295.0,1038.0,14:04:25.128063
72.0,-684.0,691.0,14:04:25.137476
299.0,-318.0,674.0,14:04:25.146916
147.0,-238.0,1005.0,14:04:25.157437
146.0,-478.0,1167.0,14:04:25.166844
34.0,-460.0,884.0,14:04:25.177333
97.0,-496.0,789.0,14:04:25.186671
-21.0,-776.0,1035.0,14:04:25.195988
0.0,-669.0,1047.0,14:04:25.206455
196.0,-557.0,859.0,14:04:25.215956
-199.0,-476.0,917.0,14:04:25.226375
15.0,-472.0,1023.0,14:04:25.235840
131.0,-437.0,737.0,14:04:25.246350
126.0,-509.0,732.0,14:04:25.255754
39.0,-426.0,701.0,14:04:25.265011
-110.0,-402.0,1071.0,14:04:25.275416
-12.0,-649.0,1457.0,14:04:25.284809
91.0,-592.0,624.0,14:04:25.295260
-12.0,-425.0,972.0,14:04:25.304722
68.0,-879.0,1331.0,14:04:25.316794
171.0,-534.0,886.0,14:04:25.326832
-45.0,-442.0,1145.0,14:04:25.337891
102.0,-671.0,937.0,14:04:25.345354
-67.0,-532.0,421.0,14:04:25.356456
181.0,-439.0,668.0,14:04:25.363845
53.0,-428.0,1231.0,14:04:25.374281
-50.0,-366.0,876.0,14:04:25.383628
-223.0,-239.0,661.0,14:04:25.394058
-125.0,-264.0,893.0,14:04:25.403658
255.0,-462.0,996.0,14:04:25.413013
10.0,-491.0,834.0,14:04:25.423598
63.0,-376.0,1130.0,14:04:25.432977
115.0,-331.0,973.0,14:04:25.442474
132.0,-586.0,1024.0,14:04:25.452976
91.0,-596.0,783.0,14:04:25.462486
10.0,-546.0,771.0,14:04:25.472990
-22.0,-670.0,1203.0,14:04:25.482469
-92.0,-565.0,1204.0,14:04:25.491792
157.0,-569.0,635.0,14:04:25.502513
-54.0,-817.0,693.0,14:04:25.511833
84.0,-791.0,1158.0,14:04:25.521397
133.0,-392.0,1059.0,14:04:25.531791
32.0,-243.0,793.0,14:04:25.541257
16.0,-266.0,815.0,14:04:25.551649
-49.0,-361.0,570.0,14:04:25.561028
232.0,-399.0,598.0,14:04:25.571528
-235.0,-454.0,1631.0,14:04:25.580953
-82.0,-632.0,1261.0,14:04:25.590328
156.0,-640.0,275.0,14:04:25.600913
163.0,-736.0,1053.0,14:04:25.610227
-96.0,-785.0,1401.0,14:04:25.620712
147.0,-728.0,586.0,14:04:25.630145
-173.0,-223.0,767.0,14:04:25.639548
-66.0,-594.0,1139.0,14:04:25.650138
38.0,-477.0,689.0,14:04:25.659481
-22.0,-215.0,742.0,14:04:25.671705
-80.0,-565.0,791.0,14:04:25.679226
116.0,-640.0,1191.0,14:04:25.689802
165.0,-477.0,853.0,14:04:25.699385
131.0,-426.0,761.0,14:04:25.708746
78.0,-496.0,1102.0,14:04:25.719462
235.0,-596.0,1176.0,14:04:25.728931
-129.0,-525.0,586.0,14:04:25.738646
32.0,-416.0,791.0,14:04:25.748072
67.0,-483.0,861.0,14:04:25.758672
-33.0,-430.0,864.0,14:04:25.767986
177.0,-599.0,1195.0,14:04:25.778497
173.0,-488.0,773.0,14:04:25.787866
245.0,-367.0,614.0,14:04:25.797232
-106.0,-629.0,1159.0,14:04:25.807861
6.0,-727.0,1094.0,14:04:25.817268
211.0,-571.0,656.0,14:04:25.827784
-60.0,-296.0,789.0,14:04:25.837240
-59.0,-531.0,1389.0,14:04:25.846556
41.0,-884.0,897.0,14:04:25.859107
183.0,-670.0,715.0,14:04:25.866263
-112.0,-116.0,979.0,14:04:25.876680
87.0,-692.0,1155.0,14:04:25.886190
118.0,-698.0,848.0,14:04:25.896675
35.0,-556.0,851.0,14:04:25.906178
52.0,-610.0,743.0,14:04:25.915459
-19.0,-458.0,997.0,14:04:25.925987
106.0,-330.0,1209.0,14:04:25.935285
-13.0,-355.0,826.0,14:04:25.945984
-57.0,-320.0,632.0,14:04:25.955277
15.0,-394.0,813.0,14:04:25.964838
65.0,-383.0,995.0,14:04:25.975255
-5.0,-359.0,965.0,14:04:25.984807
-47.0,-376.0,1093.0,14:04:25.995275
19.0,-519.0,959.0,14:04:26.004755
79.0,-502.0,905.0,14:04:26.014107
32.0,-617.0,1098.0,14:04:26.033716
95.0,-645.0,982.0,14:04:26.044270
18.0,-650.0,857.0,14:04:26.053620
21.0,-613.0,659.0,14:04:26.064181
47.0,-348.0,413.0,14:04:26.073647
-135.0,-527.0,1069.0,14:04:26.083046
146.0,-640.0,1188.0,14:04:26.093634
44.0,-390.0,763.0,14:04:26.103013
-90.0,-555.0,1236.0,14:04:26.113633
-50.0,-934.0,1170.0,14:04:26.123030
208.0,-640.0,673.0,14:04:26.132505
94.0,-487.0,1085.0,14:04:26.142975
-120.0,-421.0,1313.0,14:04:26.152260
-27.0,-532.0,740.0,14:04:26.162794
101.0,-456.0,280.0,14:04:26.172144
-16.0,-240.0,889.0,14:04:26.181498
34.0,-418.0,1227.0,14:04:26.191967
-82.0,-126.0,778.0,14:04:26.201421
-66.0,-498.0,1366.0,14:04:26.211947
-44.0,-483.0,588.0,14:04:26.221332
-18.0,-522.0,1055.0,14:04:26.231838
-72.0,-540.0,1338.0,14:04:26.241350
147.0,-569.0,1069.0,14:04:26.250700
109.0,-609.0,506.0,14:04:26.262845
-73.0,-648.0,892.0,14:04:26.271187
159.0,-548.0,985.0,14:04:26.280592
122.0,-542.0,866.0,14:04:26.290057
71.0,-427.0,777.0,14:04:26.300494
-20.0,-434.0,737.0,14:04:26.309862
-21.0,-515.0,717.0,14:04:26.320434
102.0,-504.0,901.0,14:04:26.329816
116.0,-531.0,893.0,14:04:26.340263
16.0,-670.0,859.0,14:04:26.349624
98.0,-520.0,688.0,14:04:26.359085
-59.0,-395.0,1207.0,14:04:26.369709
-42.0,-432.0,1113.0,14:04:26.379109
0.0,-451.0,815.0,14:04:26.389554
-3.0,-443.0,800.0,14:04:26.399134
91.0,-621.0,926.0,14:04:26.408482
-27.0,-530.0,1163.0,14:04:26.419073
-164.0,-461.0,755.0,14:04:26.428469
135.0,-844.0,589.0,14:04:26.437935
-49.0,-724.0,1090.0,14:04:26.448498
88.0,-508.0,947.0,14:04:26.457905
16.0,-333.0,686.0,14:04:26.467309
107.0,-184.0,1073.0,14:04:26.477889
-51.0,-615.0,1326.0,14:04:26.487319
217.0,-597.0,632.0,14:04:26.497923
-68.0,-392.0,692.0,14:04:26.507255
146.0,-702.0,1383.0,14:04:26.516616
84.0,-689.0,1183.0,14:04:26.527146
-62.0,-580.0,532.0,14:04:26.536600
84.0,-672.0,942.0,14:04:26.547046
41.0,-650.0,1002.0,14:04:26.556420
64.0,-459.0,651.0,14:04:26.565961
-77.0,-145.0,710.0,14:04:26.576408
26.0,-498.0,765.0,14:04:26.585848
82.0,-396.0,701.0,14:04:26.596373
-212.0,-312.0,1201.0,14:04:26.605757
78.0,-577.0,925.0,14:04:26.616252
79.0,-278.0,966.0,14:04:26.625590
-39.0,-589.0,1371.0,14:04:26.634903
190.0,-715.0,1038.0,14:04:26.645465
173.0,-488.0,657.0,14:04:26.654849
13.0,-479.0,1017.0,14:04:26.665299
117.0,-513.0,964.0,14:04:26.674759
86.0,-355.0,487.0,14:04:26.684173
87.0,-434.0,909.0,14:04:26.694806
68.0,-468.0,1138.0,14:04:26.704071
28.0,-457.0,1070.0,14:04:26.714687
118.0,-488.0,969.0,14:04:26.724065
-47.0,-525.0,945.0,14:04:26.733529
301.0,-544.0,939.0,14:04:26.744016
13.0,-687.0,1287.0,14:04:26.753599
297.0,-512.0,627.0,14:04:26.764067
-88.0,-449.0,1035.0,14:04:26.782753
83.0,-527.0,877.0,14:04:26.793406
-155.0,-481.0,681.0,14:04:26.802792
10.0,-554.0,1164.0,14:04:26.813374
-162.0,-605.0,1118.0,14:04:26.822678
83.0,-714.0,749.0,14:04:26.832205
64.0,-680.0,861.0,14:04:26.842571
24.0,-470.0,1114.0,14:04:26.851982
112.0,-289.0,574.0,14:04:26.862473
68.0,-358.0,670.0,14:04:26.871882
-30.0,-307.0,1102.0,14:04:26.881389
-135.0,-374.0,802.0,14:04:26.891914
79.0,-313.0,786.0,14:04:26.901295
-87.0,-458.0,1081.0,14:04:26.911819
38.0,-570.0,1274.0,14:04:26.921225
229.0,-720.0,1149.0,14:04:26.930686
-151.0,-611.0,1005.0,14:04:26.941189
131.0,-820.0,1054.0,14:04:26.950644
208.0,-506.0,654.0,14:04:26.961200
-42.0,-232.0,711.0,14:04:26.970563
111.0,-554.0,1424.0,14:04:26.980079
-29.0,-245.0,601.0,14:04:26.990576
128.0,-201.0,633.0,14:04:26.999961
-94.0,-418.0,1106.0,14:04:27.009396
184.0,-722.0,945.0,14:04:27.019843
117.0,-683.0,1134.0,14:04:27.029227
27.0,-512.0,916.0,14:04:27.039675
140.0,-635.0,706.0,14:04:27.049071
260.0,-701.0,847.0,14:04:27.062783
-39.0,-751.0,846.0,14:04:27.069114
-40.0,-290.0,639.0,14:04:27.078503
-199.0,-56.0,708.0,14:04:27.089029
-116.0,-337.0,937.0,14:04:27.098300
55.0,-555.0,772.0,14:04:27.108856
6.0,-502.0,822.0,14:04:27.118143
140.0,-459.0,1367.0,14:04:27.128713
292.0,-731.0,1159.0,14:04:27.138034
221.0,-851.0,1117.0,14:04:27.147432
231.0,-730.0,1042.0,14:04:27.157934
-25.0,-467.0,821.0,14:04:27.167308
123.0,-432.0,897.0,14:04:27.177965
3.0,-344.0,906.0,14:04:27.187349
255.0,-613.0,744.0,14:04:27.196606
75.0,-509.0,550.0,14:04:27.207117
102.0,-430.0,1001.0,14:04:27.216399
180.0,-570.0,1061.0,14:04:27.226980
32.0,-708.0,948.0,14:04:27.236393
273.0,-538.0,731.0,14:04:27.246971
-61.0,-576.0,811.0,14:04:27.256338
-56.0,-356.0,1040.0,14:04:27.265945
-114.0,-299.0,853.0,14:04:27.276619
-33.0,-504.0,873.0,14:04:27.285955
20.0,-460.0,1009.0,14:04:27.295269
-54.0,-226.0,669.0,14:04:27.305872
-27.0,-268.0,949.0,14:04:27.315188
111.0,-795.0,1142.0,14:04:27.325798
190.0,-821.0,735.0,14:04:27.335249
-88.0,-304.0,546.0,14:04:27.344725
-86.0,-525.0,1338.0,14:04:27.355236
-78.0,-524.0,1592.0,14:04:27.364668
56.0,-460.0,541.0,14:04:27.374024
9.0,-296.0,352.0,14:04:27.384610
-114.0,-491.0,1054.0,14:04:27.393985
130.0,-574.0,1283.0,14:04:27.404561
-87.0,-500.0,831.0,14:04:27.413958
197.0,-508.0,977.0,14:04:27.423325
-133.0,-534.0,1145.0,14:04:27.433783
84.0,-650.0,784.0,14:04:27.443096
23.0,-428.0,377.0,14:04:27.453763
184.0,-682.0,1482.0,14:04:27.464584
328.0,-672.0,1185.0,14:04:27.472873
13.0,-139.0,551.0,14:04:27.483350
14.0,-77.0,803.0,14:04:27.492638
-181.0,-402.0,1251.0,14:04:27.503224
54.0,-666.0,1234.0,14:04:27.512589
-66.0,-581.0,1049.0,14:04:27.521946
94.0,-378.0,850.0,14:04:27.532490
69.0,-608.0,993.0,14:04:27.541897
202.0,-576.0,815.0,14:04:27.552382
121.0,-541.0,888.0,14:04:27.561746
149.0,-377.0,775.0,14:04:27.571189
-12.0,-267.0,696.0,14:04:27.581755
-67.0,-592.0,1487.0,14:04:27.591097
31.0,-578.0,872.0,14:04:27.601607
73.0,-356.0,436.0,14:04:27.610882
27.0,-414.0,1193.0,14:04:27.621379
89.0,-601.0,1575.0,14:04:27.630675
166.0,-595.0,747.0,14:04:27.640174
129.0,-295.0,464.0,14:04:27.650654
120.0,-484.0,724.0,14:04:27.660148
99.0,-529.0,641.0,14:04:27.670569
35.0,-603.0,712.0,14:04:27.679926
90.0,-195.0,1061.0,14:04:27.690352
-49.0,-184.0,1009.0,14:04:27.699824
-42.0,-452.0,784.0,14:04:27.709150
92.0,-509.0,777.0,14:04:27.719728
-66.0,-516.0,1294.0,14:04:27.729156
181.0,-475.0,1332.0,14:04:27.739814
33.0,-513.0,929.0,14:04:27.749160
95.0,-777.0,868.0,14:04:27.758533
195.0,-781.0,1151.0,14:04:27.769083
54.0,-574.0,533.0,14:04:27.778534
-83.0,-314.0,699.0,14:04:27.789130
-120.0,-494.0,1316.0,14:04:27.798577
-86.0,-583.0,887.0,14:04:27.807957
233.0,-520.0,661.0,14:04:27.818494
107.0,-825.0,780.0,14:04:27.828101
197.0,-637.0,1117.0,14:04:27.837452
28.0,-385.0,1040.0,14:04:27.847940
-20.0,-359.0,1039.0,14:04:27.857364
99.0,-393.0,655.0,14:04:27.867942
73.0,-454.0,513.0,14:04:27.877333
127.0,-511.0,1015.0,14:04:27.886720
-4.0,-278.0,917.0,14:04:27.897222
-58.0,-241.0,802.0,14:04:27.906524
-8.0,-546.0,1016.0,14:04:27.917137
-7.0,-817.0,1354.0,14:04:27.926455
98.0,-659.0,696.0,14:04:27.935952
206.0,-733.0,1015.0,14:04:27.946348
-136.0,-665.0,1177.0,14:04:27.955825
-121.0,-326.0,766.0,14:04:27.966244
31.0,-360.0,818.0,14:04:27.975618
-97.0,-610.0,1140.0,14:04:27.985066
101.0,-450.0,368.0,14:04:27.995604
-162.0,-256.0,785.0,14:04:28.004863
-88.0,-749.0,1170.0,14:04:28.015445
49.0,-792.0,996.0,14:04:28.024723
158.0,-521.0,742.0,14:04:28.035205
-17.0,-731.0,1126.0,14:04:28.044555
-102.0,-563.0,942.0,14:04:28.055106
163.0,-643.0,294.0,14:04:28.064520
-88.0,-476.0,1036.0,14:04:28.073839
136.0,-780.0,1366.0,14:04:28.084338
38.0,-481.0,499.0,14:04:28.093704
-118.0,-184.0,847.0,14:04:28.104077
61.0,-587.0,1182.0,14:04:28.113675
-242.0,-459.0,858.0,14:04:28.123033
-12.0,-541.0,1105.0,14:04:28.133644
-64.0,-529.0,1027.0,14:04:28.143066
51.0,-328.0,570.0,14:04:28.153595
-122.0,-528.0,813.0,14:04:28.162991
32.0,-572.0,1257.0,14:04:28.172522
65.0,-377.0,675.0,14:04:28.183048
-116.0,-298.0,964.0,14:04:28.192465
54.0,-529.0,1249.0,14:04:28.202982
-57.0,-711.0,924.0,14:04:28.212497
-15.0,-528.0,951.0,14:04:28.221832
0.0,-556.0,1402.0,14:04:28.232415
8.0,-501.0,845.0,14:04:28.241822
119.0,-712.0,685.0,14:04:28.251302
-26.0,-488.0,805.0,14:04:28.266338
4.0,-427.0,514.0,14:04:28.271383
-161.0,-379.0,439.0,14:04:28.280770
-233.0,-316.0,1292.0,14:04:28.291308
-98.0,-631.0,1320.0,14:04:28.300779
-34.0,-116.0,538.0,14:04:28.311311
103.0,53.0,764.0,14:04:28.320676
212.0,-759.0,1447.0,14:04:28.329945
169.0,-914.0,1020.0,14:04:28.340490
184.0,-523.0,932.0,14:04:28.349806
390.0,-625.0,1125.0,14:04:28.360221
-30.0,-906.0,1074.0,14:04:28.369620
87.0,-670.0,708.0,14:04:28.380221
112.0,-359.0,634.0,14:04:28.389574
-41.0,-324.0,794.0,14:04:28.398925
6.0,-372.0,952.0,14:04:28.409535
-73.0,-411.0,873.0,14:04:28.418928
84.0,-489.0,686.0,14:04:28.429453
111.0,-541.0,808.0,14:04:28.438920
57.0,-273.0,1237.0,14:04:28.448290
-104.0,-244.0,788.0,14:04:28.458932
150.0,-454.0,820.0,14:04:28.468235
141.0,-747.0,1363.0,14:04:28.478741
161.0,-577.0,637.0,14:04:28.488157
47.0,-424.0,547.0,14:04:28.497460
-142.0,-297.0,1276.0,14:04:28.508140
126.0,-642.0,1304.0,14:04:28.517415
142.0,-785.0,692.0,14:04:28.528109
291.0,-789.0,468.0,14:04:28.537376
-27.0,-531.0,735.0,14:04:28.547890
0.0,-696.0,1124.0,14:04:28.557177
53.0,-404.0,895.0,14:04:28.566604
-38.0,-428.0,739.0,14:04:28.577132
44.0,-364.0,818.0,14:04:28.586519
-211.0,-371.0,1065.0,14:04:28.597064
83.0,-463.0,931.0,14:04:28.606536
25.0,-586.0,1016.0,14:04:28.615870
52.0,-436.0,973.0,14:04:28.626378
228.0,-626.0,1025.0,14:04:28.635869
151.0,-828.0,972.0,14:04:28.646421
142.0,-762.0,1113.0,14:04:28.655831
90.0,-297.0,692.0,14:04:28.667983
-30.0,-373.0,771.0,14:04:28.675141
120.0,-516.0,923.0,14:04:28.685695
97.0,-339.0,1052.0,14:04:28.695105
-175.0,34.0,823.0,14:04:28.704470
60.0,-382.0,806.0,14:04:28.714941
236.0,-699.0,1179.0,14:04:28.724371
194.0,-543.0,794.0,14:04:28.734826
99.0,-553.0,1034.0,14:04:28.744140
72.0,-476.0,1132.0,14:04:28.754629
83.0,-597.0,940.0,14:04:28.764112
294.0,-646.0,579.0,14:04:28.773538
24.0,-489.0,736.0,14:04:28.784045
26.0,-663.0,1441.0,14:04:28.793309
160.0,-595.0,794.0,14:04:28.803860
-12.0,-208.0,309.0,14:04:28.813162
81.0,-424.0,1054.0,14:04:28.823761
155.0,-888.0,1454.0,14:04:28.833053
-205.0,-369.0,942.0,14:04:28.842634
50.0,-537.0,779.0,14:04:28.853069
-72.0,-618.0,1016.0,14:04:28.862473
88.0,-616.0,980.0,14:04:28.872930
114.0,-479.0,929.0,14:04:28.882396
6.0,-282.0,869.0,14:04:28.891798
-166.0,-409.0,926.0,14:04:28.902388
-1.0,-524.0,749.0,14:04:28.911636
95.0,-575.0,736.0,14:04:28.922171
-60.0,-413.0,887.0,14:04:28.931408
77.0,-480.0,1080.0,14:04:28.941888
-111.0,-469.0,1039.0,14:04:28.951348
179.0,-447.0,770.0,14:04:28.960700
10.0,-549.0,973.0,14:04:28.971299
-6.0,-486.0,1142.0,14:04:28.980670
-145.0,-360.0,1005.0,14:04:28.991370
-5.0,-440.0,720.0,14:04:29.000711
61.0,-550.0,793.0,14:04:29.010155
-11.0,-520.0,890.0,14:04:29.020630
127.0,-499.0,976.0,14:04:29.030121
-74.0,-583.0,997.0,14:04:29.039502
105.0,-405.0,905.0,14:04:29.059304
85.0,-517.0,973.0,14:04:29.069994
-29.0,-488.0,1006.0,14:04:29.079361
169.0,-689.0,715.0,14:04:29.088806
100.0,-505.0,839.0,14:04:29.099287
-25.0,-350.0,849.0,14:04:29.108700
26.0,-460.0,1008.0,14:04:29.119179
-188.0,-367.0,1133.0,14:04:29.128557
-79.0,-488.0,1002.0,14:04:29.139068
143.0,-536.0,879.0,14:04:29.148603
77.0,-660.0,649.0,14:04:29.157954
185.0,-700.0,1212.0,14:04:29.168437
88.0,-665.0,1220.0,14:04:29.177822
-67.0,-603.0,646.0,14:04:29.187349
206.0,-382.0,384.0,14:04:29.197871
-6.0,-176.0,928.0,14:04:29.207308
33.0,-358.0,1178.0,14:04:29.217904
77.0,-215.0,785.0,14:04:29.227315
-38.0,-274.0,923.0,14:04:29.236613
202.0,-688.0,813.0,14:04:29.247112
97.0,-865.0,1290.0,14:04:29.256415
257.0,-408.0,933.0,14:04:29.267061
22.0,-406.0,914.0,14:04:29.276401
72.0,-532.0,1095.0,14:04:29.285856
164.0,-958.0,1045.0,14:04:29.296369
176.0,-461.0,369.0,14:04:29.305896
-7.0,-336.0,772.0,14:04:29.316374
40.0,-427.0,1031.0,14:04:29.325758
67.0,-613.0,985.0,14:04:29.335150
173.0,-540.0,696.0,14:04:29.345584
24.0,-342.0,708.0,14:04:29.354916
27.0,-441.0,834.0,14:04:29.365454
9.0,-719.0,1345.0,14:04:29.374784
165.0,-529.0,854.0,14:04:29.385352
55.0,-407.0,483.0,14:04:29.394769
28.0,-629.0,1349.0,14:04:29.405212
20.0,-662.0,1250.0,14:04:29.414683
38.0,-463.0,336.0,14:04:29.424003
-50.0,-444.0,727.0,14:04:29.434575
-10.0,-690.0,1579.0,14:04:29.443915
80.0,-624.0,1092.0,14:04:29.454473
2.0,-394.0,564.0,14:04:29.469164
-284.0,-678.0,1123.0,14:04:29.473144
58.0,-800.0,1082.0,14:04:29.483605
69.0,-580.0,715.0,14:04:29.492901
-9.0,-439.0,764.0,14:04:29.503679
24.0,-517.0,1445.0,14:04:29.512996
-71.0,-560.0,836.0,14:04:29.522445
-44.0,-374.0,402.0,14:04:29.532999
-118.0,-433.0,864.0,14:04:29.542486
60.0,-578.0,1189.0,14:04:29.552906
-9.0,-501.0,1009.0,14:04:29.562518
45.0,-375.0,541.0,14:04:29.571795
-49.0,-540.0,856.0,14:04:29.582453
79.0,-412.0,841.0,14:04:29.591800
-92.0,-307.0,892.0,14:04:29.601271
2.0,-327.0,771.0,14:04:29.611688
47.0,-463.0,671.0,14:04:29.621071
27.0,-481.0,1150.0,14:04:29.631536
-102.0,-572.0,1033.0,14:04:29.640944
112.0,-391.0,1004.0,14:04:29.651376
-3.0,-476.0,1301.0,14:04:29.660923
161.0,-738.0,1014.0,14:04:29.670253
268.0,-614.0,472.0,14:04:29.680701
-108.0,-549.0,1164.0,14:04:29.690104
129.0,-560.0,1031.0,14:04:29.700638
-69.0,-275.0,504.0,14:04:29.710118
122.0,-466.0,695.0,14:04:29.719444
-22.0,-649.0,989.0,14:04:29.729966
46.0,-403.0,1041.0,14:04:29.739403
-22.0,-314.0,1110.0,14:04:29.749837
211.0,-529.0,824.0,14:04:29.759199
50.0,-552.0,981.0,14:04:29.769750
141.0,-690.0,1330.0,14:04:29.779108
135.0,-644.0,864.0,14:04:29.788451
133.0,-606.0,878.0,14:04:29.798946
-136.0,-649.0,831.0,14:04:29.808316
26.0,-446.0,617.0,14:04:29.818965
28.0,-571.0,753.0,14:04:29.828219
-155.0,-279.0,961.0,14:04:29.838734
-139.0,-481.0,1292.0,14:04:29.848140
104.0,-592.0,913.0,14:04:29.857449
-61.0,-685.0,745.0,14:04:29.874485
94.0,-681.0,781.0,14:04:29.878245
-56.0,-662.0,1340.0,14:04:29.887486
76.0,-496.0,1016.0,14:04:29.897041
24.0,-478.0,785.0,14:04:29.907466
12.0,-392.0,376.0,14:04:29.917122
105.0,-711.0,842.0,14:04:29.926416
-132.0,-422.0,996.0,14:04:29.937126
10.0,-147.0,597.0,14:04:29.946493
-2.0,-501.0,1078.0,14:04:29.956072
157.0,-757.0,992.0,14:04:29.966593
145.0,-492.0,329.0,14:04:29.975976
-120.0,-449.0,1036.0,14:04:29.986518
7.0,-736.0,1567.0,14:04:29.995993
75.0,-522.0,884.0,14:04:30.005272
-100.0,-348.0,580.0,14:04:30.015908
24.0,-570.0,901.0,14:04:30.025246
101.0,-513.0,996.0,14:04:30.035880
-153.0,-443.0,1014.0,14:04:30.045172
293.0,-624.0,636.0,14:04:30.054735
178.0,-419.0,955.0,14:04:30.065219
96.0,-425.0,1063.0,14:04:30.074850
106.0,-565.0,1079.0,14:04:30.084221
87.0,-507.0,1046.0,14:04:30.094825
137.0,-535.0,859.0,14:04:30.104152
150.0,-467.0,755.0,14:04:30.113627
102.0,-268.0,1072.0,14:04:30.124084
-17.0,-475.0,949.0,14:04:30.133629
68.0,-450.0,881.0,14:04:30.144062
97.0,-226.0,700.0,14:04:30.153488
182.0,-315.0,800.0,14:04:30.163955
-62.0,-544.0,1434.0,14:04:30.173496
155.0,-598.0,910.0,14:04:30.182867
204.0,-416.0,665.0,14:04:30.193316
182.0,-672.0,920.0,14:04:30.202692
87.0,-663.0,984.0,14:04:30.213129
203.0,-548.0,1086.0,14:04:30.222504
-28.0,-352.0,880.0,14:04:30.233010
-22.0,-522.0,930.0,14:04:30.242485
-7.0,-634.0,912.0,14:04:30.251882
-100.0,-630.0,837.0,14:04:30.262427
-51.0,-527.0,948.0,14:04:30.271755
33.0,-497.0,937.0,14:04:30.281307
-66.0,-667.0,785.0,14:04:30.291810
-143.0,-527.0,751.0,14:04:30.301333
48.0,-698.0,857.0,14:04:30.311811
-80.0,-413.0,861.0,14:04:30.321310
-166.0,-280.0,1286.0,14:04:30.330578
23.0,-471.0,725.0,14:04:30.341343
156.0,-535.0,533.0,14:04:30.350633
-87.0,-383.0,1254.0,14:04:30.360152
145.0,-480.0,1160.0,14:04:30.370733
-107.0,-394.0,1027.0,14:04:30.380152
-33.0,-522.0,1003.0,14:04:30.390645
58.0,-635.0,822.0,14:04:30.400153
175.0,-638.0,735.0,14:04:30.409518
1.0,-501.0,1011.0,14:04:30.420186
110.0,-399.0,1080.0,14:04:30.429563
24.0,-404.0,1016.0,14:04:30.439072
168.0,-536.0,712.0,14:04:30.458646
-49.0,-274.0,844.0,14:04:30.469082
-60.0,-530.0,1197.0,14:04:30.478480
-10.0,-573.0,917.0,14:04:30.489006
155.0,-641.0,688.0,14:04:30.498506
34.0,-461.0,923.0,14:04:30.509037
-22.0,-426.0,1063.0,14:04:30.518421
101.0,-449.0,857.0,14:04:30.527861
119.0,-459.0,699.0,14:04:30.538424
-67.0,-510.0,1097.0,14:04:30.547862
153.0,-581.0,911.0,14:04:30.557236
75.0,-462.0,898.0,14:04:30.567735
49.0,-412.0,865.0,14:04:30.577066
-62.0,-459.0,953.0,14:04:30.587505
209.0,-487.0,989.0,14:04:30.597072
-3.0,-444.0,846.0,14:04:30.607547
143.0,-443.0,890.0,14:04:30.617048
78.0,-608.0,1126.0,14:04:30.626365
197.0,-542.0,870.0,14:04:30.636966
89.0,-406.0,902.0,14:04:30.646267
10.0,-516.0,1102.0,14:04:30.656744
102.0,-554.0,881.0,14:04:30.672699
125.0,-433.0,792.0,14:04:30.676494
135.0,-508.0,809.0,14:04:30.685866
162.0,-749.0,992.0,14:04:30.695183
-27.0,-495.0,1090.0,14:04:30.705699
109.0,-489.0,788.0,14:04:30.715184
201.0,-596.0,711.0,14:04:30.725686
174.0,-613.0,899.0,14:04:30.735107
18.0,-540.0,1130.0,14:04:30.744424
259.0,-548.0,874.0,14:04:30.754940
-81.0,-483.0,702.0,14:04:30.764383
-66.0,-543.0,1156.0,14:04:30.774931
150.0,-571.0,982.0,14:04:30.784237
-99.0,-552.0,755.0,14:04:30.793688
-79.0,-448.0,866.0,14:04:30.804168
-13.0,-529.0,1115.0,14:04:30.813684
-210.0,-519.0,953.0,14:04:30.824192
163.0,-608.0,840.0,14:04:30.833749
-63.0,-587.0,886.0,14:04:30.843105
30.0,-618.0,918.0,14:04:30.853634
64.0,-676.0,1034.0,14:04:30.862970
-91.0,-477.0,882.0,14:04:30.872522
30.0,-494.0,715.0,14:04:30.883057
-90.0,-478.0,782.0,14:04:30.892540
-163.0,-611.0,1036.0,14:04:30.903090
96.0,-534.0,816.0,14:04:30.912568
-65.0,-539.0,891.0,14:04:30.921908
81.0,-532.0,1003.0,14:04:30.932491
-128.0,-501.0,917.0,14:04:30.941803
-2.0,-534.0,836.0,14:04:30.951486
-44.0,-446.0,746.0,14:04:30.961909
-60.0,-471.0,937.0,14:04:30.971353
-6.0,-564.0,1203.0,14:04:30.981820
5.0,-377.0,768.0,14:04:30.991347
128.0,-277.0,593.0,14:04:31.000730
-55.0,-368.0,1103.0,14:04:31.011271
11.0,-607.0,1279.0,14:04:31.020649
23.0,-650.0,985.0,14:04:31.031239
25.0,-370.0,782.0,14:04:31.040560
-43.0,-293.0,832.0,14:04:31.050060
127.0,-562.0,1165.0,14:04:31.060558
-72.0,-452.0,981.0,14:04:31.074225
116.0,-407.0,711.0,14:04:31.080453
-34.0,-529.0,1139.0,14:04:31.089793
32.0,-537.0,958.0,14:04:31.099179
-35.0,-614.0,893.0,14:04:31.109747
70.0,-385.0,744.0,14:04:31.119134
36.0,-453.0,1098.0,14:04:31.129732
161.0,-399.0,937.0,14:04:31.139056
14.0,-424.0,869.0,14:04:31.148520
53.0,-508.0,798.0,14:04:31.159043
4.0,-550.0,1035.0,14:04:31.168391
16.0,-509.0,931.0,14:04:31.178785
177.0,-557.0,798.0,14:04:31.188173
140.0,-486.0,911.0,14:04:31.198603
240.0,-446.0,773.0,14:04:31.208021
37.0,-486.0,885.0,14:04:31.218491
55.0,-533.0,941.0,14:04:31.227978
-50.0,-590.0,994.0,14:04:31.237240
-56.0,-538.0,825.0,14:04:31.247797
-16.0,-563.0,942.0,14:04:31.257205
51.0,-634.0,978.0,14:04:31.267754
-187.0,-503.0,969.0,14:04:31.277207
168.0,-479.0,805.0,14:04:31.286516
-41.0,-418.0,825.0,14:04:31.297207
159.0,-623.0,1120.0,14:04:31.306540
94.0,-451.0,843.0,14:04:31.315981
-79.0,-448.0,795.0,14:04:31.326572
97.0,-504.0,920.0,14:04:31.336005
180.0,-668.0,876.0,14:04:31.346553
6.0,-366.0,867.0,14:04:31.355964
131.0,-368.0,1041.0,14:04:31.365256
-67.0,-509.0,921.0,14:04:31.375949
80.0,-549.0,846.0,14:04:31.385267
-30.0,-392.0,953.0,14:04:31.395894
39.0,-492.0,931.0,14:04:31.405224
118.0,-404.0,1000.0,14:04:31.414693
49.0,-563.0,901.0,14:04:31.425123
90.0,-527.0,911.0,14:04:31.434446
176.0,-525.0,870.0,14:04:31.444932
32.0,-556.0,839.0,14:04:31.454346
102.0,-382.0,938.0,14:04:31.464823
13.0,-483.0,1161.0,14:04:31.474225
111.0,-598.0,681.0,14:04:31.483690
83.0,-425.0,770.0,14:04:31.494122
-108.0,-433.0,935.0,14:04:31.503664
-25.0,-603.0,1175.0,14:04:31.514100
-72.0,-568.0,868.0,14:04:31.523649
15.0,-489.0,742.0,14:04:31.533050
56.0,-562.0,993.0,14:04:31.543678
40.0,-621.0,882.0,14:04:31.552976
124.0,-480.0,836.0,14:04:31.562410
5.0,-469.0,921.0,14:04:31.572836
104.0,-559.0,811.0,14:04:31.582115
-13.0,-449.0,847.0,14:04:31.592546
-95.0,-365.0,844.0,14:04:31.602118
-59.0,-519.0,1050.0,14:04:31.612571
-15.0,-450.0,953.0,14:04:31.621921
6.0,-412.0,949.0,14:04:31.631393
133.0,-529.0,968.0,14:04:31.642004
34.0,-628.0,990.0,14:04:31.651391
-22.0,-645.0,984.0,14:04:31.661825
101.0,-476.0,945.0,14:04:31.671278
61.0,-477.0,834.0,14:04:31.681727
201.0,-511.0,940.0,14:04:31.691107
-118.0,-584.0,1109.0,14:04:31.700521
202.0,-518.0,874.0,14:04:31.711039
15.0,-517.0,1031.0,14:04:31.720372
64.0,-549.0,952.0,14:04:31.730880
7.0,-572.0,958.0,14:04:31.740178
-20.0,-548.0,903.0,14:04:31.750714
113.0,-516.0,911.0,14:04:31.760126
21.0,-447.0,866.0,14:04:31.769587
-96.0,-570.0,966.0,14:04:31.780166
119.0,-470.0,815.0,14:04:31.789680
-149.0,-409.0,810.0,14:04:31.799078
-4.0,-325.0,950.0,14:04:31.809577
-52.0,-454.0,1091.0,14:04:31.819065
-12.0,-385.0,656.0,14:04:31.828497
-51.0,-332.0,807.0,14:04:31.839092
-3.0,-548.0,1113.0,14:04:31.848484
71.0,-549.0,923.0,14:04:31.859077
20.0,-409.0,696.0,14:04:31.871609
3.0,-414.0,1041.0,14:04:31.878448
122.0,-447.0,1014.0,14:04:31.887866
126.0,-422.0,938.0,14:04:31.898432
48.0,-539.0,916.0,14:04:31.907875
112.0,-494.0,1037.0,14:04:31.917303
77.0,-542.0,1002.0,14:04:31.927950
150.0,-510.0,802.0,14:04:31.937285
25.0,-539.0,762.0,14:04:31.947848
-111.0,-615.0,1096.0,14:04:31.957205
184.0,-674.0,900.0,14:04:31.966520
41.0,-423.0,662.0,14:04:31.977044
61.0,-422.0,1040.0,14:04:31.986482
69.0,-549.0,989.0,14:04:31.996107
132.0,-607.0,827.0,14:04:32.006561
133.0,-448.0,870.0,14:04:32.015914
9.0,-446.0,977.0,14:04:32.026450
-12.0,-584.0,1064.0,14:04:32.035811
25.0,-641.0,870.0,14:04:32.046283
133.0,-476.0,864.0,14:04:32.055527
201.0,-380.0,600.0,14:04:32.066035
-105.0,-412.0,885.0,14:04:32.075320
-48.0,-554.0,1321.0,14:04:32.084843
59.0,-470.0,1020.0,14:04:32.095356
9.0,-503.0,701.0,14:04:32.104797
52.0,-477.0,930.0,14:04:32.115221
-122.0,-463.0,1059.0,14:04:32.124696
72.0,-646.0,1323.0,14:04:32.133995
98.0,-650.0,808.0,14:04:32.144650
8.0,-545.0,677.0,14:04:32.153984
110.0,-529.0,999.0,14:04:32.164418
5.0,-494.0,960.0,14:04:32.173762
183.0,-567.0,748.0,14:04:32.184202
-2.0,-471.0,801.0,14:04:32.193680
-44.0,-490.0,796.0,14:04:32.203042
149.0,-587.0,812.0,14:04:32.213715
-53.0,-464.0,911.0,14:04:32.223129
115.0,-440.0,980.0,14:04:32.233623
89.0,-503.0,895.0,14:04:32.243039
20.0,-528.0,935.0,14:04:32.252546
142.0,-461.0,868.0,14:04:32.263032
-41.0,-430.0,714.0,14:04:32.277957
-42.0,-290.0,918.0,14:04:32.282946
-11.0,-515.0,1169.0,14:04:32.292471
-46.0,-471.0,814.0,14:04:32.301894
71.0,-531.0,904.0,14:04:32.312453
6.0,-356.0,1063.0,14:04:32.321890
3.0,-606.0,1268.0,14:04:32.331274
144.0,-585.0,756.0,14:04:32.341799
-10.0,-546.0,847.0,14:04:32.351120
101.0,-728.0,1248.0,14:04:32.361638
111.0,-581.0,897.0,14:04:32.370947
70.0,-420.0,629.0,14:04:32.380391
-19.0,-483.0,923.0,14:04:32.390884
24.0,-451.0,1048.0,14:04:32.400268
-81.0,-565.0,820.0,14:04:32.410706
-17.0,-487.0,760.0,14:04:32.420220
70.0,-545.0,1124.0,14:04:32.430696
-72.0,-463.0,851.0,14:04:32.440198
49.0,-644.0,887.0,14:04:32.449542
-44.0,-465.0,1073.0,14:04:32.460120
1.0,-502.0,901.0,14:04:32.469434
63.0,-442.0,807.0,14:04:32.479890
1.0,-409.0,883.0,14:04:32.489270
-132.0,-459.0,863.0,14:04:32.498641
86.0,-494.0,985.0,14:04:32.509148
39.0,-536.0,852.0,14:04:32.518476
-109.0,-341.0,756.0,14:04:32.529082
112.0,-426.0,1158.0,14:04:32.538543
-133.0,-587.0,950.0,14:04:32.547979
23.0,-519.0,824.0,14:04:32.558459
-16.0,-522.0,1223.0,14:04:32.567898
-53.0,-766.0,964.0,14:04:32.578324
227.0,-692.0,861.0,14:04:32.587809
22.0,-413.0,913.0,14:04:32.598250
11.0,-506.0,926.0,14:04:32.607722
-20.0,-489.0,661.0,14:04:32.616990
-124.0,-385.0,1015.0,14:04:32.627500
-72.0,-479.0,1044.0,14:04:32.637030
71.0,-465.0,596.0,14:04:32.646425
-3.0,-409.0,775.0,14:04:32.656969
111.0,-485.0,1172.0,14:04:32.666355
-16.0,-538.0,1059.0,14:04:32.676943
-5.0,-396.0,618.0,14:04:32.686330
30.0,-452.0,1047.0,14:04:32.695869
14.0,-419.0,973.0,14:04:32.706405
-24.0,-378.0,848.0,14:04:32.715938
-7.0,-513.0,673.0,14:04:32.726525
21.0,-405.0,937.0,14:04:32.735923
184.0,-455.0,1189.0,14:04:32.745232
20.0,-666.0,970.0,14:04:32.755906
203.0,-688.0,799.0,14:04:32.765200
32.0,-558.0,1029.0,14:04:32.774667
93.0,-682.0,1012.0,14:04:32.785110
87.0,-665.0,950.0,14:04:32.794557
54.0,-493.0,880.0,14:04:32.805065
107.0,-412.0,879.0,14:04:32.814388
0.0,-496.0,953.0,14:04:32.824879
50.0,-429.0,925.0,14:04:32.834215
-11.0,-334.0,946.0,14:04:32.843639
-108.0,-477.0,1021.0,14:04:32.854130
122.0,-560.0,948.0,14:04:32.863668
188.0,-542.0,864.0,14:04:32.874094
111.0,-520.0,907.0,14:04:32.883573
191.0,-382.0,868.0,14:04:32.892852
1.0,-515.0,695.0,14:04:32.903406
66.0,-523.0,895.0,14:04:32.912737
1.0,-606.0,1132.0,14:04:32.923192
35.0,-312.0,712.0,14:04:32.932649
-180.0,-455.0,875.0,14:04:32.943106
22.0,-629.0,1021.0,14:04:32.952540
215.0,-513.0,706.0,14:04:32.961777
-100.0,-425.0,948.0,14:04:32.972376
91.0,-508.0,1183.0,14:04:32.981798
258.0,-637.0,729.0,14:04:32.992384
5.0,-541.0,890.0,14:04:33.001681
77.0,-551.0,1102.0,14:04:33.012213
-49.0,-617.0,911.0,14:04:33.021573
-5.0,-523.0,823.0,14:04:33.031036
181.0,-605.0,965.0,14:04:33.041528
1.0,-510.0,842.0,14:04:33.050888
-84.0,-511.0,785.0,14:04:33.061361
-52.0,-570.0,1065.0,14:04:33.077996
-33.0,-613.0,1123.0,14:04:33.082397
-3.0,-555.0,814.0,14:04:33.090540
89.0,-505.0,725.0,14:04:33.099983
-45.0,-475.0,885.0,14:04:33.110543
29.0,-427.0,999.0,14:04:33.119905
72.0,-418.0,958.0,14:04:33.130354
-37.0,-286.0,756.0,14:04:33.139718
130.0,-486.0,752.0,14:04:33.149186
-17.0,-432.0,1024.0,14:04:33.159695
2.0,-503.0,1215.0,14:04:33.169102
-59.0,-442.0,979.0,14:04:33.179485
59.0,-432.0,842.0,14:04:33.188970
42.0,-504.0,1132.0,14:04:33.199406
159.0,-414.0,746.0,14:04:33.208952
-80.0,-520.0,1084.0,14:04:33.218249
192.0,-473.0,1151.0,14:04:33.228725
37.0,-578.0,785.0,14:04:33.238062
17.0,-467.0,705.0,14:04:33.248637
-61.0,-463.0,1076.0,14:04:33.257949
55.0,-593.0,945.0,14:04:33.267354
37.0,-447.0,786.0,14:04:33.277970
28.0,-339.0,1159.0,14:04:33.287369
-87.0,-472.0,1058.0,14:04:33.297971
320.0,-450.0,750.0,14:04:33.307293
159.0,-448.0,877.0,14:04:33.316742
198.0,-577.0,1015.0,14:04:33.327137
260.0,-401.0,911.0,14:04:33.336499
52.0,-437.0,820.0,14:04:33.347034
90.0,-427.0,984.0,14:04:33.356420
5.0,-491.0,843.0,14:04:33.365854
147.0,-506.0,727.0,14:04:33.376268
164.0,-473.0,1058.0,14:04:33.385643
-72.0,-539.0,1011.0,14:04:33.396145
-68.0,-434.0,786.0,14:04:33.405478
122.0,-577.0,941.0,14:04:33.415932
-145.0,-604.0,1007.0,14:04:33.425435
216.0,-596.0,961.0,14:04:33.435924
-153.0,-464.0,955.0,14:04:33.445299
107.0,-390.0,934.0,14:04:33.454719
44.0,-527.0,1030.0,14:04:33.465307
-32.0,-505.0,911.0,14:04:33.481279
33.0,-630.0,878.0,14:04:33.484730
20.0,-514.0,815.0,14:04:33.494004
100.0,-594.0,1073.0,14:04:33.504681
0.0,-657.0,976.0,14:04:33.514059
163.0,-617.0,594.0,14:04:33.523584
10.0,-304.0,858.0,14:04:33.534076
48.0,-526.0,1169.0,14:04:33.543705
117.0,-480.0,868.0,14:04:33.554191
154.0,-427.0,699.0,14:04:33.563616
-67.0,-451.0,799.0,14:04:33.572995
53.0,-496.0,1012.0,14:04:33.583591
-33.0,-670.0,931.0,14:04:33.592981
191.0,-587.0,694.0,14:04:33.602492
-19.0,-472.0,889.0,14:04:33.613126
-128.0,-450.0,1013.0,14:04:33.622496
135.0,-519.0,969.0,14:04:33.632992
-71.0,-649.0,855.0,14:04:33.642479
-14.0,-494.0,684.0,14:04:33.651876
12.0,-420.0,998.0,14:04:33.662473
98.0,-561.0,1367.0,14:04:33.671869
184.0,-540.0,780.0,14:04:33.681349
14.0,-461.0,570.0,14:04:33.691872
-3.0,-575.0,1133.0,14:04:33.701409
63.0,-527.0,998.0,14:04:33.711831
-43.0,-444.0,956.0,14:04:33.721330
139.0,-606.0,947.0,14:04:33.730801
81.0,-492.0,913.0,14:04:33.741378
43.0,-574.0,930.0,14:04:33.750671
258.0,-863.0,1128.0,14:04:33.760133
-111.0,-554.0,750.0,14:04:33.770564
77.0,-565.0,819.0,14:04:33.780063
14.0,-614.0,809.0,14:04:33.790510
64.0,-609.0,936.0,14:04:33.799926
-99.0,-379.0,829.0,14:04:33.810363
-245.0,-431.0,862.0,14:04:33.819682
71.0,-419.0,829.0,14:04:33.829134
-46.0,-507.0,906.0,14:04:33.839623
-22.0,-425.0,908.0,14:04:33.849038
-8.0,-410.0,811.0,14:04:33.859609
-90.0,-379.0,948.0,14:04:33.869090
-36.0,-552.0,1132.0,14:04:33.878444
20.0,-492.0,936.0,14:04:33.889079
3.0,-481.0,720.0,14:04:33.898408
-69.0,-557.0,1087.0,14:04:33.907951
-3.0,-627.0,1223.0,14:04:33.918398
-55.0,-480.0,509.0,14:04:33.927830
140.0,-651.0,1094.0,14:04:33.938343
0.0,-528.0,1118.0,14:04:33.947862
-49.0,-475.0,680.0,14:04:33.957249
-13.0,-334.0,914.0,14:04:33.967785
131.0,-485.0,787.0,14:04:33.977237
41.0,-414.0,763.0,14:04:33.987616
-32.0,-415.0,1056.0,14:04:33.997102
202.0,-378.0,948.0,14:04:34.006445
97.0,-251.0,779.0,14:04:34.017241
98.0,-394.0,808.0,14:04:34.026603
131.0,-610.0,1049.0,14:04:34.037082
-102.0,-428.0,906.0,14:04:34.046425
102.0,-244.0,883.0,14:04:34.055980
92.0,-458.0,913.0,14:04:34.066542
140.0,-578.0,1136.0,14:04:34.076015
122.0,-660.0,912.0,14:04:34.085402
101.0,-490.0,699.0,14:04:34.095833
48.0,-496.0,1152.0,14:04:34.105192
35.0,-535.0,1157.0,14:04:34.115765
181.0,-550.0,677.0,14:04:34.125186
-4.0,-326.0,747.0,14:04:34.134607
103.0,-405.0,1100.0,14:04:34.145056
15.0,-519.0,1298.0,14:04:34.154415
104.0,-534.0,826.0,14:04:34.164910
42.0,-499.0,592.0,14:04:34.174209
190.0,-438.0,1058.0,14:04:34.184849
-124.0,-625.0,1211.0,14:04:34.194307
66.0,-523.0,822.0,14:04:34.203625
78.0,-448.0,658.0,14:04:34.214192
-46.0,-602.0,954.0,14:04:34.223637
98.0,-538.0,1042.0,14:04:34.234192
18.0,-631.0,773.0,14:04:34.243568
147.0,-430.0,873.0,14:04:34.252928
-6.0,-549.0,1072.0,14:04:34.263359
110.0,-573.0,673.0,14:04:34.272864
69.0,-500.0,928.0,14:04:34.282708
119.0,-428.0,759.0,14:04:34.292206
-25.0,-312.0,856.0,14:04:34.302716
46.0,-566.0,1080.0,14:04:34.312134
137.0,-593.0,873.0,14:04:34.322572
46.0,-522.0,849.0,14:04:34.331929
95.0,-492.0,1001.0,14:04:34.342481
10.0,-632.0,1220.0,14:04:34.351953
46.0,-498.0,648.0,14:04:34.361342
-83.0,-634.0,976.0,14:04:34.371858
31.0,-667.0,1315.0,14:04:34.381239
167.0,-629.0,758.0,14:04:34.391774
42.0,-514.0,707.0,14:04:34.401060
168.0,-762.0,1064.0,14:04:34.410536
-16.0,-571.0,875.0,14:04:34.420953
-197.0,-508.0,722.0,14:04:34.430429
-56.0,-593.0,970.0,14:04:34.440878
-124.0,-517.0,1001.0,14:04:34.450204
-13.0,-352.0,751.0,14:04:34.460698
-105.0,-369.0,906.0,14:04:34.470102
117.0,-534.0,934.0,14:04:34.479534
59.0,-389.0,899.0,14:04:34.490110
-52.0,-382.0,852.0,14:04:34.499603
73.0,-453.0,973.0,14:04:34.509041
43.0,-534.0,800.0,14:04:34.519557
127.0,-414.0,785.0,14:04:34.529042
-87.0,-379.0,1114.0,14:04:34.539595
4.0,-486.0,903.0,14:04:34.549082
42.0,-464.0,724.0,14:04:34.558440
62.0,-501.0,1166.0,14:04:34.569040
82.0,-636.0,1210.0,14:04:34.578377
92.0,-613.0,703.0,14:04:34.589066
13.0,-630.0,1042.0,14:04:34.598763
79.0,-638.0,1282.0,14:04:34.608204
150.0,-593.0,779.0,14:04:34.617504
134.0,-464.0,703.0,14:04:34.628071
46.0,-468.0,1048.0,14:04:34.637474
23.0,-533.0,868.0,14:04:34.648112
39.0,-506.0,740.0,14:04:34.657420
57.0,-444.0,801.0,14:04:34.666796
-51.0,-556.0,895.0,14:04:34.684313
10.0,-341.0,908.0,14:04:34.688109
-89.0,-269.0,768.0,14:04:34.696378
-4.0,-264.0,633.0,14:04:34.706992
-46.0,-395.0,924.0,14:04:34.716359
-26.0,-380.0,1058.0,14:04:34.726890
49.0,-403.0,906.0,14:04:34.736399
103.0,-515.0,964.0,14:04:34.745742
7.0,-560.0,1289.0,14:04:34.756205
181.0,-589.0,1131.0,14:04:34.765529
63.0,-555.0,860.0,14:04:34.776013
62.0,-426.0,1043.0,14:04:34.785330
133.0,-657.0,1142.0,14:04:34.795862
138.0,-782.0,787.0,14:04:34.805393
-20.0,-542.0,713.0,14:04:34.814709
-113.0,-460.0,1197.0,14:04:34.825246
54.0,-493.0,938.0,14:04:34.834693
-121.0,-472.0,591.0,14:04:34.845245
119.0,-528.0,977.0,14:04:34.854709
43.0,-542.0,1045.0,14:04:34.864042
-19.0,-472.0,936.0,14:04:34.874582
181.0,-385.0,834.0,14:04:34.884028
-29.0,-383.0,885.0,14:04:34.893445
180.0,-568.0,909.0,14:04:34.903969
35.0,-484.0,846.0,14:04:34.913267
59.0,-308.0,1096.0,14:04:34.923776
43.0,-388.0,892.0,14:04:34.933185
34.0,-537.0,829.0,14:04:34.943597
62.0,-407.0,953.0,14:04:34.953083
122.0,-414.0,1022.0,14:04:34.962473
28.0,-410.0,801.0,14:04:34.972941
2.0,-520.0,1099.0,14:04:34.982409
13.0,-635.0,1014.0,14:04:34.992949
197.0,-656.0,766.0,14:04:35.002308
143.0,-501.0,932.0,14:04:35.011750
66.0,-598.0,1167.0,14:04:35.022170
158.0,-724.0,1001.0,14:04:35.031643
219.0,-563.0,484.0,14:04:35.042062
177.0,-473.0,971.0,14:04:35.051408
-22.0,-561.0,1114.0,14:04:35.061914
140.0,-613.0,721.0,14:04:35.071352
43.0,-665.0,732.0,14:04:35.080685
218.0,-661.0,726.0,14:04:35.091302
76.0,-505.0,753.0,14:04:35.100646
21.0,-469.0,976.0,14:04:35.110322
45.0,-468.0,861.0,14:04:35.120818
-118.0,-327.0,802.0,14:04:35.130192
-2.0,-411.0,1046.0,14:04:35.140685
18.0,-436.0,883.0,14:04:35.150191
-82.0,-341.0,831.0,14:04:35.159547
38.0,-450.0,1106.0,14:04:35.170104
-87.0,-553.0,973.0,14:04:35.179491
-69.0,-561.0,967.0,14:04:35.189900
-4.0,-568.0,1189.0,14:04:35.199248
18.0,-450.0,880.0,14:04:35.209668
-91.0,-598.0,1173.0,14:04:35.219105
200.0,-702.0,983.0,14:04:35.228479
51.0,-545.0,886.0,14:04:35.239110
115.0,-667.0,840.0,14:04:35.248343
54.0,-525.0,960.0,14:04:35.259026
-35.0,-590.0,852.0,14:04:35.268265
118.0,-518.0,642.0,14:04:35.278757
103.0,-370.0,723.0,14:04:35.288046
-45.0,-431.0,718.0,14:04:35.298553
47.0,-309.0,958.0,14:04:35.307953
-18.0,-402.0,1045.0,14:04:35.317303
51.0,-495.0,883.0,14:04:35.327925
112.0,-569.0,935.0,14:04:35.337298
-52.0,-497.0,1047.0,14:04:35.347872
3.0,-566.0,976.0,14:04:35.357240
-85.0,-510.0,1043.0,14:04:35.366621
93.0,-663.0,834.0,14:04:35.377133
-49.0,-441.0,750.0,14:04:35.386451
-83.0,-442.0,784.0,14:04:35.396992
69.0,-525.0,963.0,14:04:35.406498
-223.0,-462.0,984.0,14:04:35.415877
90.0,-759.0,845.0,14:04:35.426395
-21.0,-518.0,969.0,14:04:35.436007
-110.0,-274.0,1091.0,14:04:35.445421
-26.0,-506.0,1090.0,14:04:35.455901
70.0,-632.0,896.0,14:04:35.465310
123.0,-577.0,966.0,14:04:35.475841
202.0,-417.0,841.0,14:04:35.486067
-205.0,-492.0,919.0,14:04:35.495491
90.0,-440.0,1025.0,14:04:35.504796
30.0,-534.0,925.0,14:04:35.515336
-34.0,-542.0,815.0,14:04:35.524710
-181.0,-496.0,943.0,14:04:35.534228
-33.0,-487.0,1127.0,14:04:35.544869
44.0,-622.0,907.0,14:04:35.554209
97.0,-593.0,630.0,14:04:35.563697
-92.0,-366.0,870.0,14:04:35.574210
-79.0,-536.0,1121.0,14:04:35.583646
-45.0,-364.0,930.0,14:04:35.594072
-107.0,-388.0,635.0,14:04:35.603670
-71.0,-616.0,908.0,14:04:35.613003
79.0,-473.0,970.0,14:04:35.623566
123.0,-498.0,777.0,14:04:35.632815
-35.0,-438.0,881.0,14:04:35.643360
147.0,-485.0,987.0,14:04:35.652642
30.0,-516.0,956.0,14:04:35.663073
192.0,-441.0,722.0,14:04:35.672467
-18.0,-456.0,902.0,14:04:35.681816
43.0,-507.0,1033.0,14:04:35.692394
-12.0,-519.0,863.0,14:04:35.701859
29.0,-437.0,923.0,14:04:35.712369
34.0,-426.0,924.0,14:04:35.721724
22.0,-397.0,825.0,14:04:35.732167
69.0,-528.0,776.0,14:04:35.741571
181.0,-609.0,917.0,14:04:35.750862
155.0,-550.0,845.0,14:04:35.761532
127.0,-475.0,929.0,14:04:35.770839
11.0,-497.0,1032.0,14:04:35.781316
150.0,-544.0,875.0,14:04:35.790662
133.0,-671.0,774.0,14:04:35.800115
-97.0,-323.0,775.0,14:04:35.810654
74.0,-510.0,1235.0,14:04:35.820161
131.0,-546.0,821.0,14:04:35.830812
86.0,-541.0,791.0,14:04:35.840177
17.0,-501.0,1162.0,14:04:35.849505
33.0,-476.0,861.0,14:04:35.860246
139.0,-426.0,971.0,14:04:35.869629
-67.0,-502.0,952.0,14:04:35.887197
72.0,-610.0,1053.0,14:04:35.891004
-76.0,-429.0,796.0,14:04:35.899242
-64.0,-431.0,1042.0,14:04:35.908561
134.0,-590.0,1220.0,14:04:35.919142
73.0,-444.0,935.0,14:04:35.928447
93.0,-430.0,796.0,14:04:35.939017
-82.0,-503.0,1023.0,14:04:35.948422
147.0,-694.0,1315.0,14:04:35.957954
13.0,-535.0,877.0,14:04:35.968409
169.0,-498.0,507.0,14:04:35.977844
176.0,-662.0,1004.0,14:04:35.988289
27.0,-552.0,1069.0,14:04:35.997870
181.0,-366.0,496.0,14:04:36.007141
-111.0,-435.0,734.0,14:04:36.017756
125.0,-511.0,996.0,14:04:36.027211
-44.0,-312.0,683.0,14:04:36.036627
104.0,-375.0,851.0,14:04:36.047050
81.0,-592.0,1100.0,14:04:36.056376
135.0,-501.0,1097.0,14:04:36.067095
146.0,-498.0,747.0,14:04:36.076464
-60.0,-514.0,994.0,14:04:36.086979
118.0,-560.0,1288.0,14:04:36.096270
7.0,-473.0,904.0,14:04:36.105606
1.0,-411.0,543.0,14:04:36.116029
-86.0,-714.0,1243.0,14:04:36.125404
-6.0,-579.0,936.0,14:04:36.135883
70.0,-446.0,616.0,14:04:36.145275
-43.0,-392.0,1132.0,14:04:36.155928
-11.0,-513.0,1102.0,14:04:36.165303
97.0,-387.0,603.0,14:04:36.174686
83.0,-424.0,882.0,14:04:36.185288
49.0,-530.0,1356.0,14:04:36.194688
96.0,-569.0,921.0,14:04:36.205206
152.0,-348.0,639.0,14:04:36.214557
-69.0,-396.0,945.0,14:04:36.224045
200.0,-646.0,1156.0,14:04:36.234576
20.0,-354.0,731.0,14:04:36.243996
30.0,-266.0,808.0,14:04:36.254444
-112.0,-424.0,1190.0,14:04:36.263834
34.0,-583.0,986.0,14:04:36.273130
317.0,-646.0,703.0,14:04:36.283690
73.0,-559.0,878.0,14:04:36.293122
-41.0,-388.0,1168.0,14:04:36.303691
-33.0,-273.0,1067.0,14:04:36.313017
81.0,-523.0,757.0,14:04:36.322443
104.0,-425.0,660.0,14:04:36.332896
-117.0,-452.0,1110.0,14:04:36.342350
127.0,-450.0,1088.0,14:04:36.352909
-47.0,-475.0,838.0,14:04:36.362274
14.0,-552.0,791.0,14:04:36.371747
131.0,-733.0,1424.0,14:04:36.382165
-62.0,-543.0,807.0,14:04:36.391521
181.0,-580.0,880.0,14:04:36.401958
30.0,-542.0,981.0,14:04:36.411463
35.0,-589.0,794.0,14:04:36.421980
285.0,-522.0,724.0,14:04:36.431375
31.0,-384.0,915.0,14:04:36.440723
94.0,-327.0,961.0,14:04:36.451317
36.0,-470.0,639.0,14:04:36.460586
130.0,-381.0,843.0,14:04:36.471086
114.0,-451.0,1304.0,14:04:36.480429
64.0,-414.0,977.0,14:04:36.490981
-91.0,-413.0,937.0,14:04:36.500355
-75.0,-631.0,1020.0,14:04:36.509737
170.0,-766.0,847.0,14:04:36.520315
205.0,-611.0,584.0,14:04:36.529731
101.0,-342.0,952.0,14:04:36.540229
-44.0,-324.0,1336.0,14:04:36.549584
-140.0,-532.0,699.0,14:04:36.559022
210.0,-725.0,590.0,14:04:36.569590
39.0,-518.0,1062.0,14:04:36.579108
208.0,-415.0,941.0,14:04:36.589512
82.0,-562.0,1119.0,14:04:36.599036
88.0,-520.0,791.0,14:04:36.608316
110.0,-685.0,1018.0,14:04:36.618962
193.0,-494.0,815.0,14:04:36.628277
-8.0,-255.0,505.0,14:04:36.638922
43.0,-353.0,1316.0,14:04:36.648275
-43.0,-562.0,1005.0,14:04:36.657619
6.0,-596.0,430.0,14:04:36.668266
13.0,-317.0,984.0,14:04:36.677751
-13.0,-557.0,1567.0,14:04:36.689090
100.0,-611.0,1001.0,14:04:36.697327
34.0,-505.0,376.0,14:04:36.707884
75.0,-826.0,997.0,14:04:36.717217
73.0,-494.0,952.0,14:04:36.726669
-125.0,-461.0,811.0,14:04:36.737166
-39.0,-263.0,755.0,14:04:36.746546
-112.0,-568.0,1179.0,14:04:36.757075
24.0,-530.0,690.0,14:04:36.766570
-9.0,-391.0,827.0,14:04:36.775892
17.0,-476.0,1169.0,14:04:36.786325
40.0,-562.0,1196.0,14:04:36.795722
1.0,-744.0,1041.0,14:04:36.806315
179.0,-662.0,710.0,14:04:36.815745
67.0,-499.0,872.0,14:04:36.825046
-12.0,-571.0,1348.0,14:04:36.835606
-21.0,-584.0,1003.0,14:04:36.844996
-98.0,-455.0,637.0,14:04:36.855522
-64.0,-483.0,712.0,14:04:36.864809
-60.0,-471.0,995.0,14:04:36.874311
-79.0,-356.0,841.0,14:04:36.884734
86.0,-728.0,1199.0,14:04:36.894175
82.0,-467.0,721.0,14:04:36.904736
135.0,-407.0,785.0,14:04:36.914156
-98.0,-387.0,841.0,14:04:36.923552
192.0,-329.0,806.0,14:04:36.934039
-102.0,-326.0,1001.0,14:04:36.943322
22.0,-280.0,586.0,14:04:36.953865
1.0,-428.0,919.0,14:04:36.963192
-109.0,-634.0,1170.0,14:04:36.973731
69.0,-623.0,1019.0,14:04:36.983091
59.0,-672.0,1026.0,14:04:36.992542
73.0,-579.0,999.0,14:04:37.003004
-71.0,-602.0,1029.0,14:04:37.012418
-9.0,-779.0,579.0,14:04:37.022852
-32.0,-903.0,778.0,14:04:37.032281
-56.0,-380.0,556.0,14:04:37.042796
24.0,-206.0,811.0,14:04:37.052197
-326.0,-232.0,1510.0,14:04:37.061587
176.0,-536.0,813.0,14:04:37.072084
85.0,-406.0,656.0,14:04:37.089075
5.0,-492.0,1351.0,14:04:37.093591
133.0,-716.0,1090.0,14:04:37.101803
-141.0,-252.0,934.0,14:04:37.111289
-105.0,-547.0,1114.0,14:04:37.120728
-35.0,-734.0,830.0,14:04:37.131343
-6.0,-452.0,823.0,14:04:37.140651
-54.0,-477.0,1125.0,14:04:37.151247
142.0,-570.0,904.0,14:04:37.160721
-10.0,-406.0,661.0,14:04:37.170122
107.0,-454.0,877.0,14:04:37.180544
90.0,-687.0,1136.0,14:04:37.190249
25.0,-340.0,893.0,14:04:37.199539
94.0,-196.0,454.0,14:04:37.210265
-103.0,-453.0,1225.0,14:04:37.219580
72.0,-529.0,1121.0,14:04:37.229124
170.0,-498.0,525.0,14:04:37.239563
30.0,-245.0,1004.0,14:04:37.249011
-42.0,-530.0,1328.0,14:04:37.259478
-114.0,-749.0,922.0,14:04:37.268995
83.0,-513.0,632.0,14:04:37.278381
-70.0,-504.0,1027.0,14:04:37.288968
14.0,-562.0,1130.0,14:04:37.298318
161.0,-506.0,537.0,14:04:37.308949
-44.0,-699.0,763.0,14:04:37.318327
141.0,-598.0,1115.0,14:04:37.327761
107.0,-465.0,798.0,14:04:37.338239
151.0,-337.0,687.0,14:04:37.347909
-58.0,-346.0,1072.0,14:04:37.357241
118.0,-536.0,1045.0,14:04:37.367866
47.0,-418.0,808.0,14:04:37.377302
33.0,-356.0,910.0,14:04:37.387811
109.0,-528.0,879.0,14:04:37.397136
193.0,-619.0,1060.0,14:04:37.407565
46.0,-398.0,970.0,14:04:37.417137
91.0,-361.0,642.0,14:04:37.426456
9.0,-724.0,866.0,14:04:37.437027
192.0,-693.0,1321.0,14:04:37.446278
-62.0,-295.0,1017.0,14:04:37.456778
-57.0,-342.0,519.0,14:04:37.466063
-148.0,-478.0,1286.0,14:04:37.475489
58.0,-610.0,918.0,14:04:37.485929
49.0,-570.0,658.0,14:04:37.495398
-84.0,-335.0,1033.0,14:04:37.505902
-57.0,-418.0,1278.0,14:04:37.515253
1.0,-524.0,596.0,14:04:37.525800
88.0,-677.0,716.0,14:04:37.535178
100.0,-593.0,1210.0,14:04:37.544673
144.0,-580.0,910.0,14:04:37.555162
126.0,-370.0,721.0,14:04:37.564517
-86.0,-293.0,778.0,14:04:37.575058
-32.0,-374.0,1116.0,14:04:37.584368
53.0,-380.0,877.0,14:04:37.593687
75.0,-398.0,754.0,14:04:37.604312
27.0,-308.0,1335.0,14:04:37.613619
-55.0,-617.0,1172.0,14:04:37.624181
185.0,-522.0,560.0,14:04:37.633577
159.0,-417.0,1130.0,14:04:37.643150
38.0,-473.0,1057.0,14:04:37.653652
219.0,-483.0,789.0,14:04:37.663021
-40.0,-427.0,1012.0,14:04:37.673642
78.0,-639.0,1013.0,14:04:37.683050
20.0,-492.0,645.0,14:04:37.692419
-75.0,-474.0,1029.0,14:04:37.702967
75.0,-657.0,1313.0,14:04:37.712364
159.0,-571.0,616.0,14:04:37.721785
169.0,-456.0,815.0,14:04:37.732261
-20.0,-430.0,1134.0,14:04:37.741745
88.0,-497.0,968.0,14:04:37.752315
97.0,-383.0,860.0,14:04:37.761712
-98.0,-406.0,739.0,14:04:37.772135
139.0,-595.0,1005.0,14:04:37.781468
-81.0,-545.0,925.0,14:04:37.790846
140.0,-453.0,785.0,14:04:37.801469
-25.0,-430.0,743.0,14:04:37.810798
-29.0,-697.0,1149.0,14:04:37.821337
-71.0,-423.0,997.0,14:04:37.830698
13.0,-532.0,1065.0,14:04:37.850468
14.0,-728.0,1292.0,14:04:37.859754
50.0,-583.0,1058.0,14:04:37.870288
26.0,-660.0,761.0,14:04:37.879566
81.0,-721.0,1026.0,14:04:37.891978
167.0,-527.0,1031.0,14:04:37.899271
42.0,-444.0,710.0,14:04:37.909757
31.0,-454.0,630.0,14:04:37.919119
62.0,-526.0,810.0,14:04:37.929595
44.0,-513.0,764.0,14:04:37.938996
23.0,-444.0,1025.0,14:04:37.949450
-59.0,-291.0,971.0,14:04:37.958984
27.0,-435.0,603.0,14:04:37.968340
40.0,-402.0,703.0,14:04:37.978950
-19.0,-288.0,1270.0,14:04:37.988302
30.0,-400.0,762.0,14:04:37.997802
-90.0,-542.0,893.0,14:04:38.008248
-68.0,-492.0,1249.0,14:04:38.017545
-80.0,-594.0,821.0,14:04:38.028261
24.0,-521.0,762.0,14:04:38.037782
13.0,-625.0,1095.0,14:04:38.047039
1.0,-545.0,955.0,14:04:38.057498
-23.0,-357.0,790.0,14:04:38.066909
-147.0,-619.0,974.0,14:04:38.077536
128.0,-625.0,1032.0,14:04:38.086943
40.0,-387.0,941.0,14:04:38.096262
55.0,-538.0,984.0,14:04:38.106944
6.0,-480.0,1003.0,14:04:38.116316
46.0,-516.0,891.0,14:04:38.125801
60.0,-640.0,743.0,14:04:38.136322
-113.0,-389.0,944.0,14:04:38.145760
78.0,-509.0,949.0,14:04:38.156231
-20.0,-446.0,714.0,14:04:38.165544
-42.0,-437.0,886.0,14:04:38.176012
-15.0,-523.0,834.0,14:04:38.185440
165.0,-543.0,883.0,14:04:38.194778
-45.0,-522.0,842.0,14:04:38.205338
15.0,-494.0,814.0,14:04:38.214728
46.0,-367.0,976.0,14:04:38.225286
11.0,-469.0,990.0,14:04:38.234860
86.0,-502.0,988.0,14:04:38.244193
-152.0,-309.0,1050.0,14:04:38.254651
-50.0,-531.0,1052.0,14:04:38.264095
-79.0,-511.0,817.0,14:04:38.274675
-87.0,-652.0,1057.0,14:04:38.287958
-62.0,-681.0,1195.0,14:04:38.297551
-49.0,-539.0,961.0,14:04:38.303546
-11.0,-652.0,855.0,14:04:38.314103
-21.0,-629.0,1006.0,14:04:38.323492
24.0,-635.0,1054.0,14:04:38.332924
153.0,-543.0,693.0,14:04:38.343378
-32.0,-461.0,695.0,14:04:38.352800
-4.0,-447.0,1144.0,14:04:38.363243
63.0,-459.0,927.0,14:04:38.372647
-23.0,-464.0,606.0,14:04:38.383046
-70.0,-387.0,817.0,14:04:38.392671
-32.0,-475.0,892.0,14:04:38.401891
2.0,-501.0,681.0,14:04:38.412507
8.0,-528.0,883.0,14:04:38.421770
-138.0,-455.0,1057.0,14:04:38.431339
74.0,-522.0,836.0,14:04:38.441849
-30.0,-449.0,747.0,14:04:38.451322
60.0,-522.0,863.0,14:04:38.461785
-137.0,-514.0,1052.0,14:04:38.471328
80.0,-524.0,1029.0,14:04:38.480752
9.0,-402.0,983.0,14:04:38.491289
-37.0,-496.0,943.0,14:04:38.500717
57.0,-437.0,894.0,14:04:38.510177
11.0,-498.0,1026.0,14:04:38.520648
83.0,-453.0,999.0,14:04:38.530140
17.0,-508.0,951.0,14:04:38.540575
63.0,-465.0,903.0,14:04:38.550075
111.0,-364.0,889.0,14:04:38.559467
69.0,-377.0,1034.0,14:04:38.570116
104.0,-408.0,955.0,14:04:38.579599
186.0,-484.0,951.0,14:04:38.589022
73.0,-445.0,780.0,14:04:38.599481
52.0,-501.0,924.0,14:04:38.608812
-31.0,-557.0,957.0,14:04:38.619330
74.0,-525.0,963.0,14:04:38.628670
63.0,-552.0,772.0,14:04:38.639149
84.0,-461.0,797.0,14:04:38.648543
-22.0,-505.0,1035.0,14:04:38.657985
-20.0,-507.0,937.0,14:04:38.668431
-29.0,-580.0,903.0,14:04:38.677921
188.0,-506.0,887.0,14:04:38.688364
-38.0,-441.0,945.0,14:04:38.697974
-16.0,-624.0,1012.0,14:04:38.707325
86.0,-391.0,907.0,14:04:38.717882
-29.0,-340.0,859.0,14:04:38.727272
63.0,-416.0,928.0,14:04:38.737951
10.0,-464.0,991.0,14:04:38.747257
138.0,-438.0,987.0,14:04:38.756570
-27.0,-339.0,790.0,14:04:38.767001
36.0,-259.0,926.0,14:04:38.776401
-21.0,-531.0,1171.0,14:04:38.786930
18.0,-504.0,792.0,14:04:38.796367
43.0,-509.0,761.0,14:04:38.806866
139.0,-459.0,983.0,14:04:38.816260
107.0,-516.0,942.0,14:04:38.825525
158.0,-497.0,946.0,14:04:38.836036
189.0,-368.0,756.0,14:04:38.845328
-107.0,-347.0,784.0,14:04:38.856021
68.0,-578.0,1022.0,14:04:38.865328
9.0,-530.0,997.0,14:04:38.874810
40.0,-590.0,1000.0,14:04:38.885239
85.0,-484.0,762.0,14:04:38.894829
82.0,-469.0,1190.0,14:04:38.905327
127.0,-546.0,861.0,14:04:38.914740
-19.0,-477.0,694.0,14:04:38.924049
125.0,-570.0,1157.0,14:04:38.934663
65.0,-514.0,1028.0,14:04:38.943978
-30.0,-497.0,858.0,14:04:38.954475
179.0,-567.0,714.0,14:04:38.963890
94.0,-559.0,1191.0,14:04:38.974357
56.0,-431.0,1034.0,14:04:38.983718
53.0,-524.0,753.0,14:04:38.993098
-49.0,-401.0,843.0,14:04:39.003786
-92.0,-505.0,1200.0,14:04:39.013088
-55.0,-468.0,832.0,14:04:39.023651
24.0,-498.0,817.0,14:04:39.033066
18.0,-468.0,1171.0,14:04:39.042481
30.0,-658.0,982.0,14:04:39.052906
94.0,-477.0,723.0,14:04:39.062342
38.0,-590.0,1113.0,14:04:39.072884
-5.0,-647.0,1088.0,14:04:39.082343
-56.0,-617.0,1022.0,14:04:39.095445
-19.0,-473.0,867.0,14:04:39.101945
-135.0,-375.0,672.0,14:04:39.111356
-40.0,-409.0,848.0,14:04:39.121917
-57.0,-600.0,1264.0,14:04:39.131321
-27.0,-671.0,1055.0,14:04:39.141827
14.0,-576.0,721.0,14:04:39.151230
47.0,-455.0,765.0,14:04:39.160761
52.0,-488.0,937.0,14:04:39.171281
72.0,-646.0,862.0,14:04:39.180710
62.0,-372.0,859.0,14:04:39.191163
-13.0,-264.0,874.0,14:04:39.200673
31.0,-331.0,916.0,14:04:39.209961
144.0,-493.0,998.0,14:04:39.220420
-13.0,-517.0,743.0,14:04:39.229775
108.0,-469.0,984.0,14:04:39.240320
-21.0,-353.0,860.0,14:04:39.249662
-3.0,-538.0,823.0,14:04:39.259114
44.0,-543.0,1098.0,14:04:39.269534
-74.0,-466.0,1091.0,14:04:39.278993
-25.0,-564.0,855.0,14:04:39.289459
6.0,-534.0,876.0,14:04:39.298769
55.0,-597.0,1061.0,14:04:39.309311
33.0,-719.0,1185.0,14:04:39.318681
32.0,-501.0,475.0,14:04:39.328130
119.0,-401.0,942.0,14:04:39.338634
-32.0,-466.0,1461.0,14:04:39.348088
104.0,-607.0,841.0,14:04:39.358524
108.0,-328.0,231.0,14:04:39.367915
-133.0,-446.0,1356.0,14:04:39.378462
17.0,-512.0,1343.0,14:04:39.387981
36.0,-457.0,449.0,14:04:39.397245
190.0,-594.0,926.0,14:04:39.407793
70.0,-705.0,1457.0,14:04:39.417181
44.0,-717.0,618.0,14:04:39.427869
73.0,-286.0,487.0,14:04:39.437194
-294.0,-392.0,1337.0,14:04:39.446514
83.0,-681.0,1260.0,14:04:39.457183
85.0,-468.0,379.0,14:04:39.466498
-97.0,-290.0,784.0,14:04:39.475890
23.0,-475.0,1370.0,14:04:39.486407
63.0,-445.0,796.0,14:04:39.496919
96.0,-492.0,772.0,14:04:39.505609
-114.0,-365.0,934.0,14:04:39.516029
0.0,-510.0,1252.0,14:04:39.525429
-76.0,-579.0,1316.0,14:04:39.535865
-73.0,-419.0,771.0,14:04:39.545298
142.0,-485.0,520.0,14:04:39.554803
-8.0,-563.0,1187.0,14:04:39.565308
139.0,-625.0,1294.0,14:04:39.574685
58.0,-558.0,548.0,14:04:39.585239
92.0,-586.0,582.0,14:04:39.594716
114.0,-546.0,1021.0,14:04:39.604064
118.0,-520.0,794.0,14:04:39.614617
36.0,-440.0,715.0,14:04:39.623962
-11.0,-355.0,1051.0,14:04:39.643559
22.0,-318.0,837.0,14:04:39.654139
-15.0,-352.0,832.0,14:04:39.663498
19.0,-517.0,1015.0,14:04:39.673990
117.0,-616.0,1290.0,14:04:39.683421
-14.0,-397.0,1042.0,14:04:39.692765
-43.0,-561.0,943.0,14:04:39.703298
12.0,-499.0,1026.0,14:04:39.712657
178.0,-516.0,1131.0,14:04:39.723093
87.0,-593.0,994.0,14:04:39.732522
31.0,-513.0,889.0,14:04:39.742909
53.0,-667.0,1024.0,14:04:39.752464
134.0,-814.0,707.0,14:04:39.761827
-26.0,-539.0,784.0,14:04:39.772491
13.0,-360.0,915.0,14:04:39.781907
-7.0,-331.0,960.0,14:04:39.791269
66.0,-358.0,775.0,14:04:39.801847
25.0,-459.0,552.0,14:04:39.811262
-27.0,-127.0,791.0,14:04:39.821715
-77.0,-242.0,1048.0,14:04:39.831118
-7.0,-583.0,1262.0,14:04:39.840569
8.0,-624.0,929.0,14:04:39.851053
-35.0,-580.0,607.0,14:04:39.860388
21.0,-576.0,1180.0,14:04:39.870824
48.0,-605.0,1119.0,14:04:39.880304
15.0,-798.0,906.0,14:04:39.890747
143.0,-819.0,869.0,14:04:39.900267
-122.0,-504.0,1009.0,14:04:39.909662
61.0,-585.0,674.0,14:04:39.920307
-174.0,-465.0,710.0,14:04:39.929646
-112.0,-511.0,1175.0,14:04:39.939062
-122.0,-581.0,1033.0,14:04:39.949633
-26.0,-476.0,685.0,14:04:39.959074
-243.0,-414.0,1218.0,14:04:39.969562
71.0,-445.0,1292.0,14:04:39.978931
-143.0,-580.0,710.0,14:04:39.988346
29.0,-529.0,1292.0,14:04:40.008208
-97.0,-584.0,1048.0,14:04:40.018639
24.0,-520.0,750.0,14:04:40.028139
-120.0,-356.0,1083.0,14:04:40.038567
-37.0,-586.0,1020.0,14:04:40.048011
74.0,-707.0,579.0,14:04:40.057361
-28.0,-564.0,954.0,14:04:40.067949
0.0,-428.0,1116.0,14:04:40.077307
-28.0,-554.0,706.0,14:04:40.087859
63.0,-579.0,782.0,14:04:40.097317
14.0,-553.0,804.0,14:04:40.106719
67.0,-435.0,812.0,14:04:40.117166
22.0,-361.0,1012.0,14:04:40.126491
-16.0,-489.0,975.0,14:04:40.137069
100.0,-509.0,844.0,14:04:40.146375
24.0,-429.0,970.0,14:04:40.155923
-114.0,-596.0,655.0,14:04:40.175473
21.0,-461.0,973.0,14:04:40.185883
-30.0,-493.0,1198.0,14:04:40.196392
171.0,-304.0,540.0,14:04:40.205751
2.0,-379.0,666.0,14:04:40.215197
-40.0,-485.0,1270.0,14:04:40.225731
-41.0,-457.0,993.0,14:04:40.235130
-161.0,-404.0,495.0,14:04:40.245574
37.0,-540.0,888.0,14:04:40.255076
-45.0,-603.0,1424.0,14:04:40.264496
-75.0,-486.0,893.0,14:04:40.274936
34.0,-279.0,502.0,14:04:40.284362
119.0,-583.0,1120.0,14:04:40.294481
62.0,-706.0,1336.0,14:04:40.304215
82.0,-503.0,745.0,14:04:40.313748
-103.0,-423.0,826.0,14:04:40.324275
13.0,-595.0,1130.0,14:04:40.333777
-79.0,-619.0,1007.0,14:04:40.343073
90.0,-600.0,721.0,14:04:40.353711
-1.0,-543.0,980.0,14:04:40.363087
-2.0,-631.0,1140.0,14:04:40.373768
84.0,-685.0,908.0,14:04:40.383136
89.0,-548.0,768.0,14:04:40.392539
27.0,-490.0,980.0,14:04:40.403046
65.0,-530.0,1005.0,14:04:40.412508
-21.0,-315.0,934.0,14:04:40.422942
-92.0,-381.0,823.0,14:04:40.432383
91.0,-397.0,792.0,14:04:40.441693
-70.0,-264.0,906.0,14:04:40.452383
-43.0,-380.0,1068.0,14:04:40.461699
55.0,-655.0,1205.0,14:04:40.472173
