-27.0,-588.0,873.0,14:04:40.543677
72.0,-664.0,918.0,14:04:40.550894
-39.0,-537.0,739.0,14:04:40.560221
-81.0,-409.0,843.0,14:04:40.570731
1.0,-412.0,711.0,14:04:40.580115
12.0,-344.0,875.0,14:04:40.590538
-14.0,-303.0,881.0,14:04:40.599927
82.0,-382.0,837.0,14:04:40.609335
-85.0,-485.0,1117.0,14:04:40.619818
107.0,-530.0,957.0,14:04:40.629188
86.0,-559.0,1027.0,14:04:40.639697
68.0,-542.0,985.0,14:04:40.649075
102.0,-600.0,1186.0,14:04:40.659521
49.0,-709.0,1103.0,14:04:40.668942
-29.0,-676.0,867.0,14:04:40.678410
86.0,-574.0,770.0,14:04:40.688967
-5.0,-717.0,928.0,14:04:40.700795
61.0,-841.0,873.0,14:04:40.708036
-27.0,-498.0,731.0,14:04:40.718467
-63.0,-417.0,617.0,14:04:40.727978
-70.0,-222.0,709.0,14:04:40.737323
-53.0,-312.0,1130.0,14:04:40.748002
-19.0,-422.0,957.0,14:04:40.757297
-3.0,-405.0,654.0,14:04:40.767945
-1.0,-361.0,1035.0,14:04:40.777298
56.0,-299.0,1198.0,14:04:40.786659
68.0,-486.0,1338.0,14:04:40.797255
107.0,-492.0,729.0,14:04:40.807149
35.0,-497.0,1083.0,14:04:40.816494
-18.0,-500.0,1105.0,14:04:40.827150
-84.0,-588.0,1095.0,14:04:40.836453
103.0,-604.0,759.0,14:04:40.845972
51.0,-716.0,981.0,14:04:40.856481
-8.0,-592.0,1072.0,14:04:40.865935
66.0,-629.0,957.0,14:04:40.875278
21.0,-604.0,861.0,14:04:40.885911
135.0,-474.0,813.0,14:04:40.895284
-61.0,-478.0,771.0,14:04:40.905849
136.0,-527.0,834.0,14:04:40.915254
45.0,-440.0,837.0,14:04:40.924757
-18.0,-394.0,824.0,14:04:40.935254
13.0,-353.0,691.0,14:04:40.944624
-41.0,-373.0,756.0,14:04:40.955189
33.0,-350.0,855.0,14:04:40.964461
44.0,-349.0,836.0,14:04:40.974918
18.0,-405.0,882.0,14:04:40.984205
58.0,-477.0,1098.0,14:04:40.993664
-6.0,-384.0,1085.0,14:04:41.004165
41.0,-450.0,881.0,14:04:41.013617
63.0,-421.0,994.0,14:04:41.024037
-5.0,-541.0,1255.0,14:04:41.033491
97.0,-626.0,1061.0,14:04:41.042794
105.0,-635.0,819.0,14:04:41.053275
46.0,-578.0,970.0,14:04:41.062581
20.0,-541.0,1104.0,14:04:41.073102
88.0,-545.0,877.0,14:04:41.082526
59.0,-455.0,752.0,14:04:41.093000
-64.0,-361.0,1053.0,14:04:41.102408
-52.0,-276.0,1201.0,14:04:41.111822
94.0,-355.0,809.0,14:04:41.122385
63.0,-291.0,798.0,14:04:41.131820
74.0,-343.0,1045.0,14:04:41.142379
175.0,-317.0,1046.0,14:04:41.151705
140.0,-427.0,1056.0,14:04:41.162168
154.0,-495.0,887.0,14:04:41.171513
185.0,-470.0,808.0,14:04:41.180970
162.0,-460.0,821.0,14:04:41.191474
190.0,-477.0,985.0,14:04:41.200806
93.0,-531.0,864.0,14:04:41.211317
205.0,-547.0,888.0,14:04:41.220694
121.0,-516.0,819.0,14:04:41.230184
74.0,-470.0,722.0,14:04:41.240767
113.0,-499.0,728.0,14:04:41.250148
35.0,-520.0,1051.0,14:04:41.259663
94.0,-537.0,968.0,14:04:41.270147
132.0,-432.0,782.0,14:04:41.279574
62.0,-477.0,883.0,14:04:41.290119
101.0,-451.0,950.0,14:04:41.299506
92.0,-467.0,1124.0,14:04:41.309929
55.0,-398.0,929.0,14:04:41.319263
-12.0,-496.0,958.0,14:04:41.329704
33.0,-662.0,1166.0,14:04:41.339220
71.0,-441.0,1078.0,14:04:41.348528
-68.0,-540.0,1023.0,14:04:41.359064
105.0,-514.0,1057.0,14:04:41.368483
150.0,-627.0,980.0,14:04:41.377956
14.0,-574.0,974.0,14:04:41.388407
42.0,-526.0,984.0,14:04:41.397825
-30.0,-562.0,867.0,14:04:41.417487
-19.0,-519.0,800.0,14:04:41.428020
44.0,-555.0,890.0,14:04:41.437456
36.0,-482.0,858.0,14:04:41.447967
22.0,-430.0,682.0,14:04:41.457323
235.0,-461.0,912.0,14:04:41.466615
57.0,-536.0,942.0,14:04:41.477027
94.0,-469.0,850.0,14:04:41.486367
75.0,-419.0,901.0,14:04:41.503163
34.0,-459.0,930.0,14:04:41.506371
8.0,-534.0,1182.0,14:04:41.516964
114.0,-592.0,1047.0,14:04:41.526291
75.0,-602.0,1084.0,14:04:41.535626
179.0,-558.0,970.0,14:04:41.546126
101.0,-541.0,831.0,14:04:41.555402
80.0,-643.0,927.0,14:04:41.565868
27.0,-627.0,842.0,14:04:41.575337
-149.0,-520.0,879.0,14:04:41.585835
-145.0,-525.0,926.0,14:04:41.595291
-184.0,-396.0,774.0,14:04:41.604686
-112.0,-363.0,886.0,14:04:41.615239
-133.0,-274.0,980.0,14:04:41.624714
-35.0,-266.0,814.0,14:04:41.635221
109.0,-258.0,896.0,14:04:41.644610
47.0,-378.0,1046.0,14:04:41.653970
154.0,-429.0,1055.0,14:04:41.664443
49.0,-448.0,1157.0,14:04:41.673870
7.0,-505.0,1025.0,14:04:41.684283
206.0,-539.0,857.0,14:04:41.693747
-14.0,-511.0,923.0,14:04:41.703158
164.0,-650.0,1016.0,14:04:41.713754
-80.0,-549.0,901.0,14:04:41.723010
-35.0,-596.0,807.0,14:04:41.733700
100.0,-577.0,935.0,14:04:41.743101
46.0,-642.0,952.0,14:04:41.752491
79.0,-604.0,997.0,14:04:41.763002
129.0,-468.0,902.0,14:04:41.772485
3.0,-388.0,1052.0,14:04:41.782897
80.0,-376.0,1158.0,14:04:41.792447
71.0,-363.0,1130.0,14:04:41.801756
97.0,-484.0,1069.0,14:04:41.812328
135.0,-380.0,953.0,14:04:41.821634
139.0,-412.0,1089.0,14:04:41.832170
60.0,-429.0,1058.0,14:04:41.841576
133.0,-528.0,1064.0,14:04:41.851017
90.0,-457.0,959.0,14:04:41.861434
94.0,-501.0,857.0,14:04:41.870777
-21.0,-536.0,912.0,14:04:41.881342
44.0,-459.0,767.0,14:04:41.890802
3.0,-490.0,760.0,14:04:41.906424
69.0,-541.0,982.0,14:04:41.910171
30.0,-441.0,874.0,14:04:41.920575
86.0,-385.0,848.0,14:04:41.929972
108.0,-491.0,1178.0,14:04:41.940497
52.0,-350.0,1017.0,14:04:41.949794
272.0,-343.0,890.0,14:04:41.960285
166.0,-463.0,813.0,14:04:41.969670
39.0,-446.0,1145.0,14:04:41.979051
-45.0,-315.0,1194.0,14:04:41.989592
-55.0,-455.0,943.0,14:04:41.998953
162.0,-396.0,689.0,14:04:42.009534
-54.0,-404.0,1161.0,14:04:42.018959
-65.0,-328.0,1174.0,14:04:42.028291
113.0,-461.0,1038.0,14:04:42.038771
143.0,-435.0,875.0,14:04:42.048139
121.0,-429.0,1152.0,14:04:42.058722
190.0,-503.0,1169.0,14:04:42.068074
158.0,-479.0,905.0,14:04:42.078506
181.0,-528.0,852.0,14:04:42.087964
27.0,-492.0,879.0,14:04:42.098384
59.0,-504.0,800.0,14:04:42.107775
-96.0,-497.0,747.0,14:04:42.117141
-9.0,-524.0,885.0,14:04:42.127788
-93.0,-479.0,729.0,14:04:42.137121
31.0,-530.0,558.0,14:04:42.146580
112.0,-566.0,828.0,14:04:42.157149
-73.0,-550.0,948.0,14:04:42.166591
-39.0,-419.0,824.0,14:04:42.177034
36.0,-420.0,986.0,14:04:42.186521
0.0,-374.0,1196.0,14:04:42.195879
-7.0,-341.0,1016.0,14:04:42.206404
142.0,-422.0,915.0,14:04:42.215925
64.0,-324.0,1239.0,14:04:42.226437
122.0,-424.0,1339.0,14:04:42.235831
151.0,-400.0,969.0,14:04:42.245211
176.0,-465.0,929.0,14:04:42.255802
124.0,-453.0,1114.0,14:04:42.265212
74.0,-440.0,1245.0,14:04:42.275664
82.0,-364.0,938.0,14:04:42.285032
51.0,-482.0,1072.0,14:04:42.295457
175.0,-471.0,1014.0,14:04:42.304816
122.0,-436.0,989.0,14:04:42.314134
1.0,-455.0,1024.0,14:04:42.324692
222.0,-366.0,751.0,14:04:42.334013
-1.0,-428.0,789.0,14:04:42.344538
-75.0,-388.0,985.0,14:04:42.353933
-73.0,-403.0,908.0,14:04:42.364464
45.0,-322.0,891.0,14:04:42.373835
66.0,-338.0,893.0,14:04:42.383142
197.0,-311.0,845.0,14:04:42.393914
196.0,-304.0,919.0,14:04:42.403242
33.0,-396.0,1091.0,14:04:42.413708
141.0,-276.0,1055.0,14:04:42.422962
155.0,-457.0,1033.0,14:04:42.432378
253.0,-391.0,779.0,14:04:42.443001
139.0,-425.0,893.0,14:04:42.452365
137.0,-508.0,1152.0,14:04:42.462857
105.0,-515.0,1229.0,14:04:42.472276
240.0,-525.0,896.0,14:04:42.482684
172.0,-593.0,921.0,14:04:42.492033
138.0,-484.0,899.0,14:04:42.501344
57.0,-466.0,1248.0,14:04:42.511945
171.0,-498.0,1002.0,14:04:42.521356
119.0,-476.0,791.0,14:04:42.531915
6.0,-507.0,1128.0,14:04:42.541282
50.0,-368.0,874.0,14:04:42.550666
-52.0,-484.0,1230.0,14:04:42.571455
-23.0,-387.0,826.0,14:04:42.580763
134.0,-371.0,848.0,14:04:42.590324
44.0,-533.0,1127.0,14:04:42.600853
57.0,-470.0,787.0,14:04:42.610211
59.0,-430.0,1119.0,14:04:42.629952
5.0,-361.0,950.0,14:04:42.640365
43.0,-374.0,905.0,14:04:42.649765
187.0,-483.0,1059.0,14:04:42.659144
210.0,-471.0,985.0,14:04:42.669671
278.0,-429.0,782.0,14:04:42.679081
61.0,-373.0,962.0,14:04:42.689509
148.0,-463.0,1018.0,14:04:42.705660
88.0,-379.0,960.0,14:04:42.709585
58.0,-403.0,886.0,14:04:42.719000
54.0,-392.0,1041.0,14:04:42.728324
49.0,-426.0,1055.0,14:04:42.738745
-26.0,-337.0,869.0,14:04:42.748141
128.0,-375.0,892.0,14:04:42.758604
88.0,-501.0,1230.0,14:04:42.767950
119.0,-430.0,838.0,14:04:42.777239
79.0,-421.0,834.0,14:04:42.787790
-8.0,-341.0,819.0,14:04:42.797114
15.0,-263.0,988.0,14:04:42.807775
0.0,-342.0,1275.0,14:04:42.817040
102.0,-470.0,996.0,14:04:42.827605
184.0,-390.0,760.0,14:04:42.837032
24.0,-346.0,940.0,14:04:42.846401
114.0,-443.0,1159.0,14:04:42.856937
154.0,-482.0,1120.0,14:04:42.866329
85.0,-475.0,1030.0,14:04:42.875862
73.0,-446.0,741.0,14:04:42.886370
94.0,-394.0,1022.0,14:04:42.895725
209.0,-476.0,953.0,14:04:42.906258
82.0,-283.0,807.0,14:04:42.915526
84.0,-443.0,883.0,14:04:42.926049
66.0,-451.0,700.0,14:04:42.935381
-24.0,-296.0,912.0,14:04:42.944811
-40.0,-293.0,1189.0,14:04:42.955405
96.0,-284.0,941.0,14:04:42.964779
208.0,-405.0,987.0,14:04:42.975186
188.0,-445.0,1211.0,14:04:42.984771
110.0,-261.0,982.0,14:04:42.994060
124.0,-239.0,972.0,14:04:43.004728
241.0,-393.0,1239.0,14:04:43.013990
245.0,-433.0,943.0,14:04:43.024708
152.0,-495.0,970.0,14:04:43.034065
123.0,-498.0,1176.0,14:04:43.043514
134.0,-443.0,957.0,14:04:43.054129
142.0,-436.0,873.0,14:04:43.063587
101.0,-430.0,888.0,14:04:43.072984
-20.0,-468.0,1084.0,14:04:43.083609
89.0,-413.0,1045.0,14:04:43.092966
78.0,-446.0,862.0,14:04:43.107230
191.0,-516.0,911.0,14:04:43.113335
36.0,-457.0,850.0,14:04:43.122705
-97.0,-337.0,887.0,14:04:43.132064
60.0,-286.0,959.0,14:04:43.142561
98.0,-423.0,1005.0,14:04:43.151928
87.0,-345.0,843.0,14:04:43.162478
86.0,-403.0,971.0,14:04:43.171843
229.0,-354.0,884.0,14:04:43.181275
259.0,-343.0,1058.0,14:04:43.191749
135.0,-307.0,1004.0,14:04:43.201063
268.0,-529.0,935.0,14:04:43.211478
283.0,-582.0,834.0,14:04:43.220881
128.0,-466.0,969.0,14:04:43.231356
141.0,-549.0,1124.0,14:04:43.240706
169.0,-572.0,865.0,14:04:43.251299
179.0,-441.0,550.0,14:04:43.260700
-62.0,-445.0,952.0,14:04:43.270155
12.0,-371.0,1084.0,14:04:43.280694
74.0,-441.0,967.0,14:04:43.290121
62.0,-462.0,1067.0,14:04:43.309748
65.0,-359.0,1061.0,14:04:43.320294
205.0,-473.0,866.0,14:04:43.329641
235.0,-362.0,666.0,14:04:43.339085
-40.0,-351.0,1013.0,14:04:43.349597
-24.0,-329.0,1054.0,14:04:43.359032
178.0,-375.0,669.0,14:04:43.369542
290.0,-494.0,1081.0,14:04:43.379110
136.0,-563.0,1274.0,14:04:43.388364
122.0,-414.0,792.0,14:04:43.398964
4.0,-131.0,690.0,14:04:43.408289
174.0,-316.0,1218.0,14:04:43.418998
37.0,-378.0,1219.0,14:04:43.428290
97.0,-414.0,965.0,14:04:43.437704
187.0,-523.0,948.0,14:04:43.448287
85.0,-401.0,943.0,14:04:43.457761
157.0,-190.0,850.0,14:04:43.468161
159.0,-415.0,1314.0,14:04:43.477516
202.0,-553.0,910.0,14:04:43.487006
33.0,-502.0,808.0,14:04:43.497583
47.0,-511.0,991.0,14:04:43.507133
118.0,-383.0,907.0,14:04:43.516483
-19.0,-217.0,1006.0,14:04:43.527022
31.0,-334.0,892.0,14:04:43.536482
196.0,-430.0,630.0,14:04:43.545928
209.0,-435.0,989.0,14:04:43.556407
151.0,-400.0,1354.0,14:04:43.565906
321.0,-307.0,880.0,14:04:43.576351
308.0,-245.0,735.0,14:04:43.585849
160.0,-528.0,1151.0,14:04:43.595184
103.0,-302.0,682.0,14:04:43.605739
113.0,-340.0,1168.0,14:04:43.615120
165.0,-432.0,1245.0,14:04:43.625578
136.0,-376.0,793.0,14:04:43.634961
126.0,-552.0,937.0,14:04:43.645556
-27.0,-255.0,871.0,14:04:43.654858
148.0,-410.0,1073.0,14:04:43.664257
205.0,-486.0,946.0,14:04:43.674730
195.0,-539.0,960.0,14:04:43.684244
136.0,-504.0,1040.0,14:04:43.694733
179.0,-395.0,908.0,14:04:43.704237
1.0,-361.0,919.0,14:04:43.723907
68.0,-481.0,845.0,14:04:43.733165
170.0,-386.0,567.0,14:04:43.743679
-2.0,-444.0,1001.0,14:04:43.752980
-46.0,-410.0,1037.0,14:04:43.763737
148.0,-540.0,1135.0,14:04:43.773033
153.0,-556.0,1170.0,14:04:43.782479
206.0,-433.0,533.0,14:04:43.792964
151.0,-337.0,842.0,14:04:43.802444
39.0,-293.0,1445.0,14:04:43.812951
115.0,-410.0,1226.0,14:04:43.822380
214.0,-522.0,616.0,14:04:43.832834
156.0,-641.0,1002.0,14:04:43.842284
-36.0,-362.0,790.0,14:04:43.851578
-42.0,-422.0,1105.0,14:04:43.862210
149.0,-607.0,1328.0,14:04:43.871530
64.0,-595.0,827.0,14:04:43.882033
223.0,-635.0,439.0,14:04:43.891377
46.0,-442.0,965.0,14:04:43.907859
29.0,-452.0,1205.0,14:04:43.912814
61.0,-389.0,774.0,14:04:43.921051
60.0,-566.0,981.0,14:04:43.940730
-2.0,-368.0,1015.0,14:04:43.950129
91.0,-265.0,1046.0,14:04:43.960707
287.0,-346.0,1259.0,14:04:43.970160
186.0,-517.0,1059.0,14:04:43.980699
72.0,-360.0,708.0,14:04:43.990084
222.0,-345.0,807.0,14:04:43.999467
85.0,-536.0,1447.0,14:04:44.010106
108.0,-485.0,993.0,14:04:44.019456
88.0,-509.0,571.0,14:04:44.028759
-38.0,-632.0,926.0,14:04:44.039251
86.0,-509.0,969.0,14:04:44.048619
-170.0,-440.0,1233.0,14:04:44.059089
93.0,-358.0,990.0,14:04:44.068448
90.0,-444.0,1022.0,14:04:44.079102
124.0,-311.0,665.0,14:04:44.088429
51.0,-358.0,1200.0,14:04:44.097886
87.0,-489.0,1739.0,14:04:44.108407
307.0,-505.0,964.0,14:04:44.117940
193.0,-392.0,509.0,14:04:44.128371
66.0,-510.0,1072.0,14:04:44.137817
49.0,-409.0,1191.0,14:04:44.147128
-28.0,-452.0,938.0,14:04:44.157853
140.0,-566.0,788.0,14:04:44.167121
18.0,-555.0,645.0,14:04:44.177603
-1.0,-448.0,746.0,14:04:44.186992
142.0,-614.0,1309.0,14:04:44.196361
120.0,-538.0,861.0,14:04:44.206961
78.0,-393.0,731.0,14:04:44.216431
41.0,-288.0,871.0,14:04:44.226929
-40.0,-178.0,768.0,14:04:44.236329
57.0,-394.0,1160.0,14:04:44.245758
209.0,-532.0,1266.0,14:04:44.256320
284.0,-401.0,727.0,14:04:44.265595
153.0,-616.0,825.0,14:04:44.276118
186.0,-559.0,1007.0,14:04:44.285423
30.0,-403.0,984.0,14:04:44.295906
3.0,-529.0,1015.0,14:04:44.310814
172.0,-534.0,678.0,14:04:44.314800
43.0,-445.0,767.0,14:04:44.325356
-124.0,-302.0,1022.0,14:04:44.334706
26.0,-385.0,1039.0,14:04:44.345159
193.0,-551.0,1077.0,14:04:44.354499
173.0,-317.0,895.0,14:04:44.363914
157.0,-303.0,850.0,14:04:44.374354
103.0,-224.0,1207.0,14:04:44.383756
116.0,-381.0,1236.0,14:04:44.394290
201.0,-349.0,847.0,14:04:44.403624
116.0,-439.0,948.0,14:04:44.413105
14.0,-536.0,1189.0,14:04:44.423599
78.0,-400.0,1028.0,14:04:44.433003
181.0,-438.0,847.0,14:04:44.443566
118.0,-460.0,777.0,14:04:44.452946
209.0,-470.0,805.0,14:04:44.462369
275.0,-462.0,921.0,14:04:44.472907
149.0,-597.0,1298.0,14:04:44.482346
107.0,-410.0,818.0,14:04:44.492865
36.0,-361.0,503.0,14:04:44.502162
169.0,-592.0,928.0,14:04:44.512772
110.0,-508.0,1178.0,14:04:44.522044
64.0,-417.0,986.0,14:04:44.531410
76.0,-245.0,683.0,14:04:44.541787
124.0,-453.0,876.0,14:04:44.551300
227.0,-570.0,1051.0,14:04:44.561839
189.0,-545.0,716.0,14:04:44.571397
190.0,-654.0,907.0,14:04:44.580696
13.0,-401.0,1065.0,14:04:44.591308
-136.0,-329.0,978.0,14:04:44.600573
119.0,-512.0,858.0,14:04:44.611234
235.0,-528.0,1018.0,14:04:44.620542
22.0,-386.0,1072.0,14:04:44.629962
12.0,-320.0,1050.0,14:04:44.640459
130.0,-390.0,896.0,14:04:44.649758
137.0,-426.0,944.0,14:04:44.660250
89.0,-400.0,1105.0,14:04:44.669756
10.0,-352.0,1050.0,14:04:44.680272
168.0,-501.0,1031.0,14:04:44.689593
180.0,-531.0,1010.0,14:04:44.699039
190.0,-487.0,731.0,14:04:44.709658
86.0,-557.0,1046.0,14:04:44.719084
19.0,-591.0,1187.0,14:04:44.729585
107.0,-341.0,818.0,14:04:44.738991
41.0,-420.0,734.0,14:04:44.748319
149.0,-605.0,919.0,14:04:44.758993
26.0,-533.0,793.0,14:04:44.768309
61.0,-490.0,799.0,14:04:44.778801
44.0,-532.0,943.0,14:04:44.788104
51.0,-365.0,751.0,14:04:44.797451
40.0,-326.0,775.0,14:04:44.807970
-7.0,-463.0,1141.0,14:04:44.817426
153.0,-345.0,961.0,14:04:44.827923
27.0,-476.0,997.0,14:04:44.837318
196.0,-426.0,910.0,14:04:44.847898
111.0,-290.0,911.0,14:04:44.857389
-17.0,-325.0,1195.0,14:04:44.866868
176.0,-583.0,991.0,14:04:44.877464
219.0,-487.0,848.0,14:04:44.886923
167.0,-516.0,1058.0,14:04:44.896399
188.0,-369.0,965.0,14:04:44.906895
62.0,-439.0,869.0,14:04:44.916272
149.0,-441.0,814.0,14:04:44.925570
7.0,-375.0,1090.0,14:04:44.936097
159.0,-488.0,926.0,14:04:44.945435
70.0,-470.0,895.0,14:04:44.956056
-43.0,-361.0,1041.0,14:04:44.965419
23.0,-389.0,867.0,14:04:44.975910
92.0,-341.0,741.0,14:04:44.985229
-82.0,-197.0,958.0,14:04:44.994681
74.0,-414.0,1272.0,14:04:45.005321
241.0,-525.0,771.0,14:04:45.014689
246.0,-576.0,649.0,14:04:45.025186
104.0,-446.0,1127.0,14:04:45.034621
154.0,-610.0,1094.0,14:04:45.044042
126.0,-514.0,719.0,14:04:45.054528
38.0,-567.0,874.0,14:04:45.063878
50.0,-579.0,846.0,14:04:45.074335
108.0,-491.0,785.0,14:04:45.083729
22.0,-495.0,1110.0,14:04:45.094157
125.0,-588.0,1043.0,14:04:45.111594
3.0,-456.0,646.0,14:04:45.112969
67.0,-398.0,885.0,14:04:45.123605
1.0,-487.0,1271.0,14:04:45.132964
159.0,-494.0,1063.0,14:04:45.143453
97.0,-409.0,793.0,14:04:45.152846
160.0,-482.0,1153.0,14:04:45.162215
102.0,-642.0,1352.0,14:04:45.172749
213.0,-611.0,886.0,14:04:45.182116
142.0,-609.0,874.0,14:04:45.192637
128.0,-564.0,933.0,14:04:45.201926
111.0,-576.0,1163.0,14:04:45.211395
-128.0,-429.0,876.0,14:04:45.221874
75.0,-475.0,651.0,14:04:45.231332
-64.0,-602.0,996.0,14:04:45.241828
-30.0,-523.0,1015.0,14:04:45.251427
119.0,-476.0,779.0,14:04:45.260818
68.0,-494.0,770.0,14:04:45.271314
117.0,-650.0,1046.0,14:04:45.280808
71.0,-438.0,969.0,14:04:45.290200
-6.0,-372.0,855.0,14:04:45.300734
181.0,-454.0,879.0,14:04:45.310163
44.0,-354.0,721.0,14:04:45.320788
45.0,-393.0,734.0,14:04:45.330141
10.0,-406.0,955.0,14:04:45.339513
87.0,-351.0,764.0,14:04:45.350138
120.0,-461.0,1047.0,14:04:45.359565
222.0,-551.0,1231.0,14:04:45.370102
139.0,-474.0,917.0,14:04:45.379527
275.0,-604.0,950.0,14:04:45.388827
106.0,-518.0,1164.0,14:04:45.399465
150.0,-651.0,1093.0,14:04:45.408905
-46.0,-593.0,917.0,14:04:45.418383
8.0,-638.0,763.0,14:04:45.428822
-47.0,-528.0,906.0,14:04:45.438229
-28.0,-555.0,1011.0,14:04:45.448714
7.0,-529.0,853.0,14:04:45.458122
-28.0,-496.0,773.0,14:04:45.468584
18.0,-459.0,918.0,14:04:45.478047
131.0,-383.0,940.0,14:04:45.487329
82.0,-484.0,963.0,14:04:45.497931
90.0,-483.0,845.0,14:04:45.518683
3.0,-454.0,940.0,14:04:45.526958
136.0,-545.0,1058.0,14:04:45.537410
48.0,-490.0,789.0,14:04:45.546720
-30.0,-364.0,896.0,14:04:45.557231
-53.0,-391.0,1022.0,14:04:45.566572
105.0,-495.0,897.0,14:04:45.576007
46.0,-388.0,1133.0,14:04:45.586550
176.0,-399.0,1032.0,14:04:45.595916
101.0,-519.0,869.0,14:04:45.606415
180.0,-566.0,1000.0,14:04:45.615796
175.0,-586.0,1120.0,14:04:45.626236
86.0,-513.0,977.0,14:04:45.635597
49.0,-488.0,828.0,14:04:45.646050
-65.0,-454.0,957.0,14:04:45.655347
4.0,-363.0,940.0,14:04:45.664737
-51.0,-319.0,981.0,14:04:45.675334
85.0,-382.0,773.0,14:04:45.684735
59.0,-347.0,910.0,14:04:45.695262
27.0,-308.0,1135.0,14:04:45.704620
51.0,-329.0,880.0,14:04:45.714107
166.0,-345.0,957.0,14:04:45.724590
112.0,-383.0,1054.0,14:04:45.734092
44.0,-423.0,901.0,14:04:45.744628
149.0,-526.0,962.0,14:04:45.754139
231.0,-562.0,830.0,14:04:45.763543
85.0,-480.0,865.0,14:04:45.774141
195.0,-467.0,1011.0,14:04:45.783493
-67.0,-393.0,929.0,14:04:45.792928
112.0,-434.0,768.0,14:04:45.803624
39.0,-296.0,823.0,14:04:45.813013
-13.0,-311.0,1086.0,14:04:45.822468
142.0,-323.0,1020.0,14:04:45.832600
96.0,-444.0,1048.0,14:04:45.842937
238.0,-442.0,1039.0,14:04:45.852412
126.0,-419.0,1214.0,14:04:45.862837
184.0,-431.0,979.0,14:04:45.872241
106.0,-406.0,936.0,14:04:45.881544
148.0,-499.0,938.0,14:04:45.892060
168.0,-557.0,1025.0,14:04:45.901390
128.0,-488.0,982.0,14:04:45.911948
10.0,-437.0,1000.0,14:04:45.921322
109.0,-624.0,1093.0,14:04:45.931846
155.0,-665.0,865.0,14:04:45.941249
173.0,-433.0,686.0,14:04:45.950656
-52.0,-365.0,942.0,14:04:45.961321
128.0,-417.0,1089.0,14:04:45.970707
100.0,-295.0,759.0,14:04:45.981124
86.0,-291.0,651.0,14:04:45.990485
-10.0,-367.0,1170.0,14:04:46.000885
84.0,-460.0,1104.0,14:04:46.010276
107.0,-403.0,683.0,14:04:46.019533
140.0,-472.0,1030.0,14:04:46.030131
77.0,-546.0,1104.0,14:04:46.039418
193.0,-369.0,779.0,14:04:46.050123
36.0,-537.0,1234.0,14:04:46.059401
150.0,-566.0,1157.0,14:04:46.068791
-30.0,-460.0,739.0,14:04:46.079213
78.0,-462.0,870.0,14:04:46.088573
-5.0,-537.0,1010.0,14:04:46.099127
30.0,-596.0,1031.0,14:04:46.108487
132.0,-645.0,877.0,14:04:46.119126
75.0,-664.0,871.0,14:04:46.128411
93.0,-595.0,724.0,14:04:46.137811
158.0,-485.0,854.0,14:04:46.148266
15.0,-395.0,888.0,14:04:46.157719
70.0,-291.0,862.0,14:04:46.168271
-12.0,-371.0,863.0,14:04:46.177791
105.0,-445.0,1110.0,14:04:46.187241
123.0,-478.0,1190.0,14:04:46.197851
35.0,-481.0,944.0,14:04:46.207166
150.0,-456.0,738.0,14:04:46.216706
60.0,-425.0,952.0,14:04:46.227103
96.0,-556.0,1054.0,14:04:46.236457
44.0,-468.0,844.0,14:04:46.247005
36.0,-548.0,734.0,14:04:46.256414
74.0,-395.0,857.0,14:04:46.265841
117.0,-567.0,961.0,14:04:46.276372
15.0,-440.0,910.0,14:04:46.285816
159.0,-452.0,925.0,14:04:46.296427
133.0,-375.0,915.0,14:04:46.305814
170.0,-379.0,879.0,14:04:46.315920
64.0,-317.0,971.0,14:04:46.325693
128.0,-440.0,1109.0,14:04:46.335005
206.0,-397.0,701.0,14:04:46.345620
76.0,-234.0,771.0,14:04:46.354924
-11.0,-581.0,1276.0,14:04:46.364379
151.0,-420.0,977.0,14:04:46.374813
73.0,-513.0,1023.0,14:04:46.384261
11.0,-364.0,767.0,14:04:46.394802
109.0,-476.0,1116.0,14:04:46.404168
32.0,-540.0,1142.0,14:04:46.413667
94.0,-463.0,819.0,14:04:46.424193
111.0,-558.0,943.0,14:04:46.433664
89.0,-661.0,1041.0,14:04:46.444213
-25.0,-514.0,823.0,14:04:46.453600
71.0,-578.0,1018.0,14:04:46.463028
179.0,-562.0,1012.0,14:04:46.473528
48.0,-538.0,786.0,14:04:46.482934
180.0,-536.0,827.0,14:04:46.493496
67.0,-435.0,900.0,14:04:46.502847
101.0,-527.0,995.0,14:04:46.512300
41.0,-555.0,998.0,14:04:46.522730
29.0,-543.0,855.0,14:04:46.532195
100.0,-574.0,1013.0,14:04:46.542634
24.0,-483.0,1056.0,14:04:46.551976
37.0,-500.0,647.0,14:04:46.562466
15.0,-329.0,727.0,14:04:46.571835
-3.0,-438.0,1306.0,14:04:46.581214
32.0,-462.0,962.0,14:04:46.591730
104.0,-499.0,729.0,14:04:46.601052
99.0,-477.0,844.0,14:04:46.611694
-26.0,-355.0,1224.0,14:04:46.620983
31.0,-423.0,1180.0,14:04:46.631481
121.0,-479.0,840.0,14:04:46.640772
91.0,-464.0,930.0,14:04:46.650262
116.0,-438.0,1062.0,14:04:46.660795
72.0,-610.0,1103.0,14:04:46.670209
115.0,-410.0,723.0,14:04:46.680627
-34.0,-461.0,762.0,14:04:46.690231
75.0,-484.0,800.0,14:04:46.699564
-14.0,-455.0,1021.0,14:04:46.716492
96.0,-453.0,947.0,14:04:46.720966
-68.0,-324.0,793.0,14:04:46.729205
-12.0,-377.0,802.0,14:04:46.739807
87.0,-432.0,1006.0,14:04:46.749109
195.0,-455.0,870.0,14:04:46.759601
150.0,-428.0,836.0,14:04:46.769028
79.0,-420.0,1068.0,14:04:46.778511
138.0,-458.0,1137.0,14:04:46.789052
133.0,-614.0,888.0,14:04:46.798491
27.0,-419.0,977.0,14:04:46.808993
21.0,-344.0,1178.0,14:04:46.818410
47.0,-464.0,906.0,14:04:46.827816
164.0,-501.0,888.0,14:04:46.838311
53.0,-439.0,900.0,14:04:46.847606
233.0,-581.0,962.0,14:04:46.858182
109.0,-466.0,848.0,14:04:46.867481
96.0,-435.0,866.0,14:04:46.876967
-15.0,-472.0,855.0,14:04:46.887484
17.0,-415.0,867.0,14:04:46.896971
-10.0,-316.0,1107.0,14:04:46.907374
-26.0,-523.0,1271.0,14:04:46.916698
148.0,-465.0,876.0,14:04:46.927222
99.0,-389.0,784.0,14:04:46.936642
34.0,-481.0,1225.0,14:04:46.945936
207.0,-654.0,1172.0,14:04:46.956479
66.0,-490.0,682.0,14:04:46.965966
123.0,-325.0,771.0,14:04:46.975440
59.0,-450.0,1167.0,14:04:46.985934
218.0,-693.0,1032.0,14:04:46.995325
173.0,-588.0,634.0,14:04:47.005851
44.0,-525.0,860.0,14:04:47.015264
59.0,-414.0,1112.0,14:04:47.024827
136.0,-492.0,1022.0,14:04:47.035233
22.0,-517.0,715.0,14:04:47.044680
-5.0,-432.0,705.0,14:04:47.055286
64.0,-490.0,1115.0,14:04:47.064687
192.0,-574.0,993.0,14:04:47.074039
-1.0,-473.0,822.0,14:04:47.084701
62.0,-342.0,722.0,14:04:47.094171
-26.0,-392.0,942.0,14:04:47.103692
67.0,-489.0,1018.0,14:04:47.114256
52.0,-354.0,866.0,14:04:47.123795
56.0,-437.0,824.0,14:04:47.133079
125.0,-445.0,963.0,14:04:47.143612
108.0,-469.0,890.0,14:04:47.152916
36.0,-366.0,971.0,14:04:47.163544
93.0,-512.0,1287.0,14:04:47.172945
74.0,-523.0,841.0,14:04:47.182421
94.0,-449.0,737.0,14:04:47.192839
-48.0,-539.0,1132.0,14:04:47.202262
25.0,-459.0,1155.0,14:04:47.212778
197.0,-487.0,849.0,14:04:47.222212
110.0,-545.0,817.0,14:04:47.232641
129.0,-516.0,860.0,14:04:47.242135
110.0,-474.0,914.0,14:04:47.251481
94.0,-408.0,837.0,14:04:47.261997
65.0,-325.0,1073.0,14:04:47.271342
-70.0,-457.0,992.0,14:04:47.281877
82.0,-412.0,870.0,14:04:47.291330
123.0,-507.0,917.0,14:04:47.300687
180.0,-412.0,861.0,14:04:47.311134
104.0,-527.0,1109.0,14:04:47.320513
193.0,-614.0,1001.0,14:04:47.330897
64.0,-591.0,916.0,14:04:47.340225
185.0,-586.0,760.0,14:04:47.350736
153.0,-505.0,756.0,14:04:47.360186
109.0,-482.0,870.0,14:04:47.369590
97.0,-366.0,827.0,14:04:47.380204
28.0,-436.0,1193.0,14:04:47.389445
185.0,-420.0,799.0,14:04:47.400071
69.0,-433.0,955.0,14:04:47.409372
45.0,-335.0,962.0,14:04:47.419933
-44.0,-625.0,1251.0,14:04:47.429302
173.0,-641.0,1162.0,14:04:47.438704
112.0,-454.0,724.0,14:04:47.449141
20.0,-499.0,775.0,14:04:47.458482
133.0,-519.0,1208.0,14:04:47.469004
71.0,-483.0,887.0,14:04:47.478470
87.0,-397.0,605.0,14:04:47.488983
-85.0,-624.0,927.0,14:04:47.498360
78.0,-458.0,1029.0,14:04:47.507830
-15.0,-396.0,808.0,14:04:47.518520
-26.0,-435.0,874.0,14:04:47.528010
209.0,-466.0,984.0,14:04:47.537433
28.0,-414.0,990.0,14:04:47.548032
210.0,-489.0,978.0,14:04:47.557473
84.0,-423.0,754.0,14:04:47.566938
107.0,-480.0,990.0,14:04:47.577463
144.0,-517.0,1010.0,14:04:47.586959
-1.0,-589.0,974.0,14:04:47.596360
199.0,-622.0,818.0,14:04:47.606955
39.0,-369.0,728.0,14:04:47.616338
-13.0,-525.0,1134.0,14:04:47.626841
141.0,-495.0,870.0,14:04:47.636323
148.0,-473.0,845.0,14:04:47.645784
72.0,-422.0,1001.0,14:04:47.656306
47.0,-384.0,1061.0,14:04:47.665586
-47.0,-548.0,1001.0,14:04:47.675059
51.0,-556.0,899.0,14:04:47.685514
27.0,-550.0,1027.0,14:04:47.694903
109.0,-444.0,897.0,14:04:47.705413
164.0,-548.0,950.0,14:04:47.714906
102.0,-554.0,1108.0,14:04:47.725335
-52.0,-521.0,865.0,14:04:47.734902
46.0,-493.0,766.0,14:04:47.744218
-15.0,-456.0,929.0,14:04:47.754866
44.0,-432.0,854.0,14:04:47.764174
33.0,-534.0,991.0,14:04:47.773707
118.0,-413.0,930.0,14:04:47.784175
-18.0,-467.0,883.0,14:04:47.793650
116.0,-608.0,935.0,14:04:47.804118
107.0,-533.0,1116.0,14:04:47.813579
33.0,-604.0,875.0,14:04:47.822968
164.0,-542.0,767.0,14:04:47.833678
-64.0,-516.0,1009.0,14:04:47.842922
35.0,-441.0,855.0,14:04:47.853542
4.0,-345.0,896.0,14:04:47.862852
-88.0,-509.0,886.0,14:04:47.872345
76.0,-499.0,921.0,14:04:47.882813
-11.0,-356.0,1010.0,14:04:47.892298
54.0,-492.0,922.0,14:04:47.902860
212.0,-632.0,925.0,14:04:47.919159
38.0,-549.0,1017.0,14:04:47.923434
161.0,-450.0,937.0,14:04:47.931628
81.0,-606.0,924.0,14:04:47.942074
65.0,-530.0,911.0,14:04:47.951442
194.0,-632.0,975.0,14:04:47.961982
-8.0,-572.0,881.0,14:04:47.971356
94.0,-494.0,824.0,14:04:47.980776
-165.0,-461.0,960.0,14:04:47.991374
33.0,-395.0,791.0,14:04:48.000844
76.0,-544.0,854.0,14:04:48.010214
2.0,-410.0,837.0,14:04:48.020637
-45.0,-463.0,1049.0,14:04:48.030121
-20.0,-552.0,915.0,14:04:48.040598
65.0,-491.0,765.0,14:04:48.050062
28.0,-489.0,1016.0,14:04:48.060463
37.0,-482.0,806.0,14:04:48.069879
157.0,-521.0,842.0,14:04:48.079176
-61.0,-436.0,908.0,14:04:48.089720
87.0,-447.0,980.0,14:04:48.099063
-11.0,-540.0,839.0,14:04:48.109702
-48.0,-627.0,1003.0,14:04:48.119065
125.0,-541.0,1005.0,14:04:48.128441
50.0,-528.0,923.0,14:04:48.138938
84.0,-563.0,811.0,14:04:48.148343
62.0,-663.0,1223.0,14:04:48.158979
66.0,-592.0,1084.0,14:04:48.168347
59.0,-454.0,671.0,14:04:48.177706
113.0,-617.0,887.0,14:04:48.188307
33.0,-648.0,1172.0,14:04:48.197613
217.0,-521.0,748.0,14:04:48.208212
-5.0,-360.0,684.0,14:04:48.217558
25.0,-530.0,1140.0,14:04:48.237335
100.0,-273.0,818.0,14:04:48.256995
27.0,-248.0,971.0,14:04:48.266422
2.0,-433.0,1163.0,14:04:48.276881
98.0,-456.0,944.0,14:04:48.286234
117.0,-501.0,889.0,14:04:48.296677
64.0,-467.0,913.0,14:04:48.306011
80.0,-575.0,989.0,14:04:48.316544
118.0,-488.0,889.0,14:04:48.325954
-73.0,-588.0,1140.0,14:04:48.336441
283.0,-510.0,856.0,14:04:48.345858
31.0,-458.0,917.0,14:04:48.355139
109.0,-474.0,950.0,14:04:48.365615
56.0,-399.0,893.0,14:04:48.374967
58.0,-444.0,809.0,14:04:48.385436
64.0,-627.0,1059.0,14:04:48.394768
123.0,-485.0,756.0,14:04:48.405247
-20.0,-353.0,779.0,14:04:48.414737
81.0,-381.0,1028.0,14:04:48.424156
33.0,-501.0,912.0,14:04:48.434759
74.0,-433.0,773.0,14:04:48.444115
94.0,-302.0,899.0,14:04:48.453606
-68.0,-487.0,1075.0,14:04:48.464023
100.0,-531.0,834.0,14:04:48.473635
116.0,-478.0,674.0,14:04:48.484039
148.0,-461.0,865.0,14:04:48.493509
119.0,-520.0,1080.0,14:04:48.502859
35.0,-422.0,918.0,14:04:48.513504
-23.0,-516.0,894.0,14:04:48.533177
28.0,-504.0,1025.0,14:04:48.542514
1.0,-519.0,1118.0,14:04:48.553078
36.0,-573.0,1056.0,14:04:48.562471
8.0,-595.0,901.0,14:04:48.571899
95.0,-579.0,1016.0,14:04:48.582462
40.0,-421.0,930.0,14:04:48.591844
51.0,-496.0,851.0,14:04:48.602384
-11.0,-562.0,1049.0,14:04:48.611763
92.0,-597.0,1082.0,14:04:48.622229
64.0,-540.0,815.0,14:04:48.631688
108.0,-445.0,726.0,14:04:48.640977
-21.0,-476.0,1004.0,14:04:48.651583
-52.0,-521.0,975.0,14:04:48.660832
-63.0,-565.0,906.0,14:04:48.671405
-10.0,-464.0,911.0,14:04:48.680713
11.0,-446.0,860.0,14:04:48.690165
-19.0,-442.0,757.0,14:04:48.700725
-18.0,-569.0,1012.0,14:04:48.710320
68.0,-559.0,869.0,14:04:48.721576
49.0,-431.0,818.0,14:04:48.729942
48.0,-427.0,991.0,14:04:48.740465
37.0,-398.0,880.0,14:04:48.749742
68.0,-421.0,1005.0,14:04:48.759110
263.0,-437.0,895.0,14:04:48.769584
44.0,-599.0,1095.0,14:04:48.779092
217.0,-625.0,931.0,14:04:48.789571
139.0,-486.0,697.0,14:04:48.799020
92.0,-578.0,913.0,14:04:48.809448
-73.0,-663.0,1103.0,14:04:48.818779
61.0,-595.0,799.0,14:04:48.828226
-145.0,-455.0,913.0,14:04:48.838728
-39.0,-616.0,972.0,14:04:48.848140
18.0,-500.0,935.0,14:04:48.858613
109.0,-432.0,868.0,14:04:48.867995
-61.0,-445.0,919.0,14:04:48.878418
134.0,-472.0,978.0,14:04:48.887938
76.0,-503.0,999.0,14:04:48.897258
53.0,-476.0,692.0,14:04:48.907882
79.0,-617.0,829.0,14:04:48.917319
27.0,-601.0,1093.0,14:04:48.926793
8.0,-537.0,936.0,14:04:48.937263
125.0,-414.0,643.0,14:04:48.946588
-10.0,-584.0,1052.0,14:04:48.957088
147.0,-624.0,997.0,14:04:48.966568
136.0,-529.0,855.0,14:04:48.975903
71.0,-505.0,930.0,14:04:48.986387
137.0,-475.0,925.0,14:04:48.995746
71.0,-434.0,832.0,14:04:49.006307
94.0,-507.0,935.0,14:04:49.015662
-49.0,-519.0,1064.0,14:04:49.026221
31.0,-532.0,895.0,14:04:49.035572
-43.0,-572.0,923.0,14:04:49.044995
114.0,-542.0,1003.0,14:04:49.055461
41.0,-468.0,897.0,14:04:49.064808
-98.0,-416.0,850.0,14:04:49.075254
-81.0,-538.0,1082.0,14:04:49.084905
140.0,-516.0,771.0,14:04:49.094226
91.0,-486.0,716.0,14:04:49.104866
-19.0,-374.0,926.0,14:04:49.122267
82.0,-591.0,873.0,14:04:49.126078
61.0,-559.0,893.0,14:04:49.134453
43.0,-545.0,852.0,14:04:49.143731
78.0,-480.0,855.0,14:04:49.154258
56.0,-522.0,1100.0,14:04:49.163627
-77.0,-494.0,979.0,14:04:49.173008
81.0,-676.0,875.0,14:04:49.183592
148.0,-470.0,848.0,14:04:49.192983
-4.0,-431.0,1122.0,14:04:49.203548
47.0,-661.0,1069.0,14:04:49.212905
67.0,-606.0,714.0,14:04:49.222241
-15.0,-461.0,879.0,14:04:49.232772
16.0,-492.0,1179.0,14:04:49.242143
-10.0,-422.0,950.0,14:04:49.252721
54.0,-391.0,856.0,14:04:49.262069
-36.0,-438.0,917.0,14:04:49.272520
46.0,-434.0,938.0,14:04:49.281934
22.0,-365.0,1048.0,14:04:49.291304
21.0,-376.0,823.0,14:04:49.301881
58.0,-440.0,882.0,14:04:49.311248
4.0,-427.0,1044.0,14:04:49.321991
-2.0,-509.0,989.0,14:04:49.331337
58.0,-540.0,934.0,14:04:49.340724
92.0,-386.0,973.0,14:04:49.351429
60.0,-399.0,729.0,14:04:49.360868
36.0,-497.0,965.0,14:04:49.370275
41.0,-510.0,1167.0,14:04:49.380829
-29.0,-468.0,819.0,14:04:49.390222
96.0,-586.0,870.0,14:04:49.399594
113.0,-476.0,848.0,14:04:49.410141
37.0,-549.0,1067.0,14:04:49.419542
169.0,-609.0,897.0,14:04:49.430170
112.0,-570.0,768.0,14:04:49.439503
163.0,-569.0,986.0,14:04:49.448918
51.0,-465.0,1030.0,14:04:49.459315
21.0,-423.0,856.0,14:04:49.468903
-93.0,-390.0,774.0,14:04:49.479354
-43.0,-484.0,913.0,14:04:49.488764
152.0,-512.0,899.0,14:04:49.499208
112.0,-451.0,866.0,14:04:49.508647
31.0,-483.0,765.0,14:04:49.518011
-26.0,-417.0,914.0,14:04:49.528583
-4.0,-533.0,1062.0,14:04:49.537978
46.0,-585.0,941.0,14:04:49.548484
-8.0,-573.0,939.0,14:04:49.557836
53.0,-479.0,925.0,14:04:49.567208
62.0,-621.0,1021.0,14:04:49.577909
60.0,-530.0,935.0,14:04:49.587256
87.0,-396.0,807.0,14:04:49.597742
-60.0,-456.0,959.0,14:04:49.607069
-32.0,-427.0,831.0,14:04:49.617562
-38.0,-568.0,851.0,14:04:49.626980
82.0,-511.0,938.0,14:04:49.636348
32.0,-623.0,954.0,14:04:49.656074
45.0,-633.0,1025.0,14:04:49.666492
68.0,-555.0,984.0,14:04:49.676165
113.0,-457.0,822.0,14:04:49.685414
29.0,-519.0,868.0,14:04:49.696061
10.0,-624.0,922.0,14:04:49.705358
38.0,-594.0,988.0,14:04:49.715918
29.0,-459.0,751.0,14:04:49.725223
69.0,-533.0,753.0,14:04:49.734750
72.0,-599.0,1031.0,14:04:49.745305
-43.0,-539.0,876.0,14:04:49.754691
5.0,-403.0,787.0,14:04:49.765153
-34.0,-483.0,944.0,14:04:49.774669
-108.0,-671.0,1033.0,14:04:49.783986
61.0,-521.0,917.0,14:04:49.794521
-168.0,-340.0,732.0,14:04:49.803991
83.0,-534.0,954.0,14:04:49.814659
-73.0,-622.0,921.0,14:04:49.824075
9.0,-613.0,855.0,14:04:49.833462
-78.0,-600.0,865.0,14:04:49.844062
1.0,-593.0,880.0,14:04:49.853433
50.0,-570.0,783.0,14:04:49.862841
148.0,-553.0,754.0,14:04:49.873429
21.0,-362.0,923.0,14:04:49.882868
-30.0,-500.0,984.0,14:04:49.893336
-110.0,-484.0,835.0,14:04:49.902727
88.0,-533.0,966.0,14:04:49.912139
-126.0,-634.0,1122.0,14:04:49.924463
237.0,-698.0,753.0,14:04:49.932669
-51.0,-590.0,853.0,14:04:49.941966
-28.0,-464.0,993.0,14:04:49.952547
16.0,-423.0,877.0,14:04:49.961890
3.0,-413.0,721.0,14:04:49.971362
-74.0,-546.0,996.0,14:04:49.981871
46.0,-429.0,888.0,14:04:49.991336
-115.0,-354.0,951.0,14:04:50.001801
-3.0,-555.0,1024.0,14:04:50.011264
48.0,-566.0,1020.0,14:04:50.020503
12.0,-515.0,982.0,14:04:50.030997
136.0,-422.0,866.0,14:04:50.040261
54.0,-565.0,1031.0,14:04:50.050746
127.0,-701.0,1011.0,14:04:50.060131
120.0,-385.0,774.0,14:04:50.070587
39.0,-402.0,802.0,14:04:50.079902
-36.0,-434.0,997.0,14:04:50.090533
-25.0,-400.0,1119.0,14:04:50.099786
76.0,-412.0,806.0,14:04:50.109241
24.0,-378.0,883.0,14:04:50.119693
61.0,-465.0,1028.0,14:04:50.129158
47.0,-552.0,1017.0,14:04:50.139691
137.0,-565.0,801.0,14:04:50.149073
85.0,-399.0,828.0,14:04:50.158481
-25.0,-555.0,1089.0,14:04:50.169105
21.0,-349.0,877.0,14:04:50.178508
94.0,-518.0,798.0,14:04:50.189112
29.0,-506.0,885.0,14:04:50.198522
50.0,-560.0,1054.0,14:04:50.208002
69.0,-568.0,928.0,14:04:50.218486
137.0,-668.0,1025.0,14:04:50.228013
-12.0,-469.0,844.0,14:04:50.237410
-73.0,-577.0,940.0,14:04:50.248018
45.0,-609.0,1056.0,14:04:50.257460
-66.0,-513.0,753.0,14:04:50.266828
28.0,-575.0,738.0,14:04:50.277390
48.0,-617.0,907.0,14:04:50.286747
0.0,-588.0,978.0,14:04:50.297336
85.0,-482.0,869.0,14:04:50.306651
-111.0,-483.0,919.0,14:04:50.316086
36.0,-477.0,933.0,14:04:50.326159
-1.0,-513.0,902.0,14:04:50.335830
12.0,-516.0,833.0,14:04:50.346362
6.0,-466.0,966.0,14:04:50.355857
-2.0,-471.0,985.0,14:04:50.366415
27.0,-428.0,834.0,14:04:50.375825
1.0,-547.0,764.0,14:04:50.385169
-62.0,-539.0,882.0,14:04:50.395579
-1.0,-392.0,1026.0,14:04:50.404999
-61.0,-517.0,1051.0,14:04:50.415422
66.0,-591.0,863.0,14:04:50.424910
79.0,-474.0,962.0,14:04:50.435399
-70.0,-461.0,1000.0,14:04:50.444826
88.0,-488.0,963.0,14:04:50.454174
67.0,-600.0,870.0,14:04:50.464747
-37.0,-454.0,889.0,14:04:50.474006
1.0,-481.0,818.0,14:04:50.493698
74.0,-396.0,989.0,14:04:50.504223
-100.0,-482.0,903.0,14:04:50.513615
99.0,-567.0,811.0,14:04:50.523054
116.0,-413.0,855.0,14:04:50.533563
45.0,-350.0,1061.0,14:04:50.542956
227.0,-600.0,851.0,14:04:50.553358
97.0,-558.0,805.0,14:04:50.562758
4.0,-470.0,1038.0,14:04:50.573190
177.0,-561.0,868.0,14:04:50.582684
54.0,-466.0,907.0,14:04:50.592043
46.0,-582.0,947.0,14:04:50.602608
63.0,-578.0,754.0,14:04:50.611902
67.0,-526.0,902.0,14:04:50.622494
35.0,-494.0,1052.0,14:04:50.631785
-8.0,-480.0,949.0,14:04:50.641299
16.0,-472.0,821.0,14:04:50.651753
-28.0,-589.0,882.0,14:04:50.661157
96.0,-543.0,959.0,14:04:50.671735
31.0,-452.0,967.0,14:04:50.681267
-29.0,-433.0,900.0,14:04:50.690699
28.0,-571.0,819.0,14:04:50.701352
68.0,-554.0,871.0,14:04:50.710798
36.0,-456.0,1136.0,14:04:50.720185
-100.0,-504.0,936.0,14:04:50.730678
-34.0,-512.0,797.0,14:04:50.740123
-83.0,-372.0,995.0,14:04:50.750665
33.0,-586.0,1019.0,14:04:50.760105
44.0,-592.0,849.0,14:04:50.769455
45.0,-526.0,914.0,14:04:50.780026
56.0,-548.0,858.0,14:04:50.789447
111.0,-630.0,841.0,14:04:50.798984
90.0,-585.0,934.0,14:04:50.809480
20.0,-435.0,763.0,14:04:50.818755
13.0,-482.0,722.0,14:04:50.829265
18.0,-398.0,948.0,14:04:50.838612
5.0,-421.0,990.0,14:04:50.849135
-77.0,-396.0,870.0,14:04:50.858485
46.0,-442.0,1051.0,14:04:50.869324
-105.0,-469.0,1047.0,14:04:50.878718
139.0,-576.0,1033.0,14:04:50.888113
-50.0,-513.0,863.0,14:04:50.898613
66.0,-567.0,949.0,14:04:50.907979
45.0,-542.0,959.0,14:04:50.917244
60.0,-567.0,867.0,14:04:50.927807
-100.0,-413.0,1030.0,14:04:50.937063
-76.0,-482.0,877.0,14:04:50.947806
-1.0,-577.0,895.0,14:04:50.957123
93.0,-481.0,928.0,14:04:50.967576
55.0,-476.0,923.0,14:04:50.976984
-55.0,-518.0,998.0,14:04:50.986373
168.0,-560.0,962.0,14:04:50.997059
-7.0,-507.0,997.0,14:04:51.006413
-5.0,-537.0,957.0,14:04:51.015797
-4.0,-476.0,830.0,14:04:51.026450
39.0,-510.0,846.0,14:04:51.035791
-17.0,-522.0,975.0,14:04:51.046315
109.0,-524.0,885.0,14:04:51.055688
7.0,-513.0,899.0,14:04:51.065191
51.0,-462.0,947.0,14:04:51.075744
36.0,-487.0,812.0,14:04:51.085063
30.0,-565.0,899.0,14:04:51.095559
-58.0,-539.0,1083.0,14:04:51.104906
56.0,-589.0,974.0,14:04:51.115363
12.0,-494.0,775.0,14:04:51.127315
-45.0,-439.0,856.0,14:04:51.135100
-18.0,-412.0,957.0,14:04:51.144418
21.0,-468.0,947.0,14:04:51.153926
-104.0,-403.0,856.0,14:04:51.164346
4.0,-478.0,899.0,14:04:51.173731
-96.0,-417.0,984.0,14:04:51.184154
108.0,-536.0,942.0,14:04:51.193644
45.0,-527.0,911.0,14:04:51.203018
120.0,-632.0,887.0,14:04:51.213587
23.0,-581.0,1061.0,14:04:51.223018
147.0,-457.0,891.0,14:04:51.233605
48.0,-545.0,877.0,14:04:51.242950
20.0,-419.0,919.0,14:04:51.252413
10.0,-386.0,883.0,14:04:51.262903
96.0,-546.0,850.0,14:04:51.272328
61.0,-549.0,877.0,14:04:51.282868
-4.0,-478.0,884.0,14:04:51.292313
126.0,-524.0,784.0,14:04:51.301694
-83.0,-467.0,820.0,14:04:51.312132
43.0,-510.0,926.0,14:04:51.321506
-63.0,-485.0,942.0,14:04:51.331994
82.0,-437.0,882.0,14:04:51.341424
33.0,-450.0,943.0,14:04:51.350838
-2.0,-556.0,986.0,14:04:51.361360
97.0,-631.0,903.0,14:04:51.370625
-34.0,-563.0,928.0,14:04:51.381288
-19.0,-521.0,1016.0,14:04:51.390590
53.0,-677.0,1053.0,14:04:51.400122
131.0,-587.0,906.0,14:04:51.420831
82.0,-546.0,912.0,14:04:51.430236
30.0,-637.0,881.0,14:04:51.439630
60.0,-593.0,787.0,14:04:51.450176
-25.0,-550.0,1033.0,14:04:51.459657
77.0,-468.0,935.0,14:04:51.470171
-26.0,-525.0,884.0,14:04:51.479580
-16.0,-459.0,939.0,14:04:51.488978
-7.0,-578.0,966.0,14:04:51.499648
-1.0,-492.0,925.0,14:04:51.509112
134.0,-433.0,872.0,14:04:51.518507
-77.0,-471.0,895.0,14:04:51.529142
14.0,-448.0,870.0,14:04:51.538814
-37.0,-501.0,992.0,14:04:51.548194
19.0,-479.0,850.0,14:04:51.558640
-19.0,-431.0,798.0,14:04:51.568072
-11.0,-523.0,1075.0,14:04:51.578645
125.0,-511.0,864.0,14:04:51.588060
22.0,-558.0,786.0,14:04:51.597486
67.0,-451.0,897.0,14:04:51.608085
-40.0,-485.0,1130.0,14:04:51.617543
61.0,-437.0,852.0,14:04:51.626936
18.0,-365.0,793.0,14:04:51.637486
96.0,-501.0,965.0,14:04:51.646850
-30.0,-492.0,975.0,14:04:51.657415
108.0,-448.0,897.0,14:04:51.666756
121.0,-462.0,994.0,14:04:51.676184
130.0,-512.0,1000.0,14:04:51.686704
55.0,-527.0,859.0,14:04:51.696120
50.0,-521.0,939.0,14:04:51.706545
131.0,-415.0,920.0,14:04:51.715948
67.0,-419.0,824.0,14:04:51.726378
47.0,-477.0,893.0,14:04:51.735937
106.0,-507.0,802.0,14:04:51.745222
68.0,-377.0,867.0,14:04:51.754902
-42.0,-382.0,1002.0,14:04:51.765360
-56.0,-472.0,996.0,14:04:51.774913
6.0,-421.0,882.0,14:04:51.785430
-28.0,-496.0,957.0,14:04:51.794812
34.0,-431.0,1009.0,14:04:51.804205
-7.0,-591.0,1051.0,14:04:51.814742
-111.0,-529.0,1042.0,14:04:51.824049
142.0,-603.0,1063.0,14:04:51.834575
100.0,-551.0,899.0,14:04:51.843841
106.0,-552.0,947.0,14:04:51.854360
11.0,-502.0,981.0,14:04:51.863637
-14.0,-522.0,873.0,14:04:51.874099
50.0,-457.0,837.0,14:04:51.883624
135.0,-505.0,1021.0,14:04:51.892984
-13.0,-560.0,977.0,14:04:51.903512
40.0,-497.0,842.0,14:04:51.912834
9.0,-404.0,925.0,14:04:51.923341
72.0,-464.0,962.0,14:04:51.932712
43.0,-498.0,829.0,14:04:51.942128
-27.0,-412.0,810.0,14:04:51.952523
86.0,-484.0,984.0,14:04:51.962008
31.0,-412.0,865.0,14:04:51.972467
61.0,-469.0,853.0,14:04:51.981782
53.0,-491.0,968.0,14:04:51.992285
96.0,-436.0,1036.0,14:04:52.001745
29.0,-471.0,970.0,14:04:52.011145
111.0,-533.0,895.0,14:04:52.021677
29.0,-557.0,973.0,14:04:52.030989
71.0,-563.0,959.0,14:04:52.041696
146.0,-473.0,818.0,14:04:52.051052
60.0,-513.0,900.0,14:04:52.060416
106.0,-625.0,1008.0,14:04:52.070897
-5.0,-586.0,938.0,14:04:52.080284
128.0,-406.0,764.0,14:04:52.090882
32.0,-457.0,955.0,14:04:52.100211
-20.0,-482.0,941.0,14:04:52.110677
39.0,-510.0,881.0,14:04:52.120142
-16.0,-560.0,891.0,14:04:52.129449
34.0,-553.0,934.0,14:04:52.140099
59.0,-506.0,903.0,14:04:52.149444
-50.0,-531.0,939.0,14:04:52.158960
50.0,-662.0,891.0,14:04:52.169507
37.0,-443.0,804.0,14:04:52.178912
-28.0,-539.0,925.0,14:04:52.189435
11.0,-535.0,900.0,14:04:52.198785
-22.0,-603.0,976.0,14:04:52.209254
33.0,-562.0,897.0,14:04:52.218626
98.0,-482.0,928.0,14:04:52.228009
97.0,-487.0,926.0,14:04:52.238533
52.0,-508.0,974.0,14:04:52.247978
30.0,-543.0,910.0,14:04:52.258447
66.0,-538.0,870.0,14:04:52.267896
23.0,-551.0,938.0,14:04:52.277154
12.0,-462.0,948.0,14:04:52.287709
-27.0,-501.0,1023.0,14:04:52.297037
83.0,-627.0,903.0,14:04:52.307595
43.0,-586.0,859.0,14:04:52.317015
31.0,-482.0,986.0,14:04:52.331787
44.0,-521.0,960.0,14:04:52.336364
-94.0,-569.0,901.0,14:04:52.346864
41.0,-595.0,933.0,14:04:52.356301
-6.0,-420.0,900.0,14:04:52.366813
-60.0,-494.0,859.0,14:04:52.376255
-1.0,-426.0,921.0,14:04:52.385640
-34.0,-503.0,969.0,14:04:52.396273
40.0,-459.0,1014.0,14:04:52.405676
100.0,-346.0,858.0,14:04:52.416125
57.0,-386.0,846.0,14:04:52.425515
32.0,-419.0,891.0,14:04:52.434843
33.0,-505.0,886.0,14:04:52.445287
-28.0,-491.0,975.0,14:04:52.454757
41.0,-437.0,889.0,14:04:52.465273
39.0,-520.0,937.0,14:04:52.474733
-6.0,-488.0,884.0,14:04:52.484220
15.0,-520.0,898.0,14:04:52.494804
58.0,-517.0,1099.0,14:04:52.504316
49.0,-496.0,828.0,14:04:52.523885
-19.0,-524.0,955.0,14:04:52.534292
52.0,-581.0,940.0,14:04:52.543722
-41.0,-514.0,947.0,14:04:52.553203
-14.0,-594.0,900.0,14:04:52.563707
-42.0,-429.0,707.0,14:04:52.573025
-84.0,-561.0,953.0,14:04:52.583669
71.0,-593.0,906.0,14:04:52.592988
-96.0,-492.0,833.0,14:04:52.602525
24.0,-460.0,873.0,14:04:52.612974
-79.0,-400.0,986.0,14:04:52.622482
-29.0,-544.0,934.0,14:04:52.632971
-31.0,-441.0,746.0,14:04:52.642493
123.0,-562.0,1024.0,14:04:52.651817
-13.0,-481.0,1189.0,14:04:52.662393
29.0,-509.0,987.0,14:04:52.671728
75.0,-545.0,916.0,14:04:52.681235
-25.0,-552.0,942.0,14:04:52.691712
147.0,-604.0,1056.0,14:04:52.701091
-130.0,-515.0,986.0,14:04:52.711598
-79.0,-485.0,895.0,14:04:52.721008
18.0,-522.0,792.0,14:04:52.731347
-70.0,-492.0,905.0,14:04:52.740932
53.0,-508.0,890.0,14:04:52.750274
-11.0,-498.0,893.0,14:04:52.760720
-17.0,-434.0,919.0,14:04:52.770107
61.0,-490.0,864.0,14:04:52.780734
24.0,-482.0,862.0,14:04:52.790288
60.0,-439.0,869.0,14:04:52.799683
-49.0,-440.0,883.0,14:04:52.810178
110.0,-432.0,853.0,14:04:52.819666
3.0,-468.0,927.0,14:04:52.828995
29.0,-479.0,866.0,14:04:52.839531
-69.0,-537.0,971.0,14:04:52.859141
68.0,-626.0,985.0,14:04:52.868427
36.0,-613.0,999.0,14:04:52.879069
58.0,-491.0,859.0,14:04:52.888345
17.0,-496.0,981.0,14:04:52.899095
92.0,-658.0,926.0,14:04:52.908399
22.0,-482.0,747.0,14:04:52.917939
25.0,-475.0,903.0,14:04:52.928465
31.0,-617.0,953.0,14:04:52.937943
67.0,-483.0,822.0,14:04:52.947346
66.0,-526.0,883.0,14:04:52.957853
4.0,-546.0,1042.0,14:04:52.967244
38.0,-556.0,908.0,14:04:52.977804
70.0,-505.0,918.0,14:04:52.987173
100.0,-562.0,1023.0,14:04:52.996553
112.0,-421.0,777.0,14:04:53.007087
63.0,-467.0,869.0,14:04:53.016412
72.0,-466.0,973.0,14:04:53.026958
65.0,-491.0,933.0,14:04:53.036284
172.0,-438.0,893.0,14:04:53.046910
2.0,-488.0,990.0,14:04:53.056215
87.0,-546.0,933.0,14:04:53.065589
-63.0,-498.0,992.0,14:04:53.076054
94.0,-468.0,848.0,14:04:53.085485
-8.0,-405.0,923.0,14:04:53.095999
23.0,-515.0,982.0,14:04:53.105434
86.0,-567.0,863.0,14:04:53.115851
59.0,-479.0,877.0,14:04:53.125347
-19.0,-486.0,1016.0,14:04:53.134737
140.0,-619.0,1047.0,14:04:53.145279
18.0,-420.0,877.0,14:04:53.154708
58.0,-654.0,916.0,14:04:53.164104
141.0,-495.0,1009.0,14:04:53.174573
31.0,-439.0,892.0,14:04:53.183940
9.0,-516.0,925.0,14:04:53.194385
81.0,-551.0,894.0,14:04:53.203881
93.0,-518.0,802.0,14:04:53.214267
149.0,-469.0,841.0,14:04:53.223735
89.0,-516.0,893.0,14:04:53.233095
76.0,-393.0,886.0,14:04:53.243658
-7.0,-401.0,796.0,14:04:53.253027
65.0,-582.0,969.0,14:04:53.263622
37.0,-475.0,1067.0,14:04:53.273064
-14.0,-383.0,957.0,14:04:53.282547
82.0,-342.0,867.0,14:04:53.293115
43.0,-338.0,938.0,14:04:53.302494
58.0,-509.0,1072.0,14:04:53.312994
71.0,-504.0,878.0,14:04:53.322542
-1.0,-455.0,975.0,14:04:53.331818
-29.0,-421.0,1074.0,14:04:53.342434
6.0,-468.0,847.0,14:04:53.351872
54.0,-433.0,939.0,14:04:53.361369
55.0,-576.0,1041.0,14:04:53.371868
180.0,-514.0,896.0,14:04:53.381251
60.0,-381.0,912.0,14:04:53.390800
-3.0,-593.0,1057.0,14:04:53.401298
218.0,-585.0,986.0,14:04:53.410619
38.0,-603.0,919.0,14:04:53.421220
36.0,-426.0,976.0,14:04:53.430600
77.0,-539.0,986.0,14:04:53.440084
154.0,-588.0,826.0,14:04:53.450570
15.0,-508.0,926.0,14:04:53.460020
-28.0,-485.0,829.0,14:04:53.470614
-16.0,-479.0,837.0,14:04:53.480052
-75.0,-575.0,941.0,14:04:53.489521
-72.0,-582.0,887.0,14:04:53.500050
110.0,-580.0,827.0,14:04:53.509535
22.0,-423.0,852.0,14:04:53.518948
83.0,-566.0,887.0,14:04:53.533127
-60.0,-549.0,939.0,14:04:53.539114
-47.0,-579.0,950.0,14:04:53.548482
97.0,-539.0,902.0,14:04:53.559122
-17.0,-437.0,885.0,14:04:53.568429
1.0,-447.0,890.0,14:04:53.579021
0.0,-483.0,943.0,14:04:53.588393
-43.0,-463.0,926.0,14:04:53.597940
129.0,-425.0,869.0,14:04:53.608353
-139.0,-415.0,959.0,14:04:53.617783
31.0,-603.0,902.0,14:04:53.628312
96.0,-502.0,900.0,14:04:53.637778
-4.0,-473.0,967.0,14:04:53.647049
-5.0,-680.0,1030.0,14:04:53.657541
4.0,-474.0,771.0,14:04:53.666903
-68.0,-408.0,913.0,14:04:53.677473
-2.0,-502.0,932.0,14:04:53.686898
-56.0,-463.0,925.0,14:04:53.696300
-34.0,-536.0,968.0,14:04:53.706880
85.0,-437.0,695.0,14:04:53.716437
69.0,-472.0,883.0,14:04:53.725828
85.0,-533.0,894.0,14:04:53.736235
11.0,-551.0,920.0,14:04:53.745645
170.0,-499.0,836.0,14:04:53.756106
204.0,-487.0,877.0,14:04:53.765422
48.0,-447.0,918.0,14:04:53.775969
194.0,-466.0,893.0,14:04:53.785384
-13.0,-506.0,923.0,14:04:53.794761
67.0,-519.0,1045.0,14:04:53.814446
143.0,-476.0,1005.0,14:04:53.825026
89.0,-433.0,898.0,14:04:53.834409
18.0,-547.0,939.0,14:04:53.844943
100.0,-548.0,1016.0,14:04:53.854277
-86.0,-576.0,962.0,14:04:53.864781
39.0,-589.0,865.0,14:04:53.874112
2.0,-506.0,993.0,14:04:53.883494
40.0,-629.0,841.0,14:04:53.894008
81.0,-511.0,812.0,14:04:53.903510
-25.0,-490.0,1039.0,14:04:53.913974
47.0,-501.0,961.0,14:04:53.923276
116.0,-493.0,848.0,14:04:53.934660
-22.0,-477.0,854.0,14:04:53.942977
53.0,-406.0,913.0,14:04:53.953500
52.0,-368.0,860.0,14:04:53.962881
25.0,-356.0,889.0,14:04:53.972308
-36.0,-422.0,942.0,14:04:53.982905
30.0,-567.0,903.0,14:04:53.992340
96.0,-541.0,826.0,14:04:54.001751
85.0,-478.0,898.0,14:04:54.012173
125.0,-506.0,1085.0,14:04:54.021563
201.0,-525.0,877.0,14:04:54.031971
72.0,-486.0,947.0,14:04:54.041388
60.0,-487.0,943.0,14:04:54.051798
2.0,-528.0,1150.0,14:04:54.061319
93.0,-547.0,949.0,14:04:54.071806
-28.0,-483.0,952.0,14:04:54.081196
113.0,-668.0,971.0,14:04:54.090512
-24.0,-609.0,1039.0,14:04:54.100985
93.0,-536.0,939.0,14:04:54.110265
-110.0,-551.0,820.0,14:04:54.120688
13.0,-431.0,857.0,14:04:54.130152
5.0,-545.0,950.0,14:04:54.140648
119.0,-469.0,913.0,14:04:54.150169
32.0,-385.0,727.0,14:04:54.159434
5.0,-270.0,760.0,14:04:54.170132
-24.0,-359.0,946.0,14:04:54.179383
-10.0,-493.0,976.0,14:04:54.188920
-52.0,-396.0,855.0,14:04:54.199405
112.0,-397.0,891.0,14:04:54.208802
-12.0,-502.0,1058.0,14:04:54.219272
108.0,-608.0,988.0,14:04:54.228648
-5.0,-463.0,820.0,14:04:54.239227
80.0,-526.0,1047.0,14:04:54.248596
-9.0,-552.0,1022.0,14:04:54.257951
46.0,-547.0,1037.0,14:04:54.268582
-64.0,-466.0,878.0,14:04:54.277985
-73.0,-391.0,736.0,14:04:54.288544
107.0,-504.0,976.0,14:04:54.298049
87.0,-486.0,941.0,14:04:54.307323
37.0,-410.0,821.0,14:04:54.317962
-20.0,-424.0,974.0,14:04:54.327278
45.0,-513.0,1032.0,14:04:54.347094
27.0,-518.0,1008.0,14:04:54.356516
39.0,-509.0,885.0,14:04:54.367053
86.0,-582.0,934.0,14:04:54.376405
223.0,-636.0,1015.0,14:04:54.387011
38.0,-528.0,805.0,14:04:54.396449
52.0,-439.0,825.0,14:04:54.405857
77.0,-491.0,957.0,14:04:54.416277
46.0,-551.0,882.0,14:04:54.425661
99.0,-463.0,763.0,14:04:54.436085
-23.0,-378.0,831.0,14:04:54.445451
65.0,-436.0,992.0,14:04:54.455913
93.0,-366.0,935.0,14:04:54.465321
-22.0,-454.0,950.0,14:04:54.474742
38.0,-519.0,962.0,14:04:54.485235
23.0,-408.0,865.0,14:04:54.494667
25.0,-488.0,980.0,14:04:54.505164
12.0,-542.0,1035.0,14:04:54.514442
39.0,-537.0,885.0,14:04:54.524939
86.0,-674.0,789.0,14:04:54.534196
89.0,-633.0,950.0,14:04:54.543758
119.0,-603.0,934.0,14:04:54.554250
71.0,-678.0,825.0,14:04:54.563657
114.0,-574.0,687.0,14:04:54.574174
17.0,-544.0,847.0,14:04:54.583627
73.0,-573.0,1000.0,14:04:54.594075
75.0,-551.0,822.0,14:04:54.603511
32.0,-482.0,766.0,14:04:54.612827
-83.0,-528.0,916.0,14:04:54.623392
-9.0,-556.0,1011.0,14:04:54.632747
1.0,-539.0,1033.0,14:04:54.643259
-58.0,-510.0,925.0,14:04:54.652713
-86.0,-446.0,895.0,14:04:54.662101
-84.0,-449.0,966.0,14:04:54.672682
-7.0,-471.0,949.0,14:04:54.681982
-65.0,-521.0,933.0,14:04:54.692549
116.0,-562.0,961.0,14:04:54.701920
-184.0,-471.0,915.0,14:04:54.711332
136.0,-559.0,964.0,14:04:54.721908
13.0,-396.0,796.0,14:04:54.736384
-70.0,-506.0,851.0,14:04:54.741446
-54.0,-478.0,1122.0,14:04:54.750736
11.0,-341.0,922.0,14:04:54.761358
-17.0,-484.0,845.0,14:04:54.770671
126.0,-528.0,942.0,14:04:54.780240
95.0,-453.0,1060.0,14:04:54.790648
8.0,-454.0,1012.0,14:04:54.800136
144.0,-563.0,947.0,14:04:54.810553
112.0,-488.0,856.0,14:04:54.819935
132.0,-564.0,869.0,14:04:54.830466
-54.0,-593.0,930.0,14:04:54.839910
142.0,-454.0,814.0,14:04:54.849228
-88.0,-494.0,932.0,14:04:54.859768
-68.0,-541.0,905.0,14:04:54.869264
76.0,-451.0,792.0,14:04:54.878741
-22.0,-413.0,908.0,14:04:54.889193
86.0,-451.0,1081.0,14:04:54.898615
37.0,-435.0,952.0,14:04:54.909097
38.0,-479.0,891.0,14:04:54.918439
98.0,-415.0,911.0,14:04:54.928940
82.0,-428.0,937.0,14:04:54.938395
-104.0,-426.0,1003.0,14:04:54.948928
31.0,-459.0,806.0,14:04:54.958239
55.0,-496.0,969.0,14:04:54.967523
27.0,-519.0,931.0,14:04:54.978216
112.0,-528.0,844.0,14:04:54.987598
37.0,-517.0,899.0,14:04:54.996988
50.0,-388.0,898.0,14:04:55.007479
-48.0,-558.0,1034.0,14:04:55.016913
120.0,-554.0,963.0,14:04:55.027464
93.0,-504.0,854.0,14:04:55.037101
63.0,-398.0,865.0,14:04:55.046517
48.0,-493.0,1001.0,14:04:55.057071
-25.0,-551.0,965.0,14:04:55.066408
25.0,-540.0,878.0,14:04:55.076958
-9.0,-577.0,845.0,14:04:55.086274
-111.0,-535.0,996.0,14:04:55.095844
16.0,-462.0,1002.0,14:04:55.106292
-31.0,-516.0,1036.0,14:04:55.115713
14.0,-376.0,781.0,14:04:55.126284
56.0,-493.0,972.0,14:04:55.138129
138.0,-505.0,927.0,14:04:55.145384
190.0,-466.0,998.0,14:04:55.154753
6.0,-461.0,1017.0,14:04:55.165335
211.0,-611.0,880.0,14:04:55.174778
142.0,-436.0,727.0,14:04:55.185328
73.0,-410.0,905.0,14:04:55.194844
101.0,-577.0,1063.0,14:04:55.204187
-4.0,-412.0,847.0,14:04:55.214745
48.0,-505.0,825.0,14:04:55.224083
78.0,-579.0,1006.0,14:04:55.233511
112.0,-477.0,843.0,14:04:55.243984
38.0,-633.0,982.0,14:04:55.253371
14.0,-494.0,927.0,14:04:55.263943
-68.0,-567.0,921.0,14:04:55.273256
136.0,-534.0,837.0,14:04:55.283685
28.0,-434.0,798.0,14:04:55.293100
-74.0,-533.0,957.0,14:04:55.302488
38.0,-359.0,871.0,14:04:55.313076
20.0,-480.0,847.0,14:04:55.322470
90.0,-447.0,988.0,14:04:55.333070
129.0,-529.0,920.0,14:04:55.342474
95.0,-487.0,813.0,14:04:55.351825
46.0,-525.0,904.0,14:04:55.362458
20.0,-503.0,939.0,14:04:55.371824
85.0,-506.0,901.0,14:04:55.382353
-106.0,-593.0,902.0,14:04:55.391797
72.0,-601.0,844.0,14:04:55.401083
32.0,-597.0,1004.0,14:04:55.411675
55.0,-501.0,846.0,14:04:55.420999
177.0,-511.0,805.0,14:04:55.431441
-6.0,-588.0,1011.0,14:04:55.440771
39.0,-472.0,968.0,14:04:55.451420
-54.0,-427.0,942.0,14:04:55.460685
-15.0,-506.0,977.0,14:04:55.470230
67.0,-511.0,969.0,14:04:55.480677
-4.0,-540.0,859.0,14:04:55.490264
61.0,-385.0,947.0,14:04:55.500723
-46.0,-445.0,968.0,14:04:55.510228
150.0,-476.0,1009.0,14:04:55.519541
89.0,-456.0,917.0,14:04:55.530243
67.0,-526.0,955.0,14:04:55.539551
34.0,-539.0,903.0,14:04:55.549010
105.0,-462.0,1073.0,14:04:55.564429
152.0,-434.0,898.0,14:04:55.571892
76.0,-486.0,834.0,14:04:55.583049
45.0,-489.0,958.0,14:04:55.589919
19.0,-560.0,910.0,14:04:55.600215
27.0,-442.0,778.0,14:04:55.612509
-85.0,-535.0,1009.0,14:04:55.618830
24.0,-572.0,1038.0,14:04:55.628200
49.0,-482.0,804.0,14:04:55.638699
6.0,-459.0,841.0,14:04:55.648107
26.0,-495.0,998.0,14:04:55.657405
143.0,-477.0,1041.0,14:04:55.667961
121.0,-481.0,784.0,14:04:55.677358
43.0,-394.0,785.0,14:04:55.687953
86.0,-588.0,1093.0,14:04:55.697257
-48.0,-458.0,1035.0,14:04:55.706602
28.0,-553.0,906.0,14:04:55.717045
-29.0,-544.0,884.0,14:04:55.726427
6.0,-508.0,1075.0,14:04:55.737026
-6.0,-490.0,793.0,14:04:55.746430
13.0,-551.0,893.0,14:04:55.755804
107.0,-501.0,981.0,14:04:55.766331
0.0,-567.0,995.0,14:04:55.775822
62.0,-521.0,774.0,14:04:55.786334
102.0,-503.0,817.0,14:04:55.795659
64.0,-571.0,1065.0,14:04:55.806182
-34.0,-603.0,983.0,14:04:55.815517
102.0,-535.0,797.0,14:04:55.824878
-82.0,-401.0,848.0,14:04:55.835354
65.0,-439.0,917.0,14:04:55.854129
-107.0,-584.0,969.0,14:04:55.864703
-27.0,-457.0,841.0,14:04:55.875160
57.0,-449.0,1006.0,14:04:55.884624
-15.0,-512.0,986.0,14:04:55.893937
64.0,-552.0,1023.0,14:04:55.904555
17.0,-637.0,974.0,14:04:55.913838
-72.0,-507.0,846.0,14:04:55.924399
-28.0,-538.0,1035.0,14:04:55.939200
-180.0,-551.0,1051.0,14:04:55.943503
-52.0,-645.0,780.0,14:04:55.953987
-118.0,-487.0,775.0,14:04:55.963425
-205.0,-510.0,1056.0,14:04:55.972880
-55.0,-589.0,858.0,14:04:55.983327
-5.0,-557.0,759.0,14:04:55.992647
-10.0,-469.0,829.0,14:04:56.003245
-82.0,-463.0,912.0,14:04:56.012714
33.0,-351.0,915.0,14:04:56.022086
102.0,-341.0,854.0,14:04:56.032642
-23.0,-383.0,800.0,14:04:56.041910
118.0,-447.0,890.0,14:04:56.052507
-25.0,-507.0,1020.0,14:04:56.061894
61.0,-509.0,780.0,14:04:56.071327
-12.0,-481.0,848.0,14:04:56.081773
5.0,-467.0,1117.0,14:04:56.091323
35.0,-687.0,1020.0,14:04:56.101788
-62.0,-551.0,743.0,14:04:56.111244
1.0,-535.0,899.0,14:04:56.120629
79.0,-641.0,990.0,14:04:56.131216
-79.0,-709.0,944.0,14:04:56.140542
104.0,-579.0,747.0,14:04:56.150997
42.0,-495.0,860.0,14:04:56.160400
30.0,-489.0,1153.0,14:04:56.169855
-1.0,-457.0,1053.0,14:04:56.180284
-11.0,-443.0,801.0,14:04:56.189785
72.0,-416.0,923.0,14:04:56.200251
122.0,-401.0,988.0,14:04:56.209675
9.0,-415.0,761.0,14:04:56.219023
36.0,-416.0,954.0,14:04:56.229481
31.0,-482.0,922.0,14:04:56.238800
15.0,-373.0,864.0,14:04:56.249362
-76.0,-433.0,969.0,14:04:56.258719
50.0,-597.0,1016.0,14:04:56.269256
148.0,-482.0,821.0,14:04:56.278552
-9.0,-305.0,860.0,14:04:56.289090
49.0,-421.0,986.0,14:04:56.298385
77.0,-552.0,1055.0,14:04:56.307774
124.0,-504.0,952.0,14:04:56.318401
53.0,-600.0,923.0,14:04:56.327874
3.0,-568.0,952.0,14:04:56.341454
66.0,-529.0,962.0,14:04:56.347614
-34.0,-565.0,895.0,14:04:56.357001
65.0,-747.0,883.0,14:04:56.367473
68.0,-556.0,827.0,14:04:56.376957
85.0,-530.0,900.0,14:04:56.387444
84.0,-504.0,794.0,14:04:56.396805
-18.0,-613.0,938.0,14:04:56.407300
-34.0,-374.0,955.0,14:04:56.416645
-168.0,-468.0,968.0,14:04:56.426010
63.0,-478.0,774.0,14:04:56.436476
-13.0,-437.0,1095.0,14:04:56.446006
47.0,-443.0,1046.0,14:04:56.456523
152.0,-477.0,712.0,14:04:56.465885
15.0,-458.0,871.0,14:04:56.476338
68.0,-292.0,1035.0,14:04:56.485869
33.0,-494.0,917.0,14:04:56.495259
121.0,-438.0,813.0,14:04:56.504799
-11.0,-401.0,935.0,14:04:56.515372
45.0,-432.0,1049.0,14:04:56.524879
72.0,-424.0,816.0,14:04:56.535433
22.0,-462.0,812.0,14:04:56.544798
50.0,-493.0,1120.0,14:04:56.554108
-36.0,-521.0,997.0,14:04:56.564726
99.0,-484.0,938.0,14:04:56.574043
-12.0,-537.0,1101.0,14:04:56.584703
-14.0,-598.0,1038.0,14:04:56.594019
102.0,-486.0,749.0,14:04:56.603529
197.0,-578.0,937.0,14:04:56.614026
123.0,-458.0,857.0,14:04:56.623507
17.0,-530.0,903.0,14:04:56.633949
13.0,-481.0,956.0,14:04:56.643392
51.0,-371.0,847.0,14:04:56.652679
94.0,-411.0,805.0,14:04:56.663238
-19.0,-537.0,1011.0,14:04:56.672606
70.0,-505.0,855.0,14:04:56.692226
31.0,-557.0,954.0,14:04:56.702750
-65.0,-610.0,1019.0,14:04:56.712083
79.0,-418.0,804.0,14:04:56.722673
66.0,-528.0,921.0,14:04:56.732001
-92.0,-529.0,831.0,14:04:56.741425
65.0,-706.0,944.0,14:04:56.751851
50.0,-506.0,840.0,14:04:56.761303
-9.0,-431.0,909.0,14:04:56.771838
132.0,-639.0,985.0,14:04:56.781270
209.0,-476.0,790.0,14:04:56.790614
-42.0,-432.0,871.0,14:04:56.801083
54.0,-327.0,801.0,14:04:56.810429
145.0,-449.0,871.0,14:04:56.820870
81.0,-485.0,1042.0,14:04:56.830252
-158.0,-416.0,941.0,14:04:56.840733
-11.0,-342.0,741.0,14:04:56.850241
40.0,-437.0,1032.0,14:04:56.859542
-8.0,-459.0,867.0,14:04:56.870325
208.0,-413.0,689.0,14:04:56.879706
22.0,-543.0,1181.0,14:04:56.890239
146.0,-478.0,985.0,14:04:56.899578
35.0,-584.0,929.0,14:04:56.909063
94.0,-574.0,973.0,14:04:56.919612
74.0,-666.0,1065.0,14:04:56.929016
95.0,-491.0,1006.0,14:04:56.939441
-18.0,-538.0,891.0,14:04:56.949110
65.0,-556.0,945.0,14:04:56.958409
-100.0,-465.0,1045.0,14:04:56.969176
140.0,-512.0,836.0,14:04:56.978476
-18.0,-430.0,761.0,14:04:56.987959
42.0,-443.0,1002.0,14:04:56.998424
18.0,-526.0,991.0,14:04:57.007867
23.0,-548.0,905.0,14:04:57.018302
-9.0,-613.0,1071.0,14:04:57.027856
110.0,-654.0,1219.0,14:04:57.037276
83.0,-552.0,882.0,14:04:57.047883
106.0,-589.0,799.0,14:04:57.057206
109.0,-572.0,1071.0,14:04:57.066716
69.0,-666.0,1005.0,14:04:57.077207
-91.0,-471.0,776.0,14:04:57.086611
-39.0,-564.0,710.0,14:04:57.097114
118.0,-653.0,1194.0,14:04:57.106528
22.0,-489.0,921.0,14:04:57.116062
40.0,-403.0,747.0,14:04:57.126605
-53.0,-465.0,968.0,14:04:57.139172
-37.0,-398.0,995.0,14:04:57.146784
5.0,-446.0,908.0,14:04:57.156199
17.0,-460.0,884.0,14:04:57.165513
25.0,-386.0,980.0,14:04:57.174910
66.0,-400.0,887.0,14:04:57.185454
138.0,-438.0,897.0,14:04:57.194885
49.0,-473.0,944.0,14:04:57.205281
117.0,-425.0,997.0,14:04:57.214663
-12.0,-445.0,847.0,14:04:57.225113
30.0,-422.0,846.0,14:04:57.234528
173.0,-435.0,992.0,14:04:57.243885
122.0,-546.0,767.0,14:04:57.254419
40.0,-631.0,834.0,14:04:57.263837
75.0,-479.0,1091.0,14:04:57.274283
7.0,-523.0,963.0,14:04:57.283622
35.0,-450.0,849.0,14:04:57.294013
13.0,-424.0,937.0,14:04:57.303490
-7.0,-460.0,875.0,14:04:57.313958
-29.0,-509.0,1056.0,14:04:57.323341
36.0,-484.0,983.0,14:04:57.332735
82.0,-437.0,866.0,14:04:57.343278
99.0,-579.0,1007.0,14:04:57.352574
81.0,-656.0,1110.0,14:04:57.363103
50.0,-515.0,955.0,14:04:57.372431
33.0,-529.0,931.0,14:04:57.381921
92.0,-485.0,862.0,14:04:57.392495
59.0,-453.0,934.0,14:04:57.401829
-65.0,-359.0,1100.0,14:04:57.412538
-149.0,-493.0,1010.0,14:04:57.422012
-19.0,-587.0,951.0,14:04:57.431430
171.0,-561.0,862.0,14:04:57.441912
-27.0,-463.0,982.0,14:04:57.451333
-22.0,-514.0,895.0,14:04:57.460739
125.0,-490.0,1002.0,14:04:57.471290
36.0,-512.0,870.0,14:04:57.480706
76.0,-455.0,757.0,14:04:57.491286
40.0,-475.0,935.0,14:04:57.500729
134.0,-444.0,891.0,14:04:57.510229
73.0,-414.0,834.0,14:04:57.520711
41.0,-542.0,898.0,14:04:57.530166
-10.0,-548.0,904.0,14:04:57.544517
-34.0,-542.0,917.0,14:04:57.549780
56.0,-563.0,915.0,14:04:57.560261
188.0,-616.0,897.0,14:04:57.569557
-1.0,-510.0,843.0,14:04:57.579055
-23.0,-471.0,805.0,14:04:57.589575
-63.0,-560.0,848.0,14:04:57.599022
82.0,-469.0,893.0,14:04:57.609463
130.0,-428.0,870.0,14:04:57.618926
46.0,-477.0,856.0,14:04:57.629358
-20.0,-427.0,835.0,14:04:57.638706
94.0,-424.0,959.0,14:04:57.648002
-13.0,-380.0,982.0,14:04:57.658640
14.0,-470.0,1087.0,14:04:57.667960
78.0,-505.0,1006.0,14:04:57.678500
105.0,-456.0,869.0,14:04:57.687915
11.0,-492.0,988.0,14:04:57.697343
-39.0,-505.0,1036.0,14:04:57.707940
1.0,-618.0,1030.0,14:04:57.717309
68.0,-636.0,847.0,14:04:57.727851
93.0,-592.0,724.0,14:04:57.737261
79.0,-535.0,896.0,14:04:57.746558
-26.0,-583.0,1164.0,14:04:57.757149
61.0,-513.0,784.0,14:04:57.766504
-7.0,-510.0,759.0,14:04:57.776100
-73.0,-514.0,946.0,14:04:57.786633
118.0,-550.0,964.0,14:04:57.795925
-156.0,-427.0,923.0,14:04:57.806529
-47.0,-438.0,1018.0,14:04:57.815892
62.0,-666.0,938.0,14:04:57.826467
24.0,-460.0,842.0,14:04:57.835847
-2.0,-524.0,1021.0,14:04:57.845403
-12.0,-435.0,796.0,14:04:57.855892
53.0,-497.0,926.0,14:04:57.865266
-39.0,-428.0,932.0,14:04:57.874676
28.0,-486.0,867.0,14:04:57.885284
-76.0,-506.0,881.0,14:04:57.894668
0.0,-555.0,895.0,14:04:57.905165
22.0,-487.0,978.0,14:04:57.914567
27.0,-240.0,785.0,14:04:57.924101
15.0,-487.0,995.0,14:04:57.943647
-51.0,-533.0,1098.0,14:04:57.954096
24.0,-469.0,823.0,14:04:57.963653
110.0,-363.0,743.0,14:04:57.974119
48.0,-521.0,1062.0,14:04:57.983515
5.0,-483.0,961.0,14:04:57.992848
30.0,-553.0,778.0,14:04:58.003284
56.0,-489.0,949.0,14:04:58.012610
-5.0,-476.0,990.0,14:04:58.023026
84.0,-508.0,919.0,14:04:58.032560
-42.0,-484.0,838.0,14:04:58.043038
106.0,-407.0,899.0,14:04:58.052476
138.0,-399.0,908.0,14:04:58.062883
80.0,-376.0,867.0,14:04:58.072309
73.0,-601.0,1192.0,14:04:58.081615
176.0,-401.0,717.0,14:04:58.092122
12.0,-325.0,989.0,14:04:58.101378
95.0,-481.0,1146.0,14:04:58.111924
89.0,-490.0,753.0,14:04:58.121350
87.0,-457.0,765.0,14:04:58.131881
146.0,-377.0,926.0,14:04:58.141281
91.0,-523.0,1215.0,14:04:58.150713
181.0,-410.0,893.0,14:04:58.161344
109.0,-425.0,650.0,14:04:58.170680
89.0,-697.0,1198.0,14:04:58.181200
8.0,-619.0,1101.0,14:04:58.190593
141.0,-384.0,673.0,14:04:58.199881
-43.0,-444.0,961.0,14:04:58.210324
32.0,-780.0,1195.0,14:04:58.219795
161.0,-422.0,470.0,14:04:58.230282
-108.0,-371.0,916.0,14:04:58.239734
47.0,-609.0,1085.0,14:04:58.249048
52.0,-406.0,728.0,14:04:58.259574
57.0,-422.0,844.0,14:04:58.269048
202.0,-717.0,1127.0,14:04:58.279520
44.0,-554.0,911.0,14:04:58.288900
192.0,-550.0,824.0,14:04:58.298368
-38.0,-647.0,1102.0,14:04:58.309019
18.0,-610.0,921.0,14:04:58.318516
42.0,-431.0,806.0,14:04:58.329153
-142.0,-573.0,906.0,14:04:58.345850
118.0,-499.0,873.0,14:04:58.349783
-22.0,-396.0,881.0,14:04:58.357953
200.0,-463.0,936.0,14:04:58.367491
41.0,-389.0,868.0,14:04:58.377994
145.0,-396.0,978.0,14:04:58.387478
84.0,-414.0,956.0,14:04:58.396923
81.0,-335.0,966.0,14:04:58.407443
61.0,-404.0,958.0,14:04:58.416922
-75.0,-331.0,740.0,14:04:58.427498
134.0,-356.0,840.0,14:04:58.436896
-3.0,-511.0,1169.0,14:04:58.446260
75.0,-656.0,1063.0,14:04:58.456772
184.0,-550.0,817.0,14:04:58.466200
20.0,-460.0,885.0,14:04:58.476647
157.0,-549.0,984.0,14:04:58.486077
154.0,-576.0,980.0,14:04:58.496600
12.0,-543.0,916.0,14:04:58.505910
102.0,-424.0,680.0,14:04:58.515248
87.0,-435.0,697.0,14:04:58.525793
15.0,-585.0,1314.0,14:04:58.535228
-13.0,-659.0,1125.0,14:04:58.545744
-23.0,-446.0,580.0,14:04:58.555171
177.0,-352.0,844.0,14:04:58.564453
-91.0,-379.0,1470.0,14:04:58.574920
170.0,-619.0,787.0,14:04:58.584313
82.0,-542.0,779.0,14:04:58.594808
-73.0,-274.0,1267.0,14:04:58.604071
72.0,-568.0,892.0,14:04:58.614817
148.0,-621.0,769.0,14:04:58.624101
111.0,-471.0,1074.0,14:04:58.633519
57.0,-585.0,948.0,14:04:58.643962
68.0,-362.0,868.0,14:04:58.653390
17.0,-342.0,1044.0,14:04:58.663813
22.0,-401.0,842.0,14:04:58.673074
-32.0,-443.0,877.0,14:04:58.683593
-51.0,-458.0,1066.0,14:04:58.693082
146.0,-516.0,1176.0,14:04:58.702480
64.0,-387.0,935.0,14:04:58.713081
61.0,-463.0,922.0,14:04:58.722595
119.0,-554.0,865.0,14:04:58.732010
64.0,-399.0,709.0,14:04:58.747180
171.0,-390.0,1075.0,14:04:58.752140
-27.0,-626.0,975.0,14:04:58.761601
-42.0,-567.0,677.0,14:04:58.772029
212.0,-601.0,1122.0,14:04:58.781490
-136.0,-581.0,1024.0,14:04:58.791989
83.0,-500.0,658.0,14:04:58.801342
-80.0,-483.0,716.0,14:04:58.810787
26.0,-785.0,1145.0,14:04:58.821350
43.0,-500.0,966.0,14:04:58.830694
7.0,-255.0,591.0,14:04:58.841179
22.0,-410.0,905.0,14:04:58.850604
-106.0,-577.0,1473.0,14:04:58.860122
65.0,-583.0,791.0,14:04:58.870583
150.0,-558.0,623.0,14:04:58.879899
-140.0,-362.0,1115.0,14:04:58.890459
72.0,-550.0,1249.0,14:04:58.899785
-150.0,-647.0,633.0,14:04:58.910353
125.0,-479.0,500.0,14:04:58.919689
39.0,-385.0,1075.0,14:04:58.929128
11.0,-572.0,1248.0,14:04:58.939515
-38.0,-453.0,484.0,14:04:58.949018
-28.0,-397.0,779.0,14:04:58.959475
-79.0,-557.0,1427.0,14:04:58.968992
85.0,-813.0,860.0,14:04:58.979440
2.0,-468.0,640.0,14:04:58.988838
-20.0,-488.0,1252.0,14:04:58.998138
-118.0,-501.0,911.0,14:04:59.008703
121.0,-576.0,670.0,14:04:59.018019
6.0,-518.0,945.0,14:04:59.028469
-69.0,-736.0,1169.0,14:04:59.037873
88.0,-475.0,531.0,14:04:59.048429
50.0,-573.0,1049.0,14:04:59.057844
118.0,-694.0,1204.0,14:04:59.067147
137.0,-566.0,783.0,14:04:59.077711
-42.0,-379.0,708.0,14:04:59.087184
43.0,-467.0,972.0,14:04:59.097790
-9.0,-594.0,1056.0,14:04:59.107058
114.0,-527.0,702.0,14:04:59.116478
-133.0,-313.0,724.0,14:04:59.126966
73.0,-465.0,812.0,14:04:59.136416
-198.0,-380.0,1138.0,14:04:59.146957
36.0,-500.0,962.0,14:04:59.156372
-31.0,-564.0,915.0,14:04:59.165874
59.0,-555.0,756.0,14:04:59.176407
71.0,-612.0,1232.0,14:04:59.196193
41.0,-643.0,732.0,14:04:59.205486
280.0,-481.0,708.0,14:04:59.214952
-172.0,-427.0,769.0,14:04:59.225466
52.0,-437.0,887.0,14:04:59.234902
-93.0,-519.0,1216.0,14:04:59.245402
11.0,-313.0,804.0,14:04:59.254789
128.0,-462.0,803.0,14:04:59.264240
36.0,-515.0,1195.0,14:04:59.274829
126.0,-687.0,1198.0,14:04:59.284128
153.0,-539.0,1035.0,14:04:59.294710
51.0,-529.0,828.0,14:04:59.304042
273.0,-527.0,805.0,14:04:59.313661
-118.0,-589.0,897.0,14:04:59.324178
96.0,-496.0,602.0,14:04:59.333683
149.0,-437.0,673.0,14:04:59.343021
-151.0,-255.0,1259.0,14:04:59.353623
112.0,-415.0,905.0,14:04:59.362913
47.0,-485.0,604.0,14:04:59.373356
153.0,-309.0,1055.0,14:04:59.382702
96.0,-545.0,1117.0,14:04:59.392174
44.0,-465.0,894.0,14:04:59.402605
89.0,-439.0,1165.0,14:04:59.411966
-68.0,-517.0,837.0,14:04:59.422616
100.0,-505.0,922.0,14:04:59.432040
-125.0,-383.0,989.0,14:04:59.442603
95.0,-461.0,961.0,14:04:59.451925
14.0,-438.0,930.0,14:04:59.461438
29.0,-592.0,949.0,14:04:59.471806
191.0,-723.0,830.0,14:04:59.481199
-38.0,-500.0,1072.0,14:04:59.500817
96.0,-515.0,940.0,14:04:59.511350
-104.0,-480.0,628.0,14:04:59.520750
-30.0,-442.0,910.0,14:04:59.531313
6.0,-489.0,1013.0,14:04:59.547770
-6.0,-603.0,877.0,14:04:59.551410
192.0,-525.0,831.0,14:04:59.560806
29.0,-500.0,963.0,14:04:59.570142
102.0,-478.0,868.0,14:04:59.579471
-105.0,-282.0,644.0,14:04:59.590171
28.0,-413.0,990.0,14:04:59.599515
-71.0,-609.0,1190.0,14:04:59.610133
0.0,-529.0,907.0,14:04:59.619539
101.0,-328.0,800.0,14:04:59.629074
3.0,-649.0,1185.0,14:04:59.639608
94.0,-692.0,1098.0,14:04:59.649035
122.0,-461.0,800.0,14:04:59.658472
136.0,-442.0,867.0,14:04:59.668974
130.0,-469.0,1096.0,14:04:59.678367
178.0,-428.0,822.0,14:04:59.688960
-13.0,-351.0,816.0,14:04:59.698387
16.0,-430.0,880.0,14:04:59.707764
74.0,-596.0,971.0,14:04:59.718249
97.0,-605.0,1066.0,14:04:59.727566
15.0,-507.0,893.0,14:04:59.738241
143.0,-580.0,813.0,14:04:59.747561
22.0,-377.0,846.0,14:04:59.756986
36.0,-571.0,848.0,14:04:59.767431
42.0,-363.0,865.0,14:04:59.776899
-69.0,-453.0,825.0,14:04:59.787402
24.0,-605.0,992.0,14:04:59.796790
92.0,-496.0,858.0,14:04:59.806141
-82.0,-444.0,811.0,14:04:59.816688
191.0,-538.0,1082.0,14:04:59.826020
36.0,-468.0,1066.0,14:04:59.836439
114.0,-448.0,747.0,14:04:59.845919
-1.0,-606.0,1034.0,14:04:59.856471
194.0,-673.0,970.0,14:04:59.865889
154.0,-643.0,613.0,14:04:59.875279
181.0,-582.0,665.0,14:04:59.885898
-91.0,-422.0,1327.0,14:04:59.895218
-12.0,-440.0,939.0,14:04:59.904747
-4.0,-529.0,750.0,14:04:59.915167
94.0,-472.0,1002.0,14:04:59.924534
-20.0,-488.0,975.0,14:04:59.935011
205.0,-495.0,903.0,14:04:59.950465
-22.0,-434.0,908.0,14:04:59.954128
4.0,-531.0,1082.0,14:04:59.964640
59.0,-600.0,678.0,14:04:59.974172
-47.0,-616.0,963.0,14:04:59.983522
39.0,-437.0,1118.0,14:04:59.994119
21.0,-316.0,705.0,14:05:00.003550
-125.0,-462.0,991.0,14:05:00.014092
147.0,-386.0,864.0,14:05:00.023522
159.0,-530.0,830.0,14:05:00.032905
69.0,-421.0,909.0,14:05:00.043434
114.0,-565.0,1125.0,14:05:00.052794
-122.0,-448.0,914.0,14:05:00.063224
-6.0,-539.0,1051.0,14:05:00.072766
33.0,-514.0,773.0,14:05:00.082085
22.0,-493.0,993.0,14:05:00.092660
-118.0,-551.0,969.0,14:05:00.102110
68.0,-530.0,932.0,14:05:00.112626
132.0,-524.0,1019.0,14:05:00.121996
-116.0,-434.0,842.0,14:05:00.131345
143.0,-546.0,866.0,14:05:00.141842
-60.0,-584.0,887.0,14:05:00.151286
198.0,-571.0,836.0,14:05:00.161918
72.0,-384.0,923.0,14:05:00.171254
-92.0,-338.0,938.0,14:05:00.180644
104.0,-389.0,858.0,14:05:00.191294
-64.0,-365.0,987.0,14:05:00.200673
-56.0,-278.0,954.0,14:05:00.210217
188.0,-532.0,1000.0,14:05:00.220988
51.0,-421.0,1125.0,14:05:00.230402
253.0,-565.0,972.0,14:05:00.239895
86.0,-624.0,877.0,14:05:00.250316
101.0,-548.0,999.0,14:05:00.259750
114.0,-492.0,865.0,14:05:00.270221
-82.0,-491.0,860.0,14:05:00.279714
-45.0,-428.0,778.0,14:05:00.289077
30.0,-575.0,961.0,14:05:00.299598
-14.0,-503.0,870.0,14:05:00.308972
116.0,-462.0,781.0,14:05:00.319558
-119.0,-439.0,1146.0,14:05:00.329064
-3.0,-429.0,841.0,14:05:00.338391
31.0,-523.0,978.0,14:05:00.348926
-44.0,-611.0,1199.0,14:05:00.358423
227.0,-563.0,926.0,14:05:00.368980
28.0,-518.0,909.0,14:05:00.378290
90.0,-594.0,900.0,14:05:00.387716
247.0,-497.0,733.0,14:05:00.398355
-83.0,-478.0,989.0,14:05:00.407782
55.0,-562.0,919.0,14:05:00.417164
42.0,-473.0,783.0,14:05:00.427815
-37.0,-533.0,941.0,14:05:00.437202
159.0,-661.0,746.0,14:05:00.447774
41.0,-340.0,692.0,14:05:00.457066
-11.0,-373.0,1149.0,14:05:00.466409
-166.0,-504.0,838.0,14:05:00.477073
8.0,-649.0,875.0,14:05:00.486457
-31.0,-537.0,934.0,14:05:00.496950
39.0,-555.0,861.0,14:05:00.506304
-18.0,-497.0,969.0,14:05:00.515797
-85.0,-483.0,1041.0,14:05:00.526366
67.0,-593.0,859.0,14:05:00.535760
28.0,-529.0,744.0,14:05:00.545212
-9.0,-572.0,1015.0,14:05:00.555758
38.0,-562.0,977.0,14:05:00.565153
85.0,-426.0,682.0,14:05:00.575709
-62.0,-467.0,1005.0,14:05:00.585188
62.0,-656.0,961.0,14:05:00.594551
45.0,-507.0,851.0,14:05:00.605011
215.0,-367.0,850.0,14:05:00.614421
-48.0,-515.0,1014.0,14:05:00.625045
18.0,-522.0,1087.0,14:05:00.634368
83.0,-473.0,796.0,14:05:00.643764
-17.0,-421.0,911.0,14:05:00.654199
71.0,-554.0,991.0,14:05:00.663722
12.0,-449.0,992.0,14:05:00.674177
-100.0,-481.0,693.0,14:05:00.683626
112.0,-543.0,903.0,14:05:00.694039
98.0,-562.0,1097.0,14:05:00.703396
12.0,-457.0,839.0,14:05:00.712738
-122.0,-585.0,824.0,14:05:00.723211
37.0,-619.0,1032.0,14:05:00.732532
107.0,-529.0,899.0,14:05:00.750973
24.0,-526.0,778.0,14:05:00.752333
-3.0,-528.0,1081.0,14:05:00.762833
0.0,-527.0,920.0,14:05:00.772151
65.0,-520.0,717.0,14:05:00.782708
17.0,-523.0,875.0,14:05:00.792102
79.0,-511.0,777.0,14:05:00.801447
-70.0,-370.0,1173.0,14:05:00.811884
7.0,-655.0,1053.0,14:05:00.821329
46.0,-620.0,619.0,14:05:00.831974
39.0,-643.0,1067.0,14:05:00.841344
1.0,-495.0,1065.0,14:05:00.850726
33.0,-610.0,923.0,14:05:00.861265
-104.0,-421.0,645.0,14:05:00.870735
39.0,-422.0,997.0,14:05:00.881357
75.0,-462.0,1095.0,14:05:00.890657
-31.0,-382.0,662.0,14:05:00.900083
24.0,-400.0,818.0,14:05:00.910597
-97.0,-461.0,1033.0,14:05:00.920017
5.0,-379.0,961.0,14:05:00.930503
26.0,-532.0,862.0,14:05:00.939953
-50.0,-499.0,915.0,14:05:00.949386
-2.0,-494.0,1127.0,14:05:00.959877
-25.0,-492.0,981.0,14:05:00.969347
11.0,-471.0,761.0,14:05:00.978814
60.0,-524.0,990.0,14:05:00.989359
127.0,-511.0,1033.0,14:05:00.998701
-20.0,-545.0,789.0,14:05:01.009138
198.0,-383.0,872.0,14:05:01.018581
110.0,-397.0,933.0,14:05:01.029083
21.0,-478.0,952.0,14:05:01.038500
14.0,-448.0,798.0,14:05:01.047930
75.0,-605.0,918.0,14:05:01.058411
52.0,-520.0,1057.0,14:05:01.067817
28.0,-451.0,949.0,14:05:01.078399
-70.0,-454.0,857.0,14:05:01.087761
120.0,-444.0,1079.0,14:05:01.097280
-8.0,-498.0,1050.0,14:05:01.107945
133.0,-469.0,840.0,14:05:01.117330
34.0,-479.0,928.0,14:05:01.126638
71.0,-507.0,963.0,14:05:01.137219
166.0,-618.0,816.0,14:05:01.149126
-33.0,-682.0,1007.0,14:05:01.156344
61.0,-553.0,1066.0,14:05:01.167002
56.0,-463.0,721.0,14:05:01.176293
-102.0,-685.0,799.0,14:05:01.186808
118.0,-619.0,788.0,14:05:01.196145
-181.0,-447.0,996.0,14:05:01.205560
104.0,-407.0,868.0,14:05:01.216046
-147.0,-388.0,921.0,14:05:01.225434
-59.0,-408.0,894.0,14:05:01.235907
117.0,-437.0,807.0,14:05:01.245255
85.0,-509.0,943.0,14:05:01.255716
-3.0,-437.0,1023.0,14:05:01.265123
133.0,-401.0,850.0,14:05:01.275555
59.0,-454.0,969.0,14:05:01.284907
138.0,-606.0,1008.0,14:05:01.294302
-58.0,-495.0,861.0,14:05:01.304826
-13.0,-360.0,761.0,14:05:01.314224
78.0,-489.0,997.0,14:05:01.324848
71.0,-595.0,994.0,14:05:01.334139
203.0,-496.0,765.0,14:05:01.343623
-73.0,-468.0,886.0,14:05:01.354021
162.0,-481.0,1090.0,14:05:01.363488
122.0,-530.0,921.0,14:05:01.373957
54.0,-514.0,892.0,14:05:01.383353
121.0,-464.0,795.0,14:05:01.393727
58.0,-447.0,1001.0,14:05:01.403076
-71.0,-515.0,1143.0,14:05:01.412391
81.0,-615.0,883.0,14:05:01.423162
-7.0,-614.0,834.0,14:05:01.432442
85.0,-485.0,988.0,14:05:01.443135
-102.0,-514.0,1079.0,14:05:01.452483
139.0,-624.0,848.0,14:05:01.461918
-50.0,-308.0,753.0,14:05:01.472427
59.0,-498.0,1029.0,14:05:01.481816
15.0,-557.0,988.0,14:05:01.491233
105.0,-307.0,756.0,14:05:01.501754
25.0,-640.0,1185.0,14:05:01.511016
88.0,-599.0,1017.0,14:05:01.521496
-109.0,-570.0,664.0,14:05:01.530783
-17.0,-490.0,971.0,14:05:01.541395
-39.0,-541.0,1244.0,14:05:01.550802
33.0,-521.0,632.0,14:05:01.560276
124.0,-377.0,754.0,14:05:01.570697
9.0,-489.0,995.0,14:05:01.580210
2.0,-554.0,1192.0,14:05:01.590706
60.0,-592.0,1009.0,14:05:01.600210
79.0,-535.0,796.0,14:05:01.609506
103.0,-505.0,877.0,14:05:01.620128
-8.0,-583.0,899.0,14:05:01.629404
102.0,-477.0,851.0,14:05:01.640088
37.0,-400.0,1096.0,14:05:01.649419
-26.0,-423.0,584.0,14:05:01.658801
31.0,-387.0,593.0,14:05:01.669247
9.0,-396.0,1106.0,14:05:01.678938
-70.0,-555.0,1418.0,14:05:01.689336
154.0,-307.0,543.0,14:05:01.698757
3.0,-515.0,749.0,14:05:01.709125
33.0,-563.0,1159.0,14:05:01.718465
78.0,-670.0,1093.0,14:05:01.727867
40.0,-378.0,613.0,14:05:01.738494
78.0,-363.0,782.0,14:05:01.747915
12.0,-402.0,939.0,14:05:01.758420
51.0,-527.0,733.0,14:05:01.767787
-37.0,-730.0,1146.0,14:05:01.777249
-155.0,-405.0,1029.0,14:05:01.787863
-79.0,-580.0,1189.0,14:05:01.797221
133.0,-799.0,1428.0,14:05:01.807707
175.0,-779.0,837.0,14:05:01.817198
93.0,-530.0,789.0,14:05:01.826489
-66.0,-534.0,1103.0,14:05:01.837135
121.0,-637.0,1026.0,14:05:01.846391
-104.0,-533.0,560.0,14:05:01.855948
25.0,-477.0,640.0,14:05:01.866499
59.0,-439.0,855.0,14:05:01.876010
-113.0,-252.0,856.0,14:05:01.886532
8.0,-414.0,1017.0,14:05:01.895984
96.0,-441.0,464.0,14:05:01.905362
-4.0,-414.0,887.0,14:05:01.915971
18.0,-340.0,1329.0,14:05:01.925297
62.0,-320.0,726.0,14:05:01.934818
-97.0,-345.0,584.0,14:05:01.945238
142.0,-658.0,1408.0,14:05:01.954989
-28.0,-578.0,885.0,14:05:01.964705
108.0,-109.0,416.0,14:05:01.975223
-146.0,-492.0,1472.0,14:05:01.984686
98.0,-924.0,1560.0,14:05:01.994021
51.0,-756.0,469.0,14:05:02.004558
37.0,-287.0,540.0,14:05:02.013963
-188.0,-631.0,1657.0,14:05:02.023377
69.0,-1070.0,1266.0,14:05:02.033869
112.0,-779.0,104.0,14:05:02.043215
-69.0,-490.0,461.0,14:05:02.053680
64.0,-619.0,1587.0,14:05:02.063060
43.0,-453.0,783.0,14:05:02.073700
134.0,-308.0,376.0,14:05:02.083038
-46.0,-234.0,887.0,14:05:02.092494
113.0,-543.0,899.0,14:05:02.103007
287.0,-304.0,992.0,14:05:02.112269
71.0,-492.0,1079.0,14:05:02.122817
163.0,-421.0,408.0,14:05:02.132155
-74.0,-643.0,1055.0,14:05:02.141598
72.0,-287.0,1161.0,14:05:02.152103
30.0,-258.0,945.0,14:05:02.161424
-87.0,115.0,444.0,14:05:02.171896
-155.0,-491.0,1571.0,14:05:02.181333
-1.0,-657.0,1358.0,14:05:02.191779
243.0,-372.0,371.0,14:05:02.201251
-74.0,-659.0,1446.0,14:05:02.211740
102.0,-842.0,1708.0,14:05:02.221191
213.0,-913.0,593.0,14:05:02.230622
57.0,-562.0,266.0,14:05:02.241148
61.0,-842.0,1497.0,14:05:02.250536
-41.0,-826.0,1355.0,14:05:02.259899
79.0,-351.0,190.0,14:05:02.270342
-103.0,-439.0,309.0,14:05:02.279655
99.0,-690.0,964.0,14:05:02.290224
-6.0,-369.0,1169.0,14:05:02.299687
161.0,-135.0,418.0,14:05:02.310232
-121.0,-199.0,660.0,14:05:02.319560
4.0,-424.0,1258.0,14:05:02.329098
76.0,-417.0,853.0,14:05:02.339647
-3.0,92.0,257.0,14:05:02.356896
-41.0,-262.0,1652.0,14:05:02.360716
-72.0,-300.0,1548.0,14:05:02.368975
37.0,-433.0,262.0,14:05:02.378367
2.0,-394.0,1168.0,14:05:02.388930
-101.0,-611.0,1899.0,14:05:02.398378
13.0,-597.0,692.0,14:05:02.407797
300.0,-633.0,347.0,14:05:02.418279
64.0,-840.0,1643.0,14:05:02.427609
237.0,-942.0,1215.0,14:05:02.438292
191.0,-647.0,196.0,14:05:02.447722
249.0,-720.0,877.0,14:05:02.457159
-100.0,-606.0,1249.0,14:05:02.467782
94.0,-536.0,758.0,14:05:02.477126
-143.0,-73.0,266.0,14:05:02.487581
-119.0,-85.0,890.0,14:05:02.497147
-129.0,-500.0,1068.0,14:05:02.506563
140.0,-465.0,818.0,14:05:02.517107
103.0,-125.0,1024.0,14:05:02.526438
9.0,-327.0,1194.0,14:05:02.535890
103.0,-733.0,1147.0,14:05:02.546348
154.0,-730.0,815.0,14:05:02.555811
117.0,-598.0,910.0,14:05:02.566249
137.0,-556.0,736.0,14:05:02.575626
-9.0,-380.0,818.0,14:05:02.586058
-70.0,-329.0,1081.0,14:05:02.595435
43.0,-424.0,587.0,14:05:02.605853
23.0,-583.0,492.0,14:05:02.615300
-17.0,-606.0,1224.0,14:05:02.624708
-201.0,-551.0,1830.0,14:05:02.635321
152.0,-506.0,561.0,14:05:02.644696
85.0,-395.0,696.0,14:05:02.654107
109.0,-709.0,1509.0,14:05:02.664684
185.0,-827.0,966.0,14:05:02.674043
-36.0,-278.0,188.0,14:05:02.684615
-193.0,-511.0,1029.0,14:05:02.694094
113.0,-672.0,1335.0,14:05:02.703549
125.0,-521.0,500.0,14:05:02.714077
87.0,-487.0,323.0,14:05:02.723425
-17.0,-413.0,1061.0,14:05:02.734031
-199.0,-256.0,1175.0,14:05:02.743376
113.0,-450.0,498.0,14:05:02.752822
-70.0,-525.0,1014.0,14:05:02.763402
-58.0,-383.0,1108.0,14:05:02.772917
16.0,-324.0,840.0,14:05:02.782405
167.0,-519.0,933.0,14:05:02.792970
-17.0,-443.0,1237.0,14:05:02.802345
120.0,-479.0,922.0,14:05:02.811757
-61.0,-375.0,625.0,14:05:02.822342
-87.0,-571.0,1559.0,14:05:02.831719
63.0,-815.0,1207.0,14:05:02.842213
188.0,-595.0,437.0,14:05:02.851604
120.0,-698.0,944.0,14:05:02.862026
161.0,-723.0,1027.0,14:05:02.871425
-143.0,-448.0,705.0,14:05:02.880775
64.0,-475.0,501.0,14:05:02.891419
-71.0,-137.0,891.0,14:05:02.900714
38.0,56.0,970.0,14:05:02.911290
-163.0,-268.0,1134.0,14:05:02.920543
44.0,-578.0,1054.0,14:05:02.931131
151.0,-507.0,813.0,14:05:02.940470
258.0,-514.0,1126.0,14:05:02.949892
126.0,-670.0,1265.0,14:05:02.960331
179.0,-765.0,814.0,14:05:02.969751
30.0,-324.0,641.0,14:05:02.980187
7.0,-631.0,980.0,14:05:02.989505
43.0,-565.0,721.0,14:05:02.999953
-67.0,-363.0,800.0,14:05:03.009321
132.0,-417.0,877.0,14:05:03.019760
-59.0,-397.0,1216.0,14:05:03.029119
32.0,-493.0,1103.0,14:05:03.038594
-61.0,-545.0,731.0,14:05:03.049128
132.0,-657.0,858.0,14:05:03.058488
-22.0,-482.0,1323.0,14:05:03.069042
61.0,-512.0,1124.0,14:05:03.078375
19.0,-524.0,733.0,14:05:03.087808
151.0,-580.0,668.0,14:05:03.098316
64.0,-417.0,965.0,14:05:03.107805
33.0,-554.0,881.0,14:05:03.118231
58.0,-410.0,847.0,14:05:03.127599
-64.0,-307.0,910.0,14:05:03.137124
-138.0,-474.0,1001.0,14:05:03.147551
104.0,-653.0,793.0,14:05:03.158760
86.0,-489.0,1009.0,14:05:03.167117
-24.0,-401.0,1040.0,14:05:03.176433
-17.0,-467.0,1005.0,14:05:03.187092
91.0,-533.0,1122.0,14:05:03.196490
123.0,-504.0,854.0,14:05:03.207005
36.0,-476.0,765.0,14:05:03.216436
-6.0,-513.0,990.0,14:05:03.225872
-33.0,-564.0,1161.0,14:05:03.236440
153.0,-455.0,775.0,14:05:03.245904
-65.0,-400.0,718.0,14:05:03.255295
71.0,-545.0,748.0,14:05:03.265852
88.0,-485.0,1171.0,14:05:03.275178
-24.0,-368.0,923.0,14:05:03.285799
217.0,-440.0,913.0,14:05:03.295257
85.0,-491.0,924.0,14:05:03.304665
58.0,-470.0,880.0,14:05:03.315226
2.0,-454.0,1062.0,14:05:03.324707
-50.0,-481.0,1195.0,14:05:03.334232
87.0,-536.0,713.0,14:05:03.344768
187.0,-583.0,657.0,14:05:03.354174
20.0,-523.0,1277.0,14:05:03.364640
49.0,-525.0,852.0,14:05:03.374069
136.0,-398.0,573.0,14:05:03.383506
-8.0,-288.0,1098.0,14:05:03.393986
-12.0,-627.0,1299.0,14:05:03.403351
83.0,-556.0,599.0,14:05:03.413894
5.0,-544.0,1164.0,14:05:03.423259
215.0,-626.0,1212.0,14:05:03.432627
63.0,-560.0,862.0,14:05:03.443003
25.0,-466.0,760.0,14:05:03.452576
27.0,-576.0,1028.0,14:05:03.462998
136.0,-788.0,938.0,14:05:03.472427
126.0,-554.0,460.0,14:05:03.482849
225.0,-394.0,847.0,14:05:03.492244
-63.0,-362.0,959.0,14:05:03.502683
82.0,-530.0,922.0,14:05:03.512047
86.0,-323.0,1053.0,14:05:03.521338
-46.0,-406.0,540.0,14:05:03.531983
-111.0,-488.0,978.0,14:05:03.541372
89.0,-459.0,1481.0,14:05:03.558927
-83.0,-473.0,818.0,14:05:03.563324
22.0,-401.0,568.0,14:05:03.571569
-14.0,-640.0,1300.0,14:05:03.580965
127.0,-743.0,1231.0,14:05:03.590331
-16.0,-445.0,686.0,14:05:03.600800
108.0,-364.0,605.0,14:05:03.610254
-49.0,-658.0,1281.0,14:05:03.620866
84.0,-664.0,988.0,14:05:03.630196
64.0,-506.0,611.0,14:05:03.639639
-46.0,-478.0,959.0,14:05:03.650147
2.0,-429.0,1176.0,14:05:03.659638
-100.0,-379.0,885.0,14:05:03.670199
119.0,-527.0,679.0,14:05:03.679663
188.0,-405.0,907.0,14:05:03.689090
-71.0,-488.0,1267.0,14:05:03.699726
9.0,-486.0,1145.0,14:05:03.709080
66.0,-473.0,770.0,14:05:03.718436
94.0,-526.0,1088.0,14:05:03.728940
27.0,-618.0,953.0,14:05:03.738416
127.0,-592.0,596.0,14:05:03.748925
-125.0,-431.0,882.0,14:05:03.758314
-55.0,-396.0,879.0,14:05:03.768728
-160.0,-473.0,1153.0,14:05:03.778124
114.0,-385.0,1137.0,14:05:03.787434
-69.0,-357.0,740.0,14:05:03.797957
-64.0,-561.0,1011.0,14:05:03.807339
48.0,-607.0,1495.0,14:05:03.818024
271.0,-665.0,699.0,14:05:03.827321
58.0,-437.0,650.0,14:05:03.836660
-32.0,-552.0,1128.0,14:05:03.847054
68.0,-573.0,1005.0,14:05:03.856494
82.0,-440.0,853.0,14:05:03.867068
6.0,-271.0,529.0,14:05:03.876501
-167.0,-475.0,1127.0,14:05:03.886985
-16.0,-646.0,1044.0,14:05:03.896342
-31.0,-416.0,777.0,14:05:03.905831
50.0,-340.0,898.0,14:05:03.916379
-100.0,-402.0,1016.0,14:05:03.925742
75.0,-610.0,1031.0,14:05:03.935213
43.0,-497.0,726.0,14:05:03.945802
-49.0,-408.0,727.0,14:05:03.955230
6.0,-529.0,1139.0,14:05:03.965752
35.0,-477.0,834.0,14:05:03.975258
112.0,-653.0,702.0,14:05:03.984689
106.0,-793.0,1102.0,14:05:03.995168
108.0,-444.0,1042.0,14:05:04.004573
-68.0,-413.0,708.0,14:05:04.015051
-48.0,-622.0,1017.0,14:05:04.024456
-61.0,-475.0,820.0,14:05:04.033894
16.0,-495.0,943.0,14:05:04.044429
-132.0,-447.0,1409.0,14:05:04.053785
67.0,-346.0,748.0,14:05:04.064207
144.0,-364.0,620.0,14:05:04.073675
138.0,-509.0,1129.0,14:05:04.084116
-19.0,-475.0,1017.0,14:05:04.093597
32.0,-338.0,594.0,14:05:04.102974
87.0,-442.0,722.0,14:05:04.113611
80.0,-647.0,1275.0,14:05:04.122994
92.0,-627.0,1115.0,14:05:04.132601
-25.0,-213.0,352.0,14:05:04.143117
44.0,-316.0,1010.0,14:05:04.152505
-2.0,-518.0,1561.0,14:05:04.162906
10.0,-622.0,802.0,14:05:04.172430
125.0,-364.0,591.0,14:05:04.181735
172.0,-297.0,763.0,14:05:04.192238
260.0,-385.0,926.0,14:05:04.201624
47.0,-762.0,1549.0,14:05:04.212175
114.0,-666.0,921.0,14:05:04.221476
-1.0,-431.0,483.0,14:05:04.230842
-6.0,-554.0,988.0,14:05:04.241348
118.0,-816.0,1438.0,14:05:04.250875
169.0,-626.0,657.0,14:05:04.261343
-39.0,-416.0,458.0,14:05:04.270710
-36.0,-474.0,1266.0,14:05:04.280127
-11.0,-407.0,927.0,14:05:04.290730
214.0,-476.0,382.0,14:05:04.300164
-10.0,-532.0,1239.0,14:05:04.310642
-113.0,-348.0,788.0,14:05:04.320064
-72.0,-481.0,760.0,14:05:04.329560
-34.0,-640.0,1261.0,14:05:04.340159
144.0,-769.0,1098.0,14:05:04.349490
-77.0,-379.0,548.0,14:05:04.361734
-40.0,-315.0,990.0,14:05:04.369036
-104.0,-536.0,1278.0,14:05:04.379641
222.0,-538.0,1028.0,14:05:04.388974
-30.0,-549.0,594.0,14:05:04.399496
192.0,-544.0,899.0,14:05:04.408784
18.0,-339.0,1273.0,14:05:04.418179
21.0,-294.0,369.0,14:05:04.428721
224.0,-320.0,748.0,14:05:04.438143
-145.0,-372.0,1466.0,14:05:04.448550
118.0,-424.0,879.0,14:05:04.458014
-213.0,-156.0,521.0,14:05:04.468436
57.0,-878.0,1528.0,14:05:04.477875
190.0,-778.0,991.0,14:05:04.487256
115.0,-377.0,877.0,14:05:04.497882
127.0,-317.0,904.0,14:05:04.507193
137.0,-499.0,986.0,14:05:04.517768
62.0,-470.0,698.0,14:05:04.527187
123.0,-400.0,561.0,14:05:04.536601
-134.0,-401.0,935.0,14:05:04.547022
23.0,-218.0,1200.0,14:05:04.556444
46.0,-511.0,805.0,14:05:04.566981
184.0,-903.0,1104.0,14:05:04.576485
230.0,-339.0,864.0,14:05:04.585937
183.0,-154.0,869.0,14:05:04.596407
-81.0,-498.0,1433.0,14:05:04.605878
172.0,-687.0,945.0,14:05:04.615347
104.0,-535.0,541.0,14:05:04.625863
-58.0,-387.0,701.0,14:05:04.635283
-27.0,-500.0,1183.0,14:05:04.645831
-25.0,-415.0,970.0,14:05:04.655244
69.0,-556.0,419.0,14:05:04.664617
-75.0,-592.0,1016.0,14:05:04.675172
-15.0,-497.0,1061.0,14:05:04.684697
37.0,-585.0,985.0,14:05:04.694170
-26.0,-569.0,1056.0,14:05:04.704737
90.0,-506.0,779.0,14:05:04.714125
294.0,-246.0,729.0,14:05:04.724641
173.0,-532.0,1295.0,14:05:04.734004
-64.0,-452.0,992.0,14:05:04.743561
10.0,-459.0,797.0,14:05:04.758055
-88.0,-477.0,724.0,14:05:04.767174
91.0,-825.0,1143.0,14:05:04.773163
-22.0,-675.0,1130.0,14:05:04.783709
-18.0,-579.0,1064.0,14:05:04.793092
17.0,-642.0,659.0,14:05:04.802469
182.0,-893.0,470.0,14:05:04.812991
286.0,-610.0,1035.0,14:05:04.822422
26.0,-294.0,909.0,14:05:04.832993
6.0,-55.0,807.0,14:05:04.842392
-163.0,-294.0,1075.0,14:05:04.851749
129.0,-463.0,723.0,14:05:04.862177
-11.0,-420.0,1039.0,14:05:04.871478
125.0,-628.0,856.0,14:05:04.891226
139.0,-676.0,1078.0,14:05:04.901675
81.0,-594.0,758.0,14:05:04.911077
40.0,-497.0,893.0,14:05:04.921499
-95.0,-440.0,1200.0,14:05:04.930910
129.0,-748.0,945.0,14:05:04.941364
107.0,-475.0,541.0,14:05:04.950710
-19.0,-455.0,819.0,14:05:04.961107
-149.0,-493.0,1349.0,14:05:04.970600
-50.0,-313.0,990.0,14:05:04.980064
-64.0,-406.0,594.0,14:05:04.990539
92.0,-609.0,993.0,14:05:04.999968
191.0,-642.0,1171.0,14:05:05.009369
69.0,-679.0,918.0,14:05:05.019918
-101.0,-474.0,707.0,14:05:05.029326
-29.0,-532.0,1011.0,14:05:05.039996
-70.0,-388.0,1116.0,14:05:05.049332
57.0,-562.0,869.0,14:05:05.058709
-71.0,-387.0,760.0,14:05:05.069211
-6.0,-538.0,1025.0,14:05:05.078716
-46.0,-541.0,911.0,14:05:05.089164
46.0,-670.0,586.0,14:05:05.098543
99.0,-676.0,1006.0,14:05:05.108996
78.0,-454.0,1140.0,14:05:05.118445
-1.0,-291.0,487.0,14:05:05.127899
-151.0,-237.0,999.0,14:05:05.138513
-80.0,-493.0,1023.0,14:05:05.147960
-17.0,-476.0,752.0,14:05:05.157391
-83.0,-491.0,1147.0,14:05:05.167961
-21.0,-570.0,1479.0,14:05:05.177301
5.0,-630.0,801.0,14:05:05.186792
71.0,-644.0,506.0,14:05:05.197289
132.0,-756.0,979.0,14:05:05.206618
114.0,-387.0,625.0,14:05:05.217097
-132.0,-342.0,1278.0,14:05:05.226472
-104.0,-428.0,973.0,14:05:05.236016
-194.0,-495.0,519.0,14:05:05.246572
138.0,-702.0,987.0,14:05:05.255853
53.0,-672.0,1183.0,14:05:05.266476
100.0,-431.0,987.0,14:05:05.276006
-12.0,-331.0,588.0,14:05:05.285410
-131.0,-473.0,1121.0,14:05:05.295904
55.0,-410.0,1104.0,14:05:05.305345
76.0,-479.0,540.0,14:05:05.315928
-135.0,-348.0,636.0,14:05:05.325263
8.0,-414.0,1413.0,14:05:05.334672
-92.0,-623.0,723.0,14:05:05.345194
32.0,-628.0,603.0,14:05:05.354690
100.0,-389.0,995.0,14:05:05.365184
61.0,-483.0,1311.0,14:05:05.374636
99.0,-365.0,793.0,14:05:05.383992
-171.0,-583.0,750.0,14:05:05.394484
