3.0,-400.0,1054.0,14:08:24.743127
-62.0,-471.0,909.0,14:08:24.748235
109.0,-496.0,979.0,14:08:24.758783
-29.0,-398.0,928.0,14:08:24.768083
2.0,-516.0,921.0,14:08:24.778654
132.0,-542.0,919.0,14:08:24.787969
-41.0,-589.0,904.0,14:08:24.798465
18.0,-518.0,783.0,14:08:24.807815
94.0,-469.0,817.0,14:08:24.817194
-67.0,-304.0,1042.0,14:08:24.827779
46.0,-420.0,944.0,14:08:24.837124
-375.0,-300.0,919.0,14:08:24.847544
-29.0,-416.0,902.0,14:08:24.857173
-137.0,-380.0,1070.0,14:08:24.866447
-72.0,-531.0,1040.0,14:08:24.877129
115.0,-540.0,1055.0,14:08:24.886453
-63.0,-508.0,1028.0,14:08:24.897107
132.0,-531.0,1011.0,14:08:24.906505
34.0,-552.0,1055.0,14:08:24.916013
-95.0,-583.0,928.0,14:08:24.926447
155.0,-557.0,876.0,14:08:24.935889
119.0,-522.0,865.0,14:08:24.955554
-45.0,-504.0,807.0,14:08:24.966049
72.0,-579.0,742.0,14:08:24.975445
63.0,-418.0,720.0,14:08:24.984885
36.0,-403.0,893.0,14:08:24.995297
34.0,-377.0,861.0,14:08:25.004784
-240.0,-444.0,1116.0,14:08:25.024315
18.0,-585.0,1103.0,14:08:25.034873
-95.0,-535.0,921.0,14:08:25.044216
52.0,-419.0,961.0,14:08:25.054886
57.0,-705.0,1303.0,14:08:25.064276
84.0,-582.0,684.0,14:08:25.073725
127.0,-783.0,1028.0,14:08:25.084236
-153.0,-529.0,893.0,14:08:25.093755
-29.0,-539.0,940.0,14:08:25.103458
27.0,-518.0,1015.0,14:08:25.114007
-122.0,-630.0,1271.0,14:08:25.123292
117.0,-611.0,925.0,14:08:25.133849
83.0,-440.0,757.0,14:08:25.143213
79.0,-387.0,854.0,14:08:25.152620
-50.0,-493.0,1065.0,14:08:25.163038
144.0,-542.0,903.0,14:08:25.172456
21.0,-355.0,605.0,14:08:25.182844
-95.0,-360.0,924.0,14:08:25.192201
9.0,-606.0,1075.0,14:08:25.202649
-75.0,-384.0,783.0,14:08:25.211957
190.0,-516.0,831.0,14:08:25.222576
-87.0,-511.0,801.0,14:08:25.231962
103.0,-630.0,872.0,14:08:25.241378
-69.0,-448.0,655.0,14:08:25.251813
-30.0,-501.0,889.0,14:08:25.261302
-57.0,-343.0,621.0,14:08:25.277993
-29.0,-344.0,751.0,14:08:25.282947
-142.0,-622.0,1396.0,14:08:25.291266
-71.0,-653.0,1126.0,14:08:25.300626
61.0,-460.0,892.0,14:08:25.311334
-24.0,-884.0,1345.0,14:08:25.320633
120.0,-827.0,1078.0,14:08:25.330087
36.0,-636.0,839.0,14:08:25.340723
-63.0,-548.0,796.0,14:08:25.350172
10.0,-552.0,919.0,14:08:25.359600
-58.0,-640.0,664.0,14:08:25.370218
-19.0,-395.0,652.0,14:08:25.379633
40.0,-291.0,977.0,14:08:25.390156
-238.0,-26.0,785.0,14:08:25.399678
-88.0,-356.0,1044.0,14:08:25.409079
-242.0,-313.0,991.0,14:08:25.419660
-46.0,-533.0,992.0,14:08:25.429138
-173.0,-490.0,774.0,14:08:25.438479
36.0,-458.0,977.0,14:08:25.449060
-116.0,-338.0,1123.0,14:08:25.458410
-17.0,-613.0,783.0,14:08:25.469054
1.0,-513.0,805.0,14:08:25.478399
-168.0,-623.0,925.0,14:08:25.487965
-26.0,-572.0,909.0,14:08:25.498467
-4.0,-711.0,985.0,14:08:25.507885
-161.0,-741.0,728.0,14:08:25.518449
14.0,-716.0,1120.0,14:08:25.527895
5.0,-635.0,803.0,14:08:25.537212
24.0,-589.0,916.0,14:08:25.547589
-179.0,-186.0,763.0,14:08:25.557151
-23.0,-419.0,994.0,14:08:25.567620
-118.0,-284.0,1100.0,14:08:25.577085
-146.0,-656.0,1046.0,14:08:25.587540
-224.0,-503.0,1027.0,14:08:25.597146
-47.0,-556.0,1169.0,14:08:25.606523
-35.0,-863.0,1208.0,14:08:25.617023
97.0,-842.0,890.0,14:08:25.626371
134.0,-752.0,655.0,14:08:25.635869
-42.0,-262.0,1056.0,14:08:25.646270
-122.0,-88.0,1279.0,14:08:25.655702
-153.0,-418.0,895.0,14:08:25.666223
118.0,-450.0,454.0,14:08:25.681350
-28.0,-512.0,815.0,14:08:25.686124
144.0,-382.0,1092.0,14:08:25.695497
14.0,-506.0,1039.0,14:08:25.704845
-9.0,-439.0,902.0,14:08:25.715390
59.0,-479.0,702.0,14:08:25.724707
-18.0,-616.0,824.0,14:08:25.735151
65.0,-539.0,954.0,14:08:25.744484
-58.0,-391.0,806.0,14:08:25.754938
-214.0,-210.0,888.0,14:08:25.764269
86.0,-549.0,712.0,14:08:25.774667
-4.0,-555.0,734.0,14:08:25.784062
139.0,-433.0,783.0,14:08:25.794714
63.0,-523.0,981.0,14:08:25.813210
219.0,-662.0,656.0,14:08:25.823862
47.0,-654.0,859.0,14:08:25.833196
153.0,-517.0,1052.0,14:08:25.843827
203.0,-593.0,939.0,14:08:25.853213
-31.0,-480.0,1091.0,14:08:25.863704
58.0,-542.0,1235.0,14:08:25.873157
41.0,-559.0,797.0,14:08:25.882490
132.0,-583.0,1070.0,14:08:25.893136
-6.0,-363.0,844.0,14:08:25.902459
67.0,-532.0,1243.0,14:08:25.911900
80.0,-581.0,1113.0,14:08:25.922525
77.0,-468.0,553.0,14:08:25.931889
135.0,-216.0,904.0,14:08:25.942388
-22.0,-132.0,1139.0,14:08:25.951750
78.0,-281.0,932.0,14:08:25.961337
8.0,-108.0,908.0,14:08:25.971766
-246.0,-138.0,1023.0,14:08:25.981317
52.0,-360.0,998.0,14:08:25.991801
134.0,-475.0,1212.0,14:08:26.001280
20.0,-477.0,847.0,14:08:26.010615
86.0,-478.0,1066.0,14:08:26.021158
-20.0,-719.0,1188.0,14:08:26.030567
188.0,-609.0,656.0,14:08:26.041030
307.0,-548.0,544.0,14:08:26.050408
121.0,-498.0,778.0,14:08:26.060809
29.0,-695.0,980.0,14:08:26.070240
-40.0,-457.0,842.0,14:08:26.080652
44.0,-522.0,901.0,14:08:26.090089
-30.0,-482.0,863.0,14:08:26.099353
41.0,-628.0,1173.0,14:08:26.110054
240.0,-528.0,928.0,14:08:26.119305
113.0,-569.0,803.0,14:08:26.129802
109.0,-349.0,1232.0,14:08:26.139121
83.0,-496.0,1021.0,14:08:26.149580
57.0,-461.0,564.0,14:08:26.158964
72.0,-492.0,983.0,14:08:26.169370
-37.0,-539.0,1074.0,14:08:26.178692
132.0,-457.0,1011.0,14:08:26.189137
37.0,-419.0,709.0,14:08:26.198468
113.0,-582.0,1022.0,14:08:26.207886
191.0,-432.0,945.0,14:08:26.218499
7.0,-467.0,1031.0,14:08:26.227870
169.0,-377.0,868.0,14:08:26.238338
-202.0,-331.0,1145.0,14:08:26.247755
15.0,-355.0,908.0,14:08:26.257075
47.0,-366.0,593.0,14:08:26.267777
-105.0,-345.0,1082.0,14:08:26.277033
40.0,-519.0,1131.0,14:08:26.287604
-41.0,-536.0,696.0,14:08:26.297128
74.0,-435.0,871.0,14:08:26.306484
49.0,-466.0,1101.0,14:08:26.317134
51.0,-716.0,995.0,14:08:26.326479
-74.0,-666.0,997.0,14:08:26.337069
-70.0,-576.0,1125.0,14:08:26.346449
0.0,-500.0,624.0,14:08:26.355949
20.0,-752.0,811.0,14:08:26.366363
-48.0,-637.0,1042.0,14:08:26.375807
161.0,-526.0,504.0,14:08:26.386322
40.0,-393.0,833.0,14:08:26.395858
-122.0,-482.0,1429.0,14:08:26.405182
52.0,-569.0,712.0,14:08:26.415782
-65.0,-385.0,747.0,14:08:26.425206
-45.0,-480.0,1318.0,14:08:26.434667
79.0,-656.0,1140.0,14:08:26.445117
-48.0,-520.0,788.0,14:08:26.454551
53.0,-479.0,916.0,14:08:26.465161
148.0,-768.0,955.0,14:08:26.481825
17.0,-673.0,883.0,14:08:26.484405
65.0,-452.0,1044.0,14:08:26.493874
-22.0,-467.0,862.0,14:08:26.504345
-150.0,-426.0,1015.0,14:08:26.513741
-66.0,-538.0,1030.0,14:08:26.524173
-37.0,-531.0,826.0,14:08:26.533575
-78.0,-485.0,725.0,14:08:26.544186
-124.0,-647.0,873.0,14:08:26.553563
-38.0,-486.0,818.0,14:08:26.562922
-17.0,-328.0,608.0,14:08:26.573320
-89.0,-280.0,707.0,14:08:26.582675
-97.0,-343.0,775.0,14:08:26.593180
-215.0,-318.0,1025.0,14:08:26.602615
-6.0,-460.0,769.0,14:08:26.613031
-107.0,-482.0,946.0,14:08:26.622520
-98.0,-455.0,1165.0,14:08:26.631859
-58.0,-760.0,1105.0,14:08:26.642492
-24.0,-577.0,551.0,14:08:26.651894
-57.0,-632.0,927.0,14:08:26.662518
-34.0,-881.0,1228.0,14:08:26.671930
83.0,-761.0,1039.0,14:08:26.681328
22.0,-446.0,692.0,14:08:26.691910
-79.0,-504.0,744.0,14:08:26.701265
3.0,-736.0,1011.0,14:08:26.710767
-68.0,-620.0,719.0,14:08:26.721244
-69.0,-249.0,812.0,14:08:26.730625
-9.0,-313.0,1058.0,14:08:26.741055
-123.0,-294.0,960.0,14:08:26.750403
-16.0,-324.0,901.0,14:08:26.760860
11.0,-317.0,843.0,14:08:26.770324
-18.0,-300.0,975.0,14:08:26.780785
62.0,-340.0,1055.0,14:08:26.790238
-29.0,-354.0,915.0,14:08:26.799665
-5.0,-491.0,930.0,14:08:26.810250
-43.0,-541.0,964.0,14:08:26.819629
-25.0,-357.0,871.0,14:08:26.830128
4.0,-441.0,1005.0,14:08:26.839637
5.0,-547.0,1109.0,14:08:26.848972
59.0,-641.0,713.0,14:08:26.859482
79.0,-498.0,1064.0,14:08:26.868811
132.0,-527.0,1116.0,14:08:26.884904
106.0,-503.0,883.0,14:08:26.888709
68.0,-676.0,952.0,14:08:26.899187
186.0,-528.0,854.0,14:08:26.908537
-17.0,-420.0,762.0,14:08:26.917974
-18.0,-509.0,1019.0,14:08:26.928474
-37.0,-572.0,1069.0,14:08:26.937906
184.0,-587.0,774.0,14:08:26.948379
-45.0,-428.0,751.0,14:08:26.957876
-70.0,-497.0,913.0,14:08:26.967141
45.0,-577.0,885.0,14:08:26.977749
-48.0,-433.0,802.0,14:08:26.987199
61.0,-318.0,526.0,14:08:26.997893
-154.0,-382.0,1056.0,14:08:27.007194
-112.0,-435.0,1271.0,14:08:27.016606
109.0,-246.0,795.0,14:08:27.027033
-86.0,-341.0,874.0,14:08:27.036435
-66.0,-566.0,1135.0,14:08:27.047047
20.0,-660.0,1210.0,14:08:27.056363
-38.0,-508.0,911.0,14:08:27.065844
47.0,-568.0,852.0,14:08:27.076315
23.0,-588.0,936.0,14:08:27.085724
66.0,-677.0,970.0,14:08:27.096117
140.0,-500.0,780.0,14:08:27.105498
-54.0,-367.0,951.0,14:08:27.115937
-57.0,-259.0,1065.0,14:08:27.125259
-68.0,-482.0,985.0,14:08:27.135805
88.0,-521.0,787.0,14:08:27.145283
-11.0,-402.0,955.0,14:08:27.154676
92.0,-389.0,935.0,14:08:27.165148
148.0,-337.0,771.0,14:08:27.184679
98.0,-441.0,1081.0,14:08:27.194151
174.0,-497.0,850.0,14:08:27.204653
-34.0,-363.0,506.0,14:08:27.214051
-11.0,-679.0,1299.0,14:08:27.224560
217.0,-810.0,965.0,14:08:27.233886
149.0,-634.0,692.0,14:08:27.244295
-12.0,-409.0,1117.0,14:08:27.253748
34.0,-424.0,989.0,14:08:27.264154
37.0,-387.0,787.0,14:08:27.273632
-22.0,-425.0,651.0,14:08:27.283052
-25.0,-475.0,1110.0,14:08:27.293672
115.0,-618.0,1268.0,14:08:27.303097
-6.0,-610.0,953.0,14:08:27.312578
296.0,-584.0,820.0,14:08:27.322790
-75.0,-560.0,1260.0,14:08:27.336387
104.0,-603.0,1073.0,14:08:27.344767
-115.0,-652.0,1092.0,14:08:27.354371
-81.0,-492.0,965.0,14:08:27.363569
11.0,-647.0,982.0,14:08:27.371782
34.0,-651.0,753.0,14:08:27.382369
111.0,-590.0,685.0,14:08:27.391643
-5.0,-365.0,699.0,14:08:27.401113
36.0,-477.0,835.0,14:08:27.411616
2.0,-296.0,977.0,14:08:27.420998
-189.0,-339.0,792.0,14:08:27.431551
-50.0,-273.0,759.0,14:08:27.440967
-132.0,-300.0,1188.0,14:08:27.451416
12.0,-457.0,872.0,14:08:27.460898
-48.0,-440.0,892.0,14:08:27.470259
-59.0,-560.0,1007.0,14:08:27.480822
87.0,-584.0,968.0,14:08:27.490251
26.0,-503.0,605.0,14:08:27.500789
-52.0,-567.0,1239.0,14:08:27.510258
-59.0,-542.0,831.0,14:08:27.519637
-61.0,-494.0,845.0,14:08:27.530127
-83.0,-382.0,1087.0,14:08:27.539444
80.0,-665.0,1028.0,14:08:27.549925
43.0,-728.0,900.0,14:08:27.559327
85.0,-484.0,975.0,14:08:27.569853
130.0,-638.0,895.0,14:08:27.579143
-12.0,-588.0,1155.0,14:08:27.588537
141.0,-552.0,771.0,14:08:27.599041
30.0,-551.0,704.0,14:08:27.608502
32.0,-439.0,1248.0,14:08:27.618962
-233.0,-437.0,969.0,14:08:27.628426
164.0,-475.0,637.0,14:08:27.638932
-47.0,-323.0,974.0,14:08:27.648279
-71.0,-490.0,1070.0,14:08:27.657594
33.0,-501.0,810.0,14:08:27.668263
54.0,-430.0,909.0,14:08:27.684493
49.0,-352.0,1121.0,14:08:27.689141
4.0,-399.0,894.0,14:08:27.697301
0.0,-432.0,809.0,14:08:27.707960
31.0,-460.0,1150.0,14:08:27.717257
-14.0,-471.0,963.0,14:08:27.726660
72.0,-484.0,944.0,14:08:27.737133
103.0,-338.0,1115.0,14:08:27.746559
-64.0,-456.0,1041.0,14:08:27.757085
84.0,-454.0,877.0,14:08:27.766537
56.0,-537.0,971.0,14:08:27.775875
-25.0,-496.0,1018.0,14:08:27.786458
60.0,-583.0,942.0,14:08:27.795851
-6.0,-486.0,927.0,14:08:27.806389
-64.0,-539.0,1038.0,14:08:27.815823
53.0,-703.0,877.0,14:08:27.825216
60.0,-599.0,740.0,14:08:27.835774
14.0,-619.0,983.0,14:08:27.845110
-24.0,-584.0,885.0,14:08:27.855824
12.0,-491.0,660.0,14:08:27.865158
-4.0,-592.0,762.0,14:08:27.874757
19.0,-541.0,923.0,14:08:27.885179
90.0,-530.0,897.0,14:08:27.894580
-61.0,-373.0,907.0,14:08:27.905079
-71.0,-420.0,813.0,14:08:27.914454
46.0,-571.0,791.0,14:08:27.923876
13.0,-530.0,802.0,14:08:27.934352
43.0,-612.0,971.0,14:08:27.943728
-59.0,-489.0,1066.0,14:08:27.954115
-111.0,-415.0,1052.0,14:08:27.963585
-25.0,-387.0,857.0,14:08:27.974167
14.0,-442.0,889.0,14:08:27.983613
-48.0,-407.0,1207.0,14:08:27.992887
-101.0,-405.0,999.0,14:08:28.003429
-136.0,-318.0,833.0,14:08:28.012766
27.0,-539.0,1126.0,14:08:28.023363
97.0,-678.0,1098.0,14:08:28.032696
34.0,-444.0,892.0,14:08:28.043235
22.0,-429.0,968.0,14:08:28.052558
133.0,-463.0,926.0,14:08:28.062994
-99.0,-509.0,909.0,14:08:28.072744
183.0,-423.0,755.0,14:08:28.086927
171.0,-366.0,768.0,14:08:28.092019
-10.0,-407.0,932.0,14:08:28.101426
-17.0,-456.0,888.0,14:08:28.111879
-93.0,-452.0,814.0,14:08:28.121362
43.0,-632.0,915.0,14:08:28.131904
71.0,-543.0,1063.0,14:08:28.141335
-27.0,-586.0,934.0,14:08:28.151766
-29.0,-656.0,729.0,14:08:28.161323
8.0,-679.0,957.0,14:08:28.170614
160.0,-531.0,849.0,14:08:28.181221
57.0,-559.0,842.0,14:08:28.190535
-46.0,-675.0,983.0,14:08:28.200139
43.0,-637.0,910.0,14:08:28.210666
-3.0,-543.0,879.0,14:08:28.230367
-26.0,-550.0,1147.0,14:08:28.239842
-179.0,-451.0,1064.0,14:08:28.250418
60.0,-491.0,812.0,14:08:28.259786
-135.0,-400.0,1007.0,14:08:28.269261
-152.0,-363.0,1061.0,14:08:28.279775
-5.0,-477.0,930.0,14:08:28.289151
-140.0,-436.0,914.0,14:08:28.299579
-8.0,-514.0,978.0,14:08:28.309073
-27.0,-537.0,927.0,14:08:28.318407
-77.0,-551.0,882.0,14:08:28.329074
-12.0,-597.0,871.0,14:08:28.338496
-17.0,-573.0,824.0,14:08:28.347953
10.0,-552.0,881.0,14:08:28.358444
76.0,-351.0,759.0,14:08:28.367819
-89.0,-383.0,857.0,14:08:28.378355
79.0,-337.0,955.0,14:08:28.387738
-9.0,-318.0,918.0,14:08:28.398369
14.0,-476.0,853.0,14:08:28.407769
64.0,-588.0,947.0,14:08:28.417178
70.0,-536.0,1085.0,14:08:28.427712
-81.0,-473.0,873.0,14:08:28.437180
203.0,-462.0,896.0,14:08:28.447611
-64.0,-491.0,927.0,14:08:28.457106
64.0,-587.0,903.0,14:08:28.466488
-36.0,-454.0,1014.0,14:08:28.477031
-161.0,-546.0,898.0,14:08:28.486361
-33.0,-507.0,1067.0,14:08:28.495938
30.0,-513.0,1125.0,14:08:28.506453
3.0,-430.0,874.0,14:08:28.515783
90.0,-522.0,859.0,14:08:28.526301
43.0,-413.0,956.0,14:08:28.535593
-34.0,-463.0,964.0,14:08:28.546058
66.0,-525.0,854.0,14:08:28.555338
110.0,-592.0,690.0,14:08:28.564944
-38.0,-472.0,896.0,14:08:28.575405
-92.0,-513.0,1173.0,14:08:28.584839
94.0,-496.0,861.0,14:08:28.595334
84.0,-472.0,655.0,14:08:28.604824
-72.0,-448.0,1041.0,14:08:28.615333
18.0,-556.0,1147.0,14:08:28.624787
78.0,-625.0,818.0,14:08:28.634031
97.0,-626.0,916.0,14:08:28.644759
99.0,-428.0,977.0,14:08:28.654074
75.0,-376.0,753.0,14:08:28.663481
11.0,-593.0,968.0,14:08:28.673999
7.0,-621.0,954.0,14:08:28.683522
38.0,-664.0,862.0,14:08:28.694048
68.0,-454.0,811.0,14:08:28.703545
-89.0,-665.0,1062.0,14:08:28.712903
127.0,-578.0,1020.0,14:08:28.723508
72.0,-509.0,910.0,14:08:28.732942
-106.0,-426.0,846.0,14:08:28.743411
-9.0,-467.0,989.0,14:08:28.752901
-36.0,-612.0,855.0,14:08:28.762361
-150.0,-586.0,820.0,14:08:28.772857
140.0,-492.0,891.0,14:08:28.782146
-173.0,-518.0,965.0,14:08:28.792706
183.0,-612.0,760.0,14:08:28.802001
-9.0,-528.0,899.0,14:08:28.811391
-21.0,-431.0,788.0,14:08:28.821890
-71.0,-405.0,890.0,14:08:28.831401
-85.0,-467.0,938.0,14:08:28.841824
-58.0,-407.0,950.0,14:08:28.851301
-83.0,-436.0,812.0,14:08:28.861764
-54.0,-454.0,894.0,14:08:28.871232
-84.0,-551.0,1078.0,14:08:28.888675
64.0,-604.0,984.0,14:08:28.892508
-36.0,-516.0,932.0,14:08:28.900760
29.0,-491.0,940.0,14:08:28.910211
106.0,-476.0,1005.0,14:08:28.920721
-26.0,-534.0,873.0,14:08:28.930285
48.0,-557.0,845.0,14:08:28.940713
94.0,-423.0,833.0,14:08:28.950224
0.0,-471.0,864.0,14:08:28.959487
-15.0,-420.0,924.0,14:08:28.970159
65.0,-384.0,881.0,14:08:28.979489
-91.0,-350.0,821.0,14:08:28.988939
131.0,-472.0,946.0,14:08:28.999431
36.0,-402.0,1005.0,14:08:29.008836
168.0,-325.0,954.0,14:08:29.019324
142.0,-429.0,964.0,14:08:29.028729
-31.0,-438.0,962.0,14:08:29.039152
167.0,-499.0,1015.0,14:08:29.048617
103.0,-529.0,873.0,14:08:29.059150
9.0,-454.0,924.0,14:08:29.068525
42.0,-419.0,945.0,14:08:29.077897
6.0,-434.0,974.0,14:08:29.088346
21.0,-574.0,1072.0,14:08:29.097768
-3.0,-460.0,853.0,14:08:29.108286
28.0,-571.0,949.0,14:08:29.117858
69.0,-458.0,867.0,14:08:29.127095
58.0,-614.0,1095.0,14:08:29.137728
194.0,-527.0,958.0,14:08:29.147113
19.0,-501.0,925.0,14:08:29.157619
139.0,-546.0,844.0,14:08:29.166988
86.0,-502.0,861.0,14:08:29.176499
36.0,-419.0,806.0,14:08:29.187080
13.0,-440.0,863.0,14:08:29.196516
38.0,-458.0,949.0,14:08:29.206017
-77.0,-323.0,753.0,14:08:29.216582
131.0,-442.0,875.0,14:08:29.225926
-158.0,-434.0,1016.0,14:08:29.236439
86.0,-506.0,1073.0,14:08:29.245925
-52.0,-431.0,994.0,14:08:29.255340
-139.0,-568.0,929.0,14:08:29.265982
105.0,-575.0,919.0,14:08:29.275286
-93.0,-477.0,935.0,14:08:29.290673
-24.0,-484.0,976.0,14:08:29.295644
-38.0,-516.0,1091.0,14:08:29.305011
62.0,-419.0,766.0,14:08:29.314514
139.0,-447.0,934.0,14:08:29.324941
122.0,-456.0,1062.0,14:08:29.334348
-117.0,-372.0,989.0,14:08:29.344922
152.0,-504.0,988.0,14:08:29.354310
205.0,-530.0,875.0,14:08:29.364778
54.0,-460.0,783.0,14:08:29.374155
92.0,-408.0,935.0,14:08:29.383520
-47.0,-445.0,903.0,14:08:29.393956
116.0,-496.0,948.0,14:08:29.403315
28.0,-453.0,779.0,14:08:29.413812
68.0,-497.0,831.0,14:08:29.423191
131.0,-537.0,1106.0,14:08:29.433628
7.0,-671.0,1009.0,14:08:29.442972
196.0,-496.0,655.0,14:08:29.453498
-73.0,-488.0,1056.0,14:08:29.462794
74.0,-559.0,1072.0,14:08:29.472180
186.0,-430.0,890.0,14:08:29.482680
-82.0,-456.0,844.0,14:08:29.491970
-28.0,-543.0,981.0,14:08:29.502597
122.0,-639.0,909.0,14:08:29.511916
-34.0,-385.0,806.0,14:08:29.522543
36.0,-506.0,915.0,14:08:29.531840
-72.0,-512.0,1033.0,14:08:29.541314
52.0,-427.0,835.0,14:08:29.551850
130.0,-566.0,970.0,14:08:29.561341
-82.0,-594.0,990.0,14:08:29.571785
125.0,-454.0,875.0,14:08:29.581282
-82.0,-457.0,988.0,14:08:29.590564
-53.0,-522.0,977.0,14:08:29.601199
175.0,-596.0,943.0,14:08:29.610501
85.0,-503.0,861.0,14:08:29.621009
-70.0,-505.0,956.0,14:08:29.630439
58.0,-540.0,853.0,14:08:29.639869
-12.0,-662.0,855.0,14:08:29.650516
-13.0,-555.0,1034.0,14:08:29.659893
226.0,-546.0,873.0,14:08:29.670411
-39.0,-479.0,945.0,14:08:29.679882
83.0,-554.0,1081.0,14:08:29.689205
-53.0,-433.0,1061.0,14:08:29.699725
93.0,-562.0,767.0,14:08:29.709095
8.0,-473.0,1009.0,14:08:29.719606
-42.0,-451.0,994.0,14:08:29.729049
-133.0,-409.0,916.0,14:08:29.738457
12.0,-454.0,799.0,14:08:29.749029
-51.0,-441.0,930.0,14:08:29.758409
32.0,-475.0,940.0,14:08:29.769043
41.0,-444.0,796.0,14:08:29.778377
21.0,-494.0,1018.0,14:08:29.787866
-90.0,-542.0,1012.0,14:08:29.798404
81.0,-483.0,934.0,14:08:29.807839
-33.0,-400.0,919.0,14:08:29.818328
49.0,-447.0,927.0,14:08:29.827782
76.0,-488.0,970.0,14:08:29.837206
37.0,-595.0,1002.0,14:08:29.847784
112.0,-522.0,756.0,14:08:29.857102
43.0,-534.0,933.0,14:08:29.867582
16.0,-570.0,1083.0,14:08:29.876983
207.0,-523.0,1016.0,14:08:29.886466
-27.0,-495.0,855.0,14:08:29.896973
90.0,-538.0,985.0,14:08:29.906365
48.0,-561.0,1084.0,14:08:29.916962
72.0,-493.0,932.0,14:08:29.926297
146.0,-423.0,807.0,14:08:29.935724
17.0,-276.0,889.0,14:08:29.946294
-5.0,-482.0,1097.0,14:08:29.955529
-63.0,-524.0,886.0,14:08:29.966016
69.0,-499.0,766.0,14:08:29.975274
-33.0,-546.0,890.0,14:08:29.985998
-18.0,-531.0,984.0,14:08:29.995343
-25.0,-560.0,1027.0,14:08:30.004772
0.0,-566.0,847.0,14:08:30.015244
-51.0,-450.0,819.0,14:08:30.024733
-128.0,-415.0,933.0,14:08:30.035269
118.0,-588.0,910.0,14:08:30.044747
-43.0,-510.0,750.0,14:08:30.054160
-58.0,-390.0,964.0,14:08:30.064768
128.0,-472.0,905.0,14:08:30.074050
-58.0,-383.0,674.0,14:08:30.091549
57.0,-369.0,776.0,14:08:30.095494
-79.0,-358.0,822.0,14:08:30.103710
-54.0,-410.0,1002.0,14:08:30.113210
-59.0,-559.0,1217.0,14:08:30.123810
127.0,-603.0,947.0,14:08:30.133151
39.0,-632.0,738.0,14:08:30.143777
-13.0,-667.0,1157.0,14:08:30.153239
80.0,-744.0,1236.0,14:08:30.162569
-16.0,-715.0,769.0,14:08:30.172982
58.0,-443.0,711.0,14:08:30.182475
-14.0,-444.0,788.0,14:08:30.193011
78.0,-532.0,825.0,14:08:30.202503
7.0,-439.0,862.0,14:08:30.211853
47.0,-411.0,895.0,14:08:30.222445
50.0,-387.0,873.0,14:08:30.231747
-105.0,-374.0,1093.0,14:08:30.242388
74.0,-440.0,1058.0,14:08:30.251663
-88.0,-423.0,1024.0,14:08:30.261089
11.0,-483.0,1039.0,14:08:30.271586
-203.0,-544.0,991.0,14:08:30.280980
37.0,-547.0,831.0,14:08:30.291490
140.0,-531.0,773.0,14:08:30.300893
14.0,-533.0,788.0,14:08:30.310835
48.0,-525.0,904.0,14:08:30.321009
-26.0,-511.0,1012.0,14:08:30.330309
-21.0,-517.0,867.0,14:08:30.340932
-129.0,-598.0,829.0,14:08:30.350245
-32.0,-613.0,1041.0,14:08:30.360834
-46.0,-620.0,1013.0,14:08:30.370271
105.0,-576.0,874.0,14:08:30.379636
-55.0,-423.0,742.0,14:08:30.390178
-107.0,-381.0,843.0,14:08:30.399473
46.0,-478.0,1018.0,14:08:30.409946
-40.0,-452.0,901.0,14:08:30.419349
82.0,-503.0,852.0,14:08:30.429923
-32.0,-460.0,917.0,14:08:30.439222
-21.0,-534.0,894.0,14:08:30.448588
68.0,-637.0,958.0,14:08:30.459086
-25.0,-592.0,981.0,14:08:30.468396
57.0,-567.0,709.0,14:08:30.478943
17.0,-574.0,760.0,14:08:30.493440
-18.0,-607.0,1021.0,14:08:30.498496
61.0,-495.0,940.0,14:08:30.507939
37.0,-431.0,934.0,14:08:30.518526
-149.0,-427.0,1083.0,14:08:30.527940
-36.0,-455.0,932.0,14:08:30.537376
-83.0,-390.0,916.0,14:08:30.547871
-57.0,-493.0,1221.0,14:08:30.557235
-33.0,-402.0,923.0,14:08:30.567897
36.0,-471.0,789.0,14:08:30.577308
11.0,-394.0,1076.0,14:08:30.586679
-21.0,-525.0,1128.0,14:08:30.597244
46.0,-528.0,781.0,14:08:30.606548
-75.0,-397.0,1033.0,14:08:30.617261
17.0,-506.0,1090.0,14:08:30.626535
76.0,-417.0,835.0,14:08:30.635949
-39.0,-331.0,948.0,14:08:30.646363
-59.0,-398.0,841.0,14:08:30.655832
55.0,-519.0,752.0,14:08:30.666420
95.0,-491.0,852.0,14:08:30.675801
137.0,-533.0,884.0,14:08:30.685152
35.0,-488.0,685.0,14:08:30.695822
19.0,-430.0,937.0,14:08:30.705159
64.0,-578.0,1129.0,14:08:30.715688
189.0,-544.0,792.0,14:08:30.725150
84.0,-335.0,767.0,14:08:30.734615
-11.0,-477.0,999.0,14:08:30.745122
61.0,-543.0,909.0,14:08:30.754406
51.0,-578.0,911.0,14:08:30.764944
94.0,-616.0,928.0,14:08:30.774243
2.0,-670.0,1057.0,14:08:30.784908
28.0,-582.0,970.0,14:08:30.794271
98.0,-500.0,729.0,14:08:30.803723
7.0,-457.0,1034.0,14:08:30.814138
40.0,-631.0,1027.0,14:08:30.823634
128.0,-534.0,721.0,14:08:30.834158
-94.0,-437.0,924.0,14:08:30.843653
-13.0,-576.0,1214.0,14:08:30.852949
49.0,-461.0,807.0,14:08:30.863630
45.0,-394.0,674.0,14:08:30.872909
-68.0,-519.0,1004.0,14:08:30.883499
31.0,-526.0,989.0,14:08:30.892854
143.0,-430.0,760.0,14:08:30.902137
-54.0,-307.0,857.0,14:08:30.912555
33.0,-530.0,988.0,14:08:30.921923
56.0,-511.0,885.0,14:08:30.932557
15.0,-470.0,862.0,14:08:30.941904
63.0,-588.0,954.0,14:08:30.951624
42.0,-618.0,1066.0,14:08:30.962123
38.0,-570.0,858.0,14:08:30.971484
153.0,-645.0,852.0,14:08:30.981926
-143.0,-664.0,1141.0,14:08:30.991345
86.0,-631.0,924.0,14:08:31.000804
47.0,-528.0,810.0,14:08:31.011352
16.0,-545.0,835.0,14:08:31.020704
-92.0,-374.0,940.0,14:08:31.031363
-45.0,-568.0,827.0,14:08:31.040679
-87.0,-680.0,977.0,14:08:31.050239
84.0,-533.0,943.0,14:08:31.060700
-105.0,-548.0,924.0,14:08:31.070221
13.0,-662.0,818.0,14:08:31.080742
70.0,-611.0,874.0,14:08:31.090250
-53.0,-494.0,777.0,14:08:31.099609
68.0,-536.0,803.0,14:08:31.110335
3.0,-475.0,862.0,14:08:31.119656
-284.0,-306.0,951.0,14:08:31.129078
29.0,-441.0,927.0,14:08:31.139606
-155.0,-572.0,897.0,14:08:31.149083
9.0,-479.0,948.0,14:08:31.159540
-89.0,-466.0,930.0,14:08:31.168973
-53.0,-482.0,891.0,14:08:31.178281
-6.0,-544.0,904.0,14:08:31.189214
-174.0,-396.0,902.0,14:08:31.198566
24.0,-524.0,887.0,14:08:31.208042
-154.0,-461.0,931.0,14:08:31.218466
-58.0,-367.0,826.0,14:08:31.227958
-67.0,-428.0,1072.0,14:08:31.238447
58.0,-599.0,1076.0,14:08:31.247917
-23.0,-581.0,891.0,14:08:31.257197
24.0,-446.0,854.0,14:08:31.267827
43.0,-531.0,962.0,14:08:31.277182
-43.0,-502.0,951.0,14:08:31.294474
183.0,-551.0,831.0,14:08:31.298262
-117.0,-394.0,814.0,14:08:31.307727
-11.0,-420.0,901.0,14:08:31.317166
-9.0,-528.0,1066.0,14:08:31.326548
-71.0,-411.0,750.0,14:08:31.337073
19.0,-446.0,995.0,14:08:31.346425
-40.0,-744.0,1197.0,14:08:31.356032
52.0,-578.0,882.0,14:08:31.366525
111.0,-590.0,861.0,14:08:31.376020
12.0,-500.0,1080.0,14:08:31.386460
90.0,-449.0,1044.0,14:08:31.395855
59.0,-528.0,699.0,14:08:31.405205
-64.0,-514.0,877.0,14:08:31.415860
15.0,-527.0,957.0,14:08:31.425294
7.0,-448.0,737.0,14:08:31.445073
44.0,-542.0,981.0,14:08:31.454369
52.0,-631.0,1069.0,14:08:31.464904
39.0,-523.0,855.0,14:08:31.474260
-102.0,-497.0,775.0,14:08:31.484725
79.0,-582.0,887.0,14:08:31.494060
-76.0,-339.0,972.0,14:08:31.504708
57.0,-427.0,810.0,14:08:31.514037
78.0,-592.0,697.0,14:08:31.524506
90.0,-579.0,967.0,14:08:31.533869
-66.0,-419.0,1071.0,14:08:31.543363
5.0,-442.0,917.0,14:08:31.553842
109.0,-649.0,886.0,14:08:31.563187
40.0,-594.0,919.0,14:08:31.573705
65.0,-298.0,1041.0,14:08:31.583191
43.0,-438.0,900.0,14:08:31.592478
105.0,-536.0,778.0,14:08:31.602930
143.0,-443.0,890.0,14:08:31.612332
-45.0,-557.0,928.0,14:08:31.622867
79.0,-451.0,862.0,14:08:31.632307
90.0,-483.0,932.0,14:08:31.642805
12.0,-453.0,971.0,14:08:31.652105
101.0,-519.0,746.0,14:08:31.661494
61.0,-536.0,910.0,14:08:31.671904
55.0,-440.0,1035.0,14:08:31.681345
49.0,-482.0,1200.0,14:08:31.695774
54.0,-412.0,842.0,14:08:31.701303
266.0,-479.0,788.0,14:08:31.711879
147.0,-444.0,1005.0,14:08:31.721259
90.0,-655.0,1090.0,14:08:31.730717
-19.0,-662.0,952.0,14:08:31.741258
94.0,-623.0,905.0,14:08:31.750682
-109.0,-627.0,1010.0,14:08:31.761184
19.0,-635.0,1017.0,14:08:31.770614
-45.0,-656.0,974.0,14:08:31.779948
68.0,-574.0,804.0,14:08:31.790507
-155.0,-427.0,806.0,14:08:31.799865
89.0,-540.0,927.0,14:08:31.810395
47.0,-558.0,943.0,14:08:31.819741
-33.0,-423.0,856.0,14:08:31.829163
123.0,-447.0,736.0,14:08:31.839718
-180.0,-283.0,965.0,14:08:31.849130
72.0,-428.0,1032.0,14:08:31.859657
46.0,-459.0,1013.0,14:08:31.869129
120.0,-480.0,908.0,14:08:31.879613
-48.0,-384.0,978.0,14:08:31.889092
74.0,-390.0,981.0,14:08:31.898437
-36.0,-593.0,1041.0,14:08:31.909069
171.0,-582.0,868.0,14:08:31.918365
-57.0,-514.0,938.0,14:08:31.928846
75.0,-457.0,846.0,14:08:31.938139
60.0,-431.0,988.0,14:08:31.947584
-74.0,-493.0,1002.0,14:08:31.958138
82.0,-413.0,736.0,14:08:31.967574
1.0,-490.0,871.0,14:08:31.978057
103.0,-440.0,1011.0,14:08:31.987447
40.0,-419.0,1024.0,14:08:31.996888
173.0,-391.0,805.0,14:08:32.007401
129.0,-369.0,865.0,14:08:32.016831
152.0,-466.0,966.0,14:08:32.027448
83.0,-531.0,944.0,14:08:32.036907
100.0,-469.0,956.0,14:08:32.046331
105.0,-378.0,896.0,14:08:32.056993
51.0,-468.0,948.0,14:08:32.066470
53.0,-480.0,1064.0,14:08:32.075825
95.0,-613.0,1187.0,14:08:32.086383
-19.0,-660.0,1125.0,14:08:32.095753
72.0,-724.0,938.0,14:08:32.105312
-90.0,-667.0,1168.0,14:08:32.115854
-87.0,-612.0,987.0,14:08:32.125249
-18.0,-630.0,825.0,14:08:32.135837
193.0,-505.0,844.0,14:08:32.145276
-17.0,-491.0,873.0,14:08:32.154672
7.0,-514.0,722.0,14:08:32.165159
68.0,-452.0,824.0,14:08:32.174609
31.0,-487.0,758.0,14:08:32.185234
129.0,-401.0,683.0,14:08:32.194712
-18.0,-240.0,696.0,14:08:32.204163
-83.0,-380.0,733.0,14:08:32.214715
-30.0,-272.0,661.0,14:08:32.224240
32.0,-69.0,643.0,14:08:32.233817
-43.0,-143.0,840.0,14:08:32.244370
-39.0,-364.0,989.0,14:08:32.253556
120.0,-438.0,913.0,14:08:32.263088
78.0,-583.0,1146.0,14:08:32.273627
44.0,-688.0,1272.0,14:08:32.283039
165.0,-835.0,1147.0,14:08:32.293612
21.0,-603.0,939.0,14:08:32.303005
35.0,-625.0,987.0,14:08:32.313465
-4.0,-758.0,1039.0,14:08:32.322792
72.0,-727.0,574.0,14:08:32.332100
39.0,-733.0,761.0,14:08:32.342666
-104.0,-657.0,1136.0,14:08:32.351938
43.0,-716.0,985.0,14:08:32.362593
-40.0,-550.0,902.0,14:08:32.371939
311.0,-497.0,1058.0,14:08:32.381396
-39.0,-358.0,872.0,14:08:32.391795
147.0,-369.0,768.0,14:08:32.401268
67.0,-325.0,866.0,14:08:32.411792
91.0,-236.0,817.0,14:08:32.421288
51.0,-300.0,866.0,14:08:32.431719
-115.0,-223.0,943.0,14:08:32.441245
-24.0,-348.0,1066.0,14:08:32.450546
-80.0,-230.0,1083.0,14:08:32.461271
8.0,-447.0,1202.0,14:08:32.470600
12.0,-503.0,1007.0,14:08:32.480059
34.0,-610.0,967.0,14:08:32.497085
54.0,-693.0,1021.0,14:08:32.500901
105.0,-780.0,913.0,14:08:32.510262
4.0,-629.0,901.0,14:08:32.519659
60.0,-691.0,911.0,14:08:32.530299
-9.0,-701.0,747.0,14:08:32.539747
101.0,-696.0,854.0,14:08:32.549147
-15.0,-552.0,868.0,14:08:32.559651
202.0,-674.0,872.0,14:08:32.569147
4.0,-419.0,656.0,14:08:32.579687
-99.0,-477.0,751.0,14:08:32.589090
137.0,-566.0,667.0,14:08:32.598454
-40.0,-568.0,712.0,14:08:32.609020
29.0,-351.0,806.0,14:08:32.618365
12.0,-309.0,1023.0,14:08:32.630143
-200.0,-277.0,1131.0,14:08:32.638521
-49.0,-213.0,765.0,14:08:32.648263
-106.0,-235.0,919.0,14:08:32.657580
10.0,-517.0,1319.0,14:08:32.668223
45.0,-552.0,1187.0,14:08:32.677544
70.0,-492.0,912.0,14:08:32.687106
125.0,-633.0,932.0,14:08:32.697725
10.0,-692.0,1026.0,14:08:32.707154
66.0,-587.0,886.0,14:08:32.717715
-60.0,-463.0,949.0,14:08:32.727125
-17.0,-559.0,1143.0,14:08:32.736470
-73.0,-486.0,974.0,14:08:32.747103
52.0,-438.0,855.0,14:08:32.756507
51.0,-365.0,905.0,14:08:32.767089
-120.0,-354.0,980.0,14:08:32.776375
55.0,-491.0,817.0,14:08:32.785930
-20.0,-471.0,873.0,14:08:32.796389
29.0,-451.0,929.0,14:08:32.805815
115.0,-393.0,889.0,14:08:32.816231
-111.0,-415.0,961.0,14:08:32.825663
36.0,-351.0,911.0,14:08:32.836068
123.0,-449.0,738.0,14:08:32.855639
187.0,-537.0,911.0,14:08:32.865061
142.0,-609.0,991.0,14:08:32.875486
180.0,-736.0,978.0,14:08:32.884835
80.0,-546.0,935.0,14:08:32.894199
62.0,-543.0,949.0,14:08:32.904260
-29.0,-497.0,1012.0,14:08:32.914773
-4.0,-508.0,993.0,14:08:32.924100
89.0,-621.0,951.0,14:08:32.934762
148.0,-524.0,881.0,14:08:32.944067
67.0,-486.0,1015.0,14:08:32.953594
45.0,-483.0,1050.0,14:08:32.964045
117.0,-529.0,938.0,14:08:32.973543
162.0,-439.0,769.0,14:08:32.982983
80.0,-271.0,889.0,14:08:32.993675
50.0,-436.0,945.0,14:08:33.003096
69.0,-439.0,852.0,14:08:33.013680
28.0,-459.0,939.0,14:08:33.023096
11.0,-545.0,910.0,14:08:33.032463
129.0,-454.0,1001.0,14:08:33.043018
-27.0,-579.0,1044.0,14:08:33.052414
89.0,-668.0,821.0,14:08:33.061851
-42.0,-485.0,800.0,14:08:33.072435
28.0,-661.0,941.0,14:08:33.081805
101.0,-617.0,932.0,14:08:33.092359
52.0,-598.0,846.0,14:08:33.101760
-27.0,-547.0,764.0,14:08:33.111224
6.0,-482.0,856.0,14:08:33.121854
-32.0,-557.0,1048.0,14:08:33.131252
-43.0,-462.0,848.0,14:08:33.140778
28.0,-492.0,834.0,14:08:33.151361
31.0,-438.0,912.0,14:08:33.160799
-29.0,-389.0,922.0,14:08:33.171337
-10.0,-387.0,1044.0,14:08:33.180776
117.0,-464.0,837.0,14:08:33.190162
135.0,-372.0,913.0,14:08:33.200704
34.0,-567.0,1017.0,14:08:33.210152
127.0,-440.0,1042.0,14:08:33.220793
16.0,-386.0,1127.0,14:08:33.230230
61.0,-534.0,977.0,14:08:33.239597
140.0,-538.0,753.0,14:08:33.250145
126.0,-591.0,1021.0,14:08:33.259493
124.0,-488.0,906.0,14:08:33.269953
44.0,-565.0,778.0,14:08:33.279383
64.0,-493.0,887.0,14:08:33.289784
155.0,-415.0,1046.0,14:08:33.299233
-8.0,-547.0,742.0,14:08:33.308569
99.0,-420.0,781.0,14:08:33.319094
-186.0,-508.0,1190.0,14:08:33.328430
-58.0,-487.0,886.0,14:08:33.339021
3.0,-466.0,751.0,14:08:33.348456
12.0,-577.0,996.0,14:08:33.357826
61.0,-543.0,886.0,14:08:33.368331
68.0,-285.0,724.0,14:08:33.377888
-22.0,-362.0,927.0,14:08:33.388330
51.0,-413.0,1147.0,14:08:33.397767
80.0,-362.0,881.0,14:08:33.407141
27.0,-366.0,923.0,14:08:33.417609
19.0,-392.0,1053.0,14:08:33.427085
42.0,-585.0,1030.0,14:08:33.437554
82.0,-513.0,1059.0,14:08:33.447138
63.0,-452.0,981.0,14:08:33.456428
43.0,-550.0,922.0,14:08:33.467049
-38.0,-489.0,895.0,14:08:33.476466
145.0,-452.0,909.0,14:08:33.485965
-59.0,-444.0,885.0,14:08:33.496451
130.0,-572.0,940.0,14:08:33.505900
153.0,-496.0,930.0,14:08:33.516434
145.0,-501.0,781.0,14:08:33.525910
65.0,-414.0,914.0,14:08:33.535379
132.0,-466.0,1025.0,14:08:33.545966
130.0,-530.0,854.0,14:08:33.555312
7.0,-394.0,848.0,14:08:33.564850
156.0,-516.0,1042.0,14:08:33.575279
23.0,-461.0,879.0,14:08:33.584771
135.0,-448.0,946.0,14:08:33.595260
61.0,-471.0,952.0,14:08:33.604812
171.0,-586.0,928.0,14:08:33.614151
80.0,-537.0,877.0,14:08:33.624678
-17.0,-469.0,908.0,14:08:33.634048
82.0,-585.0,904.0,14:08:33.644466
-121.0,-633.0,1045.0,14:08:33.653809
27.0,-600.0,931.0,14:08:33.664296
-74.0,-491.0,803.0,14:08:33.673733
19.0,-496.0,907.0,14:08:33.684225
1.0,-532.0,872.0,14:08:33.699192
63.0,-626.0,919.0,14:08:33.703445
134.0,-610.0,899.0,14:08:33.712798
39.0,-614.0,931.0,14:08:33.723369
184.0,-707.0,891.0,14:08:33.732719
86.0,-441.0,968.0,14:08:33.752433
24.0,-571.0,914.0,14:08:33.762931
37.0,-498.0,917.0,14:08:33.772254
-6.0,-464.0,852.0,14:08:33.782744
124.0,-449.0,822.0,14:08:33.791996
-11.0,-519.0,987.0,14:08:33.802578
-48.0,-633.0,1017.0,14:08:33.811890
-32.0,-581.0,870.0,14:08:33.821368
-17.0,-398.0,919.0,14:08:33.831924
-36.0,-565.0,1007.0,14:08:33.841385
-49.0,-552.0,860.0,14:08:33.851844
5.0,-431.0,847.0,14:08:33.861330
-83.0,-399.0,751.0,14:08:33.870616
-58.0,-472.0,755.0,14:08:33.881212
-72.0,-498.0,1021.0,14:08:33.890518
-43.0,-443.0,910.0,14:08:33.900957
35.0,-373.0,732.0,14:08:33.910394
-30.0,-468.0,896.0,14:08:33.920844
-4.0,-532.0,1139.0,14:08:33.930290
60.0,-489.0,997.0,14:08:33.939792
16.0,-413.0,819.0,14:08:33.950412
95.0,-509.0,834.0,14:08:33.959759
-68.0,-472.0,1084.0,14:08:33.969155
88.0,-581.0,958.0,14:08:33.979664
-109.0,-434.0,729.0,14:08:33.989162
88.0,-442.0,1007.0,14:08:33.999669
-113.0,-589.0,1260.0,14:08:34.009077
166.0,-590.0,979.0,14:08:34.019530
-62.0,-417.0,823.0,14:08:34.029062
155.0,-439.0,1053.0,14:08:34.038396
-140.0,-578.0,1141.0,14:08:34.049028
276.0,-542.0,808.0,14:08:34.058377
3.0,-312.0,828.0,14:08:34.068938
70.0,-332.0,997.0,14:08:34.078283
59.0,-478.0,900.0,14:08:34.087604
68.0,-276.0,811.0,14:08:34.100902
88.0,-319.0,903.0,14:08:34.107495
-87.0,-415.0,1007.0,14:08:34.118094
73.0,-559.0,974.0,14:08:34.127426
-27.0,-565.0,846.0,14:08:34.137905
70.0,-570.0,824.0,14:08:34.147347
8.0,-629.0,954.0,14:08:34.156704
118.0,-569.0,899.0,14:08:34.167162
-14.0,-307.0,781.0,14:08:34.176511
35.0,-513.0,1032.0,14:08:34.187137
-65.0,-584.0,894.0,14:08:34.196396
112.0,-461.0,751.0,14:08:34.205926
16.0,-482.0,1044.0,14:08:34.216390
-9.0,-459.0,1078.0,14:08:34.225928
250.0,-701.0,770.0,14:08:34.236344
80.0,-512.0,739.0,14:08:34.245880
28.0,-494.0,1199.0,14:08:34.255209
59.0,-504.0,597.0,14:08:34.274968
56.0,-498.0,871.0,14:08:34.285445
11.0,-618.0,991.0,14:08:34.294731
104.0,-358.0,798.0,14:08:34.305232
-18.0,-351.0,811.0,14:08:34.314859
11.0,-413.0,958.0,14:08:34.324287
-61.0,-404.0,957.0,14:08:34.334770
153.0,-461.0,726.0,14:08:34.344100
77.0,-452.0,998.0,14:08:34.354781
-71.0,-524.0,1204.0,14:08:34.364084
48.0,-407.0,928.0,14:08:34.373639
45.0,-548.0,894.0,14:08:34.384113
87.0,-535.0,1005.0,14:08:34.393612
167.0,-659.0,1061.0,14:08:34.404096
20.0,-588.0,928.0,14:08:34.413674
172.0,-641.0,866.0,14:08:34.423025
117.0,-652.0,781.0,14:08:34.433678
-66.0,-522.0,1008.0,14:08:34.443012
154.0,-599.0,917.0,14:08:34.452522
93.0,-583.0,784.0,14:08:34.463029
14.0,-425.0,880.0,14:08:34.472556
133.0,-327.0,990.0,14:08:34.483038
-30.0,-518.0,811.0,14:08:34.492467
129.0,-554.0,757.0,14:08:34.501861
3.0,-400.0,951.0,14:08:34.512412
-101.0,-451.0,997.0,14:08:34.521783
274.0,-471.0,818.0,14:08:34.531310
23.0,-548.0,807.0,14:08:34.541852
111.0,-496.0,887.0,14:08:34.551235
-139.0,-519.0,1063.0,14:08:34.561745
-26.0,-472.0,986.0,14:08:34.571042
45.0,-546.0,915.0,14:08:34.581626
-92.0,-559.0,930.0,14:08:34.590945
41.0,-511.0,1036.0,14:08:34.600378
37.0,-508.0,1122.0,14:08:34.610775
39.0,-527.0,938.0,14:08:34.620176
-47.0,-549.0,827.0,14:08:34.630661
66.0,-620.0,950.0,14:08:34.640179
-35.0,-543.0,952.0,14:08:34.650599
-5.0,-606.0,784.0,14:08:34.660125
-35.0,-440.0,934.0,14:08:34.669424
-2.0,-529.0,796.0,14:08:34.680145
42.0,-433.0,1025.0,14:08:34.689465
149.0,-515.0,767.0,14:08:34.698973
92.0,-239.0,705.0,14:08:34.709461
37.0,-247.0,899.0,14:08:34.718913
63.0,-506.0,1030.0,14:08:34.729418
-33.0,-391.0,936.0,14:08:34.738746
-99.0,-384.0,720.0,14:08:34.749258
78.0,-414.0,968.0,14:08:34.758682
12.0,-435.0,1230.0,14:08:34.767979
77.0,-484.0,1003.0,14:08:34.778537
23.0,-472.0,1076.0,14:08:34.787980
17.0,-439.0,1004.0,14:08:34.798457
154.0,-536.0,843.0,14:08:34.807982
152.0,-588.0,1127.0,14:08:34.818413
42.0,-501.0,902.0,14:08:34.827888
-21.0,-464.0,846.0,14:08:34.837165
36.0,-496.0,955.0,14:08:34.847772
42.0,-524.0,784.0,14:08:34.857164
93.0,-587.0,929.0,14:08:34.867807
53.0,-391.0,1160.0,14:08:34.877177
49.0,-596.0,922.0,14:08:34.886501
101.0,-613.0,849.0,14:08:34.902066
148.0,-400.0,955.0,14:08:34.907133
104.0,-457.0,889.0,14:08:34.916576
18.0,-425.0,826.0,14:08:34.925984
82.0,-365.0,852.0,14:08:34.936503
-12.0,-432.0,866.0,14:08:34.945927
160.0,-457.0,872.0,14:08:34.955394
-40.0,-436.0,933.0,14:08:34.966031
38.0,-453.0,1038.0,14:08:34.975470
84.0,-377.0,1032.0,14:08:34.986053
15.0,-564.0,908.0,14:08:34.995341
98.0,-578.0,932.0,14:08:35.004776
54.0,-525.0,890.0,14:08:35.015211
10.0,-524.0,976.0,14:08:35.024866
111.0,-655.0,872.0,14:08:35.035308
83.0,-592.0,831.0,14:08:35.044723
136.0,-500.0,825.0,14:08:35.054006
102.0,-644.0,975.0,14:08:35.064567
38.0,-551.0,912.0,14:08:35.073966
127.0,-486.0,871.0,14:08:35.084515
89.0,-550.0,913.0,14:08:35.093907
43.0,-534.0,939.0,14:08:35.103342
206.0,-522.0,1068.0,14:08:35.113773
11.0,-492.0,859.0,14:08:35.123180
45.0,-612.0,845.0,14:08:35.133748
155.0,-409.0,987.0,14:08:35.143092
-2.0,-626.0,961.0,14:08:35.152609
-23.0,-555.0,946.0,14:08:35.163079
-60.0,-400.0,789.0,14:08:35.172571
26.0,-570.0,959.0,14:08:35.183013
108.0,-544.0,885.0,14:08:35.192523
-87.0,-483.0,893.0,14:08:35.203016
15.0,-455.0,862.0,14:08:35.212508
-257.0,-449.0,1090.0,14:08:35.221857
64.0,-496.0,1004.0,14:08:35.232501
6.0,-477.0,938.0,14:08:35.241824
-201.0,-568.0,1062.0,14:08:35.251255
11.0,-670.0,1002.0,14:08:35.261683
163.0,-703.0,961.0,14:08:35.270953
-159.0,-546.0,787.0,14:08:35.281380
157.0,-573.0,842.0,14:08:35.290729
-213.0,-451.0,889.0,14:08:35.306800
98.0,-488.0,863.0,14:08:35.310452
-115.0,-577.0,917.0,14:08:35.320878
92.0,-482.0,902.0,14:08:35.330236
2.0,-565.0,1009.0,14:08:35.340718
-14.0,-469.0,979.0,14:08:35.350335
23.0,-460.0,905.0,14:08:35.359692
86.0,-566.0,955.0,14:08:35.370285
53.0,-379.0,739.0,14:08:35.379540
34.0,-346.0,839.0,14:08:35.390049
-16.0,-379.0,848.0,14:08:35.399353
52.0,-378.0,975.0,14:08:35.409826
-48.0,-435.0,933.0,14:08:35.419134
-73.0,-462.0,1006.0,14:08:35.429540
9.0,-472.0,1052.0,14:08:35.439018
55.0,-611.0,961.0,14:08:35.449407
-90.0,-524.0,903.0,14:08:35.458760
-52.0,-526.0,957.0,14:08:35.469168
19.0,-525.0,924.0,14:08:35.478511
-68.0,-404.0,882.0,14:08:35.489015
2.0,-591.0,857.0,14:08:35.498357
-105.0,-399.0,894.0,14:08:35.508032
-26.0,-484.0,818.0,14:08:35.518508
-30.0,-428.0,918.0,14:08:35.527945
13.0,-598.0,995.0,14:08:35.537322
16.0,-498.0,897.0,14:08:35.547860
24.0,-450.0,929.0,14:08:35.557107
59.0,-410.0,905.0,14:08:35.567563
29.0,-508.0,862.0,14:08:35.576921
0.0,-425.0,824.0,14:08:35.587343
103.0,-506.0,897.0,14:08:35.596651
134.0,-576.0,948.0,14:08:35.607012
128.0,-524.0,836.0,14:08:35.616350
-27.0,-587.0,908.0,14:08:35.626879
130.0,-509.0,1029.0,14:08:35.636180
51.0,-567.0,1010.0,14:08:35.646586
55.0,-489.0,825.0,14:08:35.655910
-12.0,-543.0,868.0,14:08:35.666305
-116.0,-478.0,900.0,14:08:35.675694
-23.0,-513.0,965.0,14:08:35.686169
-67.0,-552.0,969.0,14:08:35.695449
-8.0,-528.0,871.0,14:08:35.705920
88.0,-577.0,876.0,14:08:35.715166
-76.0,-495.0,987.0,14:08:35.724644
87.0,-478.0,899.0,14:08:35.735066
-4.0,-541.0,918.0,14:08:35.744448
58.0,-443.0,804.0,14:08:35.754809
30.0,-567.0,949.0,14:08:35.764247
-16.0,-361.0,870.0,14:08:35.774796
39.0,-376.0,941.0,14:08:35.784096
119.0,-383.0,843.0,14:08:35.794722
-98.0,-412.0,842.0,14:08:35.803969
133.0,-572.0,1000.0,14:08:35.814422
97.0,-397.0,961.0,14:08:35.823665
61.0,-452.0,963.0,14:08:35.833151
175.0,-525.0,1058.0,14:08:35.843685
116.0,-513.0,921.0,14:08:35.853022
274.0,-382.0,763.0,14:08:35.863490
-89.0,-447.0,1037.0,14:08:35.872925
-31.0,-517.0,1021.0,14:08:35.882417
105.0,-511.0,861.0,14:08:35.892826
60.0,-392.0,834.0,14:08:35.902169
-20.0,-524.0,1014.0,14:08:35.912540
-17.0,-531.0,1026.0,14:08:35.921920
158.0,-495.0,892.0,14:08:35.932373
7.0,-520.0,826.0,14:08:35.941751
149.0,-527.0,842.0,14:08:35.952151
100.0,-433.0,916.0,14:08:35.961476
-8.0,-374.0,989.0,14:08:35.971865
60.0,-406.0,921.0,14:08:35.981326
-140.0,-545.0,948.0,14:08:35.991722
168.0,-469.0,976.0,14:08:36.001049
117.0,-473.0,959.0,14:08:36.011495
148.0,-480.0,1013.0,14:08:36.020752
135.0,-431.0,833.0,14:08:36.031252
43.0,-451.0,883.0,14:08:36.040557
140.0,-507.0,1027.0,14:08:36.051044
96.0,-523.0,921.0,14:08:36.060318
28.0,-457.0,821.0,14:08:36.070753
97.0,-500.0,1005.0,14:08:36.080096
70.0,-578.0,1009.0,14:08:36.090564
21.0,-488.0,855.0,14:08:36.104716
53.0,-528.0,1021.0,14:08:36.109292
-51.0,-512.0,1061.0,14:08:36.119690
201.0,-538.0,902.0,14:08:36.129036
26.0,-506.0,715.0,14:08:36.139536
48.0,-494.0,1020.0,14:08:36.148927
46.0,-487.0,1045.0,14:08:36.159375
182.0,-421.0,875.0,14:08:36.168726
27.0,-490.0,853.0,14:08:36.179189
55.0,-517.0,941.0,14:08:36.188519
-69.0,-511.0,996.0,14:08:36.199031
40.0,-530.0,882.0,14:08:36.208399
12.0,-482.0,795.0,14:08:36.217851
87.0,-509.0,948.0,14:08:36.228289
48.0,-532.0,941.0,14:08:36.237802
92.0,-455.0,968.0,14:08:36.248199
-60.0,-443.0,946.0,14:08:36.257545
-23.0,-579.0,1017.0,14:08:36.268062
140.0,-586.0,823.0,14:08:36.277435
46.0,-540.0,1002.0,14:08:36.286791
62.0,-502.0,920.0,14:08:36.297293
-9.0,-593.0,812.0,14:08:36.306557
-17.0,-575.0,866.0,14:08:36.317118
39.0,-510.0,741.0,14:08:36.326484
-177.0,-432.0,961.0,14:08:36.337131
13.0,-543.0,1003.0,14:08:36.346546
-115.0,-489.0,854.0,14:08:36.355825
53.0,-570.0,878.0,14:08:36.366410
100.0,-551.0,957.0,14:08:36.375739
-3.0,-532.0,875.0,14:08:36.386237
68.0,-625.0,903.0,14:08:36.395551
10.0,-422.0,930.0,14:08:36.406028
-21.0,-449.0,774.0,14:08:36.415312
100.0,-467.0,850.0,14:08:36.424774
-108.0,-484.0,1018.0,14:08:36.435194
161.0,-539.0,1095.0,14:08:36.444484
34.0,-573.0,949.0,14:08:36.454958
29.0,-522.0,746.0,14:08:36.464192
215.0,-550.0,892.0,14:08:36.474726
-54.0,-528.0,1103.0,14:08:36.483960
86.0,-362.0,790.0,14:08:36.494499
-8.0,-394.0,783.0,14:08:36.505948
-15.0,-480.0,1069.0,14:08:36.514459
-108.0,-478.0,954.0,14:08:36.523766
-52.0,-442.0,805.0,14:08:36.534287
-9.0,-589.0,1021.0,14:08:36.543614
82.0,-556.0,1057.0,14:08:36.554052
31.0,-438.0,863.0,14:08:36.563415
-81.0,-445.0,880.0,14:08:36.572763
110.0,-657.0,892.0,14:08:36.583149
-14.0,-374.0,865.0,14:08:36.592481
22.0,-414.0,906.0,14:08:36.602873
-36.0,-449.0,885.0,14:08:36.612247
60.0,-517.0,962.0,14:08:36.622690
-44.0,-462.0,972.0,14:08:36.632028
59.0,-408.0,822.0,14:08:36.642528
-52.0,-526.0,964.0,14:08:36.651820
93.0,-601.0,1065.0,14:08:36.662408
-37.0,-561.0,933.0,14:08:36.671771
-19.0,-618.0,866.0,14:08:36.681194
115.0,-568.0,896.0,14:08:36.691602
-35.0,-454.0,889.0,14:08:36.700969
87.0,-446.0,936.0,14:08:36.720578
-39.0,-448.0,727.0,14:08:36.731059
92.0,-402.0,896.0,14:08:36.740435
-3.0,-525.0,975.0,14:08:36.750869
47.0,-529.0,892.0,14:08:36.760231
106.0,-489.0,937.0,14:08:36.770721
-46.0,-576.0,1081.0,14:08:36.780063
21.0,-506.0,897.0,14:08:36.790805
6.0,-490.0,914.0,14:08:36.800102
-19.0,-546.0,957.0,14:08:36.809504
-36.0,-409.0,745.0,14:08:36.820041
27.0,-468.0,848.0,14:08:36.829421
-20.0,-442.0,907.0,14:08:36.839818
-2.0,-433.0,869.0,14:08:36.849190
53.0,-468.0,921.0,14:08:36.859646
5.0,-344.0,1057.0,14:08:36.868996
-3.0,-463.0,1036.0,14:08:36.879387
81.0,-554.0,917.0,14:08:36.888698
29.0,-466.0,1000.0,14:08:36.899190
87.0,-536.0,984.0,14:08:36.908423
2.0,-529.0,886.0,14:08:36.918969
93.0,-438.0,922.0,14:08:36.928224
169.0,-422.0,909.0,14:08:36.937561
59.0,-548.0,779.0,14:08:36.948106
79.0,-603.0,892.0,14:08:36.957390
32.0,-570.0,850.0,14:08:36.967895
67.0,-535.0,777.0,14:08:36.977301
32.0,-510.0,1067.0,14:08:36.987842
28.0,-457.0,901.0,14:08:36.997120
2.0,-511.0,922.0,14:08:37.007824
88.0,-450.0,963.0,14:08:37.017055
-24.0,-523.0,826.0,14:08:37.026387
85.0,-473.0,913.0,14:08:37.036926
22.0,-497.0,933.0,14:08:37.046331
20.0,-475.0,847.0,14:08:37.056871
67.0,-569.0,906.0,14:08:37.066102
11.0,-486.0,889.0,14:08:37.085801
42.0,-536.0,951.0,14:08:37.096294
56.0,-541.0,972.0,14:08:37.105531
-42.0,-601.0,978.0,14:08:37.116105
3.0,-546.0,1034.0,14:08:37.125406
-103.0,-453.0,918.0,14:08:37.135875
33.0,-398.0,795.0,14:08:37.145218
-5.0,-589.0,1109.0,14:08:37.154611
2.0,-604.0,1022.0,14:08:37.165049
144.0,-493.0,651.0,14:08:37.174353
35.0,-533.0,845.0,14:08:37.184776
13.0,-523.0,1153.0,14:08:37.194054
150.0,-484.0,820.0,14:08:37.204488
18.0,-470.0,719.0,14:08:37.213783
-16.0,-349.0,992.0,14:08:37.234412
51.0,-363.0,923.0,14:08:37.243844
83.0,-444.0,914.0,14:08:37.254224
-57.0,-572.0,949.0,14:08:37.272802
135.0,-578.0,881.0,14:08:37.283288
10.0,-571.0,931.0,14:08:37.293798
-24.0,-460.0,1031.0,14:08:37.307520
9.0,-618.0,1027.0,14:08:37.312400
126.0,-570.0,844.0,14:08:37.322778
3.0,-483.0,879.0,14:08:37.332140
-13.0,-496.0,951.0,14:08:37.342654
-23.0,-423.0,1104.0,14:08:37.351941
-21.0,-505.0,973.0,14:08:37.362482
51.0,-516.0,874.0,14:08:37.371759
27.0,-580.0,964.0,14:08:37.382335
-28.0,-424.0,872.0,14:08:37.391639
17.0,-518.0,917.0,14:08:37.402095
125.0,-504.0,896.0,14:08:37.411468
100.0,-393.0,930.0,14:08:37.420812
65.0,-448.0,857.0,14:08:37.431456
38.0,-355.0,789.0,14:08:37.440726
21.0,-369.0,889.0,14:08:37.451261
43.0,-491.0,1033.0,14:08:37.460520
40.0,-388.0,902.0,14:08:37.470939
46.0,-378.0,980.0,14:08:37.480206
134.0,-610.0,1122.0,14:08:37.499879
53.0,-415.0,940.0,14:08:37.510402
203.0,-421.0,888.0,14:08:37.519637
-9.0,-519.0,928.0,14:08:37.530240
82.0,-557.0,1043.0,14:08:37.539488
-3.0,-546.0,921.0,14:08:37.549905
30.0,-426.0,819.0,14:08:37.559306
-19.0,-466.0,1136.0,14:08:37.569700
77.0,-547.0,945.0,14:08:37.579043
-46.0,-476.0,752.0,14:08:37.589437
140.0,-504.0,872.0,14:08:37.598818
18.0,-416.0,994.0,14:08:37.609170
7.0,-419.0,873.0,14:08:37.618604
-14.0,-442.0,949.0,14:08:37.629059
7.0,-514.0,929.0,14:08:37.638431
108.0,-496.0,779.0,14:08:37.647740
134.0,-465.0,897.0,14:08:37.658129
33.0,-504.0,1015.0,14:08:37.667439
137.0,-449.0,959.0,14:08:37.678200
155.0,-489.0,770.0,14:08:37.687524
-51.0,-679.0,934.0,14:08:37.697536
70.0,-670.0,980.0,14:08:37.708102
59.0,-578.0,860.0,14:08:37.716985
-53.0,-474.0,880.0,14:08:37.727595
105.0,-620.0,971.0,14:08:37.737055
-8.0,-471.0,806.0,14:08:37.746445
8.0,-501.0,900.0,14:08:37.757122
101.0,-546.0,1071.0,14:08:37.766432
-44.0,-557.0,934.0,14:08:37.775860
-7.0,-380.0,917.0,14:08:37.786334
-130.0,-631.0,895.0,14:08:37.795874
-14.0,-674.0,971.0,14:08:37.806299
124.0,-509.0,773.0,14:08:37.815612
22.0,-614.0,837.0,14:08:37.825986
-117.0,-375.0,1044.0,14:08:37.835368
-72.0,-479.0,792.0,14:08:37.845860
-43.0,-499.0,965.0,14:08:37.855197
-8.0,-524.0,926.0,14:08:37.865594
9.0,-473.0,675.0,14:08:37.874940
11.0,-450.0,1054.0,14:08:37.885321
-17.0,-628.0,1210.0,14:08:37.894681
62.0,-547.0,684.0,14:08:37.905137
-102.0,-486.0,828.0,14:08:37.914436
86.0,-578.0,1282.0,14:08:37.923760
-9.0,-667.0,808.0,14:08:37.934177
-71.0,-552.0,695.0,14:08:37.943635
130.0,-631.0,1055.0,14:08:37.954065
-75.0,-554.0,814.0,14:08:37.963442
36.0,-343.0,812.0,14:08:37.973794
-4.0,-421.0,958.0,14:08:37.983245
125.0,-281.0,899.0,14:08:37.993710
-26.0,-493.0,992.0,14:08:38.003044
-44.0,-553.0,962.0,14:08:38.013592
51.0,-592.0,985.0,14:08:38.022915
-152.0,-531.0,1083.0,14:08:38.033290
39.0,-635.0,901.0,14:08:38.042612
83.0,-351.0,740.0,14:08:38.062191
4.0,-429.0,758.0,14:08:38.072744
-91.0,-542.0,1088.0,14:08:38.082069
-93.0,-490.0,958.0,14:08:38.091438
172.0,-385.0,718.0,14:08:38.101918
-61.0,-509.0,1100.0,14:08:38.111273
-3.0,-498.0,1040.0,14:08:38.121722
-14.0,-436.0,855.0,14:08:38.131095
31.0,-383.0,874.0,14:08:38.141531
90.0,-593.0,1023.0,14:08:38.150781
-25.0,-579.0,774.0,14:08:38.161415
-27.0,-407.0,867.0,14:08:38.170709
10.0,-509.0,896.0,14:08:38.181327
-65.0,-408.0,888.0,14:08:38.190594
119.0,-619.0,1054.0,14:08:38.200143
-56.0,-483.0,919.0,14:08:38.210602
187.0,-427.0,741.0,14:08:38.220082
-60.0,-537.0,1049.0,14:08:38.230579
103.0,-607.0,1128.0,14:08:38.240105
-121.0,-399.0,769.0,14:08:38.249440
-20.0,-383.0,742.0,14:08:38.259866
-78.0,-278.0,1129.0,14:08:38.269156
-86.0,-383.0,1030.0,14:08:38.279623
56.0,-486.0,720.0,14:08:38.289048
156.0,-513.0,967.0,14:08:38.299438
-5.0,-535.0,1271.0,14:08:38.308797
171.0,-442.0,939.0,14:08:38.318215
234.0,-627.0,767.0,14:08:38.328652
38.0,-469.0,934.0,14:08:38.337959
91.0,-606.0,889.0,14:08:38.348559
36.0,-428.0,853.0,14:08:38.357884
124.0,-437.0,942.0,14:08:38.368342
-64.0,-387.0,847.0,14:08:38.377756
142.0,-486.0,800.0,14:08:38.388300
-11.0,-462.0,992.0,14:08:38.397719
102.0,-590.0,990.0,14:08:38.407027
206.0,-593.0,864.0,14:08:38.417578
77.0,-527.0,898.0,14:08:38.426949
-51.0,-555.0,1039.0,14:08:38.437380
-31.0,-600.0,788.0,14:08:38.446652
111.0,-541.0,874.0,14:08:38.457132
-48.0,-532.0,881.0,14:08:38.466384
13.0,-573.0,934.0,14:08:38.477140
106.0,-470.0,848.0,14:08:38.486375
-46.0,-436.0,888.0,14:08:38.495832
-40.0,-522.0,864.0,14:08:38.511047
149.0,-539.0,865.0,14:08:38.516069
17.0,-464.0,866.0,14:08:38.525304
44.0,-431.0,1089.0,14:08:38.535813
101.0,-486.0,789.0,14:08:38.545098
2.0,-476.0,886.0,14:08:38.555513
75.0,-516.0,1120.0,14:08:38.565889
64.0,-308.0,813.0,14:08:38.575254
16.0,-438.0,888.0,14:08:38.584577
-111.0,-470.0,1129.0,14:08:38.595003
47.0,-496.0,899.0,14:08:38.604319
96.0,-555.0,846.0,14:08:38.614809
178.0,-470.0,1052.0,14:08:38.624106
-35.0,-536.0,1109.0,14:08:38.634022
79.0,-520.0,848.0,14:08:38.644639
142.0,-529.0,841.0,14:08:38.653909
34.0,-477.0,891.0,14:08:38.664335
181.0,-409.0,860.0,14:08:38.673628
-186.0,-374.0,970.0,14:08:38.684235
-10.0,-419.0,1013.0,14:08:38.693612
64.0,-555.0,919.0,14:08:38.703029
259.0,-514.0,803.0,14:08:38.713478
105.0,-539.0,1085.0,14:08:38.722867
102.0,-490.0,1010.0,14:08:38.733329
-47.0,-469.0,961.0,14:08:38.742627
73.0,-462.0,731.0,14:08:38.753180
115.0,-457.0,810.0,14:08:38.762534
-98.0,-382.0,985.0,14:08:38.771911
98.0,-416.0,851.0,14:08:38.782372
-49.0,-338.0,965.0,14:08:38.791734
-4.0,-425.0,1011.0,14:08:38.802106
116.0,-542.0,885.0,14:08:38.811480
13.0,-417.0,900.0,14:08:38.821863
164.0,-482.0,1100.0,14:08:38.831350
41.0,-472.0,1006.0,14:08:38.841800
83.0,-578.0,981.0,14:08:38.851209
215.0,-567.0,881.0,14:08:38.860641
59.0,-516.0,914.0,14:08:38.871137
146.0,-513.0,930.0,14:08:38.880419
4.0,-433.0,952.0,14:08:38.890822
66.0,-387.0,786.0,14:08:38.900269
-62.0,-401.0,878.0,14:08:38.912781
67.0,-391.0,990.0,14:08:38.920095
-65.0,-409.0,770.0,14:08:38.930583
-12.0,-573.0,903.0,14:08:38.939848
-93.0,-480.0,1079.0,14:08:38.950376
98.0,-569.0,962.0,14:08:38.959619
-62.0,-468.0,845.0,14:08:38.970198
93.0,-589.0,906.0,14:08:38.979576
20.0,-473.0,870.0,14:08:38.988931
-60.0,-375.0,1065.0,14:08:38.999446
-115.0,-471.0,910.0,14:08:39.008645
-2.0,-602.0,908.0,14:08:39.019153
63.0,-606.0,1026.0,14:08:39.028456
34.0,-624.0,1035.0,14:08:39.038970
18.0,-565.0,909.0,14:08:39.048275
76.0,-548.0,1015.0,14:08:39.058732
11.0,-593.0,952.0,14:08:39.067973
-1.0,-507.0,740.0,14:08:39.078392
114.0,-457.0,801.0,14:08:39.087881
-98.0,-453.0,1017.0,14:08:39.098280
87.0,-569.0,1031.0,14:08:39.107584
115.0,-519.0,780.0,14:08:39.118152
106.0,-578.0,742.0,14:08:39.127535
48.0,-478.0,1121.0,14:08:39.136923
46.0,-438.0,1010.0,14:08:39.147396
202.0,-521.0,669.0,14:08:39.156873
2.0,-416.0,774.0,14:08:39.167344
30.0,-534.0,919.0,14:08:39.176668
100.0,-424.0,901.0,14:08:39.187126
125.0,-530.0,941.0,14:08:39.196502
-82.0,-556.0,965.0,14:08:39.205806
122.0,-591.0,852.0,14:08:39.216320
-63.0,-511.0,904.0,14:08:39.225719
-33.0,-535.0,1009.0,14:08:39.236195
-71.0,-559.0,986.0,14:08:39.245561
43.0,-555.0,825.0,14:08:39.255942
-77.0,-500.0,753.0,14:08:39.265339
-21.0,-581.0,1060.0,14:08:39.275928
79.0,-627.0,1094.0,14:08:39.285288
-109.0,-562.0,975.0,14:08:39.294715
68.0,-542.0,867.0,14:08:39.305230
29.0,-643.0,984.0,14:08:39.314555
-23.0,-542.0,860.0,14:08:39.324986
-42.0,-412.0,726.0,14:08:39.334375
-177.0,-468.0,1019.0,14:08:39.344786
-102.0,-456.0,882.0,14:08:39.354151
-30.0,-395.0,666.0,14:08:39.364623
-18.0,-410.0,914.0,14:08:39.373994
28.0,-500.0,1043.0,14:08:39.383485
-122.0,-392.0,969.0,14:08:39.393926
14.0,-372.0,1033.0,14:08:39.403292
77.0,-468.0,995.0,14:08:39.413748
16.0,-549.0,929.0,14:08:39.422984
-20.0,-534.0,956.0,14:08:39.433483
-60.0,-400.0,867.0,14:08:39.442849
-93.0,-381.0,972.0,14:08:39.453253
45.0,-369.0,833.0,14:08:39.462633
43.0,-508.0,995.0,14:08:39.473049
6.0,-564.0,1003.0,14:08:39.482488
56.0,-395.0,781.0,14:08:39.492883
-1.0,-476.0,1050.0,14:08:39.502188
125.0,-593.0,1058.0,14:08:39.511539
96.0,-429.0,740.0,14:08:39.521975
81.0,-409.0,888.0,14:08:39.531350
110.0,-432.0,1072.0,14:08:39.541765
17.0,-470.0,899.0,14:08:39.551265
-27.0,-447.0,865.0,14:08:39.561621
173.0,-549.0,879.0,14:08:39.571050
27.0,-426.0,1013.0,14:08:39.581494
69.0,-401.0,935.0,14:08:39.590795
-17.0,-565.0,786.0,14:08:39.601330
113.0,-418.0,900.0,14:08:39.610601
-55.0,-490.0,1197.0,14:08:39.620165
165.0,-533.0,846.0,14:08:39.630657
-6.0,-325.0,855.0,14:08:39.640075
50.0,-478.0,905.0,14:08:39.650574
14.0,-452.0,923.0,14:08:39.660077
-35.0,-588.0,1117.0,14:08:39.669370
66.0,-370.0,963.0,14:08:39.679780
108.0,-492.0,861.0,14:08:39.689131
31.0,-498.0,913.0,14:08:39.699595
29.0,-545.0,1044.0,14:08:39.714504
285.0,-480.0,899.0,14:08:39.719411
44.0,-419.0,883.0,14:08:39.728673
98.0,-654.0,866.0,14:08:39.739199
-77.0,-570.0,778.0,14:08:39.748487
78.0,-511.0,843.0,14:08:39.758992
28.0,-505.0,965.0,14:08:39.768399
131.0,-520.0,924.0,14:08:39.778885
-70.0,-509.0,994.0,14:08:39.788260
82.0,-529.0,826.0,14:08:39.797515
152.0,-445.0,818.0,14:08:39.808099
-32.0,-455.0,1140.0,14:08:39.817355
91.0,-672.0,984.0,14:08:39.827920
-29.0,-504.0,770.0,14:08:39.837205
154.0,-511.0,821.0,14:08:39.847838
-4.0,-446.0,1008.0,14:08:39.857122
194.0,-637.0,1009.0,14:08:39.866537
76.0,-504.0,912.0,14:08:39.877026
-74.0,-407.0,720.0,14:08:39.886333
113.0,-597.0,986.0,14:08:39.896810
-3.0,-403.0,894.0,14:08:39.906034
22.0,-377.0,943.0,14:08:39.916547
71.0,-319.0,692.0,14:08:39.925895
-51.0,-420.0,936.0,14:08:39.936303
20.0,-585.0,1125.0,14:08:39.945595
27.0,-514.0,905.0,14:08:39.956035
23.0,-512.0,897.0,14:08:39.965335
74.0,-639.0,1033.0,14:08:39.985001
-61.0,-496.0,943.0,14:08:39.995474
-43.0,-534.0,872.0,14:08:40.004798
239.0,-661.0,862.0,14:08:40.015323
64.0,-518.0,707.0,14:08:40.024757
42.0,-532.0,1000.0,14:08:40.035150
-202.0,-488.0,1122.0,14:08:40.044425
84.0,-399.0,866.0,14:08:40.054893
-67.0,-482.0,954.0,14:08:40.064138
-107.0,-502.0,750.0,14:08:40.074670
8.0,-527.0,847.0,14:08:40.083942
-27.0,-377.0,998.0,14:08:40.094434
10.0,-329.0,936.0,14:08:40.103703
-14.0,-514.0,1097.0,14:08:40.115285
207.0,-408.0,575.0,14:08:40.123772
-10.0,-555.0,998.0,14:08:40.133114
-63.0,-514.0,1431.0,14:08:40.143617
117.0,-546.0,1152.0,14:08:40.153010
167.0,-624.0,769.0,14:08:40.162374
66.0,-600.0,1050.0,14:08:40.172829
83.0,-528.0,909.0,14:08:40.182186
-117.0,-385.0,597.0,14:08:40.192598
-170.0,-519.0,1005.0,14:08:40.201866
21.0,-570.0,767.0,14:08:40.212541
-19.0,-516.0,809.0,14:08:40.221783
-38.0,-307.0,850.0,14:08:40.232345
20.0,-381.0,880.0,14:08:40.241653
-7.0,-473.0,1056.0,14:08:40.252199
195.0,-567.0,891.0,14:08:40.261545
86.0,-514.0,795.0,14:08:40.270899
147.0,-609.0,1111.0,14:08:40.281391
81.0,-382.0,809.0,14:08:40.290706
-71.0,-401.0,772.0,14:08:40.301175
-20.0,-310.0,809.0,14:08:40.310462
-123.0,-531.0,1115.0,14:08:40.320963
123.0,-535.0,913.0,14:08:40.330220
42.0,-406.0,796.0,14:08:40.340706
43.0,-302.0,990.0,14:08:40.350057
116.0,-429.0,1049.0,14:08:40.360519
87.0,-568.0,1073.0,14:08:40.369738
-32.0,-514.0,1050.0,14:08:40.380257
137.0,-487.0,866.0,14:08:40.389484
-6.0,-435.0,863.0,14:08:40.400079
91.0,-571.0,1101.0,14:08:40.409372
-115.0,-549.0,984.0,14:08:40.419764
152.0,-783.0,870.0,14:08:40.429119
-72.0,-511.0,952.0,14:08:40.438511
269.0,-598.0,1079.0,14:08:40.449026
134.0,-514.0,502.0,14:08:40.458375
318.0,-557.0,765.0,14:08:40.469041
33.0,-446.0,916.0,14:08:40.478302
-50.0,-396.0,476.0,14:08:40.488768
-37.0,-363.0,983.0,14:08:40.497976
-89.0,-380.0,1121.0,14:08:40.508544
7.0,-434.0,1086.0,14:08:40.517883
0.0,-447.0,561.0,14:08:40.528339
25.0,-618.0,1034.0,14:08:40.537598
36.0,-707.0,1247.0,14:08:40.547073
-18.0,-589.0,755.0,14:08:40.557491
-146.0,-740.0,1057.0,14:08:40.566957
84.0,-935.0,1020.0,14:08:40.577500
45.0,-267.0,472.0,14:08:40.586957
-206.0,-495.0,1018.0,14:08:40.596259
120.0,-706.0,964.0,14:08:40.606647
44.0,-871.0,1019.0,14:08:40.616003
84.0,-387.0,443.0,14:08:40.626369
-94.0,-590.0,643.0,14:08:40.635804
18.0,-281.0,1363.0,14:08:40.646202
-329.0,-320.0,1364.0,14:08:40.655560
70.0,-278.0,264.0,14:08:40.666014
25.0,-291.0,625.0,14:08:40.675330
177.0,-797.0,1342.0,14:08:40.685868
206.0,-650.0,1228.0,14:08:40.695197
-81.0,-451.0,1079.0,14:08:40.705765
-61.0,-634.0,843.0,14:08:40.715105
-6.0,-902.0,887.0,14:08:40.724501
-19.0,-706.0,599.0,14:08:40.734918
109.0,-432.0,1019.0,14:08:40.744234
-111.0,-456.0,1204.0,14:08:40.754705
-6.0,-226.0,801.0,14:08:40.764103
-66.0,-627.0,1000.0,14:08:40.774571
0.0,-696.0,723.0,14:08:40.783926
231.0,-275.0,528.0,14:08:40.794442
-137.0,-240.0,1118.0,14:08:40.803823
79.0,-497.0,1493.0,14:08:40.814297
-25.0,-436.0,842.0,14:08:40.823696
48.0,-84.0,-122.0,14:08:40.832951
-148.0,-466.0,1265.0,14:08:40.843472
-43.0,-965.0,1833.0,14:08:40.852800
118.0,-425.0,562.0,14:08:40.863165
56.0,-264.0,187.0,14:08:40.872522
-197.0,-445.0,1236.0,14:08:40.883017
44.0,-532.0,1669.0,14:08:40.892326
-49.0,-94.0,375.0,14:08:40.902743
-90.0,-342.0,425.0,14:08:40.916839
63.0,-488.0,1539.0,14:08:40.921893
75.0,-739.0,1597.0,14:08:40.932337
331.0,-571.0,597.0,14:08:40.941731
23.0,-497.0,739.0,14:08:40.952193
21.0,-578.0,1381.0,14:08:40.961552
55.0,-703.0,1276.0,14:08:40.972019
43.0,-507.0,347.0,14:08:40.981339
82.0,-475.0,557.0,14:08:40.991820
-20.0,-516.0,1228.0,14:08:41.001271
10.0,-390.0,930.0,14:08:41.010504
-66.0,-196.0,731.0,14:08:41.020925
-4.0,-284.0,1002.0,14:08:41.030231
-30.0,-623.0,1111.0,14:08:41.040815
118.0,-510.0,746.0,14:08:41.050322
-37.0,-361.0,803.0,14:08:41.060817
-21.0,66.0,875.0,14:08:41.070311
-50.0,-203.0,1111.0,14:08:41.079657
84.0,-732.0,1309.0,14:08:41.090164
210.0,-840.0,544.0,14:08:41.099501
112.0,-380.0,736.0,14:08:41.110149
14.0,-704.0,1374.0,14:08:41.119453
268.0,-874.0,1099.0,14:08:41.128901
262.0,-590.0,956.0,14:08:41.139304
120.0,-475.0,648.0,14:08:41.148764
-29.0,-545.0,791.0,14:08:41.159230
26.0,-302.0,992.0,14:08:41.168589
198.0,-198.0,861.0,14:08:41.179064
150.0,-404.0,889.0,14:08:41.188456
1.0,-507.0,737.0,14:08:41.198929
156.0,-346.0,1171.0,14:08:41.208290
187.0,-417.0,1134.0,14:08:41.217564
156.0,-466.0,481.0,14:08:41.228127
140.0,-670.0,1034.0,14:08:41.237406
-59.0,-476.0,1198.0,14:08:41.247922
275.0,-515.0,571.0,14:08:41.257403
-215.0,-295.0,471.0,14:08:41.267975
19.0,-694.0,1329.0,14:08:41.277304
18.0,-575.0,1118.0,14:08:41.287779
-61.0,-97.0,698.0,14:08:41.297129
-65.0,-378.0,1018.0,14:08:41.306401
86.0,-751.0,1298.0,14:08:41.321062
-7.0,-776.0,1040.0,14:08:41.327055
230.0,-539.0,625.0,14:08:41.336298
236.0,-506.0,882.0,14:08:41.345745
123.0,-736.0,1197.0,14:08:41.356240
86.0,-781.0,1057.0,14:08:41.365517
-144.0,-217.0,469.0,14:08:41.376034
-20.0,-679.0,930.0,14:08:41.385385
-76.0,-612.0,1091.0,14:08:41.395823
-56.0,-637.0,1052.0,14:08:41.405128
-18.0,-391.0,361.0,14:08:41.415581
11.0,-191.0,773.0,14:08:41.424875
-24.0,-454.0,1386.0,14:08:41.435389
84.0,-586.0,764.0,14:08:41.444688
178.0,-361.0,231.0,14:08:41.455216
-17.0,-153.0,1249.0,14:08:41.464640
-110.0,-417.0,1460.0,14:08:41.475061
132.0,-555.0,544.0,14:08:41.484311
-85.0,-392.0,909.0,14:08:41.493723
-57.0,-646.0,1559.0,14:08:41.504106
273.0,-554.0,584.0,14:08:41.513578
43.0,-177.0,712.0,14:08:41.524058
-69.0,-901.0,1876.0,14:08:41.533633
172.0,-764.0,591.0,14:08:41.544113
7.0,-418.0,408.0,14:08:41.553464
-13.0,-415.0,1243.0,14:08:41.562865
-162.0,-566.0,1240.0,14:08:41.573437
198.0,-363.0,155.0,14:08:41.582730
135.0,-473.0,647.0,14:08:41.593151
-215.0,-393.0,1385.0,14:08:41.602585
-133.0,-162.0,1064.0,14:08:41.612985
14.0,-631.0,1000.0,14:08:41.622390
237.0,-984.0,851.0,14:08:41.632728
352.0,-614.0,769.0,14:08:41.642115
-86.0,-247.0,1213.0,14:08:41.652474
-19.0,-415.0,1320.0,14:08:41.661880
81.0,-387.0,471.0,14:08:41.671231
74.0,-369.0,613.0,14:08:41.681712
-4.0,-422.0,821.0,14:08:41.691011
39.0,-537.0,965.0,14:08:41.701484
-43.0,-467.0,1164.0,14:08:41.710735
6.0,-484.0,972.0,14:08:41.721284
59.0,-637.0,892.0,14:08:41.730556
-237.0,-631.0,978.0,14:08:41.740928
-63.0,-523.0,826.0,14:08:41.750396
-100.0,-483.0,843.0,14:08:41.760984
163.0,-560.0,1080.0,14:08:41.770330
78.0,-431.0,703.0,14:08:41.780702
56.0,-490.0,871.0,14:08:41.790202
14.0,-647.0,1051.0,14:08:41.799439
27.0,-517.0,854.0,14:08:41.809922
26.0,-580.0,1008.0,14:08:41.819166
-3.0,-649.0,746.0,14:08:41.829618
-5.0,-626.0,812.0,14:08:41.838967
252.0,-782.0,788.0,14:08:41.849410
-69.0,-583.0,1005.0,14:08:41.858716
-55.0,-264.0,1001.0,14:08:41.869203
-56.0,-324.0,862.0,14:08:41.878554
-33.0,-566.0,673.0,14:08:41.889044
42.0,-672.0,855.0,14:08:41.898475
-77.0,-287.0,936.0,14:08:41.909010
-93.0,-431.0,1027.0,14:08:41.918362
-170.0,-426.0,856.0,14:08:41.927742
-10.0,-726.0,975.0,14:08:41.938243
85.0,-596.0,624.0,14:08:41.947502
114.0,-381.0,1142.0,14:08:41.958097
-146.0,-260.0,870.0,14:08:41.967297
-113.0,-441.0,862.0,14:08:41.977981
-51.0,-602.0,1470.0,14:08:41.987307
36.0,-433.0,765.0,14:08:41.996623
-144.0,-186.0,679.0,14:08:42.007156
-52.0,-426.0,1663.0,14:08:42.016587
230.0,-715.0,814.0,14:08:42.027074
165.0,-561.0,307.0,14:08:42.036346
146.0,-534.0,1231.0,14:08:42.055904
159.0,-389.0,770.0,14:08:42.066452
-126.0,-508.0,811.0,14:08:42.075903
198.0,-546.0,781.0,14:08:42.086431
150.0,-297.0,925.0,14:08:42.095812
94.0,-544.0,1006.0,14:08:42.105140
46.0,-420.0,538.0,14:08:42.119322
-76.0,-730.0,1128.0,14:08:42.125389
161.0,-466.0,745.0,14:08:42.134866
-51.0,-498.0,955.0,14:08:42.145254
-17.0,-485.0,660.0,14:08:42.164896
18.0,-648.0,1037.0,14:08:42.174330
41.0,-712.0,1190.0,14:08:42.184776
97.0,-343.0,703.0,14:08:42.194034
-344.0,-296.0,949.0,14:08:42.204543
55.0,-628.0,1477.0,14:08:42.213844
65.0,-653.0,828.0,14:08:42.224286
-146.0,-385.0,301.0,14:08:42.233561
15.0,-470.0,1478.0,14:08:42.244114
-9.0,-467.0,1212.0,14:08:42.253455
-71.0,-516.0,756.0,14:08:42.263941
201.0,-593.0,777.0,14:08:42.273273
5.0,-621.0,1016.0,14:08:42.282625
-12.0,-481.0,1023.0,14:08:42.292973
13.0,-597.0,1010.0,14:08:42.302465
-139.0,-620.0,599.0,14:08:42.312913
181.0,-474.0,654.0,14:08:42.322347
-121.0,-326.0,1012.0,14:08:42.332833
187.0,-438.0,991.0,14:08:42.342158
52.0,-325.0,537.0,14:08:42.352600
-21.0,-271.0,635.0,14:08:42.361920
55.0,-570.0,1264.0,14:08:42.372432
46.0,-429.0,1091.0,14:08:42.381707
154.0,-434.0,939.0,14:08:42.392175
155.0,-626.0,839.0,14:08:42.401451
190.0,-523.0,740.0,14:08:42.410805
-26.0,-604.0,1164.0,14:08:42.421342
-31.0,-704.0,1329.0,14:08:42.430735
87.0,-373.0,536.0,14:08:42.441293
-53.0,-479.0,846.0,14:08:42.450591
73.0,-576.0,1192.0,14:08:42.460996
131.0,-696.0,684.0,14:08:42.470382
-70.0,-341.0,592.0,14:08:42.480842
-12.0,-186.0,1119.0,14:08:42.490236
-27.0,-712.0,1168.0,14:08:42.499572
56.0,-452.0,695.0,14:08:42.510146
143.0,-159.0,1131.0,14:08:42.521774
127.0,-531.0,1100.0,14:08:42.530117
220.0,-522.0,925.0,14:08:42.539414
126.0,-441.0,743.0,14:08:42.549903
87.0,-671.0,1042.0,14:08:42.559234
194.0,-687.0,970.0,14:08:42.568583
38.0,-486.0,819.0,14:08:42.579036
-123.0,-455.0,937.0,14:08:42.588367
133.0,-665.0,959.0,14:08:42.598768
51.0,-644.0,989.0,14:08:42.608112
215.0,-588.0,522.0,14:08:42.618477
10.0,-539.0,705.0,14:08:42.628088
35.0,-623.0,1187.0,14:08:42.638543
58.0,-338.0,617.0,14:08:42.647931
-208.0,-96.0,1092.0,14:08:42.658402
44.0,-293.0,831.0,14:08:42.667874
126.0,-426.0,563.0,14:08:42.677141
143.0,-615.0,1122.0,14:08:42.687575
252.0,-877.0,1795.0,14:08:42.696907
215.0,-428.0,400.0,14:08:42.707358
-185.0,-302.0,599.0,14:08:42.716669
30.0,-954.0,1631.0,14:08:42.727141
175.0,-913.0,997.0,14:08:42.736398
171.0,-273.0,116.0,14:08:42.746902
-273.0,-482.0,1064.0,14:08:42.756169
35.0,-796.0,1563.0,14:08:42.766616
96.0,-557.0,451.0,14:08:42.775952
-134.0,-172.0,142.0,14:08:42.786360
-58.0,-363.0,1103.0,14:08:42.795749
-105.0,-638.0,1951.0,14:08:42.806144
-41.0,-588.0,1045.0,14:08:42.815520
83.0,-129.0,-34.0,14:08:42.825901
199.0,-727.0,984.0,14:08:42.835228
223.0,-885.0,1500.0,14:08:42.845693
122.0,-334.0,981.0,14:08:42.855059
-197.0,162.0,443.0,14:08:42.865439
148.0,-690.0,1145.0,14:08:42.874751
67.0,-747.0,1256.0,14:08:42.885168
166.0,-320.0,541.0,14:08:42.894611
167.0,-404.0,467.0,14:08:42.903822
-48.0,-499.0,1378.0,14:08:42.914247
138.0,-723.0,987.0,14:08:42.923604
54.0,-736.0,671.0,14:08:42.934132
11.0,-235.0,721.0,14:08:42.943624
-260.0,-284.0,920.0,14:08:42.954114
-89.0,-446.0,1321.0,14:08:42.963679
98.0,-578.0,953.0,14:08:42.972954
-9.0,-196.0,430.0,14:08:42.983455
26.0,-570.0,1654.0,14:08:42.992749
43.0,-780.0,1329.0,14:08:43.003205
203.0,-480.0,-40.0,14:08:43.012477
-113.0,-514.0,837.0,14:08:43.022949
8.0,-655.0,1405.0,14:08:43.032219
292.0,-582.0,539.0,14:08:43.042756
-10.0,-564.0,768.0,14:08:43.052025
6.0,-311.0,1014.0,14:08:43.062501
-11.0,-392.0,1338.0,14:08:43.071775
141.0,-418.0,957.0,14:08:43.082350
107.0,-529.0,741.0,14:08:43.100763
72.0,-709.0,1199.0,14:08:43.111349
75.0,-581.0,969.0,14:08:43.121749
212.0,-446.0,965.0,14:08:43.131038
-77.0,-393.0,577.0,14:08:43.141431
-127.0,-537.0,1010.0,14:08:43.150880
-123.0,-519.0,1057.0,14:08:43.161307
96.0,-763.0,878.0,14:08:43.170660
-15.0,-312.0,875.0,14:08:43.181016
-127.0,-459.0,1197.0,14:08:43.190373
68.0,-598.0,1021.0,14:08:43.200735
131.0,-564.0,972.0,14:08:43.210168
158.0,-590.0,661.0,14:08:43.220527
348.0,-585.0,725.0,14:08:43.229874
-156.0,-316.0,1192.0,14:08:43.239144
-64.0,-651.0,945.0,14:08:43.249569
31.0,-437.0,647.0,14:08:43.258987
-152.0,-266.0,715.0,14:08:43.269540
145.0,-707.0,784.0,14:08:43.278933
22.0,-819.0,1037.0,14:08:43.289406
57.0,-345.0,842.0,14:08:43.298804
41.0,-288.0,1022.0,14:08:43.309197
-115.0,-488.0,962.0,14:08:43.323575
17.0,-487.0,786.0,14:08:43.328568
3.0,-439.0,729.0,14:08:43.337958
110.0,-456.0,732.0,14:08:43.348434
9.0,-460.0,1171.0,14:08:43.357813
-56.0,-598.0,1173.0,14:08:43.368288
17.0,-563.0,805.0,14:08:43.377532
74.0,-522.0,898.0,14:08:43.388189
87.0,-675.0,918.0,14:08:43.397496
1.0,-655.0,977.0,14:08:43.406934
41.0,-364.0,1019.0,14:08:43.417404
101.0,-593.0,798.0,14:08:43.426723
-44.0,-329.0,609.0,14:08:43.437377
49.0,-426.0,860.0,14:08:43.446635
-208.0,-448.0,1333.0,14:08:43.457207
105.0,-500.0,1063.0,14:08:43.466538
79.0,-394.0,738.0,14:08:43.475890
-117.0,-290.0,1017.0,14:08:43.486390
48.0,-867.0,1228.0,14:08:43.495951
154.0,-603.0,850.0,14:08:43.506332
-84.0,-435.0,960.0,14:08:43.515718
17.0,-583.0,917.0,14:08:43.526137
21.0,-679.0,743.0,14:08:43.535509
145.0,-469.0,513.0,14:08:43.545874
-3.0,-365.0,838.0,14:08:43.555238
-24.0,-279.0,742.0,14:08:43.564706
-134.0,-502.0,1046.0,14:08:43.575403
37.0,-612.0,1123.0,14:08:43.584993
42.0,-579.0,933.0,14:08:43.594470
222.0,-629.0,910.0,14:08:43.604084
-9.0,-668.0,1086.0,14:08:43.614812
17.0,-517.0,1060.0,14:08:43.624331
-4.0,-444.0,885.0,14:08:43.633828
-60.0,-319.0,917.0,14:08:43.644498
-54.0,-359.0,824.0,14:08:43.654076
-63.0,-653.0,898.0,14:08:43.663700
101.0,-657.0,1003.0,14:08:43.673200
-9.0,-542.0,875.0,14:08:43.683857
-94.0,-423.0,1009.0,14:08:43.693336
84.0,-516.0,1046.0,14:08:43.702860
18.0,-673.0,899.0,14:08:43.712544
-14.0,-286.0,722.0,14:08:43.725540
-40.0,-336.0,982.0,14:08:43.732932
113.0,-343.0,952.0,14:08:43.742507
-25.0,-580.0,937.0,14:08:43.752046
0.0,-453.0,683.0,14:08:43.762759
177.0,-511.0,849.0,14:08:43.772282
-107.0,-389.0,1114.0,14:08:43.781843
100.0,-626.0,871.0,14:08:43.792418
28.0,-519.0,970.0,14:08:43.801655
68.0,-517.0,750.0,14:08:43.812107
-1.0,-414.0,792.0,14:08:43.821389
79.0,-360.0,1103.0,14:08:43.831806
-180.0,-440.0,1180.0,14:08:43.841147
-102.0,-386.0,569.0,14:08:43.851581
101.0,-766.0,1084.0,14:08:43.860836
126.0,-709.0,1252.0,14:08:43.871389
38.0,-522.0,955.0,14:08:43.880689
41.0,-482.0,920.0,14:08:43.890021
108.0,-564.0,1061.0,14:08:43.900499
78.0,-613.0,754.0,14:08:43.909848
231.0,-640.0,687.0,14:08:43.920239
-68.0,-314.0,772.0,14:08:43.929603
8.0,-444.0,1061.0,14:08:43.940117
-103.0,-456.0,1170.0,14:08:43.949410
81.0,-498.0,842.0,14:08:43.959874
-7.0,-335.0,639.0,14:08:43.969167
-10.0,-550.0,1194.0,14:08:43.979655
206.0,-522.0,1156.0,14:08:43.989029
182.0,-474.0,784.0,14:08:43.999409
138.0,-467.0,566.0,14:08:44.008693
94.0,-573.0,901.0,14:08:44.019153
-57.0,-515.0,1082.0,14:08:44.028453
19.0,-503.0,839.0,14:08:44.038939
92.0,-477.0,718.0,14:08:44.048220
-35.0,-455.0,999.0,14:08:44.058638
51.0,-614.0,925.0,14:08:44.067941
193.0,-571.0,787.0,14:08:44.077336
126.0,-385.0,1083.0,14:08:44.087900
16.0,-722.0,1010.0,14:08:44.097180
267.0,-438.0,649.0,14:08:44.107543
24.0,-410.0,949.0,14:08:44.116897
26.0,-578.0,1146.0,14:08:44.127277
70.0,-613.0,859.0,14:08:44.136669
58.0,-438.0,753.0,14:08:44.147059
-23.0,-495.0,1092.0,14:08:44.156325
16.0,-617.0,1119.0,14:08:44.166817
-58.0,-572.0,722.0,14:08:44.176122
23.0,-353.0,871.0,14:08:44.186531
108.0,-513.0,1083.0,14:08:44.195912
-18.0,-435.0,680.0,14:08:44.206360
136.0,-331.0,883.0,14:08:44.215712
29.0,-410.0,1120.0,14:08:44.226156
17.0,-320.0,903.0,14:08:44.235466
107.0,-452.0,725.0,14:08:44.245839
96.0,-600.0,1065.0,14:08:44.255164
81.0,-568.0,1220.0,14:08:44.265628
72.0,-470.0,971.0,14:08:44.274876
-21.0,-601.0,949.0,14:08:44.285364
200.0,-622.0,718.0,14:08:44.294724
-51.0,-528.0,1027.0,14:08:44.305112
91.0,-609.0,1054.0,14:08:44.314468
-66.0,-658.0,814.0,14:08:44.324917
-107.0,-562.0,775.0,14:08:44.334160
44.0,-531.0,1034.0,14:08:44.344737
11.0,-678.0,1118.0,14:08:44.353983
128.0,-610.0,761.0,14:08:44.363370
-30.0,-508.0,841.0,14:08:44.373935
-125.0,-554.0,942.0,14:08:44.383219
32.0,-531.0,964.0,14:08:44.393811
72.0,-620.0,800.0,14:08:44.403082
47.0,-328.0,756.0,14:08:44.413522
-108.0,-286.0,1038.0,14:08:44.422778
35.0,-316.0,778.0,14:08:44.433223
-76.0,-405.0,707.0,14:08:44.442496
-1.0,-494.0,1169.0,14:08:44.452971
65.0,-502.0,977.0,14:08:44.462359
-9.0,-444.0,817.0,14:08:44.472740
147.0,-498.0,1113.0,14:08:44.482046
-62.0,-297.0,1027.0,14:08:44.492493
147.0,-486.0,819.0,14:08:44.501786
33.0,-456.0,1140.0,14:08:44.512249
-90.0,-452.0,873.0,14:08:44.526121
13.0,-546.0,993.0,14:08:44.541370
-28.0,-679.0,1047.0,14:08:44.550686
50.0,-636.0,999.0,14:08:44.561209
91.0,-473.0,964.0,14:08:44.570486
-33.0,-459.0,809.0,14:08:44.580911
185.0,-503.0,978.0,14:08:44.590205
-81.0,-475.0,970.0,14:08:44.600591
109.0,-471.0,770.0,14:08:44.610022
57.0,-351.0,909.0,14:08:44.620457
-104.0,-464.0,967.0,14:08:44.629724
132.0,-542.0,951.0,14:08:44.640216
26.0,-516.0,762.0,14:08:44.649499
51.0,-595.0,868.0,14:08:44.659871
16.0,-626.0,1130.0,14:08:44.669211
104.0,-741.0,1105.0,14:08:44.679656
30.0,-600.0,877.0,14:08:44.688996
24.0,-579.0,886.0,14:08:44.699446
-20.0,-595.0,868.0,14:08:44.708730
41.0,-710.0,973.0,14:08:44.719205
76.0,-559.0,814.0,14:08:44.728516
-14.0,-454.0,660.0,14:08:44.739047
-41.0,-506.0,1032.0,14:08:44.748286
36.0,-577.0,1012.0,14:08:44.758772
-154.0,-479.0,679.0,14:08:44.768048
162.0,-403.0,896.0,14:08:44.778510
-135.0,-415.0,1054.0,14:08:44.787989
115.0,-500.0,804.0,14:08:44.797413
118.0,-460.0,792.0,14:08:44.808073
-9.0,-453.0,955.0,14:08:44.817546
-99.0,-455.0,962.0,14:08:44.827179
50.0,-480.0,882.0,14:08:44.837550
12.0,-471.0,787.0,14:08:44.847074
-91.0,-530.0,777.0,14:08:44.856413
24.0,-567.0,871.0,14:08:44.867081
-73.0,-397.0,1047.0,14:08:44.876336
114.0,-469.0,1022.0,14:08:44.886825
-113.0,-458.0,794.0,14:08:44.896128
176.0,-595.0,846.0,14:08:44.906648
16.0,-548.0,1069.0,14:08:44.915946
84.0,-500.0,980.0,14:08:44.927352
71.0,-409.0,1035.0,14:08:44.935832
29.0,-509.0,888.0,14:08:44.945198
27.0,-429.0,774.0,14:08:44.955709
123.0,-419.0,776.0,14:08:44.965076
-10.0,-355.0,931.0,14:08:44.975505
80.0,-508.0,1013.0,14:08:44.984975
-8.0,-568.0,814.0,14:08:44.995362
9.0,-484.0,919.0,14:08:45.004772
-95.0,-489.0,1135.0,14:08:45.015156
23.0,-581.0,895.0,14:08:45.024692
33.0,-464.0,925.0,14:08:45.034024
-171.0,-497.0,1179.0,14:08:45.044501
-6.0,-592.0,1191.0,14:08:45.053806
83.0,-394.0,707.0,14:08:45.064318
-19.0,-574.0,845.0,14:08:45.073697
111.0,-658.0,1086.0,14:08:45.084088
120.0,-560.0,955.0,14:08:45.093498
141.0,-618.0,978.0,14:08:45.103883
134.0,-480.0,694.0,14:08:45.113199
-91.0,-516.0,871.0,14:08:45.123613
200.0,-649.0,1107.0,14:08:45.132969
79.0,-582.0,876.0,14:08:45.143473
-12.0,-311.0,862.0,14:08:45.152717
-149.0,-444.0,993.0,14:08:45.163141
165.0,-627.0,1068.0,14:08:45.172470
21.0,-615.0,722.0,14:08:45.182893
-47.0,-348.0,801.0,14:08:45.192180
30.0,-415.0,1075.0,14:08:45.202665
-122.0,-546.0,1083.0,14:08:45.211950
18.0,-540.0,764.0,14:08:45.221302
168.0,-426.0,676.0,14:08:45.231720
30.0,-556.0,1236.0,14:08:45.241090
-158.0,-558.0,1120.0,14:08:45.251448
97.0,-423.0,696.0,14:08:45.260787
-81.0,-538.0,977.0,14:08:45.271304
-7.0,-625.0,1320.0,14:08:45.280681
92.0,-419.0,566.0,14:08:45.291103
-29.0,-451.0,856.0,14:08:45.300525
93.0,-655.0,1309.0,14:08:45.310966
-49.0,-533.0,685.0,14:08:45.320387
165.0,-443.0,541.0,14:08:45.329765
41.0,-613.0,1091.0,14:08:45.340165
232.0,-776.0,1006.0,14:08:45.349609
-11.0,-438.0,754.0,14:08:45.360159
-130.0,-437.0,891.0,14:08:45.369473
105.0,-557.0,955.0,14:08:45.379879
25.0,-477.0,1069.0,14:08:45.389311
112.0,-440.0,666.0,14:08:45.399721
104.0,-438.0,932.0,14:08:45.409049
-58.0,-512.0,1024.0,14:08:45.419464
55.0,-358.0,359.0,14:08:45.428813
4.0,-484.0,985.0,14:08:45.439218
-25.0,-518.0,1468.0,14:08:45.448491
23.0,-436.0,460.0,14:08:45.459090
29.0,-201.0,706.0,14:08:45.468422
-118.0,-794.0,1918.0,14:08:45.477791
68.0,-803.0,978.0,14:08:45.488282
257.0,-672.0,545.0,14:08:45.497786
-46.0,-768.0,1193.0,14:08:45.517305
121.0,-717.0,774.0,14:08:45.527773
9.0,-410.0,289.0,14:08:45.537142
105.0,-648.0,901.0,14:08:45.547585
-39.0,-573.0,1133.0,14:08:45.557047
-15.0,-592.0,808.0,14:08:45.567464
-153.0,-302.0,442.0,14:08:45.576847
-67.0,-304.0,986.0,14:08:45.587273
4.0,-592.0,1434.0,14:08:45.596576
-84.0,-493.0,786.0,14:08:45.605923
-99.0,-242.0,466.0,14:08:45.616351
-52.0,-410.0,926.0,14:08:45.625766
-241.0,-555.0,1514.0,14:08:45.636162
120.0,-716.0,1073.0,14:08:45.645494
117.0,-425.0,616.0,14:08:45.655933
-2.0,-509.0,911.0,14:08:45.665248
41.0,-619.0,1287.0,14:08:45.675777
-55.0,-497.0,1046.0,14:08:45.685231
-139.0,-320.0,589.0,14:08:45.695758
62.0,-657.0,882.0,14:08:45.705035
-51.0,-649.0,969.0,14:08:45.714391
128.0,-512.0,668.0,14:08:45.727982
-53.0,-429.0,980.0,14:08:45.735031
104.0,-605.0,1265.0,14:08:45.744276
64.0,-557.0,730.0,14:08:45.754883
-77.0,-525.0,593.0,14:08:45.764223
5.0,-594.0,957.0,14:08:45.773644
38.0,-628.0,1038.0,14:08:45.784205
59.0,-362.0,555.0,14:08:45.793654
-69.0,-244.0,826.0,14:08:45.804169
-29.0,-339.0,1200.0,14:08:45.813594
-146.0,-466.0,903.0,14:08:45.822966
74.0,-527.0,712.0,14:08:45.833578
-244.0,-353.0,1131.0,14:08:45.842829
100.0,-526.0,955.0,14:08:45.853273
27.0,-846.0,1063.0,14:08:45.862549
-38.0,-456.0,1064.0,14:08:45.873070
-59.0,-390.0,865.0,14:08:45.882426
194.0,-535.0,684.0,14:08:45.892827
-184.0,-555.0,1157.0,14:08:45.902177
60.0,-657.0,1141.0,14:08:45.912580
101.0,-558.0,663.0,14:08:45.921898
-254.0,-301.0,791.0,14:08:45.932362
-186.0,-378.0,902.0,14:08:45.941790
-181.0,-645.0,856.0,14:08:45.951075
-13.0,-595.0,712.0,14:08:45.961507
-31.0,-539.0,1003.0,14:08:45.970821
2.0,-516.0,899.0,14:08:45.981333
-137.0,-331.0,902.0,14:08:45.990605
-34.0,-410.0,988.0,14:08:46.001088
-51.0,-517.0,1258.0,14:08:46.010452
-4.0,-568.0,742.0,14:08:46.020942
-19.0,-318.0,887.0,14:08:46.030391
-60.0,-285.0,1279.0,14:08:46.040783
-18.0,-639.0,983.0,14:08:46.050215
221.0,-728.0,641.0,14:08:46.060620
-10.0,-561.0,1083.0,14:08:46.069871
86.0,-579.0,866.0,14:08:46.079297
13.0,-552.0,850.0,14:08:46.089704
128.0,-410.0,918.0,14:08:46.099104
65.0,-435.0,662.0,14:08:46.109493
153.0,-496.0,675.0,14:08:46.118830
8.0,-240.0,887.0,14:08:46.130677
-49.0,-569.0,967.0,14:08:46.139052
16.0,-475.0,726.0,14:08:46.148339
161.0,-287.0,581.0,14:08:46.158752
99.0,-774.0,1206.0,14:08:46.168053
42.0,-597.0,1264.0,14:08:46.178560
-139.0,-230.0,850.0,14:08:46.187856
84.0,-618.0,1013.0,14:08:46.198383
-43.0,-689.0,1160.0,14:08:46.207610
62.0,-616.0,834.0,14:08:46.218242
36.0,-505.0,622.0,14:08:46.227548
13.0,-689.0,967.0,14:08:46.238079
-131.0,-576.0,1111.0,14:08:46.247405
26.0,-557.0,408.0,14:08:46.257965
-122.0,-515.0,773.0,14:08:46.267371
90.0,-367.0,988.0,14:08:46.276715
-111.0,-449.0,837.0,14:08:46.287184
43.0,-559.0,1065.0,14:08:46.296586
-6.0,-288.0,1026.0,14:08:46.306950
159.0,-338.0,634.0,14:08:46.316274
89.0,-544.0,988.0,14:08:46.326735
122.0,-796.0,1346.0,14:08:46.336048
70.0,-555.0,502.0,14:08:46.346449
27.0,-295.0,604.0,14:08:46.355825
-12.0,-403.0,1277.0,14:08:46.365194
43.0,-447.0,908.0,14:08:46.375755
77.0,-408.0,668.0,14:08:46.385110
-65.0,-323.0,819.0,14:08:46.395582
-53.0,-319.0,895.0,14:08:46.404953
29.0,-575.0,1109.0,14:08:46.415364
119.0,-522.0,972.0,14:08:46.424752
47.0,-338.0,1104.0,14:08:46.435231
117.0,-445.0,1246.0,14:08:46.444553
12.0,-490.0,1089.0,14:08:46.455006
110.0,-482.0,743.0,14:08:46.464291
196.0,-614.0,1214.0,14:08:46.474736
28.0,-733.0,1247.0,14:08:46.484126
106.0,-748.0,812.0,14:08:46.493529
-6.0,-449.0,853.0,14:08:46.504008
-100.0,-615.0,957.0,14:08:46.513352
209.0,-642.0,872.0,14:08:46.523835
126.0,-504.0,847.0,14:08:46.533154
181.0,-540.0,806.0,14:08:46.543649
167.0,-318.0,821.0,14:08:46.553001
60.0,-384.0,848.0,14:08:46.563454
72.0,-380.0,896.0,14:08:46.572816
109.0,-401.0,1058.0,14:08:46.583238
153.0,-296.0,888.0,14:08:46.592488
89.0,-399.0,819.0,14:08:46.603010
152.0,-415.0,1060.0,14:08:46.612358
-31.0,-511.0,1164.0,14:08:46.621669
160.0,-495.0,795.0,14:08:46.632068
81.0,-602.0,1033.0,14:08:46.641386
67.0,-737.0,1118.0,14:08:46.651810
60.0,-512.0,995.0,14:08:46.661186
58.0,-487.0,747.0,14:08:46.671607
129.0,-673.0,953.0,14:08:46.680879
76.0,-440.0,1019.0,14:08:46.691329
22.0,-568.0,826.0,14:08:46.700627
43.0,-486.0,834.0,14:08:46.711326
-80.0,-488.0,1077.0,14:08:46.720668
92.0,-484.0,789.0,14:08:46.731164
-163.0,-426.0,1014.0,14:08:46.740566
-59.0,-671.0,951.0,14:08:46.749894
-9.0,-668.0,859.0,14:08:46.760334
-81.0,-512.0,975.0,14:08:46.769776
26.0,-660.0,978.0,14:08:46.780286
-61.0,-596.0,804.0,14:08:46.789591
127.0,-426.0,842.0,14:08:46.800117
204.0,-476.0,911.0,14:08:46.809451
-122.0,-468.0,822.0,14:08:46.818893
-69.0,-559.0,859.0,14:08:46.829430
-52.0,-667.0,876.0,14:08:46.838742
44.0,-333.0,805.0,14:08:46.849293
-108.0,-457.0,941.0,14:08:46.858571
-33.0,-503.0,982.0,14:08:46.869049
-34.0,-451.0,996.0,14:08:46.878408
-40.0,-343.0,676.0,14:08:46.888911
80.0,-497.0,748.0,14:08:46.898370
-124.0,-605.0,1130.0,14:08:46.907784
34.0,-555.0,1191.0,14:08:46.918267
-92.0,-466.0,995.0,14:08:46.932680
-101.0,-563.0,1036.0,14:08:46.938145
116.0,-669.0,1087.0,14:08:46.947396
126.0,-566.0,1060.0,14:08:46.957950
160.0,-516.0,940.0,14:08:46.967174
11.0,-690.0,910.0,14:08:46.977616
119.0,-501.0,518.0,14:08:46.986976
239.0,-665.0,1027.0,14:08:46.997462
31.0,-588.0,913.0,14:08:47.006755
133.0,-392.0,697.0,14:08:47.017122
53.0,-291.0,991.0,14:08:47.026463
90.0,-759.0,1073.0,14:08:47.035887
157.0,-719.0,732.0,14:08:47.046327
65.0,-299.0,717.0,14:08:47.055735
-130.0,-500.0,861.0,14:08:47.066266
-232.0,-679.0,1412.0,14:08:47.075578
25.0,-447.0,713.0,14:08:47.085974
-18.0,-323.0,587.0,14:08:47.095384
-163.0,-552.0,1414.0,14:08:47.105854
-153.0,-470.0,1477.0,14:08:47.115161
-162.0,-392.0,553.0,14:08:47.125675
-41.0,-589.0,801.0,14:08:47.134927
-196.0,-555.0,1292.0,14:08:47.145400
-121.0,-557.0,632.0,14:08:47.154719
-92.0,-401.0,392.0,14:08:47.164106
-207.0,-578.0,977.0,14:08:47.174662
-178.0,-587.0,1240.0,14:08:47.184029
-112.0,-454.0,695.0,14:08:47.194525
254.0,-536.0,883.0,14:08:47.203843
-146.0,-524.0,919.0,14:08:47.214383
-15.0,-617.0,1331.0,14:08:47.223669
-47.0,-409.0,990.0,14:08:47.233138
84.0,-421.0,526.0,14:08:47.243579
-56.0,-373.0,593.0,14:08:47.252910
23.0,-659.0,1148.0,14:08:47.263452
179.0,-677.0,502.0,14:08:47.272666
75.0,-531.0,645.0,14:08:47.283115
-80.0,-517.0,1171.0,14:08:47.292494
-3.0,-563.0,1094.0,14:08:47.302930
-236.0,-166.0,708.0,14:08:47.312369
63.0,-447.0,1274.0,14:08:47.322841
-143.0,-686.0,1741.0,14:08:47.334157
-79.0,-575.0,873.0,14:08:47.341860
-35.0,-408.0,670.0,14:08:47.352323
-226.0,-537.0,942.0,14:08:47.361695
56.0,-598.0,573.0,14:08:47.372230
36.0,-514.0,1104.0,14:08:47.381498
-190.0,-345.0,1453.0,14:08:47.390909
118.0,-393.0,437.0,14:08:47.401366
-232.0,-177.0,506.0,14:08:47.410711
-92.0,-270.0,1723.0,14:08:47.421184
-58.0,-671.0,1107.0,14:08:47.430479
115.0,-488.0,222.0,14:08:47.440987
153.0,-605.0,1259.0,14:08:47.450263
141.0,-777.0,1114.0,14:08:47.460702
89.0,-464.0,245.0,14:08:47.469939
-87.0,-317.0,548.0,14:08:47.480453
-10.0,-444.0,1284.0,14:08:47.489717
-122.0,-472.0,886.0,14:08:47.500190
-172.0,-411.0,539.0,14:08:47.509512
59.0,-641.0,741.0,14:08:47.519931
95.0,-636.0,1088.0,14:08:47.529211
156.0,-550.0,964.0,14:08:47.539705
142.0,-797.0,898.0,14:08:47.549095
-75.0,-591.0,992.0,14:08:47.559549
122.0,-418.0,682.0,14:08:47.568793
87.0,-395.0,648.0,14:08:47.579259
53.0,-532.0,1096.0,14:08:47.588498
11.0,-231.0,1045.0,14:08:47.599020
36.0,-283.0,463.0,14:08:47.608344
-5.0,-182.0,1053.0,14:08:47.618713
-151.0,-485.0,1544.0,14:08:47.628071
83.0,-727.0,727.0,14:08:47.638471
143.0,-646.0,772.0,14:08:47.647896
7.0,-488.0,1190.0,14:08:47.657131
27.0,-610.0,827.0,14:08:47.667552
58.0,-636.0,1175.0,14:08:47.677107
-40.0,-556.0,1077.0,14:08:47.687548
80.0,-265.0,263.0,14:08:47.696951
-180.0,-398.0,866.0,14:08:47.706391
44.0,-409.0,1052.0,14:08:47.716963
49.0,-699.0,1246.0,14:08:47.726266
-86.0,-241.0,817.0,14:08:47.736643
52.0,-488.0,715.0,14:08:47.746021
143.0,-664.0,1078.0,14:08:47.756439
239.0,-815.0,1224.0,14:08:47.765792
176.0,-636.0,455.0,14:08:47.776239
-30.0,-260.0,868.0,14:08:47.785528
94.0,-626.0,1286.0,14:08:47.796021
203.0,-652.0,935.0,14:08:47.805358
140.0,-382.0,508.0,14:08:47.814851
47.0,-346.0,632.0,14:08:47.825281
23.0,-453.0,1260.0,14:08:47.834784
34.0,-461.0,1225.0,14:08:47.845277
129.0,-547.0,609.0,14:08:47.854627
49.0,-623.0,467.0,14:08:47.865046
73.0,-356.0,987.0,14:08:47.874323
30.0,-415.0,1052.0,14:08:47.884779
-55.0,-397.0,647.0,14:08:47.894121
-28.0,-287.0,890.0,14:08:47.904551
-50.0,-447.0,1090.0,14:08:47.913896
93.0,-621.0,998.0,14:08:47.924285
-1.0,-360.0,1012.0,14:08:47.933589
104.0,-408.0,955.0,14:08:47.944070
97.0,-645.0,926.0,14:08:47.953392
156.0,-687.0,951.0,14:08:47.963930
123.0,-537.0,888.0,14:08:47.973184
97.0,-471.0,803.0,14:08:47.982547
-47.0,-370.0,1117.0,14:08:47.992982
19.0,-537.0,1016.0,14:08:48.002294
-28.0,-629.0,826.0,14:08:48.012760
80.0,-354.0,1123.0,14:08:48.022066
50.0,-349.0,1312.0,14:08:48.032496
-19.0,-536.0,1138.0,14:08:48.041720
198.0,-577.0,764.0,14:08:48.052402
-25.0,-605.0,907.0,14:08:48.061666
88.0,-641.0,830.0,14:08:48.072056
99.0,-539.0,1024.0,14:08:48.081399
-90.0,-570.0,885.0,14:08:48.091784
51.0,-583.0,765.0,14:08:48.101298
-118.0,-486.0,916.0,14:08:48.111742
29.0,-505.0,990.0,14:08:48.121224
-43.0,-517.0,1003.0,14:08:48.135407
61.0,-598.0,890.0,14:08:48.140904
25.0,-635.0,847.0,14:08:48.150141
67.0,-561.0,872.0,14:08:48.160667
208.0,-427.0,899.0,14:08:48.170074
-22.0,-366.0,969.0,14:08:48.180497
-34.0,-346.0,838.0,14:08:48.190049
37.0,-309.0,864.0,14:08:48.200491
-22.0,-359.0,840.0,14:08:48.209807
81.0,-457.0,1004.0,14:08:48.220256
3.0,-442.0,1131.0,14:08:48.229596
-144.0,-614.0,853.0,14:08:48.239030
146.0,-654.0,792.0,14:08:48.249587
45.0,-502.0,981.0,14:08:48.259004
84.0,-560.0,1011.0,14:08:48.269425
61.0,-534.0,783.0,14:08:48.278768
110.0,-598.0,796.0,14:08:48.289190
-7.0,-502.0,750.0,14:08:48.298534
-43.0,-556.0,865.0,14:08:48.309025
83.0,-458.0,769.0,14:08:48.318315
-22.0,-569.0,746.0,14:08:48.328764
-43.0,-424.0,927.0,14:08:48.338106
103.0,-522.0,1134.0,14:08:48.348533
-146.0,-497.0,732.0,14:08:48.357823
105.0,-581.0,774.0,14:08:48.367196
-64.0,-632.0,1037.0,14:08:48.377594
158.0,-642.0,958.0,14:08:48.387064
162.0,-412.0,1025.0,14:08:48.397454
11.0,-459.0,1033.0,14:08:48.406922
-24.0,-542.0,1058.0,14:08:48.417365
16.0,-593.0,886.0,14:08:48.426622
63.0,-487.0,1011.0,14:08:48.446185
-149.0,-609.0,1136.0,14:08:48.456614
37.0,-618.0,883.0,14:08:48.465923
11.0,-400.0,475.0,14:08:48.476441
-1.0,-458.0,905.0,14:08:48.485717
-51.0,-362.0,1108.0,14:08:48.496129
-109.0,-418.0,923.0,14:08:48.505539
21.0,-464.0,759.0,14:08:48.515945
-38.0,-540.0,1006.0,14:08:48.525247
130.0,-394.0,940.0,14:08:48.536966
143.0,-459.0,991.0,14:08:48.545315
15.0,-514.0,988.0,14:08:48.554719
115.0,-636.0,885.0,14:08:48.565033
94.0,-529.0,781.0,14:08:48.574327
13.0,-658.0,930.0,14:08:48.584832
165.0,-634.0,810.0,14:08:48.594131
-81.0,-655.0,800.0,14:08:48.604622
-33.0,-536.0,757.0,14:08:48.613907
-64.0,-527.0,929.0,14:08:48.624487
-27.0,-574.0,1004.0,14:08:48.633737
68.0,-591.0,881.0,14:08:48.644359
185.0,-614.0,945.0,14:08:48.653615
-3.0,-483.0,968.0,14:08:48.662984
42.0,-532.0,959.0,14:08:48.673471
44.0,-446.0,919.0,14:08:48.692943
-52.0,-455.0,740.0,14:08:48.702506
86.0,-343.0,1037.0,14:08:48.712929
-130.0,-341.0,1023.0,14:08:48.722283
56.0,-380.0,958.0,14:08:48.732792
-68.0,-484.0,1155.0,14:08:48.742093
41.0,-598.0,941.0,14:08:48.752542
86.0,-616.0,850.0,14:08:48.761863
42.0,-567.0,1019.0,14:08:48.772491
-61.0,-502.0,1126.0,14:08:48.781804
102.0,-428.0,787.0,14:08:48.791285
-111.0,-479.0,744.0,14:08:48.801666
43.0,-333.0,985.0,14:08:48.811040
-48.0,-566.0,965.0,14:08:48.821406
47.0,-487.0,632.0,14:08:48.830761
115.0,-459.0,1008.0,14:08:48.841261
-5.0,-583.0,1169.0,14:08:48.850589
256.0,-521.0,737.0,14:08:48.861010
-57.0,-443.0,743.0,14:08:48.870363
164.0,-481.0,1160.0,14:08:48.880886
157.0,-502.0,910.0,14:08:48.890253
-20.0,-507.0,730.0,14:08:48.900780
-4.0,-468.0,957.0,14:08:48.910094
-167.0,-567.0,1040.0,14:08:48.919514
81.0,-538.0,683.0,14:08:48.929912
17.0,-493.0,758.0,14:08:48.939222
-161.0,-610.0,1123.0,14:08:48.949679
166.0,-590.0,909.0,14:08:48.959113
-170.0,-565.0,864.0,14:08:48.969469
55.0,-649.0,883.0,14:08:48.978782
25.0,-556.0,900.0,14:08:48.989254
-4.0,-517.0,1163.0,14:08:48.998594
52.0,-474.0,1047.0,14:08:49.009073
-211.0,-565.0,784.0,14:08:49.018290
76.0,-476.0,744.0,14:08:49.028795
-51.0,-557.0,895.0,14:08:49.038056
92.0,-547.0,900.0,14:08:49.057544
-38.0,-450.0,757.0,14:08:49.068252
-21.0,-405.0,907.0,14:08:49.077538
-52.0,-641.0,881.0,14:08:49.087109
24.0,-554.0,972.0,14:08:49.097604
-66.0,-504.0,843.0,14:08:49.117328
-35.0,-550.0,962.0,14:08:49.126611
-26.0,-662.0,837.0,14:08:49.137092
-65.0,-535.0,831.0,14:08:49.146439
8.0,-479.0,905.0,14:08:49.157034
-13.0,-544.0,822.0,14:08:49.166260
-54.0,-580.0,1006.0,14:08:49.175807
-176.0,-424.0,707.0,14:08:49.186194
11.0,-534.0,718.0,14:08:49.195574
-94.0,-686.0,1392.0,14:08:49.205970
44.0,-672.0,1029.0,14:08:49.215337
167.0,-476.0,435.0,14:08:49.225814
102.0,-542.0,921.0,14:08:49.235064
57.0,-743.0,1262.0,14:08:49.245553
28.0,-477.0,753.0,14:08:49.254858
33.0,-516.0,834.0,14:08:49.265308
28.0,-503.0,955.0,14:08:49.274644
-83.0,-399.0,734.0,14:08:49.285132
197.0,-467.0,769.0,14:08:49.294381
74.0,-514.0,1188.0,14:08:49.304889
11.0,-557.0,928.0,14:08:49.314148
55.0,-490.0,819.0,14:08:49.324687
61.0,-519.0,935.0,14:08:49.338375
163.0,-564.0,803.0,14:08:49.343854
55.0,-448.0,927.0,14:08:49.354266
-142.0,-386.0,1009.0,14:08:49.363703
60.0,-332.0,736.0,14:08:49.373083
-85.0,-440.0,918.0,14:08:49.383548
73.0,-441.0,1126.0,14:08:49.392865
-213.0,-402.0,1017.0,14:08:49.403283
121.0,-558.0,1032.0,14:08:49.412582
65.0,-634.0,1202.0,14:08:49.423054
77.0,-653.0,721.0,14:08:49.432400
226.0,-520.0,749.0,14:08:49.443047
-44.0,-589.0,1185.0,14:08:49.452417
4.0,-531.0,850.0,14:08:49.461711
-43.0,-368.0,713.0,14:08:49.472208
-26.0,-484.0,748.0,14:08:49.481554
71.0,-427.0,937.0,14:08:49.492005
169.0,-433.0,991.0,14:08:49.501298
-112.0,-474.0,1075.0,14:08:49.512364
62.0,-523.0,882.0,14:08:49.521778
169.0,-643.0,890.0,14:08:49.531108
56.0,-528.0,806.0,14:08:49.541597
82.0,-564.0,1071.0,14:08:49.550902
-163.0,-422.0,946.0,14:08:49.561351
159.0,-446.0,740.0,14:08:49.570687
-112.0,-686.0,971.0,14:08:49.580099
297.0,-569.0,1145.0,14:08:49.590721
34.0,-341.0,773.0,14:08:49.600166
-37.0,-555.0,990.0,14:08:49.610626
73.0,-541.0,1194.0,14:08:49.620055
2.0,-525.0,808.0,14:08:49.629448
