-69.0,-574.0,904.0,14:09:14.583882
-123.0,-546.0,1055.0,14:09:14.589861
-104.0,-577.0,876.0,14:09:14.600408
35.0,-540.0,843.0,14:09:14.609743
95.0,-619.0,894.0,14:09:14.619050
-18.0,-608.0,875.0,14:09:14.629539
-109.0,-464.0,986.0,14:09:14.638982
-45.0,-580.0,784.0,14:09:14.658443
-29.0,-506.0,959.0,14:09:14.667935
-32.0,-494.0,854.0,14:09:14.678342
50.0,-565.0,946.0,14:09:14.687711
-17.0,-492.0,986.0,14:09:14.698148
-58.0,-499.0,977.0,14:09:14.707443
17.0,-438.0,1013.0,14:09:14.717955
-75.0,-516.0,830.0,14:09:14.727183
-23.0,-460.0,842.0,14:09:14.737761
-6.0,-428.0,1038.0,14:09:14.747102
1.0,-563.0,838.0,14:09:14.757602
112.0,-399.0,816.0,14:09:14.766988
131.0,-427.0,931.0,14:09:14.777408
22.0,-377.0,932.0,14:09:14.786741
55.0,-472.0,843.0,14:09:14.797125
52.0,-457.0,789.0,14:09:14.806512
188.0,-423.0,916.0,14:09:14.815823
142.0,-406.0,1010.0,14:09:14.826250
119.0,-401.0,762.0,14:09:14.835620
124.0,-465.0,692.0,14:09:14.846014
64.0,-372.0,1008.0,14:09:14.855379
110.0,-440.0,1226.0,14:09:14.865842
57.0,-588.0,974.0,14:09:14.875205
144.0,-694.0,930.0,14:09:14.885688
35.0,-644.0,974.0,14:09:14.894919
3.0,-572.0,1067.0,14:09:14.905379
61.0,-713.0,1043.0,14:09:14.914647
56.0,-608.0,921.0,14:09:14.925171
-28.0,-468.0,781.0,14:09:14.934429
-64.0,-517.0,1015.0,14:09:14.944962
-17.0,-596.0,1016.0,14:09:14.954226
-48.0,-489.0,840.0,14:09:14.964671
103.0,-541.0,894.0,14:09:14.974040
93.0,-492.0,903.0,14:09:14.983483
-81.0,-353.0,810.0,14:09:15.002018
183.0,-431.0,669.0,14:09:15.004781
75.0,-434.0,798.0,14:09:15.014025
24.0,-328.0,1003.0,14:09:15.023408
-70.0,-354.0,1123.0,14:09:15.033811
80.0,-423.0,878.0,14:09:15.043067
30.0,-418.0,879.0,14:09:15.052566
23.0,-559.0,985.0,14:09:15.062918
63.0,-607.0,972.0,14:09:15.072230
130.0,-615.0,995.0,14:09:15.082665
22.0,-488.0,812.0,14:09:15.092049
-43.0,-487.0,899.0,14:09:15.102507
105.0,-568.0,958.0,14:09:15.111791
-91.0,-452.0,747.0,14:09:15.122443
-60.0,-492.0,991.0,14:09:15.131708
-75.0,-525.0,1031.0,14:09:15.142229
-64.0,-435.0,950.0,14:09:15.151605
60.0,-564.0,1102.0,14:09:15.160990
30.0,-503.0,857.0,14:09:15.171406
128.0,-570.0,951.0,14:09:15.180714
-19.0,-603.0,1101.0,14:09:15.191244
236.0,-512.0,926.0,14:09:15.200525
144.0,-428.0,772.0,14:09:15.211041
8.0,-298.0,626.0,14:09:15.220266
-53.0,-426.0,959.0,14:09:15.230800
5.0,-543.0,973.0,14:09:15.240216
28.0,-354.0,624.0,14:09:15.250555
-85.0,-372.0,879.0,14:09:15.259863
-25.0,-595.0,1193.0,14:09:15.270280
140.0,-462.0,637.0,14:09:15.279559
-14.0,-585.0,904.0,14:09:15.290077
207.0,-448.0,941.0,14:09:15.299442
20.0,-394.0,1117.0,14:09:15.309872
127.0,-413.0,960.0,14:09:15.319155
-24.0,-499.0,773.0,14:09:15.329601
67.0,-616.0,1161.0,14:09:15.338952
28.0,-449.0,1063.0,14:09:15.349387
18.0,-486.0,837.0,14:09:15.358661
133.0,-496.0,876.0,14:09:15.368049
243.0,-467.0,1043.0,14:09:15.378458
108.0,-473.0,1012.0,14:09:15.387838
155.0,-502.0,933.0,14:09:15.398257
116.0,-451.0,940.0,14:09:15.407564
48.0,-359.0,991.0,14:09:15.418138
-8.0,-610.0,1071.0,14:09:15.427356
-43.0,-588.0,881.0,14:09:15.438045
11.0,-518.0,823.0,14:09:15.447295
57.0,-727.0,1079.0,14:09:15.457877
86.0,-505.0,882.0,14:09:15.467267
76.0,-460.0,694.0,14:09:15.476582
-40.0,-402.0,791.0,14:09:15.487071
-81.0,-472.0,1100.0,14:09:15.496402
-43.0,-513.0,872.0,14:09:15.507008
149.0,-542.0,577.0,14:09:15.516267
-74.0,-548.0,1000.0,14:09:15.526773
34.0,-479.0,808.0,14:09:15.536045
27.0,-578.0,863.0,14:09:15.546510
2.0,-475.0,989.0,14:09:15.555834
134.0,-410.0,1011.0,14:09:15.566249
-86.0,-406.0,803.0,14:09:15.575602
72.0,-503.0,947.0,14:09:15.585950
-57.0,-375.0,1224.0,14:09:15.595283
-24.0,-575.0,1000.0,14:09:15.605777
125.0,-420.0,783.0,14:09:15.615117
-69.0,-510.0,1138.0,14:09:15.625513
180.0,-602.0,965.0,14:09:15.634823
131.0,-531.0,685.0,14:09:15.644148
50.0,-476.0,901.0,14:09:15.654637
-18.0,-520.0,1028.0,14:09:15.663939
34.0,-471.0,810.0,14:09:15.674321
-19.0,-359.0,857.0,14:09:15.683713
-51.0,-537.0,1123.0,14:09:15.694151
153.0,-519.0,728.0,14:09:15.703506
-74.0,-533.0,1033.0,14:09:15.714004
28.0,-514.0,850.0,14:09:15.723268
78.0,-490.0,603.0,14:09:15.733667
-79.0,-471.0,936.0,14:09:15.742934
-34.0,-541.0,1092.0,14:09:15.753552
-44.0,-577.0,813.0,14:09:15.762760
27.0,-402.0,949.0,14:09:15.773182
-33.0,-492.0,1122.0,14:09:15.782561
133.0,-615.0,851.0,14:09:15.792969
72.0,-638.0,980.0,14:09:15.805838
119.0,-549.0,945.0,14:09:15.811846
-67.0,-529.0,928.0,14:09:15.822373
85.0,-618.0,980.0,14:09:15.831792
-26.0,-577.0,815.0,14:09:15.842172
-75.0,-452.0,846.0,14:09:15.851524
75.0,-370.0,845.0,14:09:15.861979
-27.0,-473.0,938.0,14:09:15.881487
57.0,-322.0,832.0,14:09:15.901086
-5.0,-267.0,823.0,14:09:15.910498
-150.0,-458.0,1180.0,14:09:15.920936
160.0,-475.0,886.0,14:09:15.930318
-79.0,-503.0,936.0,14:09:15.940756
177.0,-570.0,801.0,14:09:15.950131
-8.0,-611.0,1186.0,14:09:15.960512
18.0,-717.0,1279.0,14:09:15.969943
33.0,-633.0,689.0,14:09:15.980371
67.0,-591.0,495.0,14:09:15.989699
-30.0,-524.0,1030.0,14:09:16.000154
0.0,-584.0,1301.0,14:09:16.009514
-33.0,-559.0,665.0,14:09:16.019898
124.0,-402.0,487.0,14:09:16.029161
-16.0,-384.0,1013.0,14:09:16.039679
125.0,-369.0,1152.0,14:09:16.049036
-64.0,-465.0,940.0,14:09:16.058382
43.0,-335.0,661.0,14:09:16.068837
5.0,-412.0,1076.0,14:09:16.078172
13.0,-533.0,1171.0,14:09:16.088546
11.0,-489.0,899.0,14:09:16.097878
54.0,-603.0,1137.0,14:09:16.108352
101.0,-670.0,883.0,14:09:16.117575
47.0,-394.0,683.0,14:09:16.128100
-38.0,-470.0,1231.0,14:09:16.137393
-33.0,-467.0,881.0,14:09:16.147950
135.0,-560.0,581.0,14:09:16.157186
6.0,-544.0,915.0,14:09:16.167561
75.0,-419.0,1165.0,14:09:16.176922
101.0,-585.0,1180.0,14:09:16.187344
17.0,-518.0,658.0,14:09:16.203389
112.0,-484.0,739.0,14:09:16.208222
-29.0,-420.0,1103.0,14:09:16.216290
115.0,-418.0,954.0,14:09:16.226872
-4.0,-478.0,679.0,14:09:16.236227
0.0,-442.0,913.0,14:09:16.246654
48.0,-355.0,1027.0,14:09:16.256018
-62.0,-365.0,758.0,14:09:16.266408
43.0,-440.0,868.0,14:09:16.275835
8.0,-567.0,1189.0,14:09:16.286218
71.0,-600.0,963.0,14:09:16.295626
208.0,-569.0,815.0,14:09:16.304938
76.0,-512.0,904.0,14:09:16.315586
50.0,-588.0,935.0,14:09:16.324808
-10.0,-783.0,949.0,14:09:16.335368
14.0,-582.0,880.0,14:09:16.344724
12.0,-298.0,789.0,14:09:16.355106
-66.0,-318.0,663.0,14:09:16.364509
50.0,-520.0,921.0,14:09:16.374944
89.0,-495.0,1085.0,14:09:16.384258
-4.0,-506.0,878.0,14:09:16.393642
13.0,-373.0,850.0,14:09:16.404194
70.0,-510.0,1041.0,14:09:16.413523
65.0,-608.0,1201.0,14:09:16.423926
-41.0,-386.0,723.0,14:09:16.433246
-66.0,-308.0,760.0,14:09:16.443678
-8.0,-588.0,1346.0,14:09:16.453026
-22.0,-678.0,1060.0,14:09:16.463548
30.0,-553.0,822.0,14:09:16.472943
-11.0,-637.0,1055.0,14:09:16.483377
26.0,-594.0,955.0,14:09:16.492713
98.0,-645.0,1026.0,14:09:16.503096
39.0,-513.0,1000.0,14:09:16.512487
202.0,-519.0,678.0,14:09:16.522872
21.0,-333.0,749.0,14:09:16.532178
-47.0,-332.0,1026.0,14:09:16.542581
-1.0,-502.0,931.0,14:09:16.551881
90.0,-428.0,667.0,14:09:16.561293
-79.0,-383.0,948.0,14:09:16.571649
-6.0,-334.0,973.0,14:09:16.580973
23.0,-500.0,797.0,14:09:16.591373
53.0,-419.0,722.0,14:09:16.600721
19.0,-420.0,1163.0,14:09:16.611226
-25.0,-546.0,1101.0,14:09:16.620532
49.0,-641.0,847.0,14:09:16.630963
59.0,-617.0,1019.0,14:09:16.640216
8.0,-506.0,981.0,14:09:16.650641
51.0,-534.0,855.0,14:09:16.660053
-3.0,-462.0,654.0,14:09:16.670467
29.0,-507.0,1011.0,14:09:16.679793
14.0,-433.0,979.0,14:09:16.690266
55.0,-522.0,961.0,14:09:16.699536
71.0,-523.0,881.0,14:09:16.710087
4.0,-305.0,942.0,14:09:16.719386
151.0,-460.0,1018.0,14:09:16.729776
180.0,-395.0,759.0,14:09:16.739130
12.0,-539.0,1133.0,14:09:16.749547
61.0,-470.0,931.0,14:09:16.758969
-20.0,-266.0,832.0,14:09:16.769328
-69.0,-510.0,998.0,14:09:16.778697
103.0,-620.0,837.0,14:09:16.789144
107.0,-586.0,943.0,14:09:16.798413
-44.0,-459.0,920.0,14:09:16.808947
3.0,-408.0,1011.0,14:09:16.818173
16.0,-582.0,794.0,14:09:16.827498
123.0,-591.0,666.0,14:09:16.838187
146.0,-485.0,1016.0,14:09:16.847478
46.0,-525.0,1038.0,14:09:16.858085
52.0,-395.0,696.0,14:09:16.867430
65.0,-431.0,1041.0,14:09:16.877916
-18.0,-389.0,1007.0,14:09:16.887234
73.0,-561.0,922.0,14:09:16.896648
-19.0,-563.0,1056.0,14:09:16.906988
38.0,-531.0,941.0,14:09:16.916405
15.0,-408.0,962.0,14:09:16.926838
-5.0,-390.0,979.0,14:09:16.936224
167.0,-520.0,976.0,14:09:16.946607
64.0,-424.0,906.0,14:09:16.955991
8.0,-489.0,988.0,14:09:16.966456
44.0,-452.0,1106.0,14:09:16.975834
-35.0,-495.0,996.0,14:09:16.986254
5.0,-423.0,859.0,14:09:16.995538
58.0,-551.0,918.0,14:09:17.006296
-52.0,-505.0,1032.0,14:09:17.015902
111.0,-583.0,918.0,14:09:17.025227
42.0,-479.0,819.0,14:09:17.034621
83.0,-518.0,705.0,14:09:17.045076
102.0,-439.0,741.0,14:09:17.054369
72.0,-477.0,868.0,14:09:17.064764
38.0,-439.0,772.0,14:09:17.074098
15.0,-430.0,971.0,14:09:17.084632
6.0,-483.0,997.0,14:09:17.093851
-6.0,-454.0,814.0,14:09:17.104332
20.0,-556.0,1014.0,14:09:17.113774
107.0,-544.0,1087.0,14:09:17.124193
39.0,-605.0,1026.0,14:09:17.133549
113.0,-588.0,786.0,14:09:17.143918
-24.0,-560.0,931.0,14:09:17.153279
-9.0,-632.0,1170.0,14:09:17.163694
28.0,-646.0,992.0,14:09:17.173022
134.0,-506.0,708.0,14:09:17.183508
23.0,-427.0,848.0,14:09:17.192881
24.0,-477.0,1179.0,14:09:17.203231
11.0,-468.0,927.0,14:09:17.212489
-32.0,-456.0,729.0,14:09:17.223067
-3.0,-358.0,870.0,14:09:17.232405
-47.0,-330.0,1019.0,14:09:17.241736
-8.0,-463.0,846.0,14:09:17.252139
-12.0,-477.0,848.0,14:09:17.261528
-13.0,-529.0,1026.0,14:09:17.271941
16.0,-486.0,851.0,14:09:17.281402
29.0,-489.0,906.0,14:09:17.291833
18.0,-560.0,819.0,14:09:17.301287
56.0,-549.0,843.0,14:09:17.311763
88.0,-612.0,855.0,14:09:17.321089
44.0,-599.0,825.0,14:09:17.330543
17.0,-522.0,806.0,14:09:17.340893
25.0,-478.0,995.0,14:09:17.350210
-64.0,-484.0,899.0,14:09:17.360656
11.0,-410.0,860.0,14:09:17.370175
-31.0,-485.0,1036.0,14:09:17.380546
-54.0,-395.0,910.0,14:09:17.389837
-52.0,-540.0,1041.0,14:09:17.407038
-8.0,-504.0,990.0,14:09:17.410237
-12.0,-567.0,925.0,14:09:17.419523
68.0,-474.0,980.0,14:09:17.430126
-7.0,-500.0,978.0,14:09:17.439355
25.0,-479.0,957.0,14:09:17.448753
79.0,-458.0,962.0,14:09:17.459194
-65.0,-452.0,1060.0,14:09:17.468535
48.0,-578.0,920.0,14:09:17.479018
-55.0,-539.0,981.0,14:09:17.488357
-5.0,-489.0,876.0,14:09:17.498742
-35.0,-536.0,926.0,14:09:17.508039
33.0,-573.0,873.0,14:09:17.518633
83.0,-586.0,748.0,14:09:17.527924
14.0,-541.0,813.0,14:09:17.538385
-31.0,-575.0,965.0,14:09:17.547614
50.0,-552.0,821.0,14:09:17.558173
-69.0,-521.0,794.0,14:09:17.567403
-36.0,-515.0,941.0,14:09:17.577918
-25.0,-509.0,973.0,14:09:17.587226
-65.0,-522.0,869.0,14:09:17.597747
-4.0,-451.0,977.0,14:09:17.607110
-58.0,-374.0,861.0,14:09:17.616432
19.0,-444.0,898.0,14:09:17.627066
-33.0,-417.0,1016.0,14:09:17.636309
11.0,-475.0,982.0,14:09:17.646756
-47.0,-528.0,981.0,14:09:17.656096
-5.0,-604.0,1000.0,14:09:17.666590
88.0,-515.0,970.0,14:09:17.675857
35.0,-566.0,964.0,14:09:17.686307
-27.0,-571.0,941.0,14:09:17.695639
42.0,-510.0,893.0,14:09:17.706063
-52.0,-435.0,905.0,14:09:17.715446
84.0,-495.0,932.0,14:09:17.725841
1.0,-451.0,789.0,14:09:17.735226
14.0,-454.0,914.0,14:09:17.744663
16.0,-434.0,907.0,14:09:17.755076
50.0,-424.0,770.0,14:09:17.764493
94.0,-462.0,845.0,14:09:17.775013
-17.0,-531.0,1069.0,14:09:17.784299
152.0,-560.0,874.0,14:09:17.794789
-113.0,-441.0,818.0,14:09:17.804248
3.0,-580.0,1005.0,14:09:17.814666
94.0,-644.0,929.0,14:09:17.824063
26.0,-521.0,829.0,14:09:17.833488
-4.0,-556.0,1013.0,14:09:17.843952
-36.0,-602.0,1054.0,14:09:17.853244
67.0,-531.0,880.0,14:09:17.863614
-12.0,-524.0,862.0,14:09:17.872994
80.0,-555.0,972.0,14:09:17.883462
75.0,-464.0,929.0,14:09:17.892786
25.0,-437.0,970.0,14:09:17.903208
41.0,-458.0,923.0,14:09:17.912541
64.0,-469.0,950.0,14:09:17.922925
66.0,-464.0,915.0,14:09:17.932305
49.0,-428.0,971.0,14:09:17.942772
-63.0,-453.0,984.0,14:09:17.952030
96.0,-394.0,832.0,14:09:17.962511
53.0,-470.0,971.0,14:09:17.971747
-41.0,-542.0,1058.0,14:09:17.982335
114.0,-543.0,898.0,14:09:17.991397
-37.0,-513.0,1021.0,14:09:18.002112
2.0,-565.0,930.0,14:09:18.011527
169.0,-667.0,800.0,14:09:18.021029
1.0,-600.0,924.0,14:09:18.031555
-5.0,-543.0,919.0,14:09:18.041196
50.0,-552.0,721.0,14:09:18.050478
12.0,-455.0,804.0,14:09:18.060315
-79.0,-503.0,978.0,14:09:18.070674
-39.0,-465.0,911.0,14:09:18.080028
-38.0,-517.0,871.0,14:09:18.090557
-135.0,-458.0,1041.0,14:09:18.099818
-14.0,-532.0,860.0,14:09:18.110281
34.0,-493.0,742.0,14:09:18.119534
-16.0,-590.0,1121.0,14:09:18.139104
30.0,-520.0,699.0,14:09:18.149670
88.0,-507.0,843.0,14:09:18.159076
79.0,-581.0,1022.0,14:09:18.178632
-14.0,-418.0,853.0,14:09:18.189104
54.0,-547.0,843.0,14:09:18.198483
87.0,-462.0,900.0,14:09:18.208847
1.0,-388.0,895.0,14:09:18.218748
135.0,-407.0,833.0,14:09:18.228159
-29.0,-446.0,845.0,14:09:18.238654
-44.0,-428.0,916.0,14:09:18.248014
-11.0,-382.0,974.0,14:09:18.258528
-24.0,-406.0,970.0,14:09:18.267899
-40.0,-438.0,967.0,14:09:18.277383
13.0,-535.0,945.0,14:09:18.287892
-54.0,-419.0,853.0,14:09:18.297196
51.0,-574.0,989.0,14:09:18.307620
0.0,-600.0,1063.0,14:09:18.317089
86.0,-506.0,949.0,14:09:18.326467
11.0,-508.0,884.0,14:09:18.336969
76.0,-526.0,998.0,14:09:18.346320
111.0,-493.0,919.0,14:09:18.356736
45.0,-399.0,934.0,14:09:18.366108
71.0,-488.0,1095.0,14:09:18.376490
95.0,-402.0,909.0,14:09:18.385949
82.0,-344.0,855.0,14:09:18.396337
152.0,-418.0,986.0,14:09:18.405718
90.0,-488.0,948.0,14:09:18.416193
100.0,-492.0,979.0,14:09:18.425453
117.0,-544.0,1055.0,14:09:18.435941
39.0,-453.0,799.0,14:09:18.445232
88.0,-451.0,818.0,14:09:18.454659
34.0,-546.0,1004.0,14:09:18.465045
100.0,-513.0,924.0,14:09:18.474331
34.0,-472.0,769.0,14:09:18.484775
-8.0,-485.0,864.0,14:09:18.494060
69.0,-412.0,872.0,14:09:18.504521
37.0,-358.0,841.0,14:09:18.513788
111.0,-452.0,984.0,14:09:18.524323
25.0,-400.0,989.0,14:09:18.533576
55.0,-465.0,1016.0,14:09:18.544103
101.0,-436.0,997.0,14:09:18.553303
2.0,-531.0,1027.0,14:09:18.563822
168.0,-572.0,1004.0,14:09:18.573086
114.0,-553.0,904.0,14:09:18.583548
35.0,-503.0,1089.0,14:09:18.592921
186.0,-626.0,1021.0,14:09:18.610428
125.0,-405.0,623.0,14:09:18.613211
101.0,-530.0,818.0,14:09:18.622486
99.0,-460.0,1074.0,14:09:18.632858
-36.0,-418.0,1067.0,14:09:18.642387
88.0,-329.0,720.0,14:09:18.652826
92.0,-445.0,875.0,14:09:18.662178
76.0,-556.0,1138.0,14:09:18.672685
8.0,-457.0,1012.0,14:09:18.681990
27.0,-421.0,907.0,14:09:18.691345
152.0,-500.0,823.0,14:09:18.701787
122.0,-414.0,734.0,14:09:18.711394
53.0,-440.0,990.0,14:09:18.721920
57.0,-555.0,955.0,14:09:18.731319
0.0,-486.0,768.0,14:09:18.740683
53.0,-570.0,929.0,14:09:18.751208
133.0,-400.0,841.0,14:09:18.760500
-4.0,-412.0,990.0,14:09:18.770895
179.0,-513.0,974.0,14:09:18.780264
79.0,-508.0,1027.0,14:09:18.790672
135.0,-398.0,796.0,14:09:18.800176
21.0,-485.0,1118.0,14:09:18.810590
32.0,-582.0,1041.0,14:09:18.819939
174.0,-510.0,844.0,14:09:18.830291
-1.0,-400.0,923.0,14:09:18.839618
-10.0,-560.0,1091.0,14:09:18.850161
218.0,-503.0,839.0,14:09:18.859508
-29.0,-504.0,1054.0,14:09:18.868944
64.0,-454.0,884.0,14:09:18.879398
117.0,-373.0,715.0,14:09:18.888932
70.0,-433.0,814.0,14:09:18.899312
7.0,-480.0,1063.0,14:09:18.908610
106.0,-602.0,1083.0,14:09:18.919061
162.0,-583.0,737.0,14:09:18.928449
27.0,-382.0,717.0,14:09:18.938910
20.0,-476.0,1045.0,14:09:18.948166
112.0,-586.0,901.0,14:09:18.958678
35.0,-643.0,803.0,14:09:18.967967
41.0,-531.0,734.0,14:09:18.977267
-103.0,-474.0,1031.0,14:09:18.987614
6.0,-645.0,900.0,14:09:18.997041
43.0,-547.0,537.0,14:09:19.007434
-15.0,-479.0,597.0,14:09:19.017879
-140.0,-387.0,1020.0,14:09:19.027267
-55.0,-492.0,1067.0,14:09:19.036593
-130.0,-364.0,769.0,14:09:19.047014
-13.0,-369.0,760.0,14:09:19.056316
28.0,-442.0,1093.0,14:09:19.066894
-7.0,-445.0,1106.0,14:09:19.076115
-104.0,-412.0,872.0,14:09:19.086580
138.0,-509.0,971.0,14:09:19.095842
-2.0,-623.0,1256.0,14:09:19.106277
57.0,-509.0,942.0,14:09:19.115544
60.0,-488.0,883.0,14:09:19.125934
10.0,-466.0,989.0,14:09:19.135291
55.0,-515.0,1029.0,14:09:19.145757
112.0,-630.0,954.0,14:09:19.155049
144.0,-476.0,816.0,14:09:19.165428
43.0,-437.0,850.0,14:09:19.174812
141.0,-334.0,796.0,14:09:19.185337
-47.0,-433.0,987.0,14:09:19.194919
28.0,-451.0,998.0,14:09:19.204310
176.0,-435.0,841.0,14:09:19.214720
129.0,-384.0,611.0,14:09:19.224151
122.0,-440.0,911.0,14:09:19.234626
26.0,-616.0,1160.0,14:09:19.244034
58.0,-454.0,811.0,14:09:19.254383
91.0,-436.0,664.0,14:09:19.263707
70.0,-440.0,784.0,14:09:19.274142
-20.0,-458.0,865.0,14:09:19.283578
-51.0,-495.0,1115.0,14:09:19.292852
28.0,-465.0,868.0,14:09:19.313663
53.0,-590.0,1149.0,14:09:19.322948
50.0,-530.0,968.0,14:09:19.332364
-34.0,-380.0,804.0,14:09:19.342839
-69.0,-510.0,1048.0,14:09:19.352184
9.0,-389.0,958.0,14:09:19.362576
76.0,-451.0,1019.0,14:09:19.371882
111.0,-579.0,916.0,14:09:19.382480
37.0,-576.0,833.0,14:09:19.391746
22.0,-589.0,1006.0,14:09:19.402229
44.0,-491.0,977.0,14:09:19.412539
-7.0,-431.0,768.0,14:09:19.421840
46.0,-513.0,681.0,14:09:19.431343
-10.0,-439.0,881.0,14:09:19.441733
-21.0,-361.0,872.0,14:09:19.451038
-150.0,-333.0,776.0,14:09:19.461452
-17.0,-350.0,698.0,14:09:19.470797
74.0,-396.0,873.0,14:09:19.481311
111.0,-426.0,935.0,14:09:19.490578
4.0,-475.0,1046.0,14:09:19.501052
61.0,-565.0,1015.0,14:09:19.510232
160.0,-521.0,825.0,14:09:19.520768
141.0,-645.0,1001.0,14:09:19.530111
-5.0,-595.0,1120.0,14:09:19.539603
109.0,-573.0,902.0,14:09:19.550129
56.0,-520.0,844.0,14:09:19.559414
140.0,-673.0,1200.0,14:09:19.569949
136.0,-579.0,873.0,14:09:19.579208
48.0,-558.0,953.0,14:09:19.589692
88.0,-532.0,849.0,14:09:19.599147
43.0,-521.0,1094.0,14:09:19.608488
-171.0,-427.0,1075.0,14:09:19.619048
-53.0,-441.0,820.0,14:09:19.628376
87.0,-398.0,816.0,14:09:19.638946
-80.0,-461.0,1145.0,14:09:19.648257
30.0,-503.0,907.0,14:09:19.658747
104.0,-504.0,1455.0,14:09:19.668006
96.0,-898.0,1956.0,14:09:19.677473
286.0,-745.0,959.0,14:09:19.687958
272.0,-517.0,897.0,14:09:19.697320
97.0,-543.0,1295.0,14:09:19.707818
278.0,-645.0,1343.0,14:09:19.717129
98.0,-1104.0,1491.0,14:09:19.727524
-27.0,-1267.0,1789.0,14:09:19.736855
-177.0,-925.0,1451.0,14:09:19.747321
-63.0,-543.0,1000.0,14:09:19.756595
5.0,-618.0,1180.0,14:09:19.767078
106.0,-809.0,1275.0,14:09:19.786621
55.0,-832.0,1463.0,14:09:19.796037
126.0,-820.0,1198.0,14:09:19.814106
305.0,-723.0,1010.0,14:09:19.817920
146.0,-632.0,647.0,14:09:19.826245
182.0,-486.0,327.0,14:09:19.835545
156.0,-229.0,493.0,14:09:19.845996
81.0,-79.0,271.0,14:09:19.855310
235.0,-86.0,493.0,14:09:19.865875
57.0,-82.0,560.0,14:09:19.875137
87.0,-29.0,638.0,14:09:19.884499
-47.0,4.0,728.0,14:09:19.894930
-151.0,-115.0,1090.0,14:09:19.905337
47.0,-170.0,726.0,14:09:19.914761
63.0,-293.0,625.0,14:09:19.924064
-6.0,-261.0,815.0,14:09:19.934501
-93.0,-147.0,753.0,14:09:19.943803
-39.0,-12.0,680.0,14:09:19.954242
-26.0,-262.0,1297.0,14:09:19.963581
29.0,-380.0,1394.0,14:09:19.974069
49.0,-228.0,1069.0,14:09:19.983309
9.0,-380.0,1356.0,14:09:19.993755
-29.0,-582.0,1714.0,14:09:20.003173
261.0,-962.0,1217.0,14:09:20.013536
298.0,-738.0,791.0,14:09:20.022916
-73.0,-127.0,728.0,14:09:20.033355
40.0,-264.0,873.0,14:09:20.042718
362.0,-1127.0,1077.0,14:09:20.053097
394.0,-1160.0,610.0,14:09:20.062454
162.0,-734.0,749.0,14:09:20.072971
325.0,-414.0,684.0,14:09:20.082308
413.0,-445.0,233.0,14:09:20.092708
221.0,-604.0,10.0,14:09:20.101944
365.0,-596.0,185.0,14:09:20.111443
196.0,-517.0,728.0,14:09:20.121933
14.0,-611.0,902.0,14:09:20.131262
75.0,-296.0,1028.0,14:09:20.141800
-6.0,-171.0,1389.0,14:09:20.151270
25.0,-54.0,1290.0,14:09:20.170781
-145.0,-2.0,1077.0,14:09:20.181337
-32.0,-153.0,933.0,14:09:20.190601
37.0,-370.0,838.0,14:09:20.201123
-149.0,-123.0,1050.0,14:09:20.210476
-235.0,383.0,1592.0,14:09:20.219830
-283.0,156.0,1531.0,14:09:20.230752
-121.0,-279.0,1196.0,14:09:20.240177
-243.0,-353.0,1420.0,14:09:20.249521
-212.0,-276.0,1308.0,14:09:20.259900
-177.0,-478.0,1035.0,14:09:20.269250
-66.0,-899.0,1137.0,14:09:20.279649
88.0,-985.0,931.0,14:09:20.289061
47.0,-910.0,863.0,14:09:20.299436
70.0,-922.0,924.0,14:09:20.308781
129.0,-838.0,593.0,14:09:20.319236
142.0,-811.0,347.0,14:09:20.328502
184.0,-855.0,552.0,14:09:20.339058
25.0,-812.0,721.0,14:09:20.348311
65.0,-614.0,622.0,14:09:20.358811
115.0,-628.0,630.0,14:09:20.368115
138.0,-682.0,612.0,14:09:20.378488
213.0,-598.0,625.0,14:09:20.387865
239.0,-615.0,730.0,14:09:20.398264
120.0,-437.0,775.0,14:09:20.407595
144.0,-599.0,926.0,14:09:20.418023
49.0,-477.0,749.0,14:09:20.427379
71.0,-436.0,679.0,14:09:20.437908
125.0,-596.0,945.0,14:09:20.447157
84.0,-456.0,921.0,14:09:20.457713
-9.0,-383.0,1060.0,14:09:20.467010
-6.0,-473.0,1134.0,14:09:20.476343
17.0,-445.0,1022.0,14:09:20.486842
-136.0,-532.0,1059.0,14:09:20.496195
-46.0,-381.0,1152.0,14:09:20.506694
-122.0,-284.0,1061.0,14:09:20.516070
-100.0,-631.0,951.0,14:09:20.535626
-172.0,-647.0,1252.0,14:09:20.546016
-190.0,-394.0,1226.0,14:09:20.565544
-80.0,-398.0,1007.0,14:09:20.575944
-39.0,-383.0,906.0,14:09:20.585352
11.0,-271.0,834.0,14:09:20.594753
-44.0,-277.0,959.0,14:09:20.605295
-91.0,-278.0,1012.0,14:09:20.615717
29.0,-451.0,966.0,14:09:20.625045
-35.0,-256.0,929.0,14:09:20.634394
-130.0,-326.0,982.0,14:09:20.644982
63.0,-411.0,835.0,14:09:20.654233
-43.0,-484.0,1029.0,14:09:20.663636
-14.0,-584.0,1411.0,14:09:20.674036
51.0,-645.0,1099.0,14:09:20.683489
-59.0,-506.0,654.0,14:09:20.693927
-101.0,-373.0,511.0,14:09:20.703181
-68.0,-239.0,680.0,14:09:20.713705
-102.0,-378.0,1002.0,14:09:20.722968
-110.0,-469.0,904.0,14:09:20.733516
-35.0,-510.0,802.0,14:09:20.742800
116.0,-502.0,766.0,14:09:20.753276
122.0,-407.0,684.0,14:09:20.762565
54.0,-300.0,702.0,14:09:20.772954
105.0,-248.0,642.0,14:09:20.782397
145.0,-315.0,545.0,14:09:20.792790
103.0,-381.0,610.0,14:09:20.802115
13.0,-434.0,737.0,14:09:20.812501
3.0,-456.0,741.0,14:09:20.821930
-38.0,-466.0,664.0,14:09:20.832367
-40.0,-514.0,648.0,14:09:20.841626
-20.0,-784.0,1177.0,14:09:20.850973
56.0,-859.0,1414.0,14:09:20.861393
67.0,-758.0,1182.0,14:09:20.870709
113.0,-632.0,945.0,14:09:20.881179
116.0,-533.0,913.0,14:09:20.890515
75.0,-350.0,946.0,14:09:20.900898
-2.0,-275.0,892.0,14:09:20.910235
-93.0,-273.0,787.0,14:09:20.920739
-81.0,-353.0,859.0,14:09:20.930203
6.0,-552.0,1141.0,14:09:20.940624
-25.0,-605.0,1270.0,14:09:20.949942
-120.0,-525.0,1247.0,14:09:20.960501
-30.0,-519.0,1124.0,14:09:20.969746
74.0,-496.0,1009.0,14:09:20.979163
24.0,-440.0,1075.0,14:09:20.989640
-6.0,-321.0,1044.0,14:09:20.999039
53.0,-313.0,980.0,14:09:21.016990
76.0,-368.0,964.0,14:09:21.020830
141.0,-405.0,928.0,14:09:21.028934
132.0,-361.0,936.0,14:09:21.039522
97.0,-384.0,958.0,14:09:21.048804
68.0,-436.0,924.0,14:09:21.058105
12.0,-473.0,875.0,14:09:21.068593
-45.0,-505.0,930.0,14:09:21.077946
-22.0,-561.0,968.0,14:09:21.088383
31.0,-596.0,959.0,14:09:21.097732
36.0,-626.0,923.0,14:09:21.108283
34.0,-591.0,855.0,14:09:21.117586
10.0,-504.0,776.0,14:09:21.127044
-21.0,-506.0,821.0,14:09:21.137444
-35.0,-468.0,890.0,14:09:21.146815
-54.0,-464.0,933.0,14:09:21.157253
-25.0,-438.0,942.0,14:09:21.166536
-109.0,-404.0,974.0,14:09:21.177151
-51.0,-440.0,917.0,14:09:21.186407
14.0,-493.0,911.0,14:09:21.196941
73.0,-535.0,927.0,14:09:21.206188
85.0,-553.0,971.0,14:09:21.216642
48.0,-522.0,993.0,14:09:21.225937
87.0,-515.0,937.0,14:09:21.236309
89.0,-518.0,831.0,14:09:21.245738
109.0,-500.0,733.0,14:09:21.256111
98.0,-536.0,838.0,14:09:21.265459
136.0,-559.0,985.0,14:09:21.276100
154.0,-560.0,989.0,14:09:21.285441
164.0,-530.0,830.0,14:09:21.294821
161.0,-488.0,793.0,14:09:21.314423
116.0,-468.0,905.0,14:09:21.324849
95.0,-417.0,962.0,14:09:21.334179
113.0,-455.0,881.0,14:09:21.344665
103.0,-459.0,782.0,14:09:21.353998
56.0,-439.0,890.0,14:09:21.364364
-33.0,-445.0,1039.0,14:09:21.373621
-75.0,-506.0,1012.0,14:09:21.384102
-23.0,-583.0,887.0,14:09:21.393491
-30.0,-630.0,866.0,14:09:21.404018
-39.0,-599.0,892.0,14:09:21.413266
-14.0,-565.0,869.0,14:09:21.423861
17.0,-583.0,803.0,14:09:21.433107
77.0,-615.0,751.0,14:09:21.443658
85.0,-612.0,770.0,14:09:21.453028
102.0,-613.0,855.0,14:09:21.462382
83.0,-651.0,937.0,14:09:21.472875
67.0,-699.0,913.0,14:09:21.482134
1.0,-683.0,837.0,14:09:21.492661
-23.0,-645.0,819.0,14:09:21.501963
-83.0,-596.0,893.0,14:09:21.512476
-117.0,-632.0,969.0,14:09:21.521916
-93.0,-653.0,1014.0,14:09:21.532490
-5.0,-655.0,1021.0,14:09:21.541795
-15.0,-575.0,992.0,14:09:21.551221
22.0,-515.0,945.0,14:09:21.561840
79.0,-479.0,909.0,14:09:21.571146
67.0,-463.0,878.0,14:09:21.581551
37.0,-456.0,883.0,14:09:21.590855
12.0,-440.0,887.0,14:09:21.601296
-36.0,-449.0,856.0,14:09:21.610621
-96.0,-476.0,869.0,14:09:21.621051
-110.0,-540.0,984.0,14:09:21.630449
-159.0,-551.0,1035.0,14:09:21.640840
-201.0,-480.0,1043.0,14:09:21.650258
-150.0,-450.0,1073.0,14:09:21.660694
-80.0,-482.0,1099.0,14:09:21.670076
-27.0,-495.0,1064.0,14:09:21.679410
-16.0,-439.0,974.0,14:09:21.689821
-44.0,-409.0,982.0,14:09:21.699148
-61.0,-402.0,989.0,14:09:21.709572
-14.0,-418.0,923.0,14:09:21.718997
-27.0,-424.0,812.0,14:09:21.729552
-66.0,-400.0,743.0,14:09:21.739006
-127.0,-392.0,733.0,14:09:21.749456
-96.0,-437.0,783.0,14:09:21.758760
-95.0,-470.0,850.0,14:09:21.768079
-57.0,-532.0,938.0,14:09:21.778562
20.0,-624.0,985.0,14:09:21.787922
46.0,-703.0,951.0,14:09:21.798317
16.0,-664.0,900.0,14:09:21.807769
-32.0,-620.0,845.0,14:09:21.818636
65.0,-615.0,839.0,14:09:21.828067
53.0,-666.0,842.0,14:09:21.837367
91.0,-657.0,848.0,14:09:21.847968
-1.0,-582.0,865.0,14:09:21.857230
-35.0,-556.0,822.0,14:09:21.867769
-10.0,-580.0,732.0,14:09:21.877025
1.0,-593.0,740.0,14:09:21.886450
-25.0,-588.0,881.0,14:09:21.896870
-38.0,-572.0,986.0,14:09:21.906130
-19.0,-621.0,968.0,14:09:21.916566
-23.0,-647.0,816.0,14:09:21.925935
-19.0,-580.0,687.0,14:09:21.936332
-59.0,-497.0,684.0,14:09:21.945742
-11.0,-468.0,706.0,14:09:21.956363
16.0,-572.0,808.0,14:09:21.965759
8.0,-644.0,858.0,14:09:21.976190
0.0,-689.0,998.0,14:09:21.985521
-4.0,-618.0,958.0,14:09:21.994918
-51.0,-554.0,817.0,14:09:22.005329
-131.0,-627.0,778.0,14:09:22.014726
-139.0,-671.0,715.0,14:09:22.025276
-172.0,-740.0,811.0,14:09:22.034630
-91.0,-743.0,802.0,14:09:22.045083
-17.0,-900.0,735.0,14:09:22.054377
17.0,-585.0,927.0,14:09:22.064834
-11.0,-424.0,1223.0,14:09:22.074116
12.0,-294.0,907.0,14:09:22.084594
-46.0,-371.0,446.0,14:09:22.093968
92.0,-610.0,579.0,14:09:22.104412
126.0,-681.0,1083.0,14:09:22.113745
-48.0,-558.0,1333.0,14:09:22.124128
-190.0,-458.0,1120.0,14:09:22.133609
-168.0,-548.0,804.0,14:09:22.142873
-6.0,-606.0,757.0,14:09:22.153303
62.0,-601.0,985.0,14:09:22.162634
23.0,-444.0,1151.0,14:09:22.173055
21.0,-483.0,1021.0,14:09:22.182399
98.0,-509.0,661.0,14:09:22.192729
173.0,-584.0,612.0,14:09:22.202111
129.0,-506.0,957.0,14:09:22.220282
36.0,-541.0,1122.0,14:09:22.224046
20.0,-607.0,1031.0,14:09:22.232341
29.0,-643.0,867.0,14:09:22.241686
-15.0,-519.0,879.0,14:09:22.252101
-72.0,-441.0,878.0,14:09:22.261429
-57.0,-450.0,948.0,14:09:22.271819
-22.0,-531.0,957.0,14:09:22.281296
-14.0,-546.0,943.0,14:09:22.291668
-2.0,-471.0,952.0,14:09:22.300931
-55.0,-317.0,894.0,14:09:22.311470
-72.0,-308.0,881.0,14:09:22.320751
-77.0,-434.0,900.0,14:09:22.330190
-74.0,-464.0,988.0,14:09:22.340586
-27.0,-379.0,1083.0,14:09:22.350098
-49.0,-398.0,1069.0,14:09:22.360570
-9.0,-449.0,958.0,14:09:22.369895
25.0,-526.0,925.0,14:09:22.380368
9.0,-474.0,967.0,14:09:22.389730
-39.0,-424.0,1024.0,14:09:22.400194
-13.0,-435.0,953.0,14:09:22.409462
23.0,-498.0,835.0,14:09:22.420003
-20.0,-517.0,805.0,14:09:22.429228
-55.0,-490.0,886.0,14:09:22.439695
-98.0,-470.0,981.0,14:09:22.449063
-69.0,-489.0,917.0,14:09:22.458503
-39.0,-540.0,852.0,14:09:22.469088
37.0,-549.0,879.0,14:09:22.478453
33.0,-515.0,951.0,14:09:22.489034
-12.0,-479.0,988.0,14:09:22.498366
13.0,-516.0,978.0,14:09:22.507807
30.0,-562.0,1007.0,14:09:22.518210
27.0,-502.0,958.0,14:09:22.527616
1.0,-406.0,920.0,14:09:22.538079
-3.0,-379.0,894.0,14:09:22.547353
-8.0,-447.0,878.0,14:09:22.557967
9.0,-481.0,904.0,14:09:22.567245
10.0,-446.0,906.0,14:09:22.577854
-14.0,-441.0,940.0,14:09:22.587148
-27.0,-477.0,942.0,14:09:22.596543
18.0,-550.0,937.0,14:09:22.606956
5.0,-541.0,907.0,14:09:22.616292
-2.0,-534.0,925.0,14:09:22.626846
-32.0,-526.0,940.0,14:09:22.636173
3.0,-552.0,905.0,14:09:22.646549
-60.0,-558.0,895.0,14:09:22.655912
-85.0,-562.0,954.0,14:09:22.666384
-99.0,-559.0,965.0,14:09:22.675709
-104.0,-493.0,875.0,14:09:22.686192
-120.0,-467.0,839.0,14:09:22.695456
-143.0,-480.0,861.0,14:09:22.705933
-103.0,-524.0,906.0,14:09:22.715261
-70.0,-496.0,871.0,14:09:22.724604
-57.0,-485.0,867.0,14:09:22.735024
-20.0,-536.0,901.0,14:09:22.744303
5.0,-611.0,991.0,14:09:22.754760
21.0,-606.0,1029.0,14:09:22.764030
-12.0,-583.0,996.0,14:09:22.774523
-14.0,-564.0,967.0,14:09:22.783830
19.0,-591.0,940.0,14:09:22.794245
14.0,-476.0,966.0,14:09:22.813920
62.0,-500.0,1009.0,14:09:22.823276
125.0,-525.0,927.0,14:09:22.833665
105.0,-489.0,778.0,14:09:22.843140
109.0,-452.0,794.0,14:09:22.853551
118.0,-423.0,843.0,14:09:22.862861
34.0,-456.0,909.0,14:09:22.873408
3.0,-484.0,900.0,14:09:22.882697
-53.0,-482.0,875.0,14:09:22.893082
-52.0,-479.0,914.0,14:09:22.902496
-5.0,-482.0,944.0,14:09:22.913085
-9.0,-517.0,994.0,14:09:22.922513
3.0,-536.0,984.0,14:09:22.931918
4.0,-569.0,963.0,14:09:22.942394
24.0,-586.0,910.0,14:09:22.951879
-51.0,-544.0,812.0,14:09:22.971454
-71.0,-482.0,733.0,14:09:22.981964
-65.0,-488.0,700.0,14:09:22.991356
-79.0,-547.0,808.0,14:09:23.001795
-84.0,-540.0,827.0,14:09:23.011232
-73.0,-531.0,856.0,14:09:23.030157
-48.0,-562.0,924.0,14:09:23.040739
-20.0,-575.0,917.0,14:09:23.050125
15.0,-529.0,848.0,14:09:23.060553
-7.0,-519.0,900.0,14:09:23.080247
-30.0,-540.0,962.0,14:09:23.089563
-25.0,-566.0,948.0,14:09:23.099927
-43.0,-579.0,910.0,14:09:23.109291
-69.0,-531.0,912.0,14:09:23.119714
-70.0,-486.0,903.0,14:09:23.129080
-59.0,-506.0,818.0,14:09:23.139518
-6.0,-556.0,791.0,14:09:23.148806
25.0,-588.0,861.0,14:09:23.159274
52.0,-554.0,930.0,14:09:23.168539
74.0,-521.0,957.0,14:09:23.179083
38.0,-523.0,839.0,14:09:23.188333
28.0,-564.0,948.0,14:09:23.207882
-3.0,-490.0,994.0,14:09:23.218375
15.0,-421.0,885.0,14:09:23.227730
38.0,-474.0,753.0,14:09:23.238251
60.0,-569.0,791.0,14:09:23.247620
42.0,-604.0,937.0,14:09:23.258123
41.0,-555.0,1028.0,14:09:23.267469
3.0,-530.0,1037.0,14:09:23.277966
42.0,-581.0,953.0,14:09:23.287312
88.0,-580.0,862.0,14:09:23.296558
61.0,-480.0,941.0,14:09:23.316727
51.0,-489.0,1031.0,14:09:23.327210
87.0,-467.0,877.0,14:09:23.336442
52.0,-428.0,777.0,14:09:23.346908
1.0,-416.0,858.0,14:09:23.356235
-3.0,-445.0,870.0,14:09:23.365516
-20.0,-494.0,925.0,14:09:23.376030
-23.0,-541.0,980.0,14:09:23.385362
-40.0,-525.0,993.0,14:09:23.396040
-47.0,-516.0,977.0,14:09:23.405272
-26.0,-530.0,887.0,14:09:23.423172
-24.0,-532.0,935.0,14:09:23.426920
-13.0,-522.0,1019.0,14:09:23.435043
-41.0,-440.0,1007.0,14:09:23.444514
-38.0,-427.0,1017.0,14:09:23.454868
-44.0,-415.0,986.0,14:09:23.464185
21.0,-428.0,923.0,14:09:23.474757
26.0,-384.0,929.0,14:09:23.484033
27.0,-361.0,927.0,14:09:23.494522
77.0,-434.0,930.0,14:09:23.503732
88.0,-439.0,821.0,14:09:23.514254
30.0,-469.0,884.0,14:09:23.523564
53.0,-474.0,967.0,14:09:23.533998
43.0,-509.0,990.0,14:09:23.543262
23.0,-528.0,949.0,14:09:23.553702
-14.0,-522.0,955.0,14:09:23.563044
0.0,-518.0,1052.0,14:09:23.573569
-16.0,-447.0,989.0,14:09:23.582974
-35.0,-471.0,975.0,14:09:23.592406
28.0,-512.0,936.0,14:09:23.602842
35.0,-505.0,974.0,14:09:23.612179
-17.0,-423.0,990.0,14:09:23.622715
-39.0,-354.0,935.0,14:09:23.631960
-11.0,-377.0,859.0,14:09:23.642574
27.0,-462.0,870.0,14:09:23.651926
41.0,-447.0,926.0,14:09:23.662406
2.0,-402.0,995.0,14:09:23.671672
12.0,-396.0,968.0,14:09:23.682065
73.0,-491.0,883.0,14:09:23.691408
70.0,-524.0,947.0,14:09:23.711069
61.0,-462.0,997.0,14:09:23.721422
82.0,-480.0,893.0,14:09:23.730882
96.0,-532.0,799.0,14:09:23.741390
116.0,-572.0,835.0,14:09:23.750664
75.0,-512.0,922.0,14:09:23.760022
64.0,-491.0,976.0,14:09:23.770502
118.0,-551.0,919.0,14:09:23.779742
130.0,-587.0,836.0,14:09:23.790226
110.0,-583.0,868.0,14:09:23.799591
80.0,-549.0,989.0,14:09:23.810093
57.0,-535.0,960.0,14:09:23.819402
59.0,-577.0,856.0,14:09:23.829863
51.0,-601.0,825.0,14:09:23.839324
15.0,-572.0,915.0,14:09:23.849751
-3.0,-520.0,919.0,14:09:23.859054
-34.0,-528.0,881.0,14:09:23.869616
-74.0,-561.0,851.0,14:09:23.878998
-73.0,-607.0,918.0,14:09:23.888301
-131.0,-512.0,944.0,14:09:23.898678
-153.0,-464.0,969.0,14:09:23.908028
-91.0,-511.0,966.0,14:09:23.918442
-22.0,-574.0,922.0,14:09:23.927863
8.0,-571.0,934.0,14:09:23.938359
0.0,-550.0,1034.0,14:09:23.947802
13.0,-554.0,1024.0,14:09:23.958236
-3.0,-573.0,941.0,14:09:23.967619
-41.0,-582.0,891.0,14:09:23.976989
-71.0,-517.0,911.0,14:09:23.987561
-60.0,-465.0,933.0,14:09:23.997002
-35.0,-437.0,865.0,14:09:24.007494
-21.0,-440.0,804.0,14:09:24.016948
27.0,-467.0,800.0,14:09:24.026226
48.0,-434.0,847.0,14:09:24.036667
-2.0,-420.0,945.0,14:09:24.047051
-18.0,-425.0,968.0,14:09:24.056475
-13.0,-473.0,928.0,14:09:24.065828
5.0,-445.0,933.0,14:09:24.085237
9.0,-421.0,953.0,14:09:24.095926
39.0,-459.0,908.0,14:09:24.105230
70.0,-501.0,871.0,14:09:24.115712
83.0,-499.0,886.0,14:09:24.125105
58.0,-451.0,911.0,14:09:24.135485
50.0,-429.0,869.0,14:09:24.144812
66.0,-507.0,802.0,14:09:24.155315
81.0,-557.0,848.0,14:09:24.164713
45.0,-563.0,1035.0,14:09:24.175086
21.0,-508.0,1141.0,14:09:24.184423
20.0,-465.0,1061.0,14:09:24.194865
40.0,-443.0,802.0,14:09:24.204161
22.0,-469.0,834.0,14:09:24.214694
-4.0,-433.0,990.0,14:09:24.225166
-29.0,-388.0,1038.0,14:09:24.233645
-48.0,-339.0,958.0,14:09:24.244159
-52.0,-363.0,871.0,14:09:24.253504
-21.0,-401.0,866.0,14:09:24.263963
-2.0,-409.0,933.0,14:09:24.273232
-10.0,-426.0,1013.0,14:09:24.283730
14.0,-465.0,1018.0,14:09:24.293095
29.0,-472.0,958.0,14:09:24.302425
49.0,-461.0,898.0,14:09:24.312926
48.0,-440.0,906.0,14:09:24.322352
51.0,-459.0,997.0,14:09:24.332762
103.0,-497.0,1001.0,14:09:24.342005
109.0,-498.0,950.0,14:09:24.352557
93.0,-497.0,920.0,14:09:24.361808
92.0,-498.0,892.0,14:09:24.372336
108.0,-543.0,937.0,14:09:24.381664
130.0,-551.0,954.0,14:09:24.392177
124.0,-531.0,933.0,14:09:24.401500
123.0,-501.0,860.0,14:09:24.410862
105.0,-475.0,813.0,14:09:24.421360
82.0,-488.0,843.0,14:09:24.430706
86.0,-559.0,925.0,14:09:24.441234
38.0,-543.0,917.0,14:09:24.450485
-14.0,-518.0,923.0,14:09:24.461052
-8.0,-519.0,910.0,14:09:24.470313
11.0,-540.0,870.0,14:09:24.480849
10.0,-559.0,877.0,14:09:24.490175
37.0,-537.0,902.0,14:09:24.500643
21.0,-513.0,912.0,14:09:24.509913
62.0,-516.0,927.0,14:09:24.520321
65.0,-522.0,870.0,14:09:24.529649
70.0,-538.0,869.0,14:09:24.539048
51.0,-499.0,854.0,14:09:24.549475
21.0,-502.0,870.0,14:09:24.559834
43.0,-548.0,925.0,14:09:24.569141
33.0,-566.0,891.0,14:09:24.578479
47.0,-529.0,834.0,14:09:24.589037
58.0,-522.0,874.0,14:09:24.598279
51.0,-546.0,906.0,14:09:24.608764
61.0,-538.0,884.0,14:09:24.629102
68.0,-524.0,903.0,14:09:24.638424
83.0,-495.0,915.0,14:09:24.647927
61.0,-519.0,907.0,14:09:24.658358
72.0,-516.0,880.0,14:09:24.667610
66.0,-509.0,910.0,14:09:24.678130
75.0,-479.0,927.0,14:09:24.687484
84.0,-485.0,942.0,14:09:24.707216
59.0,-499.0,930.0,14:09:24.717618
19.0,-497.0,940.0,14:09:24.727082
-18.0,-506.0,978.0,14:09:24.736353
-82.0,-531.0,999.0,14:09:24.756044
-88.0,-506.0,943.0,14:09:24.766568
-83.0,-501.0,881.0,14:09:24.775948
-38.0,-520.0,865.0,14:09:24.786338
-10.0,-563.0,907.0,14:09:24.795900
-2.0,-608.0,963.0,14:09:24.806316
-33.0,-585.0,980.0,14:09:24.815726
-50.0,-584.0,954.0,14:09:24.825036
-30.0,-596.0,939.0,14:09:24.835595
-16.0,-598.0,960.0,14:09:24.844926
-20.0,-579.0,1005.0,14:09:24.855405
-1.0,-556.0,1029.0,14:09:24.864827
-18.0,-516.0,994.0,14:09:24.875274
-1.0,-468.0,933.0,14:09:24.884667
10.0,-439.0,860.0,14:09:24.895040
27.0,-393.0,872.0,14:09:24.904453
16.0,-353.0,941.0,14:09:24.914818
30.0,-345.0,963.0,14:09:24.924132
34.0,-412.0,918.0,14:09:24.933599
30.0,-456.0,890.0,14:09:24.944154
15.0,-473.0,946.0,14:09:24.953555
57.0,-470.0,998.0,14:09:24.964059
39.0,-511.0,986.0,14:09:24.973366
88.0,-566.0,931.0,14:09:24.983822
94.0,-582.0,846.0,14:09:24.993164
62.0,-489.0,773.0,14:09:25.002490
18.0,-445.0,744.0,14:09:25.013020
12.0,-409.0,684.0,14:09:25.022297
26.0,-480.0,736.0,14:09:25.032821
19.0,-492.0,925.0,14:09:25.042097
-30.0,-513.0,1049.0,14:09:25.052552
-109.0,-477.0,1017.0,14:09:25.061784
-152.0,-511.0,950.0,14:09:25.072268
-105.0,-529.0,912.0,14:09:25.081612
-84.0,-523.0,933.0,14:09:25.092104
-111.0,-507.0,999.0,14:09:25.101384
-117.0,-497.0,957.0,14:09:25.120949
-124.0,-486.0,947.0,14:09:25.131474
-156.0,-463.0,945.0,14:09:25.140843
-188.0,-458.0,935.0,14:09:25.151331
-193.0,-479.0,979.0,14:09:25.160754
-149.0,-492.0,1030.0,14:09:25.171172
-160.0,-455.0,1051.0,14:09:25.180462
-163.0,-423.0,1004.0,14:09:25.190981
-123.0,-401.0,914.0,14:09:25.200242
-72.0,-402.0,865.0,14:09:25.210675
-57.0,-397.0,893.0,14:09:25.220018
-74.0,-394.0,959.0,14:09:25.229469
-85.0,-404.0,1005.0,14:09:25.240006
-87.0,-440.0,987.0,14:09:25.259638
-81.0,-434.0,973.0,14:09:25.269212
-38.0,-429.0,944.0,14:09:25.279683
17.0,-452.0,914.0,14:09:25.289048
33.0,-484.0,907.0,14:09:25.298458
16.0,-500.0,937.0,14:09:25.308941
7.0,-491.0,970.0,14:09:25.318235
5.0,-479.0,969.0,14:09:25.328655
4.0,-478.0,919.0,14:09:25.338058
3.0,-479.0,869.0,14:09:25.348451
22.0,-480.0,876.0,14:09:25.357909
35.0,-479.0,920.0,14:09:25.368311
44.0,-481.0,946.0,14:09:25.377780
80.0,-499.0,957.0,14:09:25.387113
88.0,-507.0,938.0,14:09:25.397531
75.0,-486.0,912.0,14:09:25.407098
59.0,-477.0,895.0,14:09:25.417473
53.0,-475.0,902.0,14:09:25.429335
54.0,-472.0,914.0,14:09:25.436460
44.0,-463.0,940.0,14:09:25.446926
41.0,-452.0,945.0,14:09:25.456355
56.0,-442.0,939.0,14:09:25.466811
86.0,-449.0,919.0,14:09:25.476145
109.0,-452.0,911.0,14:09:25.486573
124.0,-449.0,934.0,14:09:25.495963
134.0,-454.0,966.0,14:09:25.515349
138.0,-463.0,945.0,14:09:25.525881
133.0,-457.0,916.0,14:09:25.535127
106.0,-438.0,917.0,14:09:25.545616
71.0,-410.0,926.0,14:09:25.554835
36.0,-414.0,929.0,14:09:25.565325
37.0,-430.0,934.0,14:09:25.574690
68.0,-443.0,955.0,14:09:25.585131
108.0,-446.0,970.0,14:09:25.594422
136.0,-443.0,959.0,14:09:25.604921
143.0,-452.0,944.0,14:09:25.614184
121.0,-448.0,926.0,14:09:25.633720
101.0,-443.0,923.0,14:09:25.644260
76.0,-446.0,913.0,14:09:25.653625
60.0,-459.0,901.0,14:09:25.663991
44.0,-470.0,888.0,14:09:25.673417
40.0,-477.0,899.0,14:09:25.683913
47.0,-489.0,905.0,14:09:25.693216
73.0,-504.0,919.0,14:09:25.702653
87.0,-511.0,924.0,14:09:25.713128
95.0,-515.0,941.0,14:09:25.722488
98.0,-513.0,949.0,14:09:25.732889
103.0,-516.0,961.0,14:09:25.742355
97.0,-506.0,957.0,14:09:25.752725
48.0,-488.0,953.0,14:09:25.772368
16.0,-466.0,936.0,14:09:25.781748
-5.0,-446.0,908.0,14:09:25.792317
-15.0,-423.0,887.0,14:09:25.801630
-19.0,-415.0,890.0,14:09:25.812061
-21.0,-405.0,915.0,14:09:25.829136
-18.0,-409.0,946.0,14:09:25.832870
3.0,-430.0,968.0,14:09:25.841081
21.0,-445.0,972.0,14:09:25.851534
34.0,-455.0,968.0,14:09:25.860955
4.0,-457.0,945.0,14:09:25.880568
-9.0,-467.0,928.0,14:09:25.890998
-25.0,-481.0,924.0,14:09:25.900354
-31.0,-488.0,925.0,14:09:25.910855
-25.0,-497.0,930.0,14:09:25.920220
-14.0,-524.0,926.0,14:09:25.939731
4.0,-531.0,923.0,14:09:25.950238
25.0,-521.0,930.0,14:09:25.959431
37.0,-515.0,932.0,14:09:25.969926
43.0,-500.0,931.0,14:09:25.979179
37.0,-483.0,923.0,14:09:25.989671
26.0,-472.0,918.0,14:09:25.998938
1.0,-459.0,922.0,14:09:26.009424
-16.0,-456.0,925.0,14:09:26.018685
-14.0,-460.0,931.0,14:09:26.029175
-16.0,-480.0,929.0,14:09:26.038540
-7.0,-487.0,928.0,14:09:26.047923
9.0,-496.0,929.0,14:09:26.058363
12.0,-506.0,923.0,14:09:26.077976
7.0,-505.0,921.0,14:09:26.087243
-2.0,-518.0,920.0,14:09:26.117185
-6.0,-530.0,917.0,14:09:26.127604
-11.0,-534.0,915.0,14:09:26.137011
-15.0,-543.0,920.0,14:09:26.146461
-8.0,-551.0,906.0,14:09:26.166023
8.0,-547.0,900.0,14:09:26.176459
3.0,-539.0,898.0,14:09:26.185934
7.0,-538.0,908.0,14:09:26.196386
14.0,-537.0,905.0,14:09:26.215985
19.0,-536.0,904.0,14:09:26.225287
20.0,-530.0,907.0,14:09:26.235834
28.0,-533.0,909.0,14:09:26.245150
29.0,-535.0,903.0,14:09:26.255781
37.0,-533.0,899.0,14:09:26.265058
44.0,-532.0,901.0,14:09:26.275498
48.0,-527.0,905.0,14:09:26.284897
53.0,-525.0,911.0,14:09:26.304358
47.0,-516.0,918.0,14:09:26.314933
43.0,-505.0,916.0,14:09:26.324353
44.0,-502.0,908.0,14:09:26.334749
40.0,-498.0,909.0,14:09:26.344184
37.0,-496.0,912.0,14:09:26.363785
42.0,-490.0,915.0,14:09:26.374227
43.0,-492.0,917.0,14:09:26.383597
46.0,-495.0,916.0,14:09:26.392937
55.0,-506.0,909.0,14:09:26.412726
54.0,-507.0,898.0,14:09:26.423076
48.0,-511.0,908.0,14:09:26.432541
47.0,-515.0,909.0,14:09:26.443006
44.0,-516.0,912.0,14:09:26.452351
46.0,-519.0,904.0,14:09:26.462948
49.0,-517.0,906.0,14:09:26.482482
51.0,-513.0,899.0,14:09:26.491764
58.0,-516.0,907.0,14:09:26.502370
60.0,-515.0,904.0,14:09:26.511630
55.0,-516.0,909.0,14:09:26.531433
45.0,-517.0,908.0,14:09:26.541848
36.0,-508.0,906.0,14:09:26.551341
33.0,-505.0,913.0,14:09:26.560619
31.0,-510.0,905.0,14:09:26.571185
36.0,-509.0,907.0,14:09:26.580433
39.0,-515.0,908.0,14:09:26.590906
38.0,-511.0,907.0,14:09:26.600355
41.0,-513.0,913.0,14:09:26.610824
40.0,-521.0,909.0,14:09:26.632114
38.0,-520.0,910.0,14:09:26.640297
37.0,-521.0,906.0,14:09:26.649653
35.0,-520.0,910.0,14:09:26.660114
27.0,-522.0,909.0,14:09:26.669351
25.0,-519.0,912.0,14:09:26.679843
28.0,-524.0,917.0,14:09:26.689090
30.0,-525.0,912.0,14:09:26.699610
31.0,-523.0,910.0,14:09:26.708973
28.0,-520.0,906.0,14:09:26.719410
33.0,-519.0,907.0,14:09:26.728684
35.0,-518.0,906.0,14:09:26.739081
39.0,-521.0,908.0,14:09:26.748518
40.0,-519.0,905.0,14:09:26.757912
41.0,-522.0,906.0,14:09:26.768369
42.0,-523.0,903.0,14:09:26.777698
40.0,-525.0,907.0,14:09:26.797289
41.0,-529.0,906.0,14:09:26.807829
40.0,-527.0,905.0,14:09:26.827354
39.0,-521.0,900.0,14:09:26.837859
40.0,-518.0,912.0,14:09:26.857499
41.0,-516.0,907.0,14:09:26.886260
38.0,-514.0,908.0,14:09:26.896693
33.0,-510.0,912.0,14:09:26.905927
30.0,-512.0,909.0,14:09:26.916433
31.0,-513.0,907.0,14:09:26.945124
35.0,-517.0,912.0,14:09:26.955567
34.0,-518.0,906.0,14:09:26.975075
37.0,-522.0,905.0,14:09:27.004874
39.0,-526.0,906.0,14:09:27.014233
36.0,-528.0,908.0,14:09:27.035733
35.0,-531.0,907.0,14:09:27.043943
36.0,-527.0,908.0,14:09:27.063550
33.0,-528.0,909.0,14:09:27.074153
32.0,-522.0,908.0,14:09:27.083565
30.0,-520.0,907.0,14:09:27.094004
33.0,-523.0,906.0,14:09:27.112696
36.0,-524.0,907.0,14:09:27.133259
31.0,-523.0,906.0,14:09:27.162109
30.0,-517.0,911.0,14:09:27.201955
27.0,-521.0,912.0,14:09:27.212516
30.0,-515.0,911.0,14:09:27.221793
28.0,-517.0,914.0,14:09:27.231184
30.0,-511.0,912.0,14:09:27.270346
35.0,-513.0,914.0,14:09:27.290970
33.0,-516.0,908.0,14:09:27.300296
31.0,-514.0,907.0,14:09:27.310731
38.0,-519.0,909.0,14:09:27.320135
37.0,-517.0,911.0,14:09:27.339691
40.0,-516.0,912.0,14:09:27.350338
44.0,-515.0,911.0,14:09:27.359787
46.0,-511.0,912.0,14:09:27.370244
44.0,-506.0,914.0,14:09:27.379530
39.0,-502.0,911.0,14:09:27.399281
37.0,-506.0,912.0,14:09:27.409689
28.0,-505.0,910.0,14:09:27.419083
32.0,-513.0,909.0,14:09:27.428476
31.0,-518.0,910.0,14:09:27.458180
34.0,-520.0,914.0,14:09:27.477825
30.0,-519.0,907.0,14:09:27.497407
22.0,-517.0,910.0,14:09:27.517252
30.0,-518.0,911.0,14:09:27.556230
31.0,-524.0,910.0,14:09:27.566667
26.0,-521.0,911.0,14:09:27.586270
23.0,-522.0,908.0,14:09:27.605855
26.0,-521.0,912.0,14:09:27.626482
27.0,-522.0,909.0,14:09:27.635785
31.0,-523.0,907.0,14:09:27.655449
27.0,-516.0,914.0,14:09:27.674968
28.0,-514.0,915.0,14:09:27.694532
26.0,-515.0,910.0,14:09:27.704965
29.0,-520.0,907.0,14:09:27.724560
31.0,-521.0,906.0,14:09:27.735005
32.0,-522.0,905.0,14:09:27.744344
31.0,-524.0,909.0,14:09:27.754838
34.0,-523.0,907.0,14:09:27.773267
33.0,-521.0,909.0,14:09:27.783734
31.0,-518.0,910.0,14:09:27.794205
30.0,-516.0,909.0,14:09:27.818050
29.0,-517.0,911.0,14:09:27.834717
28.0,-518.0,912.0,14:09:27.836711
30.0,-520.0,909.0,14:09:27.864859
34.0,-518.0,905.0,14:09:27.873237
33.0,-519.0,907.0,14:09:27.882441
30.0,-520.0,910.0,14:09:27.892867
27.0,-519.0,904.0,14:09:27.921522
28.0,-516.0,911.0,14:09:27.931962
33.0,-521.0,908.0,14:09:27.961740
34.0,-519.0,910.0,14:09:27.971139
30.0,-517.0,911.0,14:09:28.020359
29.0,-520.0,909.0,14:09:28.039891
27.0,-519.0,905.0,14:09:28.050382
29.0,-518.0,910.0,14:09:28.059671
32.0,-520.0,907.0,14:09:28.070244
29.0,-521.0,909.0,14:09:28.079562
30.0,-520.0,908.0,14:09:28.099213
31.0,-523.0,905.0,14:09:28.118745
32.0,-520.0,907.0,14:09:28.129159
29.0,-522.0,903.0,14:09:28.138484
26.0,-521.0,905.0,14:09:28.149010
25.0,-522.0,909.0,14:09:28.178768
31.0,-519.0,911.0,14:09:28.198412
30.0,-517.0,909.0,14:09:28.207828
32.0,-520.0,908.0,14:09:28.218263
28.0,-518.0,907.0,14:09:28.234493
27.0,-519.0,911.0,14:09:28.247398
26.0,-520.0,907.0,14:09:28.267060
29.0,-518.0,910.0,14:09:28.277501
30.0,-520.0,907.0,14:09:28.296058
31.0,-517.0,910.0,14:09:28.306437
27.0,-520.0,911.0,14:09:28.326169
29.0,-521.0,909.0,14:09:28.336556
27.0,-518.0,905.0,14:09:28.355146
28.0,-517.0,906.0,14:09:28.384897
31.0,-518.0,908.0,14:09:28.395295
29.0,-519.0,911.0,14:09:28.414925
31.0,-518.0,908.0,14:09:28.444748
34.0,-517.0,910.0,14:09:28.454165
31.0,-520.0,909.0,14:09:28.464653
32.0,-517.0,907.0,14:09:28.474023
29.0,-519.0,908.0,14:09:28.493732
28.0,-522.0,905.0,14:09:28.513337
27.0,-519.0,907.0,14:09:28.532785
29.0,-522.0,908.0,14:09:28.543166
27.0,-523.0,910.0,14:09:28.552939
31.0,-522.0,907.0,14:09:28.562823
29.0,-519.0,909.0,14:09:28.573324
31.0,-516.0,910.0,14:09:28.582636
28.0,-518.0,908.0,14:09:28.593041
29.0,-520.0,907.0,14:09:28.602482
28.0,-518.0,910.0,14:09:28.611745
29.0,-520.0,911.0,14:09:28.622197
24.0,-519.0,906.0,14:09:28.631424
29.0,-520.0,910.0,14:09:28.642020
27.0,-523.0,907.0,14:09:28.651364
30.0,-521.0,909.0,14:09:28.661817
29.0,-520.0,905.0,14:09:28.681536
26.0,-518.0,907.0,14:09:28.700994
28.0,-516.0,909.0,14:09:28.720518
27.0,-518.0,907.0,14:09:28.750417
24.0,-517.0,911.0,14:09:28.759772
31.0,-520.0,907.0,14:09:28.770231
27.0,-507.0,909.0,14:09:28.779576
25.0,-517.0,907.0,14:09:28.799247
28.0,-518.0,903.0,14:09:28.809702
26.0,-519.0,909.0,14:09:28.819147
28.0,-517.0,911.0,14:09:28.848744
27.0,-515.0,910.0,14:09:28.859396
30.0,-518.0,912.0,14:09:28.868613
27.0,-514.0,914.0,14:09:28.888170
28.0,-516.0,913.0,14:09:28.898703
24.0,-519.0,907.0,14:09:28.917054
21.0,-520.0,905.0,14:09:28.927753
27.0,-519.0,909.0,14:09:28.938116
29.0,-521.0,906.0,14:09:28.957809
30.0,-522.0,907.0,14:09:28.976234
28.0,-520.0,909.0,14:09:28.986708
26.0,-522.0,905.0,14:09:28.997126
25.0,-526.0,909.0,14:09:29.016705
28.0,-519.0,905.0,14:09:29.036411
30.0,-522.0,907.0,14:09:29.045930
37.0,-523.0,903.0,14:09:29.056307
29.0,-519.0,908.0,14:09:29.065772
25.0,-521.0,904.0,14:09:29.114945
29.0,-518.0,911.0,14:09:29.134425
26.0,-520.0,906.0,14:09:29.144827
30.0,-518.0,908.0,14:09:29.154178
31.0,-514.0,911.0,14:09:29.173815
27.0,-518.0,909.0,14:09:29.184240
29.0,-514.0,908.0,14:09:29.193581
23.0,-515.0,906.0,14:09:29.204064
25.0,-518.0,907.0,14:09:29.242949
29.0,-521.0,908.0,14:09:29.253427
33.0,-522.0,911.0,14:09:29.262793
31.0,-521.0,901.0,14:09:29.273156
29.0,-526.0,907.0,14:09:29.292645
27.0,-524.0,910.0,14:09:29.312120
26.0,-522.0,906.0,14:09:29.331712
24.0,-516.0,909.0,14:09:29.342264
25.0,-522.0,907.0,14:09:29.351557
26.0,-521.0,908.0,14:09:29.362159
22.0,-520.0,911.0,14:09:29.371522
23.0,-518.0,908.0,14:09:29.382013
24.0,-522.0,906.0,14:09:29.391279
26.0,-521.0,907.0,14:09:29.410823
24.0,-523.0,912.0,14:09:29.433770
26.0,-521.0,910.0,14:09:29.441743
25.0,-519.0,908.0,14:09:29.450024
27.0,-517.0,912.0,14:09:29.460495
22.0,-520.0,910.0,14:09:29.489280
30.0,-519.0,901.0,14:09:29.499785
32.0,-518.0,908.0,14:09:29.510189
30.0,-519.0,912.0,14:09:29.519554
33.0,-521.0,910.0,14:09:29.528942
31.0,-519.0,913.0,14:09:29.539446
32.0,-518.0,907.0,14:09:29.548716
27.0,-517.0,905.0,14:09:29.568329
28.0,-519.0,909.0,14:09:29.589183
26.0,-522.0,908.0,14:09:29.598589
25.0,-521.0,904.0,14:09:29.618063
24.0,-520.0,908.0,14:09:29.628595
25.0,-523.0,904.0,14:09:29.647005
28.0,-522.0,905.0,14:09:29.657442
29.0,-519.0,912.0,14:09:29.687194
24.0,-518.0,907.0,14:09:29.706907
22.0,-513.0,910.0,14:09:29.736621
26.0,-515.0,912.0,14:09:29.745840
25.0,-516.0,916.0,14:09:29.756392
28.0,-514.0,913.0,14:09:29.765768
30.0,-522.0,907.0,14:09:29.795549
24.0,-523.0,905.0,14:09:29.806024
25.0,-522.0,899.0,14:09:29.815381
24.0,-524.0,908.0,14:09:29.824736
26.0,-523.0,903.0,14:09:29.835094
25.0,-524.0,905.0,14:09:29.844482
27.0,-527.0,906.0,14:09:29.854812
26.0,-518.0,910.0,14:09:29.874316
29.0,-516.0,909.0,14:09:29.884793
23.0,-517.0,911.0,14:09:29.894059
27.0,-516.0,912.0,14:09:29.943272
28.0,-518.0,910.0,14:09:29.953720
30.0,-520.0,911.0,14:09:29.962985
28.0,-522.0,908.0,14:09:29.973582
26.0,-517.0,910.0,14:09:30.002168
31.0,-516.0,907.0,14:09:30.021754
32.0,-519.0,909.0,14:09:30.042596
28.0,-520.0,908.0,14:09:30.051857
26.0,-519.0,906.0,14:09:30.062442
28.0,-521.0,910.0,14:09:30.101431
29.0,-520.0,907.0,14:09:30.120850
24.0,-523.0,904.0,14:09:30.140617
23.0,-521.0,908.0,14:09:30.151074
24.0,-519.0,905.0,14:09:30.160411
25.0,-520.0,914.0,14:09:30.219807
24.0,-522.0,909.0,14:09:30.229079
25.0,-518.0,906.0,14:09:30.248769
29.0,-522.0,908.0,14:09:30.268306
28.0,-521.0,903.0,14:09:30.298200
21.0,-518.0,907.0,14:09:30.308687
26.0,-519.0,908.0,14:09:30.317956
25.0,-518.0,910.0,14:09:30.358134
23.0,-517.0,909.0,14:09:30.386798
27.0,-519.0,906.0,14:09:30.397305
26.0,-517.0,903.0,14:09:30.406557
29.0,-520.0,905.0,14:09:30.416999
22.0,-521.0,906.0,14:09:30.436526
25.0,-522.0,915.0,14:09:30.446969
26.0,-520.0,912.0,14:09:30.475507
30.0,-521.0,906.0,14:09:30.485955
27.0,-520.0,911.0,14:09:30.495290
28.0,-517.0,909.0,14:09:30.505845
27.0,-515.0,906.0,14:09:30.515115
25.0,-516.0,907.0,14:09:30.525608
28.0,-518.0,912.0,14:09:30.534882
26.0,-523.0,913.0,14:09:30.604539
27.0,-518.0,912.0,14:09:30.613995
29.0,-519.0,904.0,14:09:30.624406
27.0,-520.0,905.0,14:09:30.641287
26.0,-517.0,907.0,14:09:30.653573
25.0,-521.0,909.0,14:09:30.662957
28.0,-519.0,908.0,14:09:30.673405
27.0,-518.0,909.0,14:09:30.682681
29.0,-519.0,911.0,14:09:30.703456
28.0,-517.0,906.0,14:09:30.712837
26.0,-522.0,910.0,14:09:30.722081
24.0,-520.0,909.0,14:09:30.741719
27.0,-524.0,906.0,14:09:30.752307
26.0,-522.0,907.0,14:09:30.761579
24.0,-519.0,909.0,14:09:30.781264
25.0,-523.0,907.0,14:09:30.791676
29.0,-521.0,908.0,14:09:30.811317
28.0,-524.0,907.0,14:09:30.821728
27.0,-519.0,911.0,14:09:30.830981
26.0,-522.0,908.0,14:09:30.841473
24.0,-521.0,909.0,14:09:30.850707
27.0,-522.0,908.0,14:09:30.870332
24.0,-519.0,907.0,14:09:30.880842
25.0,-521.0,909.0,14:09:30.890174
26.0,-519.0,906.0,14:09:30.909782
28.0,-520.0,910.0,14:09:30.939378
25.0,-519.0,903.0,14:09:30.949835
28.0,-521.0,905.0,14:09:30.969426
26.0,-522.0,906.0,14:09:30.978654
24.0,-519.0,907.0,14:09:30.989189
27.0,-521.0,910.0,14:09:30.998483
28.0,-518.0,912.0,14:09:31.018018
27.0,-519.0,908.0,14:09:31.038626
26.0,-517.0,910.0,14:09:31.058077
21.0,-520.0,912.0,14:09:31.067550
22.0,-519.0,910.0,14:09:31.078030
20.0,-521.0,909.0,14:09:31.087353
26.0,-522.0,911.0,14:09:31.107012
27.0,-524.0,908.0,14:09:31.117445
30.0,-523.0,903.0,14:09:31.126832
29.0,-521.0,905.0,14:09:31.137367
28.0,-520.0,906.0,14:09:31.146602
23.0,-519.0,909.0,14:09:31.166123
26.0,-520.0,910.0,14:09:31.215481
27.0,-523.0,908.0,14:09:31.234934
24.0,-519.0,907.0,14:09:31.254648
26.0,-523.0,906.0,14:09:31.265117
27.0,-520.0,907.0,14:09:31.274397
28.0,-518.0,908.0,14:09:31.294078
27.0,-519.0,911.0,14:09:31.313678
25.0,-520.0,914.0,14:09:31.324160
27.0,-519.0,907.0,14:09:31.354021
28.0,-518.0,908.0,14:09:31.363286
27.0,-516.0,909.0,14:09:31.373763
26.0,-517.0,907.0,14:09:31.383013
27.0,-519.0,912.0,14:09:31.393640
23.0,-521.0,910.0,14:09:31.402924
29.0,-520.0,905.0,14:09:31.422558
28.0,-521.0,909.0,14:09:31.451713
22.0,-523.0,907.0,14:09:31.472518
27.0,-518.0,910.0,14:09:31.492082
29.0,-521.0,911.0,14:09:31.511550
27.0,-518.0,909.0,14:09:31.521902
23.0,-521.0,907.0,14:09:31.550679
24.0,-518.0,905.0,14:09:31.570170
25.0,-519.0,910.0,14:09:31.580600
27.0,-521.0,909.0,14:09:31.589895
24.0,-520.0,911.0,14:09:31.619681
26.0,-519.0,907.0,14:09:31.639231
25.0,-520.0,908.0,14:09:31.669235
26.0,-521.0,909.0,14:09:31.718348
28.0,-522.0,910.0,14:09:31.737944
24.0,-519.0,908.0,14:09:31.767945
25.0,-520.0,905.0,14:09:31.778329
24.0,-519.0,911.0,14:09:31.787796
25.0,-520.0,909.0,14:09:31.807343
27.0,-521.0,911.0,14:09:31.817851
24.0,-523.0,908.0,14:09:31.856408
23.0,-520.0,913.0,14:09:31.866963
28.0,-521.0,906.0,14:09:31.886546
24.0,-516.0,909.0,14:09:31.906091
28.0,-522.0,905.0,14:09:31.925803
26.0,-520.0,910.0,14:09:31.935044
25.0,-517.0,909.0,14:09:31.945521
26.0,-522.0,912.0,14:09:31.954950
28.0,-517.0,908.0,14:09:31.965322
26.0,-522.0,913.0,14:09:32.004217
21.0,-525.0,907.0,14:09:32.014683
26.0,-517.0,905.0,14:09:32.024047
29.0,-518.0,909.0,14:09:32.053818
30.0,-517.0,906.0,14:09:32.063213
29.0,-520.0,908.0,14:09:32.073654
26.0,-519.0,910.0,14:09:32.093240
25.0,-521.0,908.0,14:09:32.103718
24.0,-518.0,909.0,14:09:32.112986
27.0,-519.0,912.0,14:09:32.132636
26.0,-521.0,911.0,14:09:32.152296
25.0,-519.0,909.0,14:09:32.171946
23.0,-517.0,907.0,14:09:32.182422
24.0,-521.0,906.0,14:09:32.191705
23.0,-518.0,910.0,14:09:32.211403
25.0,-520.0,908.0,14:09:32.221861
24.0,-519.0,907.0,14:09:32.231254
28.0,-520.0,906.0,14:09:32.261055
24.0,-522.0,907.0,14:09:32.270478
22.0,-521.0,911.0,14:09:32.280905
26.0,-518.0,910.0,14:09:32.290226
27.0,-520.0,907.0,14:09:32.300666
28.0,-519.0,911.0,14:09:32.349871
25.0,-520.0,909.0,14:09:32.369373
30.0,-518.0,908.0,14:09:32.379868
29.0,-520.0,911.0,14:09:32.389142
26.0,-521.0,908.0,14:09:32.418791
27.0,-516.0,906.0,14:09:32.429198
25.0,-518.0,913.0,14:09:32.448654
27.0,-516.0,906.0,14:09:32.457924
28.0,-519.0,912.0,14:09:32.468372
25.0,-522.0,909.0,14:09:32.477601
23.0,-521.0,910.0,14:09:32.507398
29.0,-522.0,908.0,14:09:32.556571
25.0,-518.0,912.0,14:09:32.567081
27.0,-517.0,911.0,14:09:32.586662
25.0,-516.0,910.0,14:09:32.616425
23.0,-521.0,908.0,14:09:32.625820
25.0,-519.0,911.0,14:09:32.635150
28.0,-522.0,912.0,14:09:32.645328
27.0,-519.0,908.0,14:09:32.654985
30.0,-522.0,906.0,14:09:32.665357
29.0,-519.0,907.0,14:09:32.674876
28.0,-518.0,906.0,14:09:32.704584
25.0,-519.0,908.0,14:09:32.715160
23.0,-518.0,910.0,14:09:32.734633
25.0,-517.0,907.0,14:09:32.754238
27.0,-520.0,908.0,14:09:32.763650
25.0,-522.0,910.0,14:09:32.774009
24.0,-519.0,908.0,14:09:32.793610
25.0,-520.0,909.0,14:09:32.802856
27.0,-518.0,908.0,14:09:32.822540
26.0,-522.0,905.0,14:09:32.843198
27.0,-524.0,912.0,14:09:32.852530
28.0,-521.0,910.0,14:09:32.862938
24.0,-523.0,909.0,14:09:32.872360
23.0,-519.0,907.0,14:09:32.882778
26.0,-518.0,909.0,14:09:32.902384
25.0,-520.0,908.0,14:09:32.911618
27.0,-519.0,909.0,14:09:32.941550
25.0,-516.0,908.0,14:09:32.950828
27.0,-519.0,909.0,14:09:32.970430
25.0,-522.0,906.0,14:09:33.000263
26.0,-517.0,902.0,14:09:33.019812
27.0,-521.0,910.0,14:09:33.050678
21.0,-522.0,911.0,14:09:33.060091
23.0,-521.0,910.0,14:09:33.069498
25.0,-518.0,905.0,14:09:33.079895
27.0,-517.0,908.0,14:09:33.099479
26.0,-521.0,907.0,14:09:33.109015
28.0,-518.0,911.0,14:09:33.119442
24.0,-521.0,909.0,14:09:33.128776
25.0,-520.0,908.0,14:09:33.139218
23.0,-523.0,906.0,14:09:33.158720
24.0,-519.0,907.0,14:09:33.168026
22.0,-520.0,908.0,14:09:33.187620
23.0,-521.0,909.0,14:09:33.217455
26.0,-519.0,907.0,14:09:33.227945
27.0,-521.0,908.0,14:09:33.247537
25.0,-520.0,913.0,14:09:33.276112
24.0,-519.0,908.0,14:09:33.286646
26.0,-517.0,909.0,14:09:33.297004
25.0,-518.0,910.0,14:09:33.306339
26.0,-520.0,909.0,14:09:33.334978
27.0,-521.0,907.0,14:09:33.345405
29.0,-522.0,910.0,14:09:33.355987
25.0,-518.0,907.0,14:09:33.375457
30.0,-522.0,910.0,14:09:33.384870
26.0,-520.0,908.0,14:09:33.395216
28.0,-518.0,907.0,14:09:33.414759
22.0,-519.0,908.0,14:09:33.424194
26.0,-518.0,911.0,14:09:33.434635
25.0,-517.0,912.0,14:09:33.454236
26.0,-520.0,908.0,14:09:33.463598
25.0,-519.0,910.0,14:09:33.474026
21.0,-520.0,908.0,14:09:33.493673
23.0,-517.0,907.0,14:09:33.513125
22.0,-521.0,912.0,14:09:33.542962
20.0,-520.0,911.0,14:09:33.552328
23.0,-522.0,906.0,14:09:33.562805
22.0,-520.0,910.0,14:09:33.582463
23.0,-524.0,911.0,14:09:33.591714
22.0,-520.0,913.0,14:09:33.602233
24.0,-519.0,908.0,14:09:33.611486
22.0,-520.0,907.0,14:09:33.621887
26.0,-518.0,909.0,14:09:33.641664
24.0,-521.0,907.0,14:09:33.661150
27.0,-519.0,908.0,14:09:33.671680
25.0,-520.0,911.0,14:09:33.680938
28.0,-518.0,910.0,14:09:33.691387
24.0,-520.0,907.0,14:09:33.700654
23.0,-518.0,905.0,14:09:33.730476
26.0,-521.0,909.0,14:09:33.739737
23.0,-520.0,912.0,14:09:33.759434
22.0,-515.0,908.0,14:09:33.780228
25.0,-518.0,913.0,14:09:33.789530
24.0,-520.0,909.0,14:09:33.809037
21.0,-519.0,908.0,14:09:33.828682
20.0,-521.0,905.0,14:09:33.848465
23.0,-524.0,907.0,14:09:33.868712
24.0,-522.0,908.0,14:09:33.878001
18.0,-523.0,906.0,14:09:33.888469
19.0,-522.0,914.0,14:09:33.897961
21.0,-520.0,911.0,14:09:33.907325
25.0,-518.0,905.0,14:09:33.917882
22.0,-519.0,910.0,14:09:33.937478
21.0,-520.0,907.0,14:09:33.957178
23.0,-519.0,902.0,14:09:33.966481
21.0,-525.0,907.0,14:09:33.986168
25.0,-521.0,908.0,14:09:33.996642
26.0,-520.0,905.0,14:09:34.005895
25.0,-519.0,908.0,14:09:34.026634
28.0,-517.0,912.0,14:09:34.036000
24.0,-519.0,909.0,14:09:34.046393
25.0,-515.0,908.0,14:09:34.066065
26.0,-520.0,912.0,14:09:34.075340
22.0,-519.0,909.0,14:09:34.084860
19.0,-521.0,908.0,14:09:34.104400
24.0,-522.0,907.0,14:09:34.134148
25.0,-520.0,910.0,14:09:34.144702
22.0,-525.0,907.0,14:09:34.164231
23.0,-520.0,908.0,14:09:34.183877
24.0,-517.0,906.0,14:09:34.203444
19.0,-518.0,909.0,14:09:34.213844
23.0,-520.0,910.0,14:09:34.223080
25.0,-524.0,908.0,14:09:34.233531
27.0,-521.0,907.0,14:09:34.248996
26.0,-524.0,908.0,14:09:34.252911
24.0,-520.0,912.0,14:09:34.263331
26.0,-519.0,908.0,14:09:34.272562
25.0,-520.0,904.0,14:09:34.283111
28.0,-519.0,907.0,14:09:34.292443
25.0,-520.0,910.0,14:09:34.302806
26.0,-517.0,912.0,14:09:34.322448
21.0,-518.0,908.0,14:09:34.352078
20.0,-517.0,913.0,14:09:34.370522
26.0,-518.0,910.0,14:09:34.381089
25.0,-523.0,908.0,14:09:34.391544
22.0,-520.0,910.0,14:09:34.400925
19.0,-519.0,908.0,14:09:34.410216
21.0,-524.0,910.0,14:09:34.420674
22.0,-525.0,908.0,14:09:34.429920
21.0,-522.0,912.0,14:09:34.450548
23.0,-517.0,909.0,14:09:34.479341
24.0,-519.0,908.0,14:09:34.519333
25.0,-523.0,906.0,14:09:34.538952
27.0,-521.0,907.0,14:09:34.558525
22.0,-522.0,910.0,14:09:34.569079
23.0,-520.0,906.0,14:09:34.587466
25.0,-519.0,911.0,14:09:34.608234
26.0,-520.0,908.0,14:09:34.617486
24.0,-521.0,909.0,14:09:34.647367
25.0,-519.0,904.0,14:09:34.657850
23.0,-520.0,906.0,14:09:34.677401
25.0,-519.0,912.0,14:09:34.686692
27.0,-522.0,905.0,14:09:34.697153
19.0,-518.0,907.0,14:09:34.716694
21.0,-519.0,909.0,14:09:34.725968
20.0,-518.0,912.0,14:09:34.745453
22.0,-519.0,909.0,14:09:34.766040
26.0,-516.0,904.0,14:09:34.775399
27.0,-517.0,906.0,14:09:34.786010
23.0,-523.0,911.0,14:09:34.795295
22.0,-519.0,908.0,14:09:34.805759
20.0,-521.0,907.0,14:09:34.815110
21.0,-522.0,912.0,14:09:34.834683
24.0,-521.0,907.0,14:09:34.845264
23.0,-524.0,909.0,14:09:34.864846
21.0,-518.0,908.0,14:09:34.874107
20.0,-519.0,911.0,14:09:34.893838
21.0,-520.0,912.0,14:09:34.904268
23.0,-516.0,913.0,14:09:34.913575
29.0,-522.0,912.0,14:09:34.922989
28.0,-520.0,910.0,14:09:34.933414
27.0,-519.0,907.0,14:09:34.942878
22.0,-518.0,905.0,14:09:34.962479
20.0,-522.0,908.0,14:09:34.983135
21.0,-519.0,906.0,14:09:34.992519
24.0,-521.0,908.0,14:09:35.031431
19.0,-520.0,909.0,14:09:35.061093
20.0,-521.0,908.0,14:09:35.071603
24.0,-520.0,912.0,14:09:35.100353
23.0,-519.0,910.0,14:09:35.130215
21.0,-523.0,908.0,14:09:35.140702
22.0,-519.0,909.0,14:09:35.150113
24.0,-520.0,908.0,14:09:35.179831
22.0,-521.0,910.0,14:09:35.218796
25.0,-519.0,908.0,14:09:35.229312
23.0,-520.0,910.0,14:09:35.238655
20.0,-516.0,907.0,14:09:35.249068
22.0,-519.0,905.0,14:09:35.258289
24.0,-522.0,910.0,14:09:35.298490
25.0,-520.0,907.0,14:09:35.327186
20.0,-519.0,909.0,14:09:35.357005
26.0,-521.0,908.0,14:09:35.367403
24.0,-523.0,909.0,14:09:35.387019
23.0,-521.0,906.0,14:09:35.416779
24.0,-520.0,910.0,14:09:35.426001
21.0,-519.0,912.0,14:09:35.436450
20.0,-520.0,907.0,14:09:35.453240
24.0,-519.0,909.0,14:09:35.456959
23.0,-520.0,907.0,14:09:35.466372
27.0,-517.0,905.0,14:09:35.475694
22.0,-518.0,912.0,14:09:35.486165
24.0,-519.0,907.0,14:09:35.495421
23.0,-520.0,910.0,14:09:35.504793
22.0,-519.0,908.0,14:09:35.515191
19.0,-520.0,906.0,14:09:35.524536
23.0,-522.0,904.0,14:09:35.534929
24.0,-521.0,903.0,14:09:35.554473
23.0,-522.0,909.0,14:09:35.573930
19.0,-520.0,907.0,14:09:35.584447
25.0,-521.0,910.0,14:09:35.593719
22.0,-520.0,908.0,14:09:35.604119
25.0,-518.0,911.0,14:09:35.613546
21.0,-516.0,908.0,14:09:35.623953
18.0,-520.0,903.0,14:09:35.643501
24.0,-521.0,910.0,14:09:35.652983
19.0,-522.0,909.0,14:09:35.663436
23.0,-520.0,907.0,14:09:35.683057
19.0,-519.0,908.0,14:09:35.692514
26.0,-523.0,907.0,14:09:35.722263
28.0,-519.0,908.0,14:09:35.731617
22.0,-521.0,911.0,14:09:35.742066
25.0,-523.0,908.0,14:09:35.751361
23.0,-519.0,909.0,14:09:35.781259
21.0,-520.0,906.0,14:09:35.800863
23.0,-519.0,911.0,14:09:35.820400
24.0,-518.0,908.0,14:09:35.830798
23.0,-517.0,909.0,14:09:35.840233
21.0,-520.0,912.0,14:09:35.850664
22.0,-522.0,908.0,14:09:35.870291
20.0,-519.0,911.0,14:09:35.909218
18.0,-523.0,907.0,14:09:35.929825
23.0,-520.0,908.0,14:09:35.939101
19.0,-521.0,911.0,14:09:35.949464
23.0,-517.0,908.0,14:09:35.969091
22.0,-520.0,909.0,14:09:36.007918
24.0,-522.0,904.0,14:09:36.018368
23.0,-519.0,906.0,14:09:36.027818
22.0,-521.0,909.0,14:09:36.047331
21.0,-520.0,908.0,14:09:36.077062
19.0,-521.0,910.0,14:09:36.106965
22.0,-522.0,904.0,14:09:36.116256
21.0,-520.0,909.0,14:09:36.126739
22.0,-521.0,911.0,14:09:36.156487
19.0,-519.0,907.0,14:09:36.185229
24.0,-522.0,908.0,14:09:36.225260
23.0,-521.0,910.0,14:09:36.234743
21.0,-518.0,908.0,14:09:36.264304
24.0,-520.0,909.0,14:09:36.304253
26.0,-523.0,907.0,14:09:36.313634
22.0,-525.0,908.0,14:09:36.324022
21.0,-519.0,911.0,14:09:36.333343
19.0,-522.0,904.0,14:09:36.343779
18.0,-519.0,907.0,14:09:36.353095
20.0,-522.0,909.0,14:09:36.363611
24.0,-520.0,911.0,14:09:36.392437
22.0,-521.0,907.0,14:09:36.441527
21.0,-524.0,911.0,14:09:36.471410
22.0,-521.0,908.0,14:09:36.481913
24.0,-519.0,907.0,14:09:36.491282
25.0,-521.0,911.0,14:09:36.510781
23.0,-519.0,907.0,14:09:36.530447
17.0,-518.0,909.0,14:09:36.560248
20.0,-519.0,907.0,14:09:36.570722
22.0,-517.0,909.0,14:09:36.580096
26.0,-521.0,908.0,14:09:36.599765
23.0,-520.0,907.0,14:09:36.610166
22.0,-518.0,909.0,14:09:36.629740
20.0,-519.0,906.0,14:09:36.639185
23.0,-522.0,908.0,14:09:36.656988
20.0,-519.0,909.0,14:09:36.660355
24.0,-521.0,911.0,14:09:36.678694
23.0,-518.0,905.0,14:09:36.698346
21.0,-521.0,908.0,14:09:36.709064
22.0,-518.0,909.0,14:09:36.727420
21.0,-519.0,912.0,14:09:36.737902
22.0,-522.0,908.0,14:09:36.757533
20.0,-521.0,911.0,14:09:36.787361
22.0,-520.0,908.0,14:09:36.807040
23.0,-517.0,907.0,14:09:36.826560
21.0,-519.0,911.0,14:09:36.837097
20.0,-520.0,907.0,14:09:36.846383
24.0,-518.0,910.0,14:09:36.855731
22.0,-520.0,904.0,14:09:36.875388
21.0,-521.0,907.0,14:09:36.885855
23.0,-524.0,909.0,14:09:36.905430
22.0,-519.0,910.0,14:09:36.935125
26.0,-522.0,907.0,14:09:36.954694
25.0,-520.0,908.0,14:09:36.965112
24.0,-521.0,910.0,14:09:36.974345
22.0,-522.0,907.0,14:09:36.984878
17.0,-518.0,906.0,14:09:37.004324
22.0,-519.0,908.0,14:09:37.023915
25.0,-520.0,912.0,14:09:37.034427
26.0,-521.0,911.0,14:09:37.043659
28.0,-519.0,909.0,14:09:37.053103
24.0,-518.0,908.0,14:09:37.063590
22.0,-522.0,907.0,14:09:37.092191
20.0,-521.0,910.0,14:09:37.102578
19.0,-518.0,908.0,14:09:37.113007
21.0,-522.0,909.0,14:09:37.122343
22.0,-519.0,907.0,14:09:37.132841
20.0,-518.0,911.0,14:09:37.142143
22.0,-519.0,910.0,14:09:37.171867
24.0,-520.0,909.0,14:09:37.181346
23.0,-521.0,910.0,14:09:37.191736
21.0,-518.0,909.0,14:09:37.201244
19.0,-521.0,908.0,14:09:37.220731
22.0,-520.0,910.0,14:09:37.250570
23.0,-521.0,908.0,14:09:37.280490
22.0,-519.0,907.0,14:09:37.300136
20.0,-520.0,908.0,14:09:37.339005
22.0,-517.0,910.0,14:09:37.349502
26.0,-523.0,907.0,14:09:37.369094
23.0,-522.0,910.0,14:09:37.379487
27.0,-519.0,906.0,14:09:37.399086
24.0,-521.0,908.0,14:09:37.408392
20.0,-520.0,907.0,14:09:37.427972
21.0,-519.0,908.0,14:09:37.438472
23.0,-522.0,909.0,14:09:37.447869
25.0,-521.0,906.0,14:09:37.467937
24.0,-522.0,908.0,14:09:37.477164
22.0,-520.0,911.0,14:09:37.496941
23.0,-517.0,906.0,14:09:37.516430
24.0,-519.0,907.0,14:09:37.526994
25.0,-521.0,905.0,14:09:37.536381
23.0,-525.0,908.0,14:09:37.546940
25.0,-523.0,907.0,14:09:37.556217
24.0,-521.0,910.0,14:09:37.566637
19.0,-522.0,911.0,14:09:37.595384
21.0,-518.0,908.0,14:09:37.605873
20.0,-522.0,907.0,14:09:37.615250
21.0,-519.0,912.0,14:09:37.664429
24.0,-521.0,908.0,14:09:37.674858
21.0,-520.0,911.0,14:09:37.684277
23.0,-525.0,906.0,14:09:37.703950
22.0,-523.0,912.0,14:09:37.714401
23.0,-522.0,908.0,14:09:37.723819
21.0,-520.0,910.0,14:09:37.743340
20.0,-519.0,908.0,14:09:37.762849
21.0,-523.0,906.0,14:09:37.773309
20.0,-520.0,909.0,14:09:37.792923
23.0,-523.0,908.0,14:09:37.803300
22.0,-519.0,909.0,14:09:37.822803
19.0,-518.0,906.0,14:09:37.832128
22.0,-519.0,908.0,14:09:37.858587
23.0,-520.0,907.0,14:09:37.862940
22.0,-525.0,909.0,14:09:37.901771
21.0,-523.0,906.0,14:09:37.911242
25.0,-525.0,908.0,14:09:37.921687
19.0,-524.0,910.0,14:09:37.930956
21.0,-522.0,905.0,14:09:37.941471
22.0,-520.0,906.0,14:09:37.970118
20.0,-521.0,909.0,14:09:37.989745
23.0,-522.0,908.0,14:09:38.009269
24.0,-521.0,913.0,14:09:38.019777
19.0,-522.0,908.0,14:09:38.030198
21.0,-519.0,907.0,14:09:38.058955
23.0,-521.0,911.0,14:09:38.069315
20.0,-519.0,909.0,14:09:38.088787
24.0,-517.0,907.0,14:09:38.108420
20.0,-519.0,904.0,14:09:38.128056
23.0,-520.0,911.0,14:09:38.138442
25.0,-521.0,902.0,14:09:38.167249
20.0,-525.0,903.0,14:09:38.177751
23.0,-524.0,906.0,14:09:38.187066
21.0,-521.0,909.0,14:09:38.197552
22.0,-522.0,906.0,14:09:38.206969
27.0,-521.0,907.0,14:09:38.226556
22.0,-520.0,906.0,14:09:38.246214
24.0,-521.0,910.0,14:09:38.266918
20.0,-518.0,909.0,14:09:38.276169
19.0,-520.0,910.0,14:09:38.286587
18.0,-517.0,907.0,14:09:38.295818
17.0,-521.0,908.0,14:09:38.315323
20.0,-517.0,909.0,14:09:38.345251
21.0,-521.0,911.0,14:09:38.355734
19.0,-520.0,908.0,14:09:38.364969
22.0,-521.0,905.0,14:09:38.384567
21.0,-519.0,907.0,14:09:38.404149
23.0,-521.0,908.0,14:09:38.444307
21.0,-522.0,910.0,14:09:38.463876
19.0,-520.0,906.0,14:09:38.513005
23.0,-522.0,908.0,14:09:38.542758
22.0,-518.0,906.0,14:09:38.552190
19.0,-521.0,907.0,14:09:38.562511
22.0,-520.0,909.0,14:09:38.571844
21.0,-521.0,905.0,14:09:38.582358
19.0,-524.0,903.0,14:09:38.591698
23.0,-525.0,905.0,14:09:38.602117
22.0,-521.0,907.0,14:09:38.611426
21.0,-520.0,906.0,14:09:38.670433
19.0,-521.0,908.0,14:09:38.680917
22.0,-522.0,906.0,14:09:38.690218
21.0,-520.0,910.0,14:09:38.700613
19.0,-517.0,908.0,14:09:38.720230
22.0,-520.0,910.0,14:09:38.729505
23.0,-519.0,907.0,14:09:38.769631
21.0,-520.0,910.0,14:09:38.789232
23.0,-522.0,907.0,14:09:38.819092
21.0,-521.0,905.0,14:09:38.828347
19.0,-519.0,901.0,14:09:38.867259
24.0,-520.0,905.0,14:09:38.877819
21.0,-522.0,911.0,14:09:38.887189
22.0,-523.0,908.0,14:09:38.906690
23.0,-522.0,906.0,14:09:38.917272
20.0,-520.0,910.0,14:09:38.936722
22.0,-518.0,907.0,14:09:38.966540
21.0,-521.0,910.0,14:09:38.976971
20.0,-522.0,911.0,14:09:38.986286
21.0,-520.0,904.0,14:09:39.016156
22.0,-522.0,909.0,14:09:39.025522
21.0,-520.0,908.0,14:09:39.045044
19.0,-524.0,907.0,14:09:39.060626
20.0,-519.0,904.0,14:09:39.074218
19.0,-520.0,911.0,14:09:39.133581
23.0,-518.0,908.0,14:09:39.144033
22.0,-522.0,910.0,14:09:39.163640
21.0,-518.0,905.0,14:09:39.174152
19.0,-525.0,903.0,14:09:39.183539
20.0,-523.0,910.0,14:09:39.193966
19.0,-522.0,907.0,14:09:39.203233
21.0,-521.0,909.0,14:09:39.233061
18.0,-519.0,912.0,14:09:39.271874
22.0,-518.0,909.0,14:09:39.282484
20.0,-524.0,906.0,14:09:39.301964
22.0,-520.0,911.0,14:09:39.351049
19.0,-521.0,910.0,14:09:39.361468
22.0,-523.0,907.0,14:09:39.370839
20.0,-520.0,909.0,14:09:39.400626
21.0,-518.0,906.0,14:09:39.410163
22.0,-517.0,907.0,14:09:39.429679
23.0,-518.0,910.0,14:09:39.440170
20.0,-521.0,905.0,14:09:39.449465
24.0,-519.0,907.0,14:09:39.459881
22.0,-520.0,911.0,14:09:39.469188
24.0,-522.0,907.0,14:09:39.488766
22.0,-521.0,906.0,14:09:39.509374
24.0,-519.0,907.0,14:09:39.518806
22.0,-523.0,905.0,14:09:39.538428
19.0,-521.0,910.0,14:09:39.548798
18.0,-520.0,908.0,14:09:39.558058
19.0,-518.0,906.0,14:09:39.577584
18.0,-521.0,912.0,14:09:39.588140
20.0,-518.0,909.0,14:09:39.597548
22.0,-520.0,910.0,14:09:39.617234
16.0,-522.0,908.0,14:09:39.657305
19.0,-517.0,905.0,14:09:39.666646
24.0,-520.0,907.0,14:09:39.677097
17.0,-521.0,910.0,14:09:39.686440
25.0,-523.0,903.0,14:09:39.725330
22.0,-524.0,907.0,14:09:39.735858
19.0,-520.0,906.0,14:09:39.755450
21.0,-519.0,910.0,14:09:39.765846
19.0,-518.0,908.0,14:09:39.785420
18.0,-521.0,912.0,14:09:39.803895
20.0,-518.0,914.0,14:09:39.814431
18.0,-519.0,907.0,14:09:39.844114
17.0,-524.0,904.0,14:09:39.865466
19.0,-523.0,909.0,14:09:39.883956
22.0,-524.0,906.0,14:09:39.893323
24.0,-526.0,903.0,14:09:39.903744
22.0,-520.0,904.0,14:09:39.913143
20.0,-519.0,905.0,14:09:39.932663
17.0,-520.0,907.0,14:09:39.943158
15.0,-521.0,906.0,14:09:39.972890
21.0,-522.0,912.0,14:09:39.982249
22.0,-523.0,908.0,14:09:40.001722
20.0,-520.0,909.0,14:09:40.021384
16.0,-525.0,904.0,14:09:40.040943
17.0,-520.0,907.0,14:09:40.061583
19.0,-521.0,910.0,14:09:40.070886
22.0,-519.0,907.0,14:09:40.081330
19.0,-516.0,911.0,14:09:40.129308
18.0,-522.0,910.0,14:09:40.139776
22.0,-523.0,906.0,14:09:40.159374
19.0,-522.0,909.0,14:09:40.178967
25.0,-518.0,907.0,14:09:40.198590
18.0,-523.0,913.0,14:09:40.228427
17.0,-522.0,909.0,14:09:40.238894
20.0,-520.0,911.0,14:09:40.248208
22.0,-521.0,904.0,14:09:40.346490
20.0,-519.0,906.0,14:09:40.366142
17.0,-520.0,908.0,14:09:40.435914
21.0,-522.0,907.0,14:09:40.465837
20.0,-523.0,911.0,14:09:40.475080
21.0,-520.0,909.0,14:09:40.494803
22.0,-521.0,908.0,14:09:40.505245
16.0,-520.0,906.0,14:09:40.514689
17.0,-519.0,908.0,14:09:40.525184
15.0,-524.0,911.0,14:09:40.534398
18.0,-523.0,912.0,14:09:40.544892
21.0,-520.0,908.0,14:09:40.554322
20.0,-521.0,906.0,14:09:40.603575
23.0,-518.0,907.0,14:09:40.652692
21.0,-521.0,910.0,14:09:40.672250
18.0,-520.0,908.0,14:09:40.682932
19.0,-521.0,911.0,14:09:40.711537
20.0,-519.0,906.0,14:09:40.722016
18.0,-521.0,907.0,14:09:40.731352
26.0,-518.0,908.0,14:09:40.750836
20.0,-521.0,910.0,14:09:40.761287
18.0,-519.0,904.0,14:09:40.780808
19.0,-523.0,907.0,14:09:40.791320
22.0,-518.0,905.0,14:09:40.810897
23.0,-520.0,908.0,14:09:40.820229
25.0,-524.0,905.0,14:09:40.830675
22.0,-520.0,908.0,14:09:40.840167
18.0,-522.0,905.0,14:09:40.879095
25.0,-519.0,909.0,14:09:40.889431
23.0,-521.0,906.0,14:09:40.909082
18.0,-523.0,912.0,14:09:40.949082
19.0,-522.0,910.0,14:09:40.958378
22.0,-521.0,907.0,14:09:40.977872
20.0,-524.0,911.0,14:09:40.997511
19.0,-519.0,906.0,14:09:41.027250
22.0,-518.0,908.0,14:09:41.037853
20.0,-519.0,911.0,14:09:41.064507
18.0,-520.0,907.0,14:09:41.068308
23.0,-522.0,910.0,14:09:41.076428
21.0,-524.0,909.0,14:09:41.086875
22.0,-521.0,905.0,14:09:41.096305
20.0,-518.0,908.0,14:09:41.106708
22.0,-520.0,905.0,14:09:41.116126
21.0,-522.0,911.0,14:09:41.135806
23.0,-520.0,909.0,14:09:41.155226
22.0,-519.0,910.0,14:09:41.195262
19.0,-520.0,911.0,14:09:41.214935
20.0,-521.0,909.0,14:09:41.244837
16.0,-523.0,908.0,14:09:41.254225
20.0,-519.0,905.0,14:09:41.264678
16.0,-520.0,906.0,14:09:41.274031
19.0,-523.0,910.0,14:09:41.284470
20.0,-521.0,907.0,14:09:41.293721
18.0,-522.0,906.0,14:09:41.332577
16.0,-519.0,912.0,14:09:41.343118
17.0,-520.0,908.0,14:09:41.353568
22.0,-522.0,907.0,14:09:41.372981
21.0,-520.0,909.0,14:09:41.382301
23.0,-519.0,904.0,14:09:41.431530
24.0,-521.0,905.0,14:09:41.452149
20.0,-522.0,908.0,14:09:41.467014
25.0,-523.0,911.0,14:09:41.470926
21.0,-520.0,907.0,14:09:41.490557
16.0,-519.0,909.0,14:09:41.500942
21.0,-520.0,913.0,14:09:41.530728
20.0,-519.0,907.0,14:09:41.540115
22.0,-521.0,908.0,14:09:41.550498
23.0,-522.0,905.0,14:09:41.559916
21.0,-521.0,906.0,14:09:41.570392
20.0,-526.0,908.0,14:09:41.579712
21.0,-527.0,905.0,14:09:41.589083
18.0,-524.0,909.0,14:09:41.599620
16.0,-523.0,906.0,14:09:41.609023
17.0,-519.0,911.0,14:09:41.638713
21.0,-518.0,912.0,14:09:41.649127
20.0,-519.0,910.0,14:09:41.658533
22.0,-520.0,908.0,14:09:41.668006
19.0,-519.0,910.0,14:09:41.697854
22.0,-518.0,909.0,14:09:41.717360
19.0,-519.0,908.0,14:09:41.737002
21.0,-521.0,904.0,14:09:41.757703
24.0,-523.0,908.0,14:09:41.767020
23.0,-522.0,909.0,14:09:41.777477
21.0,-520.0,906.0,14:09:41.786806
22.0,-519.0,907.0,14:09:41.797191
21.0,-520.0,911.0,14:09:41.836188
19.0,-518.0,908.0,14:09:41.855802
20.0,-519.0,906.0,14:09:41.884865
16.0,-522.0,903.0,14:09:41.905501
20.0,-525.0,912.0,14:09:41.915053
23.0,-524.0,908.0,14:09:41.924359
21.0,-521.0,907.0,14:09:41.934801
23.0,-522.0,909.0,14:09:41.954373
22.0,-525.0,907.0,14:09:41.964778
19.0,-522.0,908.0,14:09:41.973997
14.0,-520.0,910.0,14:09:42.003882
18.0,-521.0,908.0,14:09:42.013113
19.0,-524.0,902.0,14:09:42.032770
25.0,-522.0,906.0,14:09:42.043212
22.0,-519.0,910.0,14:09:42.053654
19.0,-523.0,906.0,14:09:42.063022
20.0,-519.0,911.0,14:09:42.072626
16.0,-522.0,908.0,14:09:42.083060
17.0,-523.0,907.0,14:09:42.092525
18.0,-520.0,906.0,14:09:42.102902
21.0,-522.0,908.0,14:09:42.121448
24.0,-524.0,905.0,14:09:42.140932
21.0,-517.0,910.0,14:09:42.151412
20.0,-520.0,909.0,14:09:42.171001
21.0,-522.0,910.0,14:09:42.200863
19.0,-521.0,907.0,14:09:42.220391
16.0,-523.0,910.0,14:09:42.230850
20.0,-520.0,908.0,14:09:42.271105
26.0,-522.0,906.0,14:09:42.279347
19.0,-523.0,908.0,14:09:42.289738
17.0,-525.0,909.0,14:09:42.299066
19.0,-519.0,908.0,14:09:42.309530
20.0,-522.0,903.0,14:09:42.329082
24.0,-519.0,905.0,14:09:42.338472
16.0,-523.0,912.0,14:09:42.368310
20.0,-518.0,906.0,14:09:42.378700
17.0,-519.0,911.0,14:09:42.388120
18.0,-518.0,910.0,14:09:42.398515
17.0,-520.0,907.0,14:09:42.407864
16.0,-521.0,913.0,14:09:42.418288
18.0,-522.0,908.0,14:09:42.427560
19.0,-521.0,909.0,14:09:42.447274
18.0,-518.0,904.0,14:09:42.466921
19.0,-519.0,907.0,14:09:42.486472
21.0,-521.0,908.0,14:09:42.516336
19.0,-518.0,905.0,14:09:42.526971
22.0,-519.0,910.0,14:09:42.536215
19.0,-522.0,909.0,14:09:42.555804
20.0,-523.0,904.0,14:09:42.566275
19.0,-521.0,908.0,14:09:42.575539
18.0,-519.0,909.0,14:09:42.595122
22.0,-523.0,908.0,14:09:42.605627
21.0,-522.0,906.0,14:09:42.614930
24.0,-519.0,908.0,14:09:42.625420
20.0,-522.0,907.0,14:09:42.634918
19.0,-521.0,908.0,14:09:42.670733
18.0,-524.0,906.0,14:09:42.673928
20.0,-522.0,907.0,14:09:42.684436
19.0,-520.0,904.0,14:09:42.693829
17.0,-518.0,908.0,14:09:42.713314
21.0,-521.0,910.0,14:09:42.732896
18.0,-522.0,906.0,14:09:42.783099
22.0,-521.0,907.0,14:09:42.802676
23.0,-523.0,903.0,14:09:42.811952
20.0,-520.0,907.0,14:09:42.841903
18.0,-519.0,910.0,14:09:42.871749
19.0,-523.0,908.0,14:09:42.881202
25.0,-520.0,907.0,14:09:42.900671
22.0,-522.0,908.0,14:09:42.920446
20.0,-520.0,906.0,14:09:42.930945
19.0,-518.0,909.0,14:09:42.940292
17.0,-520.0,910.0,14:09:42.950776
18.0,-518.0,909.0,14:09:42.960111
23.0,-519.0,910.0,14:09:42.970641
24.0,-522.0,907.0,14:09:42.979903
21.0,-519.0,904.0,14:09:42.990323
20.0,-520.0,906.0,14:09:43.008966
17.0,-522.0,907.0,14:09:43.019412
20.0,-525.0,908.0,14:09:43.029855
22.0,-520.0,907.0,14:09:43.058582
21.0,-517.0,909.0,14:09:43.069065
17.0,-519.0,912.0,14:09:43.078461
16.0,-520.0,905.0,14:09:43.088936
18.0,-521.0,909.0,14:09:43.098258
20.0,-522.0,907.0,14:09:43.117881
21.0,-520.0,904.0,14:09:43.137472
20.0,-521.0,908.0,14:09:43.157000
17.0,-519.0,906.0,14:09:43.167404
16.0,-521.0,909.0,14:09:43.176720
19.0,-522.0,907.0,14:09:43.187099
22.0,-520.0,910.0,14:09:43.217042
21.0,-521.0,907.0,14:09:43.226391
19.0,-522.0,906.0,14:09:43.236892
21.0,-521.0,908.0,14:09:43.246174
17.0,-519.0,912.0,14:09:43.265791
21.0,-520.0,910.0,14:09:43.276155
22.0,-521.0,911.0,14:09:43.295751
20.0,-520.0,910.0,14:09:43.315238
19.0,-519.0,909.0,14:09:43.354289
21.0,-521.0,907.0,14:09:43.364729
20.0,-522.0,908.0,14:09:43.384278
22.0,-521.0,909.0,14:09:43.393639
20.0,-519.0,906.0,14:09:43.404090
19.0,-522.0,908.0,14:09:43.413561
18.0,-520.0,907.0,14:09:43.424039
20.0,-522.0,906.0,14:09:43.443543
21.0,-521.0,905.0,14:09:43.452802
20.0,-519.0,906.0,14:09:43.465793
18.0,-518.0,911.0,14:09:43.474231
21.0,-520.0,912.0,14:09:43.482497
22.0,-521.0,909.0,14:09:43.502064
18.0,-522.0,905.0,14:09:43.512484
19.0,-521.0,908.0,14:09:43.521821
20.0,-518.0,911.0,14:09:43.541436
21.0,-521.0,907.0,14:09:43.562145
18.0,-518.0,910.0,14:09:43.620154
17.0,-520.0,908.0,14:09:43.650148
19.0,-522.0,910.0,14:09:43.660625
22.0,-520.0,908.0,14:09:43.669935
20.0,-519.0,905.0,14:09:43.680415
22.0,-521.0,909.0,14:09:43.689739
21.0,-520.0,908.0,14:09:43.700295
20.0,-523.0,910.0,14:09:43.709628
17.0,-522.0,907.0,14:09:43.719036
21.0,-521.0,908.0,14:09:43.729369
20.0,-519.0,911.0,14:09:43.778615
19.0,-521.0,904.0,14:09:43.857268
21.0,-522.0,910.0,14:09:43.873208
20.0,-520.0,904.0,14:09:43.876945
19.0,-523.0,910.0,14:09:43.906671
21.0,-522.0,909.0,14:09:43.917103
18.0,-519.0,908.0,14:09:43.935677
16.0,-522.0,907.0,14:09:43.946075
14.0,-523.0,909.0,14:09:43.956517
21.0,-521.0,907.0,14:09:43.985136
20.0,-518.0,908.0,14:09:44.004804
23.0,-521.0,909.0,14:09:44.015181
24.0,-519.0,911.0,14:09:44.034715
18.0,-522.0,909.0,14:09:44.045232
16.0,-517.0,908.0,14:09:44.064725
19.0,-520.0,902.0,14:09:44.084319
22.0,-519.0,906.0,14:09:44.094805
24.0,-520.0,909.0,14:09:44.113272
22.0,-521.0,904.0,14:09:44.123768
20.0,-519.0,907.0,14:09:44.143233
15.0,-520.0,910.0,14:09:44.162793
20.0,-524.0,907.0,14:09:44.173204
18.0,-521.0,906.0,14:09:44.203015
20.0,-523.0,908.0,14:09:44.212383
18.0,-521.0,907.0,14:09:44.222896
17.0,-522.0,905.0,14:09:44.242413
21.0,-521.0,910.0,14:09:44.251828
20.0,-519.0,907.0,14:09:44.262348
19.0,-522.0,912.0,14:09:44.290968
16.0,-520.0,909.0,14:09:44.320813
22.0,-522.0,905.0,14:09:44.340431
19.0,-521.0,909.0,14:09:44.350863
17.0,-520.0,905.0,14:09:44.399852
20.0,-521.0,909.0,14:09:44.429637
18.0,-520.0,904.0,14:09:44.438992
20.0,-523.0,908.0,14:09:44.449450
19.0,-521.0,906.0,14:09:44.469073
21.0,-520.0,907.0,14:09:44.478344
19.0,-521.0,910.0,14:09:44.497948
21.0,-523.0,907.0,14:09:44.508308
18.0,-518.0,910.0,14:09:44.528000
19.0,-522.0,908.0,14:09:44.547475
18.0,-524.0,907.0,14:09:44.587521
22.0,-522.0,906.0,14:09:44.596900
19.0,-520.0,907.0,14:09:44.616450
18.0,-524.0,909.0,14:09:44.626945
17.0,-523.0,905.0,14:09:44.636302
14.0,-522.0,907.0,14:09:44.673610
17.0,-519.0,911.0,14:09:44.676644
19.0,-521.0,910.0,14:09:44.686037
21.0,-519.0,908.0,14:09:44.705493
20.0,-520.0,904.0,14:09:44.754789
18.0,-524.0,906.0,14:09:44.774294
19.0,-521.0,910.0,14:09:44.784821
17.0,-517.0,907.0,14:09:44.804360
21.0,-520.0,905.0,14:09:44.823873
22.0,-522.0,906.0,14:09:44.862657
19.0,-519.0,905.0,14:09:44.873055
17.0,-520.0,906.0,14:09:44.892667
19.0,-521.0,904.0,14:09:44.903027
18.0,-522.0,909.0,14:09:44.922715
19.0,-520.0,910.0,14:09:44.942227
17.0,-521.0,907.0,14:09:44.952609
18.0,-522.0,905.0,14:09:44.961936
23.0,-520.0,910.0,14:09:44.972411
19.0,-519.0,912.0,14:09:44.981681
20.0,-518.0,905.0,14:09:44.992143
16.0,-521.0,911.0,14:09:45.020707
22.0,-520.0,910.0,14:09:45.031442
20.0,-521.0,907.0,14:09:45.040738
19.0,-522.0,908.0,14:09:45.076967
17.0,-520.0,910.0,14:09:45.100091
16.0,-519.0,909.0,14:09:45.119777
20.0,-523.0,907.0,14:09:45.139402
18.0,-522.0,905.0,14:09:45.149953
20.0,-523.0,903.0,14:09:45.169418
18.0,-522.0,909.0,14:09:45.188084
19.0,-521.0,908.0,14:09:45.208736
21.0,-520.0,906.0,14:09:45.228285
19.0,-518.0,907.0,14:09:45.238665
20.0,-519.0,905.0,14:09:45.248024
16.0,-520.0,912.0,14:09:45.267520
20.0,-519.0,909.0,14:09:45.278074
19.0,-521.0,907.0,14:09:45.287393
18.0,-520.0,904.0,14:09:45.326289
21.0,-521.0,910.0,14:09:45.336810
17.0,-522.0,909.0,14:09:45.346219
15.0,-519.0,910.0,14:09:45.356590
19.0,-521.0,905.0,14:09:45.366007
17.0,-518.0,908.0,14:09:45.376443
18.0,-521.0,909.0,14:09:45.385852
22.0,-522.0,910.0,14:09:45.396296
23.0,-520.0,905.0,14:09:45.405579
16.0,-522.0,909.0,14:09:45.425030
18.0,-523.0,906.0,14:09:45.444653
19.0,-520.0,905.0,14:09:45.484832
17.0,-522.0,908.0,14:09:45.494072
18.0,-521.0,909.0,14:09:45.504532
17.0,-519.0,905.0,14:09:45.524156
18.0,-520.0,912.0,14:09:45.533519
19.0,-521.0,908.0,14:09:45.543983
17.0,-522.0,910.0,14:09:45.563590
16.0,-520.0,909.0,14:09:45.572846
18.0,-517.0,906.0,14:09:45.583603
19.0,-520.0,908.0,14:09:45.592836
17.0,-522.0,907.0,14:09:45.603375
16.0,-524.0,909.0,14:09:45.621888
18.0,-521.0,908.0,14:09:45.632394
21.0,-522.0,907.0,14:09:45.642774
18.0,-518.0,906.0,14:09:45.691972
15.0,-522.0,909.0,14:09:45.701340
20.0,-521.0,910.0,14:09:45.711752
22.0,-522.0,908.0,14:09:45.721272
21.0,-525.0,907.0,14:09:45.740745
22.0,-522.0,906.0,14:09:45.751275
15.0,-523.0,907.0,14:09:45.770861
17.0,-521.0,910.0,14:09:45.790439
20.0,-522.0,908.0,14:09:45.810073
18.0,-521.0,910.0,14:09:45.839731
19.0,-520.0,909.0,14:09:45.877269
22.0,-522.0,908.0,14:09:45.878689
19.0,-520.0,907.0,14:09:45.908483
12.0,-522.0,911.0,14:09:45.918971
14.0,-519.0,909.0,14:09:45.928251
20.0,-521.0,907.0,14:09:45.958090
19.0,-522.0,908.0,14:09:45.967524
15.0,-520.0,911.0,14:09:46.006397
17.0,-524.0,910.0,14:09:46.017105
18.0,-522.0,906.0,14:09:46.036570
16.0,-519.0,905.0,14:09:46.055984
14.0,-520.0,909.0,14:09:46.066479
17.0,-522.0,908.0,14:09:46.075955
20.0,-521.0,909.0,14:09:46.086454
19.0,-520.0,907.0,14:09:46.104983
20.0,-521.0,905.0,14:09:46.134944
17.0,-522.0,908.0,14:09:46.145313
15.0,-521.0,911.0,14:09:46.154845
19.0,-522.0,908.0,14:09:46.184664
21.0,-520.0,909.0,14:09:46.195112
18.0,-518.0,908.0,14:09:46.214726
20.0,-519.0,909.0,14:09:46.224153
17.0,-520.0,910.0,14:09:46.243853
20.0,-522.0,908.0,14:09:46.254313
18.0,-519.0,910.0,14:09:46.313540
14.0,-520.0,906.0,14:09:46.322873
17.0,-521.0,909.0,14:09:46.332198
19.0,-522.0,906.0,14:09:46.342548
21.0,-523.0,907.0,14:09:46.351984
18.0,-522.0,909.0,14:09:46.362457
17.0,-519.0,912.0,14:09:46.371748
16.0,-520.0,909.0,14:09:46.382346
15.0,-517.0,906.0,14:09:46.391568
18.0,-520.0,911.0,14:09:46.401985
21.0,-522.0,907.0,14:09:46.430768
19.0,-524.0,908.0,14:09:46.441201
17.0,-526.0,905.0,14:09:46.450581
15.0,-524.0,908.0,14:09:46.461039
19.0,-521.0,909.0,14:09:46.500055
16.0,-523.0,908.0,14:09:46.529718
18.0,-520.0,907.0,14:09:46.549349
19.0,-521.0,910.0,14:09:46.568949
21.0,-523.0,906.0,14:09:46.618083
20.0,-521.0,909.0,14:09:46.628495
18.0,-519.0,908.0,14:09:46.648182
16.0,-522.0,907.0,14:09:46.657495
23.0,-521.0,905.0,14:09:46.687390
21.0,-522.0,908.0,14:09:46.697863
22.0,-521.0,909.0,14:09:46.707193
21.0,-517.0,911.0,14:09:46.717773
19.0,-519.0,907.0,14:09:46.727023
18.0,-522.0,905.0,14:09:46.737518
16.0,-521.0,907.0,14:09:46.746802
18.0,-524.0,904.0,14:09:46.756173
17.0,-522.0,905.0,14:09:46.766617
18.0,-525.0,912.0,14:09:46.776973
19.0,-522.0,911.0,14:09:46.796512
20.0,-519.0,906.0,14:09:46.805897
18.0,-522.0,905.0,14:09:46.825380
17.0,-521.0,909.0,14:09:46.835927
21.0,-523.0,912.0,14:09:46.845213
16.0,-522.0,909.0,14:09:46.855921
20.0,-521.0,908.0,14:09:46.865147
19.0,-520.0,907.0,14:09:46.875627
16.0,-523.0,911.0,14:09:46.884832
15.0,-524.0,909.0,14:09:46.895390
16.0,-518.0,905.0,14:09:46.904738
20.0,-521.0,906.0,14:09:46.913980
18.0,-522.0,909.0,14:09:46.924601
21.0,-520.0,904.0,14:09:46.954284
19.0,-518.0,907.0,14:09:46.963599
13.0,-524.0,908.0,14:09:46.983062
12.0,-523.0,910.0,14:09:46.993629
17.0,-520.0,907.0,14:09:47.012160
18.0,-521.0,906.0,14:09:47.032787
21.0,-518.0,904.0,14:09:47.043213
16.0,-524.0,907.0,14:09:47.052536
15.0,-521.0,905.0,14:09:47.072032
16.0,-522.0,906.0,14:09:47.091554
17.0,-520.0,909.0,14:09:47.102079
20.0,-522.0,908.0,14:09:47.111478
21.0,-518.0,905.0,14:09:47.141277
15.0,-521.0,909.0,14:09:47.151699
17.0,-522.0,908.0,14:09:47.170164
19.0,-525.0,906.0,14:09:47.180487
20.0,-521.0,910.0,14:09:47.190872
21.0,-522.0,908.0,14:09:47.200263
22.0,-520.0,902.0,14:09:47.219677
18.0,-518.0,904.0,14:09:47.230117
20.0,-520.0,908.0,14:09:47.239462
21.0,-521.0,907.0,14:09:47.249871
19.0,-522.0,911.0,14:09:47.259134
18.0,-521.0,909.0,14:09:47.309448
19.0,-520.0,910.0,14:09:47.329003
16.0,-522.0,909.0,14:09:47.348523
13.0,-520.0,906.0,14:09:47.357858
16.0,-519.0,908.0,14:09:47.368542
20.0,-521.0,904.0,14:09:47.377854
21.0,-523.0,907.0,14:09:47.388359
20.0,-524.0,911.0,14:09:47.406866
21.0,-519.0,906.0,14:09:47.427505
19.0,-518.0,908.0,14:09:47.437032
18.0,-520.0,910.0,14:09:47.447438
17.0,-518.0,907.0,14:09:47.479192
16.0,-521.0,906.0,14:09:47.487223
17.0,-519.0,910.0,14:09:47.505755
19.0,-522.0,905.0,14:09:47.516272
17.0,-521.0,910.0,14:09:47.525588
20.0,-523.0,907.0,14:09:47.555389
16.0,-519.0,911.0,14:09:47.564832
19.0,-521.0,905.0,14:09:47.575267
17.0,-520.0,904.0,14:09:47.584605
14.0,-522.0,908.0,14:09:47.604119
16.0,-519.0,906.0,14:09:47.624943
17.0,-522.0,908.0,14:09:47.634257
16.0,-521.0,909.0,14:09:47.644723
20.0,-524.0,904.0,14:09:47.664265
21.0,-521.0,908.0,14:09:47.673540
20.0,-522.0,909.0,14:09:47.684036
21.0,-521.0,907.0,14:09:47.693289
19.0,-519.0,910.0,14:09:47.703679
22.0,-521.0,907.0,14:09:47.723206
18.0,-525.0,904.0,14:09:47.742611
19.0,-521.0,907.0,14:09:47.753378
20.0,-523.0,910.0,14:09:47.762752
21.0,-519.0,909.0,14:09:47.772036
20.0,-520.0,908.0,14:09:47.782439
23.0,-523.0,912.0,14:09:47.791842
18.0,-518.0,911.0,14:09:47.811475
21.0,-520.0,909.0,14:09:47.822013
16.0,-521.0,907.0,14:09:47.860932
17.0,-520.0,910.0,14:09:47.871385
20.0,-518.0,909.0,14:09:47.900164
21.0,-520.0,908.0,14:09:47.919704
18.0,-522.0,909.0,14:09:47.959715
20.0,-520.0,907.0,14:09:47.979380
21.0,-523.0,905.0,14:09:47.998949
19.0,-520.0,911.0,14:09:48.009329
17.0,-521.0,907.0,14:09:48.037927
19.0,-519.0,908.0,14:09:48.048484
21.0,-520.0,910.0,14:09:48.068133
19.0,-519.0,906.0,14:09:48.108165
17.0,-518.0,904.0,14:09:48.117479
18.0,-520.0,903.0,14:09:48.126900
22.0,-521.0,909.0,14:09:48.156608
24.0,-519.0,912.0,14:09:48.167179
