1146.0,1
915.0,1
1315.0,1
1901.0,1
1176.0,1
1786.0,1
1862.0,1
1517.0,1
1779.0,1
2851.0,1
1505.0,1
1334.0,1
1799.0,1
2666.0,1
1492.0,1
763.0,1
2251.0,1
2942.0,1
1257.0,1
1254.0,1
1053.0,1
861.0,1
917.0,1
2218.0,1
1092.0,1
912.0,1
1065.0,1
1267.0,1
1798.0,1
1040.0,1
1352.0,1
824.0,1
1179.0,1
1502.0,1
855.0,1
1573.0,1
1803.0,1
1131.0,1
1074.0,1
1250.0,1
1692.0,1
1806.0,1
1713.0,1
1397.0,1
2332.0,1
2313.0,1
1672.0,1
1881.0,1
1578.0,1
1414.0,1
1633.0,1
2001.0,1
1585.0,1
1785.0,1
2931.0,1
1450.0,1
1858.0,1
1205.0,1
1797.0,1
1495.0,1
1206.0,1
1861.0,1
1549.0,1
1268.0,1
1484.0,1
1231.0,1
1801.0,1
1106.0,1
1516.0,1
1667.0,1
1293.0,1
2103.0,1
1122.0,1
1260.0,1
2166.0,1
1317.0,1
1165.0,1
668.0,1
1215.0,1
1465.0,1
2872.0,1
1371.0,1
1214.0,1
1247.0,1
1309.0,1
1288.0,1
1306.0,1
2410.0,1
758.0,1
1922.0,1
2710.0,1
1004.0,1
1099.0,1
3617.0,1
2175.0,1
1280.0,1
1140.0,1
1160.0,1
1624.0,1
1141.0,1
2840.0,1
1709.0,1
1923.0,1
1093.0,1
1474.0,1
1565.0,1
1100.0,1
1662.0,1
1323.0,1
1129.0,1
1242.0,1
1210.0,1
1036.0,1
2155.0,1
2089.0,1
1103.0,1
1283.0,1
1863.0,1
904.0,1
1289.0,1
2963.0,1
2610.0,1
2445.0,1
2568.0,1
1287.0,1
2516.0,1
1873.0,1
1860.0,1
1316.0,1
1439.0,1
1792.0,1
1385.0,1
1048.0,1
1739.0,1
1182.0,1
1452.0,1
1987.0,1
1269.0,1
928.0,1
1564.0,1
1763.0,1
1425.0,1
880.0,1
1601.0,1
1159.0,1
1444.0,1
1135.0,1
1169.0,1
1299.0,1
921.0,1
1661.0,1
2036.0,1
1580.0,1
1921.0,1
1884.0,1
1669.0,1
1253.0,1
1504.0,1
1003.0,1
1123.0,1
1409.0,1
1523.0,1
1380.0,1
1102.0,1
1296.0,1
1117.0,1
1387.0,1
1568.0,1
1167.0,1
1611.0,1
1086.0,1
1365.0,1
870.0,1
1005.0,1
1313.0,1
1041.0,1
1011.0,1
1087.0,1
1136.0,1
989.0,1
1619.0,1
1046.0,1
1793.0,1
1054.0,1
1441.0,1
1201.0,1
1447.0,1
1594.0,1
1402.0,1
1469.0,1
2364.0,1
1359.0,1
1958.0,1
1894.0,1
2038.0,1
1695.0,1
1137.0,1
638.0,1
1655.0,1
1827.0,1
1358.0,1
1466.0,1
1264.0,1
1959.0,1
1249.0,1
1529.0,1
2183.0,1
1496.0,1
1239.0,1
1943.0,1
1324.0,1
3219.0,1
1566.0,1
1609.0,1
1149.0,1
1171.0,1
2180.0,1
1543.0,1
3079.0,1
1075.0,1
1696.0,1
2212.0,1
1451.0,1
1370.0,1
1636.0,1
1363.0,1
2374.0,1
1950.0,1
1983.0,1
1431.0,1
1592.0,1
1918.0,1
1180.0,1
1223.0,1
1741.0,1
1243.0,1
3005.0,1
1207.0,1
1589.0,1
1437.0,1
1259.0,1
1714.0,1
1724.0,1
1644.0,1
2649.0,1
2920.0,1
2289.0,1
1375.0,1
1305.0,1
1814.0,1
1208.0,1
2293.0,1
2076.0,1
1154.0,1
1078.0,1
1033.0,1
1199.0,1
1491.0,1
1911.0,1
2217.0,1
2735.0,1
1237.0,1
1665.0,1
958.0,1
1768.0,1
1508.0,1
1498.0,1
1433.0,1
1694.0,1
938.0,1
1047.0,1
2048.0,1
1355.0,1
1906.0,1
2977.0,1
1540.0,1
1740.0,1
1796.0,1
1659.0,1
2065.0,1
1415.0,1
1226.0,1
1361.0,1
1725.0,1
1156.0,1
3598.0,1
1685.0,1
1438.0,1
1346.0,1
2805.0,1
687.0,1
1374.0,1
963.0,1
949.0,1
1832.0,1
2373.0,1
1746.0,1
1583.0,1
1220.0,1
1277.0,1
5448.0,1
1428.0,1
1935.0,1
2557.0,1
1524.0,1
1138.0,1
1063.0,1
1134.0,1
899.0,1
967.0,1
1503.0,1
1121.0,1
1266.0,1
1977.0,1
1537.0,1
1351.0,1
1723.0,1
934.0,1
1057.0,1
1157.0,1
1043.0,1
2589.0,1
1251.0,1
1743.0,1
1386.0,1
1461.0,1
2127.0,1
1281.0,1
1342.0,1
1389.0,1
2152.0,1
1607.0,1
856.0,1
1077.0,1
1411.0,1
2207.0,1
970.0,1
1932.0,1
1114.0,1
1569.0,1
820.0,1
1614.0,1
2901.0,1
2134.0,1
2014.0,1
944.0,1
1836.0,1
1956.0,1
1457.0,1
1777.0,1
2223.0,1
1483.0,1
1511.0,1
2600.0,1
1988.0,1
1817.0,1
1648.0,1
1304.0,1
1202.0,1
1348.0,1
1417.0,1
1014.0,1
1748.0,1
1867.0,1
1035.0,1
1519.0,1
1668.0,1
872.0,1
937.0,1
2063.0,1
1013.0,1
1153.0,1
985.0,1
1794.0,1
1366.0,1
1927.0,1
1229.0,1
1158.0,1
1272.0,1
990.0,1
863.0,1
1233.0,1
1238.0,1
1097.0,1
1325.0,1
1909.0,1
4528.0,1
875.0,1
1957.0,1
936.0,1
759.0,1
1613.0,1
1384.0,1
1969.0,1
1367.0,1
1006.0,1
1423.0,1
1196.0,1
980.0,1
1200.0,1
1422.0,1
1109.0,2
9.0,2
911.0,2
828.0,2
1010.0,2
2116.0,2
1273.0,2
1227.0,2
781.0,2
1301.0,2
1042.0,2
1151.0,2
968.0,2
941.0,2
1270.0,2
1849.0,2
1039.0,2
996.0,2
1110.0,2
1113.0,2
972.0,2
1139.0,2
732.0,2
837.0,2
842.0,2
930.0,2
854.0,2
1001.0,2
852.0,2
726.0,2
954.0,2
815.0,2
935.0,2
1337.0,2
737.0,2
974.0,2
1319.0,2
1096.0,2
988.0,2
1143.0,2
1382.0,2
1831.0,2
690.0,2
952.0,2
1118.0,2
1056.0,2
1401.0,2
881.0,2
1456.0,2
1166.0,2
2090.0,2
1608.0,2
1045.0,2
1029.0,2
1432.0,2
635.0,2
1326.0,2
1567.0,2
1111.0,2
973.0,2
1084.0,2
1152.0,2
748.0,2
1032.0,2
775.0,2
933.0,2
1069.0,2
1147.0,2
782.0,2
877.0,2
1002.0,2
874.0,2
1108.0,2
734.0,2
1044.0,2
1312.0,2
1192.0,2
1275.0,2
1681.0,2
1847.0,2
1507.0,2
706.0,2
1449.0,2
1112.0,2
961.0,2
1490.0,2
1421.0,2
771.0,2
1354.0,2
1164.0,2
1513.0,2
833.0,2
1228.0,2
1197.0,2
1383.0,2
919.0,2
801.0,2
1590.0,2
2050.0,2
1480.0,2
920.0,2
1072.0,2
957.0,2
942.0,2
1393.0,2
1225.0,2
1561.0,2
838.0,2
1413.0,2
1120.0,2
914.0,2
1222.0,2
793.0,2
998.0,2
1145.0,2
1218.0,2
1150.0,2
1064.0,2
918.0,2
951.0,2
1615.0,2
816.0,2
1189.0,2
1347.0,2
1038.0,2
1467.0,2
982.0,2
929.0,2
962.0,2
926.0,2
1605.0,2
1525.0,2
747.0,2
1235.0,2
3049.0,2
1209.0,2
1172.0,2
798.0,2
1240.0,2
997.0,2
819.0,2
897.0,2
1173.0,2
1221.0,2
1081.0,2
1022.0,2
788.0,2
2007.0,2
1090.0,2
1058.0,2
1308.0,2
1089.0,2
1499.0,2
1345.0,2
943.0,2
1291.0,2
1246.0,2
730.0,2
922.0,2
722.0,2
749.0,2
987.0,2
1420.0,2
1027.0,2
939.0,2
1678.0,2
1653.0,2
1008.0,2
1710.0,2
1350.0,2
1670.0,2
1765.0,2
964.0,2
802.0,2
1095.0,2
1000.0,2
993.0,2
1050.0,2
979.0,2
1341.0,2
1017.0,2
1332.0,2
1419.0,2
1258.0,2
923.0,2
851.0,2
1130.0,2
945.0,2
1390.0,2
1557.0,2
1055.0,2
812.0,2
1198.0,2
5.0,3
678.0,3
616.0,3
676.0,3
975.0,3
655.0,3
699.0,3
529.0,3
1396.0,3
913.0,3
698.0,3
1175.0,3
1128.0,3
1181.0,3
889.0,3
999.0,3
994.0,3
1526.0,3
685.0,3
909.0,3
892.0,3
1426.0,3
689.0,3
1007.0,3
1037.0,3
1485.0,3
900.0,3
1216.0,3
608.0,3
1012.0,3
1083.0,3
742.0,3
924.0,3
1478.0,3
1407.0,3
727.0,3
1255.0,3
882.0,3
978.0,3
1088.0,3
607.0,3
1051.0,3
848.0,3
1161.0,3
702.0,3
1026.0,3
940.0,3
1015.0,3
946.0,3
950.0,3
659.0,3
612.0,3
1079.0,3
761.0,3
1091.0,3
599.0,3
682.0,3
1162.0,3
1211.0,3
1232.0,3
728.0,3
743.0,3
955.0,3
1292.0,3
800.0,3
1034.0,3
1271.0,3
744.0,3
492.0,3
976.0,3
651.0,3
864.0,3
750.0,3
832.0,3
991.0,3
808.0,3
843.0,3
1101.0,3
857.0,3
780.0,3
740.0,3
745.0,3
925.0,3
908.0,3
1286.0,3
1547.0,3
845.0,3
1060.0,3
984.0,3
1408.0,3
1756.0,3
1282.0,3
1148.0,3
1377.0,3
932.0,3
822.0,3
1481.0,3
835.0,3
1193.0,3
13.0,4
16.0,4
704.0,4
550.0,4
770.0,4
977.0,4
807.0,4
871.0,4
902.0,4
1098.0,4
1025.0,4
787.0,4
772.0,4
969.0,4
821.0,4
752.0,4
739.0,4
1062.0,4
1068.0,4
519.0,4
581.0,4
768.0,4
809.0,4
1019.0,4
910.0,4
849.0,4
948.0,4
896.0,4
1030.0,4
901.0,4
723.0,4
1070.0,4
878.0,4
729.0,4
600.0,4
867.0,4
806.0,4
1245.0,4
1009.0,4
799.0,4
626.0,4
634.0,4
825.0,4
862.0,4
1107.0,4
1021.0,4
791.0,4
712.0,4
1191.0,4
1127.0,4
1066.0,4
681.0,4
981.0,4
888.0,4
765.0,4
865.0,4
720.0,4
986.0,4
1018.0,4
1052.0,4
883.0,4
884.0,4
1105.0,4
523.0,4
903.0,4
890.0,4
1168.0,4
789.0,4
893.0,4
652.0,4
673.0,4
785.0,4
483.0,4
672.0,4
751.0,4
719.0,4
1023.0,4
966.0,4
898.0,4
995.0,4
767.0,4
718.0,4
762.0,4
692.0,4
585.0,4
21.0,5
841.0,5
564.0,5
895.0,5
571.0,5
552.0,5
931.0,5
606.0,5
741.0,5
656.0,5
905.0,5
804.0,5
587.0,5
1071.0,5
468.0,5
907.0,5
370.0,5
891.0,5
596.0,5
618.0,5
1144.0,5
617.0,5
658.0,5
811.0,5
869.0,5
894.0,5
1104.0,5
709.0,5
669.0,5
794.0,5
565.0,5
549.0,5
703.0,5
906.0,5
488.0,5
696.0,5
707.0,5
764.0,5
610.0,5
643.0,5
647.0,5
879.0,5
831.0,5
830.0,5
868.0,5
783.0,5
916.0,5
679.0,5
1024.0,5
795.0,5
840.0,5
797.0,5
778.0,5
886.0,5
774.0,5
735.0,5
649.0,5
613.0,5
476.0,5
766.0,5
1061.0,5
818.0,5
467.0,5
604.0,5
715.0,5
927.0,5
479.0,5
619.0,5
813.0,5
834.0,5
725.0,5
858.0,5
453.0,5
866.0,5
983.0,5
754.0,5
859.0,5
582.0,5
4.0,6
7.0,6
6.0,6
642.0,6
637.0,6
499.0,6
713.0,6
531.0,6
375.0,6
625.0,6
717.0,6
814.0,6
670.0,6
846.0,6
615.0,6
836.0,6
540.0,6
887.0,6
817.0,6
773.0,6
746.0,6
733.0,6
844.0,6
481.0,6
805.0,6
545.0,6
757.0,6
324.0,6
650.0,6
568.0,6
776.0,6
847.0,6
592.0,6
622.0,6
1115.0,6
810.0,6
560.0,6
544.0,6
675.0,6
511.0,6
873.0,6
627.0,6
716.0,6
541.0,6
584.0,6
667.0,6
760.0,6
947.0,6
633.0,6
602.0,6
609.0,6
563.0,6
473.0,6
510.0,6
588.0,6
823.0,6
826.0,6
507.0,6
710.0,6
829.0,6
860.0,6
43.0,7
19.0,7
22.0,7
417.0,7
639.0,7
118.0,7
601.0,7
574.0,7
677.0,7
38.0,7
390.0,7
686.0,7
827.0,7
695.0,7
1031.0,7
662.0,7
714.0,7
700.0,7
738.0,7
621.0,7
594.0,7
756.0,7
543.0,7
779.0,7
790.0,7
522.0,7
551.0,7
648.0,7
721.0,7
413.0,7
620.0,7
580.0,7
777.0,7
434.0,7
597.0,7
579.0,7
796.0,7
959.0,7
661.0,7
784.0,7
508.0,7
769.0,7
680.0,7
575.0,7
477.0,7
786.0,7
654.0,7
493.0,7
8.0,8
14.0,8
18.0,8
514.0,8
55.0,8
569.0,8
457.0,8
538.0,8
39.0,8
455.0,8
40.0,8
660.0,8
803.0,8
561.0,8
576.0,8
420.0,8
527.0,8
684.0,8
567.0,8
605.0,8
629.0,8
524.0,8
578.0,8
489.0,8
708.0,8
469.0,8
432.0,8
657.0,8
445.0,8
546.0,8
839.0,8
542.0,8
539.0,8
475.0,8
521.0,8
631.0,8
694.0,8
697.0,8
570.0,8
555.0,8
598.0,8
486.0,8
724.0,8
526.0,8
446.0,8
693.0,8
504.0,8
340.0,8
755.0,8
559.0,8
640.0,8
385.0,8
537.0,8
12.0,9
577.0,9
427.0,9
74.0,9
361.0,9
463.0,9
430.0,9
353.0,9
392.0,9
525.0,9
482.0,9
449.0,9
460.0,9
515.0,9
528.0,9
573.0,9
358.0,9
590.0,9
603.0,9
503.0,9
731.0,9
418.0,9
547.0,9
494.0,9
753.0,9
663.0,9
553.0,9
470.0,9
653.0,9
396.0,9
623.0,9
591.0,9
632.0,9
674.0,9
666.0,9
644.0,9
501.0,9
711.0,9
641.0,9
465.0,9
513.0,9
683.0,9
36.0,10
10.0,10
155.0,10
376.0,10
436.0,10
391.0,10
439.0,10
63.0,10
464.0,10
302.0,10
705.0,10
410.0,10
373.0,10
274.0,10
792.0,10
490.0,10
628.0,10
239.0,10
383.0,10
344.0,10
646.0,10
368.0,10
517.0,10
614.0,10
624.0,10
471.0,10
688.0,10
433.0,10
389.0,10
403.0,10
293.0,10
611.0,10
562.0,10
556.0,10
448.0,10
557.0,10
480.0,10
736.0,10
411.0,10
62.0,10
28.0,11
37.0,11
387.0,11
86.0,11
461.0,11
536.0,11
407.0,11
153.0,11
701.0,11
415.0,11
462.0,11
512.0,11
485.0,11
535.0,11
428.0,11
352.0,11
308.0,11
414.0,11
454.0,11
357.0,11
645.0,11
665.0,11
558.0,11
630.0,11
366.0,11
472.0,11
423.0,11
348.0,11
332.0,11
664.0,11
421.0,11
595.0,11
405.0,11
554.0,11
496.0,11
328.0,11
566.0,11
15.0,12
31.0,12
30.0,12
17.0,12
50.0,12
342.0,12
363.0,12
502.0,12
369.0,12
516.0,12
422.0,12
500.0,12
520.0,12
397.0,12
367.0,12
212.0,12
530.0,12
162.0,12
290.0,12
329.0,12
256.0,12
259.0,12
438.0,12
495.0,12
636.0,12
447.0,12
691.0,12
456.0,12
404.0,12
589.0,12
419.0,12
548.0,12
35.0,13
33.0,13
23.0,13
24.0,13
346.0,13
318.0,13
143.0,13
65.0,13
341.0,13
487.0,13
384.0,13
572.0,13
509.0,13
219.0,13
98.0,13
315.0,13
382.0,13
518.0,13
534.0,13
270.0,13
255.0,13
266.0,13
254.0,13
532.0,13
402.0,13
451.0,13
190.0,13
400.0,13
165.0,13
269.0,13
459.0,13
343.0,13
586.0,13
466.0,13
58.0,13
593.0,13
444.0,13
458.0,13
424.0,13
401.0,13
313.0,13
412.0,13
336.0,13
3.0,14
11.0,14
27.0,14
45.0,14
34.0,14
166.0,14
42.0,14
284.0,14
347.0,14
327.0,14
91.0,14
117.0,14
75.0,14
258.0,14
83.0,14
533.0,14
291.0,14
225.0,14
380.0,14
371.0,14
506.0,14
491.0,14
306.0,14
303.0,14
378.0,14
148.0,14
442.0,14
372.0,14
409.0,14
386.0,14
359.0,14
425.0,14
310.0,14
280.0,14
406.0,14
49.0,15
173.0,15
46.0,15
84.0,15
381.0,15
263.0,15
393.0,15
287.0,15
107.0,15
138.0,15
435.0,15
321.0,15
97.0,15
160.0,15
497.0,15
356.0,15
377.0,15
123.0,15
331.0,15
354.0,15
429.0,15
338.0,15
431.0,15
583.0,15
388.0,15
57.0,16
93.0,16
81.0,16
54.0,16
41.0,16
94.0,16
53.0,16
67.0,16
443.0,16
72.0,16
177.0,16
96.0,16
192.0,16
267.0,16
90.0,16
289.0,16
208.0,16
178.0,16
211.0,16
189.0,16
398.0,16
322.0,16
283.0,16
76.0,16
408.0,16
92.0,16
474.0,16
320.0,16
25.0,16
498.0,16
349.0,16
277.0,16
441.0,16
105.0,16
316.0,16
298.0,16
334.0,16
505.0,16
20.0,17
186.0,17
260.0,17
47.0,17
157.0,17
206.0,17
232.0,17
60.0,17
124.0,17
350.0,17
251.0,17
79.0,17
261.0,17
279.0,17
437.0,17
252.0,17
309.0,17
154.0,17
330.0,17
66.0,17
248.0,17
204.0,17
299.0,17
131.0,17
394.0,17
478.0,17
325.0,17
172.0,17
223.0,17
339.0,17
108.0,17
286.0,17
362.0,17
399.0,17
304.0,17
29.0,18
207.0,18
73.0,18
213.0,18
80.0,18
68.0,18
295.0,18
253.0,18
71.0,18
228.0,18
142.0,18
288.0,18
311.0,18
345.0,18
151.0,18
198.0,18
217.0,18
360.0,18
355.0,18
374.0,18
294.0,18
156.0,18
364.0,18
317.0,18
271.0,18
323.0,18
452.0,18
89.0,18
312.0,18
64.0,19
44.0,19
300.0,19
170.0,19
82.0,19
209.0,19
226.0,19
201.0,19
77.0,19
246.0,19
365.0,19
188.0,19
262.0,19
416.0,19
114.0,19
205.0,19
305.0,19
224.0,19
484.0,19
167.0,19
335.0,19
307.0,19
231.0,19
230.0,19
440.0,19
285.0,19
301.0,19
51.0,20
70.0,20
125.0,20
69.0,20
130.0,20
61.0,20
127.0,20
222.0,20
85.0,20
137.0,20
243.0,20
214.0,20
99.0,20
282.0,20
161.0,20
257.0,20
281.0,20
296.0,20
297.0,20
115.0,20
319.0,20
103.0,20
141.0,20
337.0,20
379.0,20
242.0,20
182.0,20
26.0,21
32.0,21
52.0,21
244.0,21
119.0,21
88.0,21
95.0,21
199.0,21
59.0,21
278.0,21
140.0,21
249.0,21
292.0,21
314.0,21
146.0,21
164.0,21
237.0,21
264.0,21
180.0,21
121.0,21
87.0,21
233.0,21
450.0,21
240.0,21
235.0,21
197.0,21
145.0,21
134.0,21
275.0,21
333.0,21
48.0,22
56.0,22
147.0,22
191.0,22
265.0,22
101.0,22
133.0,22
268.0,22
112.0,22
136.0,22
221.0,22
395.0,22
216.0,22
227.0,22
183.0,22
120.0,23
181.0,23
78.0,23
116.0,23
139.0,23
150.0,23
215.0,23
176.0,23
109.0,24
102.0,24
106.0,24
196.0,24
234.0,24
168.0,24
122.0,24
152.0,24
426.0,24
220.0,24
163.0,24
250.0,24
202.0,24
194.0,24
200.0,24
185.0,24
218.0,24
2.0,25
195.0,25
100.0,25
184.0,25
126.0,25
236.0,25
238.0,25
144.0,25
128.0,26
104.0,26
135.0,26
111.0,26
159.0,26
158.0,26
326.0,26
247.0,26
276.0,26
132.0,26
193.0,26
351.0,26
110.0,27
203.0,27
229.0,27
241.0,27
187.0,27
175.0,27
179.0,27
113.0,28
272.0,28
273.0,29
169.0,29
171.0,29
210.0,29
245.0,29
129.0,29
174.0,32
149.0,32
1.0,69
0.0,172
