5.511111111111111
13.211111111111112
13.655555555555555
12.766666666666667
4.455555555555556
8.766666666666667
7.655555555555556
5.822222222222222
8.677777777777777
7.555555555555555
6.622222222222223
6.044444444444444
6.544444444444444
11.066666666666666
4.488888888888889
2.9333333333333336
13.066666666666666
2.0
3.1222222222222222
2.988888888888889
2.9333333333333336
4.711111111111111
1.1555555555555554
2.4
5.122222222222223
2.988888888888889
4.677777777777778
3.788888888888889
4.711111111111111
11.511111111111111
3.7333333333333334
8.4
2.011111111111111
6.544444444444444
6.844444444444444
4.4
1.5999999999999999
2.4555555555555557
4.933333333333334
2.0
3.7333333333333334
4.544444444444444
1.6555555555555557
1.3777777777777778
4.044444444444444
5.877777777777778
3.511111111111111
5.788888888888889
4.277777777777778
4.044444444444444
5.566666666666666
1.9555555555555555
4.266666666666667
5.122222222222222
6.622222222222223
3.1222222222222222
2.2777777777777777
3.8222222222222224
3.7333333333333334
3.388888888888889
2.9
4.044444444444444
9.733333333333333
3.611111111111111
3.566666666666667
2.7666666666666666
8.233333333333334
2.7666666666666666
5.211111111111111
5.122222222222223
5.511111111111111
8.1
6.888888888888889
4.011111111111111
2.4555555555555557
4.0
4.933333333333334
4.177777777777778
6.322222222222222
2.6222222222222222
5.788888888888889
1.1666666666666667
1.8777777777777778
5.211111111111111
6.766666666666667
2.0
4.455555555555556
5.344444444444444
0.8444444444444444
5.555555555555555
8.011111111111111
5.555555555555555
4.011111111111111
3.6
3.611111111111111
6.011111111111111
2.011111111111111
6.711111111111111
3.7333333333333334
3.8777777777777778
6.266666666666667
6.277777777777778
6.933333333333334
2.3222222222222224
4.1
3.3777777777777778
0.4888888888888889
2.0
2.2666666666666666
4.9
8.844444444444445
4.1000000000000005
3.9555555555555557
4.322222222222222
8.177777777777777
5.288888888888889
7.511111111111111
6.177777777777778
11.377777777777778
3.9555555555555557
3.511111111111111
5.288888888888889
5.344444444444444
6.711111111111111
8.233333333333334
1.5666666666666667
10.677777777777777
10.677777777777777
6.544444444444444
3.066666666666667
10.488888888888889
6.4
5.388888888888889
2.2666666666666666
3.1222222222222222
3.7333333333333334
2.2666666666666666
1.3888888888888888
5.877777777777778
3.7888888888888888
2.9
5.822222222222222
4.1
5.211111111111111
2.8444444444444446
8.544444444444444
7.211111111111111
5.211111111111111
18.455555555555556
5.511111111111111
8.266666666666667
7.433333333333334
8.4
7.066666666666666
1.8333333333333333
2.011111111111111
9.511111111111111
8.677777777777777
4.233333333333333
2.488888888888889
2.3222222222222224
4.222222222222222
5.155555555555556
13.433333333333334
7.822222222222222
10.5
15.344444444444445
18.177777777777777
8.011111111111111
15.155555555555555
14.399999999999999
11.788888888888888
15.38888888888889
13.122222222222222
5.066666666666666
4.9
26.01111111111111
11.788888888888888
16.677777777777777
11.288888888888888
5.344444444444444
5.377777777777778
3.2111111111111112
7.066666666666666
8.71111111111111
2.677777777777778
7.555555555555555
11.11111111111111
8.322222222222223
7.122222222222223
8.277777777777779
4.766666666666667
19.733333333333334
10.011111111111111
14.222222222222221
9.377777777777778
18.677777777777777
6.266666666666667
8.988888888888889
5.833333333333333
14.4
10.666666666666666
8.766666666666667
12.5
8.88888888888889
16.766666666666666
13.555555555555555
10.011111111111111
16.72222222222222
14.266666666666667
7.511111111111111
2.488888888888889
12.9
12.0
16.98888888888889
6.677777777777778
18.72222222222222
3.8777777777777778
1.6555555555555554
3.3777777777777778
3.3777777777777778
6.988888888888889
6.011111111111111
16.322222222222223
14.455555555555556
15.877777777777778
24.88888888888889
6.933333333333334
11.6
10.844444444444445
4.0
4.1000000000000005
3.3777777777777778
28.266666666666666
19.377777777777776
30.933333333333334
16.88888888888889
6.455555555555556
7.344444444444444
17.955555555555556
10.488888888888889
11.822222222222223
17.655555555555555
7.822222222222222
9.6
2.488888888888889
3.7888888888888888
4.9
8.622222222222222
13.333333333333334
1.211111111111111
13.833333333333334
3.3444444444444446
6.9
7.955555555555556
12.5
16.455555555555556
16.01111111111111
16.01111111111111
8.677777777777777
4.044444444444444
9.777777777777779
7.511111111111111
4.222222222222222
8.544444444444444
16.0
4.622222222222223
9.955555555555556
10.88888888888889
7.777777777777778
11.433333333333334
3.066666666666667
7.377777777777778
5.788888888888889
22.055555555555557
14.766666666666667
5.955555555555556
2.1
6.766666666666667
15.788888888888888
8.455555555555556
9.122222222222222
7.955555555555556
5.155555555555556
17.288888888888888
17.877777777777776
11.655555555555557
5.344444444444444
6.677777777777778
4.766666666666667
6.766666666666667
2.5444444444444447
5.211111111111111
0.5444444444444444
5.733333333333333
5.655555555555556
8.1
2.2666666666666666
8.322222222222223
8.266666666666667
10.322222222222223
4.622222222222223
4.0
1.8333333333333333
11.333333333333334
3.611111111111111
2.0444444444444443
3.511111111111111
30.677777777777777
2.4555555555555557
11.433333333333334
12.544444444444444
9.211111111111112
7.344444444444444
26.98888888888889
8.455555555555556
10.666666666666666
5.788888888888889
6.444444444444445
10.988888888888889
12.177777777777777
6.044444444444444
18.455555555555556
15.511111111111111
14.222222222222221
12.266666666666667
6.011111111111111
10.677777777777777
17.155555555555555
19.288888888888888
11.433333333333334
4.844444444444444
8.4
5.788888888888889
5.288888888888889
7.333333333333333
13.733333333333333
5.555555555555555
6.266666666666667
9.877777777777778
6.322222222222222
7.566666666666666
7.6000000000000005
3.7777777777777777
14.88888888888889
9.38888888888889
13.211111111111112
11.344444444444443
7.822222222222222
7.955555555555556
6.888888888888889
7.833333333333333
7.155555555555556
11.066666666666666
7.066666666666666
10.177777777777777
8.722222222222221
12.177777777777777
10.233333333333333
16.488888888888887
7.655555555555556
3.3444444444444446
21.11111111111111
7.511111111111111
16.844444444444445
2.2333333333333334
16.322222222222223
9.433333333333334
6.044444444444444
10.71111111111111
12.4
8.233333333333334
6.8999999999999995
12.933333333333334
13.333333333333334
9.788888888888888
10.044444444444444
8.4
7.344444444444444
7.377777777777778
13.511111111111111
10.766666666666667
9.122222222222222
7.166666666666667
14.1
8.5
16.177777777777777
2.7666666666666666
10.277777777777779
13.288888888888888
18.4
8.322222222222223
7.155555555555556
4.1000000000000005
6.544444444444444
9.955555555555556
30.72222222222222
22.72222222222222
5.777777777777778
0.9
13.733333333333333
7.122222222222223
20.544444444444444
10.177777777777777
8.233333333333333
11.122222222222222
4.944444444444445
4.4
19.555555555555557
8.455555555555556
14.322222222222223
11.344444444444443
6.322222222222223
12.9
2.6222222222222222
9.122222222222222
9.833333333333334
15.11111111111111
6.711111111111111
8.055555555555555
4.055555555555555
7.822222222222222
19.955555555555556
8.177777777777777
6.1000000000000005
21.877777777777776
11.377777777777778
21.955555555555556
4.455555555555556
2.7222222222222223
8.677777777777777
11.122222222222222
13.066666666666666
6.233333333333333
7.555555555555555
14.544444444444444
4.177777777777778
8.044444444444444
5.6
10.766666666666667
9.777777777777779
8.444444444444445
15.288888888888888
4.4
6.322222222222223
2.7111111111111112
13.28888888888889
1.6555555555555554
7.6000000000000005
1.5666666666666667
6.888888888888889
5.822222222222222
10.488888888888889
8.444444444444445
5.433333333333334
11.566666666666666
9.211111111111112
1.6111111111111112
13.433333333333334
9.788888888888888
16.044444444444444
13.155555555555555
9.155555555555555
14.488888888888889
8.177777777777777
3.2888888888888888
3.5999999999999996
2.6666666666666665
17.377777777777776
7.877777777777778
10.011111111111111
9.433333333333334
9.122222222222222
14.9
3.7333333333333334
6.933333333333334
13.166666666666666
6.677777777777778
2.8444444444444446
5.788888888888889
10.277777777777779
15.733333333333333
12.055555555555555
10.677777777777777
5.833333333333333
3.3333333333333335
5.611111111111111
5.388888888888889
17.066666666666666
13.955555555555556
10.011111111111111
1.4333333333333333
5.877777777777778
4.266666666666667
21.955555555555556
3.5555555555555554
4.1000000000000005
6.3999999999999995
6.322222222222222
12.455555555555556
3.7777777777777777
6.444444444444445
5.066666666666666
12.88888888888889
6.322222222222223
4.988888888888889
14.944444444444445
4.844444444444444
4.011111111111111
4.988888888888889
2.6222222222222222
6.455555555555556
6.222222222222222
6.455555555555556
20.01111111111111
11.566666666666666
3.7777777777777777
8.711111111111112
13.377777777777778
8.455555555555556
9.955555555555554
2.0555555555555554
6.222222222222222
9.344444444444445
7.111111111111111
6.266666666666667
9.066666666666666
7.566666666666666
4.488888888888889
5.611111111111111
9.955555555555556
4.1
9.955555555555556
12.177777777777777
6.044444444444444
12.844444444444443
12.622222222222222
5.877777777777778
12.233333333333334
7.566666666666666
6.711111111111111
6.888888888888889
10.322222222222223
2.0555555555555554
4.322222222222222
9.211111111111112
1.7333333333333334
2.7666666666666666
5.388888888888889
8.266666666666667
6.266666666666667
7.122222222222223
6.044444444444444
3.5999999999999996
4.233333333333333
8.988888888888889
8.177777777777777
7.655555555555556
8.322222222222223
5.111111111111111
2.6777777777777776
2.4
4.722222222222222
7.877777777777778
8.177777777777777
6.677777777777778
12.988888888888889
7.655555555555556
12.455555555555556
3.7333333333333334
5.344444444444444
7.066666666666666
4.1000000000000005
6.177777777777778
1.8222222222222222
3.4333333333333336
9.61111111111111
8.4
4.455555555555556
11.344444444444445
4.455555555555556
9.066666666666666
6.666666666666667
5.511111111111111
6.933333333333334
6.933333333333334
4.444444444444445
4.055555555555555
8.4
2.7666666666666666
5.822222222222222
4.844444444444444
3.566666666666667
9.377777777777778
8.011111111111111
5.433333333333334
3.611111111111111
6.933333333333334
7.122222222222223
7.833333333333333
8.011111111111111
17.122222222222224
9.155555555555555
13.955555555555556
8.488888888888889
8.988888888888889
5.211111111111111
11.433333333333334
15.655555555555555
7.066666666666666
2.9
5.955555555555556
4.677777777777778
7.288888888888889
13.733333333333334
2.3222222222222224
6.1000000000000005
4.1
11.28888888888889
8.455555555555556
5.733333333333333
6.9
6.988888888888889
8.177777777777777
6.177777777777778
23.877777777777776
15.288888888888888
13.511111111111111
49.37777777777778
10.88888888888889
6.455555555555556
2.677777777777778
2.5444444444444443
7.288888888888889
7.122222222222223
3.3444444444444446
6.044444444444444
4.488888888888889
8.044444444444444
4.177777777777778
9.6
7.655555555555556
4.0
2.933333333333333
1.7333333333333334
5.288888888888889
4.722222222222222
4.011111111111111
2.0
1.511111111111111
7.288888888888889
4.455555555555556
7.111111111111111
8.666666666666666
6.4
2.5444444444444443
5.155555555555556
4.677777777777778
2.7222222222222223
2.2222222222222223
14.222222222222221
7.511111111111111
3.5555555555555554
10.933333333333334
5.344444444444444
2.6222222222222222
7.288888888888889
2.4
5.155555555555556
12.455555555555556
2.2333333333333334
2.322222222222222
2.933333333333333
3.4333333333333336
4.455555555555556
7.388888888888889
1.8777777777777778
2.9333333333333336
6.444444444444445
48.766666666666666
3.7333333333333334
2.988888888888889
1.3444444444444446
5.377777777777777
2.4
6.1
4.1
0.7666666666666666
42.62222222222223
5.877777777777778
4.9
9.6
4.044444444444444
2.9
9.211111111111112
0.6777777777777778
1.9555555555555555
5.555555555555555
4.1000000000000005
2.7666666666666666
2.2333333333333334
4.844444444444444
2.5444444444444443
1.788888888888889
2.011111111111111
1.4333333333333333
1.1555555555555554
2.488888888888889
2.9333333333333336
2.933333333333333
2.6222222222222222
2.8444444444444446
62.32222222222222
8.677777777777777
7.333333333333333
10.266666666666667
3.2111111111111112
6.666666666666667
1.1666666666666667
3.9555555555555557
15.155555555555557
2.1
9.344444444444445
6.622222222222223
7.155555555555556
7.777777777777778
8.444444444444445
4.488888888888889
8.222222222222221
10.044444444444444
7.655555555555556
5.155555555555555
11.433333333333334
7.344444444444444
5.788888888888889
4.677777777777778
4.011111111111111
1.6
6.1000000000000005
5.566666666666666
1.0666666666666667
8.488888888888889
8.266666666666667
5.344444444444444
5.511111111111111
8.622222222222222
11.211111111111112
11.555555555555555
14.055555555555555
17.333333333333332
7.211111111111111
2.0444444444444443
15.566666666666666
11.511111111111111
12.455555555555556
12.544444444444444
9.122222222222222
12.544444444444444
56.0
35.955555555555556
63.56666666666667
23.655555555555555
21.51111111111111
8.444444444444445
5.655555555555556
2.2222222222222223
6.988888888888889
7.822222222222222
10.933333333333334
19.655555555555555
6.944444444444445
10.222222222222221
25.344444444444445
13.6
14.488888888888889
9.788888888888888
12.488888888888889
3.2888888888888888
6.988888888888889
4.988888888888889
8.0
4.011111111111111
5.788888888888889
7.511111111111111
6.622222222222222
4.844444444444444
7.955555555555556
8.044444444444444
0.2777777777777778
14.177777777777777
11.655555555555555
11.344444444444443
11.566666666666666
5.788888888888889
8.71111111111111
3.9555555555555557
12.766666666666667
4.944444444444445
8.266666666666667
7.833333333333333
6.044444444444444
6.622222222222223
3.7777777777777777
9.377777777777778
12.488888888888889
3.2888888888888888
2.0
4.844444444444444
2.8444444444444446
6.011111111111111
3.566666666666667
9.733333333333333
54.62222222222222
24.9
10.322222222222223
5.955555555555556
17.11111111111111
4.5
9.833333333333334
8.4
10.055555555555555
11.155555555555555
14.0
6.844444444444444
39.34444444444444
129.06666666666666
4.277777777777778
6.1000000000000005
1.1222222222222222
7.6000000000000005
2.011111111111111
3.511111111111111
7.344444444444444
8.9
5.066666666666666
3.1555555555555554
5.566666666666666
2.988888888888889
2.4444444444444446
3.7333333333333334
4.044444444444444
1.8777777777777778
3.3333333333333335
11.377777777777778
4.666666666666667
3.1222222222222222
3.3333333333333335
0.8444444444444444
3.1555555555555554
4.177777777777778
4.944444444444445
3.3444444444444446
2.5444444444444443
2.0444444444444443
2.3222222222222224
12.233333333333333
51.15555555555556
8.233333333333333
2.7111111111111112
8.011111111111111
4.677777777777778
4.677777777777778
4.944444444444445
3.1222222222222222
8.277777777777779
8.88888888888889
5.377777777777778
1.211111111111111
3.566666666666667
2.1777777777777776
0.9
35.06666666666666
26.72222222222222
3.8333333333333335
3.1555555555555554
3.6
4.011111111111111
8.266666666666667
8.622222222222222
3.8222222222222224
3.8222222222222224
2.988888888888889
1.6555555555555554
2.0444444444444443
3.6555555555555554
3.3444444444444446
5.822222222222222
3.2888888888888888
3.3333333333333335
18.677777777777777
42.1
77.77777777777777
67.38888888888889
25.122222222222224
48.4
1.7333333333333334
33.37777777777778
11.377777777777778
37.111111111111114
1.788888888888889
1.1111111111111112
5.788888888888889
2.933333333333333
4.677777777777778
2.1
2.7111111111111112
5.433333333333334
2.2222222222222223
6.1000000000000005
3.2111111111111112
2.9
0.7222222222222222
2.5444444444444447
0.7666666666666666
0.7222222222222222
1.1666666666666667
27.655555555555555
34.71111111111111
9.377777777777778
2.1777777777777776
13.6
0.9
2.3222222222222224
3.8333333333333335
2.6777777777777776
1.511111111111111
0.9888888888888888
2.1777777777777776
1.5666666666666667
6.844444444444444
1.5666666666666667
44.48888888888889
20.044444444444444
71.34444444444445
61.78888888888889
4.266666666666667
2.1777777777777776
28.177777777777777
1.288888888888889
36.72222222222222
4.455555555555556
4.222222222222222
3.1555555555555554
1.7333333333333334
4.222222222222222
1.1555555555555557
9.21111111111111
44.5
27.333333333333332
2.7666666666666666
19.822222222222223
1.6555555555555557
0.9
5.877777777777778
4.455555555555556
4.277777777777778
2.6777777777777776
5.833333333333333
11.433333333333334
4.933333333333333
0.45555555555555555
17.12222222222222
5.122222222222223
5.377777777777778
18.01111111111111
5.433333333333334
3.788888888888889
1.6
1.288888888888889
5.955555555555556
3.5999999999999996
2.7111111111111112
2.2666666666666666
5.211111111111111
5.555555555555555
45.87777777777778
8.044444444444444
3.6555555555555554
5.611111111111111
2.488888888888889
4.266666666666667
3.6555555555555554
4.677777777777778
4.222222222222222
24.844444444444445
20.22222222222222
13.822222222222223
21.833333333333332
19.61111111111111
1.6111111111111112
2.6222222222222222
3.3777777777777778
3.7333333333333334
2.488888888888889
6.9
5.122222222222223
3.1555555555555554
1.1555555555555554
1.288888888888889
7.955555555555556
6.044444444444444
7.211111111111111
1.8222222222222222
2.0555555555555554
6.266666666666667
0.5444444444444444
4.277777777777778
4.266666666666667
8.444444444444445
1.3777777777777778
2.2777777777777777
2.011111111111111
6.844444444444444
3.8777777777777778
5.211111111111111
6.944444444444445
2.888888888888889
4.844444444444444
5.822222222222222
4.988888888888889
3.3444444444444446
1.6555555555555557
2.2333333333333334
4.455555555555556
19.433333333333334
5.566666666666666
8.1
13.288888888888888
31.155555555555555
14.266666666666667
5.333333333333333
6.011111111111111
36.22222222222222
4.266666666666667
7.155555555555556
5.344444444444444
4.1000000000000005
2.2333333333333334
7.877777777777778
4.766666666666667
11.6
6.266666666666667
2.677777777777778
4.544444444444444
4.044444444444444
3.611111111111111
40.84444444444445
1.288888888888889
3.3777777777777778
2.2222222222222223
3.3777777777777778
10.055555555555555
7.066666666666666
2.8444444444444446
3.611111111111111
6.322222222222222
3.1555555555555554
10.844444444444445
6.266666666666667
9.655555555555555
2.8444444444444446
2.8444444444444446
2.7666666666666666
1.5555555555555556
5.6
3.111111111111111
10.044444444444444
3.1555555555555554
3.511111111111111
2.9444444444444446
4.1
4.0
6.055555555555555
5.377777777777778
2.488888888888889
5.122222222222223
2.4
1.4333333333333333
2.2333333333333334
6.544444444444444
1.6
0.6777777777777778
2.488888888888889
8.622222222222222
3.066666666666667
2.4555555555555557
6.622222222222223
5.955555555555556
4.766666666666667
64.44444444444444
64.76666666666667
2.6777777777777776
37.166666666666664
27.73333333333333
13.777777777777779
2.1
4.988888888888889
3.8777777777777778
7.655555555555556
2.4444444444444446
11.066666666666666
23.555555555555557
93.06666666666666
42.455555555555556
22.544444444444444
21.433333333333334
33.111111111111114
17.066666666666666
19.733333333333334
24.88888888888889
9.377777777777778
8.844444444444445
5.155555555555555
14.844444444444445
21.833333333333332
55.733333333333334
49.21111111111111
8.88888888888889
5.211111111111111
6.9
16.444444444444443
40.93333333333333
15.733333333333333
18.62222222222222
9.433333333333334
14.711111111111112
13.211111111111112
6.011111111111111
6.988888888888889
0.7666666666666666
6.677777777777778
10.711111111111112
5.377777777777777
13.733333333333333
9.211111111111112
7.333333333333333
6.711111111111111
6.544444444444444
78.26666666666667
11.122222222222222
76.76666666666667
13.122222222222222
6.455555555555556
37.733333333333334
19.955555555555556
14.233333333333333
21.555555555555557
6.322222222222223
5.155555555555556
1.788888888888889
6.011111111111111
19.822222222222223
15.788888888888888
6.722222222222222
6.011111111111111
3.6
9.066666666666666
1.511111111111111
3.511111111111111
3.7777777777777777
9.122222222222222
26.177777777777777
7.566666666666666
8.4
18.233333333333334
24.88888888888889
9.288888888888888
27.73333333333333
21.566666666666666
11.211111111111112
4.277777777777778
8.9
2.488888888888889
3.1555555555555554
1.3888888888888888
28.27777777777778
7.122222222222223
6.0
31.433333333333334
6.666666666666667
10.322222222222223
3.1666666666666665
1.9555555555555557
2.0
4.222222222222222
3.1222222222222222
7.822222222222222
13.155555555555555
22.98888888888889
5.111111111111111
4.222222222222222
5.955555555555556
5.288888888888889
4.266666666666667
2.4555555555555557
3.5555555555555554
8.71111111111111
6.488888888888889
4.455555555555556
1.8777777777777778
1.5666666666666667
2.4
2.4
6.322222222222222
3.066666666666667
4.888888888888889
12.266666666666667
8.488888888888889
4.5
8.4
4.944444444444445
5.788888888888889
1.788888888888889
2.2666666666666666
32.17777777777778
2.488888888888889
23.38888888888889
10.455555555555556
5.211111111111111
1.5666666666666667
1.6
17.433333333333334
6.011111111111111
1.6555555555555557
1.4333333333333333
6.4
2.011111111111111
4.277777777777778
4.455555555555556
5.6
10.044444444444444
9.788888888888888
2.9
33.15555555555555
26.4
26.84444444444444
26.27777777777778
7.822222222222222
3.8222222222222224
23.82222222222222
10.0
4.933333333333333
2.988888888888889
2.6777777777777776
9.066666666666666
8.055555555555555
1.6111111111111112
0.9333333333333333
5.788888888888889
2.6777777777777776
3.066666666666667
19.61111111111111
5.6
1.3444444444444446
2.2666666666666666
2.3222222222222224
3.1555555555555554
0.17777777777777778
10.233333333333334
0.6222222222222222
11.6
2.2333333333333334
0.9333333333333333
2.711111111111111
1.211111111111111
1.511111111111111
6.266666666666667
3.3777777777777778
14.766666666666667
10.988888888888889
7.655555555555556
12.488888888888889
7.822222222222222
8.011111111111111
17.288888888888888
2.4555555555555557
9.344444444444445
19.433333333333334
12.622222222222222
1.4333333333333333
4.222222222222222
7.788888888888889
1.1666666666666667
2.7666666666666666
1.1111111111111112
1.1111111111111112
1.788888888888889
3.3777777777777778
2.488888888888889
4.177777777777778
2.4
1.5999999999999999
2.9333333333333336
4.622222222222223
15.122222222222222
1.211111111111111
3.7333333333333334
4.266666666666667
12.666666666666666
2.7111111111111112
4.4
3.8777777777777778
2.011111111111111
0.9444444444444444
3.1222222222222222
8.677777777777777
2.8444444444444446
1.511111111111111
2.9
2.4
2.5444444444444443
3.2888888888888888
2.7111111111111112
4.766666666666667
1.8333333333333333
2.6777777777777776
3.566666666666667
4.455555555555556
3.2888888888888888
4.933333333333334
51.65555555555555
0.5
2.9
3.7333333333333334
20.044444444444444
19.12222222222222
5.6
5.788888888888889
41.55555555555556
2.177777777777778
4.444444444444445
2.3222222222222224
2.3222222222222224
0.3222222222222222
0.26666666666666666
1.1111111111111112
4.1
2.7222222222222223
1.7333333333333334
1.5666666666666667
3.388888888888889
2.5444444444444447
2.2333333333333334
6.455555555555556
2.7111111111111112
3.1555555555555554
2.2777777777777777
1.7333333333333334
0.6666666666666666
2.3222222222222224
2.4555555555555557
2.9444444444444446
2.7111111111111112
0.8999999999999999
1.6555555555555554
0.6777777777777778
2.5
1.0666666666666667
4.266666666666667
12.766666666666666
0.45555555555555555
1.5666666666666667
1.788888888888889
1.5666666666666667
4.711111111111111
2.2666666666666666
3.2111111111111112
2.988888888888889
2.677777777777778
1.3444444444444446
3.388888888888889
3.1555555555555554
4.322222222222222
2.2777777777777777
3.3777777777777778
1.9555555555555555
6.8999999999999995
1.8777777777777778
1.0666666666666667
8.844444444444445
3.7777777777777777
6.844444444444444
12.711111111111112
5.788888888888889
3.1555555555555554
5.166666666666667
0.9333333333333333
1.4333333333333333
3.4333333333333336
3.433333333333333
1.3444444444444446
2.0444444444444447
1.1555555555555554
5.822222222222222
2.9444444444444446
6.011111111111111
0.7111111111111111
5.211111111111111
2.5
10.444444444444445
1.5666666666666667
4.944444444444445
4.544444444444444
1.8777777777777778
1.511111111111111
1.3333333333333333
2.4555555555555557
8.4
4.444444444444445
3.1222222222222222
2.2666666666666666
4.944444444444445
1.3777777777777778
1.5666666666666667
2.1
2.6666666666666665
21.288888888888888
1.6555555555555554
5.288888888888889
5.655555555555556
2.9
5.155555555555556
2.6777777777777776
3.1666666666666665
3.1555555555555554
19.822222222222223
45.34444444444445
4.711111111111111
9.822222222222223
2.5444444444444443
2.7666666666666666
1.5666666666666667
0.9888888888888888
0.9444444444444444
2.6666666666666665
13.655555555555557
17.555555555555557
31.155555555555555
16.844444444444445
1.7333333333333334
6.4
4.1000000000000005
14.044444444444444
4.177777777777778
2.488888888888889
31.51111111111111
5.211111111111111
5.955555555555555
1.9555555555555555
7.6000000000000005
2.5
12.011111111111111
6.544444444444444
3.7333333333333334
9.822222222222223
4.666666666666667
9.155555555555555
36.9
97.15555555555555
1.9555555555555555
1.9555555555555555
1.3333333333333333
0.7111111111111111
2.7666666666666666
3.7333333333333334
2.9
3.7888888888888888
2.1
3.6555555555555554
2.6666666666666665
6.844444444444444
5.066666666666666
1.8333333333333333
3.1222222222222222
0.7111111111111111
1.1222222222222222
0.7666666666666666
1.4333333333333333
3.1666666666666665
2.2666666666666666
4.622222222222223
2.011111111111111
4.233333333333333
5.155555555555556
1.6555555555555554
8.766666666666667
1.0666666666666667
3.7777777777777777
4.0
5.211111111111111
2.3222222222222224
2.011111111111111
2.5444444444444443
1.6555555555555554
4.488888888888889
5.655555555555556
2.988888888888889
7.122222222222223
1.1666666666666667
1.0666666666666667
2.5444444444444443
6.177777777777778
1.0666666666666667
1.5666666666666667
1.3888888888888888
2.8444444444444446
4.844444444444444
3.4333333333333336
2.0
29.344444444444445
3.8777777777777778
1.211111111111111
2.0444444444444447
0.9333333333333333
1.511111111111111
1.4333333333333333
1.7333333333333334
1.3777777777777778
0.2777777777777778
4.011111111111111
2.6666666666666665
2.2666666666666666
2.6222222222222222
7.066666666666666
4.1
21.6
2.8444444444444446
1.8222222222222222
2.488888888888889
3.2888888888888888
4.844444444444445
2.4
6.1000000000000005
1.3888888888888888
1.1222222222222222
3.111111111111111
3.822222222222222
7.344444444444444
4.488888888888889
2.0444444444444443
1.6555555555555557
1.0666666666666667
3.2888888888888888
7.655555555555556
0.9333333333333333
7.288888888888889
1.8222222222222222
1.1222222222222222
2.8444444444444446
6.277777777777778
1.8222222222222222
4.455555555555556
4.222222222222222
1.788888888888889
8.266666666666667
3.611111111111111
29.955555555555556
5.166666666666667
7.555555555555555
1.8777777777777778
2.2666666666666666
32.766666666666666
2.4555555555555557
5.655555555555556
8.544444444444444
3.7777777777777777
5.211111111111111
2.5
1.4333333333333333
0.6666666666666666
0.9888888888888888
2.322222222222222
0.9444444444444444
4.1000000000000005
3.7888888888888888
4.4
1.3777777777777778
0.6777777777777778
2.7222222222222223
4.844444444444444
4.4
4.011111111111111
1.788888888888889
4.677777777777778
2.2666666666666666
8.233333333333333
35.77777777777778
5.388888888888889
5.777777777777778
1.7777777777777777
4.233333333333333
1.788888888888889
41.388888888888886
2.0
0.5444444444444444
2.6222222222222222
3.3333333333333335
0.23333333333333334
3.511111111111111
2.933333333333333
26.01111111111111
6.3999999999999995
74.26666666666667
52.544444444444444
17.12222222222222
26.099999999999998
1.788888888888889
4.5
4.711111111111111
3.566666666666667
32.27777777777778
6.1000000000000005
0.23333333333333334
14.444444444444445
2.4555555555555557
10.933333333333334
4.277777777777778
53.15555555555555
3.066666666666667
3.511111111111111
2.8444444444444446
2.9
1.0666666666666667
0.9444444444444444
20.88888888888889
25.12222222222222
103.56666666666666
63.511111111111106
2.9333333333333336
38.44444444444444
79.12222222222222
33.955555555555556
2.933333333333333
15.122222222222222
7.433333333333334
8.766666666666667
4.722222222222222
10.044444444444444
1.3444444444444446
7.511111111111111
5.433333333333334
15.511111111111111
4.011111111111111
2.7666666666666666
4.944444444444445
3.8777777777777778
6.3999999999999995
27.77777777777778
49.21111111111111
5.822222222222222
1.8333333333333333
3.4333333333333336
1.5666666666666667
1.7333333333333334
0.9333333333333333
2.4555555555555557
6.011111111111111
2.0555555555555554
2.322222222222222
7.122222222222223
4.044444444444444
1.7333333333333334
4.488888888888889
1.4333333333333333
2.8444444444444446
2.5444444444444447
5.877777777777778
3.8222222222222224
0.7111111111111111
3.7888888888888888
1.4333333333333333
0.9888888888888888
0.7666666666666666
2.322222222222222
0.5444444444444444
2.011111111111111
0.6666666666666666
1.1111111111111112
2.2333333333333334
1.511111111111111
2.9
6.944444444444445
0.8444444444444444
1.0666666666666667
1.4333333333333333
3.3777777777777778
2.0444444444444443
2.4
2.6222222222222222
4.544444444444444
2.6666666666666665
0.4
1.6111111111111112
1.7333333333333334
2.0
2.2777777777777777
3.511111111111111
2.2777777777777777
12.677777777777777
1.788888888888889
4.766666666666667
5.344444444444444
3.7333333333333334
4.1
0.9
2.6222222222222222
2.2222222222222223
2.4
3.2888888888888888
26.01111111111111
16.677777777777777
11.166666666666666
1.211111111111111
2.011111111111111
1.6111111111111112
1.4333333333333333
0.9333333333333333
3.3333333333333335
10.322222222222223
2.2666666666666666
0.6222222222222222
2.933333333333333
1.9555555555555555
1.1555555555555554
3.7333333333333334
4.455555555555556
1.1555555555555557
2.677777777777778
2.0555555555555554
1.511111111111111
1.0666666666666667
1.6
2.9
1.7777777777777777
2.3222222222222224
2.0
2.0
7.877777777777778
5.566666666666666
3.1555555555555554
3.066666666666667
3.1555555555555554
3.388888888888889
1.8222222222222222
4.266666666666667
4.1000000000000005
2.011111111111111
4.266666666666667
0.9
2.1
0.9888888888888888
0.6777777777777777
2.2666666666666666
4.766666666666667
0.26666666666666666
3.566666666666667
4.944444444444445
3.7333333333333334
0.8999999999999999
5.788888888888889
11.377777777777778
7.566666666666666
3.5555555555555554
1.5555555555555556
8.011111111111111
3.566666666666667
2.488888888888889
4.988888888888889
5.822222222222222
4.266666666666667
2.1
6.177777777777778
1.1222222222222222
2.322222222222222
10.677777777777777
6.988888888888889
1.5555555555555556
1.1555555555555557
8.266666666666667
2.1
2.6777777777777776
10.677777777777777
4.666666666666667
6.544444444444444
6.044444444444444
1.4333333333333333
2.8444444444444446
5.333333333333333
4.011111111111111
0.9333333333333333
5.288888888888889
0.8444444444444444
3.8333333333333335
3.7777777777777777
5.555555555555555
3.4333333333333336
2.3222222222222224
2.2777777777777777
3.1222222222222222
2.2333333333333334
2.4555555555555557
1.1555555555555554
3.2888888888888888
5.655555555555556
1.9555555555555555
4.988888888888889
75.34444444444445
6.044444444444444
4.322222222222222
2.9
3.1222222222222222
4.044444444444444
3.2111111111111112
2.0555555555555554
1.788888888888889
2.988888888888889
4.222222222222222
17.155555555555555
6.1000000000000005
1.4333333333333333
1.8777777777777778
5.6
2.677777777777778
8.933333333333334
3.7888888888888888
1.8777777777777778
1.5666666666666667
1.3444444444444443
6.622222222222223
1.5666666666666667
4.933333333333334
3.566666666666667
3.1555555555555554
2.5
3.2111111111111112
3.3333333333333335
3.1555555555555554
5.333333333333333
6.711111111111111
6.266666666666667
2.177777777777778
1.1222222222222222
4.944444444444445
5.122222222222223
2.4
5.122222222222223
1.3777777777777778
0.3222222222222222
0.8444444444444444
2.0
11.822222222222223
3.6555555555555554
0.6777777777777777
1.7333333333333334
1.8222222222222222
7.155555555555556
3.8333333333333335
0.9444444444444444
5.111111111111111
1.288888888888889
7.122222222222223
4.222222222222222
2.677777777777778
2.0444444444444443
32.455555555555556
46.98888888888889
0.7111111111111111
7.066666666666666
0.7111111111111111
0.5
3.788888888888889
2.2222222222222223
2.4
1.6555555555555554
27.61111111111111
4.722222222222222
7.6000000000000005
20.177777777777777
1.5666666666666667
10.055555555555555
2.0555555555555554
3.3444444444444446
4.933333333333334
2.8444444444444446
7.611111111111111
1.8333333333333333
2.9
3.7333333333333334
3.3444444444444446
0.6222222222222222
1.6555555555555554
1.3888888888888888
5.166666666666667
3.388888888888889
1.8777777777777778
2.2666666666666666
3.111111111111111
6.233333333333333
4.0
4.322222222222222
2.6222222222222222
1.788888888888889
5.566666666666666
4.322222222222222
2.177777777777778
2.7666666666666666
2.5444444444444443
4.1000000000000005
2.1
1.6
5.344444444444444
9.733333333333334
3.3444444444444446
4.677777777777778
10.177777777777777
3.788888888888889
7.288888888888889
5.6000000000000005
7.6000000000000005
5.122222222222223
5.344444444444444
7.566666666666666
3.511111111111111
5.155555555555556
3.6555555555555554
11.433333333333334
5.166666666666667
7.611111111111111
3.1555555555555554
6.944444444444445
10.677777777777777
6.455555555555556
7.955555555555555
4.5
11.733333333333333
9.066666666666666
6.233333333333333
7.433333333333334
7.822222222222222
4.888888888888889
3.2111111111111112
3.066666666666667
4.455555555555556
3.7777777777777777
61.82222222222222
24.22222222222222
3.8222222222222224
7.555555555555555
7.155555555555556
8.88888888888889
3.1222222222222222
8.844444444444445
15.122222222222222
32.17777777777778
35.111111111111114
6.544444444444444
11.822222222222223
2.488888888888889
18.48888888888889
5.333333333333333
21.51111111111111
9.066666666666666
4.488888888888889
18.666666666666668
9.61111111111111
7.877777777777778
3.6
2.011111111111111
4.055555555555555
1.3333333333333333
2.2333333333333334
1.5555555555555556
4.044444444444444
2.488888888888889
1.288888888888889
2.011111111111111
3.8222222222222224
15.833333333333334
1.5555555555555556
2.988888888888889
12.177777777777777
29.377777777777776
41.43333333333333
4.444444444444445
4.933333333333334
3.511111111111111
3.3777777777777778
3.2111111111111112
4.544444444444444
3.1555555555555554
2.2222222222222223
2.9
7.166666666666667
5.344444444444444
32.71111111111111
4.4
18.322222222222223
2.488888888888889
4.766666666666667
7.288888888888889
1.9555555555555557
5.111111111111111
1.788888888888889
3.8222222222222224
1.6
1.3333333333333333
3.6
0.5444444444444444
4.455555555555556
6.888888888888889
1.0666666666666667
6.266666666666667
3.9555555555555557
8.988888888888889
27.955555555555556
7.344444444444444
8.233333333333334
5.833333333333333
4.9
6.444444444444445
1.5666666666666667
10.1
30.4
3.3444444444444446
3.1222222222222222
2.0444444444444443
5.388888888888889
4.044444444444444
1.8777777777777778
8.988888888888889
12.944444444444445
8.177777777777777
39.82222222222222
28.266666666666666
2.7666666666666666
5.433333333333334
13.377777777777778
5.955555555555556
0.9
2.677777777777778
17.211111111111112
1.1222222222222222
2.5
2.0555555555555554
5.288888888888889
3.566666666666667
8.1
5.066666666666666
2.488888888888889
2.9
1.1222222222222222
2.5
18.1
22.055555555555557
2.011111111111111
1.511111111111111
1.8222222222222222
2.9333333333333336
2.4555555555555557
2.7111111111111112
1.3444444444444443
3.0666666666666664
2.6222222222222222
4.711111111111111
3.8222222222222224
6.844444444444444
13.288888888888888
11.566666666666666
10.933333333333334
6.988888888888889
4.322222222222222
2.488888888888889
9.377777777777778
2.0444444444444443
2.5444444444444443
1.211111111111111
1.9555555555555555
7.333333333333333
8.4
2.177777777777778
1.8777777777777778
5.155555555555556
2.9444444444444446
2.177777777777778
4.177777777777778
9.877777777777778
7.166666666666667
4.055555555555555
5.288888888888889
3.1555555555555554
4.011111111111111
3.2111111111111112
0.5444444444444444
2.1777777777777776
3.3777777777777778
16.844444444444445
6.044444444444444
3.9555555555555557
23.61111111111111
6.888888888888889
2.488888888888889
4.011111111111111
29.344444444444445
11.78888888888889
2.4
8.944444444444445
4.266666666666667
1.8222222222222222
3.3444444444444446
6.1
4.233333333333333
8.233333333333333
6.944444444444445
1.1666666666666667
4.9
4.544444444444444
1.288888888888889
10.177777777777777
1.8222222222222222
4.722222222222222
3.433333333333333
6.488888888888889
1.288888888888889
6.055555555555555
15.955555555555556
11.655555555555555
4.233333333333333
8.233333333333334
7.655555555555556
33.06666666666666
11.555555555555555
8.544444444444444
16.944444444444443
6.766666666666667
59.333333333333336
9.38888888888889
3.8777777777777778
5.122222222222223
2.177777777777778
8.488888888888889
8.455555555555556
7.788888888888889
7.377777777777778
4.622222222222223
9.166666666666666
5.822222222222222
5.211111111111111
6.233333333333333
4.544444444444444
16.48888888888889
2.7666666666666666
5.211111111111111
6.266666666666667
2.4
2.6777777777777776
7.433333333333334
2.8444444444444446
15.877777777777778
1.3444444444444443
13.155555555555555
4.455555555555556
2.2777777777777777
2.4555555555555557
6.322222222222223
4.455555555555556
1.788888888888889
5.877777777777778
3.6
5.377777777777778
2.9444444444444446
7.566666666666666
10.177777777777777
11.877777777777778
3.7333333333333334
4.844444444444444
4.622222222222223
14.622222222222222
9.122222222222222
6.766666666666667
4.233333333333333
8.044444444444444
3.066666666666667
2.6777777777777776
20.5
17.555555555555557
7.344444444444444
8.622222222222222
26.9
32.67777777777778
53.955555555555556
6.488888888888889
25.211111111111112
29.955555555555556
30.666666666666668
2.011111111111111
24.933333333333334
0.7222222222222222
4.455555555555556
6.988888888888889
4.011111111111111
5.433333333333334
24.177777777777777
20.444444444444443
8.277777777777779
4.277777777777778
9.333333333333334
29.38888888888889
26.055555555555557
15.822222222222223
3.111111111111111
14.055555555555555
2.7222222222222223
6.222222222222222
3.7777777777777777
24.01111111111111
13.333333333333334
3.8777777777777778
1.8777777777777778
5.066666666666666
1.288888888888889
4.766666666666667
1.6
4.944444444444445
9.822222222222223
22.4
14.933333333333334
10.455555555555556
2.2777777777777777
3.511111111111111
3.1666666666666665
2.488888888888889
2.988888888888889
2.4
5.344444444444444
6.322222222222222
6.988888888888889
2.2333333333333334
5.433333333333334
4.044444444444444
10.1
4.4
4.177777777777778
3.1555555555555554
5.288888888888889
1.7777777777777777
2.9333333333333336
3.8777777777777778
2.1
2.1777777777777776
8.944444444444445
8.711111111111112
2.6222222222222222
62.98888888888889
68.9888888888889
86.05555555555556
11.511111111111111
5.166666666666667
8.044444444444444
63.955555555555556
5.655555555555556
10.5
8.544444444444444
6.1000000000000005
3.1222222222222222
2.2222222222222223
2.488888888888889
2.2333333333333334
54.233333333333334
22.32222222222222
3.8222222222222224
76.26666666666667
13.655555555555555
2.4555555555555557
1.3777777777777778
66.9
13.211111111111112
0.8888888888888888
53.65555555555555
92.84444444444443
62.84444444444445
85.38888888888889
50.17777777777778
78.67777777777778
90.76666666666667
0.4888888888888889
3.066666666666667
1.6
133.51111111111112
40.71111111111111
84.27777777777777
86.98888888888888
14.044444444444444
6.4
25.82222222222222
1.3777777777777778
45.51111111111111
39.87777777777778
56.666666666666664
39.77777777777778
45.388888888888886
51.611111111111114
9.288888888888888
2.9
11.288888888888888
0.6222222222222222
3.2888888888888888
26.444444444444443
1.6111111111111112
3.433333333333333
5.344444444444445
50.01111111111111
84.4888888888889
66.23333333333333
33.288888888888884
19.12222222222222
3.511111111111111
29.599999999999998
69.95555555555555
2.933333333333333
1.211111111111111
3.8777777777777778
5.111111111111111
1.6111111111111112
4.233333333333333
2.6222222222222222
2.2333333333333334
44.666666666666664
30.4
52.67777777777778
12.011111111111111
120.84444444444445
34.9
12.944444444444445
24.055555555555557
38.766666666666666
24.944444444444443
2.011111111111111
8.455555555555556
52.233333333333334
29.733333333333334
1.4333333333333333
18.933333333333334
17.066666666666666
77.56666666666666
30.988888888888887
24.22222222222222
6.666666666666667
123.43333333333332
29.344444444444445
69.82222222222222
55.06666666666666
53.87777777777778
18.0
41.65555555555555
26.988888888888887
33.15555555555556
8.233333333333334
3.5555555555555554
2.2333333333333334
2.9444444444444446
2.2666666666666666
31.955555555555556
24.9
1.288888888888889
1.8777777777777778
7.833333333333333
3.8222222222222224
6.444444444444445
3.611111111111111
1.3333333333333333
1.1222222222222222
5.566666666666666
2.988888888888889
15.566666666666666
1.788888888888889
8.055555555555555
1.7777777777777777
29.288888888888888
9.555555555555555
6.177777777777778
6.888888888888889
10.766666666666667
7.377777777777778
4.5
8.233333333333334
9.066666666666666
2.2333333333333334
2.0555555555555554
3.5555555555555554
6.444444444444445
8.544444444444444
6.988888888888889
5.877777777777778
4.722222222222222
3.7777777777777777
8.266666666666667
11.433333333333334
14.544444444444444
3.7888888888888888
6.1000000000000005
4.222222222222222
25.377777777777776
8.488888888888889
10.933333333333334
1.6555555555555554
1.211111111111111
0.9333333333333333
11.11111111111111
2.5444444444444443
10.544444444444444
5.288888888888889
10.0
4.711111111111111
23.822222222222223
44.71111111111111
6.488888888888889
26.233333333333334
6.322222222222222
5.344444444444444
2.1
35.28888888888889
10.988888888888889
10.322222222222223
4.1
1.788888888888889
1.8222222222222222
1.5666666666666667
44.900000000000006
1.3444444444444443
65.15555555555555
41.288888888888884
11.155555555555555
11.777777777777779
7.511111111111111
2.4555555555555557
1.8222222222222222
3.3444444444444446
1.1666666666666667
4.011111111111111
2.6222222222222222
4.055555555555555
30.933333333333334
5.344444444444444
0.8888888888888888
5.822222222222222
27.433333333333334
45.12222222222222
1.8777777777777778
9.733333333333333
4.233333333333333
61.822222222222216
27.566666666666666
2.1777777777777776
70.54444444444445
0.8444444444444444
45.43333333333334
33.111111111111114
0.26666666666666666
61.37777777777778
90.67777777777778
16.044444444444444
1.788888888888889
60.98888888888889
31.955555555555556
72.0
35.56666666666666
79.6
27.955555555555556
94.84444444444445
234.04444444444442
24.48888888888889
31.11111111111111
37.56666666666666
18.62222222222222
19.77777777777778
20.98888888888889
8.277777777777779
36.1
16.055555555555557
13.877777777777778
20.01111111111111
15.377777777777778
6.544444444444444
43.6
3.288888888888889
8.488888888888889
3.9555555555555557
109.6
10.722222222222221
30.044444444444444
69.34444444444445
25.333333333333332
135.12222222222223
111.21111111111111
42.93333333333333
24.666666666666668
37.12222222222222
37.87777777777778
68.62222222222222
35.733333333333334
46.233333333333334
87.16666666666667
95.37777777777778
101.73333333333333
49.611111111111114
72.71111111111111
49.21111111111111
41.87777777777778
40.32222222222222
36.766666666666666
91.16666666666667
6.011111111111111
5.288888888888889
4.9
24.488888888888887
73.77777777777777
71.37777777777778
2.2666666666666666
0.9444444444444444
58.233333333333334
62.266666666666666
77.15555555555555
40.05555555555556
24.177777777777777
38.544444444444444
94.9
39.37777777777778
53.51111111111111
46.01111111111111
41.111111111111114
44.93333333333333
10.055555555555555
6.233333333333333
31.566666666666666
76.54444444444444
23.51111111111111
100.71111111111111
53.288888888888884
61.78888888888889
77.56666666666666
27.788888888888888
28.72222222222222
45.6
64.1
126.32222222222222
70.98888888888888
63.82222222222222
49.288888888888884
28.1
77.56666666666666
4.988888888888889
46.98888888888889
13.344444444444445
26.944444444444443
45.388888888888886
3.566666666666667
59.77777777777778
3.7777777777777777
3.8222222222222224
3.111111111111111
20.01111111111111
32.98888888888889
17.822222222222223
4.488888888888889
2.0444444444444443
3.511111111111111
31.788888888888888
5.288888888888889
6.544444444444444
1.0666666666666667
3.6
0.8444444444444444
2.7666666666666666
3.8333333333333335
4.044444444444444
1.3777777777777778
1.788888888888889
2.2666666666666666
10.844444444444443
2.4
3.8333333333333335
2.3222222222222224
18.455555555555556
33.111111111111114
2.488888888888889
3.4333333333333336
0.7111111111111111
6.844444444444444
98.9
97.16666666666667
78.45555555555555
137.65555555555554
30.32222222222222
13.344444444444443
78.0111111111111
10.0
3.3777777777777778
13.377777777777778
5.6
23.166666666666668
3.6
4.933333333333334
5.611111111111111
3.1222222222222222
3.7777777777777777
15.6
22.099999999999998
1.511111111111111
3.3777777777777778
5.333333333333333
5.155555555555556
5.066666666666666
11.21111111111111
11.377777777777778
3.566666666666667
2.6666666666666665
4.4
1.1222222222222222
61.77777777777778
34.4
19.6
2.0555555555555554
10.933333333333334
4.622222222222223
0.9888888888888888
2.1
10.944444444444445
37.51111111111111
100.04444444444444
72.88888888888889
51.56666666666666
104.04444444444444
50.544444444444444
47.788888888888884
72.23333333333333
10.266666666666666
89.87777777777778
78.84444444444445
18.488888888888887
27.288888888888888
2.2777777777777777
13.288888888888888
3.7888888888888888
3.7333333333333334
1.6555555555555554
13.122222222222222
4.322222222222222
7.433333333333334
8.266666666666667
47.166666666666664
20.766666666666666
127.65555555555555
77.78888888888889
6.055555555555555
33.15555555555555
53.51111111111111
46.01111111111111
23.38888888888889
3.3333333333333335
4.488888888888889
24.88888888888889
10.544444444444444
6.177777777777778
4.266666666666667
15.733333333333333
55.06666666666666
8.1
6.766666666666667
8.722222222222221
17.066666666666666
44.22222222222222
14.044444444444444
34.48888888888889
58.62222222222222
16.01111111111111
8.488888888888889
6.666666666666667
23.566666666666666
4.677777777777778
3.511111111111111
33.87777777777778
11.377777777777778
12.933333333333334
1.511111111111111
36.27777777777778
7.822222222222222
3.1222222222222222
4.011111111111111
5.733333333333333
2.2777777777777777
6.9
5.777777777777778
2.4444444444444446
47.55555555555556
7.733333333333333
22.933333333333334
5.066666666666666
26.711111111111112
11.377777777777778
2.1
2.7111111111111112
5.122222222222222
20.01111111111111
3.3333333333333335
52.17777777777778
5.6
5.566666666666666
48.17777777777778
7.344444444444444
9.61111111111111
25.333333333333332
5.155555555555556
19.377777777777776
0.45555555555555555
52.544444444444444
2.9
77.83333333333333
30.72222222222222
31.51111111111111
28.666666666666668
10.444444444444445
31.822222222222223
2.7666666666666666
5.822222222222222
0.6777777777777778
3.9555555555555557
4.233333333333333
2.7666666666666666
2.2333333333333334
1.511111111111111
6.544444444444444
2.9
5.122222222222223
1.511111111111111
2.2333333333333334
0.9333333333333333
1.4333333333333333
0.9888888888888888
1.788888888888889
29.288888888888888
0.7111111111111111
2.7222222222222223
0.7666666666666666
1.1222222222222222
0.8444444444444444
0.7666666666666666
1.511111111111111
1.1111111111111112
0.0
3.2888888888888888
3.6555555555555554
4.266666666666667
2.6777777777777776
2.2333333333333334
1.1555555555555554
3.1555555555555554
0.6777777777777777
0.45555555555555555
4.0
1.3333333333333333
0.5
4.266666666666667
7.211111111111111
48.62222222222223
8.1
2.988888888888889
4.177777777777778
2.0444444444444443
43.34444444444445
59.955555555555556
66.23333333333333
57.15555555555555
77.77777777777777
44.17777777777778
14.0
43.12222222222222
2.8444444444444446
35.12222222222222
1.8777777777777778
45.82222222222222
3.066666666666667
61.733333333333334
45.288888888888884
28.055555555555557
11.38888888888889
2.0555555555555554
1.5666666666666667
156.4
112.67777777777778
77.43333333333334
1.3444444444444446
1.7333333333333334
91.16666666666667
39.82222222222222
37.6
45.77777777777778
2.3222222222222224
3.7333333333333334
7.877777777777778
5.066666666666666
3.2111111111111112
2.2222222222222223
7.777777777777778
3.2111111111111112
2.2222222222222223
1.7777777777777777
27.877777777777776
114.72222222222223
84.9
66.23333333333333
30.1
3.388888888888889
6.177777777777778
13.333333333333334
9.61111111111111
8.455555555555556
7.822222222222222
4.766666666666667
12.277777777777779
7.155555555555556
5.877777777777778
8.766666666666667
5.777777777777778
2.4555555555555557
1.8777777777777778
5.155555555555556
7.611111111111111
11.433333333333334
18.266666666666666
18.444444444444443
11.344444444444443
10.044444444444444
5.288888888888889
13.833333333333334
6.266666666666667
8.933333333333334
15.6
7.377777777777778
36.01111111111111
30.1
17.877777777777776
14.266666666666667
16.48888888888889
4.888888888888889
7.066666666666666
7.777777777777778
12.622222222222222
13.955555555555556
13.511111111111111
17.655555555555555
13.788888888888888
9.733333333333333
8.544444444444444
12.277777777777779
5.555555555555555
4.888888888888889
21.6
26.1
20.455555555555556
3.3444444444444446
5.777777777777778
9.28888888888889
4.711111111111111
10.988888888888889
8.766666666666667
9.155555555555555
4.1
7.122222222222223
11.566666666666666
4.766666666666667
6.322222222222222
21.61111111111111
7.822222222222222
8.666666666666666
8.233333333333334
9.377777777777778
9.61111111111111
8.233333333333334
5.166666666666667
5.333333333333333
2.0
5.788888888888889
9.333333333333334
2.8444444444444446
6.844444444444444
7.288888888888889
5.566666666666666
10.88888888888889
24.62222222222222
194.94444444444446
6.266666666666667
14.266666666666667
4.988888888888889
4.177777777777778
9.788888888888888
6.4
7.6000000000000005
11.377777777777778
4.044444444444444
8.944444444444445
4.233333333333333
8.844444444444445
12.488888888888889
7.377777777777778
4.1000000000000005
18.544444444444444
15.788888888888888
6.766666666666667
8.011111111111111
20.933333333333334
17.822222222222223
5.822222222222222
11.511111111111111
4.677777777777778
9.6
6.988888888888889
4.766666666666667
14.233333333333333
8.988888888888889
4.266666666666667
13.822222222222223
14.222222222222221
10.322222222222223
16.233333333333334
9.877777777777778
4.488888888888889
9.211111111111112
10.011111111111111
2.677777777777778
2.2222222222222223
7.511111111111111
4.222222222222222
6.622222222222222
5.655555555555556
5.822222222222222
3.2888888888888888
26.544444444444444
4.277777777777778
5.511111111111111
1.788888888888889
1.6111111111111112
12.666666666666666
2.0
2.9444444444444446
7.155555555555556
4.1000000000000005
8.622222222222222
6.266666666666667
8.933333333333334
4.544444444444444
1.7777777777777777
3.1555555555555554
1.6555555555555554
2.9444444444444446
3.1555555555555554
2.677777777777778
1.3333333333333333
105.38888888888889
138.04444444444445
15.288888888888888
1.3444444444444446
5.733333333333333
22.711111111111112
16.22222222222222
73.38888888888889
86.04444444444444
88.9888888888889
76.93333333333334
81.82222222222222
81.6
15.344444444444445
63.06666666666666
12.544444444444444
35.82222222222222
57.87777777777778
29.77777777777778
1.211111111111111
0.9
54.01111111111111
76.89999999999999
79.21111111111111
42.266666666666666
54.84444444444444
73.43333333333334
2.2333333333333334
3.511111111111111
5.433333333333334
6.622222222222223
2.1
0.9888888888888888
0.9888888888888888
3.8222222222222224
8.233333333333334
88.9
25.288888888888888
39.55555555555556
40.17777777777778
38.1
56.266666666666666
60.94444444444444
62.44444444444444
68.67777777777778
11.511111111111111
12.9
4.455555555555556
8.677777777777777
12.933333333333334
8.9
4.844444444444444
2.488888888888889
1.3444444444444443
24.844444444444445
13.377777777777778
5.566666666666666
8.044444444444444
2.488888888888889
2.011111111111111
4.055555555555555
3.3444444444444446
2.5444444444444443
12.266666666666667
2.3222222222222224
6.4
3.3333333333333335
6.266666666666667
1.8222222222222222
10.622222222222222
4.722222222222222
1.1222222222222222
1.6555555555555554
3.511111111111111
4.9
2.8444444444444446
2.933333333333333
4.933333333333334
7.566666666666666
4.988888888888889
38.32222222222222
3.1222222222222222
1.288888888888889
5.377777777777778
1.5666666666666667
2.2333333333333334
7.6000000000000005
0.9
1.3333333333333333
5.955555555555556
4.266666666666667
3.3777777777777778
6.266666666666667
30.32222222222222
1.5555555555555556
2.2222222222222223
3.4333333333333336
16.544444444444444
10.988888888888889
9.066666666666666
0.9888888888888888
6.277777777777778
4.177777777777778
5.655555555555556
17.211111111111112
10.622222222222222
16.766666666666666
3.1666666666666665
8.233333333333333
1.3444444444444443
3.2888888888888888
2.4444444444444446
3.2111111111111112
0.9444444444444444
1.3444444444444446
8.055555555555555
5.344444444444444
2.488888888888889
21.566666666666666
6.0
42.98888888888889
3.3777777777777778
12.622222222222222
2.5444444444444447
1.7777777777777777
2.7666666666666666
4.322222222222222
22.93333333333333
4.233333333333333
3.111111111111111
9.433333333333334
2.0555555555555554
23.122222222222224
15.155555555555555
5.822222222222222
14.988888888888889
2.3222222222222224
60.044444444444444
119.06666666666666
106.67777777777778
41.77777777777778
42.455555555555556
46.62222222222223
98.48888888888888
11.288888888888888
55.87777777777777
103.37777777777778
54.93333333333333
45.37777777777778
62.48888888888889
76.54444444444444
94.48888888888888
74.94444444444444
27.955555555555556
0.8444444444444444
75.55555555555556
82.22222222222223
72.0111111111111
6.1000000000000005
26.044444444444444
52.98888888888889
61.43333333333334
84.1
11.11111111111111
28.933333333333334
16.266666666666666
36.27777777777778
94.26666666666667
3.6555555555555554
39.56666666666666
4.622222222222223
8.4
0.8999999999999999
2.9333333333333336
2.4
3.3777777777777778
4.266666666666667
2.933333333333333
1.9555555555555555
3.6555555555555554
1.0666666666666667
26.322222222222223
2.677777777777778
4.011111111111111
2.1
6.3999999999999995
2.9333333333333336
2.933333333333333
18.9
89.95555555555555
43.333333333333336
11.733333333333333
16.322222222222223
5.166666666666667
11.288888888888888
6.266666666666667
4.4
9.6
1.3888888888888888
73.34444444444445
32.01111111111111
73.34444444444445
32.71111111111111
8.711111111111112
34.71111111111111
8.488888888888889
5.877777777777778
57.611111111111114
3.2111111111111112
2.488888888888889
31.155555555555555
14.544444444444444
4.444444444444445
5.433333333333334
42.666666666666664
39.56666666666666
5.777777777777778
35.78888888888889
5.388888888888889
18.044444444444444
50.72222222222222
18.444444444444443
1.3444444444444446
6.888888888888889
6.011111111111111
6.622222222222223
3.9555555555555557
3.1222222222222222
6.766666666666667
8.677777777777777
3.611111111111111
4.0
1.0666666666666667
40.9
95.51111111111112
2.1777777777777776
7.566666666666666
133.34444444444443
85.16666666666667
55.333333333333336
56.48888888888889
27.38888888888889
82.27777777777777
67.28888888888889
46.044444444444444
2.933333333333333
122.05555555555556
2.3222222222222224
8.222222222222221
17.333333333333332
19.822222222222223
75.61111111111111
31.38888888888889
94.23333333333333
8.266666666666667
69.87777777777778
17.82222222222222
13.288888888888888
23.066666666666666
7.877777777777778
2.9444444444444446
1.6555555555555557
57.955555555555556
78.94444444444444
53.511111111111106
0.7666666666666666
2.177777777777778
1.3444444444444446
29.655555555555555
81.55555555555556
4.322222222222222
67.56666666666666
6.844444444444445
6.055555555555555
26.944444444444443
2.011111111111111
67.33333333333333
38.17777777777778
43.6
92.76666666666667
21.51111111111111
3.7777777777777777
10.488888888888889
27.433333333333334
8.5
28.9
6.044444444444444
87.33333333333333
51.111111111111114
94.5
46.44444444444444
1.4333333333333333
4.988888888888889
1.788888888888889
6.055555555555555
4.4
2.4444444444444446
30.988888888888887
13.122222222222222
83.56666666666666
81.43333333333334
77.21111111111111
33.37777777777777
79.78888888888889
77.55555555555556
28.488888888888887
3.6
37.166666666666664
26.01111111111111
2.9
40.84444444444444
14.044444444444444
34.455555555555556
42.72222222222222
77.28888888888889
27.73333333333333
12.1
4.011111111111111
67.43333333333334
50.666666666666664
27.066666666666666
76.32222222222222
88.44444444444444
4.444444444444445
40.93333333333334
32.71111111111111
91.38888888888889
66.32222222222222
18.044444444444444
38.84444444444445
96.1
64.48888888888888
3.9555555555555557
32.93333333333333
1.1222222222222222
18.322222222222223
24.488888888888887
7.655555555555556
44.766666666666666
2.2222222222222223
20.22222222222222
2.3222222222222224
89.15555555555555
55.82222222222222
0.6777777777777777
41.65555555555555
95.15555555555555
40.01111111111111
21.61111111111111
10.622222222222222
9.822222222222223
6.677777777777777
3.433333333333333
0.48888888888888893
6.444444444444445
9.511111111111111
20.711111111111112
53.87777777777778
30.944444444444443
82.71111111111111
68.89999999999999
48.544444444444444
60.5
56.17777777777778
32.98888888888889
87.95555555555556
78.67777777777778
63.6
104.71111111111111
59.511111111111106
84.26666666666667
11.122222222222222
93.06666666666666
9.877777777777778
75.87777777777778
74.72222222222223
2.2333333333333334
70.0
76.17777777777778
33.87777777777778
8.233333333333334
106.89999999999999
9.655555555555555
61.28888888888889
45.06666666666666
4.544444444444444
9.333333333333334
4.455555555555556
16.044444444444444
38.84444444444444
86.05555555555556
26.933333333333334
71.43333333333334
81.34444444444445
56.011111111111106
70.17777777777778
52.455555555555556
12.488888888888889
38.48888888888889
72.71111111111111
122.39999999999999
36.17777777777778
4.455555555555556
10.544444444444444
80.48888888888888
71.65555555555555
106.23333333333333
23.51111111111111
45.21111111111111
13.655555555555555
99.15555555555555
2.1
11.955555555555556
36.44444444444444
60.32222222222222
2.5444444444444447
6.444444444444445
4.9
2.322222222222222
11.377777777777778
34.48888888888889
9.877777777777778
2.9333333333333336
6.766666666666667
4.1
83.28888888888889
141.56666666666666
82.72222222222223
58.44444444444444
58.666666666666664
143.43333333333334
19.955555555555556
69.95555555555555
93.06666666666666
16.233333333333334
52.23333333333333
64.23333333333333
18.88888888888889
92.54444444444444
81.21111111111111
57.06666666666666
8.766666666666667
53.288888888888884
41.43333333333333
38.93333333333333
57.733333333333334
32.17777777777778
2.5
5.777777777777778
2.177777777777778
6.044444444444444
1.8222222222222222
3.8333333333333335
10.71111111111111
6.1000000000000005
3.8777777777777778
0.26666666666666666
6.1
4.444444444444445
90.98888888888888
48.67777777777778
22.055555555555557
30.71111111111111
73.65555555555555
8.844444444444445
11.655555555555557
19.433333333333334
1.9555555555555555
2.2666666666666666
12.055555555555555
2.5444444444444443
3.066666666666667
47.51111111111111
2.1
56.544444444444444
1.7333333333333334
39.51111111111111
3.3777777777777778
2.6666666666666665
8.1
4.4
2.4555555555555557
10.988888888888889
2.2333333333333334
48.888888888888886
13.877777777777778
8.488888888888889
5.833333333333333
4.711111111111111
68.4888888888889
3.1666666666666665
5.344444444444444
0.26666666666666666
5.566666666666666
2.1
2.4444444444444446
1.3777777777777778
1.8222222222222222
3.3444444444444446
2.5444444444444447
0.45555555555555555
5.066666666666666
1.5555555555555556
2.2222222222222223
2.2333333333333334
4.666666666666667
7.344444444444444
1.7777777777777777
9.555555555555555
6.177777777777778
4.544444444444444
0.7111111111111111
3.7777777777777777
6.455555555555556
2.177777777777778
1.5555555555555556
18.1
2.8444444444444446
2.2666666666666666
8.677777777777777
3.611111111111111
1.1222222222222222
1.511111111111111
1.211111111111111
6.044444444444444
0.9
70.67777777777778
14.9
16.322222222222223
4.011111111111111
40.0
13.288888888888888
97.21111111111111
7.822222222222222
45.34444444444444
77.82222222222222
77.56666666666666
22.4
25.555555555555557
88.4
40.266666666666666
45.06666666666666
31.788888888888888
65.37777777777778
32.48888888888889
5.566666666666666
0.8888888888888888
2.7666666666666666
1.0666666666666667
5.955555555555556
5.333333333333333
4.322222222222222
1.788888888888889
1.788888888888889
19.733333333333334
12.044444444444444
1.5555555555555556
94.98888888888888
7.344444444444444
56.71111111111111
77.43333333333334
125.12222222222222
62.044444444444444
79.61111111111111
54.05555555555556
57.82222222222222
68.04444444444444
1.511111111111111
52.67777777777778
5.555555555555555
34.666666666666664
12.544444444444444
1.5666666666666667
32.27777777777778
3.1555555555555554
63.12222222222222
2.677777777777778
4.0
5.788888888888889
51.333333333333336
54.544444444444444
7.066666666666666
55.28888888888889
19.877777777777776
73.87777777777778
79.28888888888889
21.155555555555555
97.65555555555555
28.233333333333334
9.344444444444445
5.377777777777778
0.9444444444444444
4.9
11.122222222222222
1.4333333333333333
3.1666666666666665
1.3444444444444443
3.8777777777777778
6.4
10.055555555555555
2.711111111111111
1.9555555555555555
73.82222222222222
1.7333333333333334
2.2333333333333334
1.788888888888889
39.21111111111111
9.211111111111112
35.37777777777778
55.37777777777778
22.4
7.6000000000000005
10.233333333333333
7.377777777777778
4.233333333333333
4.177777777777778
4.044444444444444
4.044444444444444
5.344444444444444
2.988888888888889
4.9
14.722222222222221
6.711111111111111
6.222222222222222
45.788888888888884
0.9
4.177777777777778
3.1222222222222222
1.5999999999999999
1.9555555555555555
2.1
5.6
15.344444444444445
33.06666666666666
206.98888888888888
175.2111111111111
9.511111111111111
4.277777777777778
59.65555555555556
37.21111111111111
2.9
58.67777777777778
9.11111111111111
17.788888888888888
11.377777777777778
4.011111111111111
6.988888888888889
7.211111111111111
1.4333333333333333
1.1222222222222222
9.066666666666666
16.844444444444445
2.488888888888889
6.055555555555555
5.788888888888889
3.3333333333333335
8.544444444444444
1.8222222222222222
16.01111111111111
3.3444444444444446
5.122222222222223
10.766666666666667
4.444444444444445
2.4555555555555557
1.3777777777777778
3.4333333333333336
4.544444444444444
16.711111111111112
0.4
0.6666666666666666
1.6111111111111112
28.9
3.9555555555555557
16.1
8.277777777777779
2.9444444444444446
2.9444444444444446
4.177777777777778
55.56666666666666
15.066666666666665
3.7888888888888888
64.88888888888889
12.1
1.0666666666666667
2.0444444444444443
3.388888888888889
6.988888888888889
2.7222222222222223
2.177777777777778
2.6777777777777776
0.7666666666666666
1.6555555555555554
1.6555555555555554
1.511111111111111
0.4888888888888889
5.733333333333333
8.266666666666667
2.3222222222222224
20.322222222222223
3.4333333333333336
1.3777777777777778
2.7666666666666666
36.266666666666666
2.7111111111111112
26.711111111111112
6.488888888888889
30.48888888888889
7.288888888888889
6.9
9.555555555555555
4.266666666666667
5.955555555555556
2.888888888888889
3.566666666666667
64.54444444444444
2.711111111111111
3.822222222222222
28.455555555555556
1.4333333333333333
4.011111111111111
5.877777777777778
1.8777777777777778
2.4
9.655555555555555
2.0444444444444443
4.233333333333333
0.9
3.6
59.55555555555556
4.622222222222223
17.288888888888888
2.0555555555555554
21.344444444444445
3.8222222222222224
56.766666666666666
1.788888888888889
1.5555555555555556
4.322222222222222
3.9555555555555557
2.6222222222222222
1.0666666666666667
3.566666666666667
2.1
5.822222222222222
1.3777777777777778
24.71111111111111
3.7888888888888888
0.7111111111111111
3.6
2.1
4.933333333333334
0.6666666666666666
2.011111111111111
1.3777777777777778
1.8333333333333333
2.2666666666666666
0.9
1.4333333333333333
3.8777777777777778
13.511111111111111
6.055555555555555
66.98888888888888
8.544444444444444
47.6
2.4444444444444446
3.511111111111111
1.0666666666666667
23.61111111111111
68.32222222222222
1.0666666666666667
5.288888888888889
33.43333333333334
2.0555555555555554
1.211111111111111
25.211111111111112
52.044444444444444
0.5
2.177777777777778
2.0444444444444443
46.72222222222222
1.4333333333333333
0.4888888888888889
4.222222222222222
3.3444444444444446
1.288888888888889
1.1555555555555554
4.666666666666667
3.1666666666666665
2.0444444444444443
5.111111111111111
6.455555555555556
6.222222222222222
3.3777777777777778
7.333333333333333
0.7666666666666666
1.4333333333333333
0.4
3.1666666666666665
5.344444444444444
4.711111111111111
2.5444444444444443
0.9444444444444444
1.8222222222222222
0.5
2.4444444444444446
0.4888888888888889
4.888888888888889
4.766666666666667
2.488888888888889
3.1222222222222222
6.044444444444444
2.322222222222222
1.4333333333333333
36.62222222222223
0.7111111111111111
0.8888888888888888
4.444444444444445
2.888888888888889
1.5555555555555556
1.3333333333333333
2.488888888888889
4.055555555555555
9.122222222222222
0.3222222222222222
0.9888888888888888
1.3777777777777778
3.8333333333333335
18.266666666666666
24.88888888888889
10.1
6.177777777777778
24.322222222222223
2.888888888888889
14.933333333333334
31.38888888888889
7.211111111111111
12.899999999999999
11.822222222222223
19.77777777777778
16.177777777777777
12.222222222222221
3.7777777777777777
5.511111111111111
10.666666666666666
2.2777777777777777
7.655555555555556
1.9555555555555555
3.3333333333333335
7.833333333333333
9.655555555555555
24.677777777777777
16.322222222222223
25.344444444444445
3.822222222222222
2.7666666666666666
1.8333333333333333
1.7333333333333334
2.5444444444444443
3.388888888888889
3.7777777777777777
0.8888888888888888
2.6666666666666665
4.544444444444444
5.788888888888889
4.622222222222223
10.666666666666666
4.888888888888889
4.766666666666667
3.511111111111111
5.288888888888889
2.2666666666666666
2.0444444444444443
2.6222222222222222
3.8222222222222224
2.6222222222222222
0.45555555555555555
0.8999999999999999
4.044444444444444
2.5444444444444443
9.211111111111112
3.2888888888888888
3.066666666666667
12.988888888888889
5.433333333333334
2.888888888888889
15.122222222222222
3.566666666666667
10.666666666666666
12.766666666666667
1.0666666666666667
2.4
4.9
22.844444444444445
15.155555555555555
9.433333333333334
12.233333333333333
6.677777777777778
10.88888888888889
11.955555555555556
18.044444444444444
17.377777777777776
9.155555555555555
7.6
2.4444444444444446
5.344444444444445
0.9333333333333333
2.2333333333333334
9.511111111111111
3.7888888888888888
8.055555555555555
7.122222222222222
1.6555555555555554
5.955555555555556
4.233333333333333
6.233333333333333
8.4
2.2666666666666666
2.0444444444444443
0.26666666666666666
4.722222222222222
3.6555555555555554
3.6
4.766666666666667
11.377777777777778
9.38888888888889
70.67777777777778
10.722222222222221
7.344444444444444
6.233333333333333
4.933333333333334
2.888888888888889
15.877777777777778
4.1000000000000005
13.211111111111112
4.9
25.066666666666666
87.37777777777778
26.01111111111111
3.6555555555555554
10.1
4.055555555555555
12.011111111111111
8.266666666666667
8.044444444444444
3.388888888888889
8.322222222222223
8.622222222222222
6.011111111111111
1.5999999999999999
17.833333333333332
5.788888888888889
1.6555555555555554
5.066666666666666
19.733333333333334
4.011111111111111
12.844444444444445
13.333333333333334
6.9
2.8444444444444446
3.7777777777777777
0.9333333333333333
7.955555555555556
6.322222222222222
3.7888888888888888
3.1222222222222222
2.6777777777777776
6.544444444444444
3.7333333333333334
9.877777777777778
5.122222222222223
3.1555555555555554
5.555555555555555
4.622222222222223
18.622222222222224
2.488888888888889
6.233333333333333
2.6666666666666665
2.488888888888889
0.9444444444444444
4.677777777777778
6.944444444444445
11.777777777777779
7.166666666666667
4.711111111111111
3.1222222222222222
6.322222222222222
79.56666666666666
16.9
161.73333333333335
4.277777777777778
2.488888888888889
4.044444444444444
34.455555555555556
53.37777777777777
6.4
6.9
14.1
13.377777777777778
9.333333333333334
13.555555555555555
16.766666666666666
14.0
7.788888888888889
2.0444444444444443
1.7777777777777777
5.6
2.9
3.8222222222222224
14.766666666666667
7.155555555555556
16.88888888888889
6.011111111111111
22.5
7.166666666666667
17.122222222222224
14.4
6.488888888888889
1.788888888888889
81.34444444444443
90.22222222222223
6.177777777777778
4.044444444444444
8.988888888888889
2.5444444444444443
4.266666666666667
7.166666666666667
2.6777777777777776
4.011111111111111
7.566666666666666
3.2888888888888888
3.288888888888889
3.7333333333333334
5.155555555555556
7.655555555555556
10.177777777777777
3.3333333333333335
8.455555555555556
5.155555555555556
7.122222222222223
0.8888888888888888
3.5555555555555554
2.9333333333333336
5.155555555555556
3.5666666666666664
6.711111111111111
2.488888888888889
9.377777777777778
6.011111111111111
1.8777777777777778
1.7777777777777777
0.45555555555555555
1.5666666666666667
5.566666666666666
3.3333333333333335
33.28888888888889
2.988888888888889
3.5999999999999996
7.122222222222223
1.5666666666666667
1.211111111111111
4.933333333333334
2.488888888888889
4.044444444444444
2.2777777777777777
1.511111111111111
2.4444444444444446
3.511111111111111
2.2777777777777777
3.4333333333333336
13.777777777777779
60.766666666666666
81.95555555555555
8.177777777777777
4.888888888888889
48.72222222222222
18.933333333333334
103.95555555555556
58.5
58.67777777777778
55.56666666666666
79.87777777777778
28.844444444444445
72.9888888888889
87.83333333333333
8.4
44.17777777777778
64.04444444444444
26.622222222222224
52.233333333333334
51.6
64.32222222222222
32.93333333333333
4.488888888888889
8.455555555555556
8.322222222222223
4.044444444444444
2.2777777777777777
4.888888888888889
4.1000000000000005
4.1000000000000005
1.6555555555555554
10.71111111111111
1.0666666666666667
3.8222222222222224
4.544444444444444
5.566666666666666
1.788888888888889
2.488888888888889
60.93333333333333
14.766666666666667
11.122222222222222
3.511111111111111
1.5999999999999999
12.4
4.488888888888889
3.1666666666666665
1.6555555555555557
4.455555555555556
3.611111111111111
2.4555555555555557
8.844444444444445
6.844444444444444
2.1
1.9555555555555555
2.988888888888889
2.0444444444444443
1.7333333333333334
4.444444444444445
44.044444444444444
7.377777777777778
4.711111111111111
4.933333333333334
2.1
53.12222222222223
1.3444444444444446
1.1222222222222222
0.8888888888888888
44.67777777777778
3.2888888888888888
3.6
1.6111111111111112
4.666666666666667
47.6
2.1777777777777776
2.8444444444444446
2.3222222222222224
1.3777777777777778
2.011111111111111
1.3444444444444446
3.6555555555555554
2.4
0.7666666666666666
1.6555555555555554
2.8444444444444446
2.1
3.1222222222222222
33.111111111111114
15.833333333333334
0.26666666666666666
1.7333333333333334
3.8333333333333335
4.322222222222222
1.5666666666666667
0.7222222222222222
1.1222222222222222
1.5666666666666667
1.4333333333333333
2.2666666666666666
1.211111111111111
1.5999999999999999
1.3888888888888888
2.5444444444444443
10.4
19.51111111111111
16.5
5.833333333333333
100.71111111111111
10.5
41.28888888888889
2.2666666666666666
5.211111111111111
5.955555555555556
6.766666666666667
0.6222222222222222
1.1666666666666667
6.844444444444445
12.544444444444444
5.877777777777778
13.377777777777778
21.122222222222224
42.233333333333334
28.544444444444444
3.1222222222222222
2.4
4.1000000000000005
1.5999999999999999
2.988888888888889
2.7111111111111112
58.93333333333333
45.51111111111111
1.8777777777777778
0.8999999999999999
5.377777777777778
6.177777777777778
4.666666666666667
2.9
1.211111111111111
5.066666666666666
6.266666666666667
5.211111111111111
4.011111111111111
1.288888888888889
1.9555555555555555
4.5
3.511111111111111
4.711111111111111
7.733333333333333
10.88888888888889
3.2888888888888888
2.4555555555555557
2.488888888888889
3.3777777777777778
1.8222222222222222
11.655555555555555
14.622222222222222
3.388888888888889
4.544444444444444
5.155555555555556
1.3333333333333333
138.67777777777778
0.6777777777777778
16.844444444444445
40.233333333333334
44.266666666666666
78.54444444444444
59.77777777777778
63.733333333333334
7.733333333333333
9.122222222222222
2.2222222222222223
4.233333333333333
6.5
4.766666666666667
8.044444444444444
2.7666666666666666
2.4
3.4333333333333336
5.6
7.211111111111111
0.8999999999999999
2.933333333333333
1.8222222222222222
2.488888888888889
4.1000000000000005
2.5
71.73333333333333
5.155555555555556
2.011111111111111
2.4555555555555557
1.1111111111111112
57.733333333333334
1.5555555555555556
57.611111111111114
12.71111111111111
2.5444444444444443
121.73333333333333
2.0444444444444443
34.266666666666666
2.2777777777777777
3.8333333333333335
45.388888888888886
4.044444444444444
35.82222222222222
6.055555555555555
4.455555555555556
5.377777777777778
2.6222222222222222
3.1555555555555554
4.933333333333334
2.177777777777778
2.9333333333333336
0.1
3.3777777777777778
5.733333333333333
4.0
1.8222222222222222
1.5666666666666667
0.2777777777777778
1.288888888888889
2.0444444444444443
1.8777777777777778
13.955555555555556
94.27777777777777
2.988888888888889
38.01111111111111
2.888888888888889
4.322222222222222
4.988888888888889
1.3333333333333333
3.511111111111111
4.5
1.6
5.877777777777778
1.1555555555555557
17.788888888888888
44.62222222222223
4.233333333333333
2.6222222222222222
1.3444444444444446
0.8999999999999999
1.1555555555555554
3.066666666666667
3.7888888888888888
3.1666666666666665
3.066666666666667
8.9
2.011111111111111
0.9333333333333333
1.288888888888889
2.1
4.4
5.6
0.8888888888888888
2.6666666666666665
3.8777777777777778
3.566666666666667
1.9555555555555555
73.34444444444445
44.4
97.61111111111111
36.455555555555556
72.0111111111111
99.61111111111111
87.37777777777778
48.044444444444444
85.55555555555556
104.26666666666667
37.78888888888889
9.211111111111112
26.544444444444444
112.98888888888888
105.15555555555555
65.73333333333333
63.733333333333334
2.2777777777777777
0.8888888888888888
79.15555555555555
1.288888888888889
1.1555555555555554
3.6555555555555554
1.788888888888889
53.37777777777778
1.788888888888889
3.8777777777777778
2.988888888888889
5.511111111111111
2.011111111111111
1.5999999999999999
10.544444444444444
35.87777777777777
1.3777777777777778
3.288888888888889
4.055555555555555
4.622222222222223
3.1555555555555554
2.322222222222222
2.1
2.9
2.7111111111111112
13.288888888888888
3.8333333333333335
2.4555555555555557
129.95555555555555
5.066666666666666
21.77777777777778
2.0555555555555554
2.0444444444444443
8.222222222222221
2.011111111111111
7.6
2.6777777777777776
4.322222222222222
0.8999999999999999
3.566666666666667
1.5555555555555556
5.788888888888889
41.82222222222222
117.33333333333333
76.4
9.733333333333334
9.155555555555555
39.43333333333333
4.9
15.433333333333334
12.044444444444444
15.066666666666666
65.33333333333333
48.266666666666666
56.766666666666666
4.044444444444444
3.6555555555555554
3.6
45.388888888888886
118.98888888888888
111.6
63.6
87.38888888888889
21.822222222222223
90.98888888888888
61.21111111111111
69.82222222222222
58.48888888888889
55.955555555555556
93.43333333333332
62.98888888888889
50.455555555555556
11.066666666666666
5.433333333333334
32.233333333333334
3.8777777777777778
46.011111111111106
64.26666666666667
25.066666666666666
66.9888888888889
66.62222222222222
71.37777777777778
51.87777777777778
80.39999999999999
53.611111111111114
8.1
27.822222222222223
16.933333333333334
54.044444444444444
65.34444444444445
29.11111111111111
9.288888888888888
7.566666666666666
6.0
4.888888888888889
29.566666666666666
53.65555555555555
3.511111111111111
1.788888888888889
4.0
159.82222222222222
8.944444444444445
4.766666666666667
41.733333333333334
3.566666666666667
23.155555555555555
7.655555555555556
20.177777777777777
52.72222222222222
13.788888888888888
4.711111111111111
0.9888888888888888
8.233333333333334
3.3444444444444446
0.7111111111111111
3.8222222222222224
5.288888888888889
4.044444444444444
1.0666666666666667
1.3444444444444446
1.6111111111111112
2.5444444444444443
2.2333333333333334
3.1222222222222222
2.9333333333333336
3.7333333333333334
4.944444444444445
3.8333333333333335
0.7111111111111111
1.3333333333333333
1.1555555555555554
2.2777777777777777
3.111111111111111
3.4333333333333336
1.4333333333333333
0.5444444444444444
1.8222222222222222
1.9555555555555555
0.3222222222222222
1.8333333333333333
2.1777777777777776
2.8444444444444446
1.4333333333333333
3.066666666666667
1.4333333333333333
0.1
1.288888888888889
1.1666666666666667
2.1777777777777776
2.9444444444444446
2.988888888888889
2.5
1.9555555555555557
2.7222222222222223
0.9888888888888888
1.7333333333333334
0.9888888888888888
0.6777777777777778
1.3444444444444446
1.1666666666666667
4.044444444444444
2.2222222222222223
1.3888888888888888
3.2888888888888888
0.45555555555555555
1.3444444444444446
0.9444444444444444
1.5666666666666667
1.0666666666666667
1.9555555555555555
2.4
1.1666666666666667
1.1222222222222222
3.8777777777777778
1.211111111111111
4.455555555555556
2.2777777777777777
5.877777777777778
0.2222222222222222
2.0555555555555554
0.6222222222222222
2.1
1.4333333333333333
1.5666666666666667
0.6666666666666666
5.288888888888889
2.6222222222222222
0.5444444444444444
2.2333333333333334
6.666666666666667
1.1222222222222222
35.34444444444444
4.4
0.6777777777777778
2.0444444444444443
4.1000000000000005
0.7666666666666666
5.211111111111111
4.933333333333334
0.9
0.6666666666666666
4.266666666666667
4.622222222222223
1.788888888888889
1.3888888888888888
5.066666666666666
4.177777777777778
2.0
3.8333333333333335
1.6
8.9
2.0
0.6777777777777777
2.6777777777777776
2.7666666666666666
1.8222222222222222
3.822222222222222
3.1222222222222222
6.1000000000000005
0.7111111111111111
4.177777777777778
6.933333333333334
0.8888888888888888
2.4555555555555557
2.488888888888889
6.044444444444444
10.4
2.4
4.888888888888889
3.7888888888888888
4.011111111111111
1.0666666666666667
6.933333333333334
2.1
2.011111111111111
2.8444444444444446
2.933333333333333
0.6222222222222222
3.3777777777777778
3.3333333333333335
4.1000000000000005
3.3333333333333335
3.8222222222222224
1.211111111111111
2.4
3.066666666666667
1.6111111111111112
2.6222222222222222
2.0555555555555554
35.611111111111114
58.17777777777778
71.65555555555555
7.211111111111111
14.766666666666667
37.37777777777778
36.48888888888889
12.455555555555556
5.733333333333333
3.2888888888888888
5.566666666666666
2.0
3.2888888888888888
3.511111111111111
3.5555555555555554
33.82222222222222
21.955555555555556
2.0555555555555554
1.7333333333333334
27.955555555555556
1.8222222222222222
4.1000000000000005
2.4444444444444446
0.8999999999999999
2.7111111111111112
8.666666666666666
5.655555555555556
8.455555555555556
1.0666666666666667
1.3777777777777778
15.6
4.488888888888889
6.455555555555556
3.066666666666667
0.5
4.722222222222222
5.822222222222222
2.2777777777777777
4.055555555555555
2.2333333333333334
5.822222222222222
6.444444444444445
1.4333333333333333
2.8444444444444446
21.822222222222223
6.011111111111111
3.8777777777777778
3.566666666666667
2.322222222222222
31.433333333333334
4.677777777777778
6.0
4.622222222222223
3.066666666666667
1.4333333333333333
1.6
2.1
3.1555555555555554
1.288888888888889
6.011111111111111
8.455555555555556
35.6
3.1555555555555554
4.055555555555555
2.1
4.988888888888889
4.677777777777778
4.455555555555556
1.4333333333333333
4.544444444444444
4.933333333333334
2.6222222222222222
12.277777777777779
7.111111111111111
2.4444444444444446
1.288888888888889
4.711111111111111
17.377777777777776
2.5
1.4333333333333333
3.6555555555555554
5.833333333333333
6.277777777777778
0.17777777777777778
4.544444444444444
2.933333333333333
5.655555555555556
3.8333333333333335
2.8444444444444446
5.288888888888889
1.788888888888889
3.8222222222222224
4.266666666666667
5.822222222222222
2.8444444444444446
6.677777777777778
4.766666666666667
2.2777777777777777
4.222222222222222
4.266666666666667
3.388888888888889
1.5555555555555556
6.488888888888889
5.377777777777777
7.788888888888889
3.1555555555555554
5.377777777777778
3.8222222222222224
14.055555555555555
3.2111111111111112
9.211111111111112
9.377777777777778
1.4333333333333333
10.177777777777777
7.288888888888889
21.066666666666666
1.8777777777777778
4.4
1.3444444444444446
1.788888888888889
2.6666666666666665
3.3333333333333335
0.1
1.4333333333333333
2.2333333333333334
9.6
4.011111111111111
2.177777777777778
5.655555555555556
2.988888888888889
11.566666666666666
3.2111111111111112
8.455555555555556
3.511111111111111
4.1
5.388888888888889
4.0
0.8444444444444444
3.6555555555555554
3.2111111111111112
12.266666666666667
6.711111111111111
2.7222222222222223
5.122222222222222
2.677777777777778
6.266666666666667
7.511111111111111
7.211111111111111
9.155555555555555
31.73333333333333
24.01111111111111
13.61111111111111
4.766666666666667
13.6
6.011111111111111
2.0555555555555554
8.5
5.955555555555556
2.5444444444444443
11.955555555555556
10.322222222222223
7.211111111111111
6.044444444444444
10.544444444444444
9.344444444444445
11.066666666666666
6.988888888888889
3.1555555555555554
2.2333333333333334
8.9
4.488888888888889
2.0
5.733333333333333
2.1
6.055555555555555
3.3333333333333335
6.666666666666667
3.566666666666667
10.277777777777779
1.9555555555555555
4.233333333333333
4.322222222222222
6.322222222222223
4.766666666666667
6.677777777777778
4.044444444444444
7.955555555555556
7.733333333333333
2.2333333333333334
2.5444444444444443
2.0444444444444443
2.1777777777777776
3.9555555555555557
5.211111111111111
0.6777777777777778
6.933333333333334
3.6555555555555554
7.066666666666666
0.9
6.011111111111111
5.511111111111111
4.0
1.0666666666666667
0.9888888888888888
8.71111111111111
6.844444444444444
7.733333333333333
3.7777777777777777
3.877777777777778
3.566666666666667
3.3444444444444446
6.177777777777778
1.3777777777777778
4.177777777777778
3.111111111111111
1.788888888888889
3.2111111111111112
3.6555555555555554
3.7333333333333334
2.677777777777778
3.1555555555555554
2.4444444444444446
5.122222222222223
1.511111111111111
5.122222222222223
5.566666666666666
8.544444444444444
3.3777777777777778
0.45555555555555555
4.622222222222223
4.233333333333333
3.388888888888889
0.17777777777777778
3.566666666666667
3.566666666666667
4.322222222222222
3.1555555555555554
0.9888888888888888
56.72222222222222
5.6
2.0
1.3777777777777778
1.0666666666666667
2.4555555555555557
2.7222222222222223
1.288888888888889
1.788888888888889
1.4333333333333333
0.5444444444444444
3.066666666666667
1.8222222222222222
1.8777777777777778
2.4
1.3888888888888888
3.3777777777777778
3.7777777777777777
4.9
6.011111111111111
2.9333333333333336
3.1222222222222222
6.444444444444445
34.766666666666666
2.988888888888889
2.6777777777777776
4.988888888888889
9.833333333333334
4.455555555555556
5.611111111111111
8.988888888888889
2.4444444444444446
2.988888888888889
10.1
5.822222222222222
3.388888888888889
6.222222222222222
8.622222222222222
4.9
4.0
3.2888888888888888
1.4333333333333333
2.488888888888889
1.3444444444444446
2.7666666666666666
2.1
2.0555555555555554
0.8888888888888888
5.6
2.4
6.455555555555556
1.1111111111111112
5.566666666666666
6.011111111111111
3.2888888888888888
3.7333333333333334
1.6111111111111112
2.4444444444444446
1.7777777777777777
0.9333333333333333
5.066666666666666
0.6222222222222222
2.488888888888889
4.9
1.788888888888889
3.111111111111111
1.5666666666666667
3.9555555555555557
6.622222222222223
2.1
3.3444444444444446
0.9444444444444444
3.611111111111111
5.066666666666666
1.8333333333333333
4.044444444444444
4.233333333333333
1.5999999999999999
0.8444444444444444
3.8333333333333335
4.266666666666667
2.2333333333333334
1.9555555555555555
0.45555555555555555
3.1555555555555554
91.15555555555555
48.93333333333333
71.87777777777778
42.266666666666666
12.622222222222222
27.51111111111111
114.04444444444444
4.488888888888889
25.566666666666666
18.055555555555557
17.655555555555555
22.98888888888889
21.566666666666666
18.944444444444443
39.788888888888884
46.84444444444444
24.1
57.6
45.51111111111111
96.26666666666667
101.6
53.15555555555555
48.766666666666666
22.5
103.65555555555555
92.45555555555555
46.67777777777778
1.3444444444444446
55.955555555555556
2.011111111111111
2.4
1.5666666666666667
1.288888888888889
1.5555555555555556
63.77777777777778
2.3222222222222224
0.4888888888888889
9.788888888888888
1.7333333333333334
15.655555555555555
6.544444444444444
44.71111111111111
1.1222222222222222
108.54444444444444
75.78888888888889
56.17777777777778
2.3222222222222224
83.15555555555555
41.288888888888884
26.266666666666666
29.655555555555555
16.72222222222222
6.9
50.62222222222222
102.0111111111111
53.288888888888884
18.88888888888889
78.9888888888889
21.288888888888888
12.455555555555556
28.455555555555556
22.044444444444444
8.71111111111111
26.266666666666666
31.066666666666666
13.066666666666666
8.666666666666666
16.044444444444444
28.044444444444444
14.944444444444445
18.48888888888889
17.6
18.455555555555556
50.266666666666666
13.733333333333333
35.15555555555556
26.48888888888889
14.399999999999999
58.233333333333334
25.955555555555556
24.72222222222222
21.51111111111111
7.655555555555556
17.566666666666666
65.73333333333333
17.38888888888889
25.433333333333334
10.1
28.27777777777778
52.400000000000006
59.788888888888884
8.488888888888889
30.666666666666668
43.955555555555556
11.822222222222223
20.98888888888889
49.34444444444444
32.544444444444444
47.56666666666666
67.34444444444445
24.01111111111111
90.71111111111111
48.766666666666666
48.93333333333334
46.666666666666664
4.9
10.455555555555556
40.98888888888889
8.177777777777777
26.766666666666666
7.288888888888889
17.82222222222222
20.48888888888889
1.3777777777777778
6.044444444444444
1.6
5.066666666666666
20.4
30.666666666666668
12.011111111111111
32.62222222222222
10.222222222222221
24.27777777777778
6.666666666666667
1.788888888888889
5.566666666666666
1.5666666666666667
2.7111111111111112
3.3777777777777778
1.3777777777777778
1.4333333333333333
4.722222222222222
2.0555555555555554
3.822222222222222
1.9555555555555555
10.055555555555555
7.288888888888889
2.5444444444444443
3.7333333333333334
8.622222222222222
8.266666666666667
9.066666666666666
4.544444444444444
6.711111111111111
2.9444444444444446
2.2666666666666666
8.266666666666667
3.3444444444444446
7.833333333333333
0.4444444444444444
0.5444444444444444
5.066666666666666
3.4333333333333336
5.211111111111111
3.2111111111111112
4.4
4.1
3.2888888888888888
3.566666666666667
10.677777777777777
3.3333333333333335
2.1
6.455555555555556
2.677777777777778
3.1222222222222222
1.6555555555555554
1.8333333333333333
1.1666666666666667
1.7333333333333334
1.1222222222222222
7.6000000000000005
2.6777777777777776
6.4
5.655555555555556
9.822222222222223
78.62222222222222
36.1
49.511111111111106
74.67777777777778
30.266666666666666
20.177777777777777
37.43333333333334
52.84444444444444
30.766666666666666
30.88888888888889
24.84444444444444
64.54444444444444
30.62222222222222
21.566666666666666
29.555555555555557
29.38888888888889
60.011111111111106
74.9
55.43333333333333
54.27777777777778
44.22222222222222
46.544444444444444
50.01111111111111
2.2222222222222223
0.45555555555555555
0.48888888888888893
0.7222222222222222
10.266666666666667
3.511111111111111
2.4
1.7777777777777777
1.7333333333333334
2.988888888888889
0.4888888888888889
0.2222222222222222
0.6777777777777778
6.888888888888889
1.3333333333333333
3.8222222222222224
2.2777777777777777
10.1
4.011111111111111
2.2333333333333334
7.555555555555555
82.0
8.488888888888889
10.666666666666666
11.433333333333334
4.622222222222223
6.666666666666667
16.933333333333334
2.0
1.511111111111111
2.0555555555555554
7.555555555555555
4.677777777777778
0.5
3.1555555555555554
2.5
4.622222222222223
1.7333333333333334
4.044444444444444
6.844444444444444
3.2888888888888888
10.677777777777777
5.6000000000000005
7.655555555555556
9.733333333333334
5.511111111111111
18.622222222222224
8.933333333333334
4.4
11.877777777777778
6.177777777777778
17.377777777777776
22.22222222222222
5.777777777777778
13.733333333333333
2.2333333333333334
11.377777777777778
7.655555555555556
5.555555555555555
6.711111111111111
3.7888888888888888
5.155555555555556
4.455555555555556
5.066666666666666
4.677777777777778
4.766666666666667
7.344444444444444
6.5
6.544444444444444
5.822222222222222
1.5999999999999999
4.1
5.833333333333333
1.288888888888889
1.5555555555555556
3.655555555555556
4.455555555555556
4.055555555555555
3.7888888888888888
7.733333333333333
4.011111111111111
15.955555555555556
7.288888888888889
8.933333333333334
7.344444444444444
4.677777777777778
6.233333333333333
2.933333333333333
5.122222222222223
2.5444444444444443
1.8777777777777778
4.011111111111111
4.488888888888889
8.1
6.677777777777778
3.7333333333333334
1.1222222222222222
0.26666666666666666
2.0
2.4444444444444446
16.544444444444444
41.06666666666666
44.62222222222222
12.455555555555556
4.4
5.122222222222223
1.8222222222222222
6.4
1.4333333333333333
5.6000000000000005
4.488888888888889
12.766666666666667
5.788888888888889
5.433333333333334
6.055555555555555
7.344444444444445
6.455555555555556
6.677777777777778
13.822222222222223
6.044444444444444
9.733333333333333
10.266666666666667
5.155555555555556
5.822222222222222
7.822222222222222
5.433333333333334
2.9444444444444446
7.6000000000000005
8.71111111111111
7.288888888888889
7.155555555555556
5.511111111111111
14.233333333333333
7.733333333333333
6.677777777777778
15.377777777777778
10.944444444444445
4.844444444444444
12.266666666666667
15.788888888888888
11.733333333333333
4.9
10.233333333333334
9.566666666666666
7.788888888888889
3.433333333333333
6.722222222222222
4.933333333333334
4.677777777777778
7.344444444444444
7.822222222222222
4.766666666666667
5.288888888888889
3.1555555555555554
2.677777777777778
1.1222222222222222
5.788888888888889
11.433333333333334
3.3444444444444446
3.3333333333333335
4.622222222222223
3.611111111111111
3.8333333333333335
3.566666666666667
3.7777777777777777
6.622222222222223
4.988888888888889
7.377777777777778
6.988888888888889
7.566666666666666
10.1
2.7666666666666666
4.222222222222222
8.044444444444444
6.9
5.6000000000000005
2.1
2.5444444444444443
2.1
0.48888888888888893
6.722222222222222
3.566666666666667
4.177777777777778
1.8222222222222224
2.988888888888889
8.044444444444444
8.71111111111111
3.9555555555555557
8.222222222222221
4.844444444444444
7.066666666666666
4.933333333333334
14.488888888888889
2.2222222222222223
18.677777777777777
3.7888888888888888
3.9555555555555557
3.6
10.011111111111111
8.4
2.9
10.988888888888889
9.511111111111111
18.27777777777778
5.777777777777778
4.266666666666667
11.38888888888889
12.177777777777777
12.666666666666666
20.48888888888889
2.988888888888889
5.511111111111111
3.7333333333333334
3.7333333333333334
2.933333333333333
2.7111111111111112
9.555555555555555
8.177777777777777
3.8777777777777778
1.1555555555555554
2.5444444444444443
2.9
5.344444444444444
3.3444444444444446
5.388888888888889
9.166666666666666
2.3222222222222224
12.544444444444444
9.066666666666666
8.88888888888889
4.055555555555555
8.277777777777779
2.888888888888889
4.944444444444445
10.677777777777777
4.988888888888889
4.677777777777778
14.88888888888889
5.288888888888889
4.711111111111111
5.555555555555555
5.288888888888889
11.955555555555556
6.222222222222222
8.622222222222222
12.4
6.455555555555555
10.766666666666667
4.488888888888889
16.0
15.288888888888888
11.11111111111111
7.566666666666666
5.344444444444444
14.844444444444445
8.9
14.5
14.044444444444444
5.166666666666667
16.177777777777777
12.622222222222222
20.677777777777777
13.211111111111112
7.511111111111111
5.788888888888889
17.51111111111111
8.844444444444445
9.733333333333334
9.877777777777778
11.566666666666666
17.822222222222223
6.277777777777778
10.677777777777777
40.44444444444444
19.155555555555555
6.622222222222223
7.377777777777778
8.9
11.833333333333334
30.266666666666666
18.044444444444444
3.511111111111111
8.322222222222223
10.177777777777777
24.677777777777777
8.266666666666667
11.066666666666666
12.455555555555556
14.933333333333334
21.955555555555556
14.844444444444445
14.766666666666667
8.844444444444445
3.9555555555555557
7.566666666666666
12.4
14.544444444444444
19.733333333333334
24.48888888888889
12.4
18.62222222222222
15.066666666666666
12.677777777777777
11.733333333333333
8.844444444444445
18.677777777777777
5.155555555555556
16.01111111111111
6.4
5.211111111111111
9.066666666666666
22.944444444444443
19.655555555555555
14.322222222222223
12.4
12.9
4.1000000000000005
16.455555555555556
2.6777777777777776
9.211111111111112
10.233333333333333
4.844444444444444
11.155555555555555
6.0
18.27777777777778
5.833333333333333
15.288888888888888
14.711111111111112
10.722222222222221
7.211111111111111
17.155555555555555
10.444444444444445
8.666666666666666
6.266666666666667
6.766666666666667
50.32222222222222
13.377777777777778
10.933333333333334
9.822222222222223
9.11111111111111
3.4333333333333336
10.266666666666667
13.822222222222223
5.122222222222223
6.711111111111111
4.722222222222222
5.433333333333334
13.877777777777778
11.166666666666666
12.1
6.266666666666667
4.766666666666667
7.877777777777778
4.711111111111111
7.955555555555556
4.766666666666667
5.822222222222222
7.566666666666666
15.122222222222222
9.566666666666666
13.377777777777778
10.0
15.11111111111111
8.988888888888889
11.344444444444445
2.0555555555555554
6.544444444444444
15.655555555555555
11.833333333333334
11.788888888888888
15.511111111111111
6.455555555555556
3.2111111111111112
9.155555555555555
11.344444444444445
6.277777777777778
7.377777777777778
21.155555555555555
6.5
8.266666666666667
4.622222222222223
20.01111111111111
4.9
7.288888888888889
11.6
10.266666666666667
8.844444444444445
8.0
21.822222222222223
13.61111111111111
15.822222222222223
11.38888888888889
7.955555555555556
10.4
11.288888888888888
10.766666666666667
16.711111111111112
23.211111111111112
7.333333333333333
24.9
6.677777777777777
10.766666666666667
4.988888888888889
4.622222222222223
10.488888888888889
12.044444444444444
5.344444444444444
6.233333333333333
11.877777777777778
6.677777777777778
7.433333333333334
2.7666666666666666
12.944444444444445
4.544444444444444
10.322222222222223
7.788888888888889
11.511111111111111
12.011111111111111
10.055555555555555
5.788888888888889
7.166666666666667
4.222222222222222
5.955555555555556
16.1
5.733333333333333
6.455555555555555
8.677777777777777
3.066666666666667
6.944444444444445
5.777777777777778
10.944444444444445
6.677777777777777
7.777777777777778
4.0
9.777777777777779
4.011111111111111
6.044444444444444
4.5
22.62222222222222
12.88888888888889
4.766666666666667
7.511111111111111
13.122222222222222
4.4
14.622222222222222
6.011111111111111
6.177777777777778
6.177777777777778
19.12222222222222
16.622222222222224
8.544444444444444
4.322222222222222
18.88888888888889
3.1222222222222222
9.511111111111111
4.666666666666667
8.88888888888889
5.733333333333333
11.122222222222222
16.933333333333334
13.566666666666666
1.8333333333333333
9.6
8.71111111111111
19.433333333333334
6.488888888888889
9.211111111111112
28.48888888888889
4.544444444444444
13.788888888888888
8.622222222222222
10.944444444444445
8.322222222222223
11.822222222222223
8.488888888888889
4.277777777777778
5.877777777777778
2.1
19.733333333333334
17.87777777777778
11.822222222222223
4.711111111111111
8.177777777777777
13.655555555555555
15.777777777777779
14.9
10.766666666666667
7.733333333333333
5.344444444444444
34.266666666666666
8.044444444444444
22.1
2.488888888888889
14.0
5.655555555555556
16.01111111111111
10.011111111111111
5.6000000000000005
25.788888888888888
12.011111111111111
12.988888888888889
31.288888888888888
31.555555555555557
14.222222222222221
23.433333333333334
8.9
29.877777777777776
17.833333333333332
14.933333333333334
16.1
10.88888888888889
15.788888888888888
14.677777777777777
18.677777777777777
12.933333333333334
13.788888888888888
36.01111111111111
27.555555555555557
9.38888888888889
17.566666666666666
16.766666666666666
33.06666666666666
2.4555555555555557
6.544444444444444
15.11111111111111
11.288888888888888
47.955555555555556
3.8777777777777778
