9.877777777777778
8.233333333333334
11.566666666666666
6.322222222222223
6.544444444444444
5.377777777777778
8.044444444444444
7.433333333333334
1.5555555555555556
5.433333333333334
7.288888888888889
9.166666666666666
3.611111111111111
8.844444444444445
4.766666666666667
5.211111111111111
5.344444444444445
13.155555555555555
6.011111111111111
14.988888888888889
9.78888888888889
4.544444444444444
7.377777777777778
14.677777777777777
7.555555555555555
4.0
7.511111111111111
6.622222222222223
9.211111111111112
11.28888888888889
8.177777777777777
7.344444444444444
5.511111111111111
7.611111111111111
5.433333333333334
10.88888888888889
4.177777777777778
4.544444444444444
5.066666666666666
5.6
7.211111111111111
3.7777777777777777
8.722222222222221
7.822222222222222
2.7666666666666666
4.177777777777778
9.11111111111111
5.788888888888889
1.511111111111111
7.833333333333333
3.8777777777777778
9.955555555555556
5.611111111111111
6.266666666666667
10.71111111111111
4.9
10.933333333333334
6.766666666666667
7.344444444444444
5.155555555555556
6.266666666666667
22.177777777777777
3.3333333333333335
5.655555555555556
7.511111111111111
2.8444444444444446
3.8777777777777778
8.4
2.2777777777777777
8.933333333333334
5.111111111111111
7.377777777777778
6.044444444444444
8.233333333333334
3.566666666666667
5.655555555555556
6.722222222222222
16.622222222222224
9.38888888888889
3.066666666666667
4.266666666666667
4.622222222222223
2.9
5.733333333333333
5.211111111111111
9.877777777777778
4.766666666666667
5.733333333333333
7.6
12.544444444444444
12.455555555555556
4.944444444444445
2.9444444444444446
1.7333333333333334
10.711111111111112
3.2888888888888888
3.566666666666667
2.7111111111111112
9.28888888888889
8.266666666666667
5.822222222222222
12.277777777777779
2.0
3.6
4.222222222222222
11.066666666666666
19.73333333333333
3.7333333333333334
8.544444444444444
3.8222222222222224
9.433333333333334
4.9
5.388888888888889
3.433333333333333
10.1
10.4
11.344444444444445
5.955555555555556
5.6
10.044444444444444
2.2666666666666666
4.844444444444444
5.822222222222222
10.544444444444444
8.722222222222221
1.6111111111111112
2.9333333333333336
4.9
4.988888888888889
3.388888888888889
1.7333333333333334
4.622222222222223
7.822222222222222
4.488888888888889
4.266666666666667
6.233333333333333
2.0555555555555554
3.3333333333333335
16.322222222222223
3.4333333333333336
1.288888888888889
9.822222222222223
9.655555555555555
4.4
3.1666666666666665
9.6
3.6555555555555554
3.566666666666667
5.566666666666666
7.566666666666666
4.711111111111111
4.766666666666667
2.1
2.5
12.488888888888889
12.266666666666667
4.622222222222223
2.0555555555555554
5.066666666666666
4.988888888888889
3.3333333333333335
5.211111111111111
10.222222222222221
8.622222222222222
8.844444444444445
9.288888888888888
2.488888888888889
10.455555555555556
3.4333333333333336
3.8777777777777778
6.222222222222222
2.4
4.055555555555555
5.877777777777778
6.677777777777778
2.7666666666666666
5.288888888888889
2.4444444444444446
6.4
6.0
7.377777777777777
5.777777777777778
9.955555555555556
4.455555555555556
10.677777777777777
2.2777777777777777
3.7333333333333334
10.4
4.011111111111111
5.066666666666666
15.155555555555555
10.988888888888889
6.488888888888889
4.766666666666667
3.7888888888888888
8.4
7.6000000000000005
1.6
2.5
6.044444444444444
6.266666666666667
10.233333333333333
6.488888888888889
3.7888888888888888
9.333333333333334
6.455555555555556
1.4333333333333333
1.5555555555555556
3.3444444444444446
3.8777777777777778
5.333333333333333
3.1555555555555554
3.3777777777777778
6.233333333333333
8.322222222222223
10.055555555555555
4.9
2.011111111111111
1.7333333333333334
1.5999999999999999
5.122222222222223
4.4
3.3444444444444446
1.3777777777777778
1.3444444444444443
2.9444444444444446
3.2111111111111112
2.0444444444444447
2.2666666666666666
0.48888888888888893
2.2333333333333334
10.177777777777777
3.3777777777777778
4.266666666666667
3.9555555555555557
6.722222222222222
6.722222222222222
8.844444444444445
11.066666666666666
4.4
9.155555555555555
5.788888888888889
2.9333333333333336
20.544444444444444
16.622222222222224
6.722222222222222
4.544444444444444
18.944444444444443
12.88888888888889
8.177777777777777
16.322222222222223
11.877777777777778
16.322222222222223
20.444444444444443
14.011111111111111
12.488888888888889
1.3333333333333333
6.988888888888889
9.733333333333334
13.655555555555555
11.511111111111111
15.122222222222222
5.344444444444444
8.322222222222223
9.61111111111111
4.933333333333334
13.788888888888888
20.622222222222224
15.733333333333333
7.111111111111111
10.1
3.4333333333333336
15.344444444444445
9.066666666666666
21.51111111111111
10.011111111111111
16.98888888888889
27.066666666666666
20.677777777777777
24.1
15.288888888888888
22.666666666666668
21.566666666666666
7.511111111111111
18.844444444444445
14.277777777777779
13.344444444444445
10.666666666666666
23.12222222222222
12.844444444444443
16.4
16.444444444444443
6.322222222222223
6.544444444444444
19.11111111111111
23.288888888888888
16.711111111111112
20.711111111111112
5.877777777777778
10.044444444444444
8.88888888888889
10.933333333333334
8.933333333333334
6.677777777777778
6.988888888888889
3.8222222222222224
8.71111111111111
10.444444444444445
4.488888888888889
15.955555555555556
18.01111111111111
5.122222222222223
2.011111111111111
6.766666666666667
3.111111111111111
5.511111111111111
4.988888888888889
4.766666666666667
1.5666666666666667
5.377777777777777
3.511111111111111
3.5555555555555554
14.766666666666667
6.1000000000000005
8.177777777777777
7.155555555555556
6.988888888888889
5.388888888888889
2.0
13.955555555555556
5.344444444444444
14.011111111111111
9.122222222222222
7.788888888888889
2.2333333333333334
3.433333333333333
16.27777777777778
4.666666666666667
1.788888888888889
3.8777777777777778
12.722222222222221
4.711111111111111
5.377777777777777
5.433333333333334
6.4
15.344444444444443
6.933333333333334
11.822222222222223
6.044444444444444
23.6
4.1
9.61111111111111
4.044444444444444
6.055555555555555
6.266666666666667
2.988888888888889
10.711111111111112
0.8444444444444444
8.222222222222221
12.233333333333333
28.677777777777777
14.399999999999999
4.544444444444444
6.988888888888889
11.166666666666666
20.62222222222222
16.88888888888889
8.277777777777779
7.777777777777778
20.711111111111112
4.844444444444444
9.655555555555557
11.78888888888889
16.01111111111111
7.066666666666666
8.488888888888889
0.9888888888888888
1.7333333333333334
1.8777777777777778
3.7333333333333334
1.6111111111111112
2.0
6.011111111111111
1.9555555555555555
11.211111111111112
4.011111111111111
4.888888888888889
9.433333333333334
6.011111111111111
9.511111111111111
8.766666666666667
6.711111111111111
6.322222222222223
5.066666666666666
5.211111111111111
14.622222222222222
6.444444444444445
4.455555555555556
5.288888888888889
7.566666666666666
2.488888888888889
1.3888888888888888
4.233333333333333
10.266666666666667
5.344444444444444
7.566666666666666
2.711111111111111
0.26666666666666666
9.566666666666666
10.233333333333333
12.222222222222221
3.1222222222222222
10.933333333333334
9.11111111111111
17.155555555555555
3.6
7.877777777777778
1.8222222222222224
3.511111111111111
2.7111111111111112
3.1555555555555554
4.488888888888889
2.8444444444444446
3.9555555555555557
8.044444444444444
12.988888888888889
11.733333333333334
3.3777777777777778
12.1
18.444444444444443
19.877777777777776
3.433333333333333
8.322222222222223
3.4333333333333336
10.944444444444445
1.511111111111111
13.555555555555555
2.5444444444444443
8.222222222222221
7.122222222222223
5.566666666666666
7.288888888888889
1.8333333333333333
10.988888888888889
8.055555555555555
16.322222222222223
8.666666666666666
20.1
19.377777777777776
11.066666666666666
11.788888888888888
16.98888888888889
7.511111111111111
9.433333333333334
12.4
9.955555555555556
2.7666666666666666
13.511111111111111
18.933333333333334
8.444444444444445
9.066666666666666
10.71111111111111
14.322222222222223
10.677777777777777
7.733333333333333
2.2666666666666666
3.8777777777777778
29.51111111111111
22.455555555555556
14.711111111111112
19.211111111111112
14.1
10.455555555555556
9.733333333333333
17.433333333333334
2.4
10.4
2.4
15.122222222222222
3.111111111111111
10.988888888888889
5.6000000000000005
23.211111111111112
18.22222222222222
19.38888888888889
19.822222222222223
8.177777777777777
12.677777777777777
6.711111111111111
25.788888888888888
29.77777777777778
3.111111111111111
10.722222222222221
11.122222222222222
2.9444444444444446
5.122222222222223
11.166666666666666
5.955555555555555
10.044444444444444
8.622222222222222
1.0666666666666667
3.1666666666666665
8.233333333333333
1.5555555555555556
3.6555555555555554
10.444444444444445
14.933333333333334
10.277777777777779
15.122222222222222
8.233333333333334
6.933333333333334
15.877777777777778
2.9333333333333336
2.011111111111111
7.155555555555556
12.766666666666667
7.566666666666666
9.511111111111111
4.844444444444444
5.733333333333333
3.655555555555556
12.988888888888889
12.277777777777779
1.8222222222222222
10.677777777777777
4.9
20.544444444444444
5.877777777777778
7.288888888888889
5.344444444444444
3.8222222222222224
7.166666666666667
8.1
10.933333333333334
5.344444444444444
1.3777777777777778
5.511111111111111
3.566666666666667
3.7333333333333334
10.544444444444444
3.7333333333333334
11.511111111111111
7.122222222222223
18.0
3.1222222222222222
4.988888888888889
3.1555555555555554
7.155555555555556
4.277777777777778
7.955555555555556
18.4
8.044444444444444
11.877777777777778
14.844444444444445
10.677777777777777
19.12222222222222
8.266666666666667
11.511111111111111
9.28888888888889
10.455555555555556
10.488888888888889
12.011111111111111
5.6
5.877777777777778
11.066666666666666
13.344444444444443
5.877777777777778
10.322222222222223
10.933333333333334
12.1
7.955555555555555
8.988888888888889
6.044444444444444
4.9
9.733333333333334
13.377777777777778
2.9
7.066666666666666
2.011111111111111
5.288888888888889
7.566666666666666
2.5444444444444447
2.9
7.066666666666666
2.8444444444444446
1.1555555555555554
3.1222222222222222
10.1
2.9
6.622222222222223
2.8444444444444446
9.822222222222223
2.9444444444444446
12.1
1.8222222222222222
3.7333333333333334
3.1222222222222222
4.266666666666667
6.0
9.555555555555555
19.211111111111112
2.011111111111111
15.333333333333334
2.011111111111111
12.544444444444444
11.733333333333333
5.155555555555556
4.666666666666667
8.266666666666667
3.6
6.455555555555556
10.055555555555555
12.011111111111111
3.066666666666667
7.122222222222223
11.333333333333334
7.333333333333333
9.822222222222223
5.377777777777777
10.266666666666667
10.1
4.9
1.788888888888889
4.711111111111111
4.9
6.666666666666667
18.766666666666666
10.666666666666666
12.488888888888889
6.1000000000000005
2.488888888888889
13.344444444444445
12.722222222222221
14.266666666666667
7.066666666666666
11.566666666666666
8.844444444444445
10.455555555555556
7.066666666666666
5.955555555555556
9.28888888888889
6.944444444444445
7.333333333333333
4.622222222222223
8.88888888888889
8.1
12.455555555555556
5.511111111111111
6.544444444444444
5.155555555555556
5.066666666666666
4.233333333333333
4.677777777777778
1.1555555555555557
4.944444444444445
2.4555555555555557
5.211111111111111
0.0
11.6
4.4
6.177777777777778
8.044444444444444
6.055555555555555
3.066666666666667
3.8222222222222224
9.333333333333334
5.955555555555556
7.877777777777778
5.566666666666666
4.4
4.011111111111111
4.055555555555555
3.3777777777777778
13.155555555555555
7.877777777777778
8.4
7.333333333333333
5.777777777777778
7.122222222222223
1.1555555555555557
4.233333333333333
11.333333333333334
9.955555555555556
8.766666666666667
5.288888888888889
4.1
2.011111111111111
4.844444444444444
7.066666666666666
5.955555555555556
3.7333333333333334
4.5
2.2777777777777777
3.3777777777777778
10.177777777777777
10.988888888888889
5.655555555555556
4.277777777777778
4.722222222222222
9.211111111111112
11.822222222222223
9.566666666666666
2.933333333333333
6.666666666666667
6.322222222222222
6.222222222222222
10.844444444444445
7.6000000000000005
6.766666666666667
14.677777777777777
11.38888888888889
8.944444444444445
4.544444444444444
20.622222222222224
4.622222222222223
6.055555555555555
10.5
2.7666666666666666
6.677777777777778
0.9333333333333333
12.711111111111112
5.066666666666666
4.322222222222222
11.11111111111111
8.044444444444444
5.288888888888889
11.066666666666666
10.222222222222221
22.48888888888889
3.7333333333333334
27.377777777777776
6.0
5.733333333333333
11.777777777777779
8.9
1.6111111111111112
1.8777777777777778
0.9888888888888888
3.388888888888889
1.6
2.4
4.711111111111111
3.433333333333333
4.711111111111111
2.1777777777777776
6.722222222222222
5.122222222222223
9.511111111111111
5.733333333333333
4.488888888888889
3.8222222222222224
9.833333333333334
3.655555555555556
5.877777777777778
1.3333333333333333
5.433333333333334
6.488888888888889
5.344444444444444
6.766666666666667
7.111111111111111
24.4
5.877777777777778
1.211111111111111
6.544444444444444
2.488888888888889
2.6222222222222222
6.011111111111111
1.4333333333333333
1.511111111111111
2.6222222222222222
5.333333333333333
3.6555555555555554
9.566666666666666
6.766666666666667
13.377777777777778
4.044444444444444
4.011111111111111
3.3777777777777778
2.988888888888889
4.011111111111111
6.622222222222223
6.055555555555555
2.1
3.4333333333333336
5.955555555555556
0.8888888888888888
4.677777777777778
4.844444444444445
2.0555555555555554
1.4333333333333333
7.344444444444444
5.6
6.844444444444444
5.655555555555556
2.933333333333333
4.9
13.344444444444443
3.3444444444444446
2.9
4.9
5.433333333333334
6.9
2.5444444444444443
13.955555555555556
13.377777777777778
7.377777777777777
3.3444444444444446
2.0555555555555554
4.177777777777778
5.566666666666666
3.8333333333333335
3.2888888888888888
3.066666666666667
2.9
3.5555555555555554
6.233333333333333
2.8444444444444446
1.4333333333333333
2.177777777777778
2.2777777777777777
0.6666666666666666
0.4888888888888889
2.4444444444444446
0.7666666666666666
5.555555555555555
2.2777777777777777
2.8444444444444446
4.488888888888889
1.511111111111111
3.3777777777777778
3.7333333333333334
7.877777777777778
0.7666666666666666
4.711111111111111
13.511111111111111
4.044444444444444
3.388888888888889
3.8777777777777778
8.233333333333333
4.9
3.566666666666667
4.622222222222223
6.766666666666667
4.5
11.155555555555557
9.288888888888888
0.8444444444444444
58.84444444444444
15.122222222222222
7.111111111111111
36.67777777777778
59.333333333333336
13.28888888888889
27.77777777777778
0.4444444444444444
12.677777777777777
4.488888888888889
20.62222222222222
24.666666666666668
21.155555555555555
22.055555555555557
10.677777777777777
11.344444444444445
10.1
5.555555555555555
6.444444444444445
22.322222222222223
8.544444444444444
8.766666666666667
6.722222222222222
9.555555555555555
10.677777777777777
64.76666666666667
6.544444444444444
16.88888888888889
4.677777777777778
15.511111111111111
10.899999999999999
7.655555555555556
6.277777777777778
5.788888888888889
10.233333333333333
3.511111111111111
9.833333333333334
4.011111111111111
6.488888888888889
21.11111111111111
9.511111111111111
3.7888888888888888
8.233333333333333
9.122222222222222
5.955555555555556
5.555555555555555
10.944444444444445
8.9
7.066666666666666
13.11111111111111
1.7777777777777777
9.28888888888889
13.655555555555555
10.233333333333333
6.011111111111111
6.322222222222223
8.677777777777777
15.333333333333334
13.511111111111111
6.322222222222223
12.666666666666666
14.011111111111111
8.666666666666666
12.544444444444444
13.61111111111111
17.877777777777776
6.711111111111111
9.344444444444443
5.288888888888889
6.011111111111111
5.877777777777778
6.988888888888889
6.933333333333334
12.222222222222221
4.266666666666667
4.011111111111111
11.955555555555556
3.1555555555555554
3.4333333333333336
2.1
0.7111111111111111
1.511111111111111
10.944444444444445
11.377777777777778
2.5
8.622222222222222
2.888888888888889
11.733333333333333
6.266666666666667
6.844444444444444
2.988888888888889
6.011111111111111
5.566666666666666
8.5
11.822222222222223
5.344444444444444
22.48888888888889
36.766666666666666
43.733333333333334
4.677777777777778
6.677777777777777
7.377777777777778
3.9555555555555557
4.5
4.233333333333333
7.822222222222222
9.066666666666666
5.955555555555555
12.677777777777777
6.455555555555556
12.044444444444444
4.944444444444445
6.1000000000000005
31.788888888888888
2.5
3.8777777777777778
2.9
10.266666666666667
2.1
4.444444444444445
3.511111111111111
0.8444444444444444
2.4
2.177777777777778
0.9888888888888888
1.3777777777777778
9.566666666666666
22.666666666666668
0.4
0.23333333333333334
3.1222222222222222
38.62222222222223
3.3444444444444446
25.599999999999998
7.155555555555556
32.84444444444444
2.988888888888889
78.89999999999999
14.011111111111111
4.711111111111111
3.2111111111111112
5.211111111111111
2.9
2.677777777777778
2.7666666666666666
3.2888888888888888
2.3222222222222224
2.4444444444444446
0.6222222222222222
2.0555555555555554
1.7777777777777777
4.933333333333334
2.2333333333333334
2.988888888888889
3.611111111111111
22.72222222222222
17.877777777777776
19.655555555555555
2.4
3.3777777777777778
3.066666666666667
3.511111111111111
1.288888888888889
2.011111111111111
3.7888888888888888
2.6777777777777776
3.511111111111111
2.6222222222222222
5.733333333333333
3.511111111111111
1.211111111111111
4.455555555555556
21.51111111111111
1.6555555555555554
2.2333333333333334
4.544444444444444
2.0
5.611111111111111
7.344444444444445
3.4333333333333336
3.3444444444444446
6.844444444444444
9.122222222222222
1.1222222222222222
2.6222222222222222
13.511111111111111
5.733333333333333
8.933333333333334
2.3222222222222224
4.455555555555556
1.6111111111111112
2.6666666666666665
2.9333333333333336
2.7111111111111112
0.9333333333333333
4.277777777777778
5.111111111111111
0.7111111111111111
3.2111111111111112
0.23333333333333334
1.3333333333333333
0.3222222222222222
2.4
7.344444444444444
2.1777777777777776
6.488888888888889
3.6
1.788888888888889
2.0444444444444443
1.511111111111111
1.0666666666666667
0.5444444444444444
1.3444444444444443
2.1777777777777776
1.1111111111111112
0.6666666666666666
2.7111111111111112
2.711111111111111
1.7333333333333334
3.2111111111111112
0.9
4.0
6.266666666666667
6.5
0.9333333333333333
1.511111111111111
3.566666666666667
8.488888888888889
29.38888888888889
4.0
6.266666666666667
7.511111111111111
0.7222222222222222
1.3777777777777778
2.2333333333333334
1.8333333333333333
0.7111111111111111
1.211111111111111
1.1666666666666667
1.288888888888889
8.444444444444445
5.333333333333333
2.2666666666666666
2.2333333333333334
1.5999999999999999
0.9333333333333333
3.066666666666667
0.5444444444444444
2.4555555555555557
0.17777777777777778
1.5666666666666667
0.17777777777777778
1.1555555555555554
1.511111111111111
7.066666666666666
4.9
5.822222222222222
4.011111111111111
5.877777777777778
4.722222222222222
0.9888888888888888
2.4
2.5444444444444443
4.4
1.7333333333333334
1.288888888888889
2.3222222222222224
2.011111111111111
7.877777777777778
8.044444444444444
1.8222222222222222
6.677777777777778
6.5
4.622222222222223
2.2333333333333334
4.1
2.3222222222222224
1.4333333333333333
1.7333333333333334
4.222222222222222
2.2666666666666666
3.6
6.444444444444445
10.177777777777777
2.2333333333333334
2.0555555555555554
8.4
3.7888888888888888
0.48888888888888893
4.266666666666667
1.6555555555555557
1.5555555555555556
2.177777777777778
0.7666666666666666
2.9333333333333336
1.6
2.488888888888889
4.722222222222222
1.5555555555555556
1.4333333333333333
2.6777777777777776
2.4
13.733333333333333
4.988888888888889
9.877777777777778
0.4888888888888889
0.45555555555555555
5.388888888888889
5.877777777777778
3.8333333333333335
2.7666666666666666
3.2111111111111112
3.7888888888888888
3.1555555555555554
4.1000000000000005
6.044444444444444
8.988888888888889
5.511111111111111
3.2111111111111112
3.388888888888889
4.322222222222223
2.9
0.6666666666666666
3.6555555555555554
2.888888888888889
1.1555555555555554
2.988888888888889
2.888888888888889
6.488888888888889
4.233333333333333
2.1777777777777776
3.8777777777777778
0.6222222222222222
0.4444444444444444
0.26666666666666666
4.8999999999999995
3.6555555555555554
1.6
4.4
2.322222222222222
1.8333333333333333
0.0
0.4888888888888889
1.4333333333333333
1.7333333333333334
2.988888888888889
3.2111111111111112
7.433333333333334
6.455555555555556
2.7666666666666666
2.6777777777777776
4.933333333333334
6.622222222222223
3.8777777777777778
3.4333333333333336
4.177777777777778
1.3444444444444446
3.9555555555555557
5.555555555555555
5.955555555555556
3.6
5.955555555555556
12.488888888888889
40.98888888888889
18.9
11.288888888888888
46.98888888888889
37.37777777777778
17.211111111111112
10.766666666666667
7.066666666666666
5.122222222222223
3.2888888888888888
17.155555555555555
21.066666666666666
6.044444444444444
11.833333333333334
8.711111111111112
11.655555555555555
4.9
20.1
15.511111111111111
58.233333333333334
23.155555555555555
2.2666666666666666
7.377777777777778
21.066666666666666
13.655555555555555
15.777777777777779
35.77777777777778
16.88888888888889
4.277777777777778
14.4
13.288888888888888
5.288888888888889
11.122222222222222
12.177777777777777
8.844444444444445
10.1
8.322222222222223
10.9
3.566666666666667
9.733333333333333
18.88888888888889
14.011111111111111
13.433333333333334
28.233333333333334
5.788888888888889
10.177777777777777
9.122222222222222
16.27777777777778
10.844444444444445
10.9
4.622222222222223
7.566666666666666
1.9555555555555555
4.444444444444445
4.044444444444444
3.4333333333333336
5.066666666666666
1.6555555555555554
3.3444444444444446
1.6111111111111112
6.266666666666667
5.877777777777778
4.766666666666667
8.233333333333333
1.4333333333333333
0.17777777777777778
5.333333333333333
2.488888888888889
11.655555555555555
3.7888888888888888
2.888888888888889
4.1000000000000005
2.888888888888889
3.611111111111111
3.2888888888888888
1.8222222222222222
3.7888888888888888
2.9
4.677777777777778
2.2666666666666666
3.8333333333333335
4.622222222222223
2.0444444444444443
8.044444444444444
4.044444444444444
5.288888888888889
4.722222222222222
7.122222222222223
2.011111111111111
1.1555555555555554
2.6222222222222222
5.433333333333334
4.4
4.266666666666667
3.7777777777777777
1.8777777777777778
10.4
5.155555555555556
9.511111111111111
0.2777777777777778
3.5555555555555554
6.444444444444445
1.511111111111111
35.733333333333334
13.955555555555556
2.7222222222222223
6.011111111111111
4.488888888888889
5.655555555555556
4.1000000000000005
3.511111111111111
4.666666666666667
6.177777777777778
6.055555555555555
4.177777777777778
1.1555555555555557
7.611111111111111
29.87777777777778
7.111111111111111
3.8333333333333335
8.544444444444444
17.51111111111111
58.5
40.48888888888889
4.055555555555555
6.666666666666667
26.98888888888889
8.933333333333334
4.766666666666667
4.011111111111111
4.933333333333334
1.6555555555555554
2.2666666666666666
1.3444444444444446
0.23333333333333334
0.1
6.677777777777777
1.511111111111111
28.455555555555556
17.87777777777778
2.9333333333333336
2.7222222222222223
0.9888888888888888
5.733333333333333
2.5
11.211111111111112
2.2777777777777777
8.933333333333334
4.322222222222222
12.444444444444445
2.177777777777778
4.455555555555556
3.433333333333333
2.6222222222222222
4.544444444444444
7.155555555555556
25.788888888888888
22.044444444444444
5.122222222222223
4.266666666666667
1.211111111111111
2.9333333333333336
5.288888888888889
1.1222222222222222
3.111111111111111
3.8333333333333335
7.511111111111111
1.1666666666666667
1.288888888888889
3.6555555555555554
3.3333333333333335
4.933333333333334
0.6777777777777778
3.655555555555556
5.122222222222223
5.566666666666666
2.7222222222222223
3.1666666666666665
1.3777777777777778
1.9555555555555557
2.0444444444444443
1.6555555555555554
8.322222222222223
2.711111111111111
1.6
0.6666666666666666
6.677777777777778
4.9
1.3333333333333333
2.4
2.988888888888889
3.1555555555555554
2.3222222222222224
5.788888888888889
3.1555555555555554
2.8444444444444446
2.6666666666666665
4.444444444444445
2.2333333333333334
2.2666666666666666
14.222222222222221
4.5
3.6
3.511111111111111
2.0444444444444443
0.4
4.322222222222222
9.122222222222222
8.622222222222222
8.711111111111112
15.733333333333333
10.766666666666667
12.0
13.511111111111111
6.044444444444444
31.288888888888888
13.122222222222222
6.766666666666667
2.7111111111111112
4.1000000000000005
0.9888888888888888
2.677777777777778
2.5
0.6666666666666666
0.5
0.6777777777777777
0.26666666666666666
1.6
1.6555555555555557
0.4
1.3777777777777778
1.9555555555555555
2.177777777777778
4.055555555555555
1.788888888888889
1.288888888888889
1.211111111111111
0.26666666666666666
4.222222222222222
4.233333333333333
2.988888888888889
0.7222222222222222
0.8444444444444444
1.1222222222222222
0.9
1.7333333333333334
1.4333333333333333
3.1222222222222222
0.8888888888888888
0.0
0.3222222222222222
2.4
1.7333333333333334
0.17777777777777778
2.2666666666666666
1.5555555555555556
0.4444444444444444
1.0666666666666667
2.2333333333333334
2.7666666666666666
2.2666666666666666
2.3222222222222224
2.3222222222222224
1.3444444444444446
2.5
0.3222222222222222
3.5999999999999996
3.8777777777777778
1.6111111111111112
3.2111111111111112
2.9
1.0666666666666667
1.1222222222222222
1.7333333333333334
0.26666666666666666
3.3444444444444446
1.5666666666666667
4.1
6.455555555555556
1.8333333333333333
4.888888888888889
3.1222222222222222
4.1000000000000005
2.933333333333333
2.0555555555555554
2.0444444444444443
0.9333333333333333
0.17777777777777778
2.2777777777777777
1.288888888888889
0.4888888888888889
2.7111111111111112
2.2222222222222223
2.6777777777777776
2.6666666666666665
2.933333333333333
2.2777777777777777
1.9555555555555555
7.822222222222222
6.544444444444444
1.8222222222222222
0.7222222222222222
12.322222222222223
1.1555555555555554
2.2666666666666666
1.1222222222222222
0.6666666666666666
1.3444444444444446
0.7666666666666666
0.7111111111111111
0.5444444444444444
4.988888888888889
1.5666666666666667
2.9444444444444446
23.12222222222222
3.7777777777777777
2.677777777777778
1.0666666666666667
2.9
0.9888888888888888
4.233333333333333
13.788888888888888
4.544444444444444
3.8777777777777778
1.4333333333333333
4.544444444444444
4.488888888888889
2.6666666666666665
13.511111111111111
6.444444444444445
4.322222222222222
1.511111111111111
10.4
17.066666666666666
2.9444444444444446
138.7111111111111
54.67777777777778
7.955555555555556
5.877777777777778
13.377777777777778
15.788888888888888
2.9444444444444446
14.933333333333334
1.1666666666666667
0.8444444444444444
0.23333333333333334
1.211111111111111
2.5
3.6555555555555554
4.933333333333334
2.7666666666666666
5.166666666666667
7.388888888888889
4.322222222222222
0.7666666666666666
7.166666666666667
6.988888888888889
2.988888888888889
0.9
1.1222222222222222
1.5666666666666667
5.733333333333333
3.2111111111111112
2.9444444444444446
2.488888888888889
2.4555555555555557
1.3444444444444446
1.6111111111111112
2.2333333333333334
3.511111111111111
20.677777777777777
1.4333333333333333
5.777777777777778
9.955555555555556
0.8444444444444444
0.6777777777777778
0.48888888888888893
2.2666666666666666
0.6777777777777777
3.388888888888889
9.377777777777778
3.3444444444444446
5.377777777777778
3.3444444444444446
0.9888888888888888
0.4888888888888889
1.5666666666666667
0.8444444444444444
0.48888888888888893
0.7222222222222222
3.511111111111111
3.566666666666667
5.377777777777777
0.6222222222222222
1.5666666666666667
6.677777777777778
17.155555555555555
7.122222222222222
3.2111111111111112
1.6111111111111112
2.8444444444444446
2.9
1.1555555555555557
2.0444444444444443
1.1555555555555557
4.0
0.6222222222222222
1.7333333333333334
0.9
2.2777777777777777
3.2111111111111112
3.9555555555555557
4.222222222222222
2.3222222222222224
21.566666666666666
10.766666666666667
97.78888888888889
0.7222222222222222
0.26666666666666666
3.4333333333333336
0.1
2.2666666666666666
1.8222222222222222
1.1555555555555557
1.8222222222222222
2.4444444444444446
71.16666666666667
3.111111111111111
1.3333333333333333
7.122222222222223
2.7111111111111112
2.677777777777778
3.3777777777777778
7.166666666666667
1.0666666666666667
1.4333333333333333
1.288888888888889
5.166666666666667
2.933333333333333
2.0555555555555554
4.666666666666667
2.3222222222222224
3.6
8.322222222222223
5.344444444444444
2.9
1.6111111111111112
48.766666666666666
1.5666666666666667
0.6222222222222222
0.9
2.011111111111111
2.488888888888889
1.1222222222222222
1.1666666666666667
0.9
2.8444444444444446
6.177777777777778
2.1
1.211111111111111
0.23333333333333334
0.6666666666666666
0.4444444444444444
0.6222222222222222
0.45555555555555555
1.7333333333333334
0.23333333333333334
2.988888888888889
1.211111111111111
4.677777777777778
3.433333333333333
0.23333333333333334
0.26666666666666666
0.23333333333333334
0.8888888888888888
2.888888888888889
0.8444444444444444
2.0444444444444443
26.677777777777777
3.3444444444444446
4.233333333333333
1.5999999999999999
0.6777777777777778
2.0555555555555554
1.5999999999999999
1.2111111111111112
0.6666666666666666
0.9
0.6777777777777778
1.1666666666666667
0.5
0.7111111111111111
8.011111111111111
5.433333333333334
4.988888888888889
1.8222222222222222
8.0
2.322222222222222
2.0555555555555554
0.8444444444444444
0.6777777777777778
1.1222222222222222
0.23333333333333334
0.45555555555555555
1.7777777777777777
4.9
4.222222222222222
14.177777777777777
1.511111111111111
3.7777777777777777
35.15555555555555
5.377777777777777
2.011111111111111
7.344444444444445
2.5444444444444443
0.4888888888888889
2.3222222222222224
2.2777777777777777
0.9888888888888888
1.511111111111111
0.2777777777777778
1.788888888888889
1.9555555555555555
1.1555555555555557
0.8444444444444444
0.7111111111111111
0.48888888888888893
30.22222222222222
2.888888888888889
1.788888888888889
3.1222222222222222
24.0
5.122222222222223
10.044444444444444
3.7333333333333334
4.455555555555556
1.9555555555555555
3.3777777777777778
8.233333333333334
2.9
0.4
11.511111111111111
3.4333333333333336
3.2111111111111112
2.1
1.788888888888889
2.9333333333333336
19.555555555555557
2.5
12.844444444444445
0.7666666666666666
2.1
0.6666666666666666
0.9888888888888888
0.6777777777777777
0.9
1.8222222222222222
3.511111111111111
2.0555555555555554
3.5999999999999996
2.9
0.6222222222222222
3.822222222222222
0.23333333333333334
4.488888888888889
2.6666666666666665
1.1666666666666667
4.266666666666667
1.211111111111111
2.2333333333333334
0.6777777777777778
0.9888888888888888
0.8444444444444444
1.7333333333333334
1.1555555555555554
0.5444444444444444
2.2666666666666666
0.4
1.6111111111111112
3.066666666666667
1.788888888888889
3.8777777777777778
2.488888888888889
1.8222222222222222
3.511111111111111
2.1
2.6222222222222222
1.788888888888889
1.1555555555555557
1.6555555555555554
5.288888888888889
0.7666666666666666
0.5444444444444444
3.1555555555555554
1.3888888888888888
2.5444444444444443
2.0444444444444443
5.566666666666666
4.988888888888889
3.566666666666667
2.1
2.6666666666666665
2.6222222222222222
1.288888888888889
6.988888888888889
4.933333333333334
3.7777777777777777
7.111111111111111
0.5444444444444444
1.288888888888889
2.2222222222222223
5.955555555555556
9.066666666666666
7.611111111111111
5.655555555555556
2.0444444444444443
6.044444444444444
2.7111111111111112
4.222222222222222
3.6
1.788888888888889
1.788888888888889
6.888888888888889
1.7777777777777777
5.377777777777778
5.511111111111111
3.4333333333333336
6.222222222222222
5.377777777777778
1.9555555555555555
3.3444444444444446
2.2333333333333334
5.377777777777778
4.177777777777778
0.9333333333333333
2.1777777777777776
2.7666666666666666
16.666666666666668
2.488888888888889
4.044444444444444
1.511111111111111
0.9
1.788888888888889
5.211111111111111
6.488888888888889
3.611111111111111
5.288888888888889
2.488888888888889
5.788888888888889
2.4
1.511111111111111
3.8777777777777778
3.6
2.9444444444444446
1.9555555555555557
2.988888888888889
2.011111111111111
1.5666666666666667
3.2888888888888888
0.9
1.1555555555555554
2.488888888888889
2.888888888888889
10.71111111111111
7.877777777777778
3.7333333333333334
6.011111111111111
4.322222222222222
2.9333333333333336
1.4333333333333333
6.844444444444444
6.455555555555556
5.066666666666666
3.566666666666667
0.9888888888888888
5.066666666666666
2.177777777777778
2.2777777777777777
3.511111111111111
3.2888888888888888
1.5555555555555556
4.322222222222222
7.344444444444444
3.7333333333333334
2.9444444444444446
12.544444444444444
3.2111111111111112
4.488888888888889
9.288888888888888
3.3777777777777778
4.011111111111111
6.0
7.155555555555555
6.844444444444444
7.333333333333333
2.2222222222222223
6.988888888888889
4.544444444444444
4.233333333333333
5.377777777777778
3.1555555555555554
4.233333333333333
5.611111111111111
6.544444444444444
4.888888888888889
5.122222222222223
2.0
5.511111111111111
13.288888888888888
3.7333333333333334
3.8777777777777778
6.011111111111111
2.4555555555555557
10.055555555555555
5.211111111111111
2.9
2.8444444444444446
7.511111111111111
9.6
6.455555555555556
8.177777777777777
2.011111111111111
2.5444444444444443
6.177777777777778
2.4555555555555557
5.833333333333333
7.066666666666666
2.011111111111111
0.9333333333333333
39.15555555555555
70.72222222222223
5.155555555555556
2.2666666666666666
0.4
6.233333333333333
3.3444444444444446
6.988888888888889
4.044444444444444
4.766666666666667
0.45555555555555555
32.544444444444444
22.266666666666666
6.488888888888889
8.455555555555556
2.488888888888889
1.8222222222222222
8.1
6.322222222222223
2.5444444444444443
2.0444444444444443
1.511111111111111
3.6555555555555554
2.8444444444444446
1.6555555555555557
3.7333333333333334
2.0
3.8222222222222224
1.288888888888889
0.4888888888888889
0.9444444444444444
2.3222222222222224
4.666666666666667
7.155555555555556
1.0666666666666667
7.955555555555556
4.0
2.711111111111111
10.622222222222222
5.655555555555556
1.4333333333333333
4.222222222222222
1.3888888888888888
0.8444444444444444
0.8888888888888888
0.8444444444444444
3.2111111111111112
4.1
3.2111111111111112
4.455555555555556
3.1666666666666665
2.1
1.1555555555555557
2.9
9.733333333333333
24.9
43.43333333333333
3.2111111111111112
3.6555555555555554
4.444444444444445
4.888888888888889
5.388888888888889
0.9888888888888888
0.9444444444444444
5.733333333333333
14.266666666666667
18.233333333333334
13.566666666666666
39.288888888888884
1.4333333333333333
1.1555555555555554
12.233333333333333
6.488888888888889
3.2111111111111112
4.488888888888889
5.788888888888889
2.2666666666666666
2.0
2.177777777777778
2.9
1.3333333333333333
1.3888888888888888
0.4
3.7888888888888888
2.4444444444444446
1.8222222222222222
3.3777777777777778
5.166666666666667
14.622222222222222
4.222222222222222
2.1
5.555555555555555
4.011111111111111
2.711111111111111
3.788888888888889
13.288888888888888
3.9555555555555557
11.377777777777778
6.888888888888889
4.766666666666667
3.3777777777777778
3.6
8.011111111111111
4.722222222222222
7.733333333333333
4.1000000000000005
6.711111111111111
1.5999999999999999
5.955555555555556
2.3222222222222224
2.2666666666666666
4.222222222222222
12.544444444444444
8.88888888888889
4.544444444444444
5.655555555555556
8.766666666666667
12.266666666666667
4.766666666666667
2.4555555555555557
4.888888888888889
1.8333333333333333
4.988888888888889
5.566666666666666
7.822222222222222
7.211111111111111
7.122222222222222
3.066666666666667
7.788888888888889
4.488888888888889
3.7777777777777777
3.7333333333333334
8.5
5.955555555555556
3.6
2.6666666666666665
8.722222222222221
4.1000000000000005
2.5444444444444447
4.0
11.566666666666666
49.34444444444444
27.73333333333333
5.155555555555556
4.722222222222222
9.566666666666666
9.28888888888889
11.877777777777778
19.155555555555555
3.6555555555555554
30.177777777777777
94.94444444444444
9.511111111111111
12.766666666666667
15.122222222222222
21.155555555555555
21.822222222222223
13.155555555555555
6.277777777777778
6.844444444444444
5.655555555555556
26.711111111111112
8.322222222222223
4.544444444444444
4.4
2.988888888888889
3.7333333333333334
5.333333333333333
2.9444444444444446
2.0
5.122222222222223
1.3444444444444443
3.1555555555555554
2.7666666666666666
3.655555555555556
1.0666666666666667
2.1
2.4
6.4
8.844444444444443
5.655555555555556
2.8444444444444446
2.9333333333333336
0.9888888888888888
3.2888888888888888
1.6111111111111112
7.211111111111111
5.288888888888889
7.655555555555556
1.3777777777777778
2.488888888888889
14.322222222222223
4.455555555555556
21.066666666666666
1.288888888888889
3.6
10.233333333333333
2.0444444444444443
6.266666666666667
4.044444444444444
0.4888888888888889
5.955555555555556
8.9
5.511111111111111
4.322222222222222
2.9
4.233333333333333
2.4
8.4
5.877777777777778
3.3777777777777778
2.011111111111111
6.5
3.066666666666667
1.3888888888888888
13.877777777777778
2.6222222222222222
10.1
2.2666666666666666
6.766666666666667
5.166666666666667
7.788888888888889
2.4
13.28888888888889
14.677777777777777
1.9555555555555555
3.2111111111111112
3.511111111111111
2.933333333333333
1.288888888888889
2.6666666666666665
3.388888888888889
11.166666666666666
5.211111111111111
1.5666666666666667
23.555555555555557
14.666666666666666
8.711111111111112
4.933333333333334
6.1000000000000005
2.177777777777778
3.3777777777777778
1.5666666666666667
0.23333333333333334
5.211111111111111
2.6666666666666665
9.566666666666666
14.666666666666666
2.9
2.933333333333333
7.166666666666667
3.3444444444444446
2.9444444444444446
63.56666666666667
118.98888888888888
3.9555555555555557
25.77777777777778
8.1
3.6555555555555554
4.677777777777778
12.711111111111112
3.822222222222222
2.488888888888889
3.7333333333333334
5.433333333333334
2.1
1.9555555555555557
4.5
0.48888888888888893
5.333333333333333
2.7111111111111112
2.988888888888889
14.011111111111111
1.7333333333333334
10.177777777777777
4.677777777777778
6.266666666666667
2.9333333333333336
2.888888888888889
3.8777777777777778
0.9888888888888888
3.1222222222222222
1.6555555555555554
1.211111111111111
2.988888888888889
2.2222222222222223
4.044444444444444
0.7111111111111111
3.8222222222222224
7.111111111111111
8.4
3.4333333333333336
7.155555555555556
2.2333333333333334
3.8222222222222224
5.344444444444444
2.6222222222222222
1.9555555555555555
2.9444444444444446
6.444444444444445
1.1555555555555557
2.4
1.788888888888889
2.9444444444444446
11.511111111111111
6.944444444444445
7.955555555555556
3.1222222222222222
3.6
2.5444444444444443
20.944444444444443
1.3444444444444443
3.511111111111111
8.1
4.711111111111111
8.233333333333333
5.511111111111111
10.455555555555556
5.377777777777778
2.4555555555555557
0.5
5.733333333333333
2.6666666666666665
6.988888888888889
9.733333333333333
6.011111111111111
25.51111111111111
6.988888888888889
3.433333333333333
5.433333333333334
4.622222222222223
5.877777777777778
4.9
8.0
4.4
5.333333333333333
6.988888888888889
7.6
9.511111111111111
16.9
5.733333333333333
11.955555555555556
6.1000000000000005
7.788888888888889
55.77777777777778
16.766666666666666
3.2111111111111112
1.788888888888889
2.8444444444444446
5.788888888888889
5.155555555555556
15.122222222222222
11.344444444444445
15.61111111111111
8.1
2.4555555555555557
16.044444444444444
4.044444444444444
7.211111111111111
2.7111111111111112
5.166666666666667
3.066666666666667
6.677777777777778
9.555555555555555
5.433333333333334
7.066666666666666
2.677777777777778
0.9333333333333333
5.777777777777778
8.044444444444444
1.6111111111111112
8.933333333333334
4.988888888888889
4.544444444444444
5.433333333333334
6.322222222222223
3.4333333333333336
8.711111111111112
7.655555555555556
4.888888888888889
8.4
6.9
6.0
4.011111111111111
9.066666666666666
5.788888888888889
8.177777777777777
9.655555555555555
3.4333333333333336
7.733333333333333
7.788888888888889
4.233333333333333
5.655555555555556
4.488888888888889
5.066666666666666
8.1
2.2222222222222223
34.455555555555556
13.377777777777778
12.322222222222223
12.988888888888889
8.266666666666667
6.233333333333333
8.5
11.377777777777778
9.066666666666666
4.266666666666667
6.233333333333333
6.711111111111111
3.7333333333333334
4.5
5.288888888888889
9.877777777777778
10.055555555555555
1.6555555555555557
2.1777777777777776
1.9555555555555555
9.78888888888889
11.344444444444445
7.122222222222223
33.733333333333334
14.488888888888889
4.766666666666667
2.6222222222222222
4.4
13.122222222222222
9.333333333333334
6.044444444444444
13.733333333333334
4.0
0.23333333333333334
7.788888888888889
6.711111111111111
1.1111111111111112
4.1
1.211111111111111
8.011111111111111
2.5
11.122222222222222
13.955555555555556
13.566666666666666
25.155555555555555
0.9888888888888888
7.611111111111111
3.2111111111111112
7.155555555555556
5.122222222222223
3.2111111111111112
4.488888888888889
0.6222222222222222
0.5
6.677777777777778
6.677777777777778
20.88888888888889
3.8222222222222224
4.666666666666667
3.433333333333333
12.4
3.5555555555555554
7.155555555555556
7.122222222222222
2.3222222222222224
0.8444444444444444
3.5555555555555554
1.4333333333333333
0.5
3.566666666666667
12.266666666666667
6.711111111111111
8.277777777777779
12.544444444444444
14.044444444444444
39.955555555555556
17.377777777777776
6.888888888888889
26.27777777777778
12.4
5.433333333333334
3.8777777777777778
8.444444444444445
15.166666666666666
3.9555555555555557
1.6555555555555554
3.566666666666667
1.1555555555555557
0.4
8.544444444444444
2.2333333333333334
0.23333333333333334
1.5666666666666667
1.9555555555555555
77.6
23.288888888888888
4.222222222222222
15.655555555555555
10.722222222222221
69.5111111111111
2.2777777777777777
55.87777777777778
39.12222222222222
22.766666666666666
17.599999999999998
65.11111111111111
3.3777777777777778
19.877777777777776
0.4
22.266666666666666
0.7666666666666666
36.98888888888889
7.822222222222222
17.122222222222224
0.48888888888888893
3.8777777777777778
0.45555555555555555
56.17777777777778
59.06666666666666
20.5
2.3222222222222224
3.2888888888888888
1.4333333333333333
2.9444444444444446
38.67777777777778
1.5555555555555556
25.51111111111111
1.0666666666666667
0.45555555555555555
1.5999999999999999
3.788888888888889
67.82222222222222
0.5444444444444444
6.455555555555555
10.1
13.877777777777778
6.444444444444445
3.2111111111111112
14.722222222222221
12.322222222222223
12.844444444444445
0.6222222222222222
6.222222222222222
7.288888888888889
2.988888888888889
7.111111111111111
8.055555555555555
2.7111111111111112
2.6222222222222222
49.34444444444445
19.122222222222224
2.5
43.56666666666666
20.766666666666666
0.1
2.1
14.666666666666666
6.322222222222223
7.511111111111111
8.766666666666666
6.0
24.62222222222222
1.3888888888888888
2.011111111111111
18.677777777777777
62.233333333333334
3.3777777777777778
5.155555555555556
48.888888888888886
36.455555555555556
46.44444444444444
3.6
16.677777777777777
56.98888888888889
1.3444444444444446
12.766666666666667
15.377777777777778
12.322222222222223
5.6
3.3333333333333335
1.788888888888889
2.0444444444444443
9.28888888888889
6.9
1.4333333333333333
5.155555555555556
0.4444444444444444
13.822222222222223
2.5
12.011111111111111
9.511111111111111
34.766666666666666
5.822222222222222
8.444444444444445
8.0
9.555555555555555
4.233333333333333
3.9555555555555557
2.1777777777777776
1.8222222222222222
23.066666666666666
24.48888888888889
8.722222222222221
4.677777777777778
3.1222222222222222
7.833333333333333
3.822222222222222
5.122222222222223
2.711111111111111
4.222222222222222
6.0
4.666666666666667
3.1222222222222222
10.322222222222223
4.4
11.433333333333334
4.322222222222222
7.833333333333333
7.611111111111111
4.277777777777778
2.8444444444444446
6.622222222222222
18.844444444444445
35.37777777777778
5.344444444444444
9.066666666666666
2.888888888888889
5.511111111111111
2.2777777777777777
3.1555555555555554
2.711111111111111
6.444444444444445
1.9555555555555555
2.6777777777777776
3.7777777777777777
17.877777777777776
1.3777777777777778
1.8222222222222222
36.48888888888889
18.322222222222223
6.266666666666667
5.433333333333334
4.177777777777778
5.955555555555556
9.733333333333333
1.7333333333333334
1.3333333333333333
5.788888888888889
1.1555555555555557
5.877777777777778
5.066666666666666
3.3777777777777778
23.566666666666666
14.266666666666667
2.0
0.9888888888888888
4.322222222222222
2.9333333333333336
5.433333333333334
3.288888888888889
1.1222222222222222
1.7333333333333334
6.988888888888889
5.344444444444444
1.788888888888889
5.155555555555556
6.011111111111111
4.711111111111111
74.04444444444444
3.6
56.93333333333333
45.78888888888889
43.12222222222223
73.38888888888889
14.4
105.83333333333333
13.511111111111111
29.288888888888888
48.9
4.677777777777778
1.5555555555555556
2.4
1.7777777777777777
35.06666666666666
43.733333333333334
141.61111111111111
52.98888888888889
48.27777777777778
46.044444444444444
27.955555555555556
21.877777777777776
131.38888888888889
57.56666666666666
64.89999999999999
37.733333333333334
41.21111111111111
11.155555555555555
34.27777777777778
39.06666666666666
20.544444444444444
32.71111111111111
27.12222222222222
31.433333333333334
4.677777777777778
2.888888888888889
9.122222222222222
5.733333333333333
44.44444444444444
0.4888888888888889
13.344444444444445
17.599999999999998
57.611111111111114
50.544444444444444
28.444444444444443
1.5666666666666667
1.211111111111111
1.3444444444444446
29.211111111111112
58.48888888888889
45.288888888888884
3.066666666666667
55.788888888888884
88.71111111111111
50.93333333333333
47.43333333333333
32.1
68.72222222222223
42.05555555555556
54.72222222222222
55.6
89.06666666666666
34.93333333333334
51.15555555555555
58.67777777777778
42.27777777777778
28.933333333333334
8.177777777777777
2.2333333333333334
35.15555555555555
25.377777777777776
4.222222222222222
37.166666666666664
17.877777777777776
3.9555555555555557
2.0555555555555554
1.7888888888888888
5.566666666666666
12.455555555555556
28.055555555555557
54.05555555555556
59.166666666666664
27.51111111111111
18.766666666666666
12.9
61.77777777777778
67.87777777777778
2.5
2.322222222222222
15.166666666666666
1.8777777777777778
4.677777777777778
69.6
9.6
4.177777777777778
37.6
40.94444444444444
38.455555555555556
42.71111111111111
6.933333333333334
60.94444444444444
10.544444444444444
19.555555555555557
1.3333333333333333
36.544444444444444
42.5
20.233333333333334
2.9444444444444446
1.511111111111111
3.1222222222222222
18.4
25.377777777777776
2.7111111111111112
24.01111111111111
3.511111111111111
4.844444444444444
1.6555555555555557
2.2666666666666666
1.1666666666666667
1.288888888888889
6.177777777777778
2.488888888888889
10.044444444444444
2.6777777777777776
2.4555555555555557
4.677777777777778
7.155555555555556
2.4
1.6
0.6777777777777777
1.0666666666666667
4.933333333333334
10.844444444444445
9.11111111111111
2.6222222222222222
8.322222222222223
6.233333333333333
6.177777777777778
6.766666666666667
8.044444444444444
0.23333333333333334
8.666666666666666
6.4
4.044444444444444
3.388888888888889
14.266666666666667
1.6555555555555554
4.622222222222222
7.733333333333333
21.377777777777776
14.844444444444443
5.511111111111111
9.833333333333334
2.7666666666666666
14.844444444444445
3.8777777777777778
2.711111111111111
5.388888888888889
10.666666666666666
12.944444444444445
9.344444444444445
6.011111111111111
13.822222222222223
9.566666666666666
33.65555555555555
2.3222222222222224
10.488888888888889
3.8777777777777778
6.677777777777777
3.388888888888889
8.1
3.8222222222222224
3.7777777777777777
7.288888888888889
2.7111111111111112
2.0
3.066666666666667
5.066666666666666
9.61111111111111
5.655555555555556
7.511111111111111
5.066666666666666
16.766666666666666
4.0
6.4
4.844444444444444
7.288888888888889
7.655555555555556
9.822222222222223
56.62222222222222
5.122222222222223
11.377777777777778
7.288888888888889
5.566666666666666
56.044444444444444
46.9
82.93333333333334
1.9555555555555555
7.611111111111111
62.32222222222222
11.61111111111111
59.21111111111111
45.51111111111111
13.511111111111111
93.87777777777778
19.433333333333334
56.666666666666664
0.8444444444444444
2.933333333333333
9.555555555555555
20.766666666666666
4.888888888888889
39.6
46.05555555555556
6.766666666666667
9.066666666666666
3.566666666666667
47.166666666666664
31.77777777777778
5.166666666666667
56.1
81.15555555555555
10.4
36.62222222222222
31.21111111111111
5.166666666666667
10.177777777777777
9.833333333333334
6.177777777777778
60.455555555555556
6.322222222222222
16.5
23.12222222222222
4.266666666666667
40.888888888888886
6.044444444444444
11.877777777777778
5.377777777777778
8.4
2.2666666666666666
3.4333333333333336
49.111111111111114
41.21111111111111
2.6666666666666665
17.51111111111111
14.322222222222223
4.044444444444444
6.177777777777778
2.2333333333333334
3.1555555555555554
4.4
8.9
8.944444444444445
5.166666666666667
3.8333333333333335
3.8222222222222224
3.8777777777777778
5.877777777777778
3.3777777777777778
4.9
13.511111111111111
0.9444444444444444
17.211111111111112
4.233333333333333
4.1
2.5
3.8333333333333335
3.2888888888888888
48.455555555555556
5.877777777777778
3.3333333333333335
3.388888888888889
14.444444444444445
8.677777777777777
1.8777777777777778
2.1777777777777776
12.044444444444444
0.5
1.6555555555555557
1.511111111111111
3.1222222222222222
6.677777777777778
8.233333333333334
12.322222222222223
3.111111111111111
1.6
20.944444444444443
60.266666666666666
2.4444444444444446
2.9
16.48888888888889
21.877777777777776
1.8222222222222222
3.8777777777777778
3.566666666666667
13.733333333333333
12.4
2.2333333333333334
2.5
6.044444444444444
1.511111111111111
1.6555555555555557
2.7111111111111112
3.566666666666667
2.2666666666666666
1.511111111111111
1.7777777777777777
2.1
1.1222222222222222
0.4888888888888889
1.6555555555555557
0.2777777777777778
6.677777777777777
0.7666666666666666
16.444444444444443
25.566666666666666
0.4
1.5555555555555556
5.377777777777778
2.5444444444444447
36.666666666666664
8.9
0.4888888888888889
2.0555555555555554
2.7111111111111112
69.37777777777778
1.5666666666666667
1.5666666666666667
1.288888888888889
4.711111111111111
0.6666666666666666
1.4333333333333333
0.9888888888888888
0.26666666666666666
0.9888888888888888
0.4444444444444444
0.17777777777777778
0.6777777777777778
24.488888888888887
32.888888888888886
17.155555555555555
0.5444444444444444
0.5444444444444444
4.544444444444444
1.8333333333333333
37.65555555555555
0.7222222222222222
0.26666666666666666
1.511111111111111
0.5444444444444444
1.788888888888889
0.6777777777777777
1.511111111111111
1.0666666666666667
0.7111111111111111
23.82222222222222
1.1555555555555554
20.988888888888887
10.9
3.566666666666667
2.0444444444444443
2.011111111111111
2.011111111111111
40.32222222222222
3.5555555555555554
17.877777777777776
2.8444444444444446
0.1
7.066666666666666
2.1
1.3444444444444443
0.9444444444444444
3.1555555555555554
71.87777777777778
4.711111111111111
47.37777777777778
2.888888888888889
7.288888888888889
2.4555555555555557
1.211111111111111
22.0
2.0555555555555554
3.6555555555555554
1.788888888888889
1.1666666666666667
7.655555555555556
5.655555555555556
4.722222222222222
6.677777777777777
12.622222222222222
5.288888888888889
5.822222222222222
10.944444444444445
2.322222222222222
4.844444444444444
3.1555555555555554
10.177777777777777
11.555555555555555
22.88888888888889
18.1
10.055555555555555
2.5444444444444443
5.833333333333333
11.61111111111111
6.011111111111111
25.166666666666668
11.822222222222223
8.622222222222222
16.62222222222222
5.288888888888889
14.488888888888889
11.733333333333333
6.677777777777778
3.1555555555555554
12.844444444444445
6.444444444444445
23.6
10.933333333333334
6.011111111111111
28.4
7.955555555555556
107.21111111111111
9.433333333333334
8.944444444444445
23.877777777777776
34.233333333333334
13.511111111111111
24.944444444444443
8.622222222222222
19.377777777777776
11.377777777777778
8.488888888888889
10.044444444444444
14.044444444444444
28.544444444444444
24.5
8.222222222222221
14.899999999999999
3.3777777777777778
10.766666666666667
8.766666666666667
4.9
14.622222222222222
12.444444444444445
3.7333333333333334
18.455555555555556
14.711111111111112
12.4
5.288888888888889
8.677777777777777
9.511111111111111
30.62222222222222
12.4
11.433333333333334
4.544444444444444
159.38888888888889
17.555555555555557
19.822222222222223
14.322222222222223
4.666666666666667
6.222222222222222
3.6555555555555554
12.011111111111111
5.6000000000000005
5.877777777777778
5.733333333333333
10.9
3.5555555555555554
8.722222222222221
5.877777777777778
18.177777777777777
7.377777777777778
8.844444444444445
18.711111111111112
3.388888888888889
15.655555555555557
7.788888888888889
11.155555555555555
3.7333333333333334
17.566666666666666
2.888888888888889
11.877777777777778
4.933333333333334
9.122222222222222
7.788888888888889
3.7888888888888888
0.5
1.1222222222222222
7.822222222222222
8.488888888888889
8.544444444444444
4.622222222222223
3.3444444444444446
2.2666666666666666
1.4333333333333333
4.722222222222222
1.3444444444444446
2.6666666666666665
5.333333333333333
14.222222222222221
32.84444444444444
4.233333333333333
9.066666666666666
1.8222222222222222
10.1
3.066666666666667
4.4
0.5444444444444444
4.933333333333334
3.7777777777777777
2.4444444444444446
3.3444444444444446
8.1
13.333333333333334
1.6111111111111112
3.2111111111111112
0.5
2.488888888888889
5.611111111111111
7.611111111111111
1.6111111111111112
2.4444444444444446
0.8888888888888888
0.7111111111111111
0.7111111111111111
0.8444444444444444
15.377777777777778
2.988888888888889
20.266666666666666
2.933333333333333
2.9444444444444446
8.933333333333334
5.877777777777778
8.1
17.166666666666668
25.955555555555556
28.32222222222222
40.94444444444444
82.62222222222222
41.65555555555555
1.0666666666666667
6.5
3.1222222222222222
9.511111111111111
30.055555555555557
12.266666666666667
48.455555555555556
4.177777777777778
79.56666666666666
61.111111111111114
5.155555555555556
3.822222222222222
1.8333333333333333
1.511111111111111
2.322222222222222
1.6
1.511111111111111
1.8777777777777778
2.4555555555555557
4.711111111111111
1.788888888888889
2.0
3.511111111111111
30.98888888888889
10.233333333333333
59.78888888888889
2.988888888888889
1.6555555555555554
3.2111111111111112
2.2666666666666666
2.5444444444444443
2.0
1.6
2.011111111111111
5.733333333333333
5.511111111111111
2.488888888888889
5.388888888888889
4.488888888888889
3.2888888888888888
7.822222222222222
6.266666666666667
1.8777777777777778
8.044444444444444
2.2666666666666666
0.7111111111111111
3.2888888888888888
1.1666666666666667
1.5555555555555556
0.7111111111111111
2.488888888888889
2.7666666666666666
9.122222222222222
11.777777777777779
4.766666666666667
4.322222222222222
10.677777777777777
8.5
11.955555555555556
2.3222222222222224
2.7666666666666666
11.833333333333334
5.433333333333334
2.3222222222222224
1.788888888888889
2.4555555555555557
5.788888888888889
3.2888888888888888
3.1555555555555554
7.066666666666666
4.766666666666667
4.944444444444445
4.044444444444444
5.344444444444444
3.7888888888888888
1.8222222222222222
2.4555555555555557
1.0666666666666667
3.611111111111111
3.1222222222222222
5.655555555555556
0.7666666666666666
3.4333333333333336
6.266666666666667
3.2111111111111112
6.488888888888889
2.677777777777778
4.622222222222223
4.933333333333334
2.5
3.788888888888889
2.1
0.7111111111111111
8.488888888888889
9.155555555555555
5.344444444444445
8.766666666666667
6.677777777777778
2.6222222222222222
6.3999999999999995
4.322222222222222
6.666666666666667
1.5666666666666667
7.555555555555555
0.9
2.7666666666666666
5.788888888888889
1.8777777777777778
2.6777777777777776
2.2222222222222223
4.844444444444444
5.6000000000000005
7.066666666666666
4.011111111111111
2.677777777777778
3.1222222222222222
3.2888888888888888
6.933333333333334
7.777777777777778
4.222222222222222
3.4333333333333336
3.3333333333333335
3.7333333333333334
64.66666666666667
2.4
0.4
6.9
6.0
2.0444444444444443
5.155555555555556
2.988888888888889
4.055555555555555
2.7111111111111112
3.066666666666667
1.511111111111111
1.7777777777777777
29.21111111111111
1.288888888888889
3.2111111111111112
1.6111111111111112
16.01111111111111
1.3444444444444443
2.8444444444444446
1.511111111111111
4.488888888888889
2.6666666666666665
3.9555555555555557
2.677777777777778
1.3777777777777778
3.3444444444444446
1.7333333333333334
1.9555555555555555
0.5444444444444444
6.677777777777778
2.2222222222222223
3.7333333333333334
3.511111111111111
1.8222222222222222
3.7888888888888888
0.6222222222222222
4.1
14.933333333333334
3.6555555555555554
0.8444444444444444
20.233333333333334
3.7888888888888888
1.7333333333333334
4.266666666666667
2.9333333333333336
10.055555555555555
52.32222222222222
0.9
4.455555555555556
16.666666666666668
2.7111111111111112
3.7333333333333334
2.677777777777778
0.6777777777777778
18.233333333333334
41.43333333333333
6.622222222222223
3.066666666666667
2.3222222222222224
1.8222222222222222
1.288888888888889
4.1000000000000005
68.76666666666667
2.888888888888889
41.733333333333334
1.1111111111111112
0.9888888888888888
1.1222222222222222
0.9
0.45555555555555555
91.55555555555556
7.777777777777778
2.0
0.9444444444444444
2.6222222222222222
1.5666666666666667
5.377777777777777
7.788888888888889
0.48888888888888893
4.266666666666667
21.166666666666668
3.3777777777777778
0.9
12.666666666666666
5.566666666666666
5.788888888888889
2.7666666666666666
6.677777777777777
5.155555555555555
4.011111111111111
8.622222222222222
4.055555555555555
6.011111111111111
10.011111111111111
2.677777777777778
0.45555555555555555
2.011111111111111
1.8222222222222222
0.6222222222222222
1.5666666666666667
5.955555555555556
4.711111111111111
4.9
5.566666666666666
1.9555555555555555
4.044444444444444
4.666666666666667
5.333333333333333
1.3888888888888888
6.844444444444445
1.6
4.177777777777778
15.788888888888888
91.16666666666667
7.122222222222222
2.5444444444444443
1.211111111111111
64.71111111111111
9.733333333333333
4.177777777777778
3.9555555555555557
0.45555555555555555
1.0666666666666667
4.844444444444444
9.566666666666666
3.2888888888888888
3.066666666666667
3.7333333333333334
22.455555555555556
1.5555555555555556
2.0555555555555554
2.9444444444444446
3.2111111111111112
4.888888888888889
3.2888888888888888
1.8777777777777778
2.488888888888889
1.211111111111111
4.766666666666667
2.4555555555555557
5.211111111111111
6.944444444444445
1.3444444444444446
2.4555555555555557
2.9444444444444446
5.822222222222222
1.788888888888889
19.733333333333334
1.211111111111111
7.344444444444444
2.9444444444444446
4.988888888888889
0.9
2.011111111111111
0.17777777777777778
0.8444444444444444
36.4
0.6222222222222222
2.6222222222222222
8.0
11.122222222222222
3.5555555555555554
8.322222222222223
102.23333333333333
135.15555555555557
76.04444444444444
1.1222222222222222
2.2222222222222223
1.7333333333333334
4.455555555555556
3.066666666666667
3.1555555555555554
132.01111111111112
2.9
41.611111111111114
3.6
2.5444444444444443
5.211111111111111
4.933333333333334
6.711111111111111
4.622222222222223
1.9555555555555557
23.82222222222222
1.3444444444444446
1.211111111111111
42.888888888888886
26.9
8.666666666666666
14.5
6.622222222222222
2.5444444444444443
0.5444444444444444
1.3444444444444443
41.82222222222222
6.455555555555556
68.0111111111111
2.6777777777777776
6.177777777777778
22.1
4.011111111111111
3.111111111111111
1.7333333333333334
2.7111111111111112
3.3777777777777778
12.322222222222223
17.377777777777776
19.288888888888888
56.93333333333333
17.51111111111111
1.8333333333333333
4.055555555555555
15.955555555555556
2.2222222222222223
0.7111111111111111
22.055555555555557
0.23333333333333334
0.9444444444444444
46.455555555555556
51.21111111111111
1.4333333333333333
24.88888888888889
1.788888888888889
0.2777777777777778
0.7111111111111111
1.4333333333333333
1.5666666666666667
0.9333333333333333
0.5
2.1
2.4
24.933333333333334
2.0555555555555554
1.3777777777777778
19.155555555555555
18.266666666666666
26.4
4.011111111111111
3.8222222222222224
3.2111111111111112
10.266666666666666
2.5
14.0
15.788888888888888
96.84444444444445
3.433333333333333
34.62222222222222
34.01111111111111
7.166666666666667
0.7111111111111111
22.666666666666668
34.71111111111111
52.9
117.61111111111111
28.62222222222222
2.6666666666666665
7.211111111111111
2.4444444444444446
4.011111111111111
4.222222222222222
28.233333333333334
70.1
81.06666666666666
12.9
43.6
75.6
23.955555555555556
20.72222222222222
120.39999999999999
10.9
4.177777777777778
26.055555555555557
2.2333333333333334
7.288888888888889
5.377777777777778
9.11111111111111
19.566666666666666
9.655555555555555
38.011111111111106
44.544444444444444
52.94444444444444
40.94444444444444
25.51111111111111
53.955555555555556
0.9333333333333333
10.455555555555556
2.4555555555555557
1.7333333333333334
63.388888888888886
4.266666666666667
2.9
3.388888888888889
0.8999999999999999
0.8444444444444444
0.6666666666666666
2.4555555555555557
0.5444444444444444
11.211111111111112
1.7333333333333334
2.2222222222222223
34.67777777777778
11.655555555555555
5.122222222222223
1.7333333333333334
2.2333333333333334
0.9333333333333333
2.6666666666666665
2.6222222222222222
2.6777777777777776
2.2333333333333334
6.933333333333334
2.3222222222222224
4.677777777777778
8.277777777777779
7.788888888888889
4.988888888888889
2.988888888888889
7.433333333333334
4.266666666666667
2.7666666666666666
1.5555555555555556
39.15555555555555
4.266666666666667
2.2666666666666666
6.666666666666667
0.7666666666666666
6.011111111111111
2.2666666666666666
1.3444444444444446
4.766666666666667
0.9
87.34444444444445
2.5
2.2222222222222223
14.488888888888889
19.87777777777778
6.666666666666667
2.2333333333333334
0.8444444444444444
0.45555555555555555
0.7222222222222222
1.8777777777777778
0.4
0.23333333333333334
1.511111111111111
2.8444444444444446
4.444444444444445
6.055555555555555
6.322222222222222
5.955555555555556
7.288888888888889
1.8222222222222222
5.955555555555556
9.11111111111111
1.6111111111111112
4.888888888888889
5.122222222222223
7.6000000000000005
4.177777777777778
8.455555555555556
5.211111111111111
3.8333333333333335
6.677777777777778
10.266666666666667
28.72222222222222
6.011111111111111
7.511111111111111
4.622222222222223
6.9
5.566666666666666
5.955555555555556
3.1555555555555554
9.11111111111111
4.622222222222223
2.0444444444444443
3.066666666666667
4.488888888888889
5.877777777777778
6.266666666666667
2.8444444444444446
2.8444444444444446
2.6222222222222222
1.1111111111111112
4.011111111111111
10.011111111111111
1.9555555555555555
6.5
26.622222222222224
4.011111111111111
3.7333333333333334
3.1222222222222222
8.044444444444444
2.488888888888889
2.988888888888889
3.1222222222222222
4.677777777777778
1.1222222222222222
2.2666666666666666
6.4
2.0
5.344444444444444
3.2111111111111112
14.544444444444444
1.7333333333333334
6.933333333333334
8.544444444444444
7.555555555555555
3.1222222222222222
4.1
3.6555555555555554
8.444444444444445
2.2333333333333334
0.5444444444444444
2.0444444444444447
2.2666666666666666
4.4
1.8222222222222222
0.9333333333333333
2.6222222222222222
2.8444444444444446
2.9444444444444446
2.2222222222222223
0.7222222222222222
2.6666666666666665
0.4
2.8444444444444446
2.2222222222222223
2.488888888888889
16.844444444444445
6.044444444444444
40.22222222222222
16.044444444444444
14.711111111111112
11.955555555555556
6.666666666666667
40.5
2.711111111111111
0.6222222222222222
2.2666666666666666
4.544444444444444
5.155555555555555
3.9555555555555557
2.4555555555555557
0.8888888888888888
7.733333333333333
4.322222222222222
1.1222222222222222
1.0666666666666667
2.5444444444444443
2.2666666666666666
0.45555555555555555
1.3777777777777778
1.1555555555555554
9.377777777777778
3.1555555555555554
3.655555555555556
1.511111111111111
1.8222222222222222
3.8222222222222224
4.544444444444444
3.822222222222222
0.6222222222222222
0.7111111111111111
1.3444444444444446
2.4
1.3444444444444446
16.444444444444443
5.877777777777778
4.677777777777778
3.066666666666667
16.711111111111112
0.6777777777777777
37.15555555555555
12.677777777777777
0.9333333333333333
6.4
37.955555555555556
7.822222222222222
3.511111111111111
7.288888888888889
7.333333333333333
1.5999999999999999
99.65555555555555
88.27777777777777
13.733333333333333
2.711111111111111
4.0
8.988888888888889
44.01111111111111
3.9555555555555557
14.177777777777777
27.87777777777778
7.566666666666666
14.322222222222223
13.377777777777778
13.21111111111111
3.9555555555555557
4.622222222222222
0.5
0.9444444444444444
22.455555555555556
2.488888888888889
19.211111111111112
9.733333333333333
4.1
5.388888888888889
10.233333333333334
3.2111111111111112
0.8888888888888888
2.4444444444444446
14.988888888888889
0.7111111111111111
38.044444444444444
24.455555555555556
54.233333333333334
24.622222222222224
43.82222222222222
6.266666666666667
5.6
6.322222222222222
4.266666666666667
13.6
14.677777777777777
3.8222222222222224
1.1222222222222222
4.4
5.822222222222222
2.4555555555555557
5.155555555555556
20.27777777777778
28.766666666666666
7.155555555555556
3.9555555555555557
5.377777777777778
5.877777777777778
10.444444444444445
2.2333333333333334
3.611111111111111
2.5444444444444443
56.84444444444444
3.111111111111111
15.733333333333333
14.177777777777777
4.455555555555556
4.322222222222222
13.288888888888888
2.011111111111111
1.8777777777777778
31.38888888888889
39.788888888888884
5.555555555555555
1.8777777777777778
2.4
1.8222222222222224
4.044444444444444
6.177777777777778
5.288888888888889
6.933333333333334
0.4
0.7666666666666666
0.8444444444444444
6.933333333333334
1.788888888888889
6.322222222222222
2.9
2.0444444444444443
2.8444444444444446
2.0444444444444443
11.122222222222222
2.2333333333333334
9.28888888888889
8.455555555555556
6.666666666666667
4.044444444444444
13.333333333333334
8.233333333333334
3.1555555555555554
4.9
2.1
10.322222222222223
8.711111111111112
3.566666666666667
1.7333333333333334
1.5666666666666667
10.177777777777777
5.733333333333333
7.288888888888889
3.6
0.4
61.111111111111114
33.166666666666664
3.2111111111111112
48.98888888888889
109.12222222222222
5.155555555555556
4.266666666666667
2.1777777777777776
7.955555555555555
2.2333333333333334
2.488888888888889
3.6
1.7333333333333334
0.26666666666666666
1.7777777777777777
2.488888888888889
1.4333333333333333
4.055555555555555
3.1666666666666665
6.044444444444444
3.788888888888889
2.1
6.044444444444444
4.1
4.9
1.4333333333333333
51.37777777777778
4.044444444444444
10.488888888888889
4.0
46.44444444444444
4.677777777777778
8.622222222222222
10.71111111111111
8.844444444444445
10.177777777777777
6.177777777777777
15.877777777777778
24.933333333333334
10.5
0.5
23.61111111111111
14.844444444444445
2.6222222222222222
3.5555555555555554
1.1666666666666667
2.8444444444444446
5.433333333333334
0.9444444444444444
2.988888888888889
8.722222222222221
1.7777777777777777
4.988888888888889
8.766666666666667
20.766666666666666
14.9
4.011111111111111
3.2111111111111112
7.733333333333333
5.211111111111111
5.288888888888889
6.233333333333333
3.655555555555556
3.7333333333333334
2.1777777777777776
8.71111111111111
4.322222222222222
2.4555555555555557
3.7888888888888888
2.0444444444444443
2.011111111111111
4.677777777777778
5.833333333333333
4.677777777777778
3.611111111111111
3.1555555555555554
2.0555555555555554
2.011111111111111
4.9
3.9555555555555557
4.455555555555556
2.0444444444444443
5.288888888888889
3.3444444444444446
1.3777777777777778
33.12222222222222
4.233333333333333
3.9555555555555557
4.1000000000000005
4.455555555555556
16.233333333333334
1.0666666666666667
3.1222222222222222
2.2777777777777777
14.4
9.733333333333334
14.544444444444444
2.8444444444444446
67.73333333333333
32.544444444444444
6.677777777777778
4.666666666666667
21.788888888888888
31.6
1.8222222222222222
2.9333333333333336
1.5666666666666667
7.833333333333333
2.7222222222222223
1.1555555555555554
5.155555555555556
6.888888888888889
2.5
6.233333333333333
10.1
8.055555555555555
2.988888888888889
12.044444444444444
6.766666666666667
10.622222222222222
5.344444444444445
6.4
9.955555555555556
1.288888888888889
0.8888888888888888
2.2666666666666666
2.1
1.511111111111111
1.1111111111111112
0.3222222222222222
3.5555555555555554
4.933333333333334
4.766666666666667
2.4555555555555557
2.2777777777777777
3.4333333333333336
2.9333333333333336
0.9888888888888888
1.0666666666666667
1.5666666666666667
1.7777777777777777
4.711111111111111
6.488888888888889
0.7666666666666666
7.377777777777777
0.4444444444444444
2.9444444444444446
0.8444444444444444
0.8999999999999999
3.4333333333333336
0.8444444444444444
0.4
1.1555555555555554
4.044444444444444
57.87777777777778
21.6
6.933333333333334
13.377777777777778
5.433333333333334
3.8777777777777778
4.322222222222222
6.444444444444445
27.955555555555556
20.9
14.277777777777779
6.5
14.233333333333333
6.988888888888889
4.011111111111111
3.7777777777777777
13.555555555555555
4.233333333333333
7.377777777777778
6.1
7.211111111111111
4.933333333333334
4.1000000000000005
16.22222222222222
3.1555555555555554
4.277777777777778
1.0666666666666667
4.622222222222222
3.6555555555555554
2.0
1.288888888888889
0.4
5.288888888888889
2.488888888888889
2.9
3.1555555555555554
2.9
1.6555555555555554
3.7888888888888888
10.844444444444445
2.7666666666666666
4.9
3.3444444444444446
2.2222222222222223
9.211111111111112
4.233333333333333
4.988888888888889
4.622222222222223
9.066666666666666
7.777777777777778
4.011111111111111
4.011111111111111
6.988888888888889
2.2666666666666666
8.1
0.8444444444444444
1.5999999999999999
2.5
11.6
11.955555555555556
9.833333333333334
6.544444444444444
19.51111111111111
4.888888888888889
6.044444444444444
6.677777777777777
5.822222222222222
5.433333333333334
10.266666666666667
4.766666666666667
9.566666666666666
6.455555555555556
2.0444444444444443
4.4
8.677777777777777
8.488888888888889
30.044444444444444
1.5999999999999999
5.833333333333333
2.8444444444444446
5.344444444444444
5.155555555555556
2.7666666666666666
3.2888888888888888
0.7222222222222222
1.788888888888889
1.3444444444444446
1.8222222222222222
5.066666666666666
3.2111111111111112
4.177777777777778
4.266666666666667
2.4
43.111111111111114
70.22222222222223
12.044444444444444
11.066666666666666
12.933333333333334
10.677777777777777
10.622222222222222
6.455555555555556
10.266666666666667
4.711111111111111
22.48888888888889
21.066666666666666
45.34444444444444
5.433333333333334
16.455555555555556
6.844444444444444
9.122222222222222
7.155555555555556
3.6555555555555554
7.155555555555556
6.888888888888889
7.433333333333334
5.788888888888889
6.9
7.788888888888889
3.1555555555555554
3.1555555555555554
5.611111111111111
8.844444444444445
3.611111111111111
9.788888888888888
5.111111111111111
2.1777777777777776
5.211111111111111
6.5
17.822222222222223
8.322222222222223
2.011111111111111
5.211111111111111
4.711111111111111
6.711111111111111
0.3222222222222222
4.266666666666667
7.733333333333333
6.444444444444445
9.788888888888888
3.3777777777777778
4.766666666666667
2.3222222222222224
4.888888888888889
3.6
8.766666666666667
8.044444444444444
6.011111111111111
2.0555555555555554
0.4
5.788888888888889
6.711111111111111
17.12222222222222
4.844444444444444
1.511111111111111
1.3444444444444443
1.3444444444444443
5.777777777777778
7.122222222222223
2.3222222222222224
17.955555555555556
1.1666666666666667
7.555555555555555
10.766666666666667
4.266666666666667
3.1555555555555554
3.4333333333333336
8.844444444444443
1.9555555555555555
4.277777777777778
12.011111111111111
1.788888888888889
3.066666666666667
7.211111111111111
10.455555555555556
4.1
6.488888888888889
12.933333333333334
18.88888888888889
7.511111111111111
62.94444444444444
76.5
3.111111111111111
8.011111111111111
3.511111111111111
8.177777777777777
3.7777777777777777
3.3777777777777778
2.9
8.71111111111111
1.511111111111111
4.3999999999999995
7.155555555555556
4.277777777777778
6.622222222222223
6.9
7.155555555555556
7.511111111111111
1.8222222222222222
6.844444444444445
19.12222222222222
5.122222222222223
4.844444444444444
3.6
6.677777777777778
2.1777777777777776
2.7111111111111112
5.566666666666666
2.9444444444444446
0.9333333333333333
2.3222222222222224
5.611111111111111
7.111111111111111
0.9444444444444444
3.1222222222222222
2.2666666666666666
7.211111111111111
2.1
1.1222222222222222
2.1
3.1555555555555554
2.7111111111111112
2.488888888888889
0.7111111111111111
0.8444444444444444
2.5444444444444443
0.26666666666666666
0.8444444444444444
0.8888888888888888
1.3444444444444443
4.677777777777778
2.9
1.4333333333333333
3.3444444444444446
4.011111111111111
2.5444444444444443
0.9333333333333333
2.3222222222222224
2.488888888888889
2.677777777777778
2.1
6.488888888888889
3.5999999999999996
2.7222222222222223
5.166666666666667
2.9
2.011111111111111
1.1222222222222222
2.5444444444444443
1.1222222222222222
0.4
1.4333333333333333
1.6555555555555557
1.5666666666666667
2.322222222222222
1.4333333333333333
3.066666666666667
0.45555555555555555
0.7222222222222222
1.8222222222222222
1.511111111111111
1.5666666666666667
0.8888888888888888
1.9555555555555557
1.511111111111111
2.322222222222222
6.177777777777778
5.211111111111111
3.2888888888888888
2.0444444444444443
2.9
2.1777777777777776
4.4
2.9333333333333336
3.3444444444444446
4.988888888888889
6.455555555555556
0.9444444444444444
2.2666666666666666
1.8222222222222222
2.2777777777777777
3.4333333333333336
1.0666666666666667
2.988888888888889
1.0666666666666667
2.0
2.7222222222222223
2.677777777777778
1.3888888888888888
1.3777777777777778
4.233333333333333
4.277777777777778
0.6666666666666666
2.1
1.7333333333333334
1.6111111111111112
2.2666666666666666
5.777777777777778
0.7666666666666666
3.1222222222222222
1.5555555555555556
3.3444444444444446
4.044444444444444
2.4555555555555557
2.0444444444444447
1.511111111111111
4.1000000000000005
2.0444444444444443
2.5
6.666666666666667
11.377777777777778
2.4555555555555557
0.6777777777777778
2.0444444444444443
3.8333333333333335
1.9555555555555555
3.3777777777777778
2.4555555555555557
4.488888888888889
3.6555555555555554
9.822222222222223
3.5999999999999996
4.222222222222222
2.011111111111111
3.066666666666667
1.6
0.45555555555555555
0.45555555555555555
10.4
2.3222222222222224
1.8222222222222222
4.233333333333333
8.933333333333334
4.233333333333333
9.78888888888889
3.9555555555555557
68.71111111111111
6.722222222222222
0.9
2.9
0.7111111111111111
5.822222222222222
2.9
4.844444444444444
5.288888888888889
4.844444444444444
1.6555555555555557
28.622222222222224
22.766666666666666
3.6555555555555554
1.1666666666666667
4.766666666666667
2.1
3.566666666666667
3.066666666666667
1.288888888888889
3.1222222222222222
4.622222222222223
3.6
1.3333333333333333
0.9
2.9333333333333336
0.6666666666666666
1.0666666666666667
8.011111111111111
3.1555555555555554
2.2333333333333334
4.5
2.9444444444444446
4.277777777777778
1.4333333333333333
6.233333333333333
3.3333333333333335
8.544444444444444
6.0
1.511111111111111
0.23333333333333334
6.766666666666667
4.322222222222222
4.233333333333333
3.8333333333333335
1.8777777777777778
4.844444444444444
0.9888888888888888
2.4
1.9555555555555555
11.822222222222223
1.211111111111111
137.2888888888889
75.6
6.266666666666667
56.1
92.0
2.5444444444444447
78.27777777777777
124.0111111111111
2.677777777777778
38.544444444444444
2.4
7.377777777777778
1.3777777777777778
2.0444444444444443
5.377777777777777
4.844444444444444
2.3222222222222224
1.5666666666666667
3.066666666666667
1.5666666666666667
1.3444444444444446
1.211111111111111
2.488888888888889
2.1777777777777776
3.7333333333333334
3.1222222222222222
2.6222222222222222
1.3777777777777778
23.51111111111111
48.17777777777778
1.6555555555555557
90.23333333333333
3.7333333333333334
23.38888888888889
0.9
49.78888888888889
1.511111111111111
21.788888888888888
2.2666666666666666
2.7222222222222223
2.9444444444444446
2.011111111111111
92.26666666666667
6.766666666666667
80.17777777777778
19.433333333333334
6.233333333333333
37.06666666666666
2.0444444444444443
10.055555555555555
1.5666666666666667
0.2777777777777778
87.11111111111111
57.955555555555556
3.3777777777777778
5.611111111111111
3.3333333333333335
16.1
83.51111111111112
50.233333333333334
1.788888888888889
12.5
89.43333333333334
3.8222222222222224
62.266666666666666
1.9555555555555557
1.1111111111111112
5.288888888888889
90.5
43.37777777777777
5.288888888888889
64.98888888888888
2.6666666666666665
1.3444444444444446
7.344444444444444
1.788888888888889
4.177777777777778
1.5555555555555556
6.4
5.388888888888889
0.8888888888888888
2.9
3.1222222222222222
13.288888888888888
4.9
4.677777777777778
0.9888888888888888
1.3888888888888888
4.044444444444444
1.5999999999999999
2.6777777777777776
1.1555555555555557
2.5444444444444447
1.8333333333333333
2.4555555555555557
0.6222222222222222
1.3333333333333333
0.4888888888888889
32.266666666666666
45.55555555555556
87.82222222222222
47.6
0.8888888888888888
12.177777777777777
47.111111111111114
2.9
1.1222222222222222
42.32222222222222
1.7333333333333334
5.511111111111111
27.38888888888889
14.233333333333334
15.733333333333333
1.3777777777777778
4.9
1.8777777777777778
2.7666666666666666
2.8444444444444446
0.5444444444444444
34.766666666666666
3.3444444444444446
2.322222222222222
8.544444444444444
1.8333333333333333
1.6555555555555554
4.055555555555555
3.3777777777777778
3.9555555555555557
1.288888888888889
1.1666666666666667
1.0666666666666667
1.788888888888889
2.677777777777778
0.8444444444444444
8.844444444444443
7.777777777777778
1.288888888888889
56.544444444444444
0.9888888888888888
2.5444444444444447
1.7333333333333334
96.26666666666667
4.666666666666667
3.388888888888889
32.544444444444444
4.0
14.88888888888889
6.711111111111111
2.2777777777777777
2.1
3.066666666666667
7.377777777777778
2.1
32.72222222222222
3.566666666666667
24.988888888888887
9.555555555555555
47.65555555555555
76.26666666666667
3.3333333333333335
2.4444444444444446
82.32222222222222
23.066666666666666
44.84444444444445
47.56666666666666
8.666666666666666
38.455555555555556
5.066666666666666
12.5
17.344444444444445
1.6555555555555554
50.17777777777778
1.3444444444444446
1.9555555555555557
1.288888888888889
1.1666666666666667
7.822222222222223
4.177777777777778
2.5444444444444443
15.566666666666666
16.944444444444443
6.622222222222223
7.733333333333333
4.666666666666667
32.888888888888886
17.566666666666666
52.400000000000006
31.377777777777776
31.61111111111111
72.32222222222222
0.7666666666666666
1.9555555555555555
7.655555555555556
2.677777777777778
45.6
97.95555555555556
55.12222222222223
6.444444444444445
4.444444444444445
4.544444444444444
7.566666666666666
5.211111111111111
2.0555555555555554
3.9555555555555557
0.8888888888888888
1.6555555555555557
1.288888888888889
1.8333333333333333
3.566666666666667
2.3222222222222224
7.655555555555556
1.6
1.8333333333333333
21.955555555555556
20.27777777777778
28.177777777777777
9.211111111111112
5.788888888888889
2.6666666666666665
12.266666666666667
5.788888888888889
8.1
2.0555555555555554
8.5
3.8222222222222224
1.5555555555555556
2.6222222222222222
12.4
1.1111111111111112
1.5999999999999999
0.26666666666666666
0.7666666666666666
2.5444444444444447
0.2777777777777778
0.7111111111111111
0.6666666666666666
0.5
0.2777777777777778
0.0
0.5
0.8444444444444444
1.788888888888889
3.6555555555555554
1.8777777777777778
1.3333333333333333
2.4555555555555557
2.2666666666666666
1.7777777777777777
1.4333333333333333
1.9555555555555555
3.6
2.8444444444444446
2.7222222222222223
1.211111111111111
2.0444444444444443
2.2666666666666666
0.9
1.6555555555555554
1.4333333333333333
0.9888888888888888
0.23333333333333334
1.6111111111111112
0.26666666666666666
1.3333333333333333
2.4
0.7666666666666666
1.9555555555555557
2.0444444444444443
0.6222222222222222
0.17777777777777778
0.6777777777777777
0.9888888888888888
0.7111111111111111
1.8777777777777778
0.4
0.5444444444444444
3.511111111111111
1.211111111111111
0.4888888888888889
0.45555555555555555
0.5
4.544444444444444
4.488888888888889
2.5
6.455555555555556
5.788888888888889
1.1222222222222222
3.1222222222222222
4.044444444444444
1.0666666666666667
0.6666666666666666
0.45555555555555555
1.511111111111111
0.48888888888888893
0.6777777777777777
1.7333333333333334
0.26666666666666666
0.7666666666666666
0.2777777777777778
1.1111111111111112
1.5555555555555556
3.3444444444444446
0.45555555555555555
0.3222222222222222
0.9888888888888888
0.45555555555555555
2.011111111111111
8.222222222222221
3.6
0.8444444444444444
2.7111111111111112
1.288888888888889
4.988888888888889
2.4444444444444446
1.1555555555555554
2.988888888888889
1.7777777777777777
2.8444444444444446
2.488888888888889
1.5555555555555556
1.6555555555555557
1.6
3.6555555555555554
7.655555555555556
1.0666666666666667
2.5444444444444443
4.011111111111111
3.4333333333333336
5.288888888888889
2.6222222222222222
6.444444444444445
7.955555555555556
4.711111111111111
4.177777777777778
1.6555555555555554
1.8222222222222222
3.8777777777777778
3.1555555555555554
0.17777777777777778
0.8444444444444444
5.733333333333333
2.7666666666666666
83.06666666666668
1.1222222222222222
1.7333333333333334
1.7333333333333334
4.455555555555556
6.0
2.6222222222222222
2.7666666666666666
2.711111111111111
8.044444444444444
2.0
4.055555555555555
42.011111111111106
2.0555555555555554
3.066666666666667
22.98888888888889
6.677777777777778
3.066666666666667
21.877777777777776
5.566666666666666
1.8333333333333333
1.288888888888889
6.266666666666667
3.2111111111111112
4.044444444444444
2.0
2.2777777777777777
1.8333333333333333
2.2666666666666666
49.6
2.1
4.266666666666667
2.0444444444444443
1.6555555555555557
8.622222222222222
5.877777777777778
11.38888888888889
1.288888888888889
1.1555555555555554
10.455555555555556
7.822222222222222
7.733333333333333
3.6555555555555554
4.455555555555556
1.4333333333333333
7.611111111111111
3.388888888888889
7.566666666666666
1.1222222222222222
0.6777777777777777
2.2666666666666666
3.7333333333333334
1.3777777777777778
3.1222222222222222
1.7333333333333334
1.9555555555555555
3.8333333333333335
13.822222222222223
4.544444444444444
12.011111111111111
8.9
7.822222222222222
4.888888888888889
3.3444444444444446
2.8444444444444446
7.955555555555556
1.5666666666666667
10.266666666666667
21.51111111111111
10.266666666666667
11.655555555555555
3.2888888888888888
5.877777777777778
8.766666666666667
11.38888888888889
5.777777777777778
12.844444444444445
1.9555555555555555
4.711111111111111
3.2111111111111112
6.622222222222223
1.8333333333333333
3.7333333333333334
2.2666666666666666
4.044444444444444
3.388888888888889
2.1
10.055555555555555
4.5
14.766666666666667
1.788888888888889
2.2222222222222223
4.488888888888889
6.455555555555556
4.933333333333334
4.766666666666667
2.4
5.511111111111111
2.0555555555555554
2.0
4.933333333333334
8.988888888888889
5.555555555555555
3.066666666666667
5.822222222222222
4.011111111111111
9.38888888888889
5.777777777777778
2.677777777777778
10.711111111111112
7.155555555555555
1.7333333333333334
2.7111111111111112
11.166666666666666
20.27777777777778
5.822222222222222
14.844444444444443
24.044444444444444
16.844444444444445
6.0
4.622222222222223
42.5
12.4
3.066666666666667
14.711111111111112
2.5444444444444443
1.211111111111111
11.377777777777778
4.677777777777778
1.7333333333333334
7.611111111111111
3.566666666666667
2.488888888888889
4.677777777777778
2.888888888888889
17.566666666666666
3.066666666666667
5.388888888888889
2.2333333333333334
10.677777777777777
8.9
5.333333333333333
6.677777777777778
3.3777777777777778
21.288888888888888
27.34444444444444
11.733333333333333
6.0
2.0
17.12222222222222
3.2888888888888888
5.511111111111111
27.211111111111112
12.9
9.78888888888889
8.4
15.788888888888888
12.722222222222221
8.488888888888889
15.333333333333334
6.1000000000000005
7.344444444444444
9.833333333333334
15.211111111111112
3.8777777777777778
8.677777777777777
3.2111111111111112
4.222222222222222
1.7333333333333334
2.0444444444444443
4.9
8.544444444444444
0.6777777777777777
3.7888888888888888
1.788888888888889
4.933333333333334
3.6
3.511111111111111
5.7333333333333325
3.1555555555555554
3.7333333333333334
2.5444444444444443
4.4
2.9
0.9888888888888888
2.1
1.7333333333333334
1.511111111111111
2.1
3.7333333333333334
5.166666666666667
4.622222222222223
3.2888888888888888
9.877777777777778
5.211111111111111
3.3777777777777778
5.344444444444445
5.955555555555556
1.9555555555555555
3.388888888888889
4.944444444444445
3.6
1.6555555555555554
4.622222222222223
4.044444444444444
11.155555555555555
3.6555555555555554
2.9333333333333336
2.9
10.1
4.222222222222222
5.566666666666666
2.6777777777777776
8.988888888888889
5.733333333333333
4.488888888888889
2.2333333333333334
2.4555555555555557
1.6
2.8444444444444446
2.488888888888889
5.733333333333333
4.766666666666667
1.0666666666666667
2.9444444444444446
7.877777777777778
5.511111111111111
6.544444444444444
3.288888888888889
7.155555555555556
4.544444444444444
6.044444444444444
5.388888888888889
2.488888888888889
4.488888888888889
3.511111111111111
0.9
2.711111111111111
6.266666666666667
3.6
5.377777777777778
9.655555555555555
4.266666666666667
4.055555555555555
4.233333333333333
4.988888888888889
11.11111111111111
3.066666666666667
2.933333333333333
9.211111111111112
2.1
8.677777777777777
2.9444444444444446
5.433333333333334
3.7333333333333334
6.044444444444444
16.0
2.9333333333333336
4.622222222222223
4.322222222222222
4.4
7.433333333333334
2.677777777777778
9.877777777777778
5.111111111111111
2.3222222222222224
1.788888888888889
4.266666666666667
11.877777777777778
2.4555555555555557
9.655555555555555
3.3777777777777778
4.944444444444445
1.3777777777777778
4.666666666666667
2.1
1.1555555555555554
4.1
3.1666666666666665
3.111111111111111
8.933333333333334
12.055555555555555
2.988888888888889
4.455555555555556
4.055555555555555
4.222222222222222
1.6555555555555554
2.7111111111111112
3.6
4.622222222222223
2.488888888888889
3.566666666666667
1.5666666666666667
2.9
15.955555555555556
0.3222222222222222
3.1666666666666665
2.677777777777778
4.5
3.7888888888888888
2.3222222222222224
3.6555555555555554
1.7333333333333334
2.0444444444444443
5.155555555555555
4.766666666666667
1.9555555555555555
4.766666666666667
0.6222222222222222
1.1111111111111112
0.23333333333333334
1.4333333333333333
0.9
0.4888888888888889
1.511111111111111
2.933333333333333
4.233333333333333
4.622222222222223
2.0555555555555554
53.511111111111106
44.455555555555556
28.5
2.3222222222222224
4.722222222222222
29.733333333333334
55.12222222222222
53.78888888888889
112.72222222222223
22.933333333333334
20.677777777777777
43.65555555555556
56.544444444444444
78.67777777777778
40.67777777777778
3.7777777777777777
95.55555555555556
33.06666666666666
47.21111111111111
5.211111111111111
0.7666666666666666
58.84444444444444
54.666666666666664
0.26666666666666666
0.5444444444444444
1.5555555555555556
0.9
3.6
4.266666666666667
2.5444444444444447
5.377777777777778
0.5444444444444444
1.1555555555555554
2.888888888888889
1.7333333333333334
2.4555555555555557
7.377777777777778
2.7111111111111112
2.0444444444444443
0.8444444444444444
3.7888888888888888
8.88888888888889
31.288888888888888
6.933333333333334
28.677777777777777
1.7333333333333334
1.9555555555555555
2.2777777777777777
96.89999999999999
96.48888888888888
73.82222222222222
38.32222222222222
3.066666666666667
1.1555555555555557
66.93333333333334
118.04444444444444
42.32222222222222
72.1
11.511111111111111
7.155555555555556
23.555555555555557
16.044444444444444
32.1
18.544444444444444
8.266666666666667
13.777777777777779
24.27777777777778
4.5
18.322222222222223
29.333333333333332
6.622222222222223
35.51111111111111
9.877777777777778
13.377777777777778
25.73333333333333
36.9
12.544444444444444
10.4
15.344444444444443
39.288888888888884
39.56666666666666
49.87777777777777
48.17777777777778
89.61111111111111
29.11111111111111
67.15555555555555
34.62222222222222
66.76666666666667
63.43333333333334
108.93333333333332
36.01111111111111
60.48888888888889
32.67777777777778
0.5
15.6
0.26666666666666666
10.933333333333334
24.933333333333334
2.4555555555555557
16.444444444444443
4.711111111111111
21.333333333333332
0.2222222222222222
7.122222222222223
2.5444444444444443
0.7111111111111111
1.6555555555555554
2.2777777777777777
2.2333333333333334
21.122222222222224
2.5444444444444443
9.377777777777778
16.266666666666666
9.6
22.233333333333334
0.5
1.3444444444444446
2.711111111111111
1.8222222222222222
3.433333333333333
5.066666666666666
1.3777777777777778
5.066666666666666
0.2777777777777778
1.7333333333333334
1.5999999999999999
4.177777777777778
1.3333333333333333
1.3444444444444443
4.444444444444445
2.933333333333333
4.1000000000000005
6.233333333333333
0.8444444444444444
2.1777777777777776
3.8777777777777778
3.2888888888888888
4.055555555555555
6.722222222222222
6.844444444444445
4.544444444444444
4.888888888888889
5.155555555555555
8.4
5.122222222222223
7.566666666666666
11.377777777777778
6.722222222222222
1.1222222222222222
0.7111111111111111
1.288888888888889
2.2666666666666666
7.6
3.2888888888888888
7.211111111111111
1.5666666666666667
3.8222222222222224
27.61111111111111
8.9
2.5
5.122222222222223
5.955555555555556
47.82222222222222
74.26666666666667
45.43333333333334
25.066666666666666
25.655555555555555
32.84444444444444
30.099999999999998
8.622222222222222
49.43333333333333
79.43333333333334
97.38888888888889
5.822222222222222
94.54444444444444
5.288888888888889
1.4333333333333333
6.711111111111111
45.788888888888884
11.344444444444445
34.32222222222222
2.488888888888889
12.322222222222223
1.6555555555555554
10.277777777777779
5.733333333333333
3.3777777777777778
11.166666666666666
1.788888888888889
3.388888888888889
5.788888888888889
2.6666666666666665
1.511111111111111
1.5999999999999999
8.455555555555556
2.6777777777777776
2.988888888888889
2.7666666666666666
0.48888888888888893
4.844444444444444
6.622222222222223
20.711111111111112
10.988888888888889
2.6222222222222222
9.28888888888889
1.5555555555555556
5.344444444444444
3.1666666666666665
116.71111111111111
119.56666666666666
6.011111111111111
3.8222222222222224
4.622222222222223
5.211111111111111
5.333333333333333
2.9444444444444446
0.8444444444444444
3.2888888888888888
2.1
7.566666666666666
3.1222222222222222
1.7333333333333334
1.1555555555555557
2.4555555555555557
6.177777777777777
5.822222222222222
8.933333333333334
8.711111111111112
18.455555555555556
13.955555555555556
20.044444444444444
8.88888888888889
7.211111111111111
7.566666666666666
5.6000000000000005
2.7666666666666666
4.277777777777778
6.988888888888889
5.333333333333333
5.122222222222223
1.1555555555555557
1.1555555555555554
4.544444444444444
4.455555555555556
2.177777777777778
1.1222222222222222
2.0444444444444443
0.8444444444444444
4.1
1.6111111111111112
2.1
0.9
0.8888888888888888
0.8888888888888888
1.3333333333333333
0.5444444444444444
5.433333333333334
7.777777777777778
0.9888888888888888
6.844444444444444
5.655555555555556
6.233333333333333
5.122222222222223
7.733333333333333
1.1666666666666667
3.7333333333333334
1.9555555555555555
3.1555555555555554
3.1555555555555554
2.011111111111111
1.1555555555555554
4.488888888888889
6.711111111111111
3.1222222222222222
2.933333333333333
4.544444444444444
2.933333333333333
2.488888888888889
19.066666666666666
13.511111111111111
7.822222222222222
2.6222222222222222
6.055555555555555
5.066666666666666
9.21111111111111
3.6
3.1222222222222222
2.2666666666666666
2.7666666666666666
2.8444444444444446
4.322222222222222
7.877777777777778
11.733333333333333
11.155555555555555
2.9333333333333336
3.1555555555555554
6.266666666666667
3.7777777777777777
9.066666666666666
10.766666666666667
5.166666666666667
18.1
3.288888888888889
8.677777777777777
8.5
3.6
8.88888888888889
11.066666666666666
9.6
18.62222222222222
8.444444444444445
16.48888888888889
5.288888888888889
4.9
24.32222222222222
7.733333333333333
10.177777777777777
1.8777777777777778
13.377777777777778
10.488888888888889
4.944444444444445
4.0
2.177777777777778
9.955555555555556
6.711111111111111
4.455555555555556
5.211111111111111
3.566666666666667
8.266666666666667
5.433333333333334
8.277777777777779
9.61111111111111
12.044444444444444
1.288888888888889
3.6
0.4
10.322222222222223
3.1555555555555554
5.155555555555556
1.0666666666666667
11.61111111111111
1.1222222222222222
5.433333333333334
3.9555555555555557
6.844444444444444
1.511111111111111
0.9888888888888888
0.45555555555555555
2.2666666666666666
4.622222222222223
4.266666666666667
2.3222222222222224
0.7666666666666666
6.9
9.377777777777778
2.9
2.888888888888889
2.5444444444444443
12.722222222222221
6.455555555555556
11.211111111111112
10.944444444444445
7.877777777777778
4.322222222222222
7.288888888888889
10.1
3.9555555555555557
3.9555555555555557
3.8222222222222224
5.155555555555556
5.122222222222222
3.3333333333333335
5.344444444444444
6.266666666666667
5.877777777777778
11.166666666666666
14.233333333333333
6.266666666666667
12.177777777777777
6.277777777777778
13.333333333333334
18.044444444444444
2.2222222222222223
6.711111111111111
11.877777777777778
26.544444444444444
11.877777777777778
10.222222222222221
6.277777777777778
16.01111111111111
13.11111111111111
4.266666666666667
5.511111111111111
12.177777777777777
4.711111111111111
7.333333333333333
13.6
4.044444444444444
1.5999999999999999
2.3222222222222224
1.3888888888888888
4.622222222222223
11.066666666666666
10.622222222222222
3.566666666666667
4.4
1.0666666666666667
2.4555555555555557
3.7333333333333334
2.7666666666666666
0.6222222222222222
7.122222222222223
4.233333333333333
11.11111111111111
8.844444444444445
6.044444444444444
14.944444444444445
7.511111111111111
1.1111111111111112
2.7111111111111112
4.844444444444444
2.1
7.566666666666666
6.1000000000000005
13.61111111111111
3.066666666666667
12.233333333333333
5.655555555555556
10.233333333333334
11.333333333333334
11.21111111111111
13.61111111111111
18.266666666666666
4.766666666666667
8.544444444444444
8.9
9.788888888888888
8.9
8.266666666666667
3.2888888888888888
3.7333333333333334
14.766666666666667
11.344444444444445
12.544444444444444
17.288888888888888
11.788888888888888
12.711111111111112
13.788888888888888
8.233333333333333
15.122222222222222
14.0
8.322222222222223
7.433333333333334
11.733333333333334
37.21111111111111
7.511111111111111
6.455555555555556
13.833333333333334
6.988888888888889
6.8999999999999995
11.877777777777778
5.6
10.677777777777777
19.877777777777776
7.511111111111111
19.788888888888888
20.9
8.322222222222223
16.98888888888889
4.266666666666667
7.155555555555556
12.722222222222221
14.544444444444444
6.544444444444444
0.6777777777777777
2.9333333333333336
11.788888888888888
5.122222222222223
0.6222222222222222
9.822222222222223
3.2111111111111112
3.511111111111111
7.655555555555556
4.266666666666667
8.488888888888889
11.655555555555555
23.377777777777776
12.988888888888889
6.622222222222223
14.988888888888889
3.1555555555555554
17.155555555555555
6.988888888888889
16.666666666666668
5.777777777777778
14.666666666666666
13.555555555555555
12.622222222222222
6.266666666666667
12.88888888888889
13.344444444444445
28.72222222222222
8.044444444444444
3.9555555555555557
2.0444444444444443
13.211111111111112
1.5666666666666667
8.677777777777777
8.9
9.877777777777778
6.9
22.266666666666666
33.12222222222222
20.48888888888889
14.766666666666667
14.177777777777777
23.77777777777778
15.28888888888889
10.455555555555556
17.566666666666666
11.566666666666666
5.111111111111111
9.788888888888888
16.01111111111111
15.288888888888888
11.822222222222223
10.988888888888889
12.233333333333334
7.122222222222223
14.5
5.788888888888889
9.78888888888889
6.266666666666667
4.177777777777778
4.455555555555556
4.044444444444444
11.777777777777779
13.211111111111112
18.455555555555556
9.433333333333334
7.122222222222223
3.5666666666666664
5.155555555555556
8.988888888888889
24.933333333333334
8.677777777777777
15.955555555555556
18.677777777777777
12.1
8.544444444444444
7.777777777777778
5.555555555555555
10.677777777777777
5.211111111111111
5.511111111111111
9.61111111111111
5.211111111111111
3.1222222222222222
3.3777777777777778
7.6000000000000005
13.955555555555556
9.6
4.544444444444444
4.711111111111111
6.8999999999999995
14.933333333333334
7.122222222222223
9.955555555555556
8.044444444444444
5.155555555555556
20.88888888888889
2.7222222222222223
9.122222222222222
10.88888888888889
3.9555555555555557
7.511111111111111
21.333333333333332
9.6
4.044444444444444
14.666666666666666
9.122222222222222
12.222222222222221
11.566666666666666
8.322222222222223
10.988888888888889
4.677777777777778
17.155555555555555
5.655555555555556
5.566666666666666
3.7777777777777777
7.388888888888889
4.933333333333334
6.933333333333334
4.0
8.711111111111112
7.211111111111111
4.1000000000000005
6.488888888888889
4.0
11.066666666666666
9.166666666666666
11.877777777777778
3.1222222222222222
5.6
2.1
1.8777777777777778
2.1
4.888888888888889
4.266666666666667
5.111111111111111
3.2111111111111112
4.944444444444445
6.988888888888889
5.6000000000000005
2.6777777777777776
6.711111111111111
1.6555555555555554
4.266666666666667
4.988888888888889
11.433333333333334
8.1
20.322222222222223
12.266666666666666
8.933333333333334
4.0
2.988888888888889
6.266666666666667
5.655555555555556
3.2111111111111112
9.28888888888889
20.98888888888889
3.433333333333333
6.677777777777778
5.111111111111111
16.233333333333334
8.177777777777777
4.233333333333333
6.544444444444444
7.066666666666666
9.822222222222223
16.622222222222224
14.444444444444445
7.877777777777778
27.12222222222222
11.211111111111112
8.622222222222222
8.5
28.48888888888889
5.877777777777778
10.4
12.0
8.322222222222223
15.433333333333334
7.955555555555556
7.344444444444444
5.377777777777778
2.4444444444444446
11.655555555555555
4.988888888888889
3.5555555555555554
2.677777777777778
6.044444444444444
9.955555555555556
1.9555555555555557
11.333333333333334
6.9
10.1
8.277777777777779
6.0
2.011111111111111
6.044444444444444
14.5
8.011111111111111
10.71111111111111
10.011111111111111
5.155555555555556
7.555555555555555
19.6
13.211111111111112
28.266666666666666
14.844444444444443
11.066666666666666
13.877777777777778
9.28888888888889
40.666666666666664
20.933333333333334
8.444444444444445
10.222222222222221
11.344444444444445
13.433333333333334
16.01111111111111
4.844444444444444
15.333333333333334
41.21111111111111
8.1
24.98888888888889
17.877777777777776
12.844444444444443
4.666666666666667
11.122222222222222
10.222222222222221
9.511111111111111
4.222222222222222
3.7777777777777777
13.877777777777778
20.4
23.566666666666666
18.01111111111111
16.622222222222224
21.344444444444445
28.62222222222222
5.566666666666666
4.666666666666667
3.2111111111111112
22.544444444444444
10.677777777777777
16.266666666666666
11.066666666666666
36.455555555555556
21.377777777777776
6.233333333333333
12.455555555555556
14.455555555555556
5.211111111111111
4.277777777777778
28.266666666666666
56.0
12.444444444444445
31.34444444444444
9.11111111111111
14.677777777777777
5.777777777777778
7.433333333333334
15.066666666666666
42.17777777777778
1.3888888888888888
1.9555555555555555
6.1
5.566666666666666
7.733333333333333
