1.288888888888889
3.7333333333333334
4.177777777777778
0.7111111111111111
3.9555555555555557
6.933333333333334
1.3333333333333333
0.9333333333333333
2.9333333333333336
2.0
4.622222222222223
3.111111111111111
4.444444444444445
2.9
1.7888888888888888
5.211111111111111
3.611111111111111
3.2111111111111112
5.066666666666666
5.788888888888889
3.8333333333333335
4.455555555555556
2.2666666666666666
1.5666666666666667
2.8444444444444446
1.1555555555555557
3.6555555555555554
3.111111111111111
3.7333333333333334
2.7666666666666666
5.788888888888889
5.655555555555556
8.544444444444444
5.788888888888889
4.322222222222222
1.8777777777777778
5.822222222222222
3.7333333333333334
2.2666666666666666
4.766666666666667
2.488888888888889
6.055555555555555
0.9888888888888888
3.2888888888888888
2.0
6.455555555555556
2.6666666666666665
2.2666666666666666
3.7333333333333334
6.844444444444445
2.0
2.677777777777778
4.666666666666667
2.011111111111111
3.3444444444444446
2.5444444444444443
8.322222222222223
3.6555555555555554
2.7666666666666666
5.388888888888889
1.7888888888888888
2.0
3.1222222222222222
1.288888888888889
5.788888888888889
2.7666666666666666
0.9888888888888888
0.9
4.944444444444445
7.655555555555556
2.488888888888889
1.7333333333333334
3.1666666666666665
4.544444444444444
2.177777777777778
6.488888888888889
2.933333333333333
2.5444444444444443
5.377777777777777
2.7666666666666666
4.622222222222223
3.1555555555555554
2.711111111111111
6.444444444444445
1.1222222222222222
0.7222222222222222
2.177777777777778
2.988888888888889
2.2333333333333334
4.222222222222222
2.6222222222222222
6.233333333333333
4.544444444444444
2.2333333333333334
2.011111111111111
3.3444444444444446
1.3777777777777778
7.344444444444445
1.511111111111111
4.944444444444445
1.8777777777777778
1.1222222222222222
3.4333333333333336
2.2222222222222223
1.1555555555555557
8.488888888888889
16.844444444444445
30.044444444444444
6.888888888888889
22.044444444444444
5.111111111111111
3.4333333333333336
8.544444444444444
8.722222222222221
2.988888888888889
4.0
5.6
2.177777777777778
7.155555555555556
5.555555555555555
11.122222222222222
10.944444444444445
11.788888888888888
4.888888888888889
4.888888888888889
5.6
9.788888888888888
3.2111111111111112
15.655555555555557
9.733333333333334
2.8444444444444446
5.377777777777778
2.2222222222222223
9.155555555555555
9.155555555555555
8.266666666666667
19.155555555555555
20.677777777777777
2.6222222222222222
9.066666666666666
6.266666666666667
25.377777777777776
9.822222222222223
10.711111111111112
12.011111111111111
15.877777777777778
7.877777777777778
17.211111111111112
23.733333333333334
20.677777777777777
11.733333333333333
12.844444444444443
14.455555555555556
13.38888888888889
18.544444444444444
14.277777777777779
2.7222222222222223
2.7111111111111112
6.0
6.222222222222222
3.7777777777777777
7.955555555555555
26.177777777777777
5.211111111111111
18.233333333333334
10.322222222222223
1.788888888888889
14.766666666666667
7.333333333333333
40.05555555555556
15.066666666666666
6.844444444444444
34.71111111111111
17.11111111111111
16.48888888888889
8.666666666666666
6.488888888888889
6.622222222222223
7.611111111111111
8.544444444444444
12.266666666666667
79.83333333333333
9.377777777777778
2.2333333333333334
6.544444444444444
10.677777777777777
41.55555555555556
19.12222222222222
9.333333333333334
6.988888888888889
8.322222222222223
17.155555555555555
9.433333333333334
6.266666666666667
8.933333333333334
9.788888888888888
8.177777777777777
9.28888888888889
8.88888888888889
6.1000000000000005
3.4333333333333336
6.222222222222222
10.988888888888889
11.38888888888889
1.9555555555555555
17.211111111111112
12.044444444444444
11.166666666666666
8.011111111111111
4.9
10.266666666666667
8.1
7.377777777777778
4.455555555555556
18.844444444444445
9.78888888888889
9.166666666666666
19.377777777777776
10.844444444444445
7.344444444444444
6.933333333333334
3.611111111111111
2.9444444444444446
3.066666666666667
1.211111111111111
2.9333333333333336
8.044444444444444
2.7111111111111112
4.233333333333333
0.8999999999999999
4.888888888888889
2.7111111111111112
6.622222222222223
5.833333333333333
5.377777777777778
2.4444444444444446
4.844444444444444
2.1
5.788888888888889
9.822222222222223
5.822222222222222
41.51111111111111
3.5555555555555554
4.266666666666667
7.166666666666667
9.155555555555555
6.044444444444444
4.1
2.5444444444444443
4.766666666666667
6.177777777777778
4.988888888888889
5.155555555555556
5.122222222222223
7.344444444444444
8.488888888888889
8.677777777777777
5.433333333333334
5.511111111111111
8.622222222222222
22.677777777777777
6.933333333333334
9.433333333333334
16.233333333333334
15.822222222222223
8.844444444444445
22.62222222222222
2.177777777777778
6.455555555555556
5.122222222222223
8.933333333333334
2.7111111111111112
9.511111111111111
3.822222222222222
2.011111111111111
6.677777777777778
6.055555555555555
11.877777777777778
15.6
11.21111111111111
4.055555555555555
8.222222222222221
4.844444444444444
3.3777777777777778
2.177777777777778
4.844444444444444
4.055555555555555
6.177777777777778
8.622222222222222
6.622222222222223
9.733333333333333
11.433333333333334
4.277777777777778
25.155555555555555
6.711111111111111
16.9
10.677777777777777
5.822222222222223
4.944444444444445
8.766666666666667
3.511111111111111
21.211111111111112
5.611111111111111
11.433333333333334
15.211111111111112
3.788888888888889
4.9
9.6
5.777777777777778
4.933333333333334
9.733333333333333
2.711111111111111
8.444444444444445
11.877777777777778
6.011111111111111
7.155555555555556
2.6222222222222222
8.677777777777777
4.9
9.555555555555555
2.4555555555555557
24.0
3.8777777777777778
8.266666666666667
12.455555555555556
7.822222222222222
66.4888888888889
41.87777777777778
11.777777777777779
4.888888888888889
13.066666666666666
8.322222222222223
9.733333333333333
7.788888888888889
16.48888888888889
6.177777777777778
9.433333333333334
9.377777777777778
14.711111111111112
30.4
10.177777777777777
5.122222222222223
5.211111111111111
13.344444444444445
3.066666666666667
10.233333333333333
4.844444444444444
11.344444444444443
5.377777777777777
3.9555555555555557
9.833333333333334
8.0
5.111111111111111
1.5666666666666667
11.211111111111112
14.322222222222223
7.344444444444444
6.622222222222222
11.777777777777779
6.944444444444445
6.711111111111111
9.155555555555555
13.122222222222222
23.34444444444444
2.5
3.4333333333333336
9.777777777777779
8.544444444444444
0.6666666666666666
5.655555555555556
6.488888888888889
11.777777777777779
8.711111111111112
6.177777777777778
4.055555555555555
3.5999999999999996
2.1777777777777776
13.61111111111111
6.277777777777778
10.455555555555556
3.1222222222222222
11.344444444444445
7.433333333333334
3.3444444444444446
18.544444444444444
5.822222222222222
13.777777777777779
3.7333333333333334
4.988888888888889
5.511111111111111
6.933333333333334
6.222222222222222
11.21111111111111
1.7777777777777777
4.544444444444444
5.877777777777778
4.666666666666667
1.788888888888889
10.322222222222223
12.044444444444444
5.433333333333334
9.78888888888889
4.1
3.6555555555555554
16.177777777777777
11.955555555555556
10.4
4.933333333333334
4.444444444444445
5.211111111111111
1.288888888888889
2.2333333333333334
2.6222222222222222
2.1
5.877777777777778
7.122222222222223
0.45555555555555555
2.5
5.566666666666666
5.877777777777778
4.0
3.388888888888889
4.044444444444444
3.7888888888888888
3.388888888888889
1.1555555555555557
4.711111111111111
3.9555555555555557
1.5555555555555556
10.1
4.1000000000000005
2.177777777777778
0.6222222222222222
0.9444444444444444
0.5444444444444444
1.1666666666666667
2.8444444444444446
3.6555555555555554
1.9555555555555555
2.988888888888889
4.266666666666667
3.1555555555555554
2.0444444444444443
2.2333333333333334
2.7666666666666666
2.7111111111111112
8.455555555555556
3.9555555555555557
6.044444444444444
10.622222222222222
10.455555555555556
1.1666666666666667
3.388888888888889
3.511111111111111
5.288888888888889
2.7111111111111112
7.388888888888889
10.9
11.655555555555555
0.6222222222222222
7.344444444444444
4.266666666666667
3.1555555555555554
1.8777777777777778
1.4333333333333333
9.155555555555555
3.9555555555555557
0.8888888888888888
2.988888888888889
3.8222222222222224
3.066666666666667
3.4333333333333336
23.166666666666668
2.177777777777778
1.3777777777777778
5.822222222222222
19.211111111111112
15.11111111111111
29.43333333333333
41.166666666666664
21.822222222222223
25.87777777777778
3.1555555555555554
2.4555555555555557
0.9
29.288888888888888
3.3444444444444446
8.011111111111111
2.6222222222222222
1.9555555555555555
2.6222222222222222
3.6555555555555554
2.2333333333333334
0.7111111111111111
5.7333333333333325
3.1222222222222222
2.4555555555555557
4.677777777777778
67.37777777777778
3.066666666666667
20.488888888888887
6.266666666666667
12.944444444444445
16.1
28.62222222222222
42.666666666666664
7.611111111111111
73.56666666666666
20.1
39.06666666666666
4.177777777777778
39.733333333333334
13.822222222222223
30.62222222222222
48.455555555555556
39.87777777777778
16.988888888888887
21.122222222222224
9.28888888888889
34.17777777777778
6.944444444444445
4.322222222222222
0.6777777777777777
5.111111111111111
0.9888888888888888
1.288888888888889
1.5555555555555556
2.6666666666666665
3.2888888888888888
2.9
12.277777777777779
20.48888888888889
1.6111111111111112
2.988888888888889
3.111111111111111
4.722222222222222
2.6222222222222222
3.9555555555555557
1.3444444444444446
4.444444444444445
0.9888888888888888
2.177777777777778
5.111111111111111
2.6222222222222222
1.211111111111111
2.4
4.766666666666667
1.3888888888888888
2.0444444444444443
3.7777777777777777
4.4
6.0
0.5444444444444444
1.788888888888889
2.6222222222222222
2.011111111111111
6.888888888888889
24.933333333333334
13.6
18.1
2.5444444444444447
2.2333333333333334
2.6222222222222222
6.933333333333334
7.555555555555555
1.9555555555555555
1.7333333333333334
2.7111111111111112
2.9
0.9
1.1111111111111112
1.9555555555555555
51.388888888888886
51.65555555555555
19.122222222222224
3.9555555555555557
3.066666666666667
5.344444444444444
20.266666666666666
4.444444444444445
2.5444444444444443
58.9
29.877777777777776
11.655555555555555
43.788888888888884
4.711111111111111
6.011111111111111
9.433333333333334
3.7888888888888888
9.433333333333334
0.9444444444444444
1.1555555555555557
3.566666666666667
1.6555555555555554
2.0444444444444443
0.6222222222222222
1.4333333333333333
43.37777777777778
50.1
8.844444444444445
42.044444444444444
45.15555555555555
2.2333333333333334
17.877777777777776
1.788888888888889
3.2111111111111112
1.211111111111111
34.455555555555556
8.722222222222221
26.444444444444443
12.177777777777777
2.488888888888889
34.22222222222222
25.955555555555556
1.511111111111111
0.9888888888888888
0.2777777777777778
6.8999999999999995
10.933333333333334
5.822222222222222
34.0
13.155555555555555
4.011111111111111
1.8777777777777778
2.988888888888889
6.222222222222222
6.933333333333334
5.288888888888889
3.1666666666666665
6.011111111111111
2.1777777777777776
0.3222222222222222
3.2111111111111112
4.666666666666667
3.388888888888889
8.177777777777777
2.9333333333333336
1.6111111111111112
37.65555555555555
25.433333333333334
6.722222222222222
14.055555555555555
3.1222222222222222
34.32222222222222
28.71111111111111
76.4888888888889
12.266666666666667
38.044444444444444
45.51111111111111
20.62222222222222
24.044444444444444
40.666666666666664
2.888888888888889
16.844444444444445
10.266666666666667
13.61111111111111
26.666666666666668
5.388888888888889
3.1222222222222222
3.111111111111111
2.4555555555555557
12.677777777777777
4.277777777777778
4.4
3.1222222222222222
2.2666666666666666
1.6555555555555557
3.388888888888889
2.011111111111111
1.6
2.3222222222222224
2.1
1.8222222222222222
6.9
10.488888888888889
8.488888888888889
4.711111111111111
5.122222222222222
1.4333333333333333
3.822222222222222
1.1555555555555554
1.8777777777777778
2.0555555555555554
5.566666666666666
2.488888888888889
8.722222222222221
1.9555555555555555
7.155555555555556
2.6666666666666665
3.2111111111111112
4.1
4.322222222222222
2.5444444444444443
2.7111111111111112
2.0444444444444443
3.566666666666667
20.0
13.788888888888888
19.211111111111112
11.733333333333333
41.34444444444444
4.044444444444444
3.9555555555555557
6.044444444444444
9.61111111111111
2.888888888888889
6.277777777777778
2.0444444444444443
4.988888888888889
2.4
5.122222222222223
1.1666666666666667
5.877777777777778
1.7333333333333334
5.211111111111111
8.233333333333334
2.488888888888889
1.3777777777777778
2.9
4.666666666666667
2.4
2.3222222222222224
4.9
1.288888888888889
0.8444444444444444
4.4
2.0444444444444447
4.011111111111111
1.3444444444444446
5.6
8.444444444444445
0.5
1.8222222222222222
1.1555555555555557
6.622222222222223
22.766666666666666
14.488888888888889
5.6
4.4
1.511111111111111
1.6
2.2666666666666666
2.6222222222222222
0.8888888888888888
0.9333333333333333
0.1
2.7666666666666666
6.766666666666667
0.5444444444444444
2.7222222222222223
9.733333333333334
3.066666666666667
1.211111111111111
17.155555555555555
5.555555555555555
8.622222222222222
2.6777777777777776
4.222222222222222
4.266666666666667
1.3444444444444446
1.4333333333333333
0.6777777777777778
1.788888888888889
36.98888888888889
39.288888888888884
32.233333333333334
57.77777777777778
26.455555555555556
6.544444444444444
38.9
32.62222222222222
13.822222222222223
13.066666666666666
29.599999999999998
40.233333333333334
16.933333333333334
30.233333333333334
27.51111111111111
30.677777777777777
17.51111111111111
10.011111111111111
38.98888888888889
40.666666666666664
26.711111111111112
17.288888888888888
31.12222222222222
12.0
43.37777777777778
23.377777777777776
38.888888888888886
21.433333333333334
23.155555555555555
40.9
20.177777777777777
6.488888888888889
23.6
5.566666666666666
18.4
38.71111111111111
1.1555555555555557
50.233333333333334
46.233333333333334
22.98888888888889
44.666666666666664
22.48888888888889
32.766666666666666
6.544444444444444
16.233333333333334
6.844444444444444
10.933333333333334
39.6
13.288888888888888
19.877777777777776
10.0
22.48888888888889
6.888888888888889
33.56666666666666
14.044444444444444
35.288888888888884
8.277777777777779
20.044444444444444
13.822222222222223
38.1
49.166666666666664
11.166666666666666
8.666666666666666
18.5
6.677777777777778
30.62222222222222
29.51111111111111
22.322222222222223
39.34444444444444
29.566666666666666
20.711111111111112
25.211111111111112
20.677777777777777
1.8777777777777778
0.7666666666666666
2.1777777777777776
52.900000000000006
18.88888888888889
3.3777777777777778
1.211111111111111
14.988888888888889
50.72222222222222
9.211111111111112
7.955555555555556
2.2333333333333334
23.788888888888888
1.1222222222222222
2.3222222222222224
3.3444444444444446
0.4888888888888889
3.8777777777777778
21.733333333333334
34.666666666666664
39.21111111111111
47.87777777777778
52.71111111111111
15.211111111111112
27.21111111111111
24.766666666666666
17.788888888888888
21.833333333333332
20.933333333333334
28.0
16.72222222222222
64.44444444444444
28.62222222222222
52.5
3.6
39.21111111111111
8.1
2.0444444444444443
1.1666666666666667
2.677777777777778
14.222222222222221
20.666666666666668
33.788888888888884
60.9
38.84444444444445
2.6222222222222222
2.933333333333333
55.87777777777778
2.2666666666666666
16.1
61.833333333333336
2.177777777777778
20.677777777777777
1.6111111111111112
21.788888888888888
40.9
23.12222222222222
93.21111111111111
11.955555555555556
12.722222222222221
25.788888888888888
23.211111111111112
22.4
28.044444444444444
6.444444444444445
8.677777777777777
22.48888888888889
19.066666666666666
14.233333333333333
22.233333333333334
13.655555555555555
7.566666666666666
4.711111111111111
2.3222222222222224
21.155555555555555
21.344444444444445
53.87777777777778
6.711111111111111
40.233333333333334
22.27777777777778
56.62222222222222
14.011111111111111
25.566666666666666
12.011111111111111
8.677777777777777
25.566666666666666
4.455555555555556
2.5444444444444443
4.488888888888889
17.122222222222224
24.766666666666666
44.93333333333333
41.87777777777778
18.844444444444445
82.9
2.2333333333333334
4.711111111111111
35.833333333333336
1.0666666666666667
47.12222222222222
13.788888888888888
8.622222222222222
14.055555555555555
32.4
7.066666666666666
21.433333333333334
3.433333333333333
11.511111111111111
2.2333333333333334
27.822222222222223
20.177777777777777
57.06666666666666
1.788888888888889
16.48888888888889
2.1777777777777776
6.233333333333333
10.177777777777777
2.4
24.544444444444444
18.27777777777778
27.51111111111111
12.9
20.933333333333334
23.12222222222222
21.066666666666666
1.6
5.611111111111111
4.277777777777778
21.344444444444445
1.8333333333333333
8.266666666666667
11.822222222222223
6.988888888888889
4.5
4.544444444444444
18.933333333333334
3.8333333333333335
22.233333333333334
10.233333333333333
7.655555555555556
4.9
3.4333333333333336
7.611111111111111
5.433333333333334
8.044444444444444
10.011111111111111
5.066666666666666
6.888888888888889
1.8777777777777778
10.544444444444444
5.511111111111111
0.9888888888888888
6.233333333333333
3.4333333333333336
10.444444444444445
4.766666666666667
7.288888888888889
5.122222222222223
3.388888888888889
1.5666666666666667
17.377777777777776
2.2333333333333334
3.3333333333333335
3.388888888888889
6.944444444444445
8.844444444444445
7.655555555555556
8.844444444444445
2.6777777777777776
6.5
7.377777777777777
7.733333333333333
22.62222222222222
27.12222222222222
68.26666666666667
35.43333333333333
2.9
4.233333333333333
17.733333333333334
2.0444444444444443
13.288888888888888
3.8333333333333335
4.9
1.3777777777777778
0.7111111111111111
5.877777777777778
9.877777777777778
1.6555555555555554
6.011111111111111
6.488888888888889
4.888888888888889
17.288888888888888
2.6777777777777776
3.8777777777777778
7.611111111111111
4.266666666666667
61.333333333333336
38.888888888888886
17.155555555555555
30.88888888888889
20.27777777777778
19.51111111111111
56.93333333333333
19.77777777777778
2.0
13.955555555555556
4.4
3.566666666666667
0.5
6.722222222222222
3.8777777777777778
1.6111111111111112
3.066666666666667
15.288888888888888
11.61111111111111
16.266666666666666
1.211111111111111
8.177777777777777
9.122222222222222
1.7333333333333334
22.71111111111111
1.3777777777777778
1.3444444444444446
1.3888888888888888
3.8222222222222224
7.6000000000000005
2.011111111111111
1.8222222222222222
2.2666666666666666
40.4
1.288888888888889
1.5555555555555556
5.6000000000000005
24.233333333333334
15.166666666666666
4.455555555555556
2.4555555555555557
1.7333333333333334
6.8999999999999995
1.5999999999999999
1.5666666666666667
1.7333333333333334
11.066666666666666
20.677777777777777
14.88888888888889
25.87777777777778
20.677777777777777
18.48888888888889
33.77777777777778
42.67777777777778
31.344444444444445
13.777777777777779
7.388888888888889
53.77777777777778
38.44444444444444
12.544444444444444
15.511111111111111
17.344444444444445
10.766666666666667
15.155555555555555
16.9
14.933333333333334
11.38888888888889
25.555555555555557
26.1
12.233333333333333
12.011111111111111
24.322222222222223
24.01111111111111
30.88888888888889
60.233333333333334
31.155555555555555
13.511111111111111
52.84444444444444
28.62222222222222
17.655555555555555
3.9555555555555557
19.211111111111112
13.344444444444443
17.377777777777776
35.43333333333334
22.27777777777778
37.6
8.055555555555555
19.51111111111111
18.444444444444443
24.455555555555556
29.877777777777776
18.455555555555556
15.955555555555554
15.822222222222223
9.777777777777779
13.333333333333334
1.4333333333333333
4.177777777777778
9.555555555555555
2.8444444444444446
28.455555555555556
6.622222222222223
81.06666666666666
47.833333333333336
27.38888888888889
21.788888888888888
68.39999999999999
25.51111111111111
26.455555555555556
13.833333333333334
35.43333333333333
20.044444444444444
22.711111111111112
24.844444444444445
3.3333333333333335
1.5555555555555556
2.6777777777777776
56.01111111111111
58.766666666666666
23.333333333333332
35.34444444444444
3.511111111111111
33.833333333333336
22.766666666666666
0.5444444444444444
1.211111111111111
25.6
54.32222222222222
20.177777777777777
3.066666666666667
22.72222222222222
4.988888888888889
40.17777777777778
12.666666666666666
20.455555555555556
38.455555555555556
3.6555555555555554
0.6222222222222222
49.288888888888884
31.6
17.11111111111111
23.377777777777776
39.955555555555556
57.21111111111111
34.888888888888886
37.56666666666666
52.67777777777778
20.9
42.48888888888889
24.711111111111112
1.1666666666666667
62.544444444444444
7.566666666666666
1.5555555555555556
4.322222222222222
34.67777777777778
39.55555555555556
8.88888888888889
30.544444444444444
16.88888888888889
44.266666666666666
0.9888888888888888
7.344444444444444
16.233333333333334
28.544444444444444
26.944444444444443
26.266666666666666
26.5
1.5666666666666667
1.9555555555555557
0.8999999999999999
4.622222222222223
4.044444444444444
10.222222222222221
2.2666666666666666
1.8777777777777778
10.1
3.6
1.6
2.988888888888889
6.988888888888889
1.3777777777777778
22.455555555555556
1.8222222222222222
4.011111111111111
10.766666666666667
2.4
2.9444444444444446
4.322222222222222
1.1222222222222222
3.5555555555555554
2.177777777777778
3.9555555555555557
1.6555555555555554
3.9555555555555557
2.4555555555555557
6.177777777777778
1.1666666666666667
2.9
34.01111111111111
4.488888888888889
7.211111111111111
1.1555555555555554
29.333333333333332
9.21111111111111
5.566666666666666
2.2666666666666666
3.2888888888888888
1.4333333333333333
3.1555555555555554
1.9555555555555557
14.677777777777777
35.955555555555556
6.266666666666667
3.566666666666667
5.122222222222223
2.6222222222222222
0.6777777777777778
5.822222222222222
16.9
44.4
2.677777777777778
36.67777777777778
3.7333333333333334
2.7222222222222223
47.15555555555555
29.566666666666663
27.822222222222223
25.066666666666666
33.288888888888884
26.23333333333333
60.9
16.22222222222222
31.155555555555555
0.8888888888888888
2.0
19.77777777777778
41.37777777777777
44.05555555555556
2.6222222222222222
2.5
3.611111111111111
60.9
10.677777777777777
3.388888888888889
9.955555555555556
8.277777777777779
11.377777777777778
25.066666666666666
14.4
101.77777777777777
0.48888888888888893
11.566666666666666
2.2333333333333334
2.0444444444444443
16.0
56.044444444444444
3.7333333333333334
17.6
3.6555555555555554
1.7333333333333334
4.0
23.82222222222222
45.166666666666664
13.655555555555555
53.833333333333336
47.06666666666667
19.566666666666666
2.488888888888889
62.0
29.51111111111111
12.399999999999999
7.211111111111111
34.62222222222222
38.17777777777778
34.67777777777778
31.066666666666666
5.777777777777778
2.8444444444444446
42.05555555555556
16.01111111111111
62.888888888888886
0.2222222222222222
7.433333333333334
47.43333333333333
2.011111111111111
2.4555555555555557
2.0555555555555554
18.766666666666666
5.155555555555555
29.822222222222223
5.877777777777778
4.1
1.1222222222222222
23.87777777777778
21.955555555555556
13.344444444444443
48.48888888888889
24.844444444444445
11.333333333333334
43.288888888888884
32.1
24.711111111111112
92.17777777777778
5.822222222222222
4.055555555555555
10.044444444444444
11.566666666666666
18.988888888888887
1.6555555555555557
2.2666666666666666
5.433333333333334
1.1666666666666667
5.788888888888889
3.5999999999999996
3.2888888888888888
3.6555555555555554
0.5
2.5444444444444443
5.122222222222223
1.6
24.9
2.7111111111111112
3.2111111111111112
1.7333333333333334
4.222222222222222
1.3444444444444446
2.7111111111111112
3.566666666666667
4.5
1.1555555555555557
9.28888888888889
2.6222222222222222
1.7333333333333334
4.488888888888889
0.1
1.7333333333333334
1.511111111111111
40.044444444444444
10.177777777777777
32.32222222222222
11.655555555555555
48.94444444444444
76.26666666666667
2.9444444444444446
5.155555555555556
12.266666666666667
5.377777777777777
2.0444444444444443
4.933333333333334
3.566666666666667
0.9888888888888888
1.6
49.82222222222222
3.611111111111111
1.2111111111111112
8.322222222222223
4.622222222222223
1.8333333333333333
1.3444444444444446
49.37777777777778
3.1222222222222222
0.8888888888888888
2.6222222222222222
4.5
3.1555555555555554
19.066666666666666
0.9333333333333333
2.6777777777777776
1.3888888888888888
0.6777777777777778
1.211111111111111
1.511111111111111
13.655555555555555
2.0
2.7666666666666666
4.266666666666667
0.8888888888888888
4.1000000000000005
0.7111111111111111
0.8888888888888888
35.21111111111111
2.8444444444444446
1.9555555555555555
8.544444444444444
27.377777777777776
1.1222222222222222
1.3777777777777778
47.78888888888889
27.155555555555555
43.12222222222222
2.011111111111111
15.166666666666666
60.766666666666666
88.71111111111111
2.0555555555555554
37.333333333333336
29.788888888888888
68.88888888888889
39.12222222222222
13.877777777777778
21.655555555555555
40.67777777777778
79.87777777777778
40.266666666666666
22.23333333333333
2.322222222222222
2.8444444444444446
12.988888888888889
3.9555555555555557
2.2333333333333334
32.17777777777778
34.32222222222222
2.011111111111111
37.65555555555555
20.766666666666666
33.12222222222222
7.288888888888889
1.211111111111111
1.7777777777777777
2.2222222222222223
4.488888888888889
2.6777777777777776
12.266666666666667
10.622222222222222
1.1222222222222222
6.322222222222223
10.266666666666667
18.98888888888889
14.011111111111111
2.7666666666666666
24.766666666666666
17.288888888888888
0.8888888888888888
2.5444444444444443
1.8222222222222222
2.5444444444444443
82.0111111111111
13.61111111111111
16.711111111111112
37.788888888888884
14.944444444444445
32.4
4.488888888888889
2.6222222222222222
1.5666666666666667
5.6000000000000005
2.6777777777777776
1.8222222222222222
2.4555555555555557
2.4555555555555557
1.788888888888889
1.288888888888889
1.1555555555555554
3.6555555555555554
0.5444444444444444
1.1222222222222222
1.4333333333333333
2.4555555555555557
3.1555555555555554
0.4
1.511111111111111
1.8333333333333333
3.822222222222222
1.3777777777777778
1.3777777777777778
5.155555555555556
1.211111111111111
18.22222222222222
0.9
1.3333333333333333
10.277777777777779
3.2111111111111112
21.73333333333333
1.7777777777777777
1.3777777777777778
1.7333333333333334
3.4333333333333336
1.8777777777777778
4.844444444444444
2.0444444444444443
3.4333333333333336
12.899999999999999
51.51111111111111
22.677777777777777
4.666666666666667
21.77777777777778
33.111111111111114
6.622222222222222
22.622222222222224
5.377777777777778
9.877777777777778
1.8222222222222222
2.2222222222222223
4.711111111111111
4.5
4.9
5.166666666666667
0.8999999999999999
2.7111111111111112
4.766666666666667
2.0444444444444443
0.3222222222222222
0.4444444444444444
2.322222222222222
30.844444444444445
1.3444444444444446
3.511111111111111
2.7111111111111112
0.9888888888888888
1.511111111111111
0.9
1.6111111111111112
1.3333333333333333
1.1666666666666667
3.3444444444444446
0.1
2.5444444444444443
0.7111111111111111
2.322222222222222
2.5444444444444443
1.8333333333333333
1.0666666666666667
3.511111111111111
1.6555555555555554
63.12222222222223
9.11111111111111
6.488888888888889
1.3444444444444446
0.8444444444444444
1.4333333333333333
0.7666666666666666
1.3444444444444446
1.211111111111111
3.655555555555556
1.0666666666666667
1.5666666666666667
2.3222222222222224
0.9888888888888888
1.9555555555555557
1.511111111111111
2.0444444444444443
4.011111111111111
0.4
1.0666666666666667
30.177777777777777
2.011111111111111
1.6555555555555554
2.7111111111111112
8.9
1.288888888888889
9.155555555555555
35.82222222222222
2.6666666666666665
2.5444444444444443
2.488888888888889
3.2111111111111112
2.8444444444444446
1.0666666666666667
5.655555555555556
18.9
2.6666666666666665
5.822222222222222
1.6555555555555557
3.2111111111111112
0.9444444444444444
5.155555555555556
2.2333333333333334
1.788888888888889
2.1
1.211111111111111
4.766666666666667
6.722222222222222
1.8222222222222224
2.9
2.5
4.622222222222223
2.4555555555555557
14.488888888888889
16.622222222222224
2.177777777777778
4.677777777777778
7.733333333333333
1.5999999999999999
11.333333333333334
7.066666666666666
67.15555555555555
40.94444444444444
43.12222222222222
22.677777777777777
0.8888888888888888
9.6
86.5
3.8777777777777778
30.444444444444443
31.955555555555556
33.37777777777778
30.27777777777778
59.955555555555556
53.56666666666666
12.944444444444445
21.877777777777776
67.65555555555555
36.044444444444444
67.6
29.655555555555555
34.27777777777778
26.444444444444443
34.05555555555556
36.011111111111106
49.87777777777778
27.433333333333334
28.9
44.888888888888886
2.9
39.51111111111111
76.22222222222223
18.322222222222223
36.01111111111111
56.67777777777778
12.722222222222221
22.622222222222224
32.62222222222222
39.65555555555556
55.733333333333334
17.822222222222223
3.4333333333333336
10.266666666666667
0.7666666666666666
0.45555555555555555
2.6222222222222222
23.288888888888888
28.455555555555556
2.488888888888889
8.5
2.7111111111111112
2.1
7.511111111111111
0.6777777777777777
63.37777777777777
26.177777777777777
3.8777777777777778
18.944444444444443
5.655555555555556
2.7111111111111112
7.388888888888889
3.1222222222222222
1.1555555555555557
3.3333333333333335
50.266666666666666
2.1
4.455555555555556
2.1
4.044444444444444
12.277777777777779
3.1555555555555554
2.9444444444444446
2.2666666666666666
4.4
8.544444444444444
2.5444444444444443
4.277777777777778
0.23333333333333334
3.4333333333333336
4.266666666666667
1.4333333333333333
3.8222222222222224
2.0
2.1
4.222222222222222
12.622222222222222
4.933333333333334
7.288888888888889
3.7333333333333334
0.6666666666666666
1.5999999999999999
5.655555555555556
3.3333333333333335
4.711111111111111
2.7666666666666666
1.1555555555555557
22.9
4.622222222222223
6.677777777777777
1.288888888888889
22.32222222222222
2.2222222222222223
1.3777777777777778
8.622222222222222
4.177777777777778
42.62222222222222
3.7888888888888888
19.433333333333334
2.0444444444444443
12.266666666666667
12.722222222222221
1.9555555555555555
3.3444444444444446
2.3222222222222224
4.933333333333334
11.066666666666666
2.2333333333333334
8.322222222222223
5.6
31.833333333333332
46.266666666666666
12.1
23.61111111111111
1.288888888888889
17.822222222222223
31.73333333333333
52.27777777777778
83.95555555555556
104.04444444444444
24.98888888888889
24.455555555555556
5.555555555555555
4.233333333333333
6.0
4.177777777777778
24.988888888888887
3.2111111111111112
42.1
57.788888888888884
19.655555555555555
13.155555555555555
9.655555555555555
25.377777777777776
16.322222222222223
3.6555555555555554
0.26666666666666666
3.2888888888888888
3.3444444444444446
1.3777777777777778
1.8333333333333333
0.9444444444444444
1.288888888888889
76.05555555555556
1.5555555555555556
1.288888888888889
2.4
11.511111111111111
2.4
0.6222222222222222
13.655555555555555
1.8222222222222222
2.6222222222222222
5.344444444444444
7.288888888888889
1.788888888888889
5.877777777777778
12.399999999999999
3.4333333333333336
21.377777777777776
6.722222222222222
1.211111111111111
8.677777777777777
7.155555555555556
3.6555555555555554
0.9
2.1
2.488888888888889
5.833333333333333
12.177777777777777
4.9
3.8777777777777778
4.988888888888889
15.555555555555555
10.1
3.1555555555555554
2.0444444444444443
15.733333333333333
8.544444444444444
7.733333333333333
7.111111111111111
32.1
3.8777777777777778
50.44444444444444
24.177777777777777
45.82222222222222
22.01111111111111
3.7333333333333334
1.5666666666666667
2.1
4.488888888888889
2.2222222222222223
4.933333333333334
25.433333333333334
11.122222222222222
5.733333333333333
94.94444444444444
66.05555555555556
56.44444444444444
6.766666666666667
4.1000000000000005
1.788888888888889
1.9555555555555555
7.433333333333334
2.8444444444444446
50.94444444444444
96.76666666666667
14.444444444444445
3.6
11.28888888888889
1.8777777777777778
3.433333333333333
4.1000000000000005
46.766666666666666
24.22222222222222
28.22222222222222
26.488888888888887
4.455555555555556
30.22222222222222
3.7777777777777777
2.2222222222222223
2.7666666666666666
1.211111111111111
6.711111111111111
45.21111111111111
2.488888888888889
7.111111111111111
2.988888888888889
45.788888888888884
0.8444444444444444
15.877777777777778
7.388888888888889
2.2777777777777777
1.0666666666666667
8.233333333333334
4.0
8.988888888888889
2.933333333333333
27.333333333333332
0.9444444444444444
5.566666666666666
4.1
0.9
2.4555555555555557
7.788888888888889
37.37777777777778
6.322222222222223
49.955555555555556
35.21111111111111
17.733333333333334
13.733333333333333
9.655555555555555
2.9444444444444446
3.4333333333333336
29.377777777777776
6.988888888888889
34.1
36.27777777777778
28.044444444444444
0.4
0.9888888888888888
13.788888888888888
39.333333333333336
6.944444444444445
20.322222222222223
9.28888888888889
26.62222222222222
7.333333333333333
0.4888888888888889
2.2777777777777777
2.6222222222222222
0.9444444444444444
34.544444444444444
12.488888888888889
3.7888888888888888
15.833333333333334
4.277777777777778
1.9555555555555555
1.7333333333333334
3.511111111111111
3.822222222222222
5.822222222222222
0.7666666666666666
6.488888888888889
5.211111111111111
3.2111111111111112
3.566666666666667
28.62222222222222
18.666666666666668
2.6777777777777776
46.01111111111111
12.544444444444444
22.98888888888889
12.1
2.4444444444444446
17.377777777777776
7.777777777777778
11.955555555555556
18.844444444444445
66.76666666666667
42.233333333333334
18.48888888888889
8.488888888888889
5.211111111111111
21.333333333333332
41.21111111111111
42.1
6.444444444444445
7.155555555555556
7.822222222222223
65.95555555555555
10.1
4.277777777777778
22.766666666666666
6.544444444444444
2.2666666666666666
49.87777777777778
36.72222222222222
72.26666666666667
46.32222222222222
6.322222222222223
13.777777777777779
30.4
7.288888888888889
10.622222222222222
9.344444444444445
4.933333333333334
33.82222222222222
1.3444444444444446
37.833333333333336
22.1
6.4
2.7222222222222223
16.322222222222223
18.177777777777777
25.38888888888889
17.433333333333334
62.27777777777778
29.433333333333334
72.84444444444445
48.5
55.55555555555556
65.65555555555555
37.788888888888884
76.54444444444444
50.62222222222223
63.43333333333333
8.322222222222223
16.544444444444444
17.788888888888888
8.677777777777777
19.82222222222222
108.0111111111111
21.377777777777776
54.9
61.12222222222222
32.888888888888886
39.15555555555555
31.377777777777776
56.266666666666666
49.788888888888884
53.288888888888884
47.15555555555555
6.988888888888889
74.1
24.23333333333333
28.01111111111111
54.93333333333333
38.1
82.71111111111111
77.56666666666666
59.21111111111111
66.71111111111111
28.22222222222222
10.711111111111112
31.155555555555555
38.01111111111111
13.433333333333334
15.6
63.288888888888884
51.288888888888884
28.666666666666668
48.98888888888889
38.67777777777778
5.833333333333333
2.322222222222222
2.4555555555555557
5.155555555555556
40.4
50.455555555555556
26.9
38.011111111111106
51.37777777777777
24.444444444444443
5.777777777777778
10.944444444444445
26.488888888888887
26.1
2.7222222222222223
22.0
35.82222222222222
14.722222222222221
23.566666666666666
40.62222222222222
29.211111111111112
34.32222222222222
32.71111111111111
46.94444444444444
33.82222222222222
8.044444444444444
4.011111111111111
42.4
43.55555555555556
39.6
34.4
20.98888888888889
12.266666666666667
36.71111111111111
28.177777777777777
27.166666666666668
14.844444444444445
40.011111111111106
27.211111111111112
23.51111111111111
20.322222222222223
19.877777777777776
8.266666666666667
20.444444444444443
46.22222222222222
27.6
35.333333333333336
10.766666666666667
15.433333333333334
13.166666666666666
13.733333333333333
14.011111111111111
50.93333333333333
26.677777777777777
29.433333333333334
35.955555555555556
9.777777777777779
5.733333333333333
37.28888888888889
18.88888888888889
24.044444444444444
40.98888888888889
31.6
49.87777777777778
15.433333333333334
15.61111111111111
18.844444444444445
32.544444444444444
16.933333333333334
24.044444444444444
20.711111111111112
19.6
14.444444444444445
28.266666666666666
37.56666666666666
54.455555555555556
18.72222222222222
17.38888888888889
30.455555555555556
15.61111111111111
40.62222222222222
35.82222222222222
22.322222222222223
20.266666666666666
28.044444444444444
29.566666666666666
41.06666666666666
21.955555555555556
19.822222222222223
22.322222222222223
27.344444444444445
56.544444444444444
36.233333333333334
14.844444444444445
26.1
14.944444444444445
24.72222222222222
10.933333333333334
34.17777777777778
40.98888888888889
24.766666666666666
35.6
23.655555555555555
16.044444444444444
27.433333333333334
20.055555555555557
31.37777777777778
64.62222222222222
32.05555555555556
33.77777777777778
43.65555555555556
27.82222222222222
38.93333333333334
3.9555555555555557
0.4
1.5666666666666667
29.822222222222223
17.788888888888888
27.566666666666666
23.155555555555555
38.266666666666666
53.06666666666666
65.43333333333334
31.377777777777776
28.233333333333334
1.511111111111111
25.066666666666666
21.377777777777776
18.27777777777778
43.166666666666664
60.9
26.544444444444444
2.7666666666666666
3.2111111111111112
1.9555555555555555
16.055555555555557
6.544444444444444
31.955555555555556
35.6
19.433333333333334
3.566666666666667
7.333333333333333
1.4333333333333333
23.822222222222223
24.88888888888889
26.044444444444444
14.722222222222221
11.433333333333334
36.05555555555556
45.788888888888884
45.788888888888884
13.377777777777778
2.7111111111111112
5.6
42.455555555555556
58.455555555555556
24.5
23.877777777777776
22.22222222222222
31.288888888888888
7.388888888888889
4.666666666666667
22.933333333333334
5.822222222222222
35.12222222222222
23.822222222222223
34.94444444444444
23.122222222222224
2.6666666666666665
29.12222222222222
14.766666666666667
19.6
4.844444444444444
7.511111111111111
8.277777777777779
2.3222222222222224
28.23333333333333
2.5444444444444447
9.511111111111111
53.37777777777778
76.5
22.444444444444443
33.06666666666666
52.044444444444444
49.65555555555555
55.65555555555555
34.4
32.9
45.55555555555556
32.22222222222222
31.73333333333333
29.599999999999998
65.11111111111111
68.9888888888889
50.98888888888889
11.6
10.0
30.01111111111111
4.055555555555555
17.211111111111112
38.62222222222222
29.155555555555555
9.288888888888888
71.28888888888889
19.166666666666668
17.655555555555555
26.233333333333334
8.488888888888889
19.955555555555556
18.455555555555556
14.177777777777777
21.788888888888888
16.4
11.511111111111111
63.82222222222222
13.288888888888888
16.044444444444444
23.155555555555555
48.1
17.066666666666666
12.5
14.444444444444445
19.51111111111111
21.877777777777776
9.155555555555555
7.555555555555555
6.988888888888889
24.711111111111112
4.844444444444444
27.51111111111111
7.155555555555556
33.21111111111111
15.38888888888889
20.23333333333333
29.822222222222223
23.788888888888888
10.455555555555556
11.955555555555556
9.211111111111112
20.233333333333334
52.455555555555556
20.933333333333334
12.711111111111112
14.455555555555556
8.944444444444445
19.377777777777776
11.777777777777779
12.544444444444444
2.6222222222222222
17.066666666666666
13.333333333333334
68.23333333333333
23.555555555555557
12.844444444444445
12.055555555555555
9.566666666666666
30.9
16.48888888888889
21.877777777777776
14.055555555555555
12.011111111111111
12.044444444444444
17.566666666666666
8.544444444444444
21.211111111111112
12.88888888888889
9.833333333333334
28.177777777777777
20.23333333333333
33.733333333333334
12.844444444444445
7.655555555555556
17.822222222222223
24.01111111111111
17.333333333333332
12.0
21.377777777777776
29.166666666666668
10.71111111111111
41.77777777777778
18.177777777777777
30.01111111111111
29.34444444444444
18.544444444444444
15.38888888888889
22.677777777777777
19.655555555555555
12.844444444444445
29.433333333333334
27.955555555555556
20.01111111111111
24.444444444444443
21.566666666666666
8.677777777777777
30.677777777777777
33.6
5.955555555555556
14.044444444444444
15.433333333333334
22.711111111111112
31.955555555555556
26.98888888888889
16.98888888888889
13.955555555555556
37.28888888888889
19.155555555555555
15.344444444444443
12.011111111111111
20.544444444444444
10.9
16.72222222222222
19.433333333333334
26.0
7.288888888888889
7.833333333333333
19.12222222222222
24.844444444444445
7.433333333333334
18.4
23.288888888888888
25.377777777777776
27.788888888888888
23.211111111111112
31.211111111111112
12.622222222222222
25.655555555555555
34.71111111111111
9.555555555555555
12.222222222222221
29.433333333333334
37.733333333333334
10.1
10.988888888888889
37.82222222222222
21.433333333333334
29.166666666666668
12.677777777777777
16.62222222222222
3.3444444444444446
6.011111111111111
15.566666666666666
18.844444444444445
16.322222222222223
24.23333333333333
36.4
10.222222222222221
22.62222222222222
30.23333333333333
14.011111111111111
9.211111111111112
43.166666666666664
26.48888888888889
59.955555555555556
14.0
11.733333333333333
7.511111111111111
16.1
15.61111111111111
20.844444444444445
13.288888888888888
14.222222222222221
28.044444444444444
30.72222222222222
47.788888888888884
37.166666666666664
24.933333333333334
23.822222222222223
14.0
28.455555555555556
22.322222222222223
14.766666666666667
5.511111111111111
14.88888888888889
19.344444444444445
20.455555555555556
15.566666666666666
9.433333333333334
6.044444444444444
15.377777777777778
9.733333333333334
16.98888888888889
14.1
8.766666666666667
14.622222222222222
4.677777777777778
27.333333333333332
40.48888888888889
20.455555555555556
17.066666666666666
23.377777777777776
16.933333333333334
16.01111111111111
15.11111111111111
13.555555555555555
15.555555555555555
39.833333333333336
31.51111111111111
45.34444444444444
53.56666666666666
23.833333333333332
20.62222222222222
25.6
23.822222222222223
44.544444444444444
30.23333333333333
18.177777777777777
18.233333333333334
24.9
12.222222222222221
16.9
14.544444444444444
22.711111111111112
20.72222222222222
25.833333333333332
2.6666666666666665
28.1
8.055555555555555
20.266666666666666
20.844444444444445
43.56666666666666
21.377777777777776
22.98888888888889
13.555555555555555
20.711111111111112
34.17777777777778
22.677777777777777
16.666666666666668
28.666666666666668
16.666666666666668
27.288888888888888
2.8444444444444446
51.388888888888886
38.98888888888889
42.544444444444444
3.566666666666667
5.877777777777778
30.666666666666668
30.177777777777777
5.6
28.01111111111111
12.766666666666667
9.377777777777778
21.6
40.48888888888889
24.322222222222223
12.011111111111111
29.12222222222222
16.27777777777778
11.066666666666666
16.322222222222223
40.4
41.56666666666667
17.733333333333334
32.888888888888886
21.211111111111112
15.788888888888888
15.433333333333334
43.111111111111114
12.933333333333334
11.333333333333334
12.844444444444445
29.12222222222222
21.655555555555555
0.26666666666666666
34.766666666666666
46.044444444444444
30.98888888888889
22.044444444444444
11.433333333333334
15.066666666666666
37.955555555555556
24.23333333333333
21.73333333333333
33.6
10.544444444444444
31.51111111111111
19.433333333333334
14.266666666666667
49.6
15.122222222222222
23.955555555555556
18.844444444444445
30.4
13.211111111111112
34.9
24.844444444444445
28.62222222222222
17.288888888888888
20.233333333333334
20.98888888888889
44.4
18.711111111111112
23.166666666666668
10.322222222222223
26.1
33.37777777777777
2.9
3.8222222222222224
37.82222222222222
8.71111111111111
26.23333333333333
66.67777777777778
7.333333333333333
7.122222222222223
30.677777777777777
21.82222222222222
29.34444444444444
12.722222222222221
21.211111111111112
21.333333333333332
30.677777777777777
16.4
40.93333333333334
26.677777777777777
17.211111111111112
26.766666666666666
41.87777777777778
6.055555555555555
46.266666666666666
19.288888888888888
10.944444444444445
23.82222222222222
14.233333333333333
26.044444444444444
10.222222222222221
24.23333333333333
9.377777777777778
45.12222222222222
40.67777777777778
15.6
29.51111111111111
21.51111111111111
5.344444444444444
20.62222222222222
7.611111111111111
6.622222222222223
17.87777777777778
8.277777777777779
24.48888888888889
50.05555555555556
16.22222222222222
26.23333333333333
22.677777777777777
47.43333333333334
12.4
10.233333333333334
24.177777777777777
21.555555555555557
12.844444444444445
9.344444444444445
13.566666666666666
19.655555555555555
10.222222222222221
13.655555555555555
3.6555555555555554
40.94444444444444
13.11111111111111
8.233333333333333
10.233333333333333
3.6
6.1000000000000005
6.322222222222223
16.266666666666666
7.566666666666666
11.38888888888889
2.988888888888889
29.11111111111111
10.266666666666667
8.177777777777777
3.788888888888889
18.055555555555557
6.455555555555556
4.233333333333333
16.677777777777777
4.055555555555555
5.155555555555556
11.822222222222223
17.288888888888888
23.73333333333333
51.15555555555556
32.93333333333334
8.9
5.955555555555556
3.2111111111111112
27.733333333333334
5.777777777777778
14.677777777777777
25.066666666666666
6.011111111111111
29.833333333333332
5.655555555555556
19.566666666666666
35.65555555555555
55.6
9.655555555555555
24.044444444444444
2.1777777777777776
20.766666666666666
15.6
1.788888888888889
20.9
10.0
6.322222222222223
31.61111111111111
47.82222222222222
20.322222222222223
44.44444444444444
62.93333333333333
4.233333333333333
23.122222222222224
6.322222222222223
30.099999999999998
2.4
2.4
6.933333333333334
5.155555555555556
2.4555555555555557
5.155555555555556
1.8777777777777778
4.277777777777778
60.544444444444444
27.77777777777778
0.9333333333333333
2.5444444444444447
13.733333333333333
7.211111111111111
27.955555555555556
2.4444444444444446
3.8222222222222224
11.788888888888888
1.7333333333333334
1.9555555555555555
0.5
5.566666666666666
14.622222222222222
10.233333333333333
23.122222222222224
3.511111111111111
5.6000000000000005
4.233333333333333
18.766666666666666
4.266666666666667
19.344444444444445
4.488888888888889
2.2333333333333334
3.3777777777777778
20.544444444444444
0.8888888888888888
3.511111111111111
8.71111111111111
8.677777777777777
4.944444444444445
4.622222222222223
37.65555555555555
7.511111111111111
6.277777777777778
3.6
5.566666666666666
29.12222222222222
29.566666666666666
42.9
20.9
8.233333333333333
25.73333333333333
18.01111111111111
9.555555555555555
37.21111111111111
45.333333333333336
47.06666666666666
15.377777777777778
20.01111111111111
20.48888888888889
31.955555555555556
22.4
34.67777777777778
21.77777777777778
39.51111111111111
30.72222222222222
10.9
4.622222222222223
28.22222222222222
30.933333333333334
11.066666666666666
7.333333333333333
21.211111111111112
25.655555555555555
16.455555555555556
7.777777777777778
7.166666666666667
23.6
18.711111111111112
7.822222222222222
7.511111111111111
17.211111111111112
13.066666666666666
24.4
13.38888888888889
8.444444444444445
15.655555555555555
13.566666666666666
17.61111111111111
23.51111111111111
7.377777777777778
21.288888888888888
15.655555555555555
24.933333333333334
17.38888888888889
12.544444444444444
19.61111111111111
17.377777777777776
11.344444444444445
15.6
13.566666666666666
8.544444444444444
7.066666666666666
12.677777777777777
11.877777777777778
12.399999999999999
26.233333333333334
11.344444444444445
26.01111111111111
5.511111111111111
16.48888888888889
19.288888888888888
19.833333333333332
10.544444444444444
12.622222222222222
4.677777777777778
11.78888888888889
32.455555555555556
7.433333333333334
27.377777777777776
20.711111111111112
8.544444444444444
10.444444444444445
9.566666666666666
5.433333333333334
7.877777777777778
35.34444444444444
11.344444444444445
44.84444444444444
26.933333333333334
38.888888888888886
34.48888888888889
21.288888888888888
43.87777777777778
10.988888888888889
25.288888888888888
17.155555555555555
8.622222222222222
6.177777777777777
9.733333333333333
42.044444444444444
6.488888888888889
8.488888888888889
5.833333333333333
3.7333333333333334
3.1666666666666665
6.222222222222222
17.211111111111112
38.05555555555556
16.48888888888889
30.27777777777778
16.72222222222222
37.43333333333334
31.955555555555556
19.066666666666666
3.1666666666666665
19.877777777777776
26.23333333333333
21.333333333333332
11.344444444444445
34.233333333333334
21.6
13.61111111111111
36.1
44.766666666666666
8.711111111111112
9.211111111111112
17.333333333333332
15.555555555555555
9.655555555555555
29.12222222222222
8.766666666666667
14.622222222222222
16.622222222222224
36.93333333333334
12.9
17.066666666666666
16.322222222222223
30.62222222222222
12.933333333333334
38.48888888888889
33.56666666666666
11.122222222222222
22.266666666666666
24.72222222222222
18.48888888888889
9.211111111111112
23.877777777777776
9.344444444444445
24.233333333333334
10.0
19.955555555555556
8.266666666666667
6.9
19.38888888888889
17.955555555555556
34.32222222222222
16.62222222222222
44.1
13.6
28.177777777777777
5.211111111111111
13.788888888888888
34.72222222222222
12.844444444444445
24.72222222222222
9.61111111111111
32.0
24.044444444444444
24.88888888888889
7.155555555555556
12.622222222222222
32.32222222222222
23.822222222222223
42.011111111111106
34.044444444444444
15.733333333333333
27.51111111111111
23.555555555555557
15.433333333333334
22.666666666666668
17.344444444444445
14.177777777777777
14.233333333333333
16.044444444444444
6.677777777777778
5.788888888888889
16.933333333333334
9.511111111111111
15.877777777777778
9.777777777777779
17.51111111111111
10.766666666666667
13.822222222222223
27.211111111111112
10.988888888888889
15.655555555555557
27.377777777777776
15.566666666666666
18.544444444444444
23.433333333333334
28.62222222222222
14.322222222222223
4.722222222222222
6.0
9.955555555555556
5.511111111111111
24.711111111111112
5.955555555555556
15.788888888888888
6.944444444444445
22.98888888888889
21.51111111111111
14.944444444444445
13.61111111111111
20.233333333333334
24.27777777777778
35.21111111111111
32.266666666666666
19.211111111111112
25.11111111111111
20.766666666666666
22.9
20.4
16.48888888888889
42.4
34.888888888888886
27.344444444444445
15.511111111111111
16.711111111111112
17.12222222222222
26.48888888888889
28.711111111111112
21.61111111111111
6.4
8.766666666666667
66.0111111111111
28.933333333333334
18.044444444444444
28.01111111111111
58.27777777777778
32.544444444444444
7.344444444444444
10.277777777777779
6.011111111111111
11.333333333333334
32.67777777777778
14.011111111111111
17.822222222222223
6.933333333333334
9.38888888888889
12.9
15.122222222222222
7.511111111111111
8.4
28.98888888888889
26.322222222222223
9.433333333333334
8.4
10.488888888888889
27.733333333333334
8.233333333333333
35.06666666666666
9.6
14.711111111111112
15.833333333333334
30.01111111111111
29.211111111111112
23.066666666666666
38.233333333333334
5.122222222222223
15.955555555555554
22.266666666666666
114.32222222222222
150.67777777777778
14.9
20.055555555555557
10.71111111111111
14.177777777777777
11.21111111111111
12.766666666666667
8.544444444444444
7.788888888888889
9.655555555555555
28.544444444444444
14.444444444444445
13.433333333333334
6.988888888888889
24.444444444444443
3.5555555555555554
14.844444444444445
11.122222222222222
32.48888888888889
21.555555555555557
11.6
28.711111111111112
24.4
23.37777777777778
26.62222222222222
29.788888888888888
11.377777777777778
14.933333333333334
12.177777777777777
39.34444444444444
25.87777777777778
20.933333333333334
13.344444444444443
25.51111111111111
19.066666666666666
6.011111111111111
14.233333333333333
30.62222222222222
19.77777777777778
8.766666666666667
29.066666666666666
3.2888888888888888
16.88888888888889
20.98888888888889
6.4
20.9
7.388888888888889
13.38888888888889
24.9
15.122222222222222
13.377777777777778
22.88888888888889
15.122222222222222
24.233333333333334
9.655555555555557
9.344444444444445
12.488888888888889
34.44444444444444
26.01111111111111
32.9
9.6
9.166666666666666
14.0
10.266666666666667
18.01111111111111
24.544444444444444
26.177777777777777
11.155555555555555
6.844444444444444
34.17777777777778
5.155555555555556
14.4
16.0
26.233333333333334
60.233333333333334
23.733333333333334
15.433333333333334
40.233333333333334
96.44444444444444
56.93333333333333
10.177777777777777
23.066666666666666
19.788888888888888
31.288888888888888
6.9
8.011111111111111
7.788888888888889
9.122222222222222
20.4
15.733333333333333
11.777777777777779
6.455555555555556
14.666666666666666
13.822222222222223
19.822222222222223
50.27777777777778
16.01111111111111
11.788888888888888
14.988888888888889
40.17777777777778
37.788888888888884
33.611111111111114
20.322222222222223
18.48888888888889
51.6
39.6
20.711111111111112
6.322222222222223
68.44444444444444
24.22222222222222
24.98888888888889
37.56666666666666
16.88888888888889
11.122222222222222
25.433333333333334
24.1
8.488888888888889
12.677777777777777
22.677777777777777
25.166666666666668
19.788888888888888
29.655555555555555
13.877777777777778
15.833333333333334
87.5111111111111
22.71111111111111
18.766666666666666
72.45555555555555
15.211111111111112
23.788888888888888
10.444444444444445
31.955555555555556
17.288888888888888
3.7777777777777777
22.677777777777777
58.48888888888889
80.88888888888889
29.6
33.56666666666666
39.388888888888886
19.344444444444445
4.233333333333333
9.066666666666666
23.788888888888888
23.955555555555556
60.9
6.933333333333334
19.11111111111111
10.222222222222221
14.322222222222223
11.11111111111111
8.711111111111112
26.044444444444444
14.944444444444445
12.488888888888889
16.1
25.288888888888888
26.933333333333334
14.5
13.6
22.677777777777777
20.1
14.4
47.65555555555556
39.15555555555555
15.733333333333333
14.1
33.55555555555556
26.233333333333334
11.788888888888888
13.6
33.388888888888886
13.155555555555557
20.1
17.77777777777778
44.93333333333334
13.777777777777779
27.433333333333334
5.155555555555556
8.322222222222223
2.933333333333333
10.011111111111111
24.84444444444444
27.433333333333334
11.6
14.044444444444444
10.044444444444444
48.22222222222222
30.177777777777777
29.377777777777776
11.777777777777779
17.566666666666666
19.333333333333332
14.1
24.9
6.766666666666667
7.155555555555556
19.822222222222223
6.677777777777778
19.344444444444445
8.322222222222223
16.766666666666666
14.544444444444444
10.711111111111112
15.822222222222223
6.888888888888889
24.711111111111112
49.833333333333336
23.433333333333334
24.044444444444444
17.211111111111112
8.944444444444445
18.266666666666666
11.066666666666666
8.1
17.6
15.11111111111111
7.066666666666666
12.444444444444445
31.12222222222222
16.266666666666666
10.544444444444444
22.98888888888889
9.566666666666666
15.066666666666666
17.955555555555556
37.37777777777778
20.0
23.61111111111111
29.155555555555555
22.01111111111111
7.155555555555556
10.444444444444445
14.233333333333333
21.833333333333332
11.377777777777778
27.61111111111111
19.6
13.6
16.48888888888889
16.0
19.12222222222222
12.322222222222223
17.61111111111111
24.544444444444444
13.511111111111111
26.711111111111112
12.455555555555556
23.344444444444445
28.455555555555556
14.1
19.822222222222223
16.266666666666666
12.0
24.044444444444444
17.51111111111111
8.455555555555556
26.266666666666666
34.044444444444444
16.844444444444445
25.955555555555556
24.677777777777777
58.48888888888889
16.666666666666668
32.93333333333333
15.511111111111111
13.433333333333334
16.72222222222222
12.766666666666667
19.11111111111111
19.066666666666666
18.0
13.955555555555556
12.444444444444445
24.099999999999998
21.155555555555555
58.62222222222222
35.65555555555556
14.233333333333333
18.933333333333334
10.844444444444445
29.066666666666666
25.12222222222222
39.955555555555556
8.766666666666667
20.88888888888889
12.988888888888889
32.9
20.98888888888889
26.62222222222222
7.877777777777778
13.211111111111112
26.48888888888889
8.988888888888889
10.055555555555555
16.0
24.9
31.333333333333332
35.37777777777778
28.766666666666666
29.833333333333332
36.84444444444444
6.722222222222222
61.37777777777777
18.455555555555556
33.43333333333333
7.833333333333333
25.566666666666666
40.455555555555556
14.444444444444445
13.066666666666666
20.62222222222222
35.77777777777778
13.155555555555555
15.155555555555555
33.6
17.122222222222224
18.322222222222223
19.11111111111111
27.066666666666666
22.4
40.93333333333333
35.51111111111111
4.177777777777778
11.61111111111111
17.122222222222224
22.455555555555556
27.51111111111111
4.888888888888889
14.177777777777777
2.888888888888889
12.677777777777777
11.211111111111112
9.122222222222222
26.98888888888889
24.677777777777777
7.377777777777777
4.488888888888889
16.98888888888889
39.34444444444444
6.666666666666667
39.06666666666666
12.988888888888889
18.1
5.788888888888889
12.455555555555556
7.377777777777778
32.05555555555556
7.155555555555556
45.65555555555556
14.944444444444445
13.955555555555556
6.722222222222222
10.177777777777777
28.677777777777777
16.844444444444445
13.788888888888888
46.455555555555556
57.56666666666666
9.61111111111111
16.544444444444444
16.0
36.32222222222222
10.766666666666667
16.544444444444444
4.044444444444444
30.88888888888889
42.48888888888889
30.4
11.955555555555556
13.833333333333334
14.844444444444445
18.9
10.322222222222223
36.98888888888889
7.211111111111111
22.98888888888889
7.433333333333334
49.955555555555556
49.12222222222222
35.733333333333334
15.566666666666666
19.166666666666668
54.62222222222222
12.177777777777777
13.733333333333333
12.711111111111112
13.955555555555556
11.822222222222223
5.377777777777778
22.5
1.9555555555555555
15.066666666666666
25.82222222222222
22.177777777777777
39.511111111111106
16.544444444444444
11.61111111111111
18.72222222222222
53.12222222222222
6.9
30.544444444444444
11.788888888888888
12.044444444444444
19.566666666666666
6.322222222222222
21.433333333333334
20.177777777777777
68.71111111111111
5.333333333333333
32.93333333333333
47.65555555555556
23.155555555555555
22.677777777777777
26.055555555555557
16.01111111111111
24.01111111111111
18.62222222222222
19.433333333333334
26.766666666666666
4.266666666666667
22.01111111111111
114.48888888888888
28.844444444444445
28.044444444444444
10.1
10.177777777777777
17.955555555555556
13.511111111111111
9.555555555555555
11.566666666666666
17.788888888888888
23.066666666666666
14.666666666666666
2.8444444444444446
26.322222222222223
25.377777777777776
21.38888888888889
26.444444444444443
6.488888888888889
3.511111111111111
4.455555555555556
0.9333333333333333
12.011111111111111
14.266666666666667
9.511111111111111
5.211111111111111
10.622222222222222
8.677777777777777
11.733333333333334
2.488888888888889
30.62222222222222
27.51111111111111
23.066666666666666
20.444444444444443
37.511111111111106
27.788888888888888
27.61111111111111
11.377777777777778
38.5
22.544444444444444
27.6
13.788888888888888
24.9
9.377777777777778
32.84444444444444
10.544444444444444
12.722222222222221
32.0
43.21111111111111
33.82222222222222
108.67777777777778
15.733333333333333
2.0444444444444443
37.955555555555556
18.666666666666668
12.011111111111111
18.544444444444444
16.844444444444445
15.655555555555555
8.488888888888889
10.177777777777777
16.0
18.4
5.377777777777778
34.05555555555556
12.933333333333334
2.9
19.377777777777776
9.877777777777778
25.6
17.822222222222223
7.388888888888889
36.266666666666666
14.044444444444444
8.944444444444445
13.122222222222222
18.455555555555556
6.711111111111111
5.877777777777778
19.433333333333334
40.5
17.733333333333334
11.166666666666666
39.82222222222222
19.877777777777776
14.844444444444445
10.844444444444445
45.51111111111111
34.766666666666666
13.288888888888888
12.944444444444445
36.455555555555556
5.877777777777778
38.72222222222222
69.12222222222222
23.066666666666666
22.711111111111112
21.877777777777776
17.066666666666666
10.055555555555555
35.15555555555555
4.666666666666667
12.277777777777779
22.766666666666666
16.5
12.544444444444444
7.566666666666666
17.166666666666668
6.544444444444444
18.1
10.488888888888889
9.833333333333334
36.266666666666666
12.933333333333334
6.266666666666667
32.233333333333334
29.955555555555556
32.1
39.87777777777778
35.288888888888884
24.622222222222224
35.51111111111111
14.677777777777777
52.455555555555556
12.222222222222221
7.955555555555555
15.377777777777778
13.511111111111111
14.5
10.988888888888889
8.5
4.177777777777778
9.6
13.122222222222222
10.944444444444445
8.9
13.11111111111111
11.155555555555555
25.155555555555555
5.822222222222222
21.066666666666666
25.211111111111112
13.344444444444443
9.955555555555556
18.88888888888889
33.34444444444444
16.4
3.8222222222222224
15.377777777777778
23.566666666666666
25.155555555555555
12.222222222222221
9.11111111111111
21.21111111111111
14.544444444444444
40.48888888888889
37.733333333333334
21.82222222222222
57.77777777777778
11.211111111111112
19.377777777777776
21.51111111111111
11.822222222222223
25.733333333333334
19.788888888888888
15.155555555555555
53.288888888888884
6.622222222222222
7.066666666666666
9.733333333333334
21.344444444444445
14.666666666666666
51.166666666666664
30.98888888888889
12.055555555555555
27.377777777777776
18.0
23.211111111111112
34.766666666666666
11.21111111111111
17.51111111111111
17.12222222222222
19.733333333333334
5.166666666666667
2.7666666666666666
17.377777777777776
49.111111111111114
10.88888888888889
31.566666666666666
9.877777777777778
23.655555555555555
14.322222222222223
12.622222222222222
12.277777777777779
33.55555555555556
16.544444444444444
50.233333333333334
7.344444444444444
31.066666666666666
27.77777777777778
30.88888888888889
26.677777777777777
7.822222222222222
26.711111111111112
12.722222222222221
22.4
15.6
13.788888888888888
28.266666666666666
12.322222222222223
11.066666666666666
53.06666666666666
2.4
40.67777777777778
22.322222222222223
26.666666666666668
18.01111111111111
15.38888888888889
4.988888888888889
10.944444444444445
16.266666666666666
5.566666666666666
1.1222222222222222
31.51111111111111
9.122222222222222
34.544444444444444
28.322222222222223
10.9
11.555555555555555
5.122222222222223
26.266666666666666
13.155555555555555
31.066666666666666
48.766666666666666
2.988888888888889
14.322222222222223
12.944444444444445
19.655555555555555
26.23333333333333
15.788888888888888
7.6000000000000005
23.288888888888888
32.455555555555556
19.51111111111111
2.933333333333333
30.27777777777778
11.955555555555556
56.011111111111106
13.955555555555556
2.6222222222222222
14.666666666666666
10.9
3.2888888888888888
2.988888888888889
4.177777777777778
5.344444444444444
19.066666666666666
48.4
39.166666666666664
5.155555555555556
19.555555555555557
10.177777777777777
26.177777777777777
14.1
30.322222222222223
12.322222222222223
11.166666666666666
17.12222222222222
27.38888888888889
10.766666666666667
21.822222222222223
16.944444444444443
17.211111111111112
8.011111111111111
5.955555555555556
50.766666666666666
16.177777777777777
13.655555555555555
19.788888888888888
16.766666666666666
9.955555555555556
13.566666666666666
29.655555555555555
35.87777777777778
13.333333333333334
36.62222222222222
19.066666666666666
6.177777777777778
7.166666666666667
17.344444444444445
15.511111111111111
35.77777777777778
24.455555555555556
17.733333333333334
19.6
12.988888888888889
11.733333333333334
25.566666666666666
14.177777777777777
25.066666666666666
39.12222222222222
39.12222222222222
20.677777777777777
32.48888888888889
28.711111111111112
12.011111111111111
38.1
17.788888888888888
5.066666666666666
30.266666666666666
11.833333333333334
3.2888888888888888
4.844444444444444
5.511111111111111
6.266666666666667
3.288888888888889
7.877777777777778
10.455555555555556
3.1666666666666665
6.4
10.488888888888889
11.38888888888889
27.555555555555557
16.455555555555556
8.844444444444445
8.233333333333334
3.388888888888889
4.722222222222222
60.67777777777778
7.122222222222223
5.6
15.288888888888888
3.511111111111111
9.122222222222222
10.766666666666667
3.1222222222222222
19.288888888888888
2.1
6.322222222222222
6.044444444444444
4.622222222222223
5.344444444444444
14.488888888888889
4.266666666666667
26.711111111111112
14.044444444444444
14.988888888888889
26.23333333333333
35.955555555555556
4.544444444444444
0.9444444444444444
32.766666666666666
13.166666666666666
9.733333333333333
43.288888888888884
19.822222222222223
9.955555555555556
10.766666666666667
25.566666666666666
25.822222222222223
8.055555555555555
30.677777777777777
11.122222222222222
29.166666666666668
12.233333333333333
19.61111111111111
8.322222222222223
12.544444444444444
14.5
14.933333333333334
21.288888888888888
6.266666666666667
4.844444444444445
12.055555555555555
16.322222222222223
6.322222222222222
8.944444444444445
8.1
4.011111111111111
20.4
16.622222222222224
8.277777777777779
21.11111111111111
11.28888888888889
7.733333333333333
23.377777777777776
12.455555555555556
21.788888888888888
20.98888888888889
6.544444444444444
19.155555555555555
17.655555555555555
10.622222222222222
15.877777777777778
20.711111111111112
16.98888888888889
16.544444444444444
10.766666666666667
36.17777777777778
15.733333333333333
45.111111111111114
12.044444444444444
20.266666666666666
20.72222222222222
7.122222222222223
28.055555555555557
3.511111111111111
9.344444444444445
23.655555555555555
17.377777777777776
15.211111111111112
14.177777777777777
18.766666666666666
7.155555555555556
12.455555555555556
12.011111111111111
23.566666666666666
8.666666666666666
13.61111111111111
31.377777777777776
19.377777777777776
13.833333333333334
10.177777777777777
12.488888888888889
9.511111111111111
10.622222222222222
14.988888888888889
19.066666666666666
25.655555555555555
25.82222222222222
22.27777777777778
32.9
31.433333333333334
46.4
23.6
22.01111111111111
32.71111111111111
17.61111111111111
21.155555555555555
20.48888888888889
5.611111111111111
11.511111111111111
22.27777777777778
25.877777777777776
13.066666666666666
26.62222222222222
9.822222222222223
47.388888888888886
8.622222222222222
26.766666666666666
22.544444444444444
19.822222222222223
12.944444444444445
35.77777777777778
19.51111111111111
8.544444444444444
1.4333333333333333
3.788888888888889
5.288888888888889
29.433333333333334
10.177777777777777
37.15555555555556
7.555555555555555
32.9
9.733333333333333
2.7222222222222223
12.844444444444443
17.788888888888888
2.8444444444444446
46.766666666666666
11.822222222222223
28.711111111111112
32.01111111111111
13.733333333333333
35.6
10.055555555555555
27.733333333333334
42.67777777777778
12.177777777777777
20.9
19.566666666666666
14.766666666666667
29.38888888888889
26.044444444444444
24.4
52.044444444444444
11.211111111111112
31.61111111111111
21.51111111111111
28.677777777777777
9.511111111111111
19.344444444444445
12.5
16.544444444444444
49.15555555555555
5.822222222222222
24.044444444444444
25.51111111111111
24.22222222222222
20.944444444444443
35.34444444444444
34.9
45.955555555555556
5.6000000000000005
21.51111111111111
27.877777777777776
19.822222222222223
7.611111111111111
16.711111111111112
43.87777777777778
14.933333333333334
15.833333333333334
13.344444444444445
66.9888888888889
24.544444444444444
41.15555555555555
20.266666666666666
14.933333333333334
24.233333333333334
19.211111111111112
29.333333333333332
12.011111111111111
15.155555555555555
18.0
12.71111111111111
21.38888888888889
60.544444444444444
18.9
12.711111111111112
19.51111111111111
19.566666666666666
12.055555555555555
8.455555555555556
16.322222222222223
10.011111111111111
10.71111111111111
10.5
12.266666666666667
15.733333333333333
16.544444444444444
24.233333333333334
22.9
18.544444444444444
38.4
12.944444444444445
15.066666666666666
15.333333333333334
20.01111111111111
18.322222222222223
15.288888888888888
27.066666666666666
26.322222222222223
39.12222222222222
20.455555555555556
7.433333333333334
52.455555555555556
27.555555555555557
16.1
7.066666666666666
22.1
9.211111111111112
22.766666666666666
41.55555555555556
17.822222222222223
23.655555555555555
26.84444444444444
48.4
9.211111111111112
15.333333333333334
21.833333333333332
6.622222222222223
21.51111111111111
11.155555555555555
23.51111111111111
59.37777777777778
7.6000000000000005
19.877777777777776
6.888888888888889
5.566666666666666
1.288888888888889
46.98888888888889
25.166666666666668
3.3777777777777778
13.377777777777778
21.733333333333334
25.73333333333333
24.455555555555556
17.333333333333332
25.788888888888888
22.177777777777777
24.01111111111111
16.711111111111112
9.122222222222222
15.566666666666666
29.6
30.766666666666666
15.955555555555554
16.9
14.711111111111112
14.177777777777777
31.87777777777778
10.988888888888889
9.6
9.78888888888889
45.06666666666666
18.711111111111112
20.62222222222222
30.72222222222222
24.22222222222222
30.5
2.1
16.4
7.655555555555556
18.01111111111111
11.122222222222222
17.38888888888889
21.51111111111111
16.844444444444445
24.84444444444444
25.788888888888888
8.488888888888889
17.344444444444445
21.433333333333334
19.433333333333334
20.455555555555556
4.888888888888889
17.433333333333334
19.155555555555555
11.788888888888888
9.433333333333334
16.933333333333334
28.844444444444445
11.38888888888889
19.333333333333332
39.288888888888884
8.1
19.655555555555555
5.344444444444444
4.011111111111111
7.955555555555556
12.277777777777779
20.455555555555556
8.011111111111111
8.666666666666666
7.511111111111111
20.844444444444445
8.71111111111111
34.544444444444444
34.455555555555556
16.62222222222222
48.5
16.444444444444443
39.51111111111111
56.233333333333334
24.177777777777777
17.51111111111111
14.044444444444444
13.433333333333334
23.344444444444445
17.344444444444445
18.9
25.066666666666666
12.844444444444445
14.233333333333333
15.877777777777778
24.055555555555557
28.266666666666666
10.488888888888889
32.67777777777778
15.511111111111111
14.222222222222221
9.377777777777778
44.67777777777778
30.01111111111111
23.38888888888889
13.788888888888888
15.877777777777778
11.066666666666666
20.677777777777777
60.17777777777778
65.5111111111111
8.1
33.6
61.43333333333333
18.711111111111112
15.333333333333334
11.333333333333334
14.488888888888889
50.93333333333333
17.955555555555556
42.98888888888889
25.066666666666666
19.433333333333334
50.72222222222222
34.84444444444444
23.51111111111111
29.51111111111111
14.1
28.01111111111111
41.15555555555556
23.788888888888888
24.044444444444444
35.87777777777778
22.844444444444445
21.11111111111111
26.72222222222222
24.944444444444443
21.61111111111111
4.711111111111111
27.211111111111112
15.822222222222223
15.433333333333334
23.955555555555556
17.344444444444445
4.9
9.21111111111111
1.3444444444444446
25.38888888888889
9.377777777777778
25.122222222222224
13.38888888888889
16.455555555555556
3.6555555555555554
20.322222222222223
16.9
0.4
2.4555555555555557
24.1
0.6222222222222222
14.844444444444445
2.0555555555555554
38.93333333333333
17.211111111111112
7.788888888888889
1.7333333333333334
31.21111111111111
13.211111111111112
16.01111111111111
3.511111111111111
19.155555555555555
12.233333333333333
14.044444444444444
37.56666666666666
18.266666666666666
18.044444444444444
30.4
4.711111111111111
17.12222222222222
26.766666666666666
47.82222222222222
49.111111111111114
19.955555555555556
20.766666666666666
16.844444444444445
23.51111111111111
17.433333333333334
18.48888888888889
28.544444444444444
7.344444444444444
38.666666666666664
15.555555555555555
10.722222222222221
13.066666666666666
24.455555555555556
26.044444444444444
15.344444444444443
22.455555555555556
11.833333333333334
30.711111111111112
18.9
9.433333333333334
27.788888888888888
8.944444444444445
21.877777777777776
19.566666666666666
11.955555555555556
19.166666666666668
13.733333333333333
17.155555555555555
26.23333333333333
21.655555555555555
31.87777777777778
15.211111111111112
17.822222222222223
24.48888888888889
27.344444444444445
45.111111111111114
36.233333333333334
9.344444444444445
27.61111111111111
17.955555555555556
24.23333333333333
1.3444444444444446
3.111111111111111
2.1
3.9555555555555557
1.3333333333333333
0.6666666666666666
4.455555555555556
2.0444444444444443
1.511111111111111
2.4
1.3777777777777778
1.1222222222222222
20.455555555555556
11.344444444444445
3.2111111111111112
6.455555555555556
1.1666666666666667
3.3777777777777778
0.8444444444444444
1.5555555555555556
0.17777777777777778
15.777777777777779
28.62222222222222
24.5
11.11111111111111
15.211111111111112
21.344444444444445
8.233333333333333
4.488888888888889
13.822222222222223
20.677777777777777
12.455555555555556
13.511111111111111
12.455555555555556
17.955555555555556
22.1
23.73333333333333
29.822222222222223
15.11111111111111
21.344444444444445
26.844444444444445
17.877777777777776
22.944444444444443
8.766666666666667
14.233333333333333
14.88888888888889
16.233333333333334
19.566666666666666
40.84444444444444
21.066666666666666
9.777777777777779
26.266666666666666
21.377777777777776
2.2222222222222223
1.211111111111111
1.3444444444444443
2.6222222222222222
0.4888888888888889
0.7666666666666666
0.7666666666666666
0.48888888888888893
6.711111111111111
1.1222222222222222
2.888888888888889
1.2111111111111112
1.1222222222222222
2.8444444444444446
1.1111111111111112
0.4888888888888889
1.9555555555555555
2.988888888888889
3.3777777777777778
1.5555555555555556
0.9444444444444444
0.8444444444444444
2.988888888888889
2.011111111111111
2.6222222222222222
1.288888888888889
3.511111111111111
1.7333333333333334
1.211111111111111
1.6555555555555554
2.0
0.8444444444444444
0.26666666666666666
0.7111111111111111
1.6
2.988888888888889
5.377777777777778
3.1222222222222222
2.4
3.566666666666667
1.8333333333333333
2.011111111111111
101.65555555555555
97.82222222222222
1.288888888888889
11.777777777777779
17.733333333333334
10.4
1.4333333333333333
7.566666666666666
1.6
4.0
19.82222222222222
2.011111111111111
2.4555555555555557
2.711111111111111
2.2666666666666666
0.5444444444444444
26.4
46.17777777777778
28.4
4.266666666666667
2.9444444444444446
0.48888888888888893
1.5666666666666667
0.9888888888888888
47.788888888888884
14.622222222222222
6.177777777777778
10.055555555555555
2.4555555555555557
6.222222222222222
49.82222222222222
15.433333333333334
2.7666666666666666
3.8222222222222224
2.7222222222222223
3.2888888888888888
2.1777777777777776
9.777777777777779
8.844444444444445
1.5666666666666667
1.5666666666666667
11.511111111111111
16.711111111111112
10.933333333333334
1.288888888888889
2.011111111111111
5.511111111111111
1.0666666666666667
2.6777777777777776
2.6777777777777776
1.3333333333333333
1.5555555555555556
5.822222222222222
2.488888888888889
4.988888888888889
13.211111111111112
5.877777777777778
4.266666666666667
13.655555555555555
16.98888888888889
1.3333333333333333
0.48888888888888893
46.93333333333333
3.111111111111111
6.933333333333334
0.5444444444444444
19.155555555555555
10.9
7.788888888888889
9.28888888888889
4.677777777777778
4.1000000000000005
4.4
23.733333333333334
3.2111111111111112
2.177777777777778
1.4333333333333333
25.066666666666666
5.955555555555555
23.37777777777778
4.055555555555555
35.15555555555555
0.8444444444444444
53.65555555555556
30.62222222222222
29.655555555555555
30.677777777777777
25.344444444444445
47.37777777777778
30.455555555555556
24.177777777777777
37.166666666666664
13.955555555555556
48.27777777777778
21.21111111111111
39.21111111111111
43.56666666666666
49.166666666666664
28.544444444444444
45.12222222222223
77.73333333333333
4.677777777777778
70.98888888888888
38.32222222222222
40.4
18.233333333333334
7.733333333333333
30.62222222222222
27.733333333333334
8.455555555555556
11.822222222222223
11.877777777777778
1.3444444444444443
11.38888888888889
0.9333333333333333
1.3777777777777778
7.433333333333334
2.4555555555555557
5.6
6.488888888888889
25.51111111111111
7.655555555555556
5.655555555555556
41.87777777777778
18.544444444444444
14.455555555555556
10.844444444444445
27.288888888888888
10.5
8.988888888888889
22.944444444444443
8.71111111111111
26.177777777777777
34.93333333333334
8.988888888888889
18.233333333333334
8.844444444444445
60.98888888888889
15.955555555555556
32.766666666666666
20.177777777777777
42.22222222222222
32.17777777777778
53.333333333333336
29.566666666666666
20.322222222222223
25.288888888888888
3.2111111111111112
3.3444444444444446
15.566666666666666
3.433333333333333
11.066666666666666
16.844444444444445
1.3444444444444446
39.955555555555556
3.7333333333333334
4.488888888888889
0.9333333333333333
19.377777777777776
75.95555555555555
36.71111111111111
17.066666666666666
6.277777777777778
1.5555555555555556
5.788888888888889
0.26666666666666666
3.5555555555555554
7.066666666666666
2.0444444444444447
1.1666666666666667
1.1222222222222222
2.7111111111111112
33.87777777777778
11.11111111111111
28.455555555555552
15.61111111111111
22.711111111111112
18.444444444444443
28.544444444444444
23.833333333333332
2.7111111111111112
28.455555555555556
12.266666666666667
6.011111111111111
21.73333333333333
16.9
20.98888888888889
6.177777777777778
39.21111111111111
19.877777777777776
48.455555555555556
20.933333333333334
11.511111111111111
16.044444444444444
29.833333333333332
32.4
8.844444444444443
5.6
32.1
32.44444444444444
2.2333333333333334
68.98888888888888
2.2333333333333334
2.6666666666666665
33.77777777777778
24.71111111111111
33.12222222222222
10.322222222222223
29.955555555555556
7.655555555555556
23.566666666666666
41.21111111111111
11.122222222222222
15.11111111111111
8.9
20.4
9.155555555555555
11.377777777777778
18.98888888888889
12.933333333333334
16.766666666666666
27.955555555555556
26.88888888888889
15.6
4.233333333333333
9.6
11.877777777777778
12.844444444444445
12.933333333333334
8.488888888888889
12.488888888888889
26.72222222222222
39.833333333333336
26.9
19.822222222222223
32.05555555555556
8.266666666666667
49.511111111111106
16.62222222222222
32.666666666666664
18.266666666666666
12.0
27.51111111111111
16.322222222222223
31.38888888888889
12.944444444444445
26.544444444444444
39.65555555555555
24.98888888888889
37.06666666666666
25.6
12.222222222222221
16.844444444444445
34.766666666666666
15.733333333333333
11.955555555555556
14.266666666666667
6.044444444444444
14.488888888888889
49.611111111111114
7.733333333333333
10.766666666666667
16.322222222222223
23.066666666666666
1.6111111111111112
20.266666666666666
9.566666666666666
17.37777777777778
37.06666666666666
41.65555555555556
3.5555555555555554
25.34444444444444
14.844444444444443
7.166666666666667
47.06666666666666
21.6
30.711111111111112
4.988888888888889
14.0
19.211111111111112
22.4
8.711111111111112
9.822222222222223
33.82222222222222
12.011111111111111
20.48888888888889
46.666666666666664
17.433333333333334
12.622222222222222
11.6
15.288888888888888
11.733333333333333
23.344444444444445
21.066666666666666
34.1
24.055555555555557
32.01111111111111
18.844444444444445
13.822222222222223
20.27777777777778
18.1
14.944444444444445
24.677777777777777
41.55555555555556
30.48888888888889
19.166666666666668
63.788888888888884
13.955555555555556
14.622222222222222
20.233333333333334
23.38888888888889
16.1
15.6
19.6
10.544444444444444
8.722222222222221
34.32222222222222
19.788888888888888
17.566666666666666
14.455555555555556
16.01111111111111
36.233333333333334
8.9
21.12222222222222
10.544444444444444
37.06666666666666
11.777777777777779
15.788888888888888
15.211111111111112
7.211111111111111
6.622222222222222
20.177777777777777
15.955555555555556
8.677777777777777
21.38888888888889
26.455555555555556
16.0
25.288888888888888
17.833333333333332
14.933333333333334
9.61111111111111
14.711111111111112
6.544444444444444
16.322222222222223
27.6
12.844444444444445
11.11111111111111
13.822222222222223
19.377777777777776
32.5
24.27777777777778
10.455555555555556
11.955555555555556
17.155555555555555
5.433333333333334
28.933333333333334
35.56666666666666
14.222222222222221
34.455555555555556
17.77777777777778
17.555555555555557
10.322222222222223
30.48888888888889
1.3444444444444443
14.222222222222221
8.722222222222221
26.544444444444444
21.822222222222223
16.72222222222222
29.877777777777776
22.0
20.266666666666666
10.766666666666667
14.766666666666667
26.1
28.88888888888889
17.166666666666668
18.01111111111111
16.711111111111112
12.71111111111111
3.611111111111111
7.733333333333333
16.9
9.377777777777778
8.455555555555556
10.044444444444444
21.166666666666668
25.655555555555555
10.044444444444444
28.23333333333333
9.877777777777778
13.511111111111111
14.944444444444445
13.955555555555556
15.122222222222222
15.38888888888889
20.62222222222222
36.766666666666666
34.1
26.48888888888889
23.87777777777778
8.044444444444444
17.433333333333334
6.988888888888889
17.344444444444445
26.455555555555556
9.822222222222223
21.51111111111111
15.066666666666666
35.06666666666666
30.055555555555557
15.877777777777778
25.066666666666666
16.62222222222222
24.84444444444444
11.333333333333334
17.61111111111111
5.155555555555556
42.48888888888889
30.23333333333333
20.1
11.38888888888889
20.88888888888889
20.055555555555557
27.37777777777778
5.166666666666667
26.711111111111112
14.1
34.044444444444444
32.766666666666666
28.5
10.444444444444445
58.44444444444444
22.944444444444443
23.211111111111112
59.21111111111111
43.955555555555556
15.733333333333333
26.455555555555556
32.67777777777778
24.544444444444444
16.01111111111111
30.22222222222222
15.877777777777778
23.211111111111112
18.044444444444444
9.066666666666666
11.733333333333333
9.066666666666666
12.322222222222223
3.566666666666667
9.655555555555555
27.433333333333334
15.066666666666666
14.455555555555556
13.733333333333333
11.211111111111112
24.22222222222222
14.88888888888889
13.288888888888888
13.78888888888889
22.266666666666666
16.01111111111111
5.6
23.77777777777778
26.544444444444444
15.877777777777778
26.322222222222223
14.322222222222223
17.155555555555555
19.733333333333334
12.988888888888889
38.67777777777778
14.455555555555556
8.622222222222222
31.377777777777776
25.822222222222223
32.84444444444444
24.711111111111112
16.62222222222222
7.433333333333334
5.777777777777778
10.5
13.955555555555556
17.344444444444445
109.56666666666666
4.722222222222222
7.288888888888889
15.6
30.4
24.22222222222222
27.6
6.677777777777778
11.733333333333333
6.544444444444444
14.322222222222223
3.8777777777777778
4.055555555555555
4.011111111111111
9.288888888888888
2.6222222222222222
13.511111111111111
22.544444444444444
3.8222222222222224
22.22222222222222
9.288888888888888
15.733333333333333
9.377777777777778
29.6
7.211111111111111
23.377777777777776
13.155555555555555
17.38888888888889
17.877777777777776
13.377777777777778
14.1
21.73333333333333
18.666666666666668
14.177777777777777
22.01111111111111
22.844444444444445
23.655555555555555
14.711111111111112
12.044444444444444
27.155555555555555
12.233333333333333
39.15555555555556
24.322222222222223
25.822222222222223
8.455555555555556
21.6
5.733333333333333
1.6111111111111112
11.122222222222222
1.3777777777777778
7.333333333333333
0.8444444444444444
2.5
13.155555555555555
5.211111111111111
0.3222222222222222
1.511111111111111
25.955555555555556
2.5444444444444443
13.655555555555555
6.233333333333333
15.655555555555555
11.777777777777779
7.833333333333333
1.8777777777777778
9.166666666666666
3.8333333333333335
5.877777777777778
11.733333333333333
5.211111111111111
6.711111111111111
7.388888888888889
10.455555555555556
9.333333333333334
1.7333333333333334
8.622222222222222
13.877777777777778
18.622222222222224
30.044444444444444
14.322222222222223
46.98888888888889
42.05555555555556
67.6
4.9
33.788888888888884
24.9
66.39999999999999
27.73333333333333
4.055555555555555
5.211111111111111
3.3777777777777778
2.1
4.0
6.266666666666667
3.433333333333333
33.37777777777778
2.5444444444444443
4.322222222222222
5.211111111111111
5.6
4.622222222222223
31.73333333333333
20.711111111111112
8.011111111111111
7.288888888888889
6.222222222222222
6.0
3.4333333333333336
1.1222222222222222
3.7333333333333334
1.7777777777777777
6.5
3.8222222222222224
2.7111111111111112
3.388888888888889
1.6111111111111112
2.5444444444444443
3.066666666666667
9.566666666666666
2.7666666666666666
5.555555555555555
2.9444444444444446
9.344444444444445
5.122222222222223
3.111111111111111
6.722222222222222
2.4
4.844444444444444
0.2222222222222222
7.955555555555556
18.455555555555556
5.122222222222222
2.2666666666666666
1.5666666666666667
23.344444444444445
1.6111111111111112
1.1222222222222222
18.677777777777777
17.51111111111111
1.288888888888889
2.011111111111111
5.655555555555556
13.6
9.066666666666666
6.844444444444444
4.011111111111111
2.2333333333333334
4.844444444444444
4.988888888888889
2.0
2.488888888888889
5.511111111111111
5.955555555555556
52.72222222222222
2.2666666666666666
0.17777777777777778
6.622222222222223
5.655555555555556
14.233333333333334
2.2222222222222223
31.77777777777778
1.1111111111111112
15.211111111111112
1.6555555555555554
2.2222222222222223
8.277777777777779
2.2666666666666666
109.11111111111111
76.39999999999999
5.211111111111111
36.544444444444444
54.22222222222222
14.766666666666667
94.5
19.211111111111112
21.066666666666666
4.011111111111111
2.9444444444444446
8.88888888888889
31.066666666666666
40.98888888888889
10.1
33.56666666666666
18.22222222222222
30.677777777777777
22.98888888888889
4.322222222222222
2.4555555555555557
27.377777777777776
18.844444444444445
54.23333333333333
49.611111111111114
15.877777777777778
22.5
4.455555555555556
3.6
7.155555555555556
31.433333333333334
17.38888888888889
15.955555555555556
7.377777777777778
32.32222222222222
19.655555555555555
7.6
27.12222222222222
3.8222222222222224
6.222222222222222
6.044444444444444
10.844444444444445
3.3777777777777778
6.622222222222223
19.155555555555555
10.988888888888889
8.677777777777777
1.9555555555555555
2.177777777777778
2.5444444444444443
3.066666666666667
2.677777777777778
2.711111111111111
4.4
4.544444444444444
9.61111111111111
7.566666666666666
4.0
2.9
2.488888888888889
2.9444444444444446
4.677777777777777
4.766666666666667
9.78888888888889
8.722222222222221
4.766666666666667
7.511111111111111
4.222222222222222
2.677777777777778
5.066666666666666
11.066666666666666
2.1
3.3444444444444446
8.011111111111111
7.211111111111111
5.822222222222222
7.211111111111111
12.844444444444445
24.177777777777777
4.488888888888889
19.955555555555556
5.566666666666666
4.544444444444444
8.844444444444445
15.655555555555557
8.266666666666667
6.1000000000000005
11.822222222222223
9.433333333333334
7.122222222222223
5.377777777777778
1.788888888888889
3.2888888888888888
3.511111111111111
6.1000000000000005
4.455555555555556
2.2666666666666666
2.677777777777778
8.9
7.6
6.711111111111111
7.388888888888889
6.044444444444444
3.8222222222222224
5.155555555555556
3.1666666666666665
2.2333333333333334
7.955555555555555
6.177777777777778
11.38888888888889
15.377777777777778
11.733333333333333
5.777777777777778
1.7777777777777777
2.8444444444444446
6.055555555555555
6.766666666666667
2.888888888888889
1.288888888888889
1.3444444444444446
7.777777777777778
8.488888888888889
12.5
10.177777777777777
6.988888888888889
1.6
13.155555555555555
9.122222222222222
7.733333333333333
4.044444444444444
12.988888888888889
7.066666666666666
10.5
4.2333333333333325
5.111111111111111
9.155555555555555
3.3444444444444446
5.733333333333333
12.322222222222223
38.4
4.766666666666667
3.4333333333333336
4.766666666666667
4.322222222222222
1.8333333333333333
5.344444444444444
4.622222222222223
4.9
8.711111111111112
10.488888888888889
3.3444444444444446
4.711111111111111
23.166666666666668
5.155555555555556
15.38888888888889
9.377777777777778
1.8777777777777778
6.488888888888889
4.722222222222222
5.166666666666667
9.555555555555555
6.322222222222223
10.711111111111112
10.544444444444444
2.177777777777778
12.9
5.566666666666666
12.011111111111111
5.211111111111111
0.8444444444444444
0.7111111111111111
2.9333333333333336
9.344444444444443
13.822222222222223
17.655555555555555
1.1555555555555554
3.655555555555556
5.833333333333333
4.266666666666667
20.766666666666666
8.677777777777777
5.822222222222222
2.2333333333333334
16.177777777777777
20.1
13.733333333333333
8.322222222222223
3.1222222222222222
13.155555555555555
20.5
1.5666666666666667
8.177777777777777
2.7111111111111112
7.777777777777778
6.933333333333334
13.211111111111112
4.888888888888889
15.344444444444443
10.622222222222222
7.511111111111111
8.488888888888889
8.88888888888889
17.955555555555556
3.1222222222222222
6.711111111111111
16.9
11.6
16.944444444444443
9.166666666666666
3.111111111111111
8.488888888888889
6.177777777777778
4.277777777777778
13.655555555555555
20.844444444444445
38.84444444444444
16.22222222222222
2.4555555555555557
5.388888888888889
12.4
11.777777777777779
13.566666666666666
34.01111111111111
14.455555555555556
3.7333333333333334
8.488888888888889
4.988888888888889
13.733333333333333
5.955555555555556
4.233333333333333
12.722222222222221
7.066666666666666
11.788888888888888
12.88888888888889
2.2333333333333334
2.6222222222222222
7.155555555555556
5.066666666666666
3.1222222222222222
6.455555555555556
3.1222222222222222
13.955555555555556
3.111111111111111
2.988888888888889
10.5
10.711111111111112
14.722222222222221
8.666666666666666
19.344444444444445
6.988888888888889
13.344444444444445
4.988888888888889
8.233333333333334
12.677777777777777
19.566666666666666
7.733333333333333
3.8222222222222224
4.044444444444444
7.288888888888889
4.1000000000000005
9.566666666666666
4.044444444444444
4.444444444444445
4.844444444444444
11.655555555555555
11.344444444444445
4.844444444444444
6.055555555555555
11.955555555555556
6.455555555555556
4.988888888888889
17.877777777777776
3.8777777777777778
23.38888888888889
17.344444444444445
8.222222222222221
18.22222222222222
6.177777777777778
26.766666666666666
21.155555555555555
4.455555555555556
7.655555555555556
21.51111111111111
12.844444444444445
7.155555555555556
7.822222222222222
3.611111111111111
17.955555555555556
9.555555555555555
19.344444444444445
6.677777777777778
16.5
3.8222222222222224
2.7666666666666666
12.1
1.788888888888889
5.122222222222223
5.166666666666667
2.3222222222222224
25.655555555555555
6.944444444444445
7.377777777777777
