6.711111111111111
14.277777777777779
4.266666666666667
6.233333333333333
5.877777777777778
7.344444444444444
5.788888888888889
8.233333333333334
9.122222222222222
2.0444444444444443
1.4333333333333333
2.2666666666666666
6.544444444444444
1.3888888888888888
7.655555555555556
8.88888888888889
4.277777777777778
7.733333333333333
8.944444444444445
3.2111111111111112
4.177777777777778
4.677777777777778
5.344444444444444
5.066666666666666
7.288888888888889
6.711111111111111
4.766666666666667
2.933333333333333
8.044444444444444
4.233333333333333
2.9
9.955555555555556
4.888888888888889
6.711111111111111
8.322222222222223
5.377777777777777
2.177777777777778
5.288888888888889
4.933333333333334
3.111111111111111
4.444444444444445
1.6
5.566666666666666
4.1000000000000005
9.777777777777779
6.677777777777778
2.888888888888889
6.844444444444444
5.955555555555556
3.6
3.4333333333333336
5.211111111111111
4.488888888888889
2.7666666666666666
7.511111111111111
4.222222222222222
6.711111111111111
5.377777777777777
4.944444444444445
4.5
5.211111111111111
6.488888888888889
3.388888888888889
9.822222222222223
4.233333333333333
4.277777777777778
6.266666666666667
4.766666666666667
4.322222222222222
4.1000000000000005
12.044444444444444
3.3444444444444446
6.722222222222222
15.511111111111111
5.655555555555556
1.7333333333333334
19.566666666666666
6.011111111111111
2.3222222222222224
1.4333333333333333
6.055555555555555
3.611111111111111
6.933333333333334
4.1
3.6555555555555554
1.9555555555555555
3.388888888888889
7.877777777777778
1.788888888888889
1.788888888888889
6.455555555555555
1.6555555555555557
7.155555555555556
5.211111111111111
9.155555555555555
3.8777777777777778
6.711111111111111
3.5555555555555554
2.8444444444444446
5.122222222222223
11.511111111111111
2.988888888888889
4.455555555555556
4.544444444444444
10.488888888888889
7.211111111111111
2.011111111111111
6.266666666666667
3.7333333333333334
12.766666666666667
3.2888888888888888
7.511111111111111
5.6
4.266666666666667
5.122222222222223
2.677777777777778
9.11111111111111
5.733333333333333
8.622222222222222
6.444444444444445
6.0
3.3777777777777778
7.066666666666666
1.6555555555555554
3.7888888888888888
9.555555555555555
6.177777777777778
6.766666666666667
6.266666666666667
7.511111111111111
6.011111111111111
2.988888888888889
3.8222222222222224
4.544444444444444
9.6
4.677777777777778
3.1555555555555554
5.822222222222222
3.6555555555555554
10.177777777777777
5.433333333333334
3.2111111111111112
1.5666666666666667
9.38888888888889
15.788888888888888
5.433333333333334
6.322222222222222
7.433333333333334
4.933333333333334
1.8777777777777778
7.155555555555556
1.5666666666666667
4.455555555555556
4.544444444444444
8.766666666666667
3.3444444444444446
5.6000000000000005
7.377777777777777
4.1
4.766666666666667
3.7888888888888888
3.566666666666667
17.377777777777776
9.122222222222222
2.5444444444444443
6.711111111111111
2.8444444444444446
1.288888888888889
5.344444444444444
6.933333333333334
4.177777777777778
7.122222222222223
5.333333333333333
3.566666666666667
5.155555555555556
6.044444444444444
11.066666666666666
4.677777777777778
10.044444444444444
6.322222222222222
4.444444444444445
0.7111111111111111
4.177777777777778
3.3444444444444446
0.8999999999999999
7.211111111111111
9.155555555555555
5.155555555555556
8.488888888888889
3.511111111111111
13.122222222222222
2.3222222222222224
4.4
2.7666666666666666
4.1
8.055555555555555
3.511111111111111
2.0444444444444443
6.1000000000000005
3.1555555555555554
7.344444444444444
7.777777777777778
8.933333333333334
2.4444444444444446
2.6666666666666665
4.988888888888889
0.5
3.6
7.822222222222222
7.377777777777777
4.711111111111111
5.955555555555556
3.1222222222222222
3.8333333333333335
5.344444444444444
3.1555555555555554
4.9
3.066666666666667
11.377777777777778
2.5
1.6555555555555557
1.8777777777777778
0.1
5.155555555555556
9.6
3.8333333333333335
5.288888888888889
11.733333333333334
5.511111111111111
2.0444444444444443
4.1000000000000005
7.555555555555555
3.3444444444444446
2.5
4.044444444444444
6.011111111111111
1.4333333333333333
6.766666666666667
6.622222222222223
2.6222222222222222
9.166666666666666
3.3333333333333335
5.555555555555555
2.4555555555555557
5.433333333333334
4.044444444444444
13.877777777777778
4.766666666666667
10.233333333333333
11.122222222222222
4.933333333333334
8.622222222222222
3.1555555555555554
7.611111111111111
5.344444444444444
3.7888888888888888
11.61111111111111
1.211111111111111
6.544444444444444
5.733333333333333
5.288888888888889
5.566666666666666
6.944444444444445
12.177777777777777
4.055555555555555
4.9
12.277777777777779
18.044444444444444
13.733333333333333
7.566666666666666
7.955555555555555
6.044444444444444
5.833333333333333
6.677777777777777
4.677777777777778
1.8777777777777778
14.711111111111112
1.5666666666666667
3.511111111111111
2.4444444444444446
2.2333333333333334
6.1000000000000005
2.2666666666666666
11.333333333333334
14.044444444444444
7.555555555555555
28.98888888888889
16.88888888888889
19.655555555555555
18.444444444444443
54.71111111111111
19.51111111111111
23.822222222222223
27.877777777777776
31.211111111111112
17.51111111111111
30.23333333333333
6.1000000000000005
15.777777777777779
42.93333333333334
6.544444444444444
9.122222222222222
20.4
5.955555555555555
13.655555555555557
6.5
4.766666666666667
4.933333333333334
11.344444444444443
10.233333333333334
11.066666666666666
9.877777777777778
5.155555555555556
5.288888888888889
7.377777777777778
2.9
4.622222222222223
19.822222222222223
6.766666666666667
1.1555555555555554
6.011111111111111
7.111111111111111
11.344444444444445
2.2333333333333334
14.011111111111111
22.455555555555556
3.3444444444444446
8.266666666666667
8.944444444444445
21.833333333333332
3.1555555555555554
10.71111111111111
24.5
19.066666666666666
8.488888888888889
8.988888888888889
9.833333333333334
24.27777777777778
21.288888888888888
11.78888888888889
14.544444444444444
6.455555555555556
12.455555555555556
7.211111111111111
9.78888888888889
14.266666666666667
3.3444444444444446
4.444444444444445
4.888888888888889
8.0
8.044444444444444
12.455555555555556
8.677777777777777
3.7333333333333334
7.433333333333334
6.233333333333333
17.288888888888888
5.288888888888889
2.711111111111111
12.322222222222223
2.1
7.877777777777778
9.511111111111111
3.9555555555555557
23.6
7.655555555555556
3.822222222222222
6.9
6.622222222222223
21.344444444444445
18.055555555555557
15.733333333333333
70.45555555555556
6.011111111111111
30.32222222222222
25.788888888888888
10.722222222222221
4.455555555555556
20.055555555555557
10.766666666666667
2.6222222222222222
2.5444444444444443
3.6555555555555554
3.511111111111111
3.2111111111111112
0.23333333333333334
16.766666666666666
2.4
15.333333333333334
4.444444444444445
3.511111111111111
3.066666666666667
5.344444444444444
4.544444444444444
5.822222222222222
7.566666666666666
12.322222222222223
12.011111111111111
7.566666666666666
14.011111111111111
12.322222222222223
17.51111111111111
6.4
17.655555555555555
16.266666666666666
3.7333333333333334
1.1555555555555554
18.044444444444444
13.344444444444443
9.433333333333334
14.044444444444444
6.677777777777778
10.5
11.344444444444445
11.288888888888888
12.677777777777777
7.955555555555556
9.288888888888888
8.1
7.511111111111111
9.38888888888889
11.344444444444445
12.177777777777777
7.822222222222222
18.88888888888889
6.011111111111111
13.733333333333333
2.1
7.333333333333333
11.955555555555556
6.5
11.822222222222223
6.988888888888889
10.233333333333333
13.733333333333333
18.666666666666668
10.5
25.73333333333333
4.933333333333334
6.8999999999999995
5.655555555555556
11.155555555555555
6.933333333333334
16.88888888888889
8.544444444444444
21.555555555555557
7.955555555555555
3.3333333333333335
8.322222222222223
3.7333333333333334
3.4333333333333336
14.844444444444443
7.155555555555556
2.0555555555555554
8.933333333333334
10.455555555555556
14.944444444444445
9.566666666666666
5.788888888888889
10.677777777777777
72.04444444444444
30.98888888888889
7.511111111111111
5.566666666666666
4.666666666666667
16.455555555555556
7.611111111111111
10.622222222222222
9.155555555555555
8.666666666666666
7.377777777777778
3.566666666666667
13.566666666666666
4.933333333333334
5.288888888888889
8.544444444444444
11.433333333333334
8.233333333333333
10.011111111111111
3.3777777777777778
9.655555555555555
10.944444444444445
6.622222222222223
5.066666666666666
7.788888888888889
4.233333333333333
19.51111111111111
6.544444444444444
3.8777777777777778
16.766666666666666
4.544444444444444
10.177777777777777
5.822222222222222
8.1
4.444444444444445
2.177777777777778
11.344444444444443
10.711111111111112
2.4
17.433333333333334
5.122222222222223
9.833333333333334
7.555555555555555
12.044444444444444
12.711111111111112
26.177777777777777
10.711111111111112
7.111111111111111
6.1000000000000005
14.488888888888889
10.266666666666667
6.677777777777778
5.611111111111111
5.111111111111111
9.511111111111111
20.055555555555557
6.9
3.1555555555555554
13.511111111111111
12.88888888888889
14.266666666666667
6.488888888888889
14.622222222222222
10.277777777777779
10.177777777777777
3.3333333333333335
18.055555555555557
7.211111111111111
5.955555555555556
5.733333333333333
5.377777777777778
4.455555555555556
6.888888888888889
6.0
10.444444444444445
14.766666666666667
11.6
4.266666666666667
2.9444444444444446
4.666666666666667
8.455555555555556
2.8444444444444446
4.766666666666667
2.6666666666666665
4.1000000000000005
7.566666666666666
1.9555555555555555
2.9333333333333336
6.055555555555555
2.9
11.066666666666666
4.488888888888889
2.2333333333333334
2.1
4.044444444444444
4.1000000000000005
9.166666666666666
9.655555555555557
3.511111111111111
11.511111111111111
8.844444444444445
6.455555555555556
3.566666666666667
3.2111111111111112
15.211111111111112
2.322222222222222
6.711111111111111
9.333333333333334
0.9333333333333333
2.7666666666666666
3.3444444444444446
7.344444444444445
9.733333333333333
4.322222222222222
8.1
5.211111111111111
1.8222222222222222
4.011111111111111
3.7333333333333334
1.8333333333333333
17.066666666666666
7.066666666666666
3.8333333333333335
5.388888888888889
3.511111111111111
3.7777777777777777
7.511111111111111
5.155555555555556
4.011111111111111
4.666666666666667
5.377777777777777
3.3444444444444446
3.066666666666667
10.5
9.211111111111112
5.788888888888889
7.822222222222222
5.777777777777778
4.177777777777778
3.8333333333333335
8.4
3.8222222222222224
6.722222222222222
9.777777777777779
6.266666666666667
3.1222222222222222
4.544444444444444
3.8777777777777778
8.055555555555555
8.4
2.5
6.222222222222222
6.677777777777778
2.7222222222222223
8.488888888888889
10.677777777777777
14.011111111111111
4.622222222222223
4.9
8.722222222222221
4.622222222222223
5.877777777777778
2.3222222222222224
11.377777777777778
12.266666666666667
8.455555555555556
19.655555555555555
10.444444444444445
6.544444444444444
5.511111111111111
3.8777777777777778
4.4
1.6555555555555554
3.2111111111111112
8.233333333333333
3.2888888888888888
6.988888888888889
5.955555555555556
4.222222222222222
5.377777777777777
8.677777777777777
4.4
4.011111111111111
6.322222222222222
1.3444444444444443
31.433333333333334
8.233333333333334
6.844444444444444
0.9333333333333333
13.344444444444443
5.655555555555556
12.455555555555556
4.544444444444444
4.544444444444444
4.5
3.6
5.733333333333333
1.4333333333333333
4.455555555555556
6.766666666666667
6.444444444444445
1.788888888888889
6.1000000000000005
7.877777777777778
6.277777777777778
5.733333333333333
4.1
11.066666666666666
7.333333333333333
6.711111111111111
27.955555555555556
6.4
2.8444444444444446
6.277777777777778
4.011111111111111
2.7666666666666666
4.455555555555556
5.833333333333333
4.0
12.233333333333334
6.488888888888889
5.333333333333333
4.444444444444445
2.6777777777777776
3.9555555555555557
6.0
2.7222222222222223
8.71111111111111
2.7111111111111112
3.1222222222222222
2.011111111111111
3.8777777777777778
3.7777777777777777
5.344444444444444
2.011111111111111
5.122222222222223
2.4555555555555557
5.733333333333333
43.78888888888889
2.7111111111111112
2.6777777777777776
13.155555555555557
3.6
35.12222222222223
3.3444444444444446
1.9555555555555557
4.0
0.1
2.0444444444444443
0.9
5.155555555555556
1.788888888888889
1.7777777777777777
8.666666666666666
6.266666666666667
3.3444444444444446
2.1
19.377777777777776
16.766666666666666
2.9333333333333336
12.933333333333334
3.7888888888888888
12.444444444444445
1.3777777777777778
3.433333333333333
3.8777777777777778
4.4
2.1
0.9333333333333333
58.0
0.8999999999999999
9.155555555555555
1.211111111111111
5.066666666666666
2.988888888888889
2.9
1.1555555555555554
3.388888888888889
0.7111111111111111
4.488888888888889
2.6222222222222222
1.3777777777777778
33.65555555555555
14.1
16.544444444444444
25.288888888888888
3.7888888888888888
1.9555555555555555
3.566666666666667
3.3333333333333335
2.3222222222222224
1.8222222222222222
3.4333333333333336
5.6
2.4555555555555557
3.8222222222222224
2.3222222222222224
3.611111111111111
3.3444444444444446
10.233333333333333
8.011111111111111
9.733333333333334
7.655555555555556
7.788888888888889
6.1000000000000005
2.6777777777777776
4.544444444444444
1.4333333333333333
11.166666666666666
3.4333333333333336
4.044444444444444
7.566666666666666
8.277777777777779
5.433333333333334
4.266666666666667
10.711111111111112
6.455555555555556
3.8222222222222224
3.3333333333333335
12.9
13.377777777777778
5.877777777777778
52.666666666666664
10.844444444444445
4.455555555555556
33.6
64.17777777777778
10.944444444444445
13.655555555555555
1.3333333333333333
2.3222222222222224
4.677777777777778
1.7333333333333334
2.6222222222222222
7.655555555555556
2.7222222222222223
2.8444444444444446
6.933333333333334
3.066666666666667
3.8222222222222224
2.5444444444444443
4.988888888888889
9.822222222222223
11.511111111111111
4.711111111111111
6.011111111111111
7.655555555555556
6.4
6.266666666666667
5.288888888888889
44.455555555555556
14.9
6.055555555555555
7.788888888888889
7.733333333333333
8.933333333333334
6.933333333333334
5.733333333333333
4.888888888888889
1.288888888888889
4.177777777777778
2.488888888888889
2.2777777777777777
7.566666666666666
5.733333333333333
11.122222222222222
2.6666666666666665
6.711111111111111
3.6555555555555554
14.677777777777777
15.211111111111112
5.822222222222222
4.488888888888889
4.9
11.066666666666666
5.344444444444445
5.122222222222223
5.877777777777778
13.511111111111111
5.833333333333333
3.3777777777777778
2.9
6.3999999999999995
12.322222222222223
14.488888888888889
2.2666666666666666
7.344444444444444
7.433333333333334
6.322222222222222
5.377777777777778
21.51111111111111
3.8777777777777778
5.155555555555556
1.5555555555555556
1.5666666666666667
1.8222222222222222
3.7888888888888888
2.9333333333333336
4.722222222222222
7.211111111111111
5.211111111111111
4.9
4.1
4.055555555555555
2.0
1.5999999999999999
7.877777777777778
3.3333333333333335
6.544444444444444
7.566666666666666
30.444444444444443
5.288888888888889
28.044444444444444
31.333333333333332
12.677777777777777
5.211111111111111
3.5555555555555554
2.6222222222222222
2.933333333333333
4.5
2.677777777777778
3.066666666666667
3.8777777777777778
1.211111111111111
2.7111111111111112
2.2333333333333334
3.6555555555555554
0.4888888888888889
8.677777777777777
30.233333333333334
3.8222222222222224
2.2333333333333334
5.566666666666666
3.3333333333333335
2.988888888888889
2.7666666666666666
3.066666666666667
4.455555555555556
3.9555555555555557
4.4
6.933333333333334
4.9
4.455555555555556
5.877777777777778
5.566666666666666
83.73333333333333
22.1
10.011111111111111
27.12222222222222
33.87777777777778
12.544444444444444
14.444444444444445
34.544444444444444
77.34444444444445
44.233333333333334
1.7333333333333334
6.988888888888889
2.3222222222222224
2.011111111111111
23.122222222222224
3.1222222222222222
2.3222222222222224
1.6555555555555554
18.9
1.4333333333333333
48.32222222222222
10.544444444444444
2.2777777777777777
10.0
1.3333333333333333
64.62222222222222
10.455555555555556
28.444444444444443
1.5666666666666667
1.9555555555555557
1.211111111111111
4.277777777777778
2.6777777777777776
2.488888888888889
3.4333333333333336
2.7666666666666666
2.677777777777778
10.177777777777777
2.6777777777777776
1.3444444444444446
5.333333333333333
0.9
1.8222222222222222
59.12222222222222
43.12222222222222
44.266666666666666
11.155555555555555
44.233333333333334
39.65555555555556
2.5
2.6777777777777776
0.9333333333333333
3.1555555555555554
3.8777777777777778
2.7111111111111112
6.222222222222222
26.944444444444443
4.444444444444445
1.5666666666666667
3.066666666666667
3.4333333333333336
4.766666666666667
3.5555555555555554
3.111111111111111
4.1
0.4
12.455555555555556
2.988888888888889
5.955555555555556
4.933333333333334
43.55555555555556
10.9
8.4
6.677777777777778
3.8333333333333335
4.177777777777778
0.8444444444444444
0.9888888888888888
2.6222222222222222
3.655555555555556
5.211111111111111
1.3888888888888888
2.1777777777777776
3.9555555555555557
1.5555555555555556
2.1
2.988888888888889
3.2888888888888888
2.4
3.6
1.5555555555555556
2.5444444444444443
3.7333333333333334
40.67777777777778
7.155555555555556
4.888888888888889
23.333333333333332
2.988888888888889
3.2111111111111112
2.2777777777777777
6.488888888888889
1.3333333333333333
5.788888888888889
4.455555555555556
1.5666666666666667
7.066666666666666
2.7111111111111112
4.322222222222223
1.211111111111111
3.2888888888888888
4.9
4.055555555555555
5.955555555555556
3.4333333333333336
5.122222222222223
6.488888888888889
5.111111111111111
0.7666666666666666
0.9888888888888888
3.6
4.722222222222222
1.9555555555555557
4.455555555555556
1.211111111111111
0.6777777777777778
2.7111111111111112
5.433333333333334
1.8333333333333333
9.377777777777778
2.488888888888889
0.3222222222222222
3.066666666666667
3.7888888888888888
2.677777777777778
15.511111111111111
3.1222222222222222
8.455555555555554
0.7222222222222222
1.0666666666666667
0.5444444444444444
44.0
2.177777777777778
1.211111111111111
4.055555555555555
6.1000000000000005
2.4555555555555557
4.4
3.611111111111111
1.8222222222222222
2.4
2.1777777777777776
4.722222222222222
1.5999999999999999
4.044444444444444
4.011111111111111
4.677777777777778
2.8444444444444446
3.066666666666667
2.4
10.544444444444444
3.7888888888888888
0.5444444444444444
1.1111111111111112
5.566666666666666
2.6666666666666665
3.9555555555555557
9.377777777777778
2.4
1.1555555555555554
10.5
1.6
18.677777777777777
13.511111111111111
3.8222222222222224
3.6
6.933333333333334
1.1111111111111112
4.455555555555556
2.7111111111111112
2.988888888888889
3.7333333333333334
1.8777777777777778
2.5
2.8444444444444446
3.511111111111111
2.011111111111111
1.288888888888889
4.622222222222223
1.5666666666666667
13.377777777777778
0.9888888888888888
7.822222222222222
4.0
4.044444444444444
3.511111111111111
4.844444444444444
3.6
1.1666666666666667
14.011111111111111
11.566666666666666
4.222222222222222
18.677777777777777
9.166666666666666
4.444444444444445
6.044444444444444
2.9333333333333336
4.488888888888889
4.177777777777778
4.266666666666667
1.1555555555555554
3.388888888888889
2.933333333333333
4.455555555555556
3.566666666666667
2.4
4.444444444444445
2.4
9.733333333333333
4.233333333333333
7.155555555555556
13.122222222222222
7.655555555555556
2.6666666666666665
4.488888888888889
1.1222222222222222
4.677777777777778
6.222222222222222
10.71111111111111
16.844444444444445
26.23333333333333
22.844444444444445
34.5
27.955555555555556
29.61111111111111
44.1
6.055555555555555
5.166666666666667
8.444444444444445
2.6777777777777776
5.066666666666666
2.3222222222222224
2.4
6.444444444444445
33.87777777777778
19.877777777777776
15.122222222222222
11.166666666666666
13.61111111111111
8.011111111111111
30.544444444444444
24.266666666666666
22.055555555555557
12.266666666666667
6.711111111111111
6.177777777777778
2.6666666666666665
5.877777777777778
4.711111111111111
14.933333333333334
22.22222222222222
4.677777777777778
10.933333333333334
6.266666666666667
11.822222222222223
5.733333333333333
11.877777777777778
16.266666666666666
10.011111111111111
14.766666666666667
9.11111111111111
2.4555555555555557
12.988888888888889
4.4
6.4
18.4
13.288888888888888
20.844444444444445
10.677777777777777
8.222222222222221
15.066666666666666
1.6555555555555554
2.7222222222222223
9.655555555555555
5.955555555555556
7.733333333333333
7.955555555555555
5.155555555555556
4.4
3.7333333333333334
5.511111111111111
3.7333333333333334
7.344444444444444
2.0555555555555554
14.177777777777777
0.6777777777777778
3.2888888888888888
1.3777777777777778
1.1666666666666667
6.9
2.888888888888889
1.5666666666666667
8.044444444444444
8.988888888888889
1.3777777777777778
1.0666666666666667
3.566666666666667
8.277777777777779
1.0666666666666667
3.8777777777777778
3.388888888888889
2.7666666666666666
0.9888888888888888
0.6777777777777777
0.5444444444444444
0.4
0.6222222222222222
0.7111111111111111
0.7222222222222222
0.45555555555555555
0.26666666666666666
3.7333333333333334
1.3888888888888888
0.45555555555555555
6.266666666666667
1.3777777777777778
1.288888888888889
3.511111111111111
0.48888888888888893
4.055555555555555
0.8888888888888888
93.43333333333334
28.233333333333334
104.84444444444443
9.566666666666666
59.111111111111114
25.288888888888888
91.34444444444443
2.1
1.3444444444444446
59.333333333333336
7.733333333333333
7.288888888888889
4.1
7.511111111111111
0.5444444444444444
27.877777777777776
37.6
19.61111111111111
35.06666666666666
4.5
2.4444444444444446
94.84444444444443
18.455555555555556
14.544444444444444
4.177777777777778
7.788888888888889
22.177777777777777
6.1000000000000005
26.23333333333333
39.15555555555555
16.1
73.11111111111111
34.233333333333334
31.288888888888888
7.122222222222223
37.6
14.933333333333334
19.51111111111111
17.566666666666666
30.322222222222223
34.98888888888889
22.01111111111111
21.822222222222223
14.766666666666667
24.677777777777777
40.62222222222222
1.5555555555555556
3.2888888888888888
4.044444444444444
15.877777777777778
0.45555555555555555
1.3444444444444443
5.155555555555556
1.3888888888888888
14.622222222222222
2.6222222222222222
3.6555555555555554
16.9
3.066666666666667
1.5666666666666667
5.377777777777777
14.677777777777777
71.82222222222222
2.4555555555555557
13.38888888888889
2.4
1.288888888888889
0.7111111111111111
35.6
68.1
9.777777777777779
32.32222222222222
1.3333333333333333
1.511111111111111
50.4
4.455555555555556
2.711111111111111
27.38888888888889
46.93333333333333
4.044444444444444
2.9
34.84444444444444
2.4555555555555557
2.177777777777778
19.566666666666666
28.233333333333334
24.944444444444443
6.044444444444444
7.566666666666666
2.488888888888889
3.7888888888888888
1.3444444444444443
6.544444444444444
4.677777777777778
38.544444444444444
14.1
1.0666666666666667
8.544444444444444
44.01111111111111
2.6666666666666665
54.544444444444444
1.3333333333333333
3.3333333333333335
4.0
1.3888888888888888
2.322222222222222
20.01111111111111
2.711111111111111
1.3777777777777778
2.4444444444444446
2.4
2.488888888888889
3.6555555555555554
1.9555555555555555
1.3444444444444446
2.4555555555555557
25.288888888888888
2.488888888888889
2.4555555555555557
1.8222222222222222
4.011111111111111
4.277777777777778
1.8777777777777778
2.6222222222222222
1.8777777777777778
2.0444444444444443
8.5
2.1
15.122222222222222
33.78888888888889
1.3777777777777778
2.6666666666666665
2.2666666666666666
4.677777777777778
4.011111111111111
3.066666666666667
2.5444444444444443
1.8222222222222222
1.3888888888888888
1.5555555555555556
1.8222222222222222
1.3333333333333333
2.322222222222222
3.2888888888888888
2.933333333333333
3.566666666666667
2.988888888888889
8.9
2.2666666666666666
1.211111111111111
3.7333333333333334
1.8222222222222222
4.544444444444444
3.3777777777777778
7.288888888888889
11.877777777777778
4.055555555555555
6.177777777777777
17.6
0.8444444444444444
4.233333333333333
10.322222222222223
0.48888888888888893
2.011111111111111
13.288888888888888
2.1
0.6222222222222222
3.8333333333333335
9.28888888888889
1.511111111111111
3.066666666666667
2.4555555555555557
3.511111111111111
2.5444444444444443
0.9888888888888888
3.1222222222222222
25.877777777777776
1.1555555555555557
2.2333333333333334
41.77777777777778
46.01111111111111
32.98888888888889
89.65555555555555
39.82222222222222
33.37777777777778
45.733333333333334
11.155555555555555
4.455555555555556
26.01111111111111
37.82222222222222
44.766666666666666
73.87777777777778
43.37777777777778
7.288888888888889
29.288888888888888
66.04444444444444
18.322222222222223
6.766666666666667
6.5
23.6
7.111111111111111
5.611111111111111
31.377777777777776
68.26666666666667
22.22222222222222
12.266666666666667
7.788888888888889
25.955555555555556
2.711111111111111
4.944444444444445
3.8333333333333335
91.82222222222222
4.177777777777778
10.455555555555556
3.066666666666667
2.4555555555555557
2.0444444444444447
2.5
5.066666666666666
8.844444444444443
5.211111111111111
8.933333333333334
4.4
1.788888888888889
2.011111111111111
3.1222222222222222
11.155555555555555
0.6666666666666666
4.722222222222222
1.788888888888889
1.6555555555555557
2.1
4.222222222222222
4.711111111111111
3.3444444444444446
7.066666666666666
2.7666666666666666
2.5
2.177777777777778
32.044444444444444
3.9555555555555557
4.9
1.5666666666666667
2.2777777777777777
7.288888888888889
2.9333333333333336
1.3888888888888888
3.2888888888888888
4.9
1.1555555555555557
3.111111111111111
3.3777777777777778
0.8888888888888888
0.9888888888888888
0.8444444444444444
2.888888888888889
1.3777777777777778
1.1111111111111112
45.06666666666666
17.61111111111111
2.2222222222222223
3.5555555555555554
2.988888888888889
1.8777777777777778
1.6111111111111112
1.288888888888889
2.0444444444444443
2.488888888888889
3.566666666666667
3.7888888888888888
1.788888888888889
0.45555555555555555
1.288888888888889
1.4333333333333333
2.9333333333333336
1.1555555555555554
0.7111111111111111
2.3222222222222224
2.011111111111111
3.2111111111111112
2.4
1.1111111111111112
31.344444444444445
12.933333333333334
4.933333333333334
3.1555555555555554
1.1111111111111112
0.9444444444444444
2.488888888888889
7.433333333333334
1.7333333333333334
1.5666666666666667
3.1555555555555554
2.2777777777777777
2.2777777777777777
8.9
4.1000000000000005
3.6
2.4555555555555557
0.4
3.111111111111111
2.488888888888889
3.511111111111111
1.8333333333333333
4.9
3.7777777777777777
9.155555555555555
10.544444444444444
15.511111111111111
2.6666666666666665
10.988888888888889
2.6222222222222222
3.066666666666667
4.177777777777778
2.0444444444444443
3.511111111111111
0.9
4.944444444444445
2.6222222222222222
3.3333333333333335
2.9444444444444446
1.4333333333333333
1.7333333333333334
2.9333333333333336
3.1222222222222222
54.62222222222223
5.155555555555556
1.4333333333333333
4.4
2.2666666666666666
6.044444444444444
3.1222222222222222
1.9555555555555555
1.3444444444444443
2.4555555555555557
1.8222222222222222
32.05555555555556
18.677777777777777
3.7333333333333334
3.511111111111111
40.01111111111111
2.7666666666666666
2.888888888888889
7.822222222222223
1.788888888888889
3.5555555555555554
1.511111111111111
2.011111111111111
6.277777777777778
4.766666666666667
2.9
1.3777777777777778
8.233333333333333
8.444444444444445
1.9555555555555555
2.4444444444444446
1.5555555555555556
3.8777777777777778
4.722222222222222
2.988888888888889
1.6555555555555554
6.322222222222222
0.6777777777777778
4.011111111111111
5.066666666666666
2.6666666666666665
1.5666666666666667
1.9555555555555555
1.511111111111111
7.344444444444445
2.0555555555555554
4.177777777777778
2.9
2.0444444444444443
4.988888888888889
0.4
1.9555555555555557
3.1222222222222222
2.8444444444444446
3.5555555555555554
5.788888888888889
21.955555555555556
9.066666666666666
5.6
3.611111111111111
3.9555555555555557
2.488888888888889
2.4555555555555557
2.1
10.455555555555556
0.48888888888888893
2.711111111111111
0.17777777777777778
3.1666666666666665
18.711111111111112
0.4
4.266666666666667
0.4444444444444444
2.5
1.5666666666666667
3.7888888888888888
0.6666666666666666
1.3777777777777778
0.6777777777777777
0.9888888888888888
5.344444444444444
2.1
3.4333333333333336
0.7111111111111111
3.7888888888888888
1.4333333333333333
1.8333333333333333
2.988888888888889
1.5666666666666667
3.3444444444444446
1.288888888888889
0.9
0.6777777777777778
3.3444444444444446
4.011111111111111
0.8888888888888888
0.7111111111111111
3.8777777777777778
2.0
0.8888888888888888
4.322222222222223
1.3444444444444446
1.8777777777777778
3.111111111111111
3.5555555555555554
2.488888888888889
5.555555555555555
5.288888888888889
4.044444444444444
2.1
0.8444444444444444
1.5555555555555556
1.8777777777777778
2.8444444444444446
1.6111111111111112
1.1666666666666667
0.5444444444444444
3.3777777777777778
0.9333333333333333
6.322222222222222
1.511111111111111
1.1666666666666667
1.211111111111111
4.011111111111111
1.6555555555555554
2.2333333333333334
0.9333333333333333
0.4888888888888889
1.8777777777777778
2.1
44.766666666666666
1.5555555555555556
2.011111111111111
0.4
1.3444444444444446
1.6555555555555554
1.8222222222222222
1.6111111111111112
4.1000000000000005
2.888888888888889
0.9
2.488888888888889
2.7666666666666666
4.177777777777778
1.8222222222222222
2.011111111111111
3.3777777777777778
0.7111111111111111
3.2888888888888888
0.2777777777777778
1.3444444444444446
3.566666666666667
0.7111111111111111
0.9333333333333333
3.3777777777777778
0.6777777777777777
1.5666666666666667
1.6555555555555554
1.5666666666666667
2.4
1.788888888888889
4.1000000000000005
3.822222222222222
1.3777777777777778
0.8444444444444444
1.7333333333333334
2.6777777777777776
1.5666666666666667
2.3222222222222224
5.777777777777778
2.5444444444444443
2.488888888888889
3.1222222222222222
2.0
3.6555555555555554
3.3444444444444446
3.1222222222222222
4.277777777777778
3.2111111111111112
1.3888888888888888
2.4
2.7666666666666666
2.488888888888889
2.7111111111111112
2.2666666666666666
2.6666666666666665
8.488888888888889
5.344444444444444
1.788888888888889
2.4555555555555557
4.222222222222222
6.322222222222223
8.1
5.611111111111111
11.61111111111111
4.488888888888889
1.3444444444444443
4.988888888888889
2.3222222222222224
2.2666666666666666
1.6555555555555557
3.4333333333333336
1.511111111111111
34.666666666666664
1.3777777777777778
3.111111111111111
1.1555555555555554
3.8777777777777778
0.7666666666666666
5.6
3.1555555555555554
1.3888888888888888
0.6777777777777777
5.433333333333334
2.488888888888889
3.822222222222222
2.2666666666666666
2.177777777777778
7.777777777777778
1.1222222222222222
45.955555555555556
4.622222222222223
0.6222222222222222
3.8777777777777778
3.655555555555556
4.488888888888889
7.155555555555556
3.4333333333333336
2.488888888888889
1.4333333333333333
2.2666666666666666
33.55555555555556
1.3444444444444446
2.1
4.1
2.4
2.4444444444444446
50.5
2.488888888888889
2.4555555555555557
21.733333333333334
2.1
1.3888888888888888
5.566666666666666
2.8444444444444446
3.111111111111111
48.62222222222223
0.8444444444444444
1.3888888888888888
0.6222222222222222
2.3222222222222224
3.6
11.777777777777779
3.066666666666667
3.1222222222222222
5.6
2.7666666666666666
3.1666666666666665
2.0444444444444443
6.933333333333334
0.7111111111111111
9.955555555555556
5.822222222222222
4.444444444444445
2.4
5.066666666666666
3.3777777777777778
1.1555555555555554
18.233333333333334
2.7111111111111112
5.511111111111111
2.2333333333333334
2.8444444444444446
2.0
2.888888888888889
3.9555555555555557
21.566666666666666
45.788888888888884
1.1555555555555557
1.5555555555555556
1.8333333333333333
0.7111111111111111
1.1555555555555557
0.23333333333333334
25.51111111111111
13.877777777777778
24.711111111111112
21.333333333333332
41.15555555555555
3.3444444444444446
2.2333333333333334
8.011111111111111
4.677777777777778
3.8777777777777778
2.7111111111111112
1.211111111111111
2.6222222222222222
3.4333333333333336
9.122222222222222
4.488888888888889
14.044444444444444
4.988888888888889
10.711111111111112
6.044444444444444
2.9444444444444446
2.677777777777778
2.2222222222222223
9.344444444444445
2.3222222222222224
2.5444444444444447
1.5666666666666667
2.0
4.844444444444444
2.677777777777778
2.6666666666666665
3.8777777777777778
2.4555555555555557
5.788888888888889
2.4
6.277777777777778
0.23333333333333334
5.511111111111111
3.5555555555555554
6.1000000000000005
14.666666666666666
7.344444444444444
4.455555555555556
9.122222222222222
1.211111111111111
2.4555555555555557
2.988888888888889
6.233333333333333
4.222222222222222
15.655555555555555
2.8444444444444446
6.9
25.377777777777776
3.4333333333333336
2.5444444444444443
19.288888888888888
23.6
2.011111111111111
16.322222222222223
3.7777777777777777
3.388888888888889
8.488888888888889
8.933333333333334
7.111111111111111
8.233333333333333
3.433333333333333
5.377777777777778
64.54444444444445
24.322222222222223
2.2777777777777777
4.988888888888889
2.988888888888889
3.511111111111111
2.6222222222222222
2.2777777777777777
45.15555555555555
105.5111111111111
7.877777777777778
2.8444444444444446
13.122222222222222
6.011111111111111
8.044444444444444
11.6
8.233333333333334
6.0
17.211111111111112
27.38888888888889
1.8222222222222222
3.3777777777777778
3.8222222222222224
14.044444444444444
4.455555555555556
2.8444444444444446
1.1111111111111112
3.111111111111111
1.3444444444444443
2.711111111111111
1.211111111111111
4.4
0.5
3.8333333333333335
5.155555555555556
1.3777777777777778
1.6555555555555554
12.666666666666666
1.8333333333333333
2.0444444444444447
3.3444444444444446
1.8777777777777778
3.1666666666666665
0.8888888888888888
2.8444444444444446
14.988888888888889
2.4
2.3222222222222224
2.3222222222222224
12.488888888888889
29.833333333333332
6.488888888888889
2.4444444444444446
3.3777777777777778
2.677777777777778
2.0444444444444443
5.511111111111111
4.544444444444444
2.9
1.211111111111111
4.177777777777778
4.5
3.1222222222222222
3.8333333333333335
4.455555555555556
16.044444444444444
12.044444444444444
5.877777777777778
3.066666666666667
2.6222222222222222
6.233333333333333
5.377777777777777
8.0
23.11111111111111
3.4333333333333336
4.044444444444444
3.2888888888888888
4.322222222222222
1.3777777777777778
8.0
21.955555555555556
2.488888888888889
14.844444444444445
27.37777777777778
2.4555555555555557
2.988888888888889
9.955555555555556
0.6666666666666666
1.3444444444444446
1.5666666666666667
74.05555555555556
4.1000000000000005
12.711111111111112
20.055555555555557
3.3444444444444446
16.766666666666666
2.8444444444444446
1.3333333333333333
81.11111111111111
73.43333333333334
6.933333333333334
20.266666666666666
2.9
20.0
1.7333333333333334
2.9
7.211111111111111
1.8777777777777778
0.8444444444444444
0.5
0.6777777777777777
7.377777777777777
0.6666666666666666
10.666666666666666
17.344444444444445
5.655555555555556
9.655555555555555
3.066666666666667
2.9
7.388888888888889
2.4
9.288888888888888
5.166666666666667
4.322222222222222
8.444444444444445
2.4
6.711111111111111
17.288888888888888
6.322222222222222
11.788888888888888
8.011111111111111
8.055555555555555
2.5444444444444443
10.266666666666667
4.933333333333334
4.933333333333334
5.877777777777778
3.4333333333333336
4.322222222222222
3.3444444444444446
7.211111111111111
6.9
9.788888888888888
24.0
1.7333333333333334
7.344444444444444
35.43333333333334
10.844444444444445
1.9555555555555555
3.1666666666666665
8.455555555555556
4.5
9.433333333333334
3.566666666666667
3.3333333333333335
6.266666666666667
4.622222222222223
3.2111111111111112
1.8222222222222222
4.322222222222222
6.011111111111111
4.322222222222222
7.155555555555556
3.6
1.1111111111111112
4.266666666666667
2.9
1.9555555555555555
8.622222222222222
2.5444444444444443
12.4
93.87777777777777
5.6
9.733333333333334
26.944444444444443
33.288888888888884
11.21111111111111
4.455555555555556
7.122222222222223
1.7333333333333334
9.344444444444445
8.233333333333334
32.766666666666666
6.011111111111111
19.61111111111111
6.044444444444444
7.611111111111111
10.88888888888889
19.12222222222222
4.888888888888889
2.711111111111111
2.7666666666666666
1.511111111111111
1.8222222222222222
5.733333333333333
8.455555555555556
1.4333333333333333
8.88888888888889
5.833333333333333
1.0666666666666667
2.677777777777778
7.377777777777778
1.6555555555555554
4.044444444444444
1.1222222222222222
1.3777777777777778
2.4444444444444446
5.111111111111111
4.011111111111111
3.3444444444444446
1.288888888888889
6.844444444444444
12.322222222222223
7.566666666666666
3.7333333333333334
2.4444444444444446
3.388888888888889
11.166666666666666
90.94444444444444
10.322222222222223
89.83333333333333
6.4
15.38888888888889
92.1
6.322222222222223
11.344444444444445
16.455555555555556
21.433333333333334
6.011111111111111
4.544444444444444
1.5999999999999999
4.711111111111111
4.677777777777778
1.511111111111111
7.066666666666666
6.9
5.333333333333333
5.655555555555556
9.433333333333334
17.12222222222222
3.1222222222222222
16.322222222222223
14.988888888888889
13.822222222222223
18.666666666666668
1.788888888888889
12.677777777777777
40.17777777777778
63.15555555555555
23.066666666666666
15.333333333333334
9.61111111111111
2.6777777777777776
1.288888888888889
68.22222222222223
11.377777777777778
24.711111111111112
107.11111111111111
12.266666666666667
2.5444444444444443
7.555555555555555
2.5444444444444443
3.7777777777777777
21.155555555555555
3.2888888888888888
7.155555555555556
7.822222222222222
7.344444444444444
2.4555555555555557
5.333333333333333
1.3888888888888888
3.4333333333333336
6.711111111111111
7.822222222222222
47.15555555555555
0.9888888888888888
37.65555555555555
37.87777777777778
50.544444444444444
66.62222222222222
5.777777777777778
14.266666666666667
4.622222222222223
62.9
40.62222222222222
72.39999999999999
35.28888888888889
83.43333333333334
35.82222222222222
3.3444444444444446
13.655555555555555
10.266666666666667
10.011111111111111
61.51111111111111
5.122222222222223
5.777777777777778
41.111111111111114
2.1
84.54444444444444
60.4
28.711111111111112
66.32222222222222
73.56666666666666
40.766666666666666
40.44444444444444
65.38888888888889
103.82222222222222
26.099999999999998
19.566666666666666
43.955555555555556
112.1
40.48888888888889
53.12222222222222
1.1555555555555557
29.21111111111111
48.94444444444444
57.21111111111111
32.233333333333334
25.155555555555555
11.344444444444445
69.21111111111111
65.21111111111111
78.4
30.455555555555556
79.83333333333333
32.94444444444444
37.288888888888884
45.833333333333336
34.98888888888889
47.65555555555555
43.6
55.37777777777777
37.87777777777778
21.211111111111112
0.4444444444444444
53.65555555555556
34.71111111111111
40.266666666666666
49.955555555555556
13.211111111111112
15.955555555555556
6.1000000000000005
13.211111111111112
4.9
54.4
4.1
10.988888888888889
2.4555555555555557
8.455555555555554
61.288888888888884
71.5111111111111
45.65555555555556
64.48888888888888
46.1
66.62222222222222
80.93333333333332
4.677777777777778
5.122222222222223
35.166666666666664
23.955555555555556
15.788888888888888
74.0111111111111
5.111111111111111
48.93333333333333
2.7666666666666666
1.6
40.17777777777778
26.322222222222223
50.48888888888889
28.5
52.17777777777778
48.233333333333334
36.044444444444444
22.98888888888889
50.22222222222222
23.433333333333334
4.722222222222222
48.01111111111111
2.933333333333333
61.333333333333336
14.666666666666666
23.066666666666666
17.344444444444445
61.77777777777778
12.322222222222223
96.17777777777778
1.0666666666666667
26.844444444444445
18.766666666666666
25.833333333333332
26.266666666666666
22.933333333333334
32.4
7.833333333333333
6.888888888888889
29.344444444444445
2.2666666666666666
19.211111111111112
3.611111111111111
3.1222222222222222
9.066666666666666
41.56666666666667
21.655555555555555
4.1
2.5444444444444443
8.488888888888889
4.233333333333333
2.0555555555555554
13.566666666666666
2.4444444444444446
2.933333333333333
4.444444444444445
9.833333333333334
3.3444444444444446
2.177777777777778
9.122222222222222
3.788888888888889
4.888888888888889
2.0555555555555554
26.71111111111111
3.566666666666667
11.066666666666666
27.877777777777776
8.677777777777777
24.666666666666668
8.322222222222223
25.344444444444445
10.488888888888889
11.822222222222223
8.277777777777779
10.1
17.788888888888888
2.5444444444444447
23.333333333333332
78.4888888888889
5.344444444444444
40.233333333333334
18.27777777777778
24.988888888888887
10.622222222222222
17.11111111111111
36.1
11.511111111111111
8.988888888888889
4.933333333333334
41.733333333333334
3.511111111111111
3.8333333333333335
5.155555555555556
113.55555555555556
3.2111111111111112
41.12222222222222
2.7111111111111112
43.12222222222222
21.955555555555556
6.011111111111111
11.655555555555557
19.833333333333332
6.233333333333333
5.733333333333333
11.155555555555555
103.87777777777778
3.1222222222222222
104.84444444444445
47.12222222222222
61.15555555555555
66.54444444444444
82.71111111111111
73.12222222222222
92.27777777777777
55.833333333333336
58.233333333333334
34.455555555555556
31.12222222222222
72.4888888888889
12.488888888888889
71.65555555555555
40.48888888888889
74.98888888888888
50.22222222222222
45.43333333333334
15.155555555555555
14.4
2.2666666666666666
29.11111111111111
31.211111111111112
80.17777777777778
25.211111111111112
154.27777777777777
171.37777777777777
12.844444444444445
19.066666666666666
8.277777777777779
13.655555555555557
21.788888888888888
8.666666666666666
18.48888888888889
27.77777777777778
33.12222222222222
36.98888888888889
27.877777777777776
20.48888888888889
12.322222222222223
24.177777777777777
6.622222222222223
7.611111111111111
42.455555555555556
42.5
32.48888888888889
28.322222222222223
17.655555555555555
33.288888888888884
23.38888888888889
53.511111111111106
24.266666666666666
46.48888888888889
34.93333333333333
31.822222222222223
8.4
59.511111111111106
37.599999999999994
36.32222222222222
24.055555555555557
44.84444444444444
19.555555555555557
24.055555555555557
36.233333333333334
64.27777777777777
58.98888888888889
27.066666666666666
34.1
25.788888888888888
80.17777777777778
3.611111111111111
43.15555555555556
40.044444444444444
54.44444444444444
12.266666666666667
62.94444444444444
21.122222222222224
60.05555555555556
7.833333333333333
20.444444444444443
52.666666666666664
10.322222222222223
48.455555555555556
33.833333333333336
48.044444444444444
50.044444444444444
46.93333333333334
8.011111111111111
0.6777777777777778
67.61111111111111
82.04444444444444
59.111111111111114
34.766666666666666
19.066666666666666
44.011111111111106
61.43333333333334
55.21111111111111
10.71111111111111
13.377777777777778
22.23333333333333
20.1
17.77777777777778
28.27777777777778
22.933333333333334
19.377777777777776
31.211111111111112
22.455555555555556
23.566666666666666
1.7333333333333334
20.88888888888889
34.455555555555556
1.8333333333333333
3.8777777777777778
2.2333333333333334
27.344444444444445
2.988888888888889
30.455555555555556
8.055555555555555
1.6
17.655555555555555
45.34444444444445
1.5666666666666667
35.333333333333336
98.9888888888889
4.5
12.722222222222221
0.9
1.3777777777777778
2.2222222222222223
1.1111111111111112
11.566666666666666
2.933333333333333
6.322222222222223
15.833333333333334
4.177777777777778
1.8777777777777778
19.655555555555555
12.988888888888889
18.27777777777778
10.4
32.93333333333334
4.044444444444444
43.388888888888886
22.266666666666666
5.288888888888889
32.01111111111111
37.21111111111111
44.4
22.88888888888889
22.22222222222222
33.733333333333334
6.766666666666667
18.0
70.23333333333333
12.011111111111111
9.833333333333334
5.433333333333334
13.166666666666666
2.177777777777778
89.5111111111111
25.344444444444445
39.6
72.1
18.233333333333334
21.555555555555557
74.84444444444445
24.32222222222222
62.099999999999994
10.622222222222222
4.711111111111111
56.233333333333334
31.166666666666668
16.98888888888889
40.5
46.17777777777778
22.099999999999998
36.32222222222222
13.122222222222222
7.555555555555555
43.288888888888884
64.88888888888889
46.32222222222222
71.5111111111111
20.233333333333334
7.877777777777778
72.39999999999999
30.88888888888889
36.67777777777778
53.06666666666666
48.32222222222222
48.48888888888889
75.5111111111111
19.333333333333332
36.62222222222222
13.344444444444445
7.511111111111111
4.488888888888889
37.288888888888884
44.9
16.98888888888889
41.788888888888884
98.0
30.1
60.93333333333333
37.37777777777778
35.34444444444444
24.62222222222222
47.6
14.711111111111112
51.55555555555556
36.666666666666664
11.877777777777778
2.7666666666666666
22.055555555555557
80.0111111111111
30.044444444444444
8.444444444444445
25.155555555555555
11.288888888888888
54.666666666666664
5.611111111111111
3.9555555555555557
5.511111111111111
11.433333333333334
70.72222222222223
60.455555555555556
43.21111111111111
73.95555555555555
51.34444444444444
38.98888888888889
6.4
6.766666666666667
42.400000000000006
36.84444444444444
6.1000000000000005
4.444444444444445
57.288888888888884
14.666666666666666
3.2888888888888888
17.211111111111112
7.333333333333333
3.566666666666667
1.9555555555555557
46.05555555555556
5.122222222222223
10.944444444444445
54.666666666666664
24.4
17.788888888888888
2.2666666666666666
22.177777777777777
12.044444444444444
2.988888888888889
8.711111111111112
8.011111111111111
62.0
43.51111111111111
7.655555555555556
49.955555555555556
3.8777777777777778
39.12222222222222
51.288888888888884
64.1
14.988888888888889
54.17777777777778
24.93333333333333
10.677777777777777
9.211111111111112
1.1222222222222222
73.73333333333333
52.98888888888889
47.56666666666666
60.27777777777778
25.51111111111111
69.73333333333333
4.9
9.877777777777778
37.166666666666664
22.666666666666668
12.044444444444444
2.488888888888889
3.1666666666666665
25.555555555555557
83.95555555555555
32.67777777777778
44.22222222222222
47.56666666666666
61.34444444444444
46.011111111111106
3.1666666666666665
6.322222222222223
0.5444444444444444
2.6222222222222222
52.1
0.4444444444444444
31.82222222222222
5.655555555555556
3.066666666666667
25.733333333333334
2.322222222222222
14.988888888888889
1.8333333333333333
3.8222222222222224
3.111111111111111
9.066666666666666
3.1222222222222222
13.822222222222223
3.7777777777777777
1.211111111111111
2.322222222222222
2.011111111111111
29.433333333333334
4.044444444444444
53.6
40.44444444444444
51.288888888888884
69.28888888888889
6.844444444444444
0.26666666666666666
0.45555555555555555
70.22222222222223
75.43333333333334
33.56666666666666
1.288888888888889
105.56666666666666
51.12222222222222
49.15555555555555
23.066666666666666
43.788888888888884
20.98888888888889
69.37777777777778
40.84444444444444
23.566666666666666
3.1555555555555554
3.1555555555555554
38.72222222222222
75.77777777777777
24.488888888888887
41.82222222222222
8.055555555555555
5.433333333333334
17.155555555555555
7.511111111111111
3.7888888888888888
2.5444444444444447
40.455555555555556
6.844444444444444
20.266666666666666
27.788888888888888
24.099999999999998
17.344444444444445
10.455555555555556
68.48888888888888
31.955555555555556
25.733333333333334
33.833333333333336
64.45555555555556
10.322222222222223
28.88888888888889
21.433333333333334
4.177777777777778
3.9555555555555557
23.833333333333332
6.677777777777778
1.1222222222222222
5.433333333333334
8.5
7.066666666666666
10.322222222222223
3.6555555555555554
7.788888888888889
3.2111111111111112
5.511111111111111
2.5
19.211111111111112
11.288888888888888
13.166666666666666
9.155555555555555
16.01111111111111
9.433333333333334
7.877777777777778
15.288888888888888
16.544444444444444
26.322222222222223
11.066666666666666
19.333333333333332
20.844444444444445
14.488888888888889
4.222222222222222
14.1
6.844444444444444
21.6
5.655555555555556
12.544444444444444
2.5444444444444443
19.61111111111111
17.77777777777778
9.211111111111112
10.277777777777779
19.566666666666666
69.12222222222222
15.333333333333334
18.88888888888889
25.566666666666666
29.155555555555555
16.622222222222224
10.177777777777777
16.455555555555556
15.511111111111111
23.066666666666666
24.711111111111112
16.677777777777777
17.788888888888888
16.944444444444443
14.677777777777777
9.511111111111111
10.988888888888889
11.344444444444443
4.455555555555556
6.222222222222222
17.61111111111111
4.677777777777778
10.622222222222222
10.233333333333333
15.511111111111111
4.322222222222222
3.8777777777777778
10.055555555555555
7.433333333333334
11.6
8.222222222222221
4.488888888888889
12.455555555555556
14.899999999999999
113.21111111111111
51.34444444444444
7.6
4.011111111111111
8.011111111111111
9.877777777777778
2.7111111111111112
22.266666666666666
11.955555555555556
23.955555555555556
16.055555555555557
9.822222222222223
13.822222222222223
10.177777777777777
7.066666666666666
10.4
4.1
18.9
13.211111111111112
1.5999999999999999
6.177777777777777
6.222222222222222
12.1
9.166666666666666
6.222222222222222
8.455555555555556
17.38888888888889
10.0
9.555555555555555
7.788888888888889
6.944444444444445
1.8333333333333333
8.544444444444444
11.555555555555555
5.111111111111111
3.566666666666667
5.833333333333333
20.677777777777777
10.177777777777777
18.01111111111111
7.433333333333334
4.766666666666667
10.444444444444445
4.322222222222222
17.433333333333334
9.955555555555556
10.71111111111111
3.8333333333333335
6.933333333333334
12.044444444444444
8.488888888888889
3.7888888888888888
12.544444444444444
4.266666666666667
5.788888888888889
79.87777777777778
22.32222222222222
3.1222222222222222
15.566666666666666
4.055555555555555
44.01111111111111
10.055555555555555
9.433333333333334
29.51111111111111
3.8333333333333335
4.5
3.511111111111111
14.266666666666667
4.622222222222223
55.15555555555555
49.511111111111106
63.111111111111114
26.1
4.4
3.7333333333333334
28.01111111111111
33.56666666666666
124.98888888888888
3.611111111111111
5.433333333333334
3.2111111111111112
2.7666666666666666
7.655555555555556
26.01111111111111
43.15555555555555
28.444444444444443
48.48888888888889
57.12222222222223
0.8444444444444444
18.766666666666666
85.37777777777778
68.22222222222223
71.87777777777778
57.21111111111111
75.21111111111111
113.56666666666666
31.12222222222222
57.288888888888884
47.111111111111114
34.44444444444444
38.044444444444444
33.12222222222222
69.73333333333333
85.78888888888889
37.56666666666666
31.6
21.433333333333334
12.4
53.87777777777778
22.4
10.455555555555556
35.955555555555556
25.788888888888888
13.377777777777778
47.56666666666666
34.93333333333334
21.211111111111112
39.82222222222222
17.733333333333334
37.166666666666664
58.266666666666666
29.6
26.233333333333334
5.155555555555556
43.82222222222222
21.333333333333332
34.27777777777778
36.48888888888889
4.266666666666667
52.888888888888886
63.34444444444444
43.15555555555556
26.322222222222223
38.94444444444444
48.67777777777778
36.4
31.344444444444445
65.87777777777778
52.1
13.833333333333334
2.933333333333333
5.388888888888889
4.5
8.677777777777777
4.9
2.322222222222222
6.011111111111111
1.6111111111111112
15.166666666666666
4.455555555555556
6.277777777777778
8.844444444444445
1.5555555555555556
20.677777777777777
30.622222222222224
3.566666666666667
3.7888888888888888
80.71111111111111
14.044444444444444
5.344444444444444
6.888888888888889
6.444444444444445
10.544444444444444
6.766666666666667
27.166666666666668
18.844444444444445
26.32222222222222
2.8444444444444446
7.122222222222223
4.844444444444444
3.3444444444444446
2.322222222222222
3.7888888888888888
5.733333333333333
3.111111111111111
1.9555555555555557
3.1555555555555554
32.0
8.4
36.44444444444444
6.233333333333333
58.400000000000006
3.5555555555555554
8.233333333333333
30.044444444444444
4.5
4.9
1.8333333333333333
2.988888888888889
3.566666666666667
6.011111111111111
2.4555555555555557
7.211111111111111
2.9
2.7666666666666666
24.88888888888889
6.4
4.9
6.4
3.1222222222222222
3.3444444444444446
3.511111111111111
4.5
4.488888888888889
2.2333333333333334
1.5666666666666667
41.733333333333334
47.87777777777778
3.111111111111111
3.111111111111111
12.677777777777777
3.2888888888888888
60.4
2.988888888888889
21.566666666666666
1.4333333333333333
3.1555555555555554
23.066666666666666
5.822222222222222
5.733333333333333
2.988888888888889
1.1222222222222222
2.988888888888889
2.2666666666666666
53.15555555555555
1.8222222222222224
35.06666666666666
1.9555555555555555
65.73333333333333
7.288888888888889
2.9444444444444446
43.37777777777778
58.01111111111111
60.05555555555556
11.833333333333334
24.455555555555556
0.26666666666666666
39.06666666666666
58.32222222222222
16.177777777777777
13.511111111111111
51.6
86.04444444444444
55.611111111111114
26.233333333333334
32.455555555555556
73.82222222222222
2.2222222222222223
11.655555555555555
22.1
76.0111111111111
52.0
58.666666666666664
4.222222222222222
97.15555555555555
4.888888888888889
66.23333333333333
55.82222222222222
57.87777777777778
30.177777777777777
30.455555555555556
25.51111111111111
25.566666666666666
8.266666666666667
44.94444444444444
68.4888888888889
54.888888888888886
61.37777777777778
3.8222222222222224
22.88888888888889
41.37777777777778
52.05555555555556
65.82222222222222
30.177777777777777
27.344444444444445
29.433333333333334
30.48888888888889
13.877777777777778
30.48888888888889
32.67777777777778
32.044444444444444
9.333333333333334
18.322222222222223
17.655555555555555
16.455555555555556
24.88888888888889
48.011111111111106
36.766666666666666
30.4
39.12222222222222
16.044444444444444
25.211111111111112
2.0444444444444443
86.5
23.211111111111112
57.37777777777778
33.51111111111111
18.944444444444443
20.98888888888889
38.94444444444444
1.9555555555555555
1.288888888888889
0.8888888888888888
1.3777777777777778
1.6555555555555554
0.9888888888888888
22.4
40.93333333333334
24.044444444444444
14.544444444444444
5.344444444444444
46.72222222222222
60.93333333333333
63.77777777777778
71.56666666666666
21.788888888888888
7.566666666666666
30.677777777777777
67.5111111111111
50.98888888888889
28.766666666666666
0.9
15.377777777777778
3.8777777777777778
41.6
2.2333333333333334
23.955555555555556
6.233333333333333
46.544444444444444
1.7777777777777777
38.1
40.044444444444444
21.61111111111111
48.98888888888889
48.233333333333334
12.488888888888889
28.88888888888889
50.266666666666666
0.7666666666666666
5.388888888888889
64.04444444444445
82.89999999999999
53.65555555555555
17.166666666666668
2.0444444444444443
24.933333333333334
56.48888888888889
58.84444444444445
14.9
42.17777777777778
36.1
37.111111111111114
22.177777777777777
43.37777777777778
35.788888888888884
39.21111111111111
39.56666666666666
21.21111111111111
113.55555555555556
15.788888888888888
25.788888888888888
18.233333333333334
64.48888888888888
23.555555555555557
43.6
31.955555555555556
54.71111111111111
59.43333333333333
30.544444444444444
32.32222222222222
20.62222222222222
8.455555555555556
23.288888888888888
48.0
15.38888888888889
26.944444444444443
21.955555555555556
50.044444444444444
19.822222222222223
11.11111111111111
16.544444444444444
13.433333333333334
10.455555555555556
19.066666666666666
7.211111111111111
11.833333333333334
18.48888888888889
8.9
30.4
12.766666666666667
29.822222222222223
17.12222222222222
24.444444444444443
7.288888888888889
25.655555555555555
27.344444444444445
27.555555555555557
42.888888888888886
13.61111111111111
9.066666666666666
24.711111111111112
11.122222222222222
9.566666666666666
30.48888888888889
35.6
35.388888888888886
17.822222222222223
16.72222222222222
22.933333333333334
53.111111111111114
25.288888888888888
16.5
24.944444444444443
20.055555555555557
12.544444444444444
20.455555555555556
21.877777777777776
17.51111111111111
10.011111111111111
11.6
36.1
5.822222222222222
10.055555555555555
10.322222222222223
49.733333333333334
17.066666666666666
22.4
38.4
7.066666666666666
13.433333333333334
30.9
70.54444444444444
11.655555555555555
36.27777777777778
20.177777777777777
46.93333333333333
19.433333333333334
20.544444444444444
25.73333333333333
27.51111111111111
20.766666666666666
24.27777777777778
39.37777777777778
17.833333333333332
21.066666666666666
10.666666666666666
36.0
27.166666666666668
27.344444444444445
4.677777777777778
44.93333333333333
17.877777777777776
11.655555555555555
16.48888888888889
22.5
44.01111111111111
38.67777777777778
17.955555555555556
25.77777777777778
22.711111111111112
8.4
5.111111111111111
2.8444444444444446
23.12222222222222
40.17777777777778
26.84444444444444
21.211111111111112
9.511111111111111
9.211111111111112
32.766666666666666
33.388888888888886
17.733333333333334
23.822222222222223
21.73333333333333
36.48888888888889
38.48888888888889
14.488888888888889
43.611111111111114
24.48888888888889
34.455555555555556
62.455555555555556
25.433333333333334
29.655555555555555
35.21111111111111
33.733333333333334
47.37777777777777
19.788888888888888
28.98888888888889
32.84444444444444
18.62222222222222
27.333333333333332
2.7666666666666666
8.044444444444444
33.65555555555556
34.98888888888889
37.12222222222222
34.32222222222222
34.71111111111111
28.23333333333333
31.955555555555556
20.455555555555556
31.155555555555555
22.27777777777778
14.88888888888889
30.5
34.1
15.777777777777779
16.72222222222222
24.944444444444443
16.266666666666666
24.055555555555557
16.544444444444444
39.166666666666664
25.433333333333334
39.65555555555556
57.788888888888884
16.055555555555557
39.333333333333336
30.9
35.611111111111114
0.7111111111111111
31.38888888888889
31.377777777777776
33.6
5.111111111111111
2.8444444444444446
89.11111111111111
31.12222222222222
72.9
32.84444444444444
49.12222222222223
4.044444444444444
18.266666666666666
50.544444444444444
32.94444444444444
33.15555555555556
21.877777777777776
50.93333333333334
30.544444444444444
72.04444444444444
19.344444444444445
35.6
31.73333333333333
49.955555555555556
38.266666666666666
78.93333333333334
37.788888888888884
10.233333333333333
8.677777777777777
1.6555555555555554
8.266666666666666
20.455555555555556
1.7333333333333334
26.9
20.72222222222222
6.322222222222222
14.844444444444443
14.455555555555556
5.655555555555556
28.27777777777778
26.455555555555556
4.011111111111111
34.01111111111111
2.3222222222222224
3.9555555555555557
0.9
15.822222222222223
20.98888888888889
36.4
2.3222222222222224
1.9555555555555555
8.844444444444445
4.266666666666667
30.32222222222222
50.666666666666664
6.766666666666667
4.677777777777778
2.4555555555555557
7.155555555555556
3.1555555555555554
11.655555555555555
3.566666666666667
7.288888888888889
6.933333333333334
3.5666666666666664
5.288888888888889
47.21111111111111
8.177777777777777
6.844444444444444
52.94444444444444
2.7666666666666666
22.622222222222224
5.555555555555555
3.2888888888888888
18.32222222222222
1.8777777777777778
3.566666666666667
14.1
1.7333333333333334
4.233333333333333
2.011111111111111
4.277777777777778
14.177777777777777
3.2111111111111112
2.7111111111111112
0.9888888888888888
1.0666666666666667
2.4
0.8444444444444444
2.488888888888889
2.3222222222222224
1.3444444444444443
1.8222222222222222
2.711111111111111
1.1555555555555554
2.6777777777777776
0.7222222222222222
3.3777777777777778
2.322222222222222
30.322222222222223
46.48888888888889
1.6
30.177777777777777
33.955555555555556
9.955555555555556
37.65555555555556
34.93333333333334
9.877777777777778
15.155555555555555
21.833333333333332
27.61111111111111
32.455555555555556
40.544444444444444
67.43333333333334
21.6
51.34444444444444
34.84444444444444
23.6
20.177777777777777
25.788888888888888
62.71111111111111
64.88888888888889
3.5555555555555554
27.34444444444444
30.933333333333334
33.06666666666666
39.87777777777778
39.6
18.322222222222223
60.4
18.988888888888887
39.51111111111111
23.38888888888889
22.01111111111111
60.4
41.611111111111114
24.933333333333334
35.15555555555556
19.61111111111111
10.622222222222222
32.32222222222222
44.98888888888889
19.655555555555555
17.555555555555557
35.733333333333334
42.9
11.777777777777779
16.055555555555557
36.455555555555556
14.322222222222223
40.48888888888889
17.655555555555555
29.38888888888889
28.055555555555557
11.28888888888889
57.15555555555555
38.233333333333334
32.67777777777778
16.4
23.333333333333332
22.233333333333334
20.544444444444444
27.377777777777776
38.62222222222222
6.844444444444444
78.26666666666667
7.344444444444444
30.9
51.77777777777778
30.044444444444444
25.12222222222222
17.12222222222222
64.72222222222223
39.166666666666664
35.65555555555556
53.34444444444444
12.055555555555555
8.455555555555556
11.344444444444445
62.233333333333334
7.155555555555556
32.62222222222222
64.93333333333334
23.37777777777778
44.455555555555556
31.333333333333332
21.877777777777776
33.111111111111114
39.111111111111114
27.12222222222222
23.11111111111111
56.62222222222222
95.15555555555555
46.22222222222222
43.599999999999994
78.0
42.766666666666666
17.066666666666666
62.98888888888889
20.9
29.21111111111111
29.51111111111111
22.84444444444444
22.32222222222222
5.555555555555555
7.511111111111111
1.9555555555555557
3.511111111111111
31.955555555555556
12.677777777777777
10.944444444444445
42.544444444444444
2.1777777777777776
7.288888888888889
22.98888888888889
5.655555555555556
1.288888888888889
13.511111111111111
13.122222222222222
3.111111111111111
2.8444444444444446
6.444444444444445
3.7888888888888888
5.733333333333333
17.155555555555555
11.833333333333334
3.111111111111111
6.222222222222222
2.2333333333333334
6.266666666666667
8.177777777777777
4.0
3.6
0.8444444444444444
2.488888888888889
8.677777777777777
2.0444444444444447
1.6555555555555554
5.788888888888889
1.8222222222222222
5.066666666666666
2.0555555555555554
2.4444444444444446
23.955555555555556
6.933333333333334
6.844444444444444
1.7777777777777777
2.0444444444444443
0.4888888888888889
4.933333333333334
4.933333333333334
28.0
4.677777777777778
3.4333333333333336
4.933333333333334
4.044444444444444
59.34444444444444
9.822222222222223
5.155555555555556
76.94444444444444
5.566666666666666
1.5555555555555556
5.211111111111111
5.344444444444444
15.78888888888889
14.011111111111111
1.9555555555555555
4.766666666666667
5.655555555555556
6.622222222222223
0.9
8.9
5.733333333333333
3.7888888888888888
3.3444444444444446
5.377777777777778
5.288888888888889
4.677777777777778
9.433333333333334
2.988888888888889
27.877777777777776
29.77777777777778
6.5
10.677777777777777
50.544444444444444
56.44444444444444
7.433333333333334
3.2111111111111112
3.3444444444444446
2.5444444444444443
1.3777777777777778
4.011111111111111
12.666666666666666
24.48888888888889
0.9
53.788888888888884
3.3444444444444446
0.3222222222222222
2.8444444444444446
2.5444444444444443
4.9
27.344444444444445
68.0111111111111
11.211111111111112
0.9
2.177777777777778
3.6555555555555554
16.48888888888889
13.333333333333334
1.211111111111111
2.5444444444444443
2.9333333333333336
1.288888888888889
0.7111111111111111
6.177777777777778
1.6111111111111112
2.9
11.433333333333334
21.166666666666668
63.955555555555556
36.62222222222222
13.38888888888889
3.3333333333333335
44.44444444444444
25.655555555555555
2.2777777777777777
18.0
43.15555555555555
1.8333333333333333
56.544444444444444
28.01111111111111
55.6
68.17777777777778
9.344444444444445
49.388888888888886
14.177777777777777
38.01111111111111
6.622222222222223
40.71111111111111
51.15555555555555
25.566666666666666
41.166666666666664
62.94444444444444
37.15555555555556
2.4
42.48888888888889
46.62222222222222
69.33333333333333
7.822222222222222
17.733333333333334
20.944444444444443
33.12222222222222
33.288888888888884
46.62222222222222
25.433333333333334
6.233333333333333
1.3777777777777778
0.4888888888888889
5.211111111111111
3.6
8.9
43.51111111111111
0.6666666666666666
22.944444444444443
1.7777777777777777
2.888888888888889
16.88888888888889
27.833333333333332
6.455555555555556
1.5666666666666667
33.788888888888884
66.76666666666667
3.3777777777777778
21.733333333333334
43.21111111111111
14.233333333333333
1.6
1.0666666666666667
17.066666666666666
2.9
50.044444444444444
89.12222222222222
44.544444444444444
20.1
0.9333333333333333
11.333333333333334
58.84444444444444
34.84444444444444
28.4
0.9444444444444444
31.11111111111111
46.1
2.7666666666666666
62.67777777777778
3.566666666666667
2.4555555555555557
1.1222222222222222
2.7111111111111112
74.89999999999999
3.6555555555555554
67.61111111111111
3.1666666666666665
3.2111111111111112
0.6777777777777778
10.1
2.6666666666666665
43.12222222222222
7.566666666666666
10.488888888888889
4.677777777777778
8.455555555555556
10.233333333333333
8.322222222222223
3.8333333333333335
9.78888888888889
5.066666666666666
24.9
11.61111111111111
47.87777777777778
2.8444444444444446
6.177777777777778
2.322222222222222
1.3888888888888888
0.7666666666666666
1.9555555555555557
5.344444444444444
17.6
14.666666666666666
13.155555555555557
10.766666666666667
5.822222222222222
6.766666666666667
1.3888888888888888
3.7333333333333334
4.988888888888889
2.6222222222222222
6.444444444444445
3.6
3.2111111111111112
2.2333333333333334
3.4333333333333336
5.955555555555556
5.344444444444444
4.544444444444444
2.4555555555555557
5.377777777777778
2.988888888888889
3.7333333333333334
3.288888888888889
17.733333333333334
1.3888888888888888
2.1
1.8777777777777778
1.8333333333333333
4.544444444444444
3.7333333333333334
4.1000000000000005
2.2333333333333334
2.7222222222222223
3.6555555555555554
6.177777777777778
2.2333333333333334
2.0444444444444443
4.711111111111111
6.9
11.211111111111112
2.9
6.055555555555555
21.566666666666666
4.888888888888889
2.9
6.988888888888889
6.988888888888889
3.8777777777777778
9.78888888888889
5.122222222222223
7.155555555555556
1.1555555555555554
1.0666666666666667
2.9333333333333336
5.555555555555555
2.5444444444444443
5.733333333333333
9.344444444444445
1.6111111111111112
15.11111111111111
3.6
4.622222222222223
2.933333333333333
2.177777777777778
3.1555555555555554
1.1666666666666667
4.888888888888889
5.6000000000000005
1.5555555555555556
10.5
2.0555555555555554
91.06666666666666
12.988888888888889
12.9
6.1
7.155555555555556
8.222222222222221
10.766666666666667
9.555555555555555
9.78888888888889
10.455555555555556
16.1
24.48888888888889
35.788888888888884
5.377777777777778
1.5555555555555556
2.9
10.711111111111112
3.511111111111111
2.8444444444444446
4.044444444444444
30.32222222222222
6.766666666666667
3.1555555555555554
10.044444444444444
3.111111111111111
6.1000000000000005
3.433333333333333
7.122222222222223
9.822222222222223
5.777777777777778
7.333333333333333
12.933333333333334
2.0444444444444443
7.655555555555556
14.055555555555555
2.8444444444444446
3.7333333333333334
42.666666666666664
0.5444444444444444
7.822222222222222
7.555555555555555
1.6
18.933333333333334
44.01111111111111
22.22222222222222
7.955555555555555
2.4555555555555557
5.822222222222222
14.711111111111112
2.0444444444444443
36.1
25.61111111111111
113.37777777777778
76.54444444444444
19.122222222222224
20.677777777777777
6.488888888888889
17.733333333333334
74.76666666666667
19.155555555555555
3.3444444444444446
2.9444444444444446
7.155555555555556
8.011111111111111
8.988888888888889
10.544444444444444
5.655555555555556
5.333333333333333
11.066666666666666
6.666666666666667
8.322222222222223
2.0444444444444443
3.7333333333333334
2.6222222222222222
3.2888888888888888
20.01111111111111
1.6555555555555554
8.722222222222221
9.122222222222222
5.822222222222222
17.155555555555555
33.37777777777778
2.4
23.066666666666666
10.0
8.1
5.511111111111111
8.0
4.0
15.655555555555555
9.344444444444445
12.277777777777779
2.2333333333333334
3.1222222222222222
4.722222222222222
2.2333333333333334
13.211111111111112
2.1
9.78888888888889
3.2888888888888888
3.5999999999999996
2.7222222222222223
4.677777777777778
2.011111111111111
3.1666666666666665
4.622222222222223
3.2888888888888888
2.8444444444444446
4.711111111111111
4.266666666666667
4.766666666666667
4.888888888888889
2.1777777777777776
3.8777777777777778
4.488888888888889
1.3333333333333333
4.1000000000000005
3.1222222222222222
1.3444444444444443
2.9
64.22222222222223
50.044444444444444
58.233333333333334
21.51111111111111
37.15555555555556
37.21111111111111
37.51111111111111
21.822222222222223
24.766666666666666
29.377777777777776
43.611111111111114
12.044444444444444
28.444444444444443
51.51111111111111
15.155555555555555
37.15555555555556
14.177777777777777
11.066666666666666
9.566666666666666
33.733333333333334
55.06666666666666
15.288888888888888
34.93333333333333
25.211111111111112
18.266666666666666
48.62222222222222
33.288888888888884
62.888888888888886
56.94444444444444
38.5
51.6
30.233333333333334
54.455555555555556
24.677777777777777
2.9
4.0
9.288888888888888
67.61111111111111
59.37777777777778
44.5
17.733333333333334
0.9
38.32222222222222
19.21111111111111
0.9888888888888888
1.4333333333333333
3.2111111111111112
1.288888888888889
28.677777777777777
0.9
0.8444444444444444
40.94444444444444
5.166666666666667
50.544444444444444
2.6222222222222222
64.22222222222223
2.4444444444444446
9.288888888888888
5.155555555555556
0.9888888888888888
70.17777777777778
63.288888888888884
26.099999999999998
59.82222222222222
87.34444444444443
2.9
124.45555555555555
0.7111111111111111
57.288888888888884
0.4444444444444444
1.1555555555555554
1.9555555555555555
5.377777777777777
42.84444444444444
4.044444444444444
0.8444444444444444
3.3444444444444446
1.1222222222222222
1.788888888888889
3.1666666666666665
1.8777777777777778
2.8444444444444446
3.3444444444444446
1.788888888888889
3.3333333333333335
1.8222222222222222
5.877777777777778
1.8777777777777778
1.8222222222222222
2.011111111111111
4.266666666666667
35.37777777777778
2.4555555555555557
5.822222222222222
16.455555555555556
1.1666666666666667
52.27777777777778
79.34444444444445
45.733333333333334
80.04444444444444
87.56666666666666
32.455555555555556
3.655555555555556
4.677777777777778
10.277777777777779
4.4
42.93333333333333
10.711111111111112
16.766666666666666
4.677777777777778
1.3333333333333333
63.288888888888884
64.0
7.211111111111111
0.8444444444444444
13.955555555555556
3.6
39.15555555555555
1.1222222222222222
1.0666666666666667
8.766666666666667
5.388888888888889
95.82222222222222
2.3222222222222224
2.2666666666666666
1.3444444444444446
0.6222222222222222
1.3333333333333333
45.6
17.833333333333332
35.21111111111111
42.1
69.12222222222222
2.988888888888889
6.222222222222222
66.84444444444445
22.1
71.12222222222222
80.93333333333334
35.833333333333336
18.4
10.1
1.288888888888889
31.12222222222222
13.788888888888888
34.266666666666666
19.288888888888888
46.71111111111111
20.933333333333334
2.2333333333333334
19.733333333333334
66.23333333333333
60.233333333333334
77.5111111111111
11.555555555555555
13.377777777777778
5.6
8.011111111111111
7.155555555555556
7.211111111111111
2.2666666666666666
3.066666666666667
3.655555555555556
1.3444444444444446
6.233333333333333
2.011111111111111
24.677777777777777
4.4
3.1222222222222222
3.1555555555555554
5.877777777777777
42.93333333333333
6.266666666666667
50.01111111111111
10.233333333333334
3.3777777777777778
1.8222222222222222
2.6222222222222222
6.222222222222222
4.544444444444444
2.488888888888889
14.988888888888889
9.822222222222223
32.544444444444444
2.7666666666666666
101.55555555555556
2.011111111111111
5.377777777777778
23.61111111111111
10.988888888888889
2.488888888888889
3.2111111111111112
61.06666666666667
2.2777777777777777
1.1555555555555557
71.51111111111112
62.94444444444444
136.76666666666665
4.944444444444445
1.1111111111111112
21.51111111111111
3.511111111111111
2.8444444444444446
1.9555555555555555
2.711111111111111
4.766666666666667
4.5
2.2333333333333334
2.5444444444444447
2.1
2.322222222222222
1.211111111111111
27.344444444444445
1.0666666666666667
7.166666666666667
20.5
3.8222222222222224
14.722222222222221
38.98888888888889
5.433333333333334
6.766666666666667
1.1666666666666667
0.26666666666666666
3.3444444444444446
3.7333333333333334
4.4
0.6777777777777778
22.71111111111111
3.8222222222222224
1.211111111111111
109.56666666666666
1.8777777777777778
1.5666666666666667
27.51111111111111
66.71111111111111
7.166666666666667
2.2333333333333334
0.7111111111111111
1.3444444444444446
3.2888888888888888
1.5666666666666667
51.34444444444444
2.4
1.1666666666666667
38.1
2.6777777777777776
16.266666666666666
53.12222222222223
30.055555555555557
62.888888888888886
104.67777777777778
48.32222222222222
78.45555555555555
50.93333333333334
13.877777777777778
25.555555555555557
51.511111111111106
34.544444444444444
64.54444444444444
65.43333333333334
55.82222222222222
27.61111111111111
37.06666666666666
20.488888888888887
53.87777777777778
41.511111111111106
32.22222222222222
29.211111111111112
39.166666666666664
74.39999999999999
63.15555555555555
33.21111111111111
34.44444444444444
65.15555555555555
61.56666666666666
62.93333333333333
85.78888888888889
4.322222222222222
54.32222222222222
61.06666666666666
1.8777777777777778
15.155555555555555
3.5666666666666664
47.06666666666666
45.34444444444444
60.01111111111111
22.455555555555556
68.05555555555556
38.400000000000006
32.93333333333333
32.4
86.22222222222223
4.944444444444445
2.2333333333333334
4.322222222222222
60.455555555555556
4.622222222222223
18.266666666666666
1.1222222222222222
81.34444444444445
78.39999999999999
9.122222222222222
25.066666666666666
1.3777777777777778
3.1555555555555554
20.177777777777777
4.711111111111111
0.9
62.766666666666666
74.23333333333333
3.066666666666667
4.044444444444444
14.766666666666667
36.71111111111111
35.87777777777778
47.21111111111111
77.15555555555555
88.4888888888889
31.155555555555555
9.38888888888889
76.01111111111112
38.98888888888889
34.455555555555556
6.266666666666667
24.044444444444444
26.322222222222223
22.666666666666668
20.711111111111112
36.4
51.111111111111114
30.322222222222223
19.433333333333334
16.933333333333334
14.266666666666667
15.822222222222223
12.844444444444445
47.15555555555556
26.544444444444444
33.111111111111114
44.044444444444444
34.93333333333334
30.666666666666668
26.177777777777777
23.61111111111111
40.766666666666666
17.155555555555555
43.06666666666666
32.71111111111111
84.0111111111111
74.94444444444444
25.288888888888888
78.89999999999999
22.62222222222222
43.37777777777778
21.655555555555555
10.044444444444444
10.011111111111111
58.044444444444444
26.677777777777777
27.833333333333332
39.388888888888886
30.0
36.71111111111111
2.5444444444444443
5.211111111111111
2.933333333333333
26.233333333333334
0.23333333333333334
5.344444444444444
47.82222222222222
42.94444444444444
35.28888888888889
1.3888888888888888
6.055555555555555
9.155555555555555
30.1
50.766666666666666
48.044444444444444
12.011111111111111
41.82222222222222
5.6
8.1
2.322222222222222
12.266666666666667
16.455555555555556
2.7666666666666666
2.1
1.4333333333333333
2.4
2.011111111111111
2.6777777777777776
25.555555555555557
2.4555555555555557
28.677777777777777
8.677777777777777
1.6555555555555554
8.844444444444445
2.8444444444444446
1.6
1.1555555555555557
2.2666666666666666
6.044444444444444
1.1555555555555557
0.5444444444444444
1.7777777777777777
1.5666666666666667
3.7888888888888888
14.044444444444444
2.7666666666666666
0.6222222222222222
1.9555555555555555
2.0
0.8888888888888888
1.3444444444444443
1.9555555555555555
0.9888888888888888
1.1555555555555557
2.4555555555555557
13.066666666666666
0.6666666666666666
6.455555555555556
0.4888888888888889
0.4444444444444444
3.566666666666667
0.8444444444444444
1.211111111111111
1.1555555555555554
1.6555555555555554
2.4555555555555557
1.6555555555555554
0.4888888888888889
0.4444444444444444
1.3777777777777778
2.177777777777778
2.9444444444444446
0.6666666666666666
0.9
1.8333333333333333
14.71111111111111
5.377777777777778
0.5444444444444444
7.955555555555556
4.011111111111111
3.111111111111111
18.233333333333334
0.8444444444444444
6.4
1.7333333333333334
0.4
0.6222222222222222
0.4
0.9
0.9333333333333333
3.2111111111111112
24.233333333333334
4.888888888888889
2.2777777777777777
0.7111111111111111
1.3444444444444446
4.222222222222222
2.6666666666666665
1.5555555555555556
1.3777777777777778
0.7666666666666666
3.6555555555555554
2.988888888888889
2.1
2.7222222222222223
2.988888888888889
10.766666666666667
0.9888888888888888
13.344444444444445
1.5666666666666667
3.388888888888889
2.988888888888889
0.9
3.2888888888888888
4.988888888888889
0.7111111111111111
1.511111111111111
1.9555555555555555
1.9555555555555555
5.388888888888889
0.7222222222222222
3.7777777777777777
5.733333333333333
2.2333333333333334
0.5
0.9333333333333333
1.9555555555555555
2.1
1.8777777777777778
2.0
2.2666666666666666
2.5
1.1555555555555554
2.2333333333333334
2.177777777777778
2.5
33.56666666666666
29.833333333333332
2.4555555555555557
2.988888888888889
57.06666666666667
2.5
1.1555555555555554
2.2333333333333334
13.066666666666666
0.7666666666666666
2.2777777777777777
37.06666666666666
38.233333333333334
4.622222222222223
22.27777777777778
43.65555555555556
4.988888888888889
1.7333333333333334
1.8333333333333333
3.1222222222222222
30.32222222222222
2.0
1.7777777777777777
22.933333333333334
4.988888888888889
5.788888888888889
46.93333333333333
19.155555555555555
36.27777777777778
4.488888888888889
14.233333333333333
18.1
8.0
7.822222222222222
9.28888888888889
49.06666666666666
43.56666666666666
79.78888888888889
85.15555555555555
11.122222222222222
28.766666666666666
3.3777777777777778
4.711111111111111
4.322222222222222
1.0666666666666667
6.988888888888889
9.38888888888889
4.277777777777778
4.222222222222222
3.2888888888888888
2.0444444444444443
4.933333333333334
7.288888888888889
11.166666666666666
2.7111111111111112
7.377777777777778
6.944444444444445
6.844444444444444
4.933333333333334
2.011111111111111
3.3444444444444446
1.1222222222222222
4.844444444444444
2.4555555555555557
3.8333333333333335
1.5666666666666667
4.711111111111111
1.211111111111111
2.4444444444444446
5.6
3.3444444444444446
13.822222222222223
5.344444444444444
2.2222222222222223
1.3444444444444443
1.8777777777777778
6.988888888888889
3.822222222222222
2.488888888888889
2.7666666666666666
4.5
1.8777777777777778
4.677777777777778
2.8444444444444446
11.955555555555556
17.73333333333333
3.6
1.8777777777777778
3.1555555555555554
4.9
5.111111111111111
1.4333333333333333
2.7111111111111112
2.488888888888889
1.788888888888889
2.2222222222222223
7.788888888888889
4.488888888888889
1.5555555555555556
3.8777777777777778
6.266666666666667
1.3333333333333333
10.4
2.2333333333333334
3.4333333333333336
2.4
1.788888888888889
4.1
3.1555555555555554
1.5999999999999999
4.666666666666667
2.0
2.6222222222222222
6.4
4.322222222222222
2.488888888888889
5.777777777777778
4.277777777777778
4.455555555555556
8.177777777777777
3.566666666666667
11.955555555555556
5.433333333333334
3.6555555555555554
20.1
5.155555555555556
5.511111111111111
7.555555555555555
12.4
11.433333333333334
7.822222222222222
0.9888888888888888
41.288888888888884
71.38888888888889
5.155555555555556
8.222222222222221
4.933333333333334
5.566666666666666
8.766666666666667
1.3444444444444446
5.955555555555556
4.944444444444445
5.433333333333334
8.455555555555556
6.711111111111111
5.344444444444444
8.666666666666666
5.511111111111111
4.766666666666667
3.1555555555555554
10.988888888888889
4.622222222222223
6.9
3.9555555555555557
4.0
4.933333333333334
7.511111111111111
9.38888888888889
4.177777777777778
3.3444444444444446
4.677777777777778
11.433333333333334
10.766666666666667
9.377777777777778
4.4
8.011111111111111
10.766666666666667
9.655555555555555
17.566666666666666
12.222222222222221
9.566666666666666
4.677777777777778
8.455555555555556
5.788888888888889
3.566666666666667
2.988888888888889
11.655555555555557
4.322222222222222
2.2666666666666666
5.377777777777778
4.266666666666667
1.3777777777777778
4.844444444444444
8.222222222222221
1.5666666666666667
7.155555555555556
2.1777777777777776
3.511111111111111
1.788888888888889
3.1555555555555554
1.5555555555555556
7.166666666666667
6.933333333333334
8.455555555555556
3.8333333333333335
12.044444444444444
2.2666666666666666
3.7777777777777777
5.788888888888889
2.2666666666666666
22.9
2.9
1.7777777777777777
2.988888888888889
2.7666666666666666
3.388888888888889
2.5444444444444447
0.7222222222222222
2.7222222222222223
7.955555555555556
3.066666666666667
0.4
2.6222222222222222
0.8888888888888888
2.9
3.7777777777777777
2.2333333333333334
4.455555555555556
6.622222222222223
3.6555555555555554
6.844444444444445
5.166666666666667
4.233333333333333
3.511111111111111
1.9555555555555555
2.7666666666666666
4.233333333333333
1.6
1.8222222222222222
2.3222222222222224
2.2333333333333334
6.488888888888889
3.433333333333333
2.2222222222222223
1.4333333333333333
1.5666666666666667
4.677777777777778
5.388888888888889
2.0555555555555554
1.288888888888889
2.2777777777777777
2.933333333333333
0.7111111111111111
4.322222222222222
0.6222222222222222
1.8222222222222222
2.7222222222222223
3.066666666666667
5.122222222222223
1.6555555555555554
1.5666666666666667
1.3888888888888888
2.8444444444444446
3.066666666666667
4.4
0.6777777777777778
1.788888888888889
3.7888888888888888
4.677777777777778
5.288888888888889
4.544444444444444
2.2333333333333334
1.1666666666666667
2.2333333333333334
7.377777777777778
10.444444444444445
2.2222222222222223
1.9555555555555555
5.733333333333333
4.322222222222222
1.3444444444444446
8.322222222222223
2.3222222222222224
7.344444444444444
1.211111111111111
1.6555555555555554
1.8777777777777778
0.9888888888888888
4.844444444444444
6.1000000000000005
4.177777777777778
65.82222222222222
8.9
1.3777777777777778
7.566666666666666
1.211111111111111
3.8777777777777778
3.788888888888889
4.622222222222223
2.711111111111111
3.3777777777777778
3.1555555555555554
5.155555555555555
3.611111111111111
3.7888888888888888
6.677777777777778
2.5444444444444443
11.066666666666666
18.322222222222223
4.011111111111111
1.211111111111111
0.5444444444444444
3.9555555555555557
1.3777777777777778
7.211111111111111
1.288888888888889
2.2333333333333334
3.7333333333333334
1.8222222222222222
2.488888888888889
2.9
0.8999999999999999
1.3444444444444446
1.6111111111111112
1.3333333333333333
0.4
3.5555555555555554
2.7666666666666666
1.6555555555555554
3.1222222222222222
2.2333333333333334
1.0666666666666667
1.211111111111111
2.933333333333333
2.8444444444444446
6.222222222222222
2.4555555555555557
2.933333333333333
1.5666666666666667
2.9333333333333336
1.3888888888888888
1.1555555555555554
1.4333333333333333
1.3888888888888888
1.1555555555555557
1.511111111111111
1.5666666666666667
92.48888888888888
61.15555555555555
70.05555555555556
2.677777777777778
1.1111111111111112
27.955555555555556
51.15555555555555
22.044444444444444
19.655555555555555
18.322222222222223
10.233333333333334
23.12222222222222
21.155555555555555
20.98888888888889
19.566666666666666
10.988888888888889
14.677777777777777
2.7111111111111112
45.87777777777777
34.455555555555556
10.222222222222221
35.833333333333336
20.1
56.0
73.21111111111111
43.37777777777778
54.93333333333334
19.955555555555556
32.84444444444444
27.733333333333334
58.98888888888889
35.288888888888884
39.111111111111114
33.955555555555556
35.06666666666666
1.1555555555555554
49.87777777777778
48.48888888888889
2.6222222222222222
1.6555555555555554
1.7333333333333334
47.06666666666666
5.788888888888889
3.388888888888889
71.28888888888889
52.67777777777778
44.17777777777778
30.266666666666666
36.32222222222222
38.32222222222222
17.6
13.566666666666666
6.444444444444445
64.1
16.044444444444444
29.377777777777776
12.5
7.211111111111111
42.544444444444444
44.266666666666666
16.1
13.566666666666666
23.822222222222223
22.044444444444444
29.788888888888888
16.98888888888889
27.166666666666668
12.488888888888889
24.233333333333334
33.55555555555556
25.73333333333333
14.944444444444445
12.844444444444445
21.87777777777778
19.155555555555555
10.055555555555555
23.211111111111112
37.955555555555556
32.67777777777778
26.4
5.955555555555556
39.733333333333334
14.666666666666666
31.38888888888889
32.98888888888889
13.733333333333333
25.066666666666666
7.566666666666666
12.488888888888889
15.066666666666666
23.555555555555557
41.6
23.211111111111112
31.555555555555557
16.98888888888889
30.48888888888889
29.61111111111111
13.288888888888888
7.566666666666666
27.877777777777776
37.733333333333334
16.444444444444443
45.955555555555556
22.22222222222222
25.733333333333334
35.111111111111114
12.488888888888889
15.288888888888888
20.544444444444444
7.555555555555555
51.12222222222222
9.511111111111111
32.9
0.7222222222222222
50.32222222222222
2.322222222222222
2.0444444444444443
0.9888888888888888
1.6555555555555554
12.177777777777777
70.22222222222223
0.7111111111111111
2.0444444444444443
21.066666666666666
5.611111111111111
52.011111111111106
65.56666666666666
1.6555555555555554
2.988888888888889
5.788888888888889
1.5555555555555556
1.1555555555555554
71.73333333333333
30.98888888888889
32.044444444444444
7.655555555555556
14.5
20.71111111111111
21.51111111111111
67.78888888888889
24.88888888888889
3.9555555555555557
5.211111111111111
0.9444444444444444
3.611111111111111
30.444444444444443
2.4
9.61111111111111
1.7333333333333334
10.944444444444445
1.8222222222222222
5.388888888888889
5.433333333333334
4.011111111111111
1.3444444444444446
1.211111111111111
2.7666666666666666
2.677777777777778
2.9333333333333336
6.277777777777778
25.877777777777776
5.777777777777778
5.822222222222222
5.288888888888889
7.066666666666666
1.5666666666666667
3.066666666666667
5.066666666666666
1.0666666666666667
112.67777777777778
1.511111111111111
0.48888888888888893
22.666666666666668
2.4444444444444446
3.566666666666667
3.3333333333333335
0.2777777777777778
2.4
1.5666666666666667
2.9
5.066666666666666
7.166666666666667
15.166666666666666
43.15555555555556
43.733333333333334
80.23333333333333
54.455555555555556
93.55555555555556
98.48888888888888
80.5
23.288888888888888
24.766666666666666
54.9
26.88888888888889
14.544444444444444
14.1
39.87777777777778
6.011111111111111
37.333333333333336
47.15555555555556
7.833333333333333
6.933333333333334
54.766666666666666
72.72222222222223
42.71111111111111
40.67777777777778
21.066666666666666
7.066666666666666
2.177777777777778
10.766666666666666
3.3444444444444446
2.7666666666666666
123.73333333333333
71.6
38.71111111111111
5.211111111111111
3.611111111111111
2.988888888888889
2.9333333333333336
4.044444444444444
5.122222222222223
6.622222222222223
2.011111111111111
1.3777777777777778
1.7777777777777777
5.566666666666666
4.177777777777778
3.2111111111111112
5.655555555555556
1.8777777777777778
5.6
4.222222222222222
2.9
10.544444444444444
7.822222222222222
1.5999999999999999
56.17777777777778
15.877777777777778
1.1555555555555557
2.5444444444444443
4.177777777777778
6.544444444444444
4.4
2.9
6.711111111111111
2.0444444444444443
9.066666666666666
4.233333333333333
2.0
8.933333333333334
12.233333333333333
2.5444444444444443
3.822222222222222
4.544444444444444
4.4
6.711111111111111
8.944444444444445
4.055555555555555
9.433333333333334
9.122222222222222
15.211111111111112
11.211111111111112
10.322222222222223
12.011111111111111
3.066666666666667
7.288888888888889
13.655555555555555
7.611111111111111
4.722222222222222
3.3444444444444446
4.544444444444444
1.3333333333333333
5.6
1.3444444444444446
10.666666666666666
8.233333333333334
1.288888888888889
7.388888888888889
6.0
3.6555555555555554
2.488888888888889
2.2666666666666666
0.8444444444444444
2.933333333333333
3.5555555555555554
6.177777777777778
9.377777777777778
8.711111111111112
4.177777777777778
2.988888888888889
6.4
5.733333333333333
8.666666666666666
3.2111111111111112
9.822222222222223
7.211111111111111
6.488888888888889
2.1
9.066666666666666
5.788888888888889
9.11111111111111
13.166666666666666
8.1
1.9555555555555555
3.8222222222222224
14.177777777777777
1.8222222222222222
11.433333333333334
25.61111111111111
28.488888888888887
5.433333333333334
6.677777777777778
4.1
2.9
9.955555555555556
6.677777777777778
4.677777777777778
5.288888888888889
14.5
4.444444444444445
8.055555555555555
11.211111111111112
5.833333333333333
7.377777777777778
3.6555555555555554
8.622222222222222
4.9
3.511111111111111
4.011111111111111
0.6222222222222222
6.0
5.433333333333334
2.3222222222222224
8.488888888888889
4.9
3.611111111111111
2.9444444444444446
1.511111111111111
3.8333333333333335
8.988888888888889
2.8444444444444446
3.7888888888888888
5.155555555555556
13.211111111111112
7.155555555555556
4.544444444444444
12.233333333333333
8.055555555555555
8.4
11.511111111111111
3.388888888888889
6.444444444444445
50.233333333333334
6.5
6.766666666666667
7.066666666666666
6.766666666666667
7.777777777777778
2.6666666666666665
10.666666666666666
1.3444444444444443
7.433333333333334
2.7111111111111112
2.2333333333333334
6.011111111111111
8.899999999999999
3.9555555555555557
9.511111111111111
8.233333333333334
12.177777777777777
10.722222222222221
8.044444444444444
8.622222222222222
5.377777777777778
8.766666666666667
4.888888888888889
6.5
13.155555555555557
5.211111111111111
2.988888888888889
3.7777777777777777
5.822222222222222
2.677777777777778
1.8222222222222222
0.6222222222222222
1.3444444444444446
10.177777777777777
2.8444444444444446
5.066666666666666
6.277777777777778
30.322222222222223
4.444444444444445
4.488888888888889
0.8888888888888888
7.377777777777778
1.6111111111111112
16.266666666666666
10.055555555555555
11.433333333333334
29.82222222222222
8.71111111111111
6.988888888888889
26.544444444444444
13.333333333333334
10.1
3.1666666666666665
16.4
6.044444444444444
6.055555555555555
9.822222222222223
2.011111111111111
1.0666666666666667
21.288888888888888
8.322222222222223
3.611111111111111
6.677777777777778
35.87777777777778
12.988888888888889
10.722222222222221
16.766666666666666
8.055555555555555
3.1222222222222222
14.488888888888889
6.055555555555555
6.044444444444444
4.933333333333334
6.233333333333333
7.111111111111111
9.655555555555557
5.555555555555555
10.5
5.822222222222222
3.433333333333333
2.7666666666666666
3.611111111111111
7.655555555555556
6.177777777777778
3.8333333333333335
4.622222222222223
5.122222222222223
7.511111111111111
3.4333333333333336
8.722222222222221
6.4
7.655555555555556
7.833333333333333
29.377777777777776
9.733333333333333
5.788888888888889
8.5
9.122222222222222
4.677777777777778
5.788888888888889
4.044444444444444
7.777777777777778
11.066666666666666
2.8444444444444446
4.5
3.9555555555555557
6.622222222222223
6.933333333333334
4.711111111111111
2.488888888888889
4.933333333333334
30.1
5.288888888888889
17.122222222222224
5.433333333333334
18.48888888888889
10.0
18.0
37.87777777777778
16.044444444444444
7.066666666666666
14.277777777777779
4.011111111111111
22.266666666666666
11.61111111111111
5.833333333333333
7.166666666666667
8.988888888888889
6.711111111111111
8.666666666666666
10.766666666666667
15.288888888888888
15.433333333333334
5.155555555555556
4.988888888888889
14.233333333333333
4.711111111111111
12.622222222222222
20.711111111111112
2.6666666666666665
20.622222222222224
15.433333333333334
7.377777777777778
9.211111111111112
29.066666666666666
5.833333333333333
7.288888888888889
9.38888888888889
3.388888888888889
23.566666666666666
15.511111111111111
12.011111111111111
8.4
8.9
6.177777777777778
18.5
7.066666666666666
5.122222222222223
4.044444444444444
2.9
1.6
5.511111111111111
13.61111111111111
2.1
10.988888888888889
9.211111111111112
15.155555555555555
10.544444444444444
6.888888888888889
13.61111111111111
13.511111111111111
2.988888888888889
17.788888888888888
2.2666666666666666
4.677777777777778
3.9555555555555557
11.066666666666666
11.61111111111111
17.333333333333332
10.4
11.6
8.722222222222221
12.488888888888889
10.322222222222223
4.0
14.233333333333333
10.766666666666667
9.21111111111111
6.766666666666667
12.9
10.488888888888889
8.677777777777777
18.1
15.788888888888888
10.933333333333334
10.944444444444445
3.6
8.844444444444445
12.0
7.155555555555556
5.733333333333333
5.566666666666666
15.11111111111111
7.822222222222222
2.011111111111111
3.511111111111111
10.988888888888889
27.87777777777778
14.222222222222221
18.22222222222222
16.266666666666666
7.733333333333333
10.233333333333333
13.288888888888888
10.488888888888889
8.0
4.933333333333334
10.844444444444445
3.4333333333333336
13.433333333333334
13.155555555555555
8.1
5.566666666666666
4.222222222222222
10.177777777777777
6.933333333333334
15.155555555555555
34.17777777777778
7.122222222222223
3.7333333333333334
17.51111111111111
2.9
7.833333333333333
22.544444444444444
8.044444444444444
32.44444444444444
7.733333333333333
6.266666666666667
14.544444444444444
8.622222222222222
9.28888888888889
27.12222222222222
18.266666666666666
6.988888888888889
11.61111111111111
11.155555555555555
13.777777777777779
12.266666666666667
5.066666666666666
11.511111111111111
12.266666666666667
3.3777777777777778
4.0
7.877777777777778
6.1000000000000005
1.8333333333333333
17.211111111111112
11.21111111111111
9.555555555555555
12.944444444444445
19.73333333333333
15.6
4.766666666666667
12.988888888888889
7.788888888888889
