15.166666666666666
5.655555555555556
10.177777777777777
5.333333333333333
9.377777777777778
10.488888888888889
8.933333333333334
11.122222222222222
7.833333333333333
7.822222222222222
5.833333333333333
4.011111111111111
12.766666666666667
5.566666666666666
7.833333333333333
10.177777777777777
7.155555555555556
2.988888888888889
9.377777777777778
5.833333333333333
5.788888888888889
7.377777777777778
3.3777777777777778
2.4
11.822222222222223
12.277777777777779
11.377777777777778
9.6
2.9333333333333336
6.222222222222222
11.555555555555555
4.055555555555555
8.055555555555555
8.455555555555556
4.011111111111111
7.344444444444444
4.233333333333333
9.344444444444443
6.233333333333333
2.1
8.233333333333334
13.877777777777778
8.177777777777777
5.566666666666666
6.677777777777778
9.38888888888889
16.177777777777777
6.4
4.888888888888889
6.444444444444445
3.1666666666666665
7.555555555555555
12.711111111111112
15.877777777777778
9.11111111111111
7.288888888888889
3.3777777777777778
10.322222222222223
9.733333333333333
3.7777777777777777
2.677777777777778
5.733333333333333
4.933333333333334
7.777777777777778
7.388888888888889
6.988888888888889
11.066666666666666
2.177777777777778
0.7111111111111111
5.155555555555556
4.988888888888889
7.122222222222222
6.177777777777778
10.944444444444445
3.6555555555555554
4.766666666666667
3.7333333333333334
5.733333333333333
2.9333333333333336
12.944444444444445
4.766666666666667
2.8444444444444446
7.333333333333333
5.511111111111111
10.722222222222221
2.7111111111111112
18.322222222222223
3.511111111111111
1.788888888888889
4.677777777777778
1.1111111111111112
4.844444444444444
11.211111111111112
3.4333333333333336
6.277777777777778
10.933333333333334
8.011111111111111
4.455555555555556
4.4
3.2888888888888888
6.933333333333334
6.044444444444444
7.877777777777778
2.2666666666666666
3.3777777777777778
11.833333333333334
6.677777777777778
2.2222222222222223
4.044444444444444
2.488888888888889
13.122222222222222
7.511111111111111
3.7888888888888888
16.544444444444444
5.333333333333333
9.655555555555555
7.388888888888889
10.266666666666667
4.011111111111111
3.066666666666667
6.933333333333334
4.844444444444444
4.711111111111111
9.066666666666666
7.6
7.833333333333333
11.288888888888888
3.9555555555555557
6.766666666666667
6.544444444444444
4.011111111111111
21.733333333333334
7.655555555555556
22.666666666666668
5.377777777777777
5.333333333333333
12.177777777777777
13.733333333333333
12.011111111111111
9.066666666666666
4.322222222222222
3.8222222222222224
9.21111111111111
5.288888888888889
5.155555555555556
7.655555555555556
17.344444444444445
7.555555555555555
12.622222222222222
9.11111111111111
7.955555555555555
4.011111111111111
12.622222222222222
9.21111111111111
8.222222222222221
16.666666666666668
5.6
14.488888888888889
34.71111111111111
8.988888888888889
10.711111111111112
16.933333333333334
23.955555555555556
64.84444444444445
23.655555555555555
9.066666666666666
50.48888888888889
16.177777777777777
23.955555555555556
2.488888888888889
13.877777777777778
10.455555555555556
9.122222222222222
13.211111111111112
4.766666666666667
19.733333333333334
7.955555555555555
27.77777777777778
20.944444444444443
3.1222222222222222
2.888888888888889
3.6
10.711111111111112
11.655555555555557
13.833333333333334
18.055555555555557
12.233333333333333
5.333333333333333
9.955555555555556
11.555555555555555
5.166666666666667
9.344444444444445
10.766666666666667
2.5444444444444443
7.955555555555555
5.344444444444444
7.777777777777778
10.266666666666667
9.877777777777778
9.21111111111111
12.055555555555555
11.822222222222223
12.944444444444445
8.233333333333334
19.155555555555555
5.388888888888889
28.944444444444443
28.98888888888889
13.566666666666666
5.822222222222222
12.766666666666667
13.066666666666666
15.122222222222222
22.4
8.1
7.822222222222222
5.877777777777778
7.122222222222223
12.622222222222222
15.211111111111112
18.455555555555556
12.711111111111112
18.455555555555556
17.833333333333332
3.111111111111111
13.511111111111111
12.933333333333334
7.288888888888889
8.766666666666667
8.222222222222221
10.044444444444444
10.222222222222221
4.766666666666667
8.844444444444445
4.488888888888889
5.377777777777778
0.7111111111111111
6.933333333333334
24.48888888888889
6.277777777777778
3.5555555555555554
5.344444444444444
15.788888888888888
17.377777777777776
16.23333333333333
18.4
41.34444444444444
10.622222222222222
20.544444444444444
6.622222222222222
9.566666666666666
53.166666666666664
11.655555555555555
21.38888888888889
10.766666666666667
8.044444444444444
32.93333333333333
7.822222222222222
10.488888888888889
4.4
3.7333333333333334
2.0
4.766666666666667
3.7888888888888888
2.322222222222222
10.5
6.1000000000000005
13.288888888888888
2.0444444444444443
9.777777777777779
10.766666666666667
3.7888888888888888
3.433333333333333
3.8222222222222224
4.322222222222222
9.38888888888889
8.9
10.044444444444444
10.044444444444444
5.211111111111111
7.6
6.844444444444445
2.6777777777777776
16.9
7.955555555555555
15.51111111111111
8.9
6.222222222222222
9.733333333333334
8.0
8.622222222222222
21.344444444444445
6.266666666666667
5.955555555555556
4.266666666666667
4.766666666666667
8.722222222222221
4.766666666666667
5.388888888888889
6.3999999999999995
13.344444444444445
11.788888888888888
6.322222222222222
14.766666666666667
26.1
10.88888888888889
10.011111111111111
14.0
2.8444444444444446
3.8333333333333335
13.788888888888888
19.166666666666668
10.011111111111111
14.444444444444445
9.733333333333334
7.166666666666667
11.61111111111111
16.933333333333334
20.933333333333334
15.822222222222223
11.122222222222222
8.844444444444445
8.4
10.711111111111112
6.844444444444444
3.7888888888888888
14.266666666666667
6.711111111111111
15.377777777777778
12.5
5.6
6.011111111111111
1.8777777777777778
24.01111111111111
13.655555555555557
17.288888888888888
8.488888888888889
13.155555555555555
14.9
13.155555555555555
10.677777777777777
18.933333333333334
7.788888888888889
23.066666666666666
12.544444444444444
15.155555555555555
10.899999999999999
22.01111111111111
22.177777777777777
13.733333333333334
9.61111111111111
13.877777777777778
13.433333333333334
10.322222222222223
11.733333333333333
8.944444444444445
12.677777777777777
6.622222222222223
2.6222222222222222
9.955555555555556
8.177777777777777
4.4
17.288888888888888
3.2111111111111112
8.044444444444444
11.877777777777778
11.433333333333334
11.822222222222223
14.622222222222222
3.1555555555555554
18.72222222222222
11.566666666666666
6.666666666666667
10.266666666666667
5.288888888888889
10.011111111111111
2.0444444444444443
6.011111111111111
4.933333333333334
5.733333333333333
7.344444444444444
6.011111111111111
9.344444444444445
12.544444444444444
11.066666666666666
3.4333333333333336
4.044444444444444
5.566666666666666
7.111111111111111
7.377777777777778
3.3444444444444446
4.544444444444444
14.544444444444444
4.222222222222222
7.377777777777778
5.511111111111111
11.38888888888889
16.844444444444445
6.677777777777778
12.622222222222222
1.8777777777777778
19.066666666666666
13.511111111111111
16.044444444444444
10.322222222222223
2.6666666666666665
11.511111111111111
16.0
2.1
14.988888888888889
21.655555555555555
6.766666666666667
11.655555555555555
12.011111111111111
6.677777777777778
9.511111111111111
23.51111111111111
5.6
10.266666666666667
17.6
9.377777777777778
7.566666666666666
12.844444444444445
12.933333333333334
6.4
13.511111111111111
6.444444444444445
4.844444444444444
18.444444444444443
18.044444444444444
14.011111111111111
17.655555555555555
4.488888888888889
6.666666666666667
3.788888888888889
3.3777777777777778
6.766666666666667
29.733333333333334
4.622222222222223
1.8777777777777778
7.511111111111111
0.6777777777777777
26.233333333333334
3.7777777777777777
1.6
12.988888888888889
4.622222222222223
3.7777777777777777
3.5555555555555554
11.511111111111111
10.71111111111111
11.38888888888889
9.822222222222223
4.322222222222222
6.844444444444444
5.788888888888889
2.4555555555555557
8.622222222222222
2.7666666666666666
12.666666666666666
9.333333333333334
9.11111111111111
16.5
14.266666666666667
6.044444444444444
5.955555555555556
13.78888888888889
6.766666666666667
8.1
8.622222222222222
4.711111111111111
5.388888888888889
4.666666666666667
8.055555555555555
4.988888888888889
12.266666666666667
7.377777777777778
6.888888888888889
5.155555555555556
6.844444444444444
2.4444444444444446
2.011111111111111
9.566666666666666
7.155555555555556
7.788888888888889
7.6000000000000005
4.622222222222223
10.322222222222223
7.433333333333334
8.9
9.777777777777779
3.2888888888888888
10.9
3.511111111111111
2.4
7.777777777777778
7.955555555555556
2.677777777777778
3.8333333333333335
2.6222222222222222
4.455555555555556
3.566666666666667
10.988888888888889
5.377777777777778
5.777777777777778
25.555555555555557
9.433333333333334
5.6000000000000005
12.177777777777777
3.7333333333333334
3.3444444444444446
6.4
57.111111111111114
2.1777777777777776
3.2888888888888888
3.3444444444444446
17.377777777777776
2.9333333333333336
6.9
6.0
6.222222222222222
5.288888888888889
1.8222222222222222
2.9444444444444446
2.322222222222222
29.788888888888888
2.4
2.2666666666666666
4.277777777777778
6.622222222222223
5.211111111111111
14.177777777777777
8.266666666666667
15.733333333333333
19.433333333333334
5.122222222222223
2.677777777777778
1.5555555555555556
27.344444444444445
3.7888888888888888
4.9
12.988888888888889
48.01111111111111
3.6
3.7888888888888888
5.333333333333333
8.455555555555556
30.933333333333334
2.2666666666666666
16.266666666666666
15.166666666666666
13.788888888888888
9.344444444444445
6.5
5.155555555555556
4.544444444444444
9.288888888888888
49.733333333333334
12.444444444444445
8.488888888888889
2.7666666666666666
2.6777777777777776
6.844444444444445
13.288888888888888
2.2333333333333334
7.288888888888889
4.266666666666667
5.788888888888889
3.1222222222222222
15.877777777777778
35.733333333333334
2.6666666666666665
2.488888888888889
12.677777777777777
2.177777777777778
7.166666666666667
1.788888888888889
3.7888888888888888
4.844444444444444
2.011111111111111
6.5
2.4444444444444446
4.722222222222222
5.655555555555556
2.011111111111111
2.7111111111111112
5.211111111111111
3.1222222222222222
1.1111111111111112
6.455555555555556
5.155555555555555
4.888888888888889
2.2666666666666666
7.555555555555555
2.9333333333333336
4.4
8.9
2.4
3.2888888888888888
5.166666666666667
6.177777777777778
24.71111111111111
2.9444444444444446
8.71111111111111
3.1222222222222222
4.5
58.266666666666666
3.8777777777777778
1.1555555555555557
2.2666666666666666
2.6222222222222222
3.2888888888888888
1.6111111111111112
3.1222222222222222
1.788888888888889
1.9555555555555557
4.177777777777778
10.4
12.0
2.2222222222222223
9.433333333333334
3.6
4.4
6.011111111111111
1.3777777777777778
9.788888888888888
3.9555555555555557
18.455555555555556
11.211111111111112
3.1555555555555554
4.322222222222222
7.777777777777778
3.566666666666667
2.9
4.9
10.988888888888889
3.8777777777777778
5.788888888888889
4.4
0.8444444444444444
2.6222222222222222
0.7111111111111111
2.1
0.2777777777777778
2.1777777777777776
2.177777777777778
0.6222222222222222
3.566666666666667
1.6555555555555554
2.3222222222222224
3.6
3.066666666666667
4.844444444444444
2.322222222222222
3.433333333333333
4.266666666666667
1.511111111111111
3.3444444444444446
3.288888888888889
1.6555555555555554
1.6555555555555557
6.4
3.611111111111111
4.322222222222222
3.1555555555555554
5.511111111111111
3.066666666666667
3.1555555555555554
12.055555555555555
4.1
2.4
2.1
6.4
2.488888888888889
3.5555555555555554
4.666666666666667
4.766666666666667
2.9
6.666666666666667
3.9555555555555557
3.1222222222222222
1.3888888888888888
11.066666666666666
2.6777777777777776
1.7333333333333334
3.3777777777777778
1.8333333333333333
4.1000000000000005
3.6555555555555554
9.11111111111111
5.333333333333333
1.3333333333333333
5.333333333333333
12.222222222222221
73.28888888888889
12.177777777777777
35.21111111111111
37.955555555555556
6.266666666666667
13.566666666666666
1.511111111111111
0.9333333333333333
4.544444444444444
13.955555555555556
2.8444444444444446
61.95555555555555
4.888888888888889
5.155555555555555
2.6222222222222222
4.766666666666667
3.3333333333333335
5.111111111111111
8.88888888888889
0.8444444444444444
1.6555555555555557
7.433333333333334
2.7111111111111112
10.1
29.066666666666666
12.488888888888889
16.455555555555556
1.6555555555555554
3.7888888888888888
0.9444444444444444
4.488888888888889
1.8777777777777778
3.9555555555555557
2.888888888888889
2.2333333333333334
4.722222222222222
4.222222222222222
12.055555555555555
2.4
10.488888888888889
10.455555555555556
6.222222222222222
3.3777777777777778
4.177777777777778
4.266666666666667
9.655555555555555
11.11111111111111
6.177777777777778
4.322222222222222
4.0
12.711111111111112
6.944444444444445
9.344444444444445
8.455555555555556
13.288888888888888
6.177777777777778
9.288888888888888
3.1666666666666665
4.677777777777778
1.8777777777777778
8.944444444444445
2.011111111111111
3.5555555555555554
2.5444444444444443
5.344444444444444
9.833333333333334
9.122222222222222
6.9
7.788888888888889
6.488888888888889
8.177777777777777
6.622222222222223
1.5555555555555556
19.822222222222223
2.9
2.8444444444444446
5.288888888888889
8.677777777777777
4.844444444444444
9.877777777777778
4.766666666666667
10.766666666666667
3.3444444444444446
8.666666666666666
4.4
8.666666666666666
8.988888888888889
4.4
8.455555555555556
5.955555555555556
2.2666666666666666
5.655555555555556
3.1666666666666665
6.4
4.677777777777778
13.61111111111111
20.933333333333334
7.833333333333333
45.15555555555556
8.1
9.344444444444445
36.9
7.377777777777778
3.1666666666666665
4.277777777777778
8.444444444444445
1.5666666666666667
2.3222222222222224
2.0
11.344444444444445
8.233333333333334
6.233333333333333
10.177777777777777
19.12222222222222
21.77777777777778
1.7333333333333334
6.544444444444444
1.9555555555555555
2.011111111111111
0.8444444444444444
3.111111111111111
2.011111111111111
6.266666666666667
2.0555555555555554
2.4555555555555557
2.6777777777777776
4.677777777777778
2.7666666666666666
1.1666666666666667
1.288888888888889
3.4333333333333336
18.88888888888889
8.011111111111111
12.011111111111111
4.844444444444445
7.377777777777778
5.211111111111111
10.677777777777777
8.488888888888889
8.988888888888889
6.844444444444445
38.766666666666666
6.266666666666667
2.933333333333333
2.7111111111111112
4.455555555555556
3.3333333333333335
2.2222222222222223
96.89999999999999
5.877777777777778
4.844444444444445
3.7777777777777777
10.933333333333334
29.34444444444444
70.1
91.21111111111111
75.12222222222222
10.544444444444444
24.933333333333334
16.0
17.433333333333334
12.011111111111111
4.9
2.322222222222222
9.733333333333333
4.622222222222223
4.622222222222223
6.711111111111111
1.0666666666666667
2.1
2.988888888888889
8.1
12.933333333333334
3.3444444444444446
10.677777777777777
1.788888888888889
11.155555555555555
57.87777777777778
77.56666666666666
50.5
64.27777777777777
31.955555555555556
34.455555555555556
14.1
28.933333333333334
45.37777777777778
10.177777777777777
30.01111111111111
41.21111111111111
72.1
28.62222222222222
20.055555555555557
55.388888888888886
30.27777777777778
78.45555555555555
2.6222222222222222
19.11111111111111
1.6555555555555554
2.2666666666666666
6.944444444444445
1.511111111111111
2.5444444444444443
2.6222222222222222
17.566666666666666
3.7888888888888888
2.988888888888889
58.98888888888889
4.488888888888889
7.733333333333333
1.8333333333333333
6.322222222222223
5.288888888888889
1.8333333333333333
1.1555555555555554
1.3333333333333333
2.7111111111111112
2.6222222222222222
2.6222222222222222
3.8777777777777778
4.622222222222223
5.611111111111111
3.8333333333333335
6.266666666666667
2.2333333333333334
2.3222222222222224
6.322222222222222
5.655555555555556
2.988888888888889
5.822222222222222
1.0666666666666667
4.0
38.666666666666664
2.6222222222222222
3.7333333333333334
21.155555555555555
4.666666666666667
2.7111111111111112
5.211111111111111
1.211111111111111
3.066666666666667
1.5666666666666667
0.8444444444444444
2.2777777777777777
5.433333333333334
1.3888888888888888
3.511111111111111
0.9
1.8777777777777778
1.0666666666666667
7.877777777777778
3.655555555555556
2.0444444444444443
5.822222222222222
3.2111111111111112
1.1555555555555554
1.3333333333333333
4.933333333333334
1.8222222222222222
1.3444444444444443
3.8333333333333335
2.2666666666666666
1.6555555555555554
5.833333333333333
2.6666666666666665
1.3333333333333333
2.888888888888889
1.6111111111111112
0.9888888888888888
4.9
1.288888888888889
5.611111111111111
1.8333333333333333
2.2333333333333334
2.177777777777778
3.6
1.6
4.011111111111111
5.433333333333334
2.677777777777778
4.1000000000000005
4.322222222222222
4.933333333333334
0.8444444444444444
2.988888888888889
0.23333333333333334
7.733333333333333
3.066666666666667
4.944444444444445
1.3444444444444446
2.7666666666666666
3.111111111111111
3.6555555555555554
2.2666666666666666
4.044444444444444
2.3222222222222224
1.8222222222222222
16.266666666666666
6.844444444444444
34.93333333333333
22.544444444444444
38.400000000000006
1.6
2.8444444444444446
3.066666666666667
7.122222222222223
2.888888888888889
4.622222222222223
4.1000000000000005
19.211111111111112
3.8777777777777778
2.2333333333333334
52.44444444444444
3.7888888888888888
15.288888888888888
37.12222222222222
3.1666666666666665
9.155555555555555
4.4
9.066666666666666
2.1777777777777776
4.1000000000000005
8.222222222222221
0.9
3.8777777777777778
4.322222222222222
8.766666666666667
1.9555555555555555
2.8444444444444446
10.0
1.3777777777777778
47.833333333333336
1.1222222222222222
3.7333333333333334
3.1666666666666665
4.222222222222222
2.8444444444444446
7.211111111111111
8.766666666666667
2.011111111111111
6.011111111111111
14.544444444444444
3.8222222222222224
3.566666666666667
1.9555555555555555
17.288888888888888
4.933333333333334
4.011111111111111
1.6555555555555557
4.4
1.8777777777777778
9.6
4.766666666666667
0.45555555555555555
4.055555555555555
1.5666666666666667
5.833333333333333
15.344444444444443
32.84444444444444
16.233333333333334
10.933333333333334
10.622222222222222
8.766666666666667
7.733333333333333
5.155555555555556
11.211111111111112
16.22222222222222
5.122222222222223
9.155555555555555
3.7888888888888888
2.888888888888889
3.9555555555555557
12.711111111111112
2.2222222222222223
3.8777777777777778
9.122222222222222
9.733333333333334
23.822222222222223
7.433333333333334
4.4
9.822222222222223
13.61111111111111
54.044444444444444
21.344444444444445
4.944444444444445
6.011111111111111
3.2111111111111112
4.622222222222223
2.2333333333333334
3.1555555555555554
9.78888888888889
2.5
7.344444444444444
5.066666666666666
2.488888888888889
7.166666666666667
2.9444444444444446
3.6
4.488888888888889
9.78888888888889
3.8777777777777778
6.266666666666667
0.8888888888888888
3.4333333333333336
8.322222222222223
6.488888888888889
3.2888888888888888
4.1
2.011111111111111
5.377777777777778
1.4333333333333333
4.055555555555555
5.511111111111111
3.3777777777777778
10.4
12.1
16.88888888888889
8.488888888888889
6.5
6.444444444444445
3.1666666666666665
4.677777777777778
1.288888888888889
4.444444444444445
7.433333333333334
9.788888888888888
3.655555555555556
6.622222222222223
16.266666666666666
35.833333333333336
23.433333333333334
59.611111111111114
5.566666666666666
6.0
3.3333333333333335
6.233333333333333
0.7111111111111111
4.622222222222223
29.155555555555555
4.766666666666667
1.511111111111111
3.9555555555555557
36.62222222222223
1.9555555555555555
4.488888888888889
3.8777777777777778
2.933333333333333
4.4
4.766666666666667
8.933333333333334
6.1
1.1222222222222222
3.111111111111111
7.211111111111111
1.7333333333333334
3.066666666666667
0.6666666666666666
2.988888888888889
2.7666666666666666
2.1
5.377777777777777
5.433333333333334
37.56666666666666
23.822222222222223
9.155555555555555
6.4
12.899999999999999
5.733333333333333
3.6
2.5444444444444443
5.822222222222222
4.711111111111111
2.8444444444444446
45.06666666666666
5.155555555555556
4.944444444444445
2.5444444444444447
13.6
6.766666666666667
4.9
0.5
3.5999999999999996
4.322222222222222
2.488888888888889
3.6
2.4
1.1111111111111112
15.555555555555555
29.788888888888888
5.833333333333333
3.2888888888888888
15.377777777777778
17.288888888888888
11.733333333333333
2.011111111111111
8.88888888888889
13.344444444444445
21.955555555555556
8.488888888888889
1.7777777777777777
1.9555555555555557
1.6
1.6555555555555557
0.4888888888888889
2.4555555555555557
0.6777777777777777
64.01111111111112
23.122222222222224
3.611111111111111
12.677777777777777
0.7666666666666666
4.0
9.38888888888889
2.7222222222222223
6.444444444444445
5.433333333333334
1.3444444444444446
3.6555555555555554
15.511111111111111
3.5555555555555554
10.933333333333334
3.3777777777777778
4.0
1.6555555555555554
1.5555555555555556
3.1222222222222222
3.388888888888889
3.7777777777777777
2.1
6.988888888888889
3.511111111111111
3.9555555555555557
5.344444444444444
4.1000000000000005
1.788888888888889
3.066666666666667
1.6
4.055555555555555
1.6111111111111112
0.7666666666666666
1.211111111111111
0.7666666666666666
1.0666666666666667
1.288888888888889
1.5666666666666667
0.6666666666666666
3.066666666666667
2.4
1.3444444444444446
3.5999999999999996
4.0
4.044444444444444
2.2333333333333334
2.7222222222222223
1.788888888888889
1.6555555555555554
5.655555555555556
0.6666666666666666
3.2888888888888888
5.344444444444444
3.6
2.677777777777778
5.288888888888889
2.488888888888889
2.7222222222222223
3.3333333333333335
1.1222222222222222
2.4
2.1
0.6666666666666666
1.211111111111111
40.32222222222222
13.155555555555555
9.61111111111111
3.3444444444444446
51.65555555555555
5.122222222222223
5.6
3.3777777777777778
5.377777777777778
26.711111111111112
51.06666666666666
25.955555555555556
9.877777777777778
2.9
3.7777777777777777
2.5444444444444443
2.6222222222222222
1.5666666666666667
16.266666666666666
47.37777777777778
64.71111111111111
3.066666666666667
3.388888888888889
6.544444444444444
2.6666666666666665
0.6777777777777777
0.4888888888888889
0.4
4.011111111111111
2.0
0.8444444444444444
10.844444444444443
12.011111111111111
1.5666666666666667
4.266666666666667
1.8333333333333333
34.666666666666664
1.7333333333333334
5.955555555555556
2.7222222222222223
2.7666666666666666
33.833333333333336
2.011111111111111
0.7111111111111111
1.3777777777777778
2.8444444444444446
1.3333333333333333
3.7333333333333334
1.1666666666666667
1.1111111111111112
1.3333333333333333
2.2333333333333334
2.4
2.0444444444444443
1.511111111111111
5.122222222222223
5.155555555555555
4.455555555555556
3.7777777777777777
7.111111111111111
1.6
2.988888888888889
2.8444444444444446
0.45555555555555555
5.211111111111111
1.7333333333333334
6.222222222222222
6.711111111111111
4.011111111111111
3.9555555555555557
2.4555555555555557
3.9555555555555557
13.344444444444445
1.9555555555555557
2.0
6.1000000000000005
2.5
2.7222222222222223
2.4
2.677777777777778
0.4888888888888889
4.988888888888889
117.12222222222222
42.455555555555556
46.22222222222222
87.56666666666666
3.4333333333333336
2.4
4.933333333333334
8.177777777777777
10.622222222222222
1.511111111111111
5.288888888888889
1.8777777777777778
1.6
4.488888888888889
1.211111111111111
3.1222222222222222
9.433333333333334
12.544444444444444
5.155555555555556
2.2777777777777777
2.9
2.6222222222222222
3.066666666666667
10.055555555555555
8.711111111111112
4.277777777777778
4.9
1.288888888888889
2.488888888888889
67.78888888888889
44.233333333333334
0.8444444444444444
2.2333333333333334
9.655555555555555
1.9555555555555555
6.666666666666667
3.4333333333333336
4.933333333333334
3.3333333333333335
2.2222222222222223
6.011111111111111
5.122222222222223
90.39999999999999
31.82222222222222
9.555555555555555
9.655555555555555
19.877777777777776
4.0
4.011111111111111
1.211111111111111
10.933333333333334
3.3444444444444446
8.011111111111111
7.566666666666666
5.822222222222222
6.9
1.3777777777777778
4.044444444444444
2.933333333333333
33.788888888888884
5.066666666666666
5.6
1.0666666666666667
2.4
8.1
41.788888888888884
34.98888888888889
16.055555555555557
4.277777777777778
5.155555555555555
4.266666666666667
3.3777777777777778
5.733333333333333
2.7666666666666666
11.122222222222222
3.3444444444444446
1.1666666666666667
3.8222222222222224
6.9
0.9
7.111111111111111
3.7888888888888888
2.011111111111111
1.5666666666666667
3.3777777777777778
6.266666666666667
1.3333333333333333
5.122222222222223
4.1000000000000005
0.9888888888888888
1.8777777777777778
3.5555555555555554
10.622222222222222
5.833333333333333
1.0666666666666667
8.933333333333334
0.9
3.388888888888889
3.2111111111111112
1.6555555555555554
1.0666666666666667
9.155555555555555
1.0666666666666667
0.9888888888888888
16.844444444444445
4.322222222222222
2.677777777777778
4.4
0.9444444444444444
0.7666666666666666
0.9333333333333333
4.488888888888889
3.566666666666667
8.233333333333333
5.211111111111111
5.377777777777777
2.2333333333333334
9.433333333333334
5.344444444444444
0.5
1.1555555555555554
4.9
6.766666666666667
2.4
4.1
4.011111111111111
3.066666666666667
5.733333333333333
2.5
3.511111111111111
0.9
20.5
5.288888888888889
1.5666666666666667
5.111111111111111
7.155555555555556
12.844444444444445
4.888888888888889
0.4
3.8777777777777778
2.7222222222222223
1.7333333333333334
1.9555555555555557
3.566666666666667
7.655555555555556
6.1000000000000005
8.044444444444444
2.711111111111111
3.511111111111111
2.488888888888889
1.5666666666666667
5.6
3.7777777777777777
3.3777777777777778
1.9555555555555555
4.544444444444444
2.1
6.322222222222222
4.988888888888889
0.3222222222222222
0.8444444444444444
4.0
2.7666666666666666
20.98888888888889
2.9
3.6
4.544444444444444
11.733333333333333
4.844444444444444
4.888888888888889
7.566666666666666
35.51111111111111
3.1222222222222222
2.9
3.4333333333333336
3.1222222222222222
8.444444444444445
4.444444444444445
2.0444444444444443
5.066666666666666
3.7333333333333334
2.7222222222222223
2.988888888888889
1.3777777777777778
1.3888888888888888
2.7222222222222223
6.988888888888889
18.01111111111111
4.488888888888889
1.9555555555555557
1.3888888888888888
3.1555555555555554
1.8777777777777778
2.0555555555555554
3.7888888888888888
3.3333333333333335
3.2111111111111112
1.1555555555555554
4.888888888888889
1.511111111111111
3.4333333333333336
4.5
1.6555555555555554
6.4
2.5444444444444443
6.044444444444444
2.6666666666666665
1.511111111111111
3.611111111111111
4.0
4.666666666666667
3.3444444444444446
1.6111111111111112
2.2666666666666666
3.8777777777777778
4.933333333333334
2.8444444444444446
3.066666666666667
2.488888888888889
1.7333333333333334
2.7111111111111112
25.155555555555555
0.9333333333333333
3.111111111111111
1.788888888888889
1.511111111111111
6.233333333333333
2.4
16.4
12.677777777777777
110.66666666666667
2.011111111111111
4.677777777777778
5.377777777777778
3.9555555555555557
4.677777777777778
79.95555555555555
2.7666666666666666
39.12222222222222
45.87777777777778
4.9
92.17777777777778
36.84444444444444
71.6
36.01111111111111
66.27777777777777
118.71111111111111
46.93333333333333
14.622222222222222
8.277777777777779
4.277777777777778
5.122222222222223
3.066666666666667
2.011111111111111
3.5555555555555554
3.3333333333333335
6.1
6.177777777777777
5.288888888888889
1.8333333333333333
2.177777777777778
3.433333333333333
1.6
10.455555555555556
56.044444444444444
15.877777777777778
1.1555555555555554
4.544444444444444
2.011111111111111
0.8888888888888888
3.3444444444444446
2.988888888888889
2.0555555555555554
18.9
7.388888888888889
2.177777777777778
1.288888888888889
3.8222222222222224
0.9
2.322222222222222
3.1666666666666665
1.211111111111111
4.1
1.288888888888889
0.9888888888888888
73.15555555555555
1.1555555555555554
3.066666666666667
0.8888888888888888
2.8444444444444446
1.1666666666666667
0.9444444444444444
7.155555555555556
1.511111111111111
2.0444444444444443
1.511111111111111
1.0666666666666667
3.655555555555556
2.488888888888889
2.488888888888889
2.3222222222222224
4.488888888888889
2.9
4.4
0.6222222222222222
1.5999999999999999
7.822222222222223
2.0
5.333333333333333
2.177777777777778
1.8222222222222222
2.4555555555555557
2.2333333333333334
5.377777777777777
4.277777777777778
2.988888888888889
2.011111111111111
1.288888888888889
3.3777777777777778
3.7333333333333334
2.4
1.1222222222222222
2.7222222222222223
1.4333333333333333
0.6777777777777778
6.266666666666667
2.7222222222222223
0.9
2.488888888888889
0.9333333333333333
3.433333333333333
1.8777777777777778
7.6000000000000005
0.9
1.7333333333333334
2.677777777777778
2.6222222222222222
0.7222222222222222
1.511111111111111
1.288888888888889
6.3999999999999995
3.066666666666667
0.4444444444444444
3.3333333333333335
3.2111111111111112
3.2111111111111112
7.288888888888889
2.4
4.177777777777778
1.8222222222222222
2.933333333333333
0.9
2.7222222222222223
1.3888888888888888
3.433333333333333
2.2333333333333334
1.3444444444444443
3.3777777777777778
1.288888888888889
1.5555555555555556
3.566666666666667
3.111111111111111
1.4333333333333333
2.9444444444444446
1.8222222222222222
2.4555555555555557
3.1555555555555554
2.5444444444444443
1.6555555555555554
8.4
7.333333333333333
3.1555555555555554
1.1666666666666667
3.1555555555555554
5.155555555555556
1.788888888888889
31.733333333333334
4.177777777777778
2.0
1.511111111111111
2.8444444444444446
6.711111111111111
1.6555555555555554
3.1666666666666665
3.6555555555555554
23.122222222222224
5.822222222222222
1.511111111111111
2.2333333333333334
1.788888888888889
4.011111111111111
10.277777777777779
8.766666666666667
2.322222222222222
7.788888888888889
4.4
3.4333333333333336
4.488888888888889
6.044444444444444
5.555555555555555
3.3777777777777778
2.0444444444444447
4.622222222222223
11.344444444444445
3.2111111111111112
4.1000000000000005
8.177777777777777
3.9555555555555557
1.511111111111111
1.1555555555555557
2.6777777777777776
4.055555555555555
2.3222222222222224
0.6222222222222222
0.9
4.844444444444444
1.788888888888889
1.8222222222222222
2.7666666666666666
4.622222222222223
23.433333333333334
2.1
1.7777777777777777
1.788888888888889
5.111111111111111
3.1666666666666665
4.177777777777778
3.566666666666667
5.555555555555555
7.566666666666666
3.066666666666667
4.266666666666667
1.3444444444444446
2.933333333333333
2.5
8.222222222222221
52.044444444444444
5.822222222222222
29.61111111111111
35.6
1.5999999999999999
1.211111111111111
13.777777777777779
1.788888888888889
1.4333333333333333
2.177777777777778
4.266666666666667
1.6555555555555557
4.766666666666667
1.0666666666666667
50.17777777777778
84.23333333333333
2.6777777777777776
5.788888888888889
3.822222222222222
4.988888888888889
0.9888888888888888
5.433333333333334
5.6
2.488888888888889
1.3777777777777778
4.544444444444444
1.511111111111111
0.5444444444444444
4.444444444444445
1.288888888888889
2.888888888888889
3.8333333333333335
1.4333333333333333
2.8444444444444446
2.1777777777777776
0.9
3.8777777777777778
6.011111111111111
1.5555555555555556
7.377777777777778
0.7666666666666666
1.1111111111111112
2.1777777777777776
17.6
18.48888888888889
2.011111111111111
6.055555555555555
3.3777777777777778
0.7666666666666666
5.877777777777778
1.9555555555555555
3.511111111111111
5.066666666666666
16.444444444444443
5.288888888888889
20.933333333333334
12.488888888888889
2.5444444444444443
4.988888888888889
2.6222222222222222
0.9444444444444444
6.944444444444445
3.511111111111111
9.566666666666666
4.1
2.0444444444444443
7.611111111111111
6.233333333333333
6.622222222222222
6.844444444444444
1.3888888888888888
2.011111111111111
2.488888888888889
0.5444444444444444
3.1555555555555554
0.4
2.488888888888889
4.988888888888889
3.7777777777777777
1.788888888888889
0.8444444444444444
2.011111111111111
3.111111111111111
2.1777777777777776
3.8777777777777778
0.7111111111111111
3.111111111111111
2.0555555555555554
1.3888888888888888
7.777777777777778
2.0444444444444443
2.5444444444444443
2.888888888888889
3.066666666666667
7.066666666666666
1.511111111111111
8.1
5.344444444444444
3.3777777777777778
5.344444444444444
2.1777777777777776
3.4333333333333336
4.544444444444444
4.844444444444444
2.0444444444444443
10.322222222222223
2.2222222222222223
2.488888888888889
4.488888888888889
4.711111111111111
1.7333333333333334
4.011111111111111
2.1777777777777776
7.955555555555556
7.566666666666666
2.6666666666666665
6.233333333333333
3.566666666666667
4.177777777777778
5.833333333333333
8.266666666666667
0.4888888888888889
19.433333333333334
29.155555555555555
20.266666666666666
1.788888888888889
6.011111111111111
5.211111111111111
32.544444444444444
3.8777777777777778
2.2666666666666666
34.32222222222222
45.06666666666666
43.37777777777778
7.6
8.0
12.011111111111111
4.1000000000000005
30.766666666666666
8.988888888888889
7.155555555555556
1.1555555555555554
107.65555555555555
46.266666666666666
7.344444444444444
14.88888888888889
16.177777777777777
6.766666666666667
4.944444444444445
10.055555555555555
5.211111111111111
2.7666666666666666
5.066666666666666
2.4444444444444446
37.955555555555556
3.7777777777777777
3.111111111111111
14.1
2.7666666666666666
3.7888888888888888
1.7333333333333334
1.8777777777777778
2.488888888888889
1.788888888888889
1.8333333333333333
5.566666666666666
2.4
0.9888888888888888
3.3777777777777778
2.4
2.6666666666666665
28.233333333333334
7.955555555555555
2.488888888888889
12.1
3.1555555555555554
32.9
5.611111111111111
2.4555555555555557
2.4
1.1111111111111112
3.9555555555555557
1.1666666666666667
1.6555555555555554
3.2888888888888888
0.6666666666666666
3.7333333333333334
2.5444444444444443
2.0555555555555554
2.677777777777778
2.1
4.233333333333333
3.7333333333333334
0.4444444444444444
21.788888888888888
21.555555555555557
11.122222222222222
2.6666666666666665
2.2666666666666666
3.2888888888888888
5.833333333333333
7.788888888888889
24.933333333333334
38.62222222222222
3.4333333333333336
1.8333333333333333
2.0444444444444443
0.7111111111111111
2.1777777777777776
1.7333333333333334
3.6555555555555554
8.544444444444444
8.011111111111111
6.844444444444444
34.5
3.2888888888888888
4.011111111111111
3.155555555555556
1.7777777777777777
6.222222222222222
1.211111111111111
2.4
4.177777777777778
2.711111111111111
1.788888888888889
10.233333333333334
4.844444444444444
16.4
3.4333333333333336
3.2888888888888888
2.5444444444444447
70.22222222222223
55.833333333333336
11.066666666666666
61.82222222222222
4.544444444444444
2.2333333333333334
3.7888888888888888
2.7666666666666666
3.288888888888889
2.4555555555555557
4.455555555555556
3.2111111111111112
4.055555555555555
2.677777777777778
0.9888888888888888
4.766666666666667
5.344444444444444
20.988888888888887
14.5
1.0666666666666667
8.944444444444445
2.5444444444444443
2.7111111111111112
2.0444444444444443
3.1666666666666665
4.277777777777778
0.6666666666666666
3.566666666666667
2.488888888888889
2.7222222222222223
4.888888888888889
2.2777777777777777
4.766666666666667
7.066666666666666
2.6222222222222222
7.566666666666666
30.9
4.455555555555556
7.211111111111111
5.555555555555555
8.055555555555555
5.788888888888889
4.044444444444444
2.2333333333333334
3.566666666666667
1.9555555555555555
24.944444444444443
4.233333333333333
2.677777777777778
8.233333333333334
5.833333333333333
1.6555555555555554
3.1222222222222222
6.488888888888889
19.38888888888889
2.4444444444444446
2.7111111111111112
1.211111111111111
2.888888888888889
2.2666666666666666
3.3333333333333335
2.9333333333333336
3.2111111111111112
2.488888888888889
4.722222222222222
3.7888888888888888
3.1666666666666665
2.988888888888889
16.48888888888889
12.677777777777777
1.5555555555555556
5.511111111111111
2.7222222222222223
2.9
7.6
4.622222222222223
8.944444444444445
4.844444444444444
3.566666666666667
6.233333333333333
39.56666666666666
28.044444444444444
4.666666666666667
13.655555555555557
10.88888888888889
100.93333333333334
4.1000000000000005
2.2666666666666666
7.733333333333333
5.955555555555556
9.822222222222223
6.5
5.344444444444444
5.211111111111111
10.488888888888889
8.044444444444444
13.066666666666666
0.7666666666666666
5.166666666666667
5.655555555555556
4.766666666666667
3.1666666666666665
18.1
5.288888888888889
1.9555555555555555
6.444444444444445
3.6555555555555554
2.888888888888889
2.4555555555555557
1.5999999999999999
7.344444444444444
3.611111111111111
2.7111111111111112
2.177777777777778
6.044444444444444
3.5555555555555554
3.6
4.488888888888889
3.2888888888888888
2.011111111111111
0.7666666666666666
6.488888888888889
7.566666666666666
3.1666666666666665
4.9
5.822222222222222
3.511111111111111
2.7111111111111112
8.933333333333334
6.177777777777778
5.122222222222223
44.1
1.8777777777777778
17.344444444444445
9.833333333333334
7.344444444444444
6.266666666666667
13.6
3.2888888888888888
4.677777777777778
1.9555555555555557
8.044444444444444
13.655555555555555
20.71111111111111
1.1555555555555554
4.322222222222222
8.488888888888889
2.488888888888889
3.1666666666666665
44.266666666666666
2.9444444444444446
2.9444444444444446
10.677777777777777
7.122222222222222
6.888888888888889
64.76666666666667
54.62222222222222
1.511111111111111
14.4
5.211111111111111
5.822222222222222
4.444444444444445
3.7777777777777777
5.822222222222222
2.4555555555555557
28.01111111111111
80.72222222222223
2.7111111111111112
2.4
3.1222222222222222
4.444444444444445
1.5666666666666667
3.8222222222222224
6.266666666666667
34.0
20.233333333333334
21.155555555555555
6.044444444444444
39.77777777777778
3.7333333333333334
2.4
7.066666666666666
3.511111111111111
4.011111111111111
14.766666666666667
22.322222222222223
18.266666666666666
3.3777777777777778
14.233333333333333
1.211111111111111
8.322222222222223
1.3777777777777778
12.677777777777777
2.2333333333333334
2.6777777777777776
1.6
23.555555555555557
67.06666666666666
101.06666666666666
1.511111111111111
4.277777777777778
19.166666666666668
44.67777777777778
95.15555555555555
106.1
41.733333333333334
7.166666666666667
24.5
18.48888888888889
32.0
10.933333333333334
9.122222222222222
61.166666666666664
23.288888888888888
5.566666666666666
3.388888888888889
2.5444444444444443
107.15555555555555
10.677777777777777
2.4
0.7111111111111111
0.3222222222222222
52.32222222222222
66.9
10.233333333333333
44.5
34.05555555555556
14.455555555555556
61.15555555555555
43.65555555555555
47.611111111111114
110.04444444444444
85.95555555555556
64.72222222222223
9.511111111111111
60.44444444444444
39.82222222222222
38.0
27.166666666666668
1.0666666666666667
6.711111111111111
113.77777777777777
2.2333333333333334
34.666666666666664
5.511111111111111
109.11111111111111
4.177777777777778
44.17777777777778
61.833333333333336
28.444444444444443
11.344444444444443
84.1
91.65555555555555
21.12222222222222
65.95555555555555
5.511111111111111
58.84444444444444
22.4
77.12222222222222
24.044444444444444
28.266666666666666
35.511111111111106
7.655555555555556
3.1555555555555554
45.43333333333334
62.27777777777778
57.788888888888884
112.23333333333333
12.011111111111111
24.23333333333333
107.95555555555556
65.87777777777778
28.455555555555556
47.15555555555555
74.23333333333333
57.388888888888886
57.111111111111114
82.4888888888889
103.06666666666666
7.655555555555556
23.12222222222222
50.98888888888889
52.011111111111106
11.21111111111111
43.12222222222222
20.233333333333334
44.32222222222222
15.122222222222222
14.544444444444444
6.766666666666667
2.6222222222222222
13.511111111111111
94.0
75.34444444444445
32.48888888888889
56.9
66.89999999999999
111.83333333333333
65.21111111111111
40.62222222222222
25.955555555555556
70.39999999999999
39.788888888888884
31.73333333333333
34.455555555555556
4.1
3.6
47.82222222222222
5.344444444444444
61.388888888888886
95.15555555555555
14.177777777777777
34.32222222222222
60.32222222222222
20.71111111111111
3.6
4.722222222222222
54.266666666666666
56.48888888888889
25.288888888888888
1.5555555555555556
4.722222222222222
13.122222222222222
75.77777777777777
10.766666666666667
43.37777777777778
65.56666666666666
8.266666666666667
6.044444444444444
7.6000000000000005
11.333333333333334
0.8444444444444444
37.955555555555556
16.01111111111111
60.011111111111106
4.455555555555556
7.433333333333334
43.6
80.04444444444444
9.28888888888889
14.4
10.766666666666667
3.3444444444444446
39.56666666666666
2.3222222222222224
1.788888888888889
5.655555555555556
3.2888888888888888
19.877777777777776
13.511111111111111
6.044444444444444
4.988888888888889
5.822222222222222
3.8777777777777778
10.011111111111111
5.555555555555555
9.288888888888888
5.566666666666666
2.4
24.88888888888889
14.899999999999999
11.166666666666666
7.833333333333333
5.611111111111111
6.4
1.8222222222222222
58.62222222222223
34.766666666666666
4.544444444444444
5.611111111111111
115.16666666666667
2.9444444444444446
5.211111111111111
2.2333333333333334
57.28888888888889
62.71111111111111
21.155555555555555
35.56666666666666
7.166666666666667
53.788888888888884
36.01111111111111
2.988888888888889
12.1
5.344444444444444
31.61111111111111
0.45555555555555555
25.066666666666666
70.45555555555556
1.511111111111111
68.26666666666667
29.955555555555556
46.62222222222223
3.511111111111111
3.111111111111111
33.77777777777778
3.9555555555555557
3.566666666666667
2.011111111111111
12.322222222222223
2.6777777777777776
3.6
3.3444444444444446
22.099999999999998
0.9888888888888888
77.6
17.877777777777776
72.04444444444444
14.9
77.87777777777778
113.21111111111111
60.48888888888889
27.166666666666668
44.71111111111111
1.7333333333333334
56.94444444444444
109.34444444444443
5.788888888888889
64.67777777777778
77.6
16.322222222222223
46.233333333333334
16.72222222222222
38.044444444444444
40.233333333333334
35.833333333333336
28.177777777777777
15.288888888888888
63.37777777777778
70.54444444444444
23.955555555555556
28.666666666666668
45.511111111111106
111.06666666666668
13.6
8.766666666666667
9.78888888888889
22.233333333333334
6.455555555555555
25.11111111111111
9.6
13.377777777777778
26.322222222222223
89.61111111111111
42.98888888888889
11.211111111111112
3.2888888888888888
55.166666666666664
3.066666666666667
17.833333333333332
4.722222222222222
54.011111111111106
43.43333333333333
56.67777777777778
53.733333333333334
88.05555555555556
31.433333333333334
17.6
52.544444444444444
14.044444444444444
7.122222222222223
14.222222222222221
59.12222222222222
69.61111111111111
67.11111111111111
94.98888888888888
39.788888888888884
70.84444444444445
56.62222222222222
31.38888888888889
19.122222222222224
15.433333333333334
21.788888888888888
38.544444444444444
45.333333333333336
42.17777777777778
4.055555555555555
29.377777777777776
28.844444444444445
54.544444444444444
53.166666666666664
63.21111111111111
2.7222222222222223
17.155555555555555
44.011111111111106
37.77777777777778
62.766666666666666
76.26666666666667
15.433333333333334
52.98888888888889
42.266666666666666
67.37777777777778
38.84444444444444
18.233333333333334
11.733333333333333
17.344444444444445
36.94444444444444
22.455555555555556
23.6
31.655555555555555
66.84444444444445
74.26666666666667
16.72222222222222
24.055555555555557
4.9
54.93333333333333
45.82222222222222
56.766666666666666
67.28888888888889
53.34444444444444
34.266666666666666
20.9
21.955555555555556
17.733333333333334
38.1
18.98888888888889
51.21111111111111
27.566666666666666
19.166666666666668
6.4
2.011111111111111
67.87777777777778
1.7333333333333334
1.6
44.17777777777778
22.455555555555556
2.8444444444444446
3.4333333333333336
3.611111111111111
43.15555555555555
0.1
2.9444444444444446
70.26666666666667
144.45555555555555
1.6
7.6
23.377777777777776
3.3777777777777778
4.4
0.4888888888888889
4.488888888888889
5.066666666666666
0.6222222222222222
24.455555555555556
35.78888888888889
2.011111111111111
5.555555555555555
33.733333333333334
32.01111111111111
1.3777777777777778
22.72222222222222
46.67777777777778
36.01111111111111
121.21111111111111
75.77777777777777
30.1
49.06666666666666
19.955555555555556
16.98888888888889
22.4
3.9555555555555557
36.455555555555556
28.766666666666666
20.544444444444444
35.611111111111114
15.788888888888888
45.34444444444445
31.955555555555556
57.82222222222222
38.44444444444444
54.71111111111111
42.94444444444444
38.266666666666666
3.566666666666667
23.82222222222222
1.7333333333333334
14.722222222222221
48.22222222222222
39.21111111111111
31.833333333333332
40.84444444444444
50.98888888888889
4.844444444444444
8.177777777777777
5.388888888888889
35.34444444444444
37.51111111111111
10.011111111111111
33.06666666666666
36.9
9.433333333333334
81.61111111111111
50.98888888888889
5.377777777777778
76.71111111111111
67.5111111111111
4.322222222222222
34.84444444444445
100.93333333333334
18.88888888888889
56.94444444444444
26.044444444444444
16.933333333333334
64.1
40.67777777777778
37.288888888888884
41.82222222222222
64.32222222222222
94.62222222222222
59.34444444444444
61.65555555555555
2.9444444444444446
30.044444444444444
64.94444444444444
25.288888888888888
39.12222222222222
22.322222222222223
73.78888888888889
38.266666666666666
19.955555555555556
23.344444444444445
64.05555555555556
35.43333333333333
27.37777777777778
48.9
15.511111111111111
2.488888888888889
31.599999999999998
5.566666666666666
4.622222222222223
66.62222222222222
14.233333333333333
28.177777777777777
67.82222222222222
4.044444444444444
38.93333333333333
2.2333333333333334
1.6
13.822222222222223
4.233333333333333
7.155555555555556
3.066666666666667
28.677777777777777
19.155555555555555
63.955555555555556
20.48888888888889
19.433333333333334
31.288888888888888
6.933333333333334
26.322222222222223
7.955555555555556
37.51111111111111
0.17777777777777778
26.22222222222222
2.6222222222222222
17.433333333333334
21.955555555555556
45.87777777777778
68.44444444444444
7.655555555555556
3.066666666666667
4.766666666666667
5.166666666666667
11.877777777777778
8.71111111111111
12.944444444444445
2.7222222222222223
3.388888888888889
5.288888888888889
8.222222222222221
11.377777777777778
3.1666666666666665
4.044444444444444
4.488888888888889
37.82222222222222
42.48888888888889
36.01111111111111
50.93333333333333
5.822222222222222
35.77777777777778
60.544444444444444
1.211111111111111
43.955555555555556
31.433333333333334
48.011111111111106
4.177777777777778
46.27777777777778
71.78888888888889
20.544444444444444
6.044444444444444
56.1
35.611111111111114
17.82222222222222
35.28888888888889
32.84444444444444
34.17777777777778
29.655555555555555
56.266666666666666
2.1
40.01111111111111
2.2777777777777777
19.6
55.388888888888886
88.62222222222222
61.51111111111111
11.955555555555556
2.7666666666666666
1.9555555555555555
1.5666666666666667
2.4
56.544444444444444
1.3333333333333333
2.322222222222222
2.5444444444444447
3.611111111111111
1.0666666666666667
33.82222222222222
1.1222222222222222
5.066666666666666
1.8333333333333333
22.844444444444445
14.0
31.955555555555556
3.1555555555555554
2.0555555555555554
4.044444444444444
5.122222222222223
47.21111111111111
3.8333333333333335
1.6555555555555554
1.5999999999999999
9.655555555555555
103.21111111111111
23.288888888888888
1.9555555555555555
1.9555555555555555
0.48888888888888893
1.6555555555555557
3.9555555555555557
1.1222222222222222
34.455555555555556
81.28888888888889
41.87777777777778
7.511111111111111
3.3333333333333335
14.844444444444445
72.27777777777777
50.72222222222222
69.28888888888889
45.06666666666667
3.4333333333333336
0.9333333333333333
45.21111111111111
29.288888888888888
86.17777777777778
40.766666666666666
68.54444444444444
0.8444444444444444
17.122222222222224
56.4
4.4
40.455555555555556
13.066666666666666
85.12222222222222
3.611111111111111
33.56666666666666
42.32222222222222
85.73333333333333
60.01111111111111
13.211111111111112
20.233333333333334
84.84444444444445
38.93333333333334
5.211111111111111
36.98888888888889
7.377777777777778
9.511111111111111
2.7666666666666666
45.15555555555555
87.15555555555555
43.77777777777778
2.988888888888889
36.01111111111111
0.8888888888888888
3.511111111111111
14.399999999999999
6.5
4.266666666666667
5.377777777777778
10.988888888888889
4.177777777777778
7.733333333333333
69.73333333333333
5.344444444444444
1.1222222222222222
2.2333333333333334
1.8222222222222222
8.277777777777779
12.222222222222221
11.344444444444445
9.566666666666666
13.877777777777778
17.788888888888888
14.177777777777777
11.11111111111111
45.21111111111111
11.11111111111111
10.4
10.71111111111111
5.377777777777778
14.488888888888889
8.455555555555556
7.6000000000000005
6.666666666666667
6.9
10.277777777777779
20.766666666666666
13.122222222222222
16.48888888888889
6.711111111111111
8.933333333333334
3.433333333333333
14.766666666666667
7.6000000000000005
10.844444444444445
17.12222222222222
34.766666666666666
7.833333333333333
4.277777777777778
87.38888888888889
50.044444444444444
0.9333333333333333
68.9888888888889
22.01111111111111
8.677777777777777
14.488888888888889
7.211111111111111
8.677777777777777
15.122222222222222
10.1
6.677777777777778
9.155555555555555
12.455555555555556
14.1
3.066666666666667
5.788888888888889
2.6777777777777776
14.1
11.166666666666666
28.4
16.666666666666668
26.1
15.288888888888888
23.433333333333334
11.555555555555555
7.166666666666667
2.7111111111111112
5.955555555555556
2.0
15.155555555555555
11.166666666666666
10.322222222222223
20.1
5.288888888888889
15.733333333333333
9.733333333333334
12.177777777777777
8.1
32.888888888888886
4.933333333333334
13.155555555555555
8.677777777777777
45.733333333333334
8.177777777777777
4.1000000000000005
12.722222222222221
6.0
21.288888888888888
10.277777777777779
16.622222222222224
14.988888888888889
15.344444444444443
9.377777777777778
10.055555555555555
10.044444444444444
6.9
16.9
12.944444444444445
9.066666666666666
22.666666666666668
11.788888888888888
11.122222222222222
7.111111111111111
4.233333333333333
2.4555555555555557
1.6555555555555554
2.5444444444444447
0.7111111111111111
4.5
4.711111111111111
19.655555555555555
6.044444444444444
7.211111111111111
3.1222222222222222
7.155555555555556
26.322222222222223
16.177777777777777
6.544444444444444
12.988888888888889
9.377777777777778
21.38888888888889
9.433333333333334
9.433333333333334
4.722222222222222
5.511111111111111
91.6
14.4
2.7666666666666666
5.211111111111111
6.844444444444444
1.7333333333333334
76.45555555555556
5.111111111111111
62.044444444444444
29.433333333333334
5.344444444444444
48.044444444444444
18.622222222222224
37.611111111111114
9.566666666666666
16.444444444444443
12.277777777777779
91.15555555555555
25.877777777777776
45.65555555555555
125.38888888888889
8.011111111111111
7.111111111111111
70.9
99.06666666666666
33.51111111111111
60.044444444444444
64.67777777777778
23.955555555555556
51.65555555555555
12.177777777777777
15.122222222222222
84.32222222222222
51.15555555555555
52.766666666666666
118.32222222222222
21.655555555555555
47.82222222222222
67.34444444444443
32.266666666666666
29.566666666666666
65.6
24.988888888888887
40.544444444444444
39.87777777777778
16.455555555555556
63.34444444444444
21.877777777777776
27.377777777777776
12.011111111111111
36.044444444444444
20.455555555555556
27.066666666666666
51.82222222222222
39.6
7.566666666666666
48.5
12.044444444444444
11.78888888888889
34.22222222222222
36.544444444444444
45.611111111111114
60.67777777777778
14.277777777777779
44.71111111111111
68.67777777777778
54.72222222222222
48.766666666666666
22.766666666666666
16.1
47.65555555555555
26.044444444444444
38.766666666666666
12.177777777777777
26.48888888888889
35.733333333333334
20.933333333333334
3.1222222222222222
9.433333333333334
49.333333333333336
6.622222222222223
1.8333333333333333
1.1222222222222222
2.4
2.1
2.2222222222222223
3.8777777777777778
14.4
3.511111111111111
7.377777777777778
3.788888888888889
10.4
7.877777777777778
3.3777777777777778
5.066666666666666
3.4333333333333336
2.1
12.0
7.655555555555556
60.544444444444444
34.5
53.333333333333336
28.455555555555556
58.71111111111111
18.88888888888889
28.988888888888887
17.377777777777776
83.15555555555555
7.066666666666666
1.8222222222222222
1.288888888888889
95.6
1.6
0.7666666666666666
1.288888888888889
2.8444444444444446
1.5555555555555556
0.6222222222222222
2.9444444444444446
41.34444444444444
9.11111111111111
28.099999999999998
1.511111111111111
1.4333333333333333
3.433333333333333
11.655555555555555
6.666666666666667
25.122222222222224
17.433333333333334
56.4
69.33333333333333
29.344444444444445
66.0
38.98888888888889
84.66666666666667
26.88888888888889
49.43333333333334
50.62222222222222
104.4
35.833333333333336
50.44444444444444
53.87777777777778
41.87777777777778
32.84444444444444
45.166666666666664
12.1
34.044444444444444
80.17777777777778
35.82222222222222
19.12222222222222
53.82222222222222
6.933333333333334
28.9
30.455555555555556
39.82222222222222
75.73333333333333
50.48888888888889
67.65555555555555
31.788888888888888
46.22222222222222
54.17777777777778
49.65555555555555
6.266666666666667
28.044444444444444
27.377777777777776
7.566666666666666
46.17777777777778
43.21111111111111
16.933333333333334
52.22222222222222
39.87777777777778
15.433333333333334
26.266666666666666
16.666666666666668
10.766666666666667
24.0
15.11111111111111
13.877777777777778
22.677777777777777
21.955555555555556
30.711111111111112
9.78888888888889
6.455555555555556
21.37777777777778
13.288888888888888
45.12222222222222
16.055555555555557
36.93333333333333
23.6
28.4
19.51111111111111
15.733333333333333
12.988888888888889
12.933333333333334
9.877777777777778
32.48888888888889
27.77777777777778
24.266666666666666
16.544444444444444
21.555555555555557
18.666666666666668
17.377777777777776
15.511111111111111
24.444444444444443
43.65555555555555
55.6
21.333333333333332
39.611111111111114
20.1
24.766666666666666
40.62222222222222
33.955555555555556
22.766666666666666
65.12222222222222
32.62222222222222
53.34444444444444
3.066666666666667
29.73333333333333
46.5
36.98888888888889
28.233333333333334
37.288888888888884
70.32222222222222
61.611111111111114
34.98888888888889
22.266666666666666
53.288888888888884
14.844444444444445
118.93333333333332
51.12222222222222
43.65555555555556
51.733333333333334
40.1
31.822222222222223
40.233333333333334
74.1
55.65555555555556
5.566666666666666
29.955555555555556
39.51111111111111
56.98888888888889
23.344444444444445
51.511111111111106
38.0
63.87777777777778
6.711111111111111
51.34444444444444
24.711111111111112
41.06666666666666
53.388888888888886
54.17777777777778
7.155555555555556
3.6
64.0111111111111
27.566666666666666
23.211111111111112
26.266666666666666
57.166666666666664
54.32222222222222
31.433333333333334
26.88888888888889
46.666666666666664
34.17777777777778
32.1
35.51111111111111
29.655555555555555
20.88888888888889
34.71111111111111
43.06666666666666
20.27777777777778
60.48888888888889
37.733333333333334
18.044444444444444
12.933333333333334
31.73333333333333
21.433333333333334
11.377777777777778
10.266666666666667
41.51111111111111
15.777777777777779
19.6
11.288888888888888
25.788888888888888
36.93333333333334
16.1
27.6
17.288888888888888
13.955555555555556
11.822222222222223
36.044444444444444
23.87777777777778
12.944444444444445
37.111111111111114
13.155555555555555
8.88888888888889
20.177777777777777
23.066666666666666
12.933333333333334
30.766666666666666
5.344444444444444
13.155555555555555
15.288888888888888
25.066666666666666
9.877777777777778
30.444444444444443
20.666666666666668
13.61111111111111
14.988888888888889
11.511111111111111
10.933333333333334
5.288888888888889
34.544444444444444
28.444444444444443
11.377777777777778
13.377777777777778
15.955555555555556
31.877777777777776
26.233333333333334
8.322222222222223
21.566666666666666
16.044444444444444
31.73333333333333
14.933333333333334
40.455555555555556
10.044444444444444
12.677777777777777
29.288888888888888
24.266666666666666
16.266666666666666
15.6
20.4
19.61111111111111
8.055555555555555
45.34444444444444
8.233333333333333
7.377777777777778
9.877777777777778
14.666666666666666
11.655555555555555
22.27777777777778
16.233333333333334
24.544444444444444
15.955555555555556
25.599999999999998
55.12222222222222
28.62222222222222
15.511111111111111
23.733333333333334
20.27777777777778
39.12222222222222
111.28888888888889
20.1
14.1
4.4
21.51111111111111
10.666666666666666
11.211111111111112
55.37777777777778
11.211111111111112
16.933333333333334
11.566666666666666
22.4
31.788888888888888
5.6000000000000005
20.544444444444444
32.32222222222222
18.933333333333334
17.166666666666668
38.44444444444444
27.344444444444445
28.322222222222223
33.34444444444444
51.65555555555555
18.233333333333334
16.1
20.72222222222222
3.8333333333333335
19.166666666666668
2.9
27.877777777777776
49.12222222222223
23.955555555555556
0.9333333333333333
8.622222222222222
9.433333333333334
43.288888888888884
20.0
16.711111111111112
22.055555555555557
28.488888888888887
8.766666666666667
4.5
16.455555555555556
4.1000000000000005
26.322222222222223
15.333333333333334
14.055555555555555
20.4
16.544444444444444
8.88888888888889
38.17777777777778
27.288888888888888
31.377777777777776
6.844444444444444
8.988888888888889
16.48888888888889
50.1
28.62222222222222
15.377777777777778
6.944444444444445
14.9
11.566666666666666
29.344444444444445
20.266666666666666
27.833333333333332
54.98888888888889
12.622222222222222
25.87777777777778
24.48888888888889
31.166666666666668
19.877777777777776
33.166666666666664
35.6
29.555555555555557
26.62222222222222
28.0
14.622222222222222
20.22222222222222
16.233333333333334
16.01111111111111
32.94444444444444
11.566666666666666
34.0
8.322222222222223
10.0
36.72222222222222
19.566666666666666
31.788888888888888
25.877777777777776
26.62222222222222
22.9
18.177777777777777
29.377777777777776
39.333333333333336
38.900000000000006
39.06666666666666
12.933333333333334
10.277777777777779
26.48888888888889
14.444444444444445
19.566666666666666
11.377777777777778
19.344444444444445
37.611111111111114
12.044444444444444
26.944444444444443
43.51111111111111
23.066666666666666
18.266666666666666
12.88888888888889
44.544444444444444
25.344444444444445
15.877777777777778
20.177777777777777
15.511111111111111
11.733333333333333
22.48888888888889
23.877777777777776
22.055555555555557
6.455555555555555
45.955555555555556
23.822222222222223
20.5
19.6
40.9
25.211111111111112
37.6
8.488888888888889
17.6
18.711111111111112
6.1
29.155555555555555
16.98888888888889
28.266666666666666
1.3777777777777778
14.622222222222222
14.988888888888889
36.233333333333334
7.788888888888889
32.266666666666666
2.0444444444444447
6.322222222222223
10.4
19.433333333333334
19.377777777777776
46.17777777777778
15.955555555555556
7.822222222222222
44.71111111111111
26.62222222222222
15.655555555555555
9.433333333333334
15.066666666666666
2.2666666666666666
8.71111111111111
56.05555555555556
2.6222222222222222
2.988888888888889
10.88888888888889
25.166666666666668
7.377777777777778
9.433333333333334
2.7666666666666666
3.111111111111111
6.722222222222222
2.011111111111111
5.877777777777778
16.01111111111111
50.05555555555556
49.111111111111114
3.066666666666667
2.2666666666666666
3.9555555555555557
1.5666666666666667
3.9555555555555557
4.988888888888889
17.555555555555557
1.7333333333333334
3.566666666666667
20.32222222222222
4.055555555555555
1.5666666666666667
9.788888888888888
2.5
0.6222222222222222
17.211111111111112
2.2333333333333334
2.2777777777777777
12.622222222222222
32.9
2.7111111111111112
2.8444444444444446
1.1111111111111112
1.211111111111111
6.4
1.1222222222222222
3.7888888888888888
4.622222222222223
2.4555555555555557
31.288888888888888
30.62222222222222
1.5666666666666667
2.2777777777777777
8.011111111111111
37.77777777777778
12.011111111111111
61.15555555555555
34.67777777777778
41.111111111111114
46.05555555555556
7.566666666666666
2.011111111111111
12.9
28.01111111111111
72.27777777777777
75.77777777777777
26.666666666666668
31.066666666666666
8.266666666666667
9.433333333333334
84.48888888888888
20.666666666666668
32.98888888888889
1.511111111111111
20.22222222222222
51.955555555555556
54.233333333333334
36.544444444444444
40.9
23.155555555555555
8.844444444444445
54.9
11.566666666666666
3.3444444444444446
1.6
9.122222222222222
1.6555555555555554
34.455555555555556
39.87777777777778
5.066666666666666
46.84444444444444
50.233333333333334
4.4
24.62222222222222
65.83333333333333
63.288888888888884
97.06666666666666
24.98888888888889
58.17777777777778
42.62222222222222
2.6222222222222222
36.766666666666666
30.5
11.555555555555555
30.88888888888889
24.544444444444444
24.933333333333334
12.988888888888889
34.455555555555556
42.67777777777778
29.955555555555556
52.17777777777778
31.155555555555555
10.933333333333334
16.711111111111112
11.555555555555555
40.93333333333334
43.77777777777778
34.0
60.455555555555556
22.044444444444444
43.333333333333336
25.822222222222223
2.9333333333333336
32.17777777777778
24.844444444444445
82.0111111111111
10.233333333333333
3.1555555555555554
6.222222222222222
0.4
22.98888888888889
32.044444444444444
50.71111111111111
37.87777777777778
2.011111111111111
42.455555555555556
37.288888888888884
16.62222222222222
1.8777777777777778
56.84444444444445
30.322222222222223
65.06666666666666
25.955555555555556
7.377777777777778
101.06666666666666
23.566666666666666
30.5
3.7333333333333334
2.2333333333333334
3.2111111111111112
1.9555555555555555
5.877777777777778
5.377777777777777
3.1555555555555554
35.6
0.9888888888888888
15.6
12.322222222222223
1.4333333333333333
1.1111111111111112
48.455555555555556
19.066666666666666
16.98888888888889
3.9555555555555557
4.944444444444445
6.8999999999999995
1.7777777777777777
2.011111111111111
1.4333333333333333
14.988888888888889
36.72222222222222
1.8777777777777778
67.55555555555556
5.788888888888889
8.988888888888889
2.0444444444444443
61.82222222222222
10.544444444444444
1.6555555555555554
37.34444444444444
9.155555555555555
3.2111111111111112
16.322222222222223
4.944444444444445
1.1555555555555554
8.055555555555555
23.122222222222224
15.877777777777778
7.833333333333333
7.566666666666666
20.22222222222222
6.177777777777778
4.044444444444444
1.211111111111111
39.6
9.066666666666666
7.788888888888889
17.61111111111111
15.166666666666666
12.055555555555555
19.211111111111112
14.988888888888889
10.055555555555555
6.177777777777778
5.122222222222223
4.444444444444445
10.266666666666667
2.4555555555555557
21.38888888888889
2.2777777777777777
3.066666666666667
6.011111111111111
4.055555555555555
2.988888888888889
4.844444444444444
2.011111111111111
8.622222222222222
12.055555555555555
5.955555555555556
4.544444444444444
6.677777777777778
63.12222222222222
23.833333333333332
31.555555555555557
95.38888888888889
9.166666666666666
2.988888888888889
1.8777777777777778
10.455555555555556
6.5
3.7888888888888888
4.844444444444444
0.5
2.2666666666666666
1.5555555555555556
1.6
6.677777777777778
2.6222222222222222
2.9
7.511111111111111
0.4888888888888889
4.277777777777778
2.2777777777777777
1.288888888888889
2.1
0.5
4.677777777777778
47.87777777777778
17.733333333333334
19.211111111111112
4.044444444444444
7.877777777777778
9.377777777777778
3.1222222222222222
3.3777777777777778
7.733333333333333
3.2888888888888888
9.288888888888888
1.3777777777777778
1.6555555555555554
63.21111111111111
3.1555555555555554
14.222222222222221
19.288888888888888
1.8222222222222224
2.4444444444444446
1.5555555555555556
3.7888888888888888
1.0666666666666667
1.4333333333333333
4.9
0.8444444444444444
0.8888888888888888
70.0
71.28888888888889
30.766666666666666
24.88888888888889
56.62222222222222
19.211111111111112
39.51111111111111
82.5
1.511111111111111
19.733333333333334
31.155555555555555
22.666666666666668
66.1
2.4444444444444446
32.93333333333333
7.877777777777778
57.37777777777778
21.38888888888889
37.733333333333334
16.1
6.944444444444445
6.4
9.555555555555555
45.37777777777778
32.32222222222222
13.733333333333333
8.933333333333334
46.766666666666666
27.788888888888888
49.65555555555556
8.71111111111111
33.15555555555555
52.044444444444444
15.6
10.233333333333333
27.288888888888888
17.788888888888888
21.288888888888888
53.111111111111114
14.4
17.333333333333332
23.288888888888888
10.544444444444444
24.4
19.333333333333332
16.844444444444445
23.333333333333332
78.76666666666667
50.94444444444444
18.1
93.6
45.833333333333336
62.27777777777778
115.78888888888889
19.211111111111112
13.555555555555555
27.288888888888888
29.066666666666666
19.066666666666666
39.06666666666666
56.5
33.955555555555556
34.544444444444444
42.1
29.566666666666666
1.211111111111111
1.7777777777777777
4.844444444444445
2.5
0.7222222222222222
3.1555555555555554
4.9
2.9333333333333336
3.6555555555555554
1.5666666666666667
1.288888888888889
1.5555555555555556
2.711111111111111
2.4
1.7333333333333334
25.788888888888888
48.766666666666666
34.71111111111111
9.433333333333334
49.43333333333333
53.15555555555555
32.62222222222222
13.955555555555556
13.877777777777778
53.166666666666664
26.177777777777777
26.62222222222222
16.666666666666668
37.12222222222222
23.377777777777776
31.51111111111111
12.488888888888889
17.288888888888888
21.211111111111112
19.38888888888889
17.211111111111112
22.844444444444445
22.766666666666666
33.733333333333334
35.788888888888884
34.455555555555556
9.066666666666666
15.211111111111112
4.622222222222223
24.9
89.15555555555555
7.344444444444444
50.455555555555556
35.51111111111111
16.4
4.888888888888889
5.377777777777778
13.433333333333334
23.87777777777778
19.433333333333334
2.2333333333333334
40.93333333333334
60.71111111111111
47.77777777777778
23.61111111111111
11.655555555555555
22.322222222222223
21.11111111111111
21.155555555555555
49.511111111111106
50.93333333333333
28.044444444444444
19.211111111111112
30.5
53.34444444444444
48.05555555555556
77.43333333333334
57.12222222222222
21.288888888888888
56.044444444444444
18.01111111111111
17.733333333333334
9.377777777777778
16.544444444444444
27.877777777777776
36.98888888888889
43.56666666666666
14.011111111111111
12.666666666666666
37.733333333333334
31.77777777777778
36.62222222222222
29.51111111111111
25.6
42.044444444444444
14.044444444444444
24.933333333333334
24.5
21.155555555555555
7.066666666666666
30.544444444444444
14.544444444444444
16.766666666666666
24.22222222222222
25.433333333333334
19.788888888888888
48.72222222222222
33.43333333333334
18.944444444444443
3.7333333333333334
2.0444444444444443
28.01111111111111
5.877777777777778
12.444444444444445
16.455555555555556
2.4
8.944444444444445
3.1555555555555554
4.622222222222223
1.511111111111111
17.211111111111112
37.511111111111106
9.066666666666666
1.1666666666666667
1.8333333333333333
2.6666666666666665
7.066666666666666
5.066666666666666
6.722222222222222
8.4
2.488888888888889
5.155555555555556
1.9555555555555557
6.622222222222222
14.044444444444444
2.2666666666666666
7.566666666666666
7.344444444444444
2.2333333333333334
16.01111111111111
22.1
1.8222222222222222
6.0
2.0444444444444447
3.1666666666666665
18.01111111111111
111.28888888888889
21.822222222222223
18.933333333333334
26.72222222222222
50.4
40.17777777777778
70.84444444444445
40.98888888888889
37.733333333333334
36.455555555555556
5.155555555555556
3.6
8.011111111111111
1.511111111111111
4.044444444444444
10.622222222222222
39.288888888888884
2.1
4.4
22.666666666666668
67.21111111111111
51.82222222222222
3.8777777777777778
0.9
3.2888888888888888
46.044444444444444
13.555555555555555
3.2111111111111112
2.7666666666666666
5.211111111111111
4.322222222222222
2.9
1.511111111111111
4.888888888888889
6.0
14.177777777777777
8.677777777777777
17.566666666666666
9.511111111111111
11.377777777777778
2.6666666666666665
1.3888888888888888
1.1222222222222222
34.766666666666666
12.455555555555556
34.94444444444444
6.455555555555556
78.67777777777778
2.488888888888889
2.1
24.044444444444444
64.71111111111111
78.9888888888889
29.73333333333333
62.71111111111111
46.766666666666666
2.5444444444444443
1.6555555555555557
51.733333333333334
41.34444444444444
11.377777777777778
10.044444444444444
24.177777777777777
1.4333333333333333
3.3777777777777778
41.43333333333333
49.77777777777778
74.32222222222222
4.722222222222222
24.666666666666668
1.511111111111111
3.7888888888888888
6.233333333333333
10.711111111111112
11.511111111111111
9.377777777777778
15.211111111111112
5.822222222222222
4.011111111111111
4.044444444444444
5.377777777777778
2.4444444444444446
3.7888888888888888
4.933333333333334
7.288888888888889
8.488888888888889
11.28888888888889
9.777777777777779
17.433333333333334
5.111111111111111
22.5
2.2666666666666666
3.7888888888888888
51.55555555555556
41.51111111111111
7.433333333333334
13.288888888888888
18.27777777777778
16.48888888888889
11.122222222222222
2.488888888888889
1.8333333333333333
7.377777777777778
5.611111111111111
3.7888888888888888
4.4
4.444444444444445
2.0444444444444443
3.1222222222222222
1.5555555555555556
8.177777777777777
10.844444444444445
9.566666666666666
6.722222222222222
2.4444444444444446
2.5444444444444447
2.6777777777777776
0.8444444444444444
3.8222222222222224
3.7333333333333334
1.5555555555555556
1.5555555555555556
6.011111111111111
2.7111111111111112
4.677777777777778
4.488888888888889
10.9
3.066666666666667
1.788888888888889
8.266666666666667
2.988888888888889
2.1
2.011111111111111
2.4
3.1222222222222222
1.8777777777777778
3.3444444444444446
2.5
3.1222222222222222
3.2888888888888888
3.9555555555555557
1.5999999999999999
60.17777777777778
44.666666666666664
8.222222222222221
4.944444444444445
1.211111111111111
74.32222222222222
66.71111111111111
1.8222222222222222
1.6
1.1222222222222222
1.211111111111111
25.155555555555555
88.98888888888888
59.77777777777778
5.333333333333333
27.211111111111112
4.1
24.266666666666666
16.177777777777777
41.34444444444444
81.37777777777778
15.433333333333334
20.4
13.211111111111112
72.0111111111111
51.82222222222222
64.93333333333334
54.62222222222222
58.544444444444444
48.544444444444444
5.066666666666666
25.38888888888889
20.71111111111111
12.933333333333334
21.822222222222223
49.21111111111111
23.166666666666668
34.455555555555556
1.7777777777777777
4.055555555555555
1.4333333333333333
0.7111111111111111
29.733333333333334
42.44444444444444
1.4333333333333333
35.82222222222222
4.933333333333334
11.122222222222222
56.48888888888889
26.266666666666666
1.1222222222222222
0.6777777777777778
2.4444444444444446
0.9888888888888888
2.2333333333333334
4.844444444444444
1.0666666666666667
1.1666666666666667
1.7777777777777777
52.67777777777778
0.3222222222222222
22.455555555555556
1.211111111111111
28.71111111111111
73.28888888888889
13.655555555555555
32.233333333333334
26.98888888888889
24.055555555555557
5.655555555555556
1.8777777777777778
0.9888888888888888
20.72222222222222
1.288888888888889
1.6111111111111112
1.0666666666666667
3.3444444444444446
4.455555555555556
1.5999999999999999
2.488888888888889
2.4
0.9888888888888888
0.8444444444444444
6.1000000000000005
1.7333333333333334
4.488888888888889
1.6111111111111112
5.066666666666666
0.7666666666666666
4.233333333333333
1.6555555555555554
0.7666666666666666
26.044444444444444
0.7222222222222222
2.9
2.2666666666666666
0.9444444444444444
2.7666666666666666
38.266666666666666
18.98888888888889
8.766666666666667
2.9444444444444446
36.233333333333334
29.655555555555555
27.82222222222222
9.877777777777778
89.12222222222222
47.82222222222222
116.26666666666667
18.177777777777777
123.83333333333333
16.711111111111112
5.111111111111111
16.322222222222223
9.78888888888889
11.511111111111111
13.788888888888888
2.8444444444444446
12.0
82.93333333333334
74.32222222222222
5.655555555555556
1.788888888888889
59.56666666666667
29.12222222222222
0.9888888888888888
28.988888888888887
67.28888888888889
63.599999999999994
46.84444444444444
52.1
12.488888888888889
21.599999999999998
21.955555555555556
39.65555555555555
36.1
10.622222222222222
3.3777777777777778
3.5555555555555554
20.01111111111111
0.9333333333333333
107.83333333333333
2.8444444444444446
2.8444444444444446
27.344444444444445
46.94444444444444
61.288888888888884
63.87777777777778
65.78888888888889
38.48888888888889
6.944444444444445
0.8888888888888888
2.4444444444444446
10.266666666666667
6.711111111111111
27.51111111111111
18.933333333333334
38.48888888888889
24.544444444444444
32.266666666666666
28.1
12.844444444444445
47.166666666666664
25.822222222222223
21.433333333333334
14.9
31.288888888888888
31.066666666666666
54.888888888888886
4.666666666666667
0.7666666666666666
7.377777777777778
3.5555555555555554
4.677777777777778
4.233333333333333
2.4
3.3777777777777778
1.511111111111111
6.177777777777778
3.2111111111111112
0.8444444444444444
7.777777777777778
6.322222222222223
1.5666666666666667
6.266666666666667
42.01111111111111
6.233333333333333
2.9333333333333336
0.8444444444444444
59.06666666666667
7.6
3.7333333333333334
22.62222222222222
6.233333333333333
19.51111111111111
37.166666666666664
60.044444444444444
10.055555555555555
72.44444444444444
74.54444444444444
68.84444444444445
55.55555555555556
22.933333333333334
5.155555555555556
21.733333333333334
15.155555555555555
8.222222222222221
2.2777777777777777
3.8777777777777778
24.455555555555556
7.788888888888889
0.2777777777777778
4.011111111111111
1.0666666666666667
10.988888888888889
1.4333333333333333
4.933333333333334
2.3222222222222224
0.9888888888888888
2.2333333333333334
5.822222222222222
2.1
6.988888888888889
27.566666666666666
4.711111111111111
4.488888888888889
3.511111111111111
7.066666666666666
23.377777777777776
3.2111111111111112
3.3333333333333335
3.511111111111111
7.288888888888889
2.2222222222222223
2.2333333333333334
3.066666666666667
1.1111111111111112
2.7111111111111112
3.6555555555555554
4.4
4.011111111111111
24.544444444444444
61.28888888888889
0.8888888888888888
14.766666666666667
24.93333333333333
3.1222222222222222
2.1
1.3777777777777778
0.2777777777777778
2.1
0.9444444444444444
1.1666666666666667
1.5999999999999999
33.65555555555555
48.93333333333334
70.0
13.155555555555555
17.788888888888888
60.98888888888889
12.766666666666667
38.544444444444444
34.266666666666666
48.766666666666666
50.67777777777778
52.233333333333334
38.544444444444444
8.944444444444445
14.044444444444444
48.455555555555556
12.677777777777777
22.766666666666666
36.05555555555556
42.98888888888889
27.211111111111112
48.17777777777778
66.27777777777777
75.65555555555555
2.4555555555555557
1.5666666666666667
2.6222222222222222
9.066666666666666
31.166666666666668
3.3777777777777778
9.433333333333334
1.9555555555555555
1.1555555555555554
1.6111111111111112
33.733333333333334
2.7666666666666666
0.8444444444444444
59.56666666666667
2.677777777777778
14.4
72.1
4.044444444444444
47.56666666666666
42.9
48.1
10.055555555555555
2.7666666666666666
2.9333333333333336
3.566666666666667
4.4
125.37777777777778
2.7111111111111112
84.04444444444444
44.044444444444444
16.177777777777777
3.566666666666667
30.766666666666666
22.766666666666666
37.21111111111111
12.766666666666667
21.344444444444445
0.4444444444444444
5.155555555555556
12.011111111111111
68.66666666666667
88.62222222222222
56.1
71.21111111111111
23.344444444444445
75.06666666666666
53.288888888888884
22.044444444444444
41.21111111111111
25.73333333333333
55.288888888888884
33.51111111111111
40.32222222222222
88.27777777777777
40.266666666666666
69.78888888888889
69.5111111111111
44.22222222222222
72.62222222222222
55.78888888888889
37.82222222222222
5.511111111111111
55.388888888888886
46.5
11.61111111111111
6.0
30.266666666666666
20.9
15.955555555555556
40.666666666666664
50.48888888888889
62.32222222222222
38.84444444444444
52.71111111111111
7.777777777777778
41.511111111111106
26.044444444444444
1.5666666666666667
35.78888888888889
28.933333333333334
26.044444444444444
1.9555555555555557
0.5444444444444444
2.9333333333333336
1.8222222222222222
2.4555555555555557
15.433333333333334
33.56666666666666
52.17777777777778
17.955555555555556
41.06666666666666
27.6
31.433333333333334
64.84444444444445
5.733333333333333
40.766666666666666
19.655555555555555
37.87777777777778
2.6666666666666665
2.1
8.011111111111111
42.0
10.9
14.933333333333334
24.666666666666668
22.233333333333334
1.0666666666666667
2.0
2.9333333333333336
2.0
4.766666666666667
1.1111111111111112
1.1555555555555554
0.6777777777777777
3.8777777777777778
2.0
4.1000000000000005
0.5
2.6222222222222222
2.177777777777778
1.511111111111111
1.0666666666666667
1.1666666666666667
0.7666666666666666
1.9555555555555555
1.3888888888888888
3.433333333333333
1.1222222222222222
1.3444444444444446
0.8888888888888888
2.5
4.4
3.2888888888888888
1.0666666666666667
6.177777777777778
97.38888888888889
1.5666666666666667
5.066666666666666
2.488888888888889
2.011111111111111
7.566666666666666
1.7333333333333334
3.877777777777778
1.288888888888889
0.9888888888888888
4.677777777777778
2.7666666666666666
1.8222222222222222
3.1555555555555554
3.822222222222222
1.6111111111111112
0.8444444444444444
7.166666666666667
3.8222222222222224
0.3222222222222222
1.288888888888889
4.044444444444444
0.5
2.3222222222222224
4.233333333333333
3.1555555555555554
3.3777777777777778
1.6
2.0555555555555554
0.9
30.177777777777777
21.344444444444445
29.433333333333334
8.544444444444444
1.7333333333333334
69.16666666666667
20.444444444444443
51.15555555555555
0.3222222222222222
2.3222222222222224
1.6555555555555554
81.82222222222222
104.23333333333333
33.111111111111114
1.3444444444444446
2.9
21.377777777777776
4.222222222222222
5.344444444444444
5.611111111111111
1.1111111111111112
2.4444444444444446
8.222222222222221
5.6
4.322222222222222
4.677777777777778
5.433333333333334
3.8333333333333335
5.777777777777778
2.711111111111111
30.71111111111111
3.388888888888889
1.1111111111111112
3.388888888888889
0.6222222222222222
1.1555555555555557
2.6222222222222222
3.3444444444444446
0.7666666666666666
0.9
4.722222222222222
1.3444444444444446
2.177777777777778
1.1666666666666667
1.211111111111111
0.9
2.0444444444444443
4.544444444444444
0.9444444444444444
2.6222222222222222
2.8444444444444446
1.6
2.7666666666666666
1.4333333333333333
6.044444444444444
0.9333333333333333
2.2666666666666666
1.3444444444444446
1.3444444444444443
1.9555555555555555
3.1666666666666665
0.9444444444444444
0.9
3.3444444444444446
63.511111111111106
45.6
7.122222222222222
124.66666666666667
0.9
1.4333333333333333
0.9444444444444444
2.6666666666666665
2.4444444444444446
1.3777777777777778
1.7777777777777777
2.177777777777778
35.55555555555556
1.9555555555555555
6.266666666666667
1.8777777777777778
2.988888888888889
4.722222222222222
1.8333333333333333
1.8222222222222222
0.9888888888888888
1.6555555555555554
2.711111111111111
4.544444444444444
2.011111111111111
2.011111111111111
3.6555555555555554
6.1000000000000005
6.277777777777778
8.266666666666667
7.433333333333334
2.4
2.7111111111111112
0.9333333333333333
2.0555555555555554
7.122222222222223
1.0666666666666667
2.322222222222222
1.511111111111111
1.5666666666666667
23.288888888888888
32.17777777777778
3.511111111111111
1.1555555555555554
2.011111111111111
1.5999999999999999
5.344444444444444
4.933333333333334
3.3333333333333335
3.8777777777777778
0.5
4.011111111111111
6.0
19.87777777777778
1.5555555555555556
2.322222222222222
30.1
26.01111111111111
4.666666666666667
1.4333333333333333
3.6555555555555554
1.7777777777777777
2.1777777777777776
5.555555555555555
4.4
1.511111111111111
19.733333333333334
12.488888888888889
5.611111111111111
1.288888888888889
2.011111111111111
1.4333333333333333
2.1777777777777776
3.2888888888888888
4.677777777777778
3.066666666666667
0.6777777777777778
3.8777777777777778
2.1
0.6666666666666666
3.2888888888888888
2.7111111111111112
2.6777777777777776
2.1
1.1111111111111112
1.3444444444444446
2.988888888888889
0.8888888888888888
49.77777777777778
6.233333333333333
3.566666666666667
7.122222222222223
1.5666666666666667
6.988888888888889
3.3777777777777778
1.4333333333333333
52.84444444444444
6.4
5.566666666666666
24.488888888888887
15.066666666666666
4.322222222222223
3.6
11.122222222222222
1.9555555555555555
16.01111111111111
4.622222222222222
6.044444444444444
2.677777777777778
2.4555555555555557
6.011111111111111
6.677777777777778
4.933333333333334
4.666666666666667
11.433333333333334
4.455555555555556
1.3333333333333333
2.011111111111111
0.9
6.544444444444444
20.98888888888889
4.488888888888889
0.6777777777777777
3.7888888888888888
6.8999999999999995
2.988888888888889
1.5555555555555556
12.177777777777777
3.655555555555556
3.2888888888888888
2.9
1.3777777777777778
2.4555555555555557
10.844444444444445
3.433333333333333
1.3444444444444446
1.1222222222222222
4.622222222222223
5.566666666666666
4.0
7.955555555555555
6.044444444444444
4.0
7.122222222222222
2.7666666666666666
1.5666666666666667
11.566666666666666
2.2666666666666666
2.011111111111111
1.8222222222222222
4.622222222222223
2.6222222222222222
1.5999999999999999
1.8222222222222222
6.4
2.3222222222222224
4.322222222222222
5.822222222222222
6.044444444444444
1.3777777777777778
3.6
1.8222222222222222
0.8888888888888888
3.1222222222222222
4.4
3.066666666666667
1.4333333333333333
6.711111111111111
30.233333333333334
0.7111111111111111
3.1222222222222222
1.6555555555555557
1.5999999999999999
2.488888888888889
8.177777777777777
13.877777777777778
2.7222222222222223
1.7777777777777777
16.933333333333334
3.7888888888888888
10.233333333333333
10.766666666666667
7.111111111111111
10.933333333333334
6.844444444444444
61.111111111111114
12.766666666666667
5.511111111111111
2.988888888888889
4.544444444444444
23.066666666666666
5.344444444444445
31.6
7.377777777777778
10.1
1.511111111111111
2.4555555555555557
14.622222222222222
6.222222222222222
4.177777777777778
5.611111111111111
22.9
1.3444444444444446
32.98888888888889
16.48888888888889
2.4555555555555557
10.622222222222222
12.844444444444445
1.7777777777777777
0.9333333333333333
3.2111111111111112
4.9
7.655555555555556
1.3777777777777778
3.2888888888888888
2.3222222222222224
0.8888888888888888
0.7666666666666666
1.3888888888888888
4.666666666666667
5.288888888888889
14.266666666666666
2.2666666666666666
32.9
20.177777777777777
4.488888888888889
1.1555555555555554
5.122222222222223
5.166666666666667
1.3444444444444446
0.8444444444444444
1.5666666666666667
2.2666666666666666
22.71111111111111
4.011111111111111
3.611111111111111
2.6666666666666665
0.9888888888888888
7.877777777777778
58.233333333333334
7.333333333333333
64.26666666666667
2.9
2.2777777777777777
3.7333333333333334
0.7222222222222222
68.01111111111112
2.6666666666666665
6.0
1.1111111111111112
2.8444444444444446
0.7111111111111111
2.1
6.711111111111111
2.8444444444444446
3.9555555555555557
3.3333333333333335
4.055555555555555
1.3777777777777778
5.377777777777778
2.3222222222222224
2.488888888888889
3.4333333333333336
1.9555555555555555
1.8777777777777778
4.677777777777778
1.788888888888889
40.71111111111111
0.9888888888888888
4.1000000000000005
0.9444444444444444
1.3777777777777778
3.2888888888888888
6.044444444444444
2.2777777777777777
4.444444444444445
6.044444444444444
1.3333333333333333
1.6111111111111112
2.488888888888889
41.6
5.511111111111111
4.011111111111111
1.8333333333333333
65.65555555555555
0.9
1.211111111111111
30.4
22.27777777777778
2.6777777777777776
2.8444444444444446
11.566666666666666
2.8444444444444446
23.77777777777778
1.5666666666666667
68.93333333333334
77.43333333333334
92.39999999999999
66.98888888888888
14.622222222222222
22.055555555555557
30.488888888888887
21.51111111111111
42.62222222222222
19.211111111111112
28.98888888888889
25.51111111111111
41.6
18.044444444444444
18.177777777777777
6.622222222222223
6.3999999999999995
47.733333333333334
10.4
18.62222222222222
61.43333333333333
21.61111111111111
34.4
41.51111111111111
5.833333333333333
54.766666666666666
23.38888888888889
19.211111111111112
41.166666666666664
7.955555555555556
19.655555555555555
42.48888888888889
0.6777777777777778
77.37777777777778
62.044444444444444
56.67777777777778
9.655555555555555
53.733333333333334
29.733333333333334
18.444444444444443
54.22222222222222
14.988888888888889
50.84444444444444
59.166666666666664
21.433333333333334
28.62222222222222
26.1
20.766666666666666
17.77777777777778
19.655555555555555
26.266666666666666
16.9
22.677777777777777
45.77777777777778
39.21111111111111
12.544444444444444
46.233333333333334
18.933333333333334
17.61111111111111
4.9
25.73333333333333
12.677777777777777
12.944444444444445
19.87777777777778
16.22222222222222
24.711111111111112
22.01111111111111
7.166666666666667
19.12222222222222
24.455555555555556
32.72222222222222
16.944444444444443
17.788888888888888
18.944444444444443
10.488888888888889
27.51111111111111
24.1
14.622222222222222
9.211111111111112
30.766666666666666
33.82222222222222
22.944444444444443
27.51111111111111
26.84444444444444
45.388888888888886
44.9
4.988888888888889
12.677777777777777
11.788888888888888
24.322222222222223
40.93333333333333
55.288888888888884
23.733333333333334
16.666666666666668
24.01111111111111
13.38888888888889
51.06666666666666
26.944444444444443
27.955555555555556
36.71111111111111
34.455555555555556
45.43333333333334
24.48888888888889
46.044444444444444
20.266666666666666
9.122222222222222
25.555555555555557
34.22222222222222
7.122222222222223
2.0444444444444443
54.044444444444444
16.48888888888889
56.93333333333333
55.21111111111111
2.177777777777778
33.55555555555556
31.655555555555555
20.488888888888887
1.6555555555555557
4.266666666666667
54.48888888888889
41.12222222222223
103.56666666666668
60.22222222222222
24.4
34.32222222222222
6.222222222222222
8.266666666666666
3.7333333333333334
3.7888888888888888
0.7111111111111111
2.1
5.377777777777778
3.3777777777777778
4.9
3.1555555555555554
1.1222222222222222
2.3222222222222224
6.266666666666667
17.51111111111111
7.733333333333333
2.2777777777777777
0.26666666666666666
4.4
5.211111111111111
0.9333333333333333
1.211111111111111
26.27777777777778
0.2777777777777778
2.0
0.9888888888888888
2.6666666666666665
2.0444444444444447
4.266666666666667
9.377777777777778
0.7111111111111111
4.055555555555555
2.7111111111111112
2.5444444444444447
6.5
0.45555555555555555
2.4555555555555557
51.6
49.12222222222222
23.955555555555556
9.122222222222222
13.511111111111111
33.87777777777778
18.233333333333334
39.87777777777778
74.93333333333334
21.733333333333334
47.788888888888884
18.266666666666666
41.37777777777778
52.044444444444444
37.87777777777778
24.766666666666666
64.4
23.566666666666666
68.4
7.333333333333333
21.12222222222222
14.711111111111112
4.711111111111111
2.5444444444444447
10.766666666666666
4.4
5.122222222222223
6.455555555555556
2.4444444444444446
5.555555555555555
3.7333333333333334
1.3888888888888888
2.0555555555555554
0.7666666666666666
0.23333333333333334
0.1
0.23333333333333334
3.3777777777777778
3.9555555555555557
7.511111111111111
2.9
3.1555555555555554
4.9
1.0666666666666667
4.9
2.7666666666666666
0.5
3.2111111111111112
0.5444444444444444
69.16666666666667
2.2333333333333334
2.488888888888889
3.5555555555555554
7.655555555555556
23.51111111111111
24.27777777777778
9.155555555555555
4.177777777777778
1.9555555555555555
3.3444444444444446
14.1
3.1555555555555554
68.0111111111111
33.51111111111111
9.433333333333334
19.6
11.288888888888888
2.4
14.044444444444444
8.844444444444443
8.233333333333333
13.344444444444445
19.6
8.677777777777777
44.544444444444444
18.322222222222223
7.788888888888889
16.9
23.955555555555556
16.48888888888889
13.822222222222223
24.62222222222222
11.377777777777778
10.488888888888889
6.455555555555556
4.677777777777778
3.566666666666667
12.933333333333334
7.166666666666667
3.2111111111111112
4.622222222222223
8.044444444444444
9.655555555555555
5.611111111111111
3.9555555555555557
6.488888888888889
3.7888888888888888
8.622222222222222
5.344444444444444
0.9
4.222222222222222
5.877777777777778
2.9333333333333336
3.1222222222222222
8.88888888888889
4.844444444444444
2.3222222222222224
2.9
1.288888888888889
6.1000000000000005
5.777777777777778
8.011111111111111
1.1222222222222222
8.622222222222222
6.4
1.7333333333333334
0.8888888888888888
3.9555555555555557
7.288888888888889
5.333333333333333
2.2333333333333334
17.955555555555556
3.9555555555555557
2.7222222222222223
1.788888888888889
6.988888888888889
5.788888888888889
6.888888888888889
4.844444444444444
11.28888888888889
5.733333333333333
5.822222222222222
4.544444444444444
3.2888888888888888
14.488888888888889
7.333333333333333
6.011111111111111
8.844444444444443
4.455555555555556
9.6
15.777777777777779
3.9555555555555557
11.511111111111111
7.733333333333333
11.777777777777779
5.211111111111111
5.377777777777778
3.5555555555555554
7.777777777777778
5.655555555555556
4.677777777777778
5.788888888888889
2.3222222222222224
2.9
8.622222222222222
5.877777777777778
6.722222222222222
2.011111111111111
2.7111111111111112
1.3777777777777778
1.6555555555555554
3.1666666666666665
2.6666666666666665
4.544444444444444
9.288888888888888
3.6555555555555554
2.7666666666666666
4.322222222222222
6.711111111111111
4.011111111111111
5.211111111111111
5.822222222222222
6.711111111111111
8.722222222222221
13.155555555555555
7.822222222222222
8.266666666666667
3.5555555555555554
6.266666666666667
7.877777777777778
3.9555555555555557
5.511111111111111
3.3777777777777778
2.5
2.011111111111111
4.177777777777778
7.733333333333333
2.711111111111111
1.8222222222222222
3.1222222222222222
5.788888888888889
8.011111111111111
13.377777777777778
6.266666666666667
1.288888888888889
2.488888888888889
2.2666666666666666
3.1555555555555554
6.233333333333333
2.4555555555555557
2.8444444444444446
2.7222222222222223
5.877777777777778
5.611111111111111
5.344444444444444
8.233333333333334
3.8333333333333335
5.333333333333333
7.6
4.055555555555555
16.177777777777777
18.9
7.555555555555555
3.511111111111111
4.488888888888889
7.6
5.388888888888889
3.9555555555555557
7.377777777777778
10.677777777777777
6.488888888888889
1.9555555555555557
3.566666666666667
6.4
9.166666666666666
33.6
11.877777777777778
3.3444444444444446
6.5
5.6
6.722222222222222
3.388888888888889
5.066666666666666
3.388888888888889
7.555555555555555
4.766666666666667
4.677777777777778
10.933333333333334
12.044444444444444
7.777777777777778
3.388888888888889
9.377777777777778
4.322222222222222
8.88888888888889
3.2111111111111112
14.988888888888889
7.6000000000000005
6.666666666666667
13.377777777777778
11.433333333333334
8.011111111111111
5.6000000000000005
12.9
12.5
8.444444444444445
8.933333333333334
10.666666666666666
5.111111111111111
3.2111111111111112
7.166666666666667
14.011111111111111
4.666666666666667
12.277777777777779
4.5
4.011111111111111
10.622222222222222
9.833333333333334
10.677777777777777
14.677777777777777
17.433333333333334
5.511111111111111
7.377777777777778
32.67777777777778
9.433333333333334
6.622222222222223
13.61111111111111
15.166666666666666
11.11111111111111
12.88888888888889
12.544444444444444
6.455555555555556
10.4
10.488888888888889
6.044444444444444
12.1
13.733333333333333
20.266666666666666
14.4
25.955555555555556
18.766666666666666
16.322222222222223
7.377777777777778
8.5
12.322222222222223
17.288888888888888
32.9
6.266666666666667
13.955555555555556
5.788888888888889
8.044444444444444
9.822222222222223
12.988888888888889
12.622222222222222
5.155555555555556
17.51111111111111
9.066666666666666
13.288888888888888
9.655555555555555
14.944444444444445
8.0
12.011111111111111
14.766666666666667
13.955555555555556
8.0
7.288888888888889
17.6
10.455555555555556
4.4
13.38888888888889
15.733333333333334
16.177777777777777
4.844444444444444
3.7333333333333334
21.6
13.566666666666666
13.28888888888889
10.677777777777777
10.9
25.822222222222223
4.4
7.433333333333334
15.344444444444443
13.166666666666666
14.055555555555555
6.544444444444444
8.488888888888889
14.322222222222223
6.233333333333333
14.488888888888889
5.122222222222223
10.677777777777777
9.38888888888889
10.222222222222221
10.488888888888889
6.455555555555555
12.88888888888889
5.122222222222223
11.566666666666666
12.711111111111112
13.377777777777778
18.666666666666668
9.155555555555555
6.888888888888889
17.333333333333332
21.833333333333332
18.88888888888889
14.1
8.277777777777779
16.0
11.877777777777778
14.544444444444444
27.155555555555555
16.1
13.511111111111111
0.9
20.455555555555556
15.166666666666666
21.555555555555557
7.344444444444444
4.944444444444445
4.266666666666667
14.9
11.11111111111111
21.12222222222222
10.455555555555556
18.177777777777777
14.1
13.655555555555555
2.5444444444444443
7.955555555555556
7.777777777777778
6.711111111111111
13.511111111111111
16.0
3.7333333333333334
4.622222222222223
8.444444444444445
17.822222222222223
6.233333333333333
24.48888888888889
12.988888888888889
40.9
16.01111111111111
18.711111111111112
5.877777777777778
9.61111111111111
16.4
16.044444444444444
13.333333333333334
19.333333333333332
13.733333333333334
23.288888888888888
16.933333333333334
11.777777777777779
11.733333333333333
14.044444444444444
20.044444444444444
7.388888888888889
14.322222222222223
4.766666666666667
14.677777777777777
11.211111111111112
7.288888888888889
14.666666666666666
24.544444444444444
23.433333333333334
6.933333333333334
40.233333333333334
14.1
17.877777777777776
12.322222222222223
12.222222222222221
30.988888888888887
7.655555555555556
8.266666666666667
5.955555555555556
21.877777777777776
7.511111111111111
25.066666666666666
13.166666666666666
24.544444444444444
22.677777777777777
7.6000000000000005
3.2111111111111112
4.933333333333334
8.055555555555555
2.4444444444444446
3.3444444444444446
10.444444444444445
14.544444444444444
13.733333333333333
9.566666666666666
5.344444444444444
2.711111111111111
20.233333333333334
11.566666666666666
6.844444444444444
13.288888888888888
12.011111111111111
15.288888888888888
10.71111111111111
6.711111111111111
12.488888888888889
12.055555555555555
5.611111111111111
17.877777777777776
8.233333333333334
12.622222222222222
4.677777777777778
13.211111111111112
6.488888888888889
6.677777777777778
12.622222222222222
14.766666666666667
19.288888888888888
12.266666666666667
6.266666666666667
6.666666666666667
7.955555555555556
7.788888888888889
14.455555555555556
11.433333333333334
9.122222222222222
4.711111111111111
3.5555555555555554
9.433333333333334
8.544444444444444
6.677777777777777
5.6000000000000005
4.322222222222222
8.488888888888889
10.233333333333334
19.555555555555557
19.77777777777778
1.6555555555555554
13.511111111111111
10.677777777777777
8.266666666666667
11.11111111111111
8.444444444444445
14.1
10.711111111111112
11.122222222222222
15.211111111111112
7.777777777777778
9.066666666666666
16.544444444444444
5.377777777777778
14.944444444444445
13.333333333333334
95.5111111111111
9.38888888888889
14.444444444444445
3.3444444444444446
3.111111111111111
6.677777777777778
7.155555555555556
6.677777777777778
2.0444444444444443
8.322222222222223
14.177777777777777
22.044444444444444
12.711111111111112
5.433333333333334
42.17777777777778
2.677777777777778
3.7333333333333334
14.0
10.544444444444444
15.6
22.23333333333333
22.844444444444445
11.288888888888888
14.622222222222222
16.044444444444444
17.377777777777776
5.655555555555556
20.044444444444444
39.833333333333336
20.711111111111112
24.01111111111111
21.77777777777778
26.5
9.733333333333334
7.166666666666667
6.933333333333334
9.733333333333333
8.666666666666666
18.444444444444443
8.544444444444444
14.455555555555556
18.88888888888889
6.944444444444445
17.833333333333332
27.655555555555555
5.877777777777777
17.955555555555556
11.733333333333333
4.055555555555555
8.722222222222221
9.066666666666666
14.177777777777777
8.488888888888889
8.277777777777779
17.288888888888888
9.61111111111111
24.84444444444444
5.955555555555555
5.511111111111111
11.6
10.233333333333334
4.011111111111111
10.677777777777777
6.4
1.8222222222222222
3.1666666666666665
3.1222222222222222
6.544444444444444
9.066666666666666
2.711111111111111
6.266666666666667
4.266666666666667
2.933333333333333
5.955555555555556
2.177777777777778
4.044444444444444
7.111111111111111
7.377777777777778
4.9
2.5
5.333333333333333
10.177777777777777
3.511111111111111
1.8333333333333333
2.2333333333333334
1.9555555555555555
