5.211111111111111
1.211111111111111
2.9444444444444446
1.3777777777777778
3.2111111111111112
1.3444444444444443
2.2666666666666666
2.7666666666666666
1.5555555555555556
0.9333333333333333
0.17777777777777778
3.388888888888889
5.122222222222223
2.6777777777777776
0.9888888888888888
0.9333333333333333
1.3777777777777778
6.666666666666667
1.9555555555555555
2.011111111111111
3.8333333333333335
1.3777777777777778
4.844444444444444
2.8444444444444446
3.566666666666667
2.011111111111111
6.044444444444444
5.111111111111111
5.211111111111111
5.788888888888889
4.233333333333333
2.7222222222222223
3.6
12.222222222222221
4.988888888888889
4.711111111111111
0.6666666666666666
5.377777777777778
12.455555555555556
3.1555555555555554
5.788888888888889
5.788888888888889
3.8222222222222224
1.511111111111111
4.011111111111111
5.877777777777778
3.9555555555555557
7.344444444444445
6.222222222222222
6.455555555555556
3.5555555555555554
6.988888888888889
2.9444444444444446
3.2888888888888888
3.288888888888889
2.6222222222222222
2.988888888888889
2.5444444444444443
3.7888888888888888
4.933333333333334
2.6222222222222222
5.211111111111111
4.444444444444445
1.8777777777777778
3.9555555555555557
3.155555555555556
1.1555555555555557
5.433333333333334
1.211111111111111
1.1666666666666667
3.2888888888888888
4.988888888888889
2.888888888888889
1.288888888888889
5.6
1.511111111111111
3.9555555555555557
2.0
0.7111111111111111
2.933333333333333
1.8333333333333333
2.9333333333333336
0.7666666666666666
1.5666666666666667
1.6555555555555554
4.233333333333333
2.488888888888889
12.488888888888889
1.8222222222222222
5.344444444444444
3.822222222222222
3.8777777777777778
2.677777777777778
2.0555555555555554
5.733333333333333
8.9
3.8222222222222224
0.9888888888888888
2.5444444444444443
7.344444444444444
5.344444444444444
7.877777777777778
10.044444444444444
2.8444444444444446
8.222222222222221
3.7888888888888888
8.666666666666666
7.066666666666666
2.5444444444444443
6.488888888888889
6.622222222222222
12.011111111111111
2.4444444444444446
4.455555555555556
7.655555555555556
8.988888888888889
5.288888888888889
3.111111111111111
4.1000000000000005
1.7777777777777777
2.7111111111111112
2.011111111111111
1.511111111111111
2.2777777777777777
2.988888888888889
3.8333333333333335
0.45555555555555555
0.4444444444444444
8.1
1.6
0.9444444444444444
0.6666666666666666
0.9888888888888888
1.1222222222222222
2.322222222222222
0.8444444444444444
3.1222222222222222
1.8222222222222222
6.677777777777778
1.3777777777777778
7.155555555555556
5.066666666666666
1.9555555555555555
3.1555555555555554
4.844444444444444
8.844444444444445
3.3333333333333335
3.5999999999999996
4.266666666666667
3.3777777777777778
5.955555555555556
5.955555555555556
2.7222222222222223
7.733333333333333
4.322222222222222
2.5
4.1
5.611111111111111
4.933333333333334
6.677777777777778
3.7777777777777777
1.8333333333333333
4.322222222222222
5.166666666666667
2.9
4.322222222222222
1.511111111111111
3.2111111111111112
5.822222222222223
4.711111111111111
6.322222222222222
7.211111111111111
8.844444444444445
8.177777777777777
2.488888888888889
9.433333333333334
3.2111111111111112
3.111111111111111
7.877777777777778
3.8333333333333335
1.8222222222222222
4.233333333333333
5.877777777777778
16.844444444444445
3.3333333333333335
2.1777777777777776
8.5
2.322222222222222
2.5444444444444443
10.666666666666666
8.011111111111111
6.1000000000000005
5.344444444444445
10.177777777777777
6.888888888888889
5.111111111111111
3.3444444444444446
4.488888888888889
7.122222222222222
5.733333333333333
6.933333333333334
10.544444444444444
6.044444444444444
12.011111111111111
1.7777777777777777
2.177777777777778
4.177777777777778
4.622222222222222
7.955555555555556
5.344444444444444
2.6777777777777776
6.544444444444444
4.5
8.177777777777777
5.155555555555556
6.677777777777778
6.988888888888889
5.6
10.844444444444445
6.544444444444444
9.11111111111111
3.8222222222222224
7.611111111111111
4.944444444444445
6.1000000000000005
2.488888888888889
14.322222222222223
1.511111111111111
6.622222222222223
3.388888888888889
3.7888888888888888
14.944444444444445
7.377777777777777
3.511111111111111
6.277777777777778
3.8777777777777778
1.3888888888888888
6.044444444444444
7.733333333333333
2.011111111111111
3.066666666666667
7.655555555555556
7.788888888888889
12.4
2.988888888888889
9.377777777777778
5.6
8.266666666666667
5.155555555555556
1.511111111111111
3.6
5.822222222222222
5.122222222222223
9.344444444444445
9.788888888888888
3.066666666666667
4.455555555555556
2.7111111111111112
5.6
2.2333333333333334
5.833333333333333
5.833333333333333
7.433333333333334
9.877777777777778
4.677777777777778
8.011111111111111
13.288888888888888
14.222222222222221
11.833333333333334
7.388888888888889
10.4
6.322222222222223
8.544444444444444
5.288888888888889
21.066666666666666
21.733333333333334
9.566666666666666
19.566666666666666
9.377777777777778
30.622222222222224
15.511111111111111
8.5
49.599999999999994
16.766666666666666
20.233333333333334
21.822222222222223
7.433333333333334
10.677777777777777
13.288888888888888
12.544444444444444
10.055555555555555
19.38888888888889
7.433333333333334
13.122222222222222
15.511111111111111
4.266666666666667
22.666666666666668
12.177777777777777
14.0
14.044444444444444
9.066666666666666
8.5
19.155555555555555
7.377777777777778
8.666666666666666
4.9
12.011111111111111
18.622222222222224
3.1666666666666665
7.433333333333334
6.888888888888889
2.9444444444444446
2.1
6.011111111111111
8.544444444444444
13.211111111111112
6.544444444444444
4.233333333333333
2.1
7.433333333333334
2.5
6.322222222222222
3.7888888888888888
3.8777777777777778
9.655555555555555
6.222222222222222
10.322222222222223
4.988888888888889
4.766666666666667
10.233333333333333
8.766666666666667
9.155555555555555
5.433333333333334
6.677777777777778
7.377777777777778
4.988888888888889
5.955555555555556
2.2666666666666666
15.344444444444445
14.233333333333333
20.766666666666666
4.622222222222223
8.677777777777777
8.666666666666666
5.955555555555556
13.155555555555555
13.822222222222223
17.6
6.933333333333334
7.566666666666666
6.044444444444444
14.4
15.511111111111111
3.066666666666667
7.344444444444445
4.266666666666667
10.71111111111111
15.122222222222222
8.4
16.22222222222222
9.733333333333333
9.833333333333334
7.822222222222222
18.0
16.622222222222224
7.6
10.844444444444445
8.233333333333333
5.511111111111111
13.655555555555555
4.277777777777778
10.011111111111111
10.1
3.8777777777777778
2.9333333333333336
3.7777777777777777
7.344444444444444
4.044444444444444
3.8777777777777778
1.9555555555555555
2.1777777777777776
4.233333333333333
7.122222222222223
4.266666666666667
11.066666666666666
13.566666666666666
9.433333333333334
7.6000000000000005
5.211111111111111
12.844444444444445
8.266666666666667
2.2222222222222223
6.544444444444444
12.711111111111112
15.788888888888888
5.655555555555556
2.4
12.044444444444444
4.677777777777778
2.7666666666666666
12.766666666666667
7.655555555555556
8.9
3.611111111111111
2.7666666666666666
10.488888888888889
7.433333333333334
12.666666666666666
3.8333333333333335
6.455555555555556
4.622222222222223
6.722222222222222
5.511111111111111
20.4
19.333333333333332
2.9
33.06666666666666
7.877777777777778
7.377777777777778
6.455555555555556
6.888888888888889
2.488888888888889
14.322222222222223
14.844444444444445
4.277777777777778
7.388888888888889
21.788888888888888
9.955555555555556
13.955555555555556
4.544444444444444
7.777777777777778
2.177777777777778
6.488888888888889
2.933333333333333
3.1555555555555554
8.88888888888889
7.333333333333333
12.844444444444445
13.78888888888889
7.955555555555555
10.71111111111111
2.6777777777777776
6.988888888888889
3.8777777777777778
0.9888888888888888
9.877777777777778
6.988888888888889
16.88888888888889
12.722222222222221
20.233333333333334
4.1
21.344444444444445
15.377777777777778
24.177777777777777
10.766666666666667
15.822222222222223
11.122222222222222
21.566666666666666
10.844444444444443
18.01111111111111
4.622222222222222
9.733333333333334
15.822222222222223
17.566666666666666
8.011111111111111
17.955555555555556
21.833333333333332
6.277777777777778
7.066666666666666
7.288888888888889
14.899999999999999
7.111111111111111
9.344444444444445
13.511111111111111
12.622222222222222
6.266666666666667
32.044444444444444
9.344444444444445
13.066666666666666
10.1
14.011111111111111
24.711111111111112
23.344444444444445
14.055555555555555
10.944444444444445
19.877777777777776
12.233333333333333
14.222222222222221
10.455555555555556
9.344444444444445
18.844444444444445
14.044444444444444
3.3444444444444446
4.444444444444445
8.444444444444445
21.333333333333332
3.7333333333333334
11.511111111111111
14.722222222222221
12.0
8.766666666666667
4.222222222222222
9.877777777777778
9.377777777777778
17.155555555555555
14.844444444444445
7.211111111111111
12.88888888888889
12.1
14.666666666666666
20.98888888888889
9.511111111111111
8.0
12.988888888888889
5.777777777777778
11.61111111111111
4.988888888888889
3.066666666666667
12.044444444444444
5.611111111111111
10.9
5.388888888888889
11.655555555555555
10.266666666666667
15.288888888888888
8.444444444444445
7.955555555555556
6.722222222222222
4.9
8.9
12.622222222222222
7.511111111111111
17.344444444444445
4.044444444444444
24.9
4.622222222222223
2.6222222222222222
4.622222222222223
8.844444444444445
28.711111111111112
15.155555555555555
8.766666666666667
23.066666666666666
6.988888888888889
3.1555555555555554
6.766666666666667
6.0
9.511111111111111
9.211111111111112
2.1
8.1
17.788888888888888
3.111111111111111
3.8777777777777778
6.677777777777777
11.377777777777778
3.8333333333333335
7.166666666666667
3.611111111111111
5.6
3.1666666666666665
11.61111111111111
4.4
8.677777777777777
9.655555555555555
12.933333333333334
2.7111111111111112
5.333333333333333
12.177777777777777
5.733333333333333
16.666666666666668
20.933333333333334
5.555555555555555
4.9
8.844444444444445
8.233333333333334
25.877777777777776
8.444444444444445
13.288888888888888
2.933333333333333
11.955555555555556
6.322222222222222
5.111111111111111
7.211111111111111
8.011111111111111
12.0
6.5
7.833333333333333
6.544444444444444
15.288888888888888
2.9
8.544444444444444
9.78888888888889
12.711111111111112
14.622222222222222
3.611111111111111
11.122222222222222
19.155555555555555
2.0
1.9555555555555555
7.555555555555555
4.4
10.222222222222221
2.2333333333333334
9.78888888888889
3.7333333333333334
7.655555555555556
8.266666666666667
5.511111111111111
4.488888888888889
10.9
15.655555555555555
1.788888888888889
6.266666666666667
13.11111111111111
5.111111111111111
8.044444444444444
11.155555555555557
11.155555555555555
13.822222222222223
7.788888888888889
17.377777777777776
8.488888888888889
15.211111111111112
6.222222222222222
17.155555555555555
9.877777777777778
9.822222222222223
5.344444444444444
16.233333333333334
7.211111111111111
5.433333333333334
3.1555555555555554
2.177777777777778
4.988888888888889
1.3777777777777778
1.1555555555555554
9.822222222222223
11.211111111111112
2.9
5.377777777777778
4.933333333333334
4.622222222222223
3.1222222222222222
8.766666666666667
1.0666666666666667
4.677777777777778
5.655555555555556
7.611111111111111
4.233333333333333
7.111111111111111
1.511111111111111
2.4555555555555557
6.177777777777778
6.1000000000000005
4.988888888888889
6.233333333333333
7.733333333333333
4.4
11.655555555555555
8.933333333333334
13.877777777777778
17.066666666666666
13.6
4.9
5.111111111111111
6.322222222222223
8.71111111111111
2.488888888888889
8.944444444444445
6.622222222222223
5.788888888888889
6.1000000000000005
3.7888888888888888
3.3444444444444446
2.0444444444444447
11.566666666666666
6.677777777777778
5.788888888888889
6.0
4.677777777777778
8.71111111111111
5.377777777777777
2.8444444444444446
1.4333333333333333
11.122222222222222
6.011111111111111
3.1222222222222222
9.566666666666666
3.6
11.788888888888888
15.733333333333333
6.844444444444444
8.1
10.766666666666667
8.9
2.988888888888889
6.711111111111111
5.333333333333333
8.988888888888889
6.455555555555556
4.666666666666667
12.177777777777777
14.844444444444443
11.211111111111112
3.3333333333333335
3.8777777777777778
9.155555555555555
9.433333333333334
13.777777777777779
6.9
11.655555555555555
3.822222222222222
9.777777777777779
6.622222222222223
10.544444444444444
7.833333333333333
47.611111111111114
7.155555555555556
9.655555555555555
7.111111111111111
14.266666666666667
13.955555555555556
6.9
8.677777777777777
2.177777777777778
3.4333333333333336
4.722222222222222
6.0
4.044444444444444
10.933333333333334
2.4444444444444446
7.066666666666666
3.6555555555555554
9.733333333333334
4.044444444444444
0.9888888888888888
2.6777777777777776
2.4555555555555557
10.844444444444445
7.166666666666667
5.211111111111111
3.5555555555555554
4.988888888888889
4.444444444444445
4.5
7.388888888888889
3.1666666666666665
1.3444444444444446
2.9444444444444446
5.955555555555556
4.177777777777778
6.544444444444444
5.433333333333334
1.3333333333333333
2.5444444444444443
0.7666666666666666
4.9
2.4555555555555557
8.677777777777777
4.933333333333334
1.5999999999999999
4.233333333333333
5.333333333333333
4.5
7.511111111111111
7.655555555555556
4.622222222222223
4.233333333333333
3.4333333333333336
3.6555555555555554
1.6555555555555557
2.0444444444444443
1.6555555555555554
1.3777777777777778
7.566666666666666
7.822222222222222
5.433333333333334
6.766666666666667
5.511111111111111
14.722222222222221
3.8777777777777778
9.066666666666666
1.3333333333333333
5.111111111111111
1.3777777777777778
3.2111111111111112
4.0
3.3777777777777778
3.6
1.9555555555555557
5.333333333333333
0.6666666666666666
2.2666666666666666
2.6777777777777776
4.044444444444444
1.6555555555555554
7.611111111111111
1.3888888888888888
3.566666666666667
4.933333333333334
6.233333333333333
4.622222222222223
51.55555555555556
2.0555555555555554
5.155555555555556
14.322222222222223
9.066666666666666
1.3777777777777778
3.2888888888888888
6.944444444444445
1.788888888888889
5.288888888888889
6.177777777777778
7.155555555555556
6.322222222222222
4.844444444444444
4.055555555555555
3.066666666666667
3.611111111111111
6.4
3.2888888888888888
6.766666666666667
8.622222222222222
12.0
8.622222222222222
6.844444444444445
6.5
10.544444444444444
4.988888888888889
9.877777777777778
9.122222222222222
1.288888888888889
4.888888888888889
4.233333333333333
5.344444444444444
14.766666666666667
4.544444444444444
4.844444444444444
10.044444444444444
14.233333333333333
5.211111111111111
9.21111111111111
6.711111111111111
5.155555555555556
12.9
3.1555555555555554
68.76666666666667
51.288888888888884
13.066666666666666
23.77777777777778
25.877777777777776
8.711111111111112
5.388888888888889
9.28888888888889
4.722222222222222
8.1
7.655555555555556
1.3444444444444446
9.6
6.711111111111111
5.166666666666667
4.233333333333333
6.322222222222222
3.288888888888889
2.4444444444444446
1.6555555555555554
3.4333333333333336
4.544444444444444
4.044444444444444
4.5
5.788888888888889
4.666666666666667
16.88888888888889
34.84444444444444
10.5
6.011111111111111
6.9
2.988888888888889
2.7222222222222223
4.988888888888889
1.5999999999999999
3.3444444444444446
4.933333333333334
3.5555555555555554
8.488888888888889
6.488888888888889
12.277777777777779
10.988888888888889
4.944444444444445
6.1000000000000005
12.71111111111111
7.511111111111111
19.51111111111111
6.933333333333334
5.655555555555556
6.933333333333334
7.877777777777778
22.01111111111111
7.288888888888889
15.877777777777778
5.733333333333333
13.6
6.322222222222222
11.155555555555555
13.155555555555555
6.766666666666667
2.1777777777777776
30.84444444444444
6.933333333333334
4.4
3.2111111111111112
1.8222222222222222
17.733333333333334
10.266666666666667
4.988888888888889
3.7888888888888888
4.711111111111111
2.888888888888889
4.044444444444444
3.2111111111111112
8.711111111111112
3.1666666666666665
6.444444444444445
4.444444444444445
12.1
3.066666666666667
7.288888888888889
2.2333333333333334
1.7333333333333334
1.8222222222222222
0.9333333333333333
0.5444444444444444
2.1777777777777776
2.6666666666666665
6.177777777777778
3.1555555555555554
5.344444444444444
2.0444444444444443
4.766666666666667
11.511111111111111
4.0
2.488888888888889
5.566666666666666
1.6
4.1
2.011111111111111
3.8777777777777778
6.4
3.7333333333333334
26.844444444444445
27.955555555555556
37.06666666666666
6.722222222222222
2.888888888888889
48.9
4.233333333333333
6.9
4.455555555555556
6.044444444444444
1.3777777777777778
6.9
4.044444444444444
8.933333333333334
5.566666666666666
4.177777777777778
3.7777777777777777
27.11111111111111
8.055555555555555
7.066666666666666
3.2111111111111112
6.888888888888889
6.455555555555556
6.933333333333334
4.988888888888889
4.266666666666667
2.9
6.4
4.455555555555556
2.4555555555555557
3.611111111111111
5.555555555555555
4.322222222222222
1.1222222222222222
4.488888888888889
1.1222222222222222
10.711111111111112
1.9555555555555555
17.61111111111111
39.111111111111114
5.955555555555556
8.9
1.1111111111111112
3.1555555555555554
1.788888888888889
1.0666666666666667
16.0
18.9
32.67777777777778
45.288888888888884
14.1
16.044444444444444
29.877777777777776
25.433333333333334
20.71111111111111
39.6
28.666666666666668
40.233333333333334
81.43333333333334
45.65555555555556
39.6
63.955555555555556
0.9
48.71111111111111
22.266666666666666
8.488888888888889
4.711111111111111
5.655555555555556
2.933333333333333
5.111111111111111
2.9
2.988888888888889
3.5555555555555554
3.433333333333333
7.155555555555556
2.4
2.5444444444444443
2.7111111111111112
4.844444444444444
6.933333333333334
4.5
2.011111111111111
3.566666666666667
2.4555555555555557
2.4555555555555557
3.066666666666667
1.788888888888889
1.511111111111111
2.177777777777778
17.155555555555555
41.78888888888889
8.233333333333334
2.011111111111111
52.27777777777778
21.788888888888888
1.7333333333333334
4.0
1.511111111111111
1.8333333333333333
3.3777777777777778
2.8444444444444446
2.9
0.8888888888888888
5.822222222222222
5.066666666666666
2.1
3.4333333333333336
2.0444444444444443
1.3888888888888888
7.388888888888889
0.8999999999999999
0.4888888888888889
2.177777777777778
4.622222222222223
2.6222222222222222
2.9333333333333336
4.233333333333333
4.011111111111111
0.3222222222222222
3.2888888888888888
10.988888888888889
8.988888888888889
12.322222222222223
5.6000000000000005
7.788888888888889
2.2222222222222223
3.655555555555556
7.122222222222222
1.511111111111111
4.044444444444444
2.2777777777777777
1.6111111111111112
8.622222222222222
1.9555555555555555
4.888888888888889
24.322222222222223
19.066666666666666
2.8444444444444446
7.377777777777778
24.0
8.455555555555556
9.155555555555555
5.111111111111111
2.7222222222222223
2.4555555555555557
7.833333333333333
8.044444444444444
8.766666666666667
4.266666666666667
13.288888888888888
7.788888888888889
9.344444444444445
11.211111111111112
6.455555555555556
13.11111111111111
3.7888888888888888
4.044444444444444
5.377777777777778
8.044444444444444
4.222222222222222
3.9555555555555557
3.433333333333333
2.888888888888889
6.011111111111111
8.9
0.9333333333333333
1.7333333333333334
8.1
2.0444444444444443
4.488888888888889
6.322222222222223
4.488888888888889
4.266666666666667
4.233333333333333
4.888888888888889
4.044444444444444
1.9555555555555555
1.8777777777777778
5.111111111111111
5.777777777777778
2.1
3.655555555555556
8.055555555555555
4.4
29.73333333333333
3.4333333333333336
25.51111111111111
8.044444444444444
8.055555555555555
4.844444444444444
3.066666666666667
1.8222222222222222
4.044444444444444
2.7222222222222223
3.9555555555555557
1.5999999999999999
11.511111111111111
2.7666666666666666
9.344444444444445
7.788888888888889
3.433333333333333
5.344444444444444
8.277777777777779
3.7777777777777777
1.1555555555555557
4.055555555555555
6.233333333333333
6.5
2.7666666666666666
5.566666666666666
8.488888888888889
3.5555555555555554
9.122222222222222
5.155555555555556
8.5
6.722222222222222
8.677777777777777
6.9
8.622222222222222
2.6777777777777776
4.766666666666667
4.4
7.511111111111111
5.655555555555556
4.4
6.277777777777778
4.4
5.655555555555556
6.222222222222222
1.0666666666666667
3.4333333333333336
3.4333333333333336
3.3777777777777778
9.6
1.5666666666666667
3.433333333333333
5.733333333333333
6.011111111111111
2.677777777777778
5.877777777777778
17.166666666666668
4.944444444444445
13.788888888888888
8.677777777777777
7.566666666666666
8.944444444444445
11.511111111111111
6.044444444444444
41.288888888888884
9.066666666666666
2.488888888888889
1.6
9.066666666666666
2.0555555555555554
4.277777777777778
3.7888888888888888
2.7111111111111112
4.844444444444444
10.455555555555556
2.4
32.4
28.48888888888889
25.73333333333333
6.1000000000000005
34.044444444444444
15.777777777777779
15.211111111111112
4.011111111111111
12.988888888888889
19.333333333333332
30.988888888888887
30.766666666666666
88.44444444444444
22.4
41.06666666666666
31.211111111111112
48.05555555555556
9.333333333333334
15.877777777777778
11.61111111111111
1.1555555555555554
7.166666666666667
12.455555555555556
5.211111111111111
9.066666666666666
12.055555555555555
1.4333333333333333
8.011111111111111
6.455555555555556
15.066666666666666
4.711111111111111
3.288888888888889
11.333333333333334
18.455555555555556
11.511111111111111
12.177777777777777
14.622222222222222
8.277777777777779
19.77777777777778
4.4
5.655555555555556
9.155555555555555
7.066666666666666
3.066666666666667
18.9
7.822222222222222
9.511111111111111
18.88888888888889
7.566666666666666
11.955555555555556
3.3444444444444446
7.733333333333333
4.177777777777778
14.88888888888889
14.766666666666667
9.655555555555555
14.933333333333334
6.5
4.1000000000000005
3.3333333333333335
14.044444444444444
17.788888888888888
7.122222222222222
11.6
33.43333333333334
4.455555555555556
4.011111111111111
50.22222222222222
31.288888888888888
2.6777777777777776
9.788888888888888
6.844444444444444
2.9
3.6
6.044444444444444
8.177777777777777
5.955555555555556
8.666666666666666
3.2888888888888888
5.566666666666666
9.511111111111111
2.6666666666666665
7.122222222222222
3.5555555555555554
11.288888888888888
2.933333333333333
1.8777777777777778
7.655555555555556
8.677777777777777
6.277777777777778
2.488888888888889
10.177777777777777
4.988888888888889
3.1222222222222222
2.9
11.877777777777778
2.2333333333333334
9.377777777777778
5.611111111111111
2.888888888888889
3.3777777777777778
3.388888888888889
5.155555555555556
2.3222222222222224
2.988888888888889
3.822222222222222
4.544444444444444
3.566666666666667
3.3777777777777778
11.822222222222223
2.4555555555555557
4.011111111111111
2.488888888888889
2.7666666666666666
4.233333333333333
5.733333333333333
4.1000000000000005
4.8999999999999995
3.1222222222222222
4.844444444444444
7.122222222222223
2.1777777777777776
3.511111111111111
7.433333333333334
1.5666666666666667
6.177777777777778
11.122222222222222
7.288888888888889
1.5555555555555556
4.044444444444444
4.322222222222222
13.11111111111111
13.822222222222223
6.011111111111111
4.011111111111111
3.2111111111111112
4.233333333333333
5.388888888888889
1.4333333333333333
1.288888888888889
2.5
2.1
4.622222222222223
9.733333333333334
1.6555555555555557
8.9
13.433333333333334
12.222222222222221
5.344444444444444
25.655555555555555
2.7666666666666666
19.955555555555556
15.655555555555557
8.222222222222221
4.322222222222222
6.5
2.4444444444444446
2.2777777777777777
4.322222222222222
3.1555555555555554
0.5444444444444444
0.9333333333333333
2.0555555555555554
2.988888888888889
9.511111111111111
0.4888888888888889
0.4888888888888889
43.65555555555555
2.9
0.9
36.01111111111111
3.6555555555555554
7.6000000000000005
45.55555555555556
3.111111111111111
61.788888888888884
90.62222222222222
1.8222222222222222
18.322222222222223
6.622222222222223
2.4444444444444446
1.3333333333333333
2.488888888888889
1.511111111111111
1.1555555555555554
2.0444444444444443
2.9
0.8888888888888888
2.9333333333333336
11.955555555555556
3.388888888888889
1.0666666666666667
8.1
8.044444444444444
3.7777777777777777
13.333333333333334
4.177777777777778
6.9
2.5444444444444443
2.4444444444444446
3.1222222222222222
5.155555555555556
1.8777777777777778
2.1777777777777776
12.9
3.6
4.677777777777778
8.988888888888889
5.733333333333333
2.0555555555555554
5.733333333333333
3.2888888888888888
4.233333333333333
3.1666666666666665
2.4555555555555557
1.211111111111111
2.2222222222222223
3.6555555555555554
49.611111111111114
1.211111111111111
1.6555555555555554
3.7333333333333334
3.1222222222222222
4.322222222222222
2.0444444444444443
0.9
6.988888888888889
1.8222222222222222
2.4
4.944444444444445
8.933333333333334
8.722222222222221
4.233333333333333
7.211111111111111
3.1222222222222222
2.9333333333333336
2.2777777777777777
84.4888888888889
5.733333333333333
4.933333333333334
0.2777777777777778
18.22222222222222
7.166666666666667
1.1555555555555557
1.211111111111111
3.511111111111111
38.27777777777778
8.011111111111111
5.955555555555556
7.788888888888889
6.044444444444444
4.488888888888889
3.1222222222222222
1.511111111111111
1.211111111111111
3.4333333333333336
2.888888888888889
0.9333333333333333
2.7666666666666666
1.1555555555555554
1.4333333333333333
6.844444444444444
2.6666666666666665
0.5
2.711111111111111
1.7333333333333334
3.511111111111111
3.788888888888889
1.4333333333333333
1.6555555555555554
5.211111111111111
2.5444444444444443
5.388888888888889
2.488888888888889
2.7111111111111112
3.388888888888889
5.155555555555556
2.5
2.0444444444444443
1.8222222222222222
1.8222222222222222
2.011111111111111
2.322222222222222
1.9555555555555555
1.788888888888889
4.666666666666667
0.6222222222222222
5.955555555555556
2.7111111111111112
1.7333333333333334
2.4555555555555557
2.4
2.9
1.5666666666666667
2.011111111111111
1.1222222222222222
1.6111111111111112
1.211111111111111
3.6
2.488888888888889
1.8333333333333333
8.988888888888889
3.111111111111111
3.3444444444444446
0.9888888888888888
1.7777777777777777
7.066666666666666
2.3222222222222224
1.8777777777777778
3.2888888888888888
2.2222222222222223
1.288888888888889
2.988888888888889
0.9333333333333333
4.766666666666667
3.7333333333333334
1.8222222222222222
9.433333333333334
3.1222222222222222
5.566666666666666
5.333333333333333
5.155555555555556
10.1
4.044444444444444
4.455555555555556
5.555555555555555
3.611111111111111
1.6555555555555554
47.06666666666667
9.733333333333333
4.988888888888889
1.1555555555555557
2.6666666666666665
28.766666666666666
90.23333333333333
30.01111111111111
53.511111111111106
0.6222222222222222
37.28888888888889
3.7333333333333334
31.066666666666666
1.788888888888889
16.48888888888889
30.71111111111111
2.2666666666666666
4.0
65.5111111111111
43.06666666666667
32.1
18.177777777777777
16.27777777777778
5.955555555555556
15.788888888888888
8.677777777777777
88.67777777777778
3.1222222222222222
5.344444444444444
6.5
18.544444444444444
10.71111111111111
65.28888888888889
26.444444444444443
22.4
54.22222222222222
13.566666666666666
5.511111111111111
7.166666666666667
8.266666666666667
4.711111111111111
31.12222222222222
13.511111111111111
0.48888888888888893
4.677777777777778
19.51111111111111
149.43333333333334
7.155555555555556
18.055555555555557
14.766666666666667
11.788888888888888
5.788888888888889
29.433333333333334
26.322222222222223
8.488888888888889
2.4555555555555557
3.1222222222222222
2.8444444444444446
0.3222222222222222
6.888888888888889
7.655555555555556
13.122222222222222
4.1000000000000005
1.211111111111111
4.988888888888889
3.2111111111111112
5.788888888888889
18.266666666666666
11.433333333333334
3.066666666666667
5.433333333333334
6.933333333333334
3.9555555555555557
11.6
1.8222222222222222
2.177777777777778
3.7333333333333334
3.8777777777777778
0.9
5.788888888888889
2.677777777777778
6.844444444444444
7.066666666666666
4.888888888888889
7.066666666666666
1.8222222222222222
2.1
3.655555555555556
2.6222222222222222
3.7888888888888888
2.888888888888889
8.677777777777777
6.711111111111111
3.9555555555555557
4.4
0.6222222222222222
2.4
3.7888888888888888
3.2111111111111112
1.1555555555555554
3.7777777777777777
0.6666666666666666
2.4444444444444446
41.65555555555555
3.511111111111111
4.0
4.233333333333333
0.26666666666666666
5.066666666666666
1.788888888888889
0.9333333333333333
2.2333333333333334
3.3777777777777778
3.1666666666666665
1.9555555555555555
2.988888888888889
1.211111111111111
4.622222222222223
1.1555555555555554
3.8222222222222224
1.8777777777777778
4.488888888888889
5.877777777777778
2.677777777777778
3.566666666666667
3.3444444444444446
0.8444444444444444
3.1222222222222222
5.211111111111111
4.266666666666667
2.011111111111111
1.6555555555555554
7.788888888888889
9.511111111111111
1.1666666666666667
6.677777777777778
3.4333333333333336
4.666666666666667
6.1000000000000005
4.322222222222222
6.455555555555556
2.5444444444444443
2.488888888888889
3.7777777777777777
2.888888888888889
9.28888888888889
4.622222222222223
8.322222222222223
6.544444444444444
6.444444444444445
6.988888888888889
2.677777777777778
4.266666666666667
2.3222222222222224
1.3444444444444446
8.488888888888889
16.177777777777777
3.8777777777777778
3.3444444444444446
3.3333333333333335
1.5666666666666667
1.6111111111111112
5.211111111111111
0.8999999999999999
2.9
12.044444444444444
3.6
4.222222222222222
2.1
3.9555555555555557
4.4
3.2888888888888888
32.93333333333333
7.155555555555556
5.788888888888889
0.6777777777777777
6.044444444444444
2.8444444444444446
3.1222222222222222
12.4
1.8333333333333333
3.8777777777777778
1.6555555555555554
4.933333333333334
2.2333333333333334
0.9
6.233333333333333
1.3777777777777778
1.8222222222222222
9.211111111111112
3.9555555555555557
5.611111111111111
1.8777777777777778
4.722222222222222
4.844444444444445
2.7666666666666666
2.1
3.3444444444444446
3.7777777777777777
8.5
3.7888888888888888
6.766666666666667
4.4
2.9
2.7666666666666666
10.722222222222221
3.3777777777777778
3.9555555555555557
0.8888888888888888
1.3777777777777778
1.8222222222222222
3.2111111111111112
9.211111111111112
2.3222222222222224
1.8777777777777778
5.288888888888889
5.155555555555555
37.43333333333334
2.7666666666666666
72.17777777777778
5.877777777777778
1.288888888888889
7.288888888888889
10.666666666666666
3.8777777777777778
3.066666666666667
4.988888888888889
4.4
2.488888888888889
2.1
2.0
3.822222222222222
5.6000000000000005
3.6555555555555554
0.8444444444444444
2.6777777777777776
7.833333333333333
92.23333333333333
79.5111111111111
3.9555555555555557
4.266666666666667
4.277777777777778
5.566666666666666
22.5
4.944444444444445
10.766666666666667
5.611111111111111
1.8222222222222222
3.2111111111111112
2.988888888888889
1.3777777777777778
7.833333333333333
6.266666666666667
1.6555555555555554
3.388888888888889
2.5444444444444443
1.1555555555555554
8.044444444444444
16.01111111111111
9.777777777777779
8.488888888888889
1.3444444444444446
0.9333333333333333
1.7333333333333334
1.8777777777777778
2.2333333333333334
1.6555555555555557
1.9555555555555555
3.7333333333333334
2.4
0.5444444444444444
2.322222222222222
2.988888888888889
2.5444444444444447
3.1666666666666665
68.84444444444445
3.566666666666667
67.43333333333334
2.6222222222222222
0.9
0.7111111111111111
3.5555555555555554
5.066666666666666
2.0444444444444443
2.2777777777777777
1.1555555555555557
4.266666666666667
3.8222222222222224
6.544444444444444
3.511111111111111
0.7111111111111111
1.211111111111111
1.3333333333333333
2.0
1.5999999999999999
0.5
2.5444444444444443
2.6777777777777776
5.788888888888889
2.4
9.955555555555556
3.388888888888889
3.8777777777777778
2.7222222222222223
4.544444444444444
2.2333333333333334
2.6222222222222222
2.7222222222222223
1.288888888888889
4.544444444444444
2.2333333333333334
2.4555555555555557
3.1222222222222222
11.066666666666666
0.8888888888888888
4.666666666666667
4.233333333333333
2.5444444444444443
4.266666666666667
2.1
1.7777777777777777
3.3777777777777778
3.1222222222222222
2.1
3.7777777777777777
2.0
1.5666666666666667
4.933333333333334
3.6
3.9555555555555557
8.544444444444444
2.177777777777778
2.4
3.3777777777777778
1.7333333333333334
5.433333333333334
1.3333333333333333
5.377777777777777
3.2111111111111112
2.1777777777777776
3.1222222222222222
2.0444444444444443
2.2222222222222223
0.9333333333333333
4.011111111111111
2.8444444444444446
2.988888888888889
2.2222222222222223
1.5666666666666667
0.7111111111111111
2.2666666666666666
4.222222222222222
1.8333333333333333
2.011111111111111
4.544444444444444
2.7222222222222223
2.0
2.1
3.7888888888888888
4.222222222222222
1.3888888888888888
0.6777777777777777
2.888888888888889
1.3777777777777778
1.8222222222222222
1.788888888888889
4.666666666666667
1.3888888888888888
1.7333333333333334
3.388888888888889
2.4
1.788888888888889
1.5555555555555556
1.211111111111111
3.4333333333333336
4.222222222222222
3.3777777777777778
7.788888888888889
2.4555555555555557
1.6
0.6666666666666666
3.5555555555555554
1.5666666666666667
1.6111111111111112
4.177777777777778
11.61111111111111
1.8222222222222222
4.044444444444444
3.1555555555555554
4.988888888888889
2.2666666666666666
5.511111111111111
5.377777777777778
2.4444444444444446
9.344444444444445
6.544444444444444
2.4
3.3777777777777778
6.233333333333333
8.711111111111112
1.6555555555555554
2.2222222222222223
19.566666666666666
6.711111111111111
8.177777777777777
2.4555555555555557
0.8888888888888888
2.5
3.1555555555555554
1.3777777777777778
1.6
1.9555555555555557
8.177777777777777
0.6222222222222222
3.066666666666667
6.177777777777777
0.9888888888888888
7.344444444444444
8.488888888888889
6.222222222222222
6.266666666666667
3.3444444444444446
6.1000000000000005
3.2888888888888888
2.5444444444444447
3.1222222222222222
2.0
6.044444444444444
2.4
4.055555555555555
3.1555555555555554
4.322222222222222
4.888888888888889
3.6555555555555554
5.788888888888889
3.7777777777777777
2.488888888888889
2.1
6.666666666666667
2.2333333333333334
2.1
6.844444444444444
4.455555555555556
1.8777777777777778
9.433333333333334
7.111111111111111
3.3777777777777778
23.155555555555555
7.6000000000000005
8.266666666666667
0.9888888888888888
6.011111111111111
6.766666666666667
0.26666666666666666
3.066666666666667
66.26666666666667
6.988888888888889
3.6555555555555554
8.9
2.8444444444444446
35.82222222222222
3.655555555555556
36.1
1.8222222222222222
5.733333333333333
21.566666666666666
9.433333333333334
19.788888888888888
11.566666666666666
6.1000000000000005
3.1555555555555554
3.3333333333333335
24.944444444444443
4.666666666666667
2.6222222222222222
2.2222222222222223
40.011111111111106
57.65555555555555
114.94444444444444
25.77777777777778
4.044444444444444
20.4
6.322222222222223
30.766666666666666
3.2111111111111112
5.611111111111111
3.511111111111111
1.7777777777777777
12.455555555555556
1.788888888888889
4.666666666666667
2.5444444444444443
1.3444444444444446
2.2666666666666666
7.511111111111111
9.066666666666666
6.4
56.93333333333333
11.211111111111112
1.3888888888888888
8.233333333333334
5.611111111111111
3.6
19.344444444444445
6.766666666666667
4.266666666666667
11.733333333333333
6.677777777777778
3.3444444444444446
56.266666666666666
11.344444444444443
2.4444444444444446
1.288888888888889
2.2666666666666666
3.6
4.222222222222222
4.044444444444444
3.5666666666666664
0.8444444444444444
1.8777777777777778
2.488888888888889
4.4
2.2333333333333334
1.8777777777777778
3.3333333333333335
4.222222222222222
3.9555555555555557
3.1555555555555554
3.9555555555555557
6.044444444444444
5.111111111111111
4.766666666666667
4.766666666666667
2.2333333333333334
1.7777777777777777
3.1222222222222222
5.566666666666666
4.177777777777778
6.233333333333333
3.3444444444444446
5.211111111111111
4.322222222222222
2.3222222222222224
3.2888888888888888
5.511111111111111
2.3222222222222224
8.055555555555555
2.5444444444444443
1.288888888888889
1.7333333333333334
8.233333333333333
8.044444444444444
8.0
2.0444444444444443
3.9555555555555557
0.9888888888888888
2.2666666666666666
3.6555555555555554
2.1
1.6
4.666666666666667
1.3444444444444443
10.71111111111111
5.155555555555556
11.6
2.6666666666666665
2.988888888888889
4.455555555555556
2.6222222222222222
5.066666666666666
2.4555555555555557
2.2666666666666666
7.733333333333333
9.566666666666666
3.511111111111111
7.288888888888889
5.377777777777778
2.2333333333333334
4.677777777777778
3.1555555555555554
1.7333333333333334
5.433333333333334
5.655555555555556
17.566666666666666
22.933333333333334
4.177777777777778
4.044444444444444
3.7777777777777777
4.322222222222222
13.166666666666666
2.8444444444444446
6.9
42.72222222222222
73.82222222222222
24.9
8.177777777777777
3.3444444444444446
9.377777777777778
5.122222222222223
18.72222222222222
11.333333333333334
10.622222222222222
17.433333333333334
9.344444444444445
26.711111111111112
8.177777777777777
6.044444444444444
4.9
0.9
73.56666666666666
18.5
2.177777777777778
2.0555555555555554
1.9555555555555557
3.9555555555555557
4.844444444444444
1.6
6.011111111111111
5.566666666666666
1.6555555555555554
3.111111111111111
8.0
1.7777777777777777
4.455555555555556
4.444444444444445
2.6222222222222222
3.3444444444444446
4.4
3.7777777777777777
2.9
4.622222222222223
4.233333333333333
7.788888888888889
1.5999999999999999
4.1000000000000005
4.722222222222222
7.111111111111111
2.2777777777777777
3.1666666666666665
0.9888888888888888
3.511111111111111
0.5
6.711111111111111
2.0444444444444443
4.055555555555555
4.488888888888889
3.3444444444444446
2.488888888888889
2.6777777777777776
1.1555555555555557
2.8444444444444446
3.8333333333333335
1.6555555555555554
6.766666666666667
3.2111111111111112
5.511111111111111
0.6666666666666666
6.011111111111111
3.433333333333333
8.011111111111111
15.61111111111111
2.6666666666666665
4.888888888888889
2.5444444444444443
5.155555555555556
5.122222222222223
9.344444444444445
2.2222222222222223
10.222222222222221
23.066666666666666
1.1111111111111112
6.266666666666667
3.3777777777777778
0.8444444444444444
2.4
3.2888888888888888
3.3333333333333335
10.71111111111111
9.11111111111111
3.511111111111111
3.5555555555555554
28.62222222222222
16.22222222222222
5.6
5.433333333333334
1.3444444444444443
5.066666666666666
2.4
3.1555555555555554
1.8222222222222222
28.01111111111111
7.655555555555556
0.4
8.766666666666667
13.11111111111111
17.12222222222222
13.433333333333334
4.0
8.0
2.2222222222222223
2.0
4.044444444444444
74.72222222222223
2.9333333333333336
22.62222222222222
19.788888888888888
3.066666666666667
2.4555555555555557
3.4333333333333336
1.288888888888889
6.233333333333333
3.6
2.7666666666666666
1.5999999999999999
1.1555555555555554
3.111111111111111
3.3777777777777778
2.2666666666666666
5.211111111111111
3.2888888888888888
22.322222222222223
1.788888888888889
18.544444444444444
3.7333333333333334
3.7888888888888888
1.1222222222222222
1.788888888888889
4.844444444444444
4.4
1.3777777777777778
2.2333333333333334
4.044444444444444
2.2222222222222223
4.4
0.9888888888888888
3.111111111111111
6.044444444444444
1.6111111111111112
6.5
4.488888888888889
4.055555555555555
9.6
1.8222222222222222
2.7222222222222223
3.5555555555555554
1.8222222222222222
1.7777777777777777
1.3777777777777778
5.511111111111111
6.544444444444444
3.7888888888888888
1.3333333333333333
6.766666666666667
7.333333333333333
8.1
12.444444444444445
3.3444444444444446
5.955555555555556
7.733333333333333
12.544444444444444
2.0
12.1
6.322222222222222
4.488888888888889
1.5999999999999999
6.455555555555556
2.9
7.877777777777778
5.788888888888889
5.655555555555556
5.155555555555556
1.9555555555555555
3.6555555555555554
4.933333333333334
1.211111111111111
8.444444444444445
6.011111111111111
1.1222222222222222
2.4555555555555557
1.6
6.044444444444444
2.7222222222222223
14.622222222222222
5.655555555555556
5.566666666666666
5.122222222222223
5.655555555555556
24.4
30.1
11.833333333333334
20.933333333333334
12.1
86.05555555555556
2.888888888888889
6.044444444444444
2.3222222222222224
11.066666666666666
4.177777777777778
8.488888888888889
19.655555555555555
4.988888888888889
4.711111111111111
10.266666666666667
34.9
8.266666666666667
4.544444444444444
3.4333333333333336
11.877777777777778
8.177777777777777
16.044444444444444
2.933333333333333
4.322222222222222
8.622222222222222
6.711111111111111
8.944444444444445
4.1
5.433333333333334
4.9
5.066666666666666
10.766666666666667
7.611111111111111
6.1
5.066666666666666
3.7333333333333334
2.4
1.3333333333333333
13.288888888888888
9.566666666666666
1.288888888888889
4.622222222222223
5.655555555555556
6.266666666666667
6.933333333333334
6.766666666666667
4.488888888888889
18.48888888888889
4.5
5.822222222222222
11.122222222222222
3.1222222222222222
9.566666666666666
0.6666666666666666
43.15555555555555
12.988888888888889
1.1555555555555557
4.488888888888889
43.43333333333334
17.066666666666666
1.8333333333333333
3.7888888888888888
20.88888888888889
20.9
4.722222222222222
20.844444444444445
12.177777777777777
9.655555555555557
10.177777777777777
2.8444444444444446
7.822222222222222
2.4555555555555557
9.122222222222222
3.8777777777777778
8.011111111111111
7.166666666666667
14.233333333333333
57.56666666666666
19.211111111111112
7.388888888888889
6.011111111111111
7.066666666666666
4.9
12.011111111111111
4.844444444444445
6.177777777777778
4.988888888888889
18.711111111111112
2.2666666666666666
23.066666666666666
13.433333333333334
4.1
5.344444444444444
1.0666666666666667
0.7222222222222222
11.655555555555555
55.333333333333336
66.22222222222223
3.5999999999999996
4.9
5.288888888888889
2.5444444444444447
6.177777777777778
5.155555555555556
2.0444444444444443
5.955555555555556
2.2666666666666666
5.733333333333333
4.322222222222223
5.155555555555556
9.511111111111111
4.711111111111111
5.822222222222222
5.566666666666666
6.044444444444444
9.788888888888888
1.211111111111111
4.044444444444444
5.388888888888889
70.0
2.011111111111111
10.322222222222223
5.211111111111111
20.5
8.011111111111111
20.844444444444445
12.944444444444445
50.455555555555556
94.17777777777778
83.21111111111111
3.7333333333333334
5.733333333333333
11.655555555555555
38.05555555555556
49.37777777777778
16.844444444444445
12.322222222222223
19.433333333333334
18.844444444444445
3.8222222222222224
17.555555555555557
6.233333333333333
6.177777777777778
28.844444444444445
6.711111111111111
0.1
0.6222222222222222
18.72222222222222
45.51111111111111
93.06666666666666
3.3777777777777778
2.7666666666666666
1.1222222222222222
98.71111111111111
48.32222222222222
88.0111111111111
1.3444444444444446
50.32222222222222
2.2333333333333334
2.3222222222222224
36.93333333333333
89.37777777777778
46.455555555555556
115.95555555555555
56.455555555555556
10.0
12.011111111111111
76.0111111111111
12.322222222222223
5.655555555555556
2.2666666666666666
3.8777777777777778
1.6555555555555554
53.51111111111111
87.82222222222222
8.0
32.044444444444444
3.3444444444444446
43.28888888888889
2.1777777777777776
8.766666666666667
1.1222222222222222
2.3222222222222224
1.8333333333333333
1.3777777777777778
1.6111111111111112
2.888888888888889
3.566666666666667
32.044444444444444
28.1
27.51111111111111
6.044444444444444
23.6
82.1
13.877777777777778
7.955555555555555
10.844444444444445
6.722222222222222
7.166666666666667
55.56666666666667
38.544444444444444
5.388888888888889
16.98888888888889
4.844444444444444
5.733333333333333
12.988888888888889
13.377777777777778
10.044444444444444
8.622222222222222
5.333333333333333
14.622222222222222
7.122222222222222
5.877777777777778
19.733333333333334
4.233333333333333
1.6555555555555557
18.1
5.566666666666666
12.177777777777777
7.6000000000000005
4.711111111111111
3.1222222222222222
6.055555555555555
2.6777777777777776
22.4
1.9555555555555555
2.2333333333333334
4.844444444444444
2.6666666666666665
2.7666666666666666
5.122222222222223
14.322222222222223
3.4333333333333336
2.2333333333333334
9.555555555555555
3.066666666666667
4.666666666666667
2.1
2.7222222222222223
2.2777777777777777
10.988888888888889
5.733333333333333
11.433333333333334
3.7888888888888888
26.055555555555557
10.844444444444443
14.4
4.711111111111111
4.277777777777778
9.344444444444445
5.777777777777778
12.1
10.944444444444445
4.766666666666667
5.6
5.377777777777778
6.233333333333333
1.3444444444444443
17.066666666666666
25.6
12.5
16.677777777777777
20.322222222222223
11.6
4.266666666666667
4.711111111111111
6.044444444444444
1.788888888888889
4.766666666666667
21.344444444444445
16.0
11.11111111111111
3.3444444444444446
4.622222222222223
8.9
12.933333333333334
6.944444444444445
6.544444444444444
1.8777777777777778
2.6222222222222222
50.266666666666666
54.455555555555556
5.877777777777778
9.822222222222223
5.344444444444444
4.011111111111111
7.288888888888889
32.48888888888889
51.12222222222222
1.211111111111111
6.266666666666667
12.177777777777777
18.666666666666668
5.877777777777778
5.211111111111111
6.5
17.344444444444445
9.066666666666666
3.7888888888888888
4.844444444444444
10.4
11.11111111111111
9.955555555555556
5.388888888888889
6.277777777777778
4.988888888888889
43.34444444444445
1.3444444444444446
3.3777777777777778
2.6222222222222222
25.166666666666668
14.844444444444445
7.655555555555556
44.44444444444444
3.3777777777777778
39.51111111111111
3.3333333333333335
2.2666666666666666
0.8888888888888888
2.488888888888889
8.988888888888889
105.34444444444445
10.233333333333333
128.5
15.288888888888888
70.32222222222222
98.32222222222222
2.7222222222222223
18.4
10.1
29.288888888888888
14.055555555555555
6.488888888888889
2.7666666666666666
58.71111111111111
70.93333333333334
30.01111111111111
14.544444444444444
85.06666666666666
52.22222222222222
85.21111111111111
41.733333333333334
70.54444444444444
1.8777777777777778
22.32222222222222
83.73333333333333
84.17777777777778
6.933333333333334
95.5111111111111
68.62222222222222
80.39999999999999
34.93333333333333
157.43333333333334
16.98888888888889
36.93333333333333
16.933333333333334
38.5
26.711111111111112
32.32222222222222
40.544444444444444
36.62222222222222
13.655555555555555
8.9
9.655555555555555
4.0
5.655555555555556
20.4
9.38888888888889
1.7333333333333334
18.48888888888889
17.166666666666668
42.67777777777778
72.9
7.155555555555556
6.622222222222223
20.48888888888889
122.45555555555555
45.6
59.12222222222222
95.21111111111111
46.93333333333334
45.788888888888884
55.733333333333334
21.955555555555556
30.01111111111111
25.377777777777776
10.622222222222222
19.433333333333334
49.611111111111114
50.4
2.5
59.12222222222222
0.1
2.8444444444444446
30.9
11.333333333333334
12.0
8.488888888888889
16.455555555555556
36.62222222222223
4.722222222222222
1.3888888888888888
36.71111111111111
13.511111111111111
66.93333333333334
8.711111111111112
41.733333333333334
2.011111111111111
1.7777777777777777
45.21111111111111
0.7111111111111111
2.6666666666666665
47.65555555555555
90.1
29.344444444444445
22.177777777777777
3.2111111111111112
85.82222222222222
44.4
83.95555555555556
33.65555555555556
56.01111111111111
126.22222222222223
6.4
14.544444444444444
72.26666666666667
28.48888888888889
37.43333333333333
83.56666666666666
41.65555555555556
38.32222222222222
11.788888888888888
69.55555555555556
14.544444444444444
86.27777777777777
45.51111111111111
68.76666666666667
2.3222222222222224
1.211111111111111
5.066666666666666
6.177777777777777
0.7111111111111111
3.7333333333333334
14.0
1.288888888888889
0.9
1.5666666666666667
2.9333333333333336
3.4333333333333336
2.5444444444444443
1.7333333333333334
9.122222222222222
1.7333333333333334
2.933333333333333
2.488888888888889
2.4555555555555557
5.655555555555556
3.1666666666666665
2.4
3.388888888888889
3.066666666666667
4.677777777777778
3.7777777777777777
1.9555555555555555
6.988888888888889
4.844444444444444
2.0444444444444443
21.12222222222222
22.233333333333334
2.6222222222222222
2.7222222222222223
2.4555555555555557
3.7333333333333334
5.066666666666666
43.28888888888889
53.333333333333336
35.87777777777778
31.122222222222224
43.65555555555556
90.66666666666667
22.01111111111111
8.011111111111111
87.16666666666667
13.344444444444443
15.877777777777778
4.322222222222223
26.88888888888889
5.511111111111111
3.6555555555555554
3.1666666666666665
36.01111111111111
1.1666666666666667
4.011111111111111
2.1777777777777776
2.2333333333333334
7.211111111111111
6.888888888888889
16.666666666666668
33.955555555555556
11.433333333333334
12.5
14.0
3.566666666666667
35.43333333333334
3.066666666666667
43.51111111111111
98.54444444444444
31.82222222222222
21.822222222222223
69.21111111111111
2.2333333333333334
73.61111111111111
24.044444444444444
85.34444444444445
67.34444444444443
56.71111111111111
35.788888888888884
42.544444444444444
98.62222222222222
8.944444444444445
63.288888888888884
44.766666666666666
43.34444444444444
50.011111111111106
33.65555555555556
56.22222222222222
1.5666666666666667
31.877777777777776
50.455555555555556
4.544444444444444
25.788888888888888
13.344444444444443
7.511111111111111
7.288888888888889
6.711111111111111
1.8777777777777778
61.15555555555555
17.344444444444445
144.45555555555555
46.400000000000006
54.98888888888889
40.32222222222222
40.62222222222222
46.93333333333333
6.055555555555555
3.8222222222222224
59.43333333333333
3.3333333333333335
43.21111111111111
2.7111111111111112
5.344444444444444
5.822222222222222
10.455555555555556
14.5
66.39999999999999
2.1777777777777776
22.01111111111111
9.333333333333334
20.4
4.277777777777778
7.955555555555555
0.9888888888888888
107.15555555555555
43.611111111111114
76.44444444444444
12.1
25.377777777777776
8.5
4.1000000000000005
6.4
6.322222222222222
5.288888888888889
3.7333333333333334
3.7777777777777777
47.87777777777778
3.2888888888888888
9.877777777777778
12.71111111111111
13.344444444444445
0.9333333333333333
10.766666666666667
27.73333333333333
12.266666666666667
15.344444444444445
4.177777777777778
20.844444444444445
3.788888888888889
17.566666666666666
4.766666666666667
1.3888888888888888
6.011111111111111
5.511111111111111
21.166666666666668
6.766666666666667
64.84444444444445
8.544444444444444
5.733333333333333
14.0
7.066666666666666
1.5555555555555556
5.066666666666666
1.7777777777777777
28.01111111111111
6.766666666666667
2.7666666666666666
14.988888888888889
46.62222222222223
31.955555555555556
3.2888888888888888
9.066666666666666
1.0666666666666667
3.9555555555555557
10.844444444444443
2.488888888888889
1.9555555555555555
0.9333333333333333
3.5555555555555554
28.177777777777777
99.28888888888889
1.1222222222222222
58.455555555555556
43.611111111111114
0.9333333333333333
27.433333333333334
45.12222222222222
20.1
6.933333333333334
1.0666666666666667
2.1
5.166666666666667
1.511111111111111
4.1000000000000005
4.677777777777778
10.677777777777777
1.8777777777777778
2.7666666666666666
5.566666666666666
10.844444444444445
2.677777777777778
4.677777777777778
3.1666666666666665
0.4444444444444444
35.955555555555556
4.766666666666667
1.7333333333333334
1.1666666666666667
7.877777777777778
42.17777777777778
1.8333333333333333
1.3777777777777778
10.011111111111111
8.71111111111111
9.511111111111111
5.6
3.2111111111111112
2.2777777777777777
1.6
2.1
1.3777777777777778
114.62222222222222
3.1555555555555554
7.788888888888889
2.0555555555555554
2.011111111111111
5.788888888888889
3.4333333333333336
4.1
3.1222222222222222
15.155555555555555
1.4333333333333333
1.1555555555555554
1.1555555555555554
3.111111111111111
1.6
1.3777777777777778
7.166666666666667
1.788888888888889
27.733333333333334
2.6222222222222222
2.5444444444444443
82.01111111111112
20.844444444444445
1.6555555555555554
2.6222222222222222
3.3333333333333335
1.6
8.666666666666666
5.877777777777777
8.4
8.722222222222221
5.6
4.455555555555556
68.93333333333334
17.288888888888888
58.01111111111111
36.84444444444444
4.0
4.1
12.722222222222221
8.322222222222223
4.622222222222223
2.677777777777778
5.955555555555556
8.266666666666667
7.122222222222223
8.71111111111111
10.711111111111112
8.044444444444444
3.9555555555555557
8.722222222222221
1.511111111111111
8.88888888888889
12.444444444444445
14.488888888888889
7.6
6.844444444444444
4.5
17.211111111111112
8.933333333333334
5.155555555555556
5.433333333333334
5.122222222222223
4.322222222222223
6.722222222222222
4.233333333333333
8.944444444444445
4.666666666666667
22.72222222222222
10.766666666666667
8.933333333333334
14.177777777777777
12.844444444444445
15.288888888888888
8.488888888888889
19.822222222222223
26.5
26.98888888888889
12.677777777777777
17.51111111111111
72.17777777777778
36.544444444444444
82.54444444444444
33.82222222222222
5.344444444444444
3.8222222222222224
8.677777777777777
6.488888888888889
14.488888888888889
6.8999999999999995
5.777777777777778
5.6
4.277777777777778
4.044444444444444
6.322222222222223
2.488888888888889
3.655555555555556
13.344444444444445
10.899999999999999
20.4
10.622222222222222
10.0
10.1
3.822222222222222
5.111111111111111
5.955555555555556
1.9555555555555555
3.6555555555555554
2.2333333333333334
14.233333333333333
7.555555555555555
8.4
8.488888888888889
2.888888888888889
90.72222222222223
12.666666666666666
2.3222222222222224
2.488888888888889
7.122222222222223
5.511111111111111
6.544444444444444
41.78888888888889
59.55555555555556
17.377777777777776
4.455555555555556
22.544444444444444
4.4
8.988888888888889
16.677777777777777
12.666666666666666
5.166666666666667
5.066666666666666
6.277777777777778
13.155555555555555
6.844444444444444
6.266666666666667
4.622222222222223
20.444444444444443
2.8444444444444446
5.344444444444444
2.4555555555555557
4.177777777777778
9.6
7.066666666666666
9.6
6.177777777777778
7.822222222222222
12.177777777777777
5.833333333333333
4.544444444444444
14.277777777777779
4.044444444444444
3.433333333333333
8.4
10.766666666666667
0.9333333333333333
9.777777777777779
9.955555555555556
3.6555555555555554
3.788888888888889
16.444444444444443
6.177777777777778
2.7666666666666666
4.4
13.21111111111111
103.82222222222222
9.61111111111111
15.433333333333334
13.955555555555554
3.8777777777777778
6.177777777777777
5.344444444444444
4.988888888888889
1.3777777777777778
2.7666666666666666
3.2111111111111112
5.155555555555556
3.066666666666667
3.2888888888888888
4.711111111111111
5.388888888888889
4.011111111111111
8.222222222222221
4.944444444444445
11.788888888888888
0.7666666666666666
2.988888888888889
4.177777777777778
10.5
15.566666666666666
4.233333333333333
1.4333333333333333
2.488888888888889
5.211111111111111
2.2333333333333334
104.44444444444444
81.21111111111111
6.766666666666667
19.211111111111112
81.28888888888889
47.15555555555556
3.2111111111111112
77.15555555555555
74.4
26.055555555555557
89.28888888888889
14.544444444444444
52.455555555555556
5.733333333333333
4.9
2.0444444444444443
2.5444444444444443
99.87777777777778
32.93333333333334
0.9333333333333333
53.733333333333334
3.511111111111111
3.1666666666666665
4.177777777777778
6.4
3.566666666666667
62.98888888888889
2.1
3.3777777777777778
4.622222222222223
1.3888888888888888
2.3222222222222224
11.211111111111112
31.877777777777776
2.933333333333333
4.844444444444444
4.322222222222223
59.43333333333334
82.0111111111111
11.11111111111111
5.822222222222222
2.177777777777778
8.766666666666667
19.955555555555556
1.5555555555555556
6.711111111111111
2.4555555555555557
3.9555555555555557
6.844444444444444
28.98888888888889
8.177777777777777
2.4555555555555557
5.6
1.5999999999999999
6.5
3.3333333333333335
9.211111111111112
12.1
2.9333333333333336
10.844444444444443
6.1000000000000005
5.833333333333333
14.488888888888889
8.4
2.5444444444444443
6.3999999999999995
2.2666666666666666
14.722222222222221
3.4333333333333336
4.5
4.888888888888889
1.8222222222222222
8.011111111111111
2.888888888888889
5.288888888888889
1.8222222222222222
8.222222222222221
6.011111111111111
7.822222222222223
1.6555555555555554
6.1000000000000005
5.733333333333333
7.566666666666666
3.1222222222222222
5.955555555555556
1.7333333333333334
2.6777777777777776
3.066666666666667
4.1
12.455555555555556
2.6222222222222222
10.88888888888889
4.444444444444445
4.322222222222222
3.8333333333333335
4.266666666666667
5.822222222222222
8.944444444444445
2.011111111111111
5.333333333333333
3.1222222222222222
0.4888888888888889
8.766666666666667
1.5666666666666667
1.5666666666666667
2.6777777777777776
3.1666666666666665
2.888888888888889
2.4444444444444446
4.844444444444444
6.233333333333333
1.9555555555555555
2.933333333333333
2.2666666666666666
1.511111111111111
2.7666666666666666
4.5
38.233333333333334
69.65555555555555
5.555555555555555
2.322222222222222
4.044444444444444
1.1555555555555557
3.1222222222222222
16.22222222222222
3.7333333333333334
4.1000000000000005
4.0
9.377777777777778
2.488888888888889
1.7777777777777777
23.655555555555555
0.9888888888888888
2.2666666666666666
40.888888888888886
3.6
1.788888888888889
1.3888888888888888
2.5444444444444447
1.1666666666666667
2.9444444444444446
4.222222222222222
5.066666666666666
32.62222222222222
3.6555555555555554
3.5555555555555554
2.4555555555555557
3.611111111111111
3.6555555555555554
4.622222222222223
1.3444444444444443
2.322222222222222
4.266666666666667
1.1222222222222222
2.0
46.84444444444444
65.82222222222222
131.34444444444443
2.7666666666666666
18.93333333333333
2.488888888888889
4.222222222222222
1.5666666666666667
0.6222222222222222
7.155555555555556
39.833333333333336
10.055555555555555
3.2111111111111112
3.7333333333333334
4.711111111111111
8.322222222222223
3.111111111111111
2.988888888888889
20.32222222222222
0.9888888888888888
20.88888888888889
21.377777777777776
1.288888888888889
2.4555555555555557
6.844444444444445
1.6555555555555554
2.7111111111111112
1.5555555555555556
5.955555555555556
19.122222222222224
4.277777777777778
2.6666666666666665
5.555555555555555
4.177777777777778
2.6666666666666665
3.5555555555555554
14.0
5.6000000000000005
72.9
22.62222222222222
3.7777777777777777
5.6000000000000005
4.0
14.722222222222221
3.566666666666667
13.788888888888888
2.5444444444444443
5.066666666666666
3.1666666666666665
0.9888888888888888
1.3444444444444446
1.288888888888889
9.833333333333334
27.877777777777776
6.011111111111111
2.0
4.177777777777778
6.011111111111111
0.6777777777777778
3.155555555555556
1.6555555555555554
0.9333333333333333
4.177777777777778
2.3222222222222224
1.7777777777777777
7.288888888888889
7.344444444444445
31.066666666666666
7.566666666666666
18.933333333333334
9.333333333333334
36.044444444444444
36.71111111111111
44.455555555555556
1.0666666666666667
3.1666666666666665
4.933333333333334
4.266666666666667
6.322222222222222
14.4
11.822222222222223
26.266666666666666
4.4
6.544444444444444
2.4555555555555557
4.177777777777778
0.6777777777777777
62.05555555555556
17.955555555555556
2.011111111111111
2.6222222222222222
57.611111111111114
66.17777777777778
49.82222222222222
79.12222222222222
95.43333333333334
2.2666666666666666
1.3777777777777778
40.98888888888889
66.94444444444444
75.56666666666666
70.66666666666667
49.82222222222222
52.9
18.266666666666666
12.844444444444443
19.38888888888889
11.6
34.266666666666666
82.26666666666667
54.9
30.98888888888889
17.288888888888888
63.955555555555556
24.266666666666666
34.044444444444444
96.94444444444444
23.877777777777776
61.77777777777778
13.344444444444445
19.288888888888888
22.044444444444444
55.34444444444444
67.82222222222222
21.833333333333332
7.211111111111111
7.566666666666666
76.4
79.65555555555555
92.23333333333333
14.322222222222223
11.833333333333334
25.37777777777778
27.61111111111111
23.51111111111111
29.788888888888888
34.93333333333334
20.5
10.444444444444445
14.4
8.9
67.65555555555555
17.166666666666668
21.6
75.56666666666666
70.4888888888889
76.93333333333334
32.48888888888889
17.877777777777776
30.48888888888889
48.766666666666666
103.82222222222222
179.87777777777777
79.95555555555555
30.1
23.822222222222223
22.322222222222223
19.211111111111112
35.288888888888884
52.666666666666664
32.666666666666664
24.9
38.22222222222222
25.877777777777776
26.488888888888887
40.44444444444444
13.377777777777778
19.122222222222224
5.344444444444444
15.733333333333333
9.155555555555555
4.233333333333333
1.6555555555555554
4.711111111111111
5.344444444444444
0.23333333333333334
65.78888888888889
9.733333333333334
16.98888888888889
26.23333333333333
11.28888888888889
2.4
6.933333333333334
3.566666666666667
64.17777777777778
30.23333333333333
84.26666666666667
65.5111111111111
93.15555555555555
48.32222222222222
6.177777777777778
4.722222222222222
11.822222222222223
6.444444444444445
80.05555555555556
24.22222222222222
73.73333333333333
29.877777777777776
33.43333333333334
40.72222222222222
46.94444444444444
140.5
64.23333333333333
63.06666666666666
20.22222222222222
26.32222222222222
2.933333333333333
4.888888888888889
40.62222222222222
24.9
73.06666666666666
31.655555555555555
4.488888888888889
8.844444444444445
5.155555555555556
10.055555555555555
38.22222222222222
66.93333333333334
29.377777777777776
35.733333333333334
4.266666666666667
8.444444444444445
74.45555555555556
3.611111111111111
26.933333333333334
13.433333333333334
10.9
6.0
0.5444444444444444
3.7777777777777777
18.622222222222224
29.21111111111111
10.988888888888889
28.5
7.788888888888889
6.011111111111111
1.9555555555555557
24.055555555555557
35.06666666666666
2.1
98.84444444444445
25.73333333333333
62.67777777777778
0.5
4.444444444444445
1.1555555555555557
2.9
8.266666666666667
25.344444444444445
43.28888888888889
99.28888888888889
66.17777777777778
2.2666666666666666
1.1666666666666667
3.5555555555555554
100.67777777777778
85.95555555555556
44.4
1.7777777777777777
2.011111111111111
6.044444444444444
19.733333333333334
2.888888888888889
10.322222222222223
28.27777777777778
16.844444444444445
14.766666666666667
69.5111111111111
72.0
39.12222222222222
83.37777777777778
46.62222222222222
2.7222222222222223
15.6
7.511111111111111
1.1222222222222222
9.066666666666666
0.9888888888888888
23.155555555555555
1.5666666666666667
24.0
9.566666666666666
3.1555555555555554
1.4333333333333333
4.322222222222222
3.9555555555555557
21.788888888888888
1.7333333333333334
61.15555555555555
13.155555555555555
4.177777777777778
7.655555555555556
1.7777777777777777
62.455555555555556
13.211111111111112
5.333333333333333
2.2333333333333334
4.4
12.622222222222222
0.9888888888888888
3.1555555555555554
2.2777777777777777
3.4333333333333336
56.93333333333333
104.84444444444443
12.622222222222222
21.377777777777776
13.6
2.2777777777777777
2.9
9.333333333333334
3.1222222222222222
1.211111111111111
4.044444444444444
3.7888888888888888
2.988888888888889
3.2111111111111112
2.4
3.066666666666667
3.7333333333333334
1.6111111111111112
2.4
4.0
1.6555555555555554
0.7666666666666666
2.4
2.4555555555555557
3.8222222222222224
1.7333333333333334
0.8999999999999999
2.6777777777777776
5.777777777777778
4.711111111111111
1.8777777777777778
2.4555555555555557
54.98888888888889
0.7111111111111111
4.177777777777778
2.2222222222222223
4.677777777777778
0.9
2.2777777777777777
1.9555555555555555
2.988888888888889
1.8777777777777778
0.2777777777777778
3.3444444444444446
2.6222222222222222
3.2888888888888888
1.9555555555555555
3.1555555555555554
4.488888888888889
2.1
2.7111111111111112
8.71111111111111
2.9444444444444446
2.4
2.988888888888889
4.0
32.1
19.6
14.444444444444445
32.4
6.488888888888889
19.166666666666668
6.011111111111111
3.1222222222222222
3.1555555555555554
1.0666666666666667
3.566666666666667
1.0666666666666667
10.71111111111111
2.2777777777777777
7.155555555555556
17.12222222222222
3.6555555555555554
3.5555555555555554
1.6
3.3333333333333335
2.177777777777778
2.6666666666666665
1.8777777777777778
37.56666666666666
4.622222222222223
3.1555555555555554
0.4
6.933333333333334
2.0444444444444443
2.0
1.6
4.488888888888889
2.7666666666666666
1.3777777777777778
2.3222222222222224
2.0555555555555554
84.5
32.44444444444444
70.44444444444444
2.2222222222222223
16.488888888888887
8.455555555555556
36.455555555555556
77.95555555555556
8.488888888888889
5.066666666666666
4.322222222222222
1.3777777777777778
4.444444444444445
92.23333333333333
25.788888888888888
56.766666666666666
20.677777777777777
88.48888888888888
17.211111111111112
25.51111111111111
5.833333333333333
2.7111111111111112
2.7111111111111112
4.044444444444444
4.622222222222223
5.288888888888889
7.333333333333333
3.8777777777777778
2.0
1.4333333333333333
35.21111111111111
1.6555555555555557
0.9333333333333333
0.2777777777777778
8.233333333333333
3.7333333333333334
0.5444444444444444
2.6222222222222222
2.5444444444444443
9.78888888888889
2.7666666666666666
122.76666666666667
45.12222222222222
10.933333333333334
16.88888888888889
3.7333333333333334
6.711111111111111
5.822222222222222
6.455555555555556
5.733333333333333
1.7333333333333334
1.1555555555555557
6.044444444444444
22.322222222222223
8.488888888888889
5.066666666666666
40.1
18.177777777777777
5.833333333333333
6.177777777777778
11.6
4.044444444444444
5.555555555555555
8.055555555555555
7.877777777777778
44.1
9.333333333333334
54.72222222222222
5.511111111111111
4.988888888888889
2.4
31.288888888888888
14.1
67.15555555555555
46.233333333333334
6.5
8.011111111111111
1.3888888888888888
5.066666666666666
13.555555555555555
11.566666666666666
1.8777777777777778
4.488888888888889
13.511111111111111
19.51111111111111
10.455555555555556
2.1
10.4
4.0
6.722222222222222
12.455555555555556
17.73333333333333
5.377777777777778
6.677777777777778
4.322222222222222
17.833333333333332
2.933333333333333
8.233333333333333
14.322222222222223
9.833333333333334
7.788888888888889
3.566666666666667
4.844444444444444
0.4444444444444444
12.544444444444444
0.48888888888888893
27.377777777777776
8.1
13.822222222222223
3.8777777777777778
4.933333333333334
41.6
10.666666666666666
2.3222222222222224
33.6
21.566666666666666
0.26666666666666666
2.0444444444444443
0.8444444444444444
10.177777777777777
5.166666666666667
11.788888888888888
4.266666666666667
6.444444444444445
5.166666666666667
0.6222222222222222
12.011111111111111
1.788888888888889
3.1222222222222222
3.2888888888888888
4.177777777777778
3.111111111111111
2.4
2.4444444444444446
13.833333333333334
11.655555555555555
10.71111111111111
14.677777777777777
38.9
21.066666666666666
3.788888888888889
2.2222222222222223
3.8222222222222224
11.822222222222223
8.622222222222222
4.1000000000000005
63.955555555555556
4.444444444444445
26.48888888888889
13.955555555555556
4.5
3.1555555555555554
2.5
2.7666666666666666
2.6666666666666665
7.211111111111111
2.5444444444444447
1.6555555555555554
1.4333333333333333
11.566666666666666
23.433333333333334
30.01111111111111
1.1222222222222222
4.622222222222223
2.0555555555555554
3.9555555555555557
5.655555555555556
2.6777777777777776
2.933333333333333
0.9888888888888888
3.066666666666667
5.877777777777778
0.9444444444444444
14.277777777777779
2.933333333333333
3.1222222222222222
7.788888888888889
1.5555555555555556
2.9333333333333336
5.155555555555556
3.6
1.6555555555555554
4.544444444444444
5.555555555555555
1.7333333333333334
2.7666666666666666
4.677777777777778
4.266666666666667
25.155555555555555
18.766666666666666
24.322222222222223
7.955555555555556
10.844444444444445
10.177777777777777
0.9888888888888888
3.4333333333333336
12.988888888888889
59.82222222222222
18.9
54.98888888888889
3.3333333333333335
0.48888888888888893
50.17777777777778
17.733333333333334
2.6222222222222222
2.488888888888889
1.7333333333333334
3.511111111111111
6.711111111111111
2.011111111111111
1.6
3.566666666666667
1.788888888888889
2.2333333333333334
1.8222222222222222
4.5
6.488888888888889
2.5
4.666666666666667
3.1666666666666665
2.677777777777778
6.444444444444445
1.7333333333333334
2.4555555555555557
2.7111111111111112
3.1555555555555554
3.7333333333333334
3.3777777777777778
6.766666666666667
4.711111111111111
3.9555555555555557
2.6666666666666665
0.9
2.5444444444444443
3.1555555555555554
1.9555555555555555
1.1555555555555557
2.1777777777777776
0.7666666666666666
5.655555555555556
1.3444444444444446
2.4555555555555557
2.4
5.122222222222223
23.155555555555555
6.0
0.7111111111111111
3.8333333333333335
6.544444444444444
39.733333333333334
9.155555555555555
3.7777777777777777
36.01111111111111
6.677777777777778
5.788888888888889
4.455555555555556
2.4555555555555557
9.166666666666666
6.044444444444444
20.5
4.455555555555556
6.322222222222222
7.833333333333333
4.455555555555556
20.544444444444444
18.27777777777778
8.988888888888889
14.011111111111111
17.51111111111111
0.3222222222222222
5.344444444444444
3.1555555555555554
3.566666666666667
6.1000000000000005
8.455555555555556
3.8222222222222224
20.544444444444444
4.622222222222223
5.066666666666666
2.888888888888889
3.4333333333333336
3.9555555555555557
3.7333333333333334
3.1555555555555554
1.288888888888889
4.322222222222222
4.322222222222222
3.111111111111111
5.155555555555556
5.555555555555555
5.833333333333333
5.955555555555556
3.9555555555555557
4.4
3.3444444444444446
4.711111111111111
9.211111111111112
1.8777777777777778
5.611111111111111
2.4555555555555557
2.488888888888889
5.566666666666666
2.4555555555555557
2.2222222222222223
1.788888888888889
7.822222222222222
1.3333333333333333
7.877777777777778
2.988888888888889
1.7333333333333334
4.544444444444444
5.288888888888889
4.666666666666667
9.377777777777778
5.211111111111111
5.111111111111111
18.322222222222223
4.677777777777778
15.066666666666666
4.9
2.0
3.7777777777777777
4.544444444444444
2.677777777777778
10.9
7.155555555555556
6.177777777777778
5.822222222222222
3.4333333333333336
7.344444444444444
14.4
7.333333333333333
2.888888888888889
2.4
7.166666666666667
3.8333333333333335
8.5
8.844444444444445
1.7888888888888888
6.055555555555555
6.277777777777778
6.933333333333334
4.9
3.511111111111111
1.6
1.8777777777777778
2.7222222222222223
2.933333333333333
1.4333333333333333
1.3888888888888888
5.122222222222223
2.488888888888889
4.322222222222222
31.155555555555555
62.9
15.333333333333334
8.622222222222222
4.277777777777778
7.788888888888889
4.1
3.1222222222222222
3.7777777777777777
4.988888888888889
16.01111111111111
35.511111111111106
32.98888888888889
6.666666666666667
25.877777777777776
6.766666666666667
3.4333333333333336
2.9444444444444446
3.5555555555555554
4.1000000000000005
8.444444444444445
2.5444444444444447
8.222222222222221
10.722222222222221
8.4
20.322222222222223
18.544444444444444
2.2222222222222223
4.5
4.544444444444444
4.044444444444444
10.622222222222222
12.9
14.844444444444445
25.166666666666668
6.933333333333334
5.333333333333333
3.3444444444444446
1.9555555555555555
2.488888888888889
6.177777777777778
2.5
22.27777777777778
30.766666666666666
13.833333333333334
7.733333333333333
2.1
6.011111111111111
11.6
6.622222222222223
85.56666666666666
71.87777777777778
13.344444444444443
17.6
5.122222222222223
6.044444444444444
40.17777777777778
6.677777777777778
5.166666666666667
2.988888888888889
2.8444444444444446
3.4333333333333336
10.4
2.2333333333333334
24.677777777777777
8.011111111111111
11.511111111111111
2.3222222222222224
19.6
8.222222222222221
9.6
8.444444444444445
2.3222222222222224
5.433333333333334
7.155555555555556
1.3777777777777778
8.0
5.288888888888889
9.155555555555555
18.044444444444444
15.822222222222223
15.433333333333334
8.011111111111111
20.711111111111112
7.344444444444444
84.76666666666667
123.61111111111111
2.1777777777777776
2.2666666666666666
2.1
1.6
7.333333333333333
4.933333333333334
3.7333333333333334
6.455555555555556
6.444444444444445
4.1
6.011111111111111
2.4
11.122222222222222
5.288888888888889
2.2333333333333334
2.1
4.988888888888889
9.433333333333334
3.6555555555555554
4.266666666666667
5.511111111111111
3.8777777777777778
4.488888888888889
4.222222222222222
4.266666666666667
6.1
5.155555555555556
3.822222222222222
6.933333333333334
3.7333333333333334
4.444444444444445
4.455555555555556
3.066666666666667
2.1777777777777776
4.488888888888889
4.011111111111111
2.3222222222222224
2.888888888888889
4.766666666666667
1.5666666666666667
1.8777777777777778
1.3777777777777778
1.511111111111111
2.0
3.9555555555555557
2.7666666666666666
1.511111111111111
2.011111111111111
2.011111111111111
0.9
1.3777777777777778
1.3444444444444446
2.1
2.5444444444444443
3.066666666666667
8.322222222222223
29.155555555555555
31.344444444444445
61.34444444444444
30.01111111111111
15.333333333333334
4.044444444444444
106.22222222222223
0.26666666666666666
3.3777777777777778
2.933333333333333
1.511111111111111
2.0444444444444443
22.044444444444444
5.111111111111111
1.6555555555555554
3.1222222222222222
3.1555555555555554
0.6222222222222222
2.1
37.15555555555555
7.344444444444444
0.9444444444444444
7.611111111111111
3.4333333333333336
9.655555555555555
1.1111111111111112
2.5
2.488888888888889
4.044444444444444
0.4
2.7111111111111112
2.9
6.9
2.0444444444444443
2.4555555555555557
2.4
2.1
3.288888888888889
2.677777777777778
2.6666666666666665
10.266666666666667
3.1666666666666665
1.3333333333333333
4.044444444444444
0.9333333333333333
4.455555555555556
2.3222222222222224
10.322222222222223
1.1111111111111112
0.6777777777777778
3.8777777777777778
3.066666666666667
0.6777777777777778
2.3222222222222224
4.944444444444445
3.3444444444444446
7.111111111111111
3.388888888888889
2.4
5.511111111111111
13.955555555555556
3.1666666666666665
5.388888888888889
6.277777777777778
4.277777777777778
3.7888888888888888
3.3777777777777778
0.9333333333333333
2.8444444444444446
1.5666666666666667
0.45555555555555555
7.733333333333333
2.6222222222222222
3.511111111111111
0.8444444444444444
1.3888888888888888
3.2111111111111112
1.1222222222222222
1.6555555555555554
4.1000000000000005
1.3777777777777778
3.2111111111111112
3.066666666666667
4.4
1.9555555555555555
1.8333333333333333
1.9555555555555555
2.488888888888889
1.3777777777777778
1.511111111111111
27.288888888888888
1.3777777777777778
27.82222222222222
0.9333333333333333
1.7777777777777777
0.8444444444444444
22.055555555555557
3.9555555555555557
3.8222222222222224
7.511111111111111
75.33333333333333
4.322222222222222
3.2111111111111112
47.55555555555556
5.122222222222223
10.711111111111112
2.8444444444444446
6.666666666666667
0.7666666666666666
1.6555555555555557
7.377777777777778
13.733333333333333
3.4333333333333336
4.844444444444444
33.6
5.877777777777778
3.8777777777777778
0.7666666666666666
2.7111111111111112
4.622222222222223
2.8444444444444446
9.788888888888888
7.388888888888889
22.444444444444443
5.877777777777778
3.6555555555555554
3.433333333333333
3.288888888888889
1.1222222222222222
4.766666666666667
0.4
0.3222222222222222
4.266666666666667
49.06666666666666
4.933333333333334
25.51111111111111
62.4
40.4
0.9888888888888888
2.9333333333333336
3.1222222222222222
47.21111111111111
13.955555555555556
17.155555555555555
2.988888888888889
4.488888888888889
0.9888888888888888
2.4555555555555557
3.7333333333333334
8.0
7.377777777777778
1.1555555555555554
37.21111111111111
110.54444444444444
1.6555555555555554
9.6
8.722222222222221
63.37777777777777
26.48888888888889
60.5
43.37777777777777
41.111111111111114
19.6
44.455555555555556
107.15555555555555
93.5111111111111
76.54444444444444
31.38888888888889
104.5
1.6555555555555557
62.32222222222222
2.6666666666666665
5.155555555555556
9.6
4.455555555555556
4.011111111111111
2.677777777777778
1.3333333333333333
20.622222222222224
5.211111111111111
2.5444444444444443
2.0555555555555554
1.211111111111111
67.73333333333333
68.4888888888889
2.177777777777778
1.288888888888889
4.544444444444444
1.1666666666666667
47.28888888888889
24.5
0.7666666666666666
27.38888888888889
1.1222222222222222
5.733333333333333
0.9333333333333333
91.65555555555555
29.788888888888888
27.433333333333334
83.12222222222222
1.1222222222222222
2.7222222222222223
156.84444444444443
90.04444444444444
24.71111111111111
0.7111111111111111
31.38888888888889
1.9555555555555555
56.22222222222222
5.566666666666666
8.1
0.7111111111111111
66.17777777777778
31.566666666666666
2.2333333333333334
57.82222222222222
1.1222222222222222
4.233333333333333
44.455555555555556
2.988888888888889
48.266666666666666
54.5
49.55555555555556
20.488888888888887
12.844444444444445
50.67777777777778
66.27777777777777
3.7888888888888888
3.2888888888888888
23.51111111111111
33.56666666666666
57.15555555555555
6.677777777777778
48.233333333333334
79.5111111111111
3.8777777777777778
4.1
106.54444444444444
74.45555555555556
3.2888888888888888
3.433333333333333
8.677777777777777
8.011111111111111
39.43333333333333
128.04444444444445
3.511111111111111
1.211111111111111
4.9
11.433333333333334
29.288888888888888
155.11111111111111
89.15555555555555
1.3444444444444446
24.711111111111112
16.4
105.56666666666666
0.9333333333333333
31.066666666666666
78.27777777777777
3.8333333333333335
66.4888888888889
60.22222222222222
65.87777777777778
74.84444444444445
5.111111111111111
1.5666666666666667
1.0666666666666667
2.4555555555555557
5.611111111111111
25.066666666666666
2.2333333333333334
44.544444444444444
0.6666666666666666
1.0666666666666667
2.2333333333333334
1.511111111111111
2.7666666666666666
3.566666666666667
18.233333333333334
1.0666666666666667
4.722222222222222
30.0
11.955555555555556
44.1
18.4
0.9
5.388888888888889
15.122222222222222
2.9
1.1111111111111112
23.166666666666668
10.1
6.488888888888889
2.8444444444444446
3.8777777777777778
2.0555555555555554
37.87777777777778
6.055555555555555
14.177777777777777
2.2666666666666666
6.888888888888889
9.377777777777778
9.788888888888888
7.511111111111111
9.433333333333334
10.011111111111111
5.788888888888889
1.211111111111111
24.84444444444444
5.733333333333333
30.766666666666666
6.722222222222222
13.344444444444443
15.11111111111111
56.17777777777778
32.32222222222222
5.511111111111111
12.9
43.21111111111111
13.344444444444443
4.544444444444444
2.6222222222222222
17.11111111111111
6.944444444444445
80.04444444444444
51.611111111111114
108.44444444444444
11.511111111111111
1.788888888888889
2.7666666666666666
2.322222222222222
46.84444444444445
3.511111111111111
80.32222222222222
89.37777777777778
44.01111111111111
126.45555555555556
2.2333333333333334
60.233333333333334
104.23333333333333
69.77777777777777
2.6222222222222222
65.21111111111111
11.955555555555556
2.6777777777777776
21.788888888888888
14.722222222222221
37.56666666666667
5.344444444444444
3.7333333333333334
5.877777777777778
44.93333333333333
2.888888888888889
5.955555555555556
2.8444444444444446
21.77777777777778
6.011111111111111
5.166666666666667
7.388888888888889
18.48888888888889
6.5
4.455555555555556
2.6666666666666665
1.5666666666666667
12.711111111111112
10.933333333333334
1.211111111111111
9.6
23.066666666666666
3.511111111111111
8.722222222222221
0.7111111111111111
5.733333333333333
1.8777777777777778
5.066666666666666
2.4555555555555557
38.400000000000006
4.933333333333334
7.288888888888889
16.27777777777778
9.566666666666666
1.788888888888889
2.6222222222222222
0.7666666666666666
4.622222222222223
1.8777777777777778
1.7333333333333334
0.3222222222222222
4.944444444444445
1.1111111111111112
3.3777777777777778
3.788888888888889
1.1555555555555554
1.1111111111111112
0.6222222222222222
4.044444444444444
1.8222222222222222
1.1666666666666667
5.155555555555556
3.566666666666667
1.8222222222222222
4.011111111111111
0.8888888888888888
1.6555555555555554
0.5444444444444444
1.1666666666666667
1.7333333333333334
4.488888888888889
4.888888888888889
5.6
7.877777777777778
2.677777777777778
2.988888888888889
1.3888888888888888
0.6777777777777777
3.511111111111111
3.2888888888888888
2.988888888888889
2.0
0.9
5.333333333333333
1.788888888888889
1.3888888888888888
4.222222222222222
1.211111111111111
1.6555555555555554
1.788888888888889
2.5444444444444443
0.8888888888888888
1.8222222222222222
1.3777777777777778
0.7111111111111111
0.9333333333333333
1.8777777777777778
2.322222222222222
3.3444444444444446
2.2666666666666666
0.5444444444444444
0.48888888888888893
0.26666666666666666
0.7666666666666666
2.6222222222222222
3.8333333333333335
1.6555555555555554
1.0666666666666667
0.7666666666666666
2.7666666666666666
1.788888888888889
2.2777777777777777
0.9888888888888888
2.2777777777777777
5.433333333333334
2.1777777777777776
3.3333333333333335
3.7777777777777777
4.5
3.1666666666666665
3.3777777777777778
1.5666666666666667
3.511111111111111
1.0666666666666667
4.9
5.066666666666666
1.3444444444444446
2.677777777777778
2.6777777777777776
2.4555555555555557
2.0444444444444443
10.766666666666667
6.011111111111111
3.511111111111111
1.5555555555555556
1.7777777777777777
1.6555555555555557
5.111111111111111
2.0444444444444443
3.7333333333333334
1.8777777777777778
4.711111111111111
7.433333333333334
1.5555555555555556
2.488888888888889
10.0
2.488888888888889
2.0444444444444443
1.211111111111111
4.9
2.7666666666666666
2.1777777777777776
2.0555555555555554
72.23333333333333
3.4333333333333336
1.211111111111111
7.788888888888889
44.455555555555556
2.8444444444444446
1.788888888888889
1.1666666666666667
1.0666666666666667
5.877777777777778
8.677777777777777
39.6
4.544444444444444
6.666666666666667
30.455555555555556
12.1
2.988888888888889
16.444444444444443
3.8222222222222224
2.6222222222222222
1.7333333333333334
4.988888888888889
2.011111111111111
49.955555555555556
4.766666666666667
1.3777777777777778
2.1
2.7111111111111112
1.3333333333333333
2.7666666666666666
0.6777777777777778
4.766666666666667
7.066666666666666
14.488888888888889
59.21111111111111
2.0
11.21111111111111
6.044444444444444
5.955555555555556
5.066666666666666
3.8777777777777778
5.877777777777778
3.8222222222222224
7.955555555555555
6.044444444444444
6.944444444444445
7.733333333333333
4.4
3.5999999999999996
5.611111111111111
12.766666666666667
7.566666666666666
13.788888888888888
14.844444444444445
54.32222222222222
12.677777777777777
4.0
5.388888888888889
2.8444444444444446
3.3444444444444446
3.6
8.011111111111111
2.3222222222222224
1.5555555555555556
1.3777777777777778
5.166666666666667
12.1
11.78888888888889
40.9
5.611111111111111
10.933333333333334
2.6666666666666665
5.377777777777777
3.3333333333333335
2.4555555555555557
5.333333333333333
3.511111111111111
3.5555555555555554
2.488888888888889
1.7333333333333334
6.277777777777778
3.3333333333333335
2.488888888888889
4.266666666666667
4.933333333333334
3.3777777777777778
3.8333333333333335
6.544444444444444
4.322222222222222
4.677777777777778
6.677777777777778
2.6222222222222222
5.333333333333333
0.7666666666666666
3.2111111111111112
4.766666666666667
5.122222222222223
2.4444444444444446
6.488888888888889
1.5999999999999999
2.9333333333333336
3.3777777777777778
3.1222222222222222
4.988888888888889
5.511111111111111
7.555555555555555
1.5555555555555556
5.344444444444444
3.155555555555556
7.877777777777778
7.122222222222223
4.177777777777778
4.455555555555556
6.711111111111111
8.055555555555555
5.066666666666666
3.8777777777777778
10.0
13.377777777777778
19.77777777777778
6.055555555555555
6.9
12.488888888888889
21.6
12.322222222222223
14.488888888888889
25.38888888888889
25.433333333333334
29.61111111111111
21.288888888888888
15.566666666666666
3.9555555555555557
4.444444444444445
6.233333333333333
4.4
5.111111111111111
4.044444444444444
9.28888888888889
6.177777777777778
3.8777777777777778
6.055555555555555
20.5
4.1
3.6
5.788888888888889
5.211111111111111
7.155555555555556
4.455555555555556
3.2888888888888888
11.066666666666666
11.511111111111111
9.555555555555555
11.877777777777778
8.677777777777777
6.4
8.844444444444445
2.988888888888889
12.5
9.78888888888889
15.155555555555555
2.988888888888889
25.73333333333333
16.933333333333334
7.122222222222223
11.955555555555556
4.044444444444444
10.88888888888889
11.377777777777778
10.488888888888889
4.9
1.7888888888888888
12.622222222222222
10.4
12.722222222222221
2.1777777777777776
3.6
8.1
13.066666666666666
15.511111111111111
20.88888888888889
8.711111111111112
12.544444444444444
5.788888888888889
6.9
9.166666666666666
11.066666666666666
5.655555555555556
2.488888888888889
7.344444444444444
5.122222222222223
4.5
6.933333333333334
3.511111111111111
6.044444444444444
6.322222222222223
1.511111111111111
5.122222222222223
2.9333333333333336
3.8777777777777778
9.566666666666666
8.933333333333334
3.066666666666667
0.5
6.277777777777778
14.277777777777779
2.7666666666666666
6.4
5.377777777777778
5.066666666666666
5.166666666666667
4.011111111111111
6.011111111111111
7.733333333333333
3.4333333333333336
15.877777777777778
5.377777777777778
8.766666666666667
3.2888888888888888
3.3444444444444446
7.611111111111111
3.9555555555555557
2.1
4.233333333333333
2.6222222222222222
2.011111111111111
6.444444444444445
2.5444444444444443
6.677777777777778
5.377777777777778
6.488888888888889
4.488888888888889
5.511111111111111
1.3777777777777778
1.3777777777777778
7.288888888888889
7.211111111111111
3.2111111111111112
1.8777777777777778
2.2666666666666666
3.3444444444444446
3.1222222222222222
2.0
8.71111111111111
6.544444444444444
4.444444444444445
5.122222222222223
6.622222222222222
6.677777777777777
1.1222222222222222
3.6555555555555554
3.3777777777777778
0.9333333333333333
1.7333333333333334
0.45555555555555555
4.544444444444444
4.544444444444444
2.011111111111111
3.2888888888888888
2.2777777777777777
3.2111111111111112
5.155555555555556
3.3444444444444446
3.511111111111111
4.044444444444444
2.488888888888889
5.788888888888889
2.9
3.7333333333333334
7.122222222222223
5.511111111111111
15.344444444444445
4.988888888888889
4.044444444444444
3.5555555555555554
5.211111111111111
9.566666666666666
6.666666666666667
2.988888888888889
1.211111111111111
2.9333333333333336
6.844444444444445
3.1555555555555554
3.3777777777777778
7.822222222222222
1.8222222222222222
2.2222222222222223
3.566666666666667
2.4555555555555557
3.6555555555555554
7.122222222222223
4.9
1.788888888888889
2.2222222222222223
2.8444444444444446
1.7333333333333334
1.6555555555555554
2.933333333333333
2.2777777777777777
2.0555555555555554
9.377777777777778
3.4333333333333336
3.7888888888888888
4.233333333333333
1.511111111111111
5.155555555555556
2.488888888888889
6.055555555555555
2.7666666666666666
2.2777777777777777
3.066666666666667
1.3777777777777778
0.5
2.011111111111111
4.055555555555555
1.8777777777777778
1.4333333333333333
2.3222222222222224
4.4
2.988888888888889
3.7333333333333334
3.111111111111111
2.011111111111111
0.3222222222222222
1.6111111111111112
2.4
4.677777777777778
2.0444444444444443
2.5444444444444443
2.9444444444444446
6.011111111111111
5.066666666666666
7.155555555555556
3.066666666666667
55.21111111111111
1.5666666666666667
50.84444444444445
0.26666666666666666
0.26666666666666666
46.67777777777778
1.5666666666666667
67.82222222222222
110.48888888888888
2.1777777777777776
56.98888888888889
47.12222222222222
34.9
25.555555555555557
26.48888888888889
56.94444444444444
2.9
76.67777777777778
4.4
16.4
22.933333333333334
23.788888888888888
104.67777777777778
74.4888888888889
122.39999999999999
35.43333333333333
56.62222222222223
95.5111111111111
2.988888888888889
2.011111111111111
4.0
10.544444444444444
0.9
5.344444444444444
8.455555555555556
1.4333333333333333
5.333333333333333
0.4888888888888889
2.1
3.2111111111111112
0.4888888888888889
1.0666666666666667
9.877777777777778
3.111111111111111
52.98888888888889
47.55555555555556
59.12222222222222
84.04444444444444
19.733333333333334
3.3444444444444446
71.16666666666667
125.6
49.6
83.82222222222222
13.788888888888888
3.3777777777777778
36.544444444444444
26.9
28.27777777777778
93.73333333333333
51.788888888888884
60.888888888888886
22.9
16.711111111111112
14.455555555555554
17.6
49.65555555555555
28.266666666666666
6.8999999999999995
29.77777777777778
7.733333333333333
14.988888888888889
4.444444444444445
34.72222222222222
16.055555555555557
21.211111111111112
45.12222222222222
22.48888888888889
24.544444444444444
7.066666666666666
26.455555555555556
28.4
32.84444444444444
39.06666666666666
2.2777777777777777
21.433333333333334
2.488888888888889
4.666666666666667
2.4
44.1
25.333333333333332
101.06666666666666
2.4555555555555557
42.94444444444444
63.788888888888884
42.266666666666666
29.61111111111111
42.62222222222222
85.78888888888889
8.988888888888889
1.8777777777777778
4.9
57.65555555555555
3.066666666666667
61.37777777777777
0.5444444444444444
30.71111111111111
1.6555555555555557
0.8888888888888888
2.4444444444444446
3.511111111111111
4.888888888888889
6.488888888888889
2.1777777777777776
2.011111111111111
40.67777777777778
13.21111111111111
6.455555555555556
40.5
15.822222222222223
15.344444444444443
4.933333333333334
56.455555555555556
2.1
0.5444444444444444
0.8888888888888888
2.4
0.8888888888888888
38.266666666666666
6.044444444444444
6.1000000000000005
2.4
1.7333333333333334
3.4333333333333336
2.177777777777778
3.066666666666667
2.933333333333333
5.433333333333334
9.11111111111111
1.6555555555555554
7.822222222222222
4.1
4.766666666666667
7.955555555555556
8.488888888888889
0.9333333333333333
4.944444444444445
3.3333333333333335
3.3777777777777778
1.6555555555555554
14.722222222222221
2.2333333333333334
6.711111111111111
21.655555555555555
2.0444444444444443
4.944444444444445
3.6
4.177777777777778
7.833333333333333
4.666666666666667
2.7666666666666666
5.777777777777778
4.844444444444444
3.7888888888888888
1.211111111111111
1.6555555555555554
2.011111111111111
1.211111111111111
1.4333333333333333
2.177777777777778
6.766666666666667
3.655555555555556
4.544444444444444
0.7111111111111111
4.044444444444444
11.155555555555555
1.288888888888889
0.5444444444444444
0.5
9.833333333333334
68.89999999999999
139.15555555555554
65.87777777777778
4.622222222222223
4.711111111111111
5.288888888888889
50.455555555555556
39.6
34.666666666666664
46.93333333333334
50.17777777777778
61.733333333333334
34.044444444444444
2.8444444444444446
4.4
8.044444444444444
8.5
22.233333333333334
12.4
30.766666666666666
16.98888888888889
74.0111111111111
18.044444444444444
14.1
3.2888888888888888
1.7777777777777777
9.566666666666666
1.1222222222222222
0.5444444444444444
0.6666666666666666
0.48888888888888893
4.677777777777778
1.6
2.011111111111111
3.2888888888888888
1.3444444444444443
0.17777777777777778
1.6555555555555557
0.4
0.6222222222222222
2.8444444444444446
5.211111111111111
3.3444444444444446
1.1222222222222222
2.2777777777777777
1.5999999999999999
1.7777777777777777
1.8777777777777778
3.8777777777777778
8.011111111111111
10.1
4.622222222222223
13.377777777777778
16.766666666666666
10.844444444444443
1.7777777777777777
3.066666666666667
2.7666666666666666
4.888888888888889
2.0
1.6555555555555554
6.711111111111111
11.955555555555556
7.066666666666666
3.7888888888888888
3.1666666666666665
6.766666666666667
1.211111111111111
5.955555555555556
4.677777777777778
10.666666666666666
4.044444444444444
9.28888888888889
3.566666666666667
9.11111111111111
1.4333333333333333
7.611111111111111
25.377777777777776
8.844444444444445
7.066666666666666
5.655555555555556
2.011111111111111
14.1
10.844444444444443
10.766666666666667
5.822222222222222
12.399999999999999
3.611111111111111
8.5
5.433333333333334
1.6555555555555554
2.4
1.788888888888889
2.7111111111111112
3.5999999999999996
1.288888888888889
4.277777777777778
3.1222222222222222
3.2888888888888888
3.3777777777777778
4.888888888888889
4.266666666666667
2.9
3.8777777777777778
3.6
7.122222222222223
6.622222222222223
4.988888888888889
5.111111111111111
2.2777777777777777
13.566666666666666
6.322222222222223
4.444444444444445
3.7777777777777777
2.9
1.7777777777777777
2.011111111111111
5.877777777777778
2.7222222222222223
6.622222222222223
17.155555555555555
4.766666666666667
7.388888888888889
14.844444444444443
38.044444444444444
30.544444444444444
7.211111111111111
4.044444444444444
4.944444444444445
14.711111111111112
5.955555555555556
2.177777777777778
6.322222222222222
16.62222222222222
11.733333333333333
12.177777777777777
5.566666666666666
12.455555555555556
12.9
4.544444444444444
3.1222222222222222
4.988888888888889
5.111111111111111
8.1
3.066666666666667
8.0
10.677777777777777
16.444444444444443
6.622222222222223
21.155555555555555
7.822222222222223
10.677777777777777
2.011111111111111
3.4333333333333336
7.777777777777778
32.94444444444444
1.8333333333333333
13.211111111111112
4.544444444444444
6.4
10.011111111111111
12.488888888888889
11.11111111111111
8.277777777777779
7.733333333333333
8.544444444444444
12.044444444444444
15.288888888888888
11.433333333333334
15.822222222222223
6.766666666666667
4.488888888888889
17.433333333333334
7.6000000000000005
6.711111111111111
18.266666666666666
2.711111111111111
11.733333333333334
11.955555555555556
7.611111111111111
4.888888888888889
24.266666666666666
20.544444444444444
13.877777777777778
15.155555555555557
19.288888888888888
8.71111111111111
35.51111111111111
12.677777777777777
10.266666666666667
11.377777777777778
9.11111111111111
10.322222222222223
11.211111111111112
16.48888888888889
4.455555555555556
10.488888888888889
4.677777777777778
5.566666666666666
13.6
9.344444444444445
12.544444444444444
3.1555555555555554
9.955555555555556
6.011111111111111
6.944444444444445
13.555555555555555
15.566666666666666
5.288888888888889
8.622222222222222
10.055555555555555
6.944444444444445
11.344444444444445
5.122222222222223
6.711111111111111
8.011111111111111
2.0555555555555554
4.322222222222222
5.877777777777778
16.98888888888889
20.01111111111111
9.78888888888889
2.5
6.677777777777778
1.8222222222222222
4.9
2.7666666666666666
8.544444444444444
6.1
9.655555555555555
3.7888888888888888
6.177777777777778
19.155555555555555
19.73333333333333
11.733333333333333
28.84444444444444
7.511111111111111
24.1
7.066666666666666
9.166666666666666
7.511111111111111
8.4
10.1
6.177777777777778
2.4444444444444446
8.488888888888889
4.1000000000000005
11.511111111111111
26.933333333333334
2.488888888888889
8.266666666666667
16.233333333333334
4.488888888888889
11.211111111111112
12.622222222222222
15.655555555555555
24.044444444444444
7.066666666666666
5.166666666666667
14.544444444444444
21.38888888888889
6.044444444444444
2.2333333333333334
4.1000000000000005
6.5
10.71111111111111
9.122222222222222
4.4
3.1555555555555554
5.155555555555556
4.444444444444445
6.322222222222223
8.044444444444444
9.655555555555555
8.9
19.166666666666668
8.9
8.322222222222223
9.433333333333334
17.566666666666666
6.677777777777778
9.38888888888889
14.544444444444444
15.822222222222223
7.155555555555556
7.211111111111111
2.488888888888889
3.1555555555555554
17.155555555555555
6.177777777777777
3.4333333333333336
25.288888888888888
10.444444444444445
7.833333333333333
6.488888888888889
3.3777777777777778
5.288888888888889
6.0
10.711111111111112
3.6
10.266666666666667
6.933333333333334
11.377777777777778
2.6777777777777776
7.822222222222222
14.444444444444445
20.9
5.955555555555556
9.555555555555555
8.0
35.733333333333334
10.488888888888889
21.12222222222222
15.288888888888888
8.011111111111111
6.1000000000000005
8.233333333333334
13.822222222222223
15.211111111111112
14.322222222222223
19.555555555555557
17.211111111111112
7.155555555555556
29.51111111111111
18.622222222222224
26.71111111111111
5.122222222222223
12.9
7.822222222222222
15.433333333333334
8.622222222222222
4.5
16.544444444444444
8.666666666666666
18.4
22.711111111111112
9.877777777777778
10.488888888888889
23.288888888888888
27.655555555555555
6.766666666666667
5.511111111111111
18.27777777777778
10.677777777777777
10.666666666666666
7.733333333333333
18.62222222222222
11.733333333333333
28.099999999999998
15.155555555555555
5.877777777777778
11.955555555555556
6.177777777777778
10.933333333333334
12.177777777777777
3.3444444444444446
17.333333333333332
12.488888888888889
15.955555555555556
11.833333333333334
22.01111111111111
9.066666666666666
4.544444444444444
7.788888888888889
30.544444444444444
25.788888888888888
8.1
16.48888888888889
18.177777777777777
21.37777777777778
15.822222222222223
5.166666666666667
23.211111111111112
5.066666666666666
19.344444444444445
13.211111111111112
18.944444444444443
25.12222222222222
11.788888888888888
14.844444444444445
3.1666666666666665
44.93333333333333
4.844444444444444
4.888888888888889
16.177777777777777
13.344444444444445
3.3333333333333335
15.211111111111112
8.711111111111112
7.211111111111111
7.733333333333333
9.11111111111111
5.955555555555556
15.155555555555557
3.788888888888889
5.388888888888889
15.066666666666666
7.6000000000000005
10.233333333333333
17.288888888888888
11.733333333333333
12.455555555555556
3.655555555555556
8.1
6.266666666666667
9.433333333333334
8.677777777777777
5.155555555555556
9.655555555555555
16.933333333333334
14.322222222222223
5.611111111111111
13.555555555555555
39.37777777777777
2.988888888888889
3.8333333333333335
2.9
7.511111111111111
12.055555555555555
13.733333333333333
8.1
13.733333333333333
16.1
15.877777777777778
3.7333333333333334
1.0666666666666667
5.822222222222222
14.233333333333333
4.711111111111111
7.555555555555555
10.4
8.233333333333334
3.8777777777777778
11.877777777777778
6.322222222222223
15.788888888888888
6.444444444444445
17.6
5.122222222222223
6.488888888888889
7.155555555555556
10.844444444444445
7.955555555555555
11.377777777777778
8.4
6.4
25.377777777777776
9.733333333333334
12.622222222222222
10.711111111111112
12.71111111111111
9.28888888888889
11.211111111111112
23.211111111111112
13.61111111111111
22.711111111111112
7.388888888888889
12.233333333333333
9.733333333333334
8.766666666666667
7.655555555555556
5.433333333333334
12.88888888888889
8.844444444444445
7.066666666666666
5.655555555555556
7.611111111111111
12.988888888888889
7.122222222222223
17.788888888888888
3.9555555555555557
8.266666666666667
8.488888888888889
4.666666666666667
6.1000000000000005
10.944444444444445
8.444444444444445
18.933333333333334
13.822222222222223
6.933333333333334
9.955555555555556
3.3777777777777778
18.666666666666668
12.233333333333333
8.055555555555555
3.511111111111111
14.011111111111111
20.766666666666666
8.1
10.766666666666667
9.377777777777778
8.544444444444444
6.0
12.322222222222223
6.4
12.177777777777777
21.12222222222222
15.11111111111111
20.177777777777777
14.4
10.933333333333334
2.9444444444444446
5.344444444444444
5.511111111111111
9.777777777777779
6.455555555555556
4.711111111111111
2.988888888888889
9.155555555555555
8.488888888888889
3.2111111111111112
8.944444444444445
1.1555555555555557
18.177777777777777
9.122222222222222
5.777777777777778
6.177777777777778
8.177777777777777
4.488888888888889
11.11111111111111
7.066666666666666
5.566666666666666
23.12222222222222
6.488888888888889
6.5
15.333333333333334
22.322222222222223
14.677777777777777
2.8444444444444446
10.233333333333333
19.51111111111111
8.488888888888889
1.5999999999999999
9.6
3.1222222222222222
8.177777777777777
5.788888888888889
7.433333333333334
9.344444444444445
5.388888888888889
13.733333333333333
6.455555555555556
12.177777777777777
8.622222222222222
13.61111111111111
1.8222222222222222
5.155555555555556
16.044444444444444
12.622222222222222
10.677777777777777
18.322222222222223
7.377777777777778
9.833333333333334
4.711111111111111
11.11111111111111
8.666666666666666
1.0666666666666667
4.944444444444445
0.26666666666666666
2.5
11.955555555555556
2.6666666666666665
15.211111111111112
10.622222222222222
16.766666666666666
18.933333333333334
13.288888888888888
9.28888888888889
12.044444444444444
11.377777777777778
